5.2632e-05,2.1507,0.086179,0,0,4.5038
0.00010526,2.1507,0.08618,-3.3751e-11,0.021143,4.5143
0.00015789,2.1507,0.086181,-4.2188e-11,0.019821,4.5213
0.00021053,2.1507,0.086182,0,0.018528,4.5163
0.00026316,2.1507,0.086183,8.4377e-12,0.017263,4.5191
0.00031579,2.1507,0.086184,8.4377e-12,0.016027,4.5217
0.00036842,2.1507,0.086185,1.6875e-11,0.01482,4.5135
0.00042105,2.1507,0.086186,8.4377e-12,0.013641,4.5128
0.00047368,2.1507,0.086186,8.4377e-12,0.01249,4.5193
0.00052632,2.1507,0.086187,0,0.011369,4.5113
0.00057895,2.1507,0.086188,-8.4377e-12,0.010275,4.5111
0.00063158,2.1507,0.086188,-8.4377e-12,0.0092108,4.5248
0.00068421,2.1507,0.086188,-8.4377e-12,0.0081748,4.5209
0.00073684,2.1507,0.086189,0,0.0071674,4.5136
0.00078947,2.1507,0.086189,-8.4377e-12,0.0061886,4.5262
0.00084211,2.1507,0.086189,0,0.0052383,4.5185
0.00089474,2.1507,0.08619,0,0.0043167,4.5105
0.00094737,2.1507,0.08619,1.6875e-11,0.0034237,4.5183
0.001,2.1507,0.08619,-8.4377e-12,0.0025592,4.5192
0.0010526,2.1507,0.08619,0,0.0017234,4.512
0.0011053,2.1507,0.08619,0,0.00091609,4.5231
0.0011579,2.1507,0.08619,-8.4377e-12,0.00013741,4.5396
0.0012105,2.1507,0.08619,0,-0.00061268,4.5277
0.0012632,2.1507,0.08619,0,-0.0013342,4.524
0.0013158,2.1507,0.08619,-8.4377e-12,-0.0020271,4.5348
0.0013684,2.1507,0.08619,8.4377e-12,-0.0026914,4.5281
0.0014211,2.1507,0.08619,0,-0.0033271,4.5212
0.0014737,2.1507,0.086189,0,-0.0039343,4.5261
0.0015263,2.1507,0.086189,8.4377e-12,-0.0045128,4.528
0.0015789,2.1507,0.086189,-8.4377e-12,-0.0050628,4.5177
0.0016316,2.1507,0.086189,8.4377e-12,-0.0055841,4.5236
0.0016842,2.1507,0.086188,0,-0.0060769,4.5307
0.0017368,2.1507,0.086188,0,-0.0065411,4.5256
0.0017895,2.1507,0.086188,0,-0.0069767,4.5337
0.0018421,2.1507,0.086187,8.4377e-12,-0.0073837,4.5334
0.0018947,2.1507,0.086187,0,-0.0077621,4.5253
0.0019474,2.1507,0.086186,0,-0.0081119,4.5218
0.002,2.1507,0.086186,-8.4377e-12,-0.0084331,4.53
0.0020526,2.1507,0.086185,8.4377e-12,-0.0087258,4.5215
0.0021053,2.1507,0.086185,-8.4377e-12,-0.0089898,4.5226
0.0021579,2.1507,0.086184,0,-0.0092253,4.5391
0.0022105,2.1507,0.086184,8.4377e-12,-0.0094321,4.5304
0.0022632,2.1507,0.086183,-1.6875e-11,-0.0096104,4.5291
0.0023158,2.1507,0.086183,-8.4377e-12,-0.0097601,4.5423
0.0023684,2.1507,0.086182,0,-0.0098812,4.5347
0.0024211,2.1507,0.086182,8.4377e-12,-0.0099737,4.53
0.0024737,2.1507,0.086181,0,-0.010038,4.5324
0.0025263,2.1507,0.086181,8.4377e-12,-0.010073,4.5401
0.0025789,2.1507,0.08618,-8.4377e-12,-0.01008,4.5216
0.0026316,2.1507,0.08618,8.4377e-12,-0.010058,4.5286
0.0026842,2.1507,0.086179,0,-0.010007,4.5439
0.0027368,2.1507,0.086179,0,-0.0099283,4.54
0.0027895,2.1507,0.086178,0,-0.0098207,4.5329
0.0028421,2.1507,0.086178,0,-0.0096845,4.5475
0.0028947,2.1507,0.086177,-8.4377e-12,-0.0095197,4.5415
0.0029474,2.1507,0.086177,-8.4377e-12,-0.0093263,4.5373
0.003,2.1507,0.086176,0,-0.0091043,4.5373
0.0030526,2.1507,0.086176,0,-0.0088537,4.5337
0.0031053,2.1507,0.086175,8.4377e-12,-0.0085745,4.5295
0.0031579,2.1507,0.086175,8.4377e-12,-0.0082668,4.5392
0.0032105,2.1507,0.086174,-8.4377e-12,-0.0079304,4.5464
0.0032632,2.1507,0.086174,0,-0.0075655,4.5392
0.0033158,2.1507,0.086174,0,-0.0071719,4.5469
0.0033684,2.1507,0.086173,0,-0.0067498,4.5527
0.0034211,2.1507,0.086173,-8.4377e-12,-0.0062991,4.5385
0.0034737,2.1507,0.086173,8.4377e-12,-0.0058198,4.5363
0.0035263,2.1507,0.086172,-8.4377e-12,-0.0053119,4.5344
0.0035789,2.1507,0.086172,8.4377e-12,-0.0047754,4.5263
0.0036316,2.1507,0.086172,-8.4377e-12,-0.0042103,4.5176
0.0036842,2.1507,0.086172,0,-0.0036167,4.5259
0.0037368,2.1507,0.086172,-8.4377e-12,-0.0029944,4.5209
0.0037895,2.1507,0.086171,8.4377e-12,-0.0023436,4.5124
0.0038421,2.1507,0.086171,-8.4377e-12,-0.0016641,4.5193
0.0038947,2.1507,0.086171,1.6875e-11,-0.00095609,4.5177
0.0039474,2.1507,0.086171,0,-0.00021947,4.5043
0.004,2.1507,0.086171,0,0.00054574,4.5103
0.0040526,2.1507,0.086171,-8.4377e-12,0.0013395,4.5075
0.0041053,2.1507,0.086172,0,0.0021619,4.4961
0.0041579,2.1507,0.086172,0,0.0030129,4.4967
0.0042105,2.1507,0.086172,-8.4377e-12,0.0038925,4.509
0.0042632,2.1507,0.086172,8.4377e-12,0.0048007,4.5044
0.0043158,2.1507,0.086172,0,0.0057374,4.5
0.0043684,2.1507,0.086173,8.4377e-12,0.0067028,4.512
0.0044211,2.1507,0.086173,0,0.0076967,4.498
0.0044737,2.1507,0.086174,0,0.0087192,4.4946
0.0045263,2.1507,0.086174,-8.4377e-12,0.0097703,4.4982
0.0045789,2.1507,0.086175,0,0.01085,4.4916
0.0046316,2.1507,0.086175,-8.4377e-12,0.011958,4.4858
0.0046842,2.1507,0.086176,0,0.013095,4.4943
0.0047368,2.1507,0.086177,8.4377e-12,0.014261,4.4961
0.0047895,2.1507,0.086178,0,0.015455,4.4943
0.0048421,2.1507,0.086178,8.4377e-12,0.015743,4.498
0.0048947,2.1507,0.086179,0,0.017581,4.504
0.0049474,2.1507,0.08618,0,0.020585,4.4949
0.005,2.1507,0.086182,0,0.024353,4.4956
0.0050526,2.1507,0.086183,0,0.028463,4.5027
0.0051053,2.1507,0.086185,0,0.03248,4.4994
0.0051579,2.1507,0.086187,0,0.035946,4.4947
0.0052105,2.1507,0.086189,0,0.03839,4.5037
0.0052632,2.1507,0.086191,0,0.039321,4.501
0.0053158,2.1507,0.086193,0,0.041169,4.4998
0.0053684,2.1507,0.086195,0,0.043035,4.5075
0.0054211,2.1507,0.086198,0,0.044918,4.5118
0.0054737,2.1507,0.0862,0,0.046815,4.5029
0.0055263,2.1507,0.086203,0,0.048727,4.5056
0.0055789,2.1507,0.086205,0,0.050652,4.503
0.0056316,2.1507,0.086208,0,0.052587,4.4953
0.0056842,2.1507,0.086211,0,0.054533,4.5018
0.0057368,2.1507,0.086214,0,0.056487,4.5121
0.0057895,2.1507,0.086217,0,0.058383,4.5091
0.0058421,2.1507,0.08622,0,0.060398,4.5129
0.0058947,2.1507,0.086224,0,0.062493,4.5213
0.0059474,2.1507,0.086227,0,0.064631,4.5139
0.006,2.1507,0.08623,0,0.066714,4.5046
0.0060526,2.1507,0.086234,0,0.068882,4.5154
0.0061053,2.1507,0.086238,0,0.071067,4.5116
0.0061579,2.1507,0.086242,0,0.073207,4.5079
0.0062105,2.1507,0.086246,0,0.07524,4.5208
0.0062632,2.1507,0.08625,0,0.077314,4.5248
0.0063158,2.1507,0.086254,0,0.07933,4.5207
0.0063684,2.1507,0.086258,0,0.081258,4.5283
0.0064211,2.1507,0.086263,0,0.083073,4.5351
0.0064737,2.1507,0.086267,0,0.084948,4.5312
0.0065263,2.1507,0.086272,0,0.086817,4.5382
0.0065789,2.1507,0.086276,0,0.088677,4.5408
0.0066316,2.1507,0.086281,0,0.090528,4.5375
0.0066842,2.1507,0.086286,0,0.092368,4.5333
0.0067368,2.1507,0.086291,0,0.094197,4.5428
0.0067895,2.1507,0.086296,0,0.096014,4.5398
0.0068421,2.1507,0.086301,0,0.097817,4.5339
0.0068947,2.1507,0.086306,0,0.099606,4.5475
0.0069474,2.1507,0.086312,0,0.10138,4.5537
0.007,2.1507,0.086317,0,0.10314,4.5442
0.0070526,2.1507,0.086323,0,0.10488,4.5493
0.0071053,2.1507,0.086328,0,0.1066,4.5461
0.0071579,2.1507,0.086334,0,0.1083,4.5392
0.0072105,2.1507,0.08634,0,0.10998,4.5397
0.0072632,2.1507,0.086346,0,0.11165,4.5486
0.0073158,2.1507,0.086352,0,0.11329,4.5456
0.0073684,2.1507,0.086358,0,0.11491,4.5492
0.0074211,2.1507,0.086364,0,0.1165,4.5617
0.0074737,2.1507,0.08637,0,0.11807,4.5537
0.0075263,2.1507,0.086376,0,0.11962,4.5498
0.0075789,2.1507,0.086383,0,0.12113,4.5597
0.0076316,2.1507,0.086389,0,0.12263,4.5553
0.0076842,2.1507,0.086396,0,0.12409,4.5431
0.0077368,2.1507,0.086402,0,0.12553,4.5547
0.0077895,2.1507,0.086409,0,0.12693,4.5622
0.0078421,2.1507,0.086416,0,0.12831,4.5555
0.0078947,2.1507,0.086422,0,0.12966,4.5603
0.0079474,2.1507,0.086429,0,0.13097,4.5655
0.008,2.1507,0.086436,0,0.13225,4.5616
0.0080526,2.1507,0.086443,0,0.1335,4.558
0.0081053,2.1507,0.08645,0,0.13472,4.5648
0.0081579,2.1507,0.086458,0,0.1359,4.5544
0.0082105,2.1507,0.086465,0,0.13704,4.5552
0.0082632,2.1507,0.086472,0,0.13815,4.5668
0.0083158,2.1507,0.086479,0,0.13922,4.5583
0.0083684,2.1507,0.086487,0,0.14026,4.5605
0.0084211,2.1507,0.086494,0,0.14125,4.5771
0.0084737,2.1507,0.086502,0,0.14221,4.5702
0.0085263,2.1507,0.086509,0,0.14313,4.5635
0.0085789,2.1507,0.086517,0,0.144,4.5783
0.0086316,2.1507,0.086524,0,0.14484,4.5726
0.0086842,2.1507,0.086532,0,0.14564,4.5642
0.0087368,2.1507,0.08654,0,0.14639,4.5674
0.0087895,2.1507,0.086548,0,0.1471,4.5735
0.0088421,2.1507,0.086555,0,0.14776,4.5614
0.0088947,2.1507,0.086563,0,0.14838,4.5676
0.0089474,2.1507,0.086571,0,0.14896,4.5818
0.009,2.1507,0.086579,0,0.14949,4.5667
0.0090526,2.1507,0.086587,0,0.14998,4.5681
0.0091053,2.1507,0.086595,0,0.15041,4.579
0.0091579,2.1507,0.086603,0,0.1508,4.567
0.0092105,2.1507,0.086611,0,0.15115,4.5521
0.0092632,2.1507,0.086618,0,0.15144,4.5661
0.0093158,2.1507,0.086626,0,0.15168,4.5668
0.0093684,2.1507,0.086634,0,0.15188,4.5542
0.0094211,2.1507,0.086642,0,0.15202,4.5624
0.0094737,2.1507,0.08665,0,0.15212,4.5739
0.0095263,2.1507,0.086658,0,0.15216,4.5583
0.0095789,2.1507,0.086666,0,0.15215,4.5631
0.0096316,2.1507,0.086674,0,0.15208,4.5663
0.0096842,2.1507,0.086682,0,0.15197,4.5559
0.0097368,2.1507,0.08669,0,0.1518,4.5562
0.0097895,2.1507,0.086698,0,0.15157,4.5626
0.0098421,2.1507,0.086706,0,0.15129,4.5573
0.0098947,2.1507,0.086714,0,0.15096,4.5563
0.0099474,2.1507,0.086722,0,0.15057,4.5648
0.01,2.1507,0.08673,0,0.15012,4.5673
0.010053,2.1507,0.086738,0,0.14961,4.5531
0.010105,2.1507,0.086746,0,0.14905,4.5632
0.010158,2.1507,0.086754,0,0.14843,4.5583
0.010211,2.1507,0.086761,0,0.14775,4.5476
0.010263,2.1507,0.086769,0,0.14701,4.5458
0.010316,2.1507,0.086777,0,0.14621,4.5539
0.010368,2.1507,0.086785,0,0.14536,4.5506
0.010421,2.1507,0.086792,0,0.14444,4.5588
0.010474,2.1507,0.0868,0,0.14346,4.5646
0.010526,2.1507,0.086807,0,0.14242,4.5571
0.010579,2.1507,0.086815,0,0.14131,4.5525
0.010632,2.1507,0.086822,0,0.13989,4.5572
0.010684,2.1507,0.086829,8.4377e-12,0.13882,4.5509
0.010737,2.1507,0.086837,0,0.138,4.5446
0.010789,2.1507,0.086844,0,0.13733,4.5488
0.010842,2.1507,0.086851,0,0.13667,4.5533
0.010895,2.1507,0.086858,0,0.13588,4.5443
0.010947,2.1507,0.086865,0,0.1349,4.5517
0.011,2.1507,0.086872,0,0.13366,4.5603
0.011053,2.1507,0.086879,0,0.13208,4.5486
0.011105,2.1507,0.086886,0,0.13071,4.5533
0.011158,2.1507,0.086893,0,0.12937,4.5602
0.011211,2.1507,0.0869,0,0.12792,4.55
0.011263,2.1507,0.086906,0,0.12635,4.5446
0.011316,2.1507,0.086913,0,0.12463,4.5508
0.011368,2.1507,0.086919,0,0.12284,4.5444
0.011421,2.1507,0.086926,0,0.12096,4.5394
0.011474,2.1507,0.086932,0,0.11914,4.5499
0.011526,2.1507,0.086938,0,0.11747,4.5559
0.011579,2.1507,0.086944,0,0.11579,4.549
0.011632,2.1507,0.08695,0,0.11395,4.5587
0.011684,2.1507,0.086956,0,0.11228,4.5546
0.011737,2.1507,0.086962,0,0.11084,4.5443
0.011789,2.1507,0.086968,0,0.1095,4.5476
0.011842,2.1507,0.086973,0,0.10849,4.5489
0.011895,2.1507,0.086979,0,0.10781,4.5398
0.011947,2.1507,0.086985,0,0.10714,4.5505
0.012,2.1507,0.08699,0,0.10627,4.5603
0.012053,2.1507,0.086996,-8.4377e-12,0.10552,4.5609
0.012105,2.1507,0.087001,0,0.10468,4.5659
0.012158,2.1507,0.087007,0,0.10384,4.5783
0.012211,2.1507,0.087012,0,0.10283,4.5723
0.012263,2.1507,0.087018,0,0.10179,4.566
0.012316,2.1507,0.087023,0,0.10058,4.5793
0.012368,2.1507,0.087028,0,0.099115,4.5783
0.012421,2.1507,0.087033,-8.4377e-12,0.097718,4.576
0.012474,2.1507,0.087038,0,0.096864,4.578
0.012526,2.1507,0.087043,0,0.096141,4.5951
0.012579,2.1507,0.087049,0,0.095821,4.5854
0.012632,2.1507,0.087054,0,0.095507,4.5857
0.012684,2.1507,0.087059,0,0.095122,4.5982
0.012737,2.1507,0.087064,0,0.094382,4.5863
0.012789,2.1507,0.087068,0,0.093576,4.5857
0.012842,2.1507,0.087073,0,0.092509,4.596
0.012895,2.1507,0.087078,0,0.091517,4.5863
0.012947,2.1507,0.087083,8.4377e-12,0.09067,4.5839
0.013,2.1507,0.087088,0,0.090062,4.5916
0.013053,2.1507,0.087092,0,0.089274,4.5914
0.013105,2.1507,0.087097,0,0.088607,4.5902
0.013158,2.1507,0.087102,0,0.087451,4.5963
0.013211,2.1507,0.087106,0,0.086442,4.593
0.013263,2.1507,0.087111,0,0.085188,4.5863
0.013316,2.1507,0.087115,0,0.083944,4.5901
0.013368,2.1507,0.087119,0,0.082926,4.5932
0.013421,2.1507,0.087124,0,0.082082,4.5822
0.013474,2.1507,0.087128,0,0.081158,4.5828
0.013526,2.1507,0.087132,0,0.080349,4.5935
0.013579,2.1507,0.087136,0,0.079302,4.5949
0.013632,2.1507,0.087141,-8.4377e-12,0.07838,4.5882
0.013684,2.1507,0.087145,0,0.077557,4.5926
0.013737,2.1507,0.087149,0,0.07651,4.5857
0.013789,2.1507,0.087153,0,0.075562,4.5791
0.013842,2.1507,0.087157,-8.4377e-12,0.074525,4.5806
0.013895,2.1507,0.08716,0,0.073352,4.5768
0.013947,2.1507,0.087164,0,0.072072,4.5702
0.014,2.1507,0.087168,0,0.070806,4.5821
0.014053,2.1507,0.087172,0,0.069763,4.5849
0.014105,2.1507,0.087175,0,0.069137,4.5769
0.014158,2.1507,0.087179,0,0.068435,4.58
0.014211,2.1507,0.087182,0,0.067991,4.5812
0.014263,2.1507,0.087186,0,0.067551,4.5628
0.014316,2.1507,0.08719,0,0.067065,4.5629
0.014368,2.1507,0.087193,0,0.066561,4.5684
0.014421,2.1507,0.087196,0,0.066,4.5628
0.014474,2.1507,0.0872,0,0.065489,4.5581
0.014526,2.1507,0.087203,-8.4377e-12,0.064868,4.5703
0.014579,2.1507,0.087207,0,0.064131,4.5716
0.014632,2.1507,0.08721,0,0.063278,4.5597
0.014684,2.1507,0.087213,0,0.062382,4.5679
0.014737,2.1507,0.087217,0,0.061516,4.5662
0.014789,2.1507,0.08722,-8.4377e-12,0.060783,4.5496
0.014842,2.1507,0.087223,0,0.060069,4.5491
0.014895,2.1507,0.087226,0,0.059385,4.546
0.014947,2.1507,0.087229,0,0.058585,4.5407
0.015,2.1507,0.087232,0,0.057799,4.5448
0.015053,2.1507,0.087235,-8.4377e-12,0.056999,4.5553
0.015105,2.1507,0.087238,0,0.056233,4.5463
0.015158,2.1507,0.087241,0,0.055395,4.5397
0.015211,2.1507,0.087244,-8.4377e-12,0.054482,4.5513
0.015263,2.1507,0.087247,0,0.05352,4.5358
0.015316,2.1507,0.08725,0,0.052427,4.5375
0.015368,2.1507,0.087252,0,0.051329,4.5413
0.015421,2.1507,0.087255,0,0.050311,4.5362
0.015474,2.1507,0.087257,0,0.049452,4.5241
0.015526,2.1507,0.08726,0,0.048717,4.5356
0.015579,2.1507,0.087263,-8.4377e-12,0.047979,4.5404
0.015632,2.1507,0.087265,0,0.047232,4.5243
0.015684,2.1507,0.087267,-8.4377e-12,0.046528,4.535
0.015737,2.1507,0.08727,0,0.045839,4.5363
0.015789,2.1507,0.087272,0,0.045023,4.5291
0.015842,2.1507,0.087275,0,0.044109,4.5178
0.015895,2.1507,0.087277,0,0.043124,4.5243
0.015947,2.1507,0.087279,0,0.042169,4.5243
0.016,2.1507,0.087281,0,0.041098,4.5224
0.016053,2.1507,0.087283,-8.4377e-12,0.039972,4.5275
0.016105,2.1507,0.087285,0,0.038922,4.5247
0.016158,2.1507,0.087287,0,0.037899,4.5228
0.016211,2.1507,0.087289,0,0.036681,4.5368
0.016263,2.1507,0.087291,-8.4377e-12,0.035292,4.533
0.016316,2.1507,0.087293,0,0.033786,4.5237
0.016368,2.1507,0.087295,0,0.03232,4.5287
0.016421,2.1507,0.087296,0,0.03087,4.5285
0.016474,2.1507,0.087298,0,0.029521,4.5156
0.016526,2.1507,0.087299,0,0.028426,4.5207
0.016579,2.1507,0.087301,0,0.027436,4.5287
0.016632,2.1507,0.087302,0,0.026457,4.5173
0.016684,2.1507,0.087304,0,0.025386,4.5156
0.016737,2.1507,0.087305,0,0.024184,4.5263
0.016789,2.1507,0.087306,-8.4377e-12,0.022968,4.5145
0.016842,2.1507,0.087307,0,0.021818,4.5123
0.016895,2.1507,0.087308,0,0.020706,4.5177
0.016947,2.1507,0.087309,-8.4377e-12,0.019726,4.5168
0.017,2.1507,0.08731,0,0.018829,4.5088
0.017053,2.1507,0.087311,0,0.017989,4.515
0.017105,2.1507,0.087312,8.4377e-12,0.017164,4.5262
0.017158,2.1507,0.087313,0,0.016298,4.518
0.017211,2.1507,0.087314,-8.4377e-12,0.015426,4.5188
0.017263,2.1507,0.087315,0,0.01455,4.528
0.017316,2.1507,0.087315,0,0.013669,4.5217
0.017368,2.1507,0.087316,-8.4377e-12,0.012784,4.5189
0.017421,2.1507,0.087317,0,0.011896,4.5239
0.017474,2.1507,0.087317,0,0.011004,4.5185
0.017526,2.1507,0.087318,0,0.01011,4.5077
0.017579,2.1507,0.087318,0,0.0092137,4.5245
0.017632,2.1507,0.087319,0,0.0083158,4.5244
0.017684,2.1507,0.087319,0,0.0074167,4.5168
0.017737,2.1507,0.087319,0,0.0065169,4.5273
0.017789,2.1507,0.08732,0,0.0056168,4.5257
0.017842,2.1507,0.08732,0,0.0047478,4.523
0.017895,2.1507,0.08732,0,0.0038262,4.5224
0.017947,2.1507,0.08732,0,0.00287,4.5253
0.018,2.1507,0.08732,0,0.0018965,4.5163
0.018053,2.1507,0.08732,-8.4377e-12,0.00092206,4.5201
0.018105,2.1507,0.08732,0,-3.7797e-05,4.5286
0.018158,2.1507,0.08732,0,-0.00096838,4.5196
0.018211,2.1507,0.08732,0,-0.0018558,4.5239
0.018263,2.1507,0.08732,0,-0.002687,4.5318
0.018316,2.1507,0.08732,0,-0.003547,4.5309
0.018368,2.1507,0.08732,0,-0.0044025,4.5216
0.018421,2.1507,0.087319,-8.4377e-12,-0.0052533,4.5225
0.018474,2.1507,0.087319,0,-0.0060987,4.5236
0.018526,2.1507,0.087319,0,-0.0069385,4.52
0.018579,2.1507,0.087318,0,-0.0077721,4.5271
0.018632,2.1507,0.087318,0,-0.0085992,4.532
0.018684,2.1507,0.087317,0,-0.0094193,4.5228
0.018737,2.1507,0.087317,0,-0.010232,4.5338
0.018789,2.1507,0.087316,0,-0.011037,4.5434
0.018842,2.1507,0.087316,0,-0.011834,4.5327
0.018895,2.1507,0.087315,0,-0.012622,4.5311
0.018947,2.1507,0.087314,0,-0.013401,4.5386
0.019,2.1507,0.087313,0,-0.01417,4.5276
0.019053,2.1507,0.087313,0,-0.01493,4.5265
0.019105,2.1507,0.087312,0,-0.015679,4.5399
0.019158,2.1507,0.087311,-8.4377e-12,-0.016418,4.5376
0.019211,2.1507,0.08731,8.4377e-12,-0.017145,4.5336
0.019263,2.1507,0.087309,0,-0.017861,4.5478
0.019316,2.1507,0.087308,0,-0.018565,4.5416
0.019368,2.1507,0.087307,0,-0.019257,4.5322
0.019421,2.1507,0.087306,0,-0.019936,4.5394
0.019474,2.1507,0.087305,0,-0.020602,4.5429
0.019526,2.1507,0.087304,-8.4377e-12,-0.02125,4.5279
0.019579,2.1507,0.087303,0,-0.02189,4.5334
0.019632,2.1507,0.087302,0,-0.022522,4.5455
0.019684,2.1507,0.0873,0,-0.023147,4.5362
0.019737,2.1507,0.087299,0,-0.023765,4.5342
0.019789,2.1507,0.087298,0,-0.02437,4.5449
0.019842,2.1507,0.087297,0,-0.024954,4.5411
0.019895,2.1507,0.087295,0,-0.025513,4.5398
0.019947,2.1507,0.087294,0,-0.026049,4.5451
0.02,2.1507,0.087292,0,-0.026573,4.5465
0.020053,2.1507,0.087291,0,-0.027083,4.5308
0.020105,2.1507,0.08729,0,-0.027576,4.5379
0.020158,2.1507,0.087288,-8.4377e-12,-0.028057,4.5371
0.020211,2.1507,0.087287,8.4377e-12,-0.028525,4.5254
0.020263,2.1507,0.087285,-8.4377e-12,-0.028973,4.53
0.020316,2.1507,0.087283,0,-0.029395,4.5293
0.020368,2.1507,0.087282,0,-0.029796,4.5172
0.020421,2.1507,0.08728,0,-0.030171,4.5117
0.020474,2.1507,0.087279,0,-0.03052,4.5157
0.020526,2.1507,0.087277,0,-0.030841,4.5097
0.020579,2.1507,0.087275,0,-0.031138,4.4941
0.020632,2.1507,0.087274,0,-0.03142,4.504
0.020684,2.1507,0.087272,0,-0.031691,4.4971
0.020737,2.1507,0.08727,0,-0.031939,4.4971
0.020789,2.1507,0.087269,0,-0.032161,4.5046
0.020842,2.1507,0.087267,0,-0.032307,4.5054
0.020895,2.1507,0.087265,0,-0.032449,4.4965
0.020947,2.1507,0.087264,0,-0.032641,4.499
0.021,2.1507,0.087262,-8.4377e-12,-0.032968,4.5032
0.021053,2.1507,0.08726,0,-0.03334,4.4883
0.021105,2.1507,0.087258,0,-0.033825,4.492
0.021158,2.1507,0.087257,0,-0.034293,4.5041
0.021211,2.1507,0.087255,-8.4377e-12,-0.034728,4.4952
0.021263,2.1507,0.087253,0,-0.035093,4.4998
0.021316,2.1507,0.087251,0,-0.03547,4.5048
0.021368,2.1507,0.087249,0,-0.035944,4.4985
0.021421,2.1507,0.087247,0,-0.036482,4.4922
0.021474,2.1507,0.087245,0,-0.036936,4.4955
0.021526,2.1507,0.087243,0,-0.037338,4.4938
0.021579,2.1507,0.087241,0,-0.037557,4.4893
0.021632,2.1507,0.087239,0,-0.037595,4.5019
0.021684,2.1507,0.087237,0,-0.037553,4.5082
0.021737,2.1507,0.087235,0,-0.037536,4.4999
0.021789,2.1507,0.087233,0,-0.037699,4.5079
0.021842,2.1507,0.087231,0,-0.037848,4.5149
0.021895,2.1507,0.087229,-8.4377e-12,-0.038114,4.5028
0.021947,2.1507,0.087227,8.4377e-12,-0.038469,4.5035
0.022,2.1507,0.087225,-8.4377e-12,-0.038867,4.5079
0.022053,2.1507,0.087223,8.4377e-12,-0.039279,4.5067
0.022105,2.1507,0.087221,0,-0.039677,4.4993
0.022158,2.1507,0.087219,0,-0.04001,4.5103
0.022211,2.1507,0.087217,0,-0.040244,4.5055
0.022263,2.1507,0.087215,-8.4377e-12,-0.040225,4.503
0.022316,2.1507,0.087213,0,-0.040114,4.5165
0.022368,2.1507,0.087211,-8.4377e-12,-0.039809,4.5194
0.022421,2.1507,0.087209,0,-0.039582,4.5113
0.022474,2.1507,0.087206,0,-0.03947,4.5171
0.022526,2.1507,0.087204,0,-0.039352,4.518
0.022579,2.1507,0.087202,0,-0.039302,4.5041
0.022632,2.1507,0.0872,0,-0.039179,4.5063
0.022684,2.1507,0.087198,0,-0.03906,4.5182
0.022737,2.1507,0.087196,0,-0.039027,4.5108
0.022789,2.1507,0.087194,0,-0.039014,4.5164
0.022842,2.1507,0.087192,0,-0.0392,4.5273
0.022895,2.1507,0.08719,0,-0.039398,4.5266
0.022947,2.1507,0.087188,0,-0.03967,4.524
0.023,2.1507,0.087186,0,-0.039912,4.5289
0.023053,2.1507,0.087184,0,-0.040012,4.5249
0.023105,2.1507,0.087182,0,-0.039946,4.5175
0.023158,2.1507,0.087179,0,-0.039905,4.5359
0.023211,2.1507,0.087177,0,-0.039849,4.5355
0.023263,2.1507,0.087175,0,-0.039777,4.5263
0.023316,2.1507,0.087173,0,-0.039731,4.5369
0.023368,2.1507,0.087171,0,-0.039774,4.5429
0.023421,2.1507,0.087169,0,-0.039711,4.5331
0.023474,2.1507,0.087167,-8.4377e-12,-0.039552,4.5392
0.023526,2.1507,0.087165,0,-0.039112,4.5386
0.023579,2.1507,0.087163,0,-0.038606,4.5332
0.023632,2.1507,0.087161,0,-0.038067,4.5306
0.023684,2.1507,0.087159,0,-0.037533,4.5363
0.023737,2.1507,0.087157,0,-0.037188,4.5359
0.023789,2.1507,0.087155,0,-0.037011,4.5322
0.023842,2.1507,0.087153,0,-0.036861,4.5454
0.023895,2.1507,0.087151,0,-0.03665,4.5514
0.023947,2.1507,0.087149,0,-0.036375,4.5415
0.024,2.1507,0.087147,0,-0.03612,4.5539
0.024053,2.1507,0.087145,0,-0.035954,4.5547
0.024105,2.1507,0.087143,0,-0.035784,4.5411
0.024158,2.1507,0.087142,0,-0.035747,4.5395
0.024211,2.1507,0.08714,0,-0.035825,4.5513
0.024263,2.1507,0.087138,0,-0.035886,4.5433
0.024316,2.1507,0.087136,0,-0.035959,4.5436
0.024368,2.1507,0.087134,0,-0.035996,4.5565
0.024421,2.1507,0.087132,0,-0.036109,4.557
0.024474,2.1507,0.08713,0,-0.036132,4.5544
0.024526,2.1507,0.087128,0,-0.036047,4.5674
0.024579,2.1507,0.087126,0,-0.035847,4.5583
0.024632,2.1507,0.087125,0,-0.035602,4.5529
0.024684,2.1507,0.087123,-8.4377e-12,-0.035381,4.5613
0.024737,2.1507,0.087121,0,-0.035297,4.5623
0.024789,2.1507,0.087119,0,-0.035244,4.5589
0.024842,2.1507,0.087117,0,-0.035237,4.5646
0.024895,2.1507,0.087115,0,-0.035127,4.5733
0.024947,2.1507,0.087113,0,-0.03504,4.5624
0.025,2.1507,0.087112,0,-0.034948,4.5696
0.025053,2.1507,0.08711,8.4377e-12,-0.034901,4.5781
0.025105,2.1507,0.087108,0,-0.034792,4.5665
0.025158,2.1507,0.087106,-8.4377e-12,-0.034611,4.5681
0.025211,2.1507,0.087104,0,-0.034377,4.5807
0.025263,2.1507,0.087103,0,-0.033999,4.5749
0.025316,2.1507,0.087101,0,-0.033596,4.5695
0.025368,2.1507,0.087099,0,-0.033255,4.581
0.025421,2.1507,0.087097,0,-0.033068,4.5812
0.025474,2.1507,0.087096,0,-0.033014,4.5711
0.025526,2.1507,0.087094,-8.4377e-12,-0.032976,4.5818
0.025579,2.1507,0.087092,0,-0.032945,4.5825
0.025632,2.1507,0.08709,-8.4377e-12,-0.032979,4.5655
0.025684,2.1507,0.087089,0,-0.03298,4.5656
0.025737,2.1507,0.087087,0,-0.032986,4.5752
0.025789,2.1507,0.087085,0,-0.032994,4.5598
0.025842,2.1507,0.087083,8.4377e-12,-0.033007,4.5614
0.025895,2.1507,0.087082,0,-0.033021,4.5694
0.025947,2.1507,0.08708,0,-0.033041,4.5682
0.026,2.1507,0.087078,0,-0.033067,4.559
0.026053,2.1507,0.087076,-8.4377e-12,-0.033169,4.568
0.026105,2.1507,0.087075,0,-0.03323,4.5657
0.026158,2.1507,0.087073,0,-0.033165,4.5539
0.026211,2.1507,0.087071,0,-0.03288,4.5595
0.026263,2.1507,0.08707,0,-0.03237,4.5578
0.026316,2.1507,0.087068,0,-0.031745,4.5526
0.026368,2.1507,0.087066,0,-0.031156,4.5603
0.026421,2.1507,0.087065,0,-0.030628,4.5622
0.026474,2.1507,0.087063,0,-0.030332,4.553
0.026526,2.1507,0.087061,0,-0.030135,4.5555
0.026579,2.1507,0.08706,-8.4377e-12,-0.029948,4.5672
0.026632,2.1507,0.087058,0,-0.029664,4.5491
0.026684,2.1507,0.087057,0,-0.029228,4.5442
0.026737,2.1507,0.087055,0,-0.028756,4.5497
0.026789,2.1507,0.087054,0,-0.028326,4.5432
0.026842,2.1507,0.087052,0,-0.027915,4.5388
0.026895,2.1507,0.087051,8.4377e-12,-0.027623,4.5457
0.026947,2.1507,0.087049,0,-0.027415,4.5533
0.027,2.1507,0.087048,0,-0.02727,4.545
0.027053,2.1507,0.087046,0,-0.02715,4.5544
0.027105,2.1507,0.087045,0,-0.026999,4.5528
0.027158,2.1507,0.087044,0,-0.02685,4.5396
0.027211,2.1507,0.087042,-8.4377e-12,-0.026702,4.5388
0.027263,2.1507,0.087041,0,-0.026558,4.5482
0.027316,2.1507,0.087039,0,-0.026419,4.5393
0.027368,2.1507,0.087038,0,-0.026281,4.5405
0.027421,2.1507,0.087037,0,-0.026146,4.5517
0.027474,2.1507,0.087035,0,-0.026018,4.5487
0.027526,2.1507,0.087034,0,-0.025893,4.5415
0.027579,2.1507,0.087033,0,-0.025766,4.5586
0.027632,2.1507,0.087031,0,-0.025643,4.5531
0.027684,2.1507,0.08703,0,-0.025526,4.547
0.027737,2.1507,0.087029,0,-0.02541,4.5515
0.027789,2.1507,0.087027,0,-0.025324,4.5551
0.027842,2.1507,0.087026,0,-0.025181,4.5453
0.027895,2.1507,0.087025,0,-0.025002,4.5553
0.027947,2.1507,0.087023,0,-0.024803,4.5601
0.028,2.1507,0.087022,0,-0.024597,4.5504
0.028053,2.1507,0.087021,0,-0.024404,4.5644
0.028105,2.1507,0.087019,0,-0.024233,4.5684
0.028158,2.1507,0.087018,-8.4377e-12,-0.024096,4.5568
0.028211,2.1507,0.087017,0,-0.024006,4.5519
0.028263,2.1507,0.087016,0,-0.023874,4.5586
0.028316,2.1507,0.087014,0,-0.023743,4.5555
0.028368,2.1507,0.087013,0,-0.023594,4.5455
0.028421,2.1507,0.087012,0,-0.02349,4.5594
0.028474,2.1507,0.087011,0,-0.023392,4.5586
0.028526,2.1507,0.087009,0,-0.023326,4.5521
0.028579,2.1507,0.087008,0,-0.023328,4.5576
0.028632,2.1507,0.087007,0,-0.023361,4.5634
0.028684,2.1507,0.087006,0,-0.023392,4.5548
0.028737,2.1507,0.087005,0,-0.023371,4.5619
0.028789,2.1507,0.087003,0,-0.023303,4.5747
0.028842,2.1507,0.087002,0,-0.023277,4.5665
0.028895,2.1507,0.087001,0,-0.023226,4.5672
0.028947,2.1507,0.087,0,-0.023177,4.5777
0.029,2.1507,0.086998,0,-0.023147,4.5849
0.029053,2.1507,0.086997,0,-0.023067,4.5776
0.029105,2.1507,0.086996,0,-0.022959,4.5887
0.029158,2.1507,0.086995,0,-0.022848,4.5796
0.029211,2.1507,0.086994,0,-0.022767,4.5755
0.029263,2.1507,0.086992,0,-0.022739,4.5801
0.029316,2.1507,0.086991,0,-0.022714,4.5829
0.029368,2.1507,0.08699,0,-0.022667,4.5785
0.029421,2.1507,0.086989,0,-0.022574,4.5913
0.029474,2.1507,0.086988,0,-0.022418,4.597
0.029526,2.1507,0.086986,0,-0.02224,4.5825
0.029579,2.1507,0.086985,0,-0.022072,4.583
0.029632,2.1507,0.086984,0,-0.021896,4.5909
0.029684,2.1507,0.086983,0,-0.021718,4.5794
0.029737,2.1507,0.086982,0,-0.02154,4.574
0.029789,2.1507,0.086981,0,-0.021373,4.5811
0.029842,2.1507,0.08698,0,-0.021225,4.5713
0.029895,2.1507,0.086979,-8.4377e-12,-0.021092,4.5623
0.029947,2.1507,0.086977,0,-0.020964,4.5702
0.03,2.1507,0.086976,0,-0.020838,4.5736
0.030053,2.1507,0.086975,0,-0.020712,4.5727
0.030105,2.1507,0.086974,0,-0.02058,4.5842
0.030158,2.1507,0.086973,0,-0.02044,4.5856
0.030211,2.1507,0.086972,0,-0.020299,4.5705
0.030263,2.1507,0.086971,0,-0.020164,4.5794
0.030316,2.1507,0.08697,0,-0.020031,4.5784
0.030368,2.1507,0.086969,0,-0.019899,4.5679
0.030421,2.1507,0.086968,0,-0.019774,4.5711
0.030474,2.1507,0.086967,0,-0.019651,4.5833
0.030526,2.1507,0.086966,0,-0.01953,4.5767
0.030579,2.1507,0.086965,0,-0.019404,4.5766
0.030632,2.1507,0.086964,0,-0.019267,4.5867
0.030684,2.1507,0.086963,0,-0.019134,4.5796
0.030737,2.1507,0.086962,0,-0.019008,4.5725
0.030789,2.1507,0.086961,0,-0.018888,4.5826
0.030842,2.1507,0.08696,0,-0.018779,4.5782
0.030895,2.1507,0.086959,0,-0.018677,4.5693
0.030947,2.1507,0.086958,0,-0.018579,4.5775
0.031,2.1507,0.086957,0,-0.018476,4.5779
0.031053,2.1507,0.086956,0,-0.018362,4.5718
0.031105,2.1507,0.086955,-8.4377e-12,-0.01824,4.5783
0.031158,2.1507,0.086954,0,-0.018115,4.585
0.031211,2.1507,0.086953,0,-0.017986,4.5637
0.031263,2.1507,0.086952,0,-0.017856,4.5581
0.031316,2.1507,0.086951,0,-0.017724,4.5658
0.031368,2.1507,0.08695,0,-0.017592,4.5591
0.031421,2.1507,0.086949,0,-0.017463,4.5509
0.031474,2.1507,0.086948,0,-0.017336,4.5593
0.031526,2.1507,0.086947,0,-0.017205,4.5625
0.031579,2.1507,0.086947,0,-0.017072,4.5538
0.031632,2.1507,0.086946,0,-0.016936,4.561
0.031684,2.1507,0.086945,0,-0.016795,4.556
0.031737,2.1507,0.086944,0,-0.016629,4.5494
0.031789,2.1507,0.086943,0,-0.016502,4.5549
0.031842,2.1507,0.086942,0,-0.016403,4.5593
0.031895,2.1507,0.086941,0,-0.016319,4.5457
0.031947,2.1507,0.08694,0,-0.016239,4.5396
0.032,2.1507,0.08694,0,-0.016152,4.5538
0.032053,2.1507,0.086939,0,-0.016051,4.5471
0.032105,2.1507,0.086938,0,-0.015924,4.5432
0.032158,2.1507,0.086937,0,-0.015765,4.5498
0.032211,2.1507,0.086936,0,-0.01563,4.5463
0.032263,2.1507,0.086935,0,-0.015497,4.5335
0.032316,2.1507,0.086935,0,-0.015366,4.5324
0.032368,2.1507,0.086934,0,-0.015238,4.5266
0.032421,2.1507,0.086933,0,-0.015111,4.5155
0.032474,2.1507,0.086932,0,-0.014987,4.5242
0.032526,2.1507,0.086931,0,-0.014866,4.5321
0.032579,2.1507,0.086931,0,-0.014746,4.5206
0.032632,2.1507,0.08693,0,-0.014629,4.5232
0.032684,2.1507,0.086929,0,-0.014514,4.5339
0.032737,2.1507,0.086928,0,-0.014401,4.5229
0.032789,2.1507,0.086928,0,-0.014291,4.5176
0.032842,2.1507,0.086927,0,-0.014182,4.518
0.032895,2.1507,0.086926,0,-0.014076,4.5128
0.032947,2.1507,0.086925,0,-0.013972,4.5062
0.033,2.1507,0.086925,0,-0.013871,4.5115
0.033053,2.1507,0.086924,0,-0.013771,4.5094
0.033105,2.1507,0.086923,0,-0.013674,4.5048
0.033158,2.1507,0.086923,0,-0.013579,4.5106
0.033211,2.1507,0.086922,0,-0.013486,4.5083
0.033263,2.1507,0.086921,0,-0.013395,4.5028
0.033316,2.1507,0.08692,0,-0.013306,4.5065
0.033368,2.1507,0.08692,0,-0.01322,4.5034
0.033421,2.1507,0.086919,0,-0.013136,4.4917
0.033474,2.1507,0.086918,0,-0.013054,4.4956
0.033526,2.1507,0.086918,0,-0.012974,4.5058
0.033579,2.1507,0.086917,0,-0.012896,4.4958
0.033632,2.1507,0.086916,0,-0.01282,4.5006
0.033684,2.1507,0.086916,0,-0.012747,4.5101
0.033737,2.1507,0.086915,0,-0.012674,4.5055
0.033789,2.1507,0.086914,0,-0.012606,4.504
0.033842,2.1507,0.086914,0,-0.012541,4.5128
0.033895,2.1507,0.086913,0,-0.01248,4.5028
0.033947,2.1507,0.086912,0,-0.012421,4.4965
0.034,2.1507,0.086912,0,-0.012363,4.5086
0.034053,2.1507,0.086911,0,-0.012309,4.5105
0.034105,2.1507,0.08691,0,-0.012214,4.5038
0.034158,2.1507,0.08691,0,-0.012179,4.5103
0.034211,2.1507,0.086909,0,-0.012191,4.5252
0.034263,2.1507,0.086908,0,-0.012228,4.5083
0.034316,2.1507,0.086908,0,-0.012272,4.5154
0.034368,2.1507,0.086907,0,-0.012304,4.5265
0.034421,2.1507,0.086907,0,-0.012307,4.5172
0.034474,2.1507,0.086906,0,-0.012267,4.5154
0.034526,2.1507,0.086905,0,-0.012162,4.5235
0.034579,2.1507,0.086905,0,-0.012096,4.5267
0.034632,2.1507,0.086904,0,-0.012034,4.517
0.034684,2.1507,0.086903,0,-0.011975,4.5267
0.034737,2.1507,0.086903,0,-0.011918,4.5349
0.034789,2.1507,0.086902,0,-0.011863,4.5242
0.034842,2.1507,0.086901,0,-0.01181,4.5337
0.034895,2.1507,0.086901,0,-0.01176,4.5317
0.034947,2.1507,0.0869,0,-0.011712,4.5272
0.035,2.1507,0.0869,0,-0.011666,4.5288
0.035053,2.1507,0.086899,0,-0.011623,4.5354
0.035105,2.1507,0.086898,0,-0.011582,4.5252
0.035158,2.1507,0.086898,0,-0.011543,4.527
0.035211,2.1507,0.086897,0,-0.011507,4.5378
0.035263,2.1507,0.086897,0,-0.011472,4.5388
0.035316,2.1507,0.086896,0,-0.011441,4.5354
0.035368,2.1507,0.086895,0,-0.011411,4.5367
0.035421,2.1507,0.086895,-8.4377e-12,-0.011384,4.5288
0.035474,2.1507,0.086894,0,-0.011359,4.5243
0.035526,2.1507,0.086894,8.4377e-12,-0.011336,4.5309
0.035579,2.1507,0.086893,0,-0.011315,4.5358
0.035632,2.1507,0.086892,0,-0.011297,4.5298
0.035684,2.1507,0.086892,-8.4377e-12,-0.011281,4.5319
0.035737,2.1507,0.086891,0,-0.011267,4.5443
0.035789,2.1507,0.086891,0,-0.011256,4.5406
0.035842,2.1507,0.08689,8.4377e-12,-0.011249,4.5435
0.035895,2.1507,0.086889,0,-0.01124,4.5461
0.035947,2.1507,0.086889,0,-0.011232,4.5426
0.036,2.1507,0.086888,0,-0.011225,4.5362
0.036053,2.1507,0.086888,0,-0.011219,4.5426
0.036105,2.1507,0.086887,0,-0.011215,4.5374
0.036158,2.1507,0.086886,0,-0.011215,4.529
0.036211,2.1507,0.086886,0,-0.01122,4.538
0.036263,2.1507,0.086885,0,-0.011229,4.5423
0.036316,2.1507,0.086885,0,-0.011235,4.5287
0.036368,2.1507,0.086884,-8.4377e-12,-0.011242,4.531
0.036421,2.1507,0.086884,0,-0.01125,4.5349
0.036474,2.1507,0.086883,0,-0.011261,4.5284
0.036526,2.1507,0.086882,0,-0.011275,4.5248
0.036579,2.1507,0.086882,0,-0.011293,4.5365
0.036632,2.1507,0.086881,0,-0.011317,4.5274
0.036684,2.1507,0.086881,0,-0.011341,4.5276
0.036737,2.1507,0.08688,0,-0.011367,4.5416
0.036789,2.1507,0.086879,0,-0.011395,4.5318
0.036842,2.1507,0.086879,0,-0.011425,4.5201
0.036895,2.1507,0.086878,0,-0.011458,4.5286
0.036947,2.1507,0.086878,0,-0.011492,4.5203
0.037,2.1507,0.086877,0,-0.011529,4.5066
0.037053,2.1507,0.086876,0,-0.011568,4.513
0.037105,2.1507,0.086876,0,-0.011609,4.5124
0.037158,2.1507,0.086875,0,-0.011654,4.5007
0.037211,2.1507,0.086875,0,-0.011698,4.5017
0.037263,2.1507,0.086874,-8.4377e-12,-0.011742,4.5102
0.037316,2.1507,0.086873,0,-0.011789,4.4949
0.037368,2.1507,0.086873,0,-0.011835,4.4951
0.037421,2.1507,0.086872,0,-0.011879,4.5015
0.037474,2.1507,0.086871,0,-0.011923,4.4952
0.037526,2.1507,0.086871,0,-0.011972,4.4814
0.037579,2.1507,0.08687,0,-0.012019,4.4869
0.037632,2.1507,0.086869,0,-0.012064,4.4839
0.037684,2.1507,0.086869,0,-0.012111,4.4772
0.037737,2.1507,0.086868,0,-0.012164,4.4874
0.037789,2.1507,0.086868,0,-0.012224,4.4887
0.037842,2.1507,0.086867,0,-0.012284,4.4824
0.037895,2.1507,0.086866,0,-0.012342,4.4917
0.037947,2.1507,0.086866,0,-0.012398,4.4878
0.038,2.1507,0.086865,0,-0.012446,4.4863
0.038053,2.1507,0.086864,0,-0.012493,4.4832
0.038105,2.1507,0.086864,0,-0.012544,4.491
0.038158,2.1507,0.086863,0,-0.012603,4.4864
0.038211,2.1507,0.086862,0,-0.012677,4.4894
0.038263,2.1507,0.086862,0,-0.012755,4.5023
0.038316,2.1507,0.086861,0,-0.012856,4.5037
0.038368,2.1507,0.08686,0,-0.012916,4.4954
0.038421,2.1507,0.08686,0,-0.012973,4.4991
0.038474,2.1507,0.086859,-8.4377e-12,-0.012997,4.4993
0.038526,2.1507,0.086858,0,-0.012947,4.4968
0.038579,2.1507,0.086858,0,-0.012856,4.5035
0.038632,2.1507,0.086857,0,-0.012753,4.5067
0.038684,2.1507,0.086856,0,-0.012692,4.4988
0.038737,2.1507,0.086856,0,-0.012672,4.5053
0.038789,2.1507,0.086855,0,-0.012602,4.5121
0.038842,2.1507,0.086854,0,-0.012552,4.5082
0.038895,2.1507,0.086854,0,-0.012492,4.5027
0.038947,2.1507,0.086853,0,-0.012407,4.5089
0.039,2.1507,0.086852,0,-0.012365,4.5025
0.039053,2.1507,0.086852,0,-0.012349,4.5001
0.039105,2.1507,0.086851,0,-0.012336,4.5054
0.039158,2.1507,0.08685,0,-0.01229,4.5026
0.039211,2.1507,0.08685,0,-0.012185,4.501
0.039263,2.1507,0.086849,0,-0.012068,4.5134
0.039316,2.1507,0.086848,0,-0.011964,4.5198
0.039368,2.1507,0.086848,0,-0.011899,4.5095
0.039421,2.1507,0.086847,0,-0.011903,4.5198
0.039474,2.1507,0.086847,0,-0.01193,4.5228
0.039526,2.1507,0.086846,0,-0.011944,4.5197
0.039579,2.1507,0.086845,0,-0.011964,4.5225
0.039632,2.1507,0.086845,0,-0.01198,4.5283
0.039684,2.1507,0.086844,0,-0.011997,4.5161
0.039737,2.1507,0.086843,0,-0.01201,4.5241
0.039789,2.1507,0.086843,0,-0.01201,4.5397
0.039842,2.1507,0.086842,0,-0.011998,4.5432
0.039895,2.1507,0.086841,0,-0.011976,4.5364
0.039947,2.1507,0.086841,0,-0.011948,4.5498
0.04,2.1507,0.08684,0,-0.011921,4.546
0.040053,2.1507,0.08684,0,-0.011896,4.534
0.040105,2.1507,0.086839,0,-0.011874,4.5366
0.040158,2.1507,0.086838,0,-0.011848,4.5432
0.040211,2.1507,0.086838,0,-0.011812,4.5301
0.040263,2.1507,0.086837,0,-0.011769,4.5342
0.040316,2.1507,0.086837,0,-0.011724,4.5458
0.040368,2.1507,0.086836,0,-0.011678,4.5413
0.040421,2.1507,0.086835,0,-0.011636,4.5382
0.040474,2.1507,0.086835,0,-0.0116,4.5498
0.040526,2.1507,0.086834,0,-0.011566,4.542
0.040579,2.1507,0.086833,0,-0.011531,4.5341
0.040632,2.1507,0.086833,0,-0.011492,4.5442
0.040684,2.1507,0.086832,0,-0.011449,4.5437
0.040737,2.1507,0.086832,0,-0.011406,4.5361
0.040789,2.1507,0.086831,-8.4377e-12,-0.01136,4.5504
0.040842,2.1507,0.08683,0,-0.01132,4.5476
0.040895,2.1507,0.08683,0,-0.011292,4.5398
0.040947,2.1507,0.086829,0,-0.011271,4.5514
0.041,2.1507,0.086829,0,-0.011251,4.5534
0.041053,2.1507,0.086828,0,-0.011233,4.5403
0.041105,2.1507,0.086827,0,-0.011208,4.5427
0.041158,2.1507,0.086827,0,-0.011178,4.551
0.041211,2.1507,0.086826,0,-0.011145,4.5442
0.041263,2.1507,0.086826,0,-0.011114,4.5422
0.041316,2.1507,0.086825,0,-0.01109,4.5534
0.041368,2.1507,0.086825,0,-0.011067,4.5556
0.041421,2.1507,0.086824,0,-0.011045,4.5497
0.041474,2.1507,0.086823,0,-0.011031,4.5591
0.041526,2.1507,0.086823,0,-0.011019,4.555
0.041579,2.1507,0.086822,0,-0.011014,4.553
0.041632,2.1507,0.086822,0,-0.011013,4.5529
0.041684,2.1507,0.086821,0,-0.011039,4.5578
0.041737,2.1507,0.08682,0,-0.011032,4.5487
0.041789,2.1507,0.08682,0,-0.010998,4.5554
0.041842,2.1507,0.086819,0,-0.010948,4.5625
0.041895,2.1507,0.086819,0,-0.010891,4.5595
0.041947,2.1507,0.086818,0,-0.010838,4.559
0.042,2.1507,0.086818,0,-0.010799,4.5654
0.042053,2.1507,0.086817,0,-0.010785,4.553
0.042105,2.1507,0.086816,0,-0.010808,4.5575
0.042158,2.1507,0.086816,0,-0.010811,4.5596
0.042211,2.1507,0.086815,0,-0.010816,4.5572
0.042263,2.1507,0.086815,0,-0.010822,4.5532
0.042316,2.1507,0.086814,0,-0.010829,4.5623
0.042368,2.1507,0.086814,0,-0.010837,4.5632
0.042421,2.1507,0.086813,0,-0.010846,4.5566
0.042474,2.1507,0.086813,0,-0.010857,4.5653
0.042526,2.1507,0.086812,0,-0.010868,4.5635
0.042579,2.1507,0.086811,0,-0.010881,4.553
0.042632,2.1507,0.086811,0,-0.010894,4.5554
0.042684,2.1507,0.08681,0,-0.010909,4.558
0.042737,2.1507,0.08681,0,-0.010925,4.5505
0.042789,2.1507,0.086809,0,-0.010941,4.544
0.042842,2.1507,0.086808,0,-0.010959,4.5648
0.042895,2.1507,0.086808,0,-0.010978,4.556
0.042947,2.1507,0.086807,0,-0.010997,4.5526
0.043,2.1507,0.086807,0,-0.011017,4.5629
0.043053,2.1507,0.086806,0,-0.011039,4.5541
0.043105,2.1507,0.086806,0,-0.011061,4.5518
0.043158,2.1507,0.086805,0,-0.011084,4.5504
0.043211,2.1507,0.086804,0,-0.011108,4.558
0.043263,2.1507,0.086804,0,-0.011133,4.5422
0.043316,2.1507,0.086803,0,-0.011159,4.5519
0.043368,2.1507,0.086803,0,-0.011185,4.5584
0.043421,2.1507,0.086802,-8.4377e-12,-0.011212,4.552
0.043474,2.1507,0.086801,0,-0.01124,4.5558
0.043526,2.1507,0.086801,0,-0.011269,4.5614
0.043579,2.1507,0.0868,0,-0.011298,4.5508
0.043632,2.1507,0.0868,0,-0.011328,4.5437
0.043684,2.1507,0.086799,0,-0.011361,4.5559
0.043737,2.1507,0.086798,0,-0.011391,4.5499
0.043789,2.1507,0.086798,0,-0.011421,4.5457
0.043842,2.1507,0.086797,0,-0.01145,4.5554
0.043895,2.1507,0.086797,0,-0.011479,4.5565
0.043947,2.1507,0.086796,0,-0.011508,4.5456
0.044,2.1507,0.086795,8.4377e-12,-0.011539,4.5569
0.044053,2.1507,0.086795,-8.4377e-12,-0.011614,4.5583
0.044105,2.1507,0.086794,0,-0.011626,4.5472
0.044158,2.1507,0.086794,0,-0.011585,4.5507
0.044211,2.1507,0.086793,0,-0.011509,4.5507
0.044263,2.1507,0.086792,0,-0.011417,4.5392
0.044316,2.1507,0.086792,0,-0.011329,4.5403
0.044368,2.1507,0.086791,0,-0.011266,4.5483
0.044421,2.1507,0.086791,0,-0.011249,4.5473
0.044474,2.1507,0.08679,0,-0.011301,4.5478
0.044526,2.1507,0.086789,0,-0.011316,4.5579
0.044579,2.1507,0.086789,0,-0.01133,4.5535
0.044632,2.1507,0.086788,0,-0.011345,4.5406
0.044684,2.1507,0.086788,0,-0.011359,4.5478
0.044737,2.1507,0.086787,0,-0.011374,4.5411
0.044789,2.1507,0.086786,0,-0.011389,4.5295
0.044842,2.1507,0.086786,0,-0.011403,4.5371
0.044895,2.1507,0.086785,0,-0.011411,4.5463
0.044947,2.1507,0.086785,0,-0.011424,4.5507
0.045,2.1507,0.086784,8.4377e-12,-0.011451,4.5546
0.045053,2.1507,0.086783,0,-0.011497,4.5678
0.045105,2.1507,0.086783,0,-0.011563,4.5543
0.045158,2.1507,0.086782,0,-0.011645,4.5477
0.045211,2.1507,0.086782,0,-0.011738,4.5533
0.045263,2.1507,0.086781,0,-0.011831,4.5487
0.045316,2.1507,0.08678,-8.4377e-12,-0.011911,4.5426
0.045368,2.1507,0.08678,0,-0.011987,4.5598
0.045421,2.1507,0.086779,8.4377e-12,-0.012059,4.5646
0.045474,2.1507,0.086778,-8.4377e-12,-0.012125,4.5542
0.045526,2.1507,0.086778,0,-0.012188,4.5662
0.045579,2.1507,0.086777,-8.4377e-12,-0.012246,4.5776
0.045632,2.1507,0.086777,0,-0.0123,4.5611
0.045684,2.1507,0.086776,0,-0.01235,4.5674
0.045737,2.1507,0.086775,0,-0.012396,4.5692
0.045789,2.1507,0.086775,0,-0.012437,4.565
0.045842,2.1507,0.086774,0,-0.012474,4.56
0.045895,2.1507,0.086773,0,-0.012507,4.58
0.045947,2.1507,0.086773,-1.6875e-11,-0.012536,4.5756
0.046,2.1507,0.086772,0,-0.012561,4.5725
0.046053,2.1507,0.086771,0,-0.012582,4.5892
0.046105,2.1507,0.086771,0,-0.0126,4.5798
0.046158,2.1507,0.08677,0,-0.012613,4.5773
0.046211,2.1507,0.086769,0,-0.012622,4.5822
0.046263,2.1507,0.086769,0,-0.012628,4.5788
0.046316,2.1507,0.086768,8.4377e-12,-0.01263,4.57
0.046368,2.1507,0.086767,0,-0.012628,4.5754
0.046421,2.1507,0.086767,0,-0.012622,4.5802
0.046474,2.1507,0.086766,8.4377e-12,-0.012613,4.5768
0.046526,2.1507,0.086765,0,-0.0126,4.5746
0.046579,2.1507,0.086765,0,-0.012584,4.5879
0.046632,2.1507,0.086764,0,-0.012564,4.5803
0.046684,2.1507,0.086763,0,-0.012541,4.5794
0.046737,2.1507,0.086763,0,-0.012514,4.5783
0.046789,2.1507,0.086762,0,-0.012484,4.5761
0.046842,2.1507,0.086761,0,-0.01245,4.5681
0.046895,2.1507,0.086761,8.4377e-12,-0.012413,4.5793
0.046947,2.1507,0.08676,-8.4377e-12,-0.012373,4.5744
0.047,2.1507,0.086759,0,-0.01233,4.5686
0.047053,2.1507,0.086759,8.4377e-12,-0.012283,4.5824
0.047105,2.1507,0.086758,0,-0.012233,4.5801
0.047158,2.1507,0.086757,0,-0.01218,4.5699
0.047211,2.1507,0.086757,0,-0.012124,4.5723
0.047263,2.1507,0.086756,0,-0.012065,4.5716
0.047316,2.1507,0.086756,8.4377e-12,-0.012003,4.5586
0.047368,2.1507,0.086755,0,-0.011938,4.5608
0.047421,2.1507,0.086754,0,-0.01187,4.5747
0.047474,2.1507,0.086754,8.4377e-12,-0.011799,4.5706
0.047526,2.1507,0.086753,0,-0.011726,4.5697
0.047579,2.1507,0.086752,0,-0.011649,4.5747
0.047632,2.1507,0.086752,8.4377e-12,-0.01157,4.5693
0.047684,2.1507,0.086751,0,-0.011488,4.5648
0.047737,2.1507,0.086751,8.4377e-12,-0.011403,4.5747
0.047789,2.1507,0.08675,0,-0.011315,4.5692
0.047842,2.1507,0.086749,8.4377e-12,-0.011225,4.5511
0.047895,2.1507,0.086749,0,-0.011133,4.5555
0.047947,2.1507,0.086748,0,-0.011037,4.5682
0.048,2.1507,0.086748,0,-0.01094,4.5555
0.048053,2.1507,0.086747,8.4377e-12,-0.010839,4.5521
0.048105,2.1507,0.086747,8.4377e-12,-0.010737,4.5643
0.048158,2.1507,0.086746,0,-0.010632,4.5505
0.048211,2.1507,0.086745,8.4377e-12,-0.010524,4.5469
0.048263,2.1507,0.086745,0,-0.010414,4.5421
0.048316,2.1507,0.086744,0,-0.010302,4.5358
0.048368,2.1507,0.086744,0,-0.010188,4.5281
0.048421,2.1507,0.086743,8.4377e-12,-0.010071,4.5381
0.048474,2.1507,0.086743,0,-0.0099528,4.5339
0.048526,2.1507,0.086742,1.6875e-11,-0.0098319,4.5241
0.048579,2.1507,0.086742,8.4377e-12,-0.0097089,4.532
0.048632,2.1507,0.086741,0,-0.0095839,4.5401
0.048684,2.1507,0.086741,8.4377e-12,-0.0094569,4.522
0.048737,2.1507,0.08674,0,-0.0093278,4.5241
0.048789,2.1507,0.08674,0,-0.0091968,4.5299
0.048842,2.1507,0.086739,8.4377e-12,-0.0090638,4.5158
0.048895,2.1507,0.086739,0,-0.008929,4.5128
0.048947,2.1507,0.086738,8.4377e-12,-0.0087923,4.5226
0.049,2.1507,0.086738,0,-0.0086539,4.5129
0.049053,2.1507,0.086737,1.6875e-11,-0.0085136,4.508
0.049105,2.1507,0.086737,0,-0.0083716,4.5198
0.049158,2.1507,0.086737,0,-0.0082279,4.5138
0.049211,2.1507,0.086736,0,-0.0080825,4.51
0.049263,2.1507,0.086736,8.4377e-12,-0.0079354,4.5151
0.049316,2.1507,0.086735,0,-0.0077868,4.5147
0.049368,2.1507,0.086735,8.4377e-12,-0.0076366,4.502
0.049421,2.1507,0.086735,0,-0.0074849,4.5065
0.049474,2.1507,0.086734,8.4377e-12,-0.0073317,4.5095
0.049526,2.1507,0.086734,0,-0.0071771,4.4989
0.049579,2.1507,0.086733,-8.4377e-12,-0.007021,4.5053
0.049632,2.1507,0.086733,8.4377e-12,-0.0068622,4.5167
0.049684,2.1507,0.086733,0,-0.0067016,4.5052
0.049737,2.1507,0.086732,0,-0.0065455,4.5026
0.049789,2.1507,0.086732,1.6875e-11,-0.0063924,4.5053
0.049842,2.1507,0.086732,0,-0.0062407,4.5046
0.049895,2.1507,0.086731,0,-0.0060886,4.4919
0.049947,2.1507,0.086731,8.4377e-12,-0.005933,4.4953
0.05,2.1507,0.086731,8.4377e-12,-0.0057728,4.5022
0.050053,2.1507,0.08673,0,-0.0056098,4.4879
0.050105,2.1507,0.08673,8.4377e-12,-0.0054485,4.4984
0.050158,2.1507,0.08673,8.4377e-12,-0.0052973,4.5038
0.050211,2.1507,0.08673,0,-0.0051509,4.4969
0.050263,2.1507,0.086729,8.4377e-12,-0.0050087,4.494
0.050316,2.1507,0.086729,8.4377e-12,-0.0048693,4.4968
0.050368,2.1507,0.086729,0,-0.0047309,4.4943
0.050421,2.1507,0.086729,8.4377e-12,-0.0045899,4.4883
0.050474,2.1507,0.086728,8.4377e-12,-0.0044487,4.4969
0.050526,2.1507,0.086728,0,-0.0043087,4.4907
0.050579,2.1507,0.086728,8.4377e-12,-0.004171,4.4903
0.050632,2.1507,0.086728,0,-0.0040331,4.4987
0.050684,2.1507,0.086728,0,-0.0038968,4.5004
0.050737,2.1507,0.086727,0,-0.0037627,4.4983
0.050789,2.1507,0.086727,8.4377e-12,-0.0036318,4.5024
0.050842,2.1507,0.086727,0,-0.0035005,4.5002
0.050895,2.1507,0.086727,8.4377e-12,-0.0033703,4.4979
0.050947,2.1507,0.086727,8.4377e-12,-0.0032412,4.4978
0.051,2.1507,0.086726,8.4377e-12,-0.0031132,4.5002
0.051053,2.1507,0.086726,0,-0.0029864,4.4941
0.051105,2.1507,0.086726,0,-0.0028608,4.502
0.051158,2.1507,0.086726,0,-0.0027364,4.5094
0.051211,2.1507,0.086726,8.4377e-12,-0.0026134,4.5023
0.051263,2.1507,0.086726,0,-0.0024917,4.504
0.051316,2.1507,0.086726,8.4377e-12,-0.0023714,4.5062
0.051368,2.1507,0.086725,0,-0.0022525,4.4988
0.051421,2.1507,0.086725,8.4377e-12,-0.0021351,4.4938
0.051474,2.1507,0.086725,0,-0.0020192,4.5039
0.051526,2.1507,0.086725,0,-0.001905,4.5054
0.051579,2.1507,0.086725,0,-0.0017923,4.4979
0.051632,2.1507,0.086725,1.6875e-11,-0.0016813,4.5042
0.051684,2.1507,0.086725,0,-0.001572,4.5135
0.051737,2.1507,0.086725,8.4377e-12,-0.0014644,4.5043
0.051789,2.1507,0.086725,0,-0.0013586,4.515
0.051842,2.1507,0.086725,8.4377e-12,-0.0012547,4.5098
0.051895,2.1507,0.086725,0,-0.0011527,4.5065
0.051947,2.1507,0.086725,0,-0.0010525,4.505
0.052,2.1507,0.086724,0,-0.00095439,4.5172
0.052053,2.1507,0.086724,0,-0.00085825,4.5102
0.052105,2.1507,0.086724,0,-0.00076417,4.5022
0.052158,2.1507,0.086724,0,-0.00067219,4.5172
0.052211,2.1507,0.086724,1.6875e-11,-0.00058235,4.5157
0.052263,2.1507,0.086724,0,-0.00049471,4.514
0.052316,2.1507,0.086724,8.4377e-12,-0.00040929,4.5185
0.052368,2.1507,0.086724,0,-0.00032615,4.5155
0.052421,2.1507,0.086724,0,-0.00024532,4.5069
0.052474,2.1507,0.086724,0,-0.00016686,4.5079
0.052526,2.1507,0.086724,8.4377e-12,-9.0797e-05,4.5119
0.052579,2.1507,0.086724,0,-1.7182e-05,4.5031
0.052632,2.1507,0.086724,0,5.3944e-05,4.5119
0.052684,2.1507,0.086724,0,0.00012254,4.5235
0.052737,2.1507,0.086724,8.4377e-12,0.00018856,4.5177
0.052789,2.1507,0.086724,0,0.00025196,4.5159
0.052842,2.1507,0.086724,0,0.0003127,4.5263
0.052895,2.1507,0.086724,0,0.00037074,4.5218
0.052947,2.1507,0.086724,8.4377e-12,0.00042604,4.5128
0.053,2.1507,0.086724,0,0.00047855,4.5237
0.053053,2.1507,0.086724,0,0.00052823,4.5279
0.053105,2.1507,0.086724,0,0.00057504,4.5218
0.053158,2.1507,0.086724,0,0.00061894,4.5285
0.053211,2.1507,0.086724,0,0.00065988,4.5355
0.053263,2.1507,0.086725,0,0.00069783,4.5252
0.053316,2.1507,0.086725,0,0.00073274,4.5266
0.053368,2.1507,0.086725,0,0.00076457,4.5277
0.053421,2.1507,0.086725,0,0.00079327,4.5157
0.053474,2.1507,0.086725,0,0.00081882,4.5095
0.053526,2.1507,0.086725,0,0.00084116,4.5118
0.053579,2.1507,0.086725,0,0.00086025,4.4937
0.053632,2.1507,0.086725,0,0.00087606,4.4857
0.053684,2.1507,0.086725,0,0.00088854,4.4948
0.053737,2.1507,0.086725,0,0.00089765,4.4913
0.053789,2.1507,0.086725,0,0.00090335,4.4801
0.053842,2.1507,0.086725,0,0.00091982,4.4901
0.053895,2.1507,0.086725,0,0.00090833,4.485
0.053947,2.1507,0.086725,0,0.00087688,4.4787
0.054,2.1507,0.086725,0,0.00083312,4.4745
0.054053,2.1507,0.086725,0,0.00078431,4.4787
0.054105,2.1507,0.086725,0,0.00073735,4.469
0.054158,2.1507,0.086725,0,0.00069877,4.4775
0.054211,2.1507,0.086725,0,0.00068896,4.4808
0.054263,2.1507,0.086725,0,0.00068926,4.4813
0.054316,2.1507,0.086725,0,0.00064398,4.4767
0.054368,2.1507,0.086725,0,0.00055934,4.4837
0.054421,2.1507,0.086725,0,0.00043387,4.4713
0.054474,2.1507,0.086725,0,0.00027304,4.4667
0.054526,2.1507,0.086725,-8.4377e-12,8.8869e-05,4.4725
0.054579,2.1507,0.086725,0,-0.00011462,4.4735
0.054632,2.1507,0.086725,8.4377e-12,-0.00028886,4.4658
0.054684,2.1507,0.086725,-8.4377e-12,-0.00043255,4.4766
0.054737,2.1507,0.086725,-8.4377e-12,-0.0005371,4.4853
0.054789,2.1507,0.086725,0,-0.0006012,4.4744
0.054842,2.1507,0.086725,0,-0.00063849,4.4783
0.054895,2.1507,0.086725,0,-0.00064823,4.4779
0.054947,2.1507,0.086725,-8.4377e-12,-0.00063899,4.4694
0.055,2.1507,0.086725,0,-0.00062857,4.463
0.055053,2.1507,0.086725,0,-0.00059906,4.4751
0.055105,2.1507,0.086725,0,-0.00055126,4.4621
0.055158,2.1507,0.086725,0,-0.0004899,4.4621
0.055211,2.1507,0.086725,0,-0.00042377,4.4736
0.055263,2.1507,0.086725,0,-0.000366,4.476
0.055316,2.1507,0.086725,0,-0.00030894,4.4693
0.055368,2.1507,0.086725,0,-0.0002526,4.4789
0.055421,2.1507,0.086725,0,-0.00019698,4.473
0.055474,2.1507,0.086725,0,-0.00014209,4.4724
0.055526,2.1507,0.086725,0,-8.7908e-05,4.4788
0.055579,2.1507,0.086725,0,-3.445e-05,4.4745
0.055632,2.1507,0.086725,0,1.8287e-05,4.4658
0.055684,2.1507,0.086725,0,7.0305e-05,4.4758
0.055737,2.1507,0.086725,0,0.0001216,4.4845
0.055789,2.1507,0.086725,0,0.00017218,4.4774
0.055842,2.1507,0.086725,0,0.00022204,4.4808
0.055895,2.1507,0.086725,0,0.00027118,4.4903
0.055947,2.1507,0.086725,0,0.00033382,4.4762
0.056,2.1507,0.086725,0,0.0003855,4.4692
0.056053,2.1507,0.086725,0,0.00040978,4.4812
0.056105,2.1507,0.086725,0,0.00039794,4.4818
0.056158,2.1507,0.086725,0,0.0003343,4.4757
0.056211,2.1507,0.086725,0,0.00024885,4.487
0.056263,2.1507,0.086725,0,0.00018432,4.4908
0.056316,2.1507,0.086725,0,0.00012901,4.487
0.056368,2.1507,0.086725,0,0.00011655,4.4965
0.056421,2.1507,0.086725,0,0.0001198,4.5047
0.056474,2.1507,0.086725,0,0.00015837,4.4936
0.056526,2.1507,0.086725,0,0.00025149,4.4971
0.056579,2.1507,0.086725,0,0.00036577,4.5043
0.056632,2.1507,0.086725,0,0.00052164,4.4923
0.056684,2.1507,0.086725,0,0.00068624,4.4874
0.056737,2.1507,0.086725,0,0.0007762,4.4992
0.056789,2.1507,0.086725,0,0.0008237,4.5025
0.056842,2.1507,0.086725,0,0.00079297,4.5062
0.056895,2.1507,0.086725,0,0.00073967,4.5123
0.056947,2.1507,0.086726,0,0.00070923,4.5112
0.057,2.1507,0.086726,0,0.00070672,4.5041
0.057053,2.1507,0.086726,0,0.00075113,4.5038
0.057105,2.1507,0.086726,0,0.00081567,4.5082
0.057158,2.1507,0.086726,0,0.00088231,4.5018
0.057211,2.1507,0.086726,0,0.00097192,4.509
0.057263,2.1507,0.086726,0,0.0010453,4.5205
0.057316,2.1507,0.086726,0,0.0011174,4.5145
0.057368,2.1507,0.086726,0,0.0012024,4.5221
0.057421,2.1507,0.086726,0,0.0012617,4.5291
0.057474,2.1507,0.086726,0,0.0013176,4.5282
0.057526,2.1507,0.086726,0,0.001339,4.5234
0.057579,2.1507,0.086726,0,0.0013412,4.5257
0.057632,2.1507,0.086726,0,0.0013533,4.5194
0.057684,2.1507,0.086726,0,0.0013502,4.5175
0.057737,2.1507,0.086726,0,0.0013674,4.5224
0.057789,2.1507,0.086726,0,0.0013864,4.5244
0.057842,2.1507,0.086727,0,0.0013894,4.5199
0.057895,2.1507,0.086727,0,0.001412,4.5348
0.057947,2.1507,0.086727,0,0.0014288,4.5371
0.058,2.1507,0.086727,0,0.0014679,4.5249
0.058053,2.1507,0.086727,0,0.0015418,4.5321
0.058105,2.1507,0.086727,0,0.0016175,4.5369
0.058158,2.1507,0.086727,0,0.0017015,4.5254
0.058211,2.1507,0.086727,0,0.0018076,4.5194
0.058263,2.1507,0.086727,0,0.001904,4.5379
0.058316,2.1507,0.086727,0,0.0019769,4.5369
0.058368,2.1507,0.086727,0,0.0020796,4.5315
0.058421,2.1507,0.086728,0,0.0021514,4.5453
0.058474,2.1507,0.086728,0,0.0022176,4.5419
0.058526,2.1507,0.086728,0,0.0023096,4.5299
0.058579,2.1507,0.086728,0,0.0024123,4.5294
0.058632,2.1507,0.086728,0,0.0025563,4.5372
0.058684,2.1507,0.086728,0,0.0026591,4.5215
0.058737,2.1507,0.086728,0,0.0027471,4.5268
0.058789,2.1507,0.086728,0,0.0028833,4.5433
0.058842,2.1507,0.086729,0,0.0029856,4.5339
0.058895,2.1507,0.086729,0,0.0030731,4.5297
0.058947,2.1507,0.086729,0,0.0032089,4.5437
0.059,2.1507,0.086729,0,0.0033318,4.5321
0.059053,2.1507,0.086729,0,0.0033766,4.5304
0.059105,2.1507,0.08673,0,0.003364,4.5356
0.059158,2.1507,0.08673,0,0.0033519,4.5302
0.059211,2.1507,0.08673,0,0.003381,4.5149
0.059263,2.1507,0.08673,0,0.0034592,4.5245
0.059316,2.1507,0.08673,0,0.0035634,4.5278
0.059368,2.1507,0.08673,0,0.0037165,4.5229
0.059421,2.1507,0.086731,0,0.0038288,4.5302
0.059474,2.1507,0.086731,0,0.0039034,4.5343
0.059526,2.1507,0.086731,0,0.0039293,4.515
0.059579,2.1507,0.086731,0,0.0039189,4.5181
0.059632,2.1507,0.086731,0,0.0039052,4.5207
0.059684,2.1507,0.086732,0,0.0038741,4.505
0.059737,2.1507,0.086732,0,0.003819,4.5022
0.059789,2.1507,0.086732,0,0.003748,4.5156
0.059842,2.1507,0.086732,0,0.0036687,4.5097
0.059895,2.1507,0.086732,0,0.0036331,4.504
0.059947,2.1507,0.086733,0,0.0035794,4.5187
0.06,2.1507,0.086733,0,0.0035675,4.5169
0.060053,2.1507,0.086733,0,0.0035951,4.5045
0.060105,2.1507,0.086733,0,0.0036154,4.5089
0.060158,2.1507,0.086733,0,0.0036361,4.5072
0.060211,2.1507,0.086734,0,0.0036501,4.497
0.060263,2.1507,0.086734,0,0.0036511,4.5066
0.060316,2.1507,0.086734,0,0.0036326,4.5129
0.060368,2.1507,0.086734,0,0.0036032,4.5078
0.060421,2.1507,0.086734,0,0.0035633,4.5091
0.060474,2.1507,0.086735,0,0.0035059,4.5173
0.060526,2.1507,0.086735,0,0.0034531,4.5106
0.060579,2.1507,0.086735,0,0.0033876,4.5076
0.060632,2.1507,0.086735,0,0.0032858,4.5131
0.060684,2.1507,0.086735,0,0.0031698,4.5086
0.060737,2.1507,0.086735,0,0.0030468,4.4929
0.060789,2.1507,0.086736,0,0.0029896,4.5006
0.060842,2.1507,0.086736,0,0.0029259,4.5117
0.060895,2.1507,0.086736,0,0.0028838,4.5069
0.060947,2.1507,0.086736,0,0.0028757,4.513
0.061,2.1507,0.086736,0,0.0028686,4.518
0.061053,2.1507,0.086736,0,0.002853,4.5063
0.061105,2.1507,0.086736,0,0.0028054,4.5101
0.061158,2.1507,0.086737,0,0.0027485,4.5085
0.061211,2.1507,0.086737,0,0.0026963,4.504
0.061263,2.1507,0.086737,0,0.00261,4.4978
0.061316,2.1507,0.086737,0,0.0025192,4.516
0.061368,2.1507,0.086737,0,0.0024521,4.5184
0.061421,2.1507,0.086737,0,0.0023829,4.5067
0.061474,2.1507,0.086737,0,0.0023323,4.5181
0.061526,2.1507,0.086738,0,0.0022749,4.5188
0.061579,2.1507,0.086738,0,0.0022531,4.5073
0.061632,2.1507,0.086738,0,0.0021958,4.512
0.061684,2.1507,0.086738,0,0.0021328,4.5132
0.061737,2.1507,0.086738,0,0.0020779,4.4933
0.061789,2.1507,0.086738,0,0.0020442,4.4967
0.061842,2.1507,0.086738,0,0.0019995,4.5102
0.061895,2.1507,0.086738,0,0.0019653,4.5051
0.061947,2.1507,0.086738,0,0.0019479,4.5087
0.062,2.1507,0.086738,0,0.0019531,4.523
0.062053,2.1507,0.086739,0,0.0019274,4.5185
0.062105,2.1507,0.086739,0,0.0019247,4.5211
0.062158,2.1507,0.086739,0,0.0019367,4.5283
0.062211,2.1507,0.086739,0,0.0019558,4.5266
0.062263,2.1507,0.086739,0,0.0019747,4.5213
0.062316,2.1507,0.086739,0,0.0019865,4.5334
0.062368,2.1507,0.086739,0,0.0019846,4.5339
0.062421,2.1507,0.086739,0,0.0019629,4.5315
0.062474,2.1507,0.086739,0,0.0019153,4.5344
0.062526,2.1507,0.08674,0,0.0018955,4.5447
0.062579,2.1507,0.08674,0,0.0018639,4.5359
0.062632,2.1507,0.08674,0,0.0017898,4.534
0.062684,2.1507,0.08674,0,0.0016891,4.5447
0.062737,2.1507,0.08674,0,0.0015909,4.53
0.062789,2.1507,0.08674,0,0.0014707,4.5326
0.062842,2.1507,0.08674,0,0.001336,4.5426
0.062895,2.1507,0.08674,0,0.0012458,4.5352
0.062947,2.1507,0.08674,0,0.0012115,4.5366
0.063,2.1507,0.08674,0,0.0011989,4.5484
0.063053,2.1507,0.08674,0,0.0011832,4.5462
0.063105,2.1507,0.08674,0,0.0011785,4.5347
0.063158,2.1507,0.08674,0,0.0011841,4.5424
0.063211,2.1507,0.08674,0,0.0011547,4.5452
0.063263,2.1507,0.086741,0,0.0010993,4.531
0.063316,2.1507,0.086741,0,0.001043,4.5281
0.063368,2.1507,0.086741,0,0.0010095,4.5402
0.063421,2.1507,0.086741,0,0.00099065,4.5308
0.063474,2.1507,0.086741,0,0.00097886,4.5408
0.063526,2.1507,0.086741,0,0.00096679,4.5502
0.063579,2.1507,0.086741,0,0.00094751,4.5344
0.063632,2.1507,0.086741,0,0.00090021,4.5373
0.063684,2.1507,0.086741,0,0.00084318,4.5435
0.063737,2.1507,0.086741,0,0.00078697,4.5329
0.063789,2.1507,0.086741,0,0.00077879,4.5277
0.063842,2.1507,0.086741,0,0.00080556,4.5403
0.063895,2.1507,0.086741,0,0.00087824,4.5412
0.063947,2.1507,0.086741,0,0.00096174,4.5368
0.064,2.1507,0.086741,0,0.0010221,4.5376
0.064053,2.1507,0.086741,0,0.0010264,4.5415
0.064105,2.1507,0.086741,0,0.00098768,4.5307
0.064158,2.1507,0.086741,0,0.00088072,4.5373
0.064211,2.1507,0.086741,0,0.00077844,4.5355
0.064263,2.1507,0.086741,0,0.00070901,4.5324
0.064316,2.1507,0.086741,0,0.00068767,4.5235
0.064368,2.1507,0.086742,0,0.0007222,4.5277
0.064421,2.1507,0.086742,0,0.00082073,4.5258
0.064474,2.1507,0.086742,0,0.00099102,4.5237
0.064526,2.1507,0.086742,0,0.0012025,4.5283
0.064579,2.1507,0.086742,0,0.0013787,4.5214
0.064632,2.1507,0.086742,0,0.0015341,4.5084
0.064684,2.1507,0.086742,0,0.0016076,4.5202
0.064737,2.1507,0.086742,0,0.0015995,4.5086
0.064789,2.1507,0.086742,0,0.001555,4.4943
0.064842,2.1507,0.086742,0,0.0015098,4.4887
0.064895,2.1507,0.086742,0,0.001506,4.4944
0.064947,2.1507,0.086742,0,0.0015618,4.4751
0.065,2.1507,0.086742,0,0.0016265,4.4673
0.065053,2.1507,0.086742,0,0.0016653,4.4793
0.065105,2.1507,0.086743,0,0.0016454,4.4727
0.065158,2.1507,0.086743,0,0.0015804,4.465
0.065211,2.1507,0.086743,0,0.0014759,4.4598
0.065263,2.1507,0.086743,0,0.001344,4.4431
0.065316,2.1507,0.086743,0,0.0012033,4.4302
0.065368,2.1507,0.086743,0,0.0010778,4.426
0.065421,2.1507,0.086743,0,0.00095254,4.4159
0.065474,2.1507,0.086743,0,0.00082758,4.3993
0.065526,2.1507,0.086743,0,0.00070289,4.3989
0.065579,2.1507,0.086743,0,0.00057847,4.3894
0.065632,2.1507,0.086743,0,0.00045433,4.3731
0.065684,2.1507,0.086743,0,0.00033045,4.3659
0.065737,2.1507,0.086743,0,0.00020684,4.3547
0.065789,2.1507,0.086743,0,8.3498e-05,4.342
0.065842,2.1507,0.086743,0,-3.9571e-05,4.3286
0.065895,2.1507,0.086743,0,-0.00017737,4.3334
0.065947,2.1507,0.086743,0,-0.00030568,4.3209
0.066,2.1507,0.086743,0,-0.00040613,4.3158
0.066053,2.1507,0.086743,0,-0.00046656,4.3241
0.066105,2.1507,0.086743,0,-0.00046636,4.3207
0.066158,2.1507,0.086743,0,-0.00043111,4.3138
0.066211,2.1507,0.086743,0,-0.00040283,4.3254
0.066263,2.1507,0.086743,0,-0.00037079,4.3259
0.066316,2.1507,0.086743,0,-0.00037081,4.3205
0.066368,2.1507,0.086743,0,-0.00037845,4.3256
0.066421,2.1507,0.086743,0,-0.00041576,4.3397
0.066474,2.1507,0.086743,0,-0.00050663,4.3343
0.066526,2.1507,0.086743,0,-0.00062182,4.3487
0.066579,2.1507,0.086743,0,-0.00078547,4.3668
0.066632,2.1507,0.086743,0,-0.00095368,4.3746
0.066684,2.1507,0.086743,0,-0.0010788,4.3738
0.066737,2.1507,0.086743,0,-0.0011792,4.3902
0.066789,2.1507,0.086743,0,-0.0012048,4.3955
0.066842,2.1507,0.086743,0,-0.0011985,4.4018
0.066895,2.1507,0.086742,0,-0.0011982,4.4152
0.066947,2.1507,0.086742,0,-0.0012047,4.4207
0.067,2.1507,0.086742,0,-0.0012344,4.4216
0.067053,2.1507,0.086742,0,-0.0012582,4.4391
0.067105,2.1507,0.086742,0,-0.0012984,4.4507
0.067158,2.1507,0.086742,0,-0.0013624,4.4522
0.067211,2.1507,0.086742,0,-0.0014115,4.4603
0.067263,2.1507,0.086742,0,-0.001474,4.4634
0.067316,2.1507,0.086742,0,-0.0015406,4.4607
0.067368,2.1507,0.086742,0,-0.0015556,4.4627
0.067421,2.1507,0.086742,0,-0.0015311,4.4623
0.067474,2.1507,0.086742,0,-0.0014326,4.4563
0.067526,2.1507,0.086742,0,-0.0012781,4.4604
0.067579,2.1507,0.086742,0,-0.0011078,4.464
0.067632,2.1507,0.086741,0,-0.00091461,4.4613
0.067684,2.1507,0.086741,0,-0.00074393,4.4529
0.067737,2.1507,0.086741,0,-0.0005875,4.4619
0.067789,2.1507,0.086741,0,-0.00045725,4.4545
0.067842,2.1507,0.086741,0,-0.0003728,4.4395
0.067895,2.1507,0.086741,0,-0.00029424,4.4354
0.067947,2.1507,0.086741,0,-0.00023607,4.4366
0.068,2.1507,0.086741,0,-0.00020007,4.4128
0.068053,2.1507,0.086741,0,-0.00014234,4.4056
0.068105,2.1507,0.086741,0,-5.8019e-05,4.4168
0.068158,2.1507,0.086741,0,1.8321e-05,4.4057
0.068211,2.1507,0.086741,0,5.4685e-05,4.399
0.068263,2.1507,0.086741,0,0.00010381,4.3997
0.068316,2.1507,0.086741,0,9.5131e-05,4.3924
0.068368,2.1507,0.086741,0,8.0059e-05,4.3871
0.068421,2.1507,0.086741,0,3.339e-05,4.3834
0.068474,2.1507,0.086741,0,-7.2285e-05,4.3762
0.068526,2.1507,0.086741,0,-0.00021236,4.3609
0.068579,2.1507,0.086741,0,-0.00040245,4.369
0.068632,2.1507,0.086741,0,-0.00058158,4.3734
0.068684,2.1507,0.086741,0,-0.00073436,4.3623
0.068737,2.1507,0.086741,0,-0.00094093,4.3662
0.068789,2.1507,0.086741,0,-0.0011206,4.3686
0.068842,2.1507,0.086741,0,-0.0012904,4.3586
0.068895,2.1507,0.086741,0,-0.0015156,4.3538
0.068947,2.1507,0.086741,0,-0.0017375,4.3586
0.069,2.1507,0.086741,0,-0.0018868,4.3458
0.069053,2.1507,0.086741,0,-0.0019772,4.3396
0.069105,2.1507,0.086741,0,-0.0020638,4.3508
0.069158,2.1507,0.08674,0,-0.0021892,4.35
0.069211,2.1507,0.08674,0,-0.0023665,4.344
0.069263,2.1507,0.08674,0,-0.0025771,4.3553
0.069316,2.1507,0.08674,0,-0.0028482,4.3532
0.069368,2.1507,0.08674,0,-0.0030917,4.3405
0.069421,2.1507,0.08674,0,-0.0033072,4.3433
0.069474,2.1507,0.08674,0,-0.0034795,4.3459
0.069526,2.1507,0.086739,0,-0.003617,4.3331
0.069579,2.1507,0.086739,0,-0.0037651,4.3413
0.069632,2.1507,0.086739,0,-0.0038699,4.3563
0.069684,2.1507,0.086739,0,-0.0039449,4.3548
0.069737,2.1507,0.086739,0,-0.0039792,4.3618
0.069789,2.1507,0.086738,0,-0.0039698,4.3776
0.069842,2.1507,0.086738,0,-0.0039687,4.3778
0.069895,2.1507,0.086738,0,-0.0039204,4.369
0.069947,2.1507,0.086738,0,-0.0038977,4.3766
0.07,2.1507,0.086737,0,-0.0039207,4.3756
0.070053,2.1507,0.086737,0,-0.0039235,4.3705
0.070105,2.1507,0.086737,0,-0.0039531,4.385
0.070158,2.1507,0.086737,0,-0.0039873,4.3871
0.070211,2.1507,0.086737,0,-0.0040187,4.3691
0.070263,2.1507,0.086736,0,-0.0040254,4.3735
0.070316,2.1507,0.086736,0,-0.0040386,4.3713
0.070368,2.1507,0.086736,0,-0.0040885,4.3585
0.070421,2.1507,0.086736,0,-0.0041508,4.3519
0.070474,2.1507,0.086736,0,-0.0042174,4.3503
0.070526,2.1507,0.086735,0,-0.0042808,4.3418
0.070579,2.1507,0.086735,0,-0.0043174,4.3348
0.070632,2.1507,0.086735,0,-0.0043425,4.3364
0.070684,2.1507,0.086735,0,-0.0043507,4.336
0.070737,2.1507,0.086734,0,-0.0044599,4.3273
0.070789,2.1507,0.086734,0,-0.0045739,4.3361
0.070842,2.1507,0.086734,0,-0.0046962,4.3286
0.070895,2.1507,0.086734,0,-0.0048257,4.3144
0.070947,2.1507,0.086733,0,-0.0049537,4.3139
0.071,2.1507,0.086733,0,-0.0050772,4.3142
0.071053,2.1507,0.086733,0,-0.0051917,4.2952
0.071105,2.1507,0.086733,0,-0.0052851,4.2988
0.071158,2.1507,0.086732,0,-0.0053852,4.3068
0.071211,2.1507,0.086732,0,-0.005434,4.3035
0.071263,2.1507,0.086732,0,-0.0054568,4.3009
0.071316,2.1507,0.086731,0,-0.005473,4.3094
0.071368,2.1507,0.086731,0,-0.0054416,4.3037
0.071421,2.1507,0.086731,0,-0.0054273,4.2962
0.071474,2.1507,0.086731,0,-0.0054085,4.3049
0.071526,2.1507,0.08673,0,-0.0053943,4.3011
0.071579,2.1507,0.08673,0,-0.0053396,4.2914
0.071632,2.1507,0.08673,0,-0.0052891,4.3001
0.071684,2.1507,0.086729,0,-0.0052207,4.3076
0.071737,2.1507,0.086729,0,-0.0051673,4.3033
0.071789,2.1507,0.086729,0,-0.0051218,4.313
0.071842,2.1507,0.086729,0,-0.005129,4.3241
0.071895,2.1507,0.086728,0,-0.0051667,4.3125
0.071947,2.1507,0.086728,0,-0.0052143,4.3108
0.072,2.1507,0.086728,0,-0.005229,4.3153
0.072053,2.1507,0.086728,0,-0.0052821,4.3105
0.072105,2.1507,0.086727,0,-0.0053397,4.3059
0.072158,2.1507,0.086727,0,-0.0053997,4.322
0.072211,2.1507,0.086727,0,-0.00549,4.3275
0.072263,2.1507,0.086726,0,-0.0055914,4.3256
0.072316,2.1507,0.086726,0,-0.0056925,4.3322
0.072368,2.1507,0.086726,0,-0.0057749,4.3357
0.072421,2.1507,0.086726,0,-0.0058583,4.3295
0.072474,2.1507,0.086725,0,-0.0060085,4.3349
0.072526,2.1507,0.086725,0,-0.0061537,4.3389
0.072579,2.1507,0.086725,0,-0.0062362,4.3227
0.072632,2.1507,0.086724,0,-0.0062832,4.3259
0.072684,2.1507,0.086724,0,-0.0063223,4.3387
0.072737,2.1507,0.086724,0,-0.006328,4.3315
0.072789,2.1507,0.086723,0,-0.0063052,4.3347
0.072842,2.1507,0.086723,0,-0.0063144,4.3428
0.072895,2.1507,0.086723,0,-0.0063863,4.3313
0.072947,2.1507,0.086722,0,-0.0064665,4.3377
0.073,2.1507,0.086722,0,-0.0065148,4.3462
0.073053,2.1507,0.086722,0,-0.0065233,4.3464
0.073105,2.1507,0.086721,0,-0.0065156,4.3392
0.073158,2.1507,0.086721,0,-0.0064817,4.3524
0.073211,2.1507,0.08672,0,-0.006424,4.3558
0.073263,2.1507,0.08672,0,-0.0063552,4.3464
0.073316,2.1507,0.08672,0,-0.006349,4.3501
0.073368,2.1507,0.086719,0,-0.0063628,4.3622
0.073421,2.1507,0.086719,0,-0.0063699,4.3557
0.073474,2.1507,0.086719,0,-0.0063443,4.3539
0.073526,2.1507,0.086718,0,-0.0063054,4.3529
0.073579,2.1507,0.086718,0,-0.0062484,4.3436
0.073632,2.1507,0.086718,0,-0.0061685,4.3345
0.073684,2.1507,0.086718,0,-0.0060703,4.3421
0.073737,2.1507,0.086717,0,-0.0060585,4.3404
0.073789,2.1507,0.086717,0,-0.0060562,4.3373
0.073842,2.1507,0.086717,0,-0.0061071,4.3476
0.073895,2.1507,0.086716,0,-0.0062009,4.3445
0.073947,2.1507,0.086716,0,-0.0063183,4.3347
0.074,2.1507,0.086716,0,-0.0064307,4.3301
0.074053,2.1507,0.086715,0,-0.0065489,4.3288
0.074105,2.1507,0.086715,0,-0.0066688,4.3121
0.074158,2.1507,0.086715,0,-0.0068037,4.3196
0.074211,2.1507,0.086714,0,-0.0068705,4.323
0.074263,2.1507,0.086714,0,-0.0069175,4.3129
0.074316,2.1507,0.086713,0,-0.0069632,4.3047
0.074368,2.1507,0.086713,0,-0.0070474,4.3202
0.074421,2.1507,0.086713,0,-0.0071789,4.3137
0.074474,2.1507,0.086712,0,-0.007328,4.3041
0.074526,2.1507,0.086712,0,-0.0074558,4.3067
0.074579,2.1507,0.086711,0,-0.0075841,4.3024
0.074632,2.1507,0.086711,0,-0.0076209,4.2934
0.074684,2.1507,0.086711,0,-0.0076111,4.2977
0.074737,2.1507,0.08671,0,-0.0076378,4.3003
0.074789,2.1507,0.08671,0,-0.0077166,4.2951
0.074842,2.1507,0.086709,0,-0.0078656,4.3049
0.074895,2.1507,0.086709,0,-0.0080801,4.3148
0.074947,2.1507,0.086709,0,-0.0083164,4.3058
0.075,2.1507,0.086708,0,-0.0085676,4.3065
0.075053,2.1507,0.086708,0,-0.0087788,4.3124
0.075105,2.1507,0.086707,0,-0.0089413,4.2992
0.075158,2.1507,0.086707,0,-0.0090702,4.3028
0.075211,2.1507,0.086706,0,-0.0091572,4.3094
0.075263,2.1507,0.086706,0,-0.0092021,4.3039
0.075316,2.1507,0.086705,0,-0.0092587,4.3012
0.075368,2.1507,0.086705,0,-0.0093025,4.3132
0.075421,2.1507,0.086704,0,-0.0093307,4.314
0.075474,2.1507,0.086704,0,-0.0093472,4.3004
0.075526,2.1507,0.086703,0,-0.0093181,4.3132
0.075579,2.1507,0.086703,0,-0.0092699,4.3087
0.075632,2.1507,0.086702,0,-0.0092207,4.2957
0.075684,2.1507,0.086702,0,-0.0091494,4.2988
0.075737,2.1507,0.086701,0,-0.0090953,4.3048
0.075789,2.1507,0.086701,0,-0.0090432,4.2988
0.075842,2.1507,0.0867,0,-0.008993,4.3026
0.075895,2.1507,0.0867,0,-0.0089446,4.3166
0.075947,2.1507,0.086699,0,-0.0088981,4.3065
0.076,2.1507,0.086699,0,-0.0088531,4.2988
0.076053,2.1507,0.086699,0,-0.0088098,4.3083
0.076105,2.1507,0.086698,0,-0.0087679,4.3049
0.076158,2.1507,0.086698,0,-0.0087275,4.2944
0.076211,2.1507,0.086697,0,-0.0086883,4.3043
0.076263,2.1507,0.086697,0,-0.0086504,4.3066
0.076316,2.1507,0.086696,0,-0.0086136,4.2997
0.076368,2.1507,0.086696,0,-0.0085778,4.3119
0.076421,2.1507,0.086695,0,-0.0085429,4.3199
0.076474,2.1507,0.086695,0,-0.008509,4.3157
0.076526,2.1507,0.086694,0,-0.0084757,4.3131
0.076579,2.1507,0.086694,0,-0.0084582,4.3211
0.076632,2.1507,0.086694,0,-0.0084028,4.3127
0.076684,2.1507,0.086693,0,-0.0083398,4.3061
0.076737,2.1507,0.086693,0,-0.0082916,4.3171
0.076789,2.1507,0.086692,0,-0.0082879,4.3118
0.076842,2.1507,0.086692,0,-0.0083123,4.3082
0.076895,2.1507,0.086691,0,-0.0083359,4.3144
0.076947,2.1507,0.086691,0,-0.0083843,4.3201
0.077,2.1507,0.086691,0,-0.0084233,4.3046
0.077053,2.1507,0.08669,0,-0.0084123,4.3209
0.077105,2.1507,0.08669,0,-0.0084161,4.314
0.077158,2.1507,0.086689,0,-0.0084302,4.3063
0.077211,2.1507,0.086689,0,-0.0084279,4.305
0.077263,2.1507,0.086688,0,-0.0084224,4.3098
0.077316,2.1507,0.086688,0,-0.0084433,4.3051
0.077368,2.1507,0.086687,0,-0.0085133,4.3083
0.077421,2.1507,0.086687,0,-0.008596,4.317
0.077474,2.1507,0.086687,0,-0.008709,4.3128
0.077526,2.1507,0.086686,0,-0.0088258,4.3069
0.077579,2.1507,0.086686,0,-0.0089654,4.3059
0.077632,2.1507,0.086685,0,-0.0091289,4.3066
0.077684,2.1507,0.086685,0,-0.009302,4.2955
0.077737,2.1507,0.086684,0,-0.0094919,4.3075
0.077789,2.1507,0.086684,0,-0.0096665,4.3103
0.077842,2.1507,0.086683,0,-0.0097967,4.301
0.077895,2.1507,0.086683,0,-0.0098939,4.3113
0.077947,2.1507,0.086682,0,-0.0099642,4.3158
0.078,2.1507,0.086682,0,-0.010097,4.3011
0.078053,2.1507,0.086681,0,-0.010327,4.3066
0.078105,2.1507,0.08668,0,-0.010574,4.3075
0.078158,2.1507,0.08668,0,-0.010823,4.2962
0.078211,2.1507,0.086679,0,-0.011044,4.2978
0.078263,2.1507,0.086679,0,-0.011226,4.3044
0.078316,2.1507,0.086678,0,-0.011362,4.2999
0.078368,2.1507,0.086677,0,-0.011444,4.2913
0.078421,2.1507,0.086677,0,-0.011479,4.3072
0.078474,2.1507,0.086676,0,-0.011472,4.3112
0.078526,2.1507,0.086676,0,-0.011436,4.3027
0.078579,2.1507,0.086675,0,-0.011414,4.3071
0.078632,2.1507,0.086674,0,-0.011407,4.3062
0.078684,2.1507,0.086674,0,-0.011411,4.3001
0.078737,2.1507,0.086673,0,-0.011436,4.305
0.078789,2.1507,0.086673,0,-0.011459,4.3165
0.078842,2.1507,0.086672,0,-0.011447,4.3073
0.078895,2.1507,0.086671,0,-0.011403,4.3136
0.078947,2.1507,0.086671,0,-0.011385,4.3274
0.079,2.1507,0.08667,0,-0.01138,4.3249
0.079053,2.1507,0.08667,0,-0.011392,4.3152
0.079105,2.1507,0.086669,0,-0.011377,4.326
0.079158,2.1507,0.086668,0,-0.011378,4.3173
0.079211,2.1507,0.086668,0,-0.011376,4.3085
0.079263,2.1507,0.086667,0,-0.011361,4.3187
0.079316,2.1507,0.086667,0,-0.011376,4.3187
0.079368,2.1507,0.086666,0,-0.011393,4.3099
0.079421,2.1507,0.086665,0,-0.011402,4.3211
0.079474,2.1507,0.086665,0,-0.011408,4.3295
0.079526,2.1507,0.086664,0,-0.011346,4.3243
0.079579,2.1507,0.086664,0,-0.01127,4.3228
0.079632,2.1507,0.086663,0,-0.011149,4.3241
0.079684,2.1507,0.086662,0,-0.011052,4.317
0.079737,2.1507,0.086662,0,-0.011,4.3141
0.079789,2.1507,0.086661,0,-0.010971,4.3198
0.079842,2.1507,0.086661,0,-0.010993,4.3128
0.079895,2.1507,0.08666,0,-0.011023,4.3111
0.079947,2.1507,0.08666,0,-0.011046,4.3207
0.08,2.1507,0.086659,0,-0.011149,4.3267
0.080053,2.1507,0.086658,0,-0.011262,4.3119
0.080105,2.1507,0.086658,0,-0.011417,4.3208
0.080158,2.1507,0.086657,0,-0.011563,4.321
0.080211,2.1507,0.086657,0,-0.011719,4.3108
0.080263,2.1507,0.086656,0,-0.011872,4.3075
0.080316,2.1507,0.086655,0,-0.011954,4.316
0.080368,2.1507,0.086655,0,-0.011991,4.3091
0.080421,2.1507,0.086654,0,-0.012045,4.3113
0.080474,2.1507,0.086653,0,-0.012086,4.3242
0.080526,2.1507,0.086653,0,-0.012113,4.3193
0.080579,2.1507,0.086652,0,-0.012127,4.3138
0.080632,2.1507,0.086652,0,-0.012186,4.3212
0.080684,2.1507,0.086651,0,-0.012227,4.3204
0.080737,2.1507,0.08665,0,-0.012253,4.3245
0.080789,2.1507,0.08665,0,-0.012292,4.3171
0.080842,2.1507,0.086649,0,-0.012323,4.3177
0.080895,2.1507,0.086648,0,-0.012314,4.3036
0.080947,2.1507,0.086648,0,-0.012282,4.3132
0.081,2.1507,0.086647,0,-0.012226,4.3209
0.081053,2.1507,0.086646,0,-0.012211,4.3135
0.081105,2.1507,0.086646,0,-0.012173,4.311
0.081158,2.1507,0.086645,0,-0.012141,4.3201
0.081211,2.1507,0.086644,0,-0.012108,4.3129
0.081263,2.1507,0.086644,0,-0.012089,4.3081
0.081316,2.1507,0.086643,0,-0.012076,4.3156
0.081368,2.1507,0.086643,0,-0.012035,4.3036
0.081421,2.1507,0.086642,0,-0.011996,4.3023
0.081474,2.1507,0.086641,0,-0.01203,4.3136
0.081526,2.1507,0.086641,0,-0.012114,4.312
0.081579,2.1507,0.08664,0,-0.012202,4.303
0.081632,2.1507,0.086639,0,-0.012286,4.312
0.081684,2.1507,0.086639,0,-0.012409,4.3168
0.081737,2.1507,0.086638,0,-0.012489,4.3037
0.081789,2.1507,0.086637,0,-0.012509,4.3015
0.081842,2.1507,0.086637,0,-0.012511,4.3036
0.081895,2.1507,0.086636,0,-0.012525,4.2955
0.081947,2.1507,0.086635,0,-0.012552,4.2934
0.082,2.1507,0.086635,0,-0.012546,4.3041
0.082053,2.1507,0.086634,0,-0.012522,4.2986
0.082105,2.1507,0.086633,0,-0.01251,4.2965
0.082158,2.1507,0.086633,0,-0.012454,4.3032
0.082211,2.1507,0.086632,0,-0.012403,4.2978
0.082263,2.1507,0.086631,0,-0.012331,4.2893
0.082316,2.1507,0.086631,0,-0.012274,4.298
0.082368,2.1507,0.08663,0,-0.012231,4.2925
0.082421,2.1507,0.08663,0,-0.012157,4.2805
0.082474,2.1507,0.086629,0,-0.012107,4.2835
0.082526,2.1507,0.086628,0,-0.012068,4.2905
0.082579,2.1507,0.086628,0,-0.012029,4.2846
0.082632,2.1507,0.086627,0,-0.011987,4.2857
0.082684,2.1507,0.086626,0,-0.011945,4.2888
0.082737,2.1507,0.086626,0,-0.011907,4.2759
0.082789,2.1507,0.086625,0,-0.01187,4.277
0.082842,2.1507,0.086624,0,-0.011775,4.2777
0.082895,2.1507,0.086624,0,-0.011654,4.2653
0.082947,2.1507,0.086623,0,-0.011514,4.2574
0.083,2.1507,0.086623,0,-0.011427,4.27
0.083053,2.1507,0.086622,0,-0.011401,4.2661
0.083105,2.1507,0.086621,0,-0.011427,4.2572
0.083158,2.1507,0.086621,0,-0.011487,4.2712
0.083211,2.1507,0.08662,0,-0.011581,4.264
0.083263,2.1507,0.08662,0,-0.011655,4.2548
0.083316,2.1507,0.086619,0,-0.011679,4.2542
0.083368,2.1507,0.086618,0,-0.0117,4.2592
0.083421,2.1507,0.086618,0,-0.011745,4.2422
0.083474,2.1507,0.086617,0,-0.0118,4.2416
0.083526,2.1507,0.086617,0,-0.011854,4.2567
0.083579,2.1507,0.086616,0,-0.011936,4.2508
0.083632,2.1507,0.086615,0,-0.01206,4.2453
0.083684,2.1507,0.086615,0,-0.012193,4.2562
0.083737,2.1507,0.086614,0,-0.012325,4.2554
0.083789,2.1507,0.086613,0,-0.012461,4.2472
0.083842,2.1507,0.086613,0,-0.012546,4.2498
0.083895,2.1507,0.086612,0,-0.012573,4.2529
0.083947,2.1507,0.086611,0,-0.012546,4.2398
0.084,2.1507,0.086611,0,-0.012488,4.2443
0.084053,2.1507,0.08661,0,-0.012374,4.2505
0.084105,2.1507,0.086609,0,-0.012222,4.2513
0.084158,2.1507,0.086609,0,-0.012111,4.2529
0.084211,2.1507,0.086608,0,-0.012035,4.2533
0.084263,2.1507,0.086608,0,-0.011972,4.2509
0.084316,2.1507,0.086607,0,-0.011882,4.2535
0.084368,2.1507,0.086606,0,-0.011797,4.2573
0.084421,2.1507,0.086606,0,-0.011738,4.2584
0.084474,2.1507,0.086605,0,-0.011693,4.2501
0.084526,2.1507,0.086604,0,-0.01164,4.2655
0.084579,2.1507,0.086604,0,-0.011645,4.2665
0.084632,2.1507,0.086603,0,-0.011673,4.2589
0.084684,2.1507,0.086603,0,-0.011702,4.2811
0.084737,2.1507,0.086602,0,-0.011677,4.2829
0.084789,2.1507,0.086601,0,-0.011592,4.2733
0.084842,2.1507,0.086601,0,-0.011467,4.277
0.084895,2.1507,0.0866,0,-0.011327,4.2851
0.084947,2.1507,0.0866,0,-0.011156,4.272
0.085,2.1507,0.086599,0,-0.010984,4.2733
0.085053,2.1507,0.086598,0,-0.010843,4.2816
0.085105,2.1507,0.086598,0,-0.010729,4.2769
0.085158,2.1507,0.086597,0,-0.010627,4.2819
0.085211,2.1507,0.086597,0,-0.010545,4.2949
0.085263,2.1507,0.086596,0,-0.010446,4.2832
0.085316,2.1507,0.086596,0,-0.010324,4.2769
0.085368,2.1507,0.086595,0,-0.010162,4.2841
0.085421,2.1507,0.086595,0,-0.0099915,4.2871
0.085474,2.1507,0.086594,0,-0.0098346,4.2786
0.085526,2.1507,0.086594,0,-0.0096965,4.2931
0.085579,2.1507,0.086593,0,-0.0096021,4.295
0.085632,2.1507,0.086593,0,-0.0095609,4.2925
0.085684,2.1507,0.086592,0,-0.0095222,4.2992
0.085737,2.1507,0.086592,0,-0.0094962,4.309
0.085789,2.1507,0.086591,0,-0.0094723,4.3023
0.085842,2.1507,0.086591,0,-0.0094784,4.3019
0.085895,2.1507,0.08659,0,-0.0094818,4.3064
0.085947,2.1507,0.08659,0,-0.0095039,4.3015
0.086,2.1507,0.086589,0,-0.0095506,4.2899
0.086053,2.1507,0.086589,0,-0.0095829,4.302
0.086105,2.1507,0.086588,0,-0.0096157,4.305
0.086158,2.1507,0.086588,0,-0.0096492,4.298
0.086211,2.1507,0.086587,0,-0.0096834,4.3129
0.086263,2.1507,0.086586,0,-0.0097185,4.3132
0.086316,2.1507,0.086586,0,-0.0097546,4.3031
0.086368,2.1507,0.086585,0,-0.0097917,4.3102
0.086421,2.1507,0.086585,0,-0.0098299,4.3104
0.086474,2.1507,0.086584,0,-0.0098693,4.2967
0.086526,2.1507,0.086584,0,-0.00991,4.2993
0.086579,2.1507,0.086583,0,-0.0099672,4.3072
0.086632,2.1507,0.086583,0,-0.010017,4.2975
0.086684,2.1507,0.086582,0,-0.01004,4.2959
0.086737,2.1507,0.086582,0,-0.01001,4.3076
0.086789,2.1507,0.086581,0,-0.0099461,4.2933
0.086842,2.1507,0.086581,0,-0.0098825,4.2829
0.086895,2.1507,0.08658,0,-0.0098009,4.2894
0.086947,2.1507,0.08658,0,-0.0097444,4.2727
0.087,2.1507,0.086579,0,-0.0097179,4.2593
0.087053,2.1507,0.086579,0,-0.0096719,4.2646
0.087105,2.1507,0.086578,0,-0.0096089,4.2689
0.087158,2.1507,0.086578,0,-0.0095397,4.2596
0.087211,2.1507,0.086577,0,-0.0094756,4.2603
0.087263,2.1507,0.086577,0,-0.0094198,4.27
0.087316,2.1507,0.086576,0,-0.0093363,4.2497
0.087368,2.1507,0.086576,0,-0.0092514,4.2552
0.087421,2.1507,0.086575,0,-0.0091394,4.2546
0.087474,2.1507,0.086575,0,-0.0090187,4.2508
0.087526,2.1507,0.086574,0,-0.0088607,4.2405
0.087579,2.1507,0.086574,0,-0.0086658,4.2458
0.087632,2.1507,0.086573,0,-0.0084407,4.2471
0.087684,2.1507,0.086573,0,-0.0081897,4.2441
0.087737,2.1507,0.086573,0,-0.0079548,4.2501
0.087789,2.1507,0.086572,0,-0.0077875,4.256
0.087842,2.1507,0.086572,0,-0.0076943,4.243
0.087895,2.1507,0.086571,0,-0.0076962,4.2526
0.087947,2.1507,0.086571,0,-0.0076683,4.2526
0.088,2.1507,0.086571,0,-0.0075771,4.2426
0.088053,2.1507,0.08657,0,-0.0074691,4.2431
0.088105,2.1507,0.08657,0,-0.0073157,4.2514
0.088158,2.1507,0.086569,0,-0.0072018,4.2502
0.088211,2.1507,0.086569,0,-0.0071066,4.2465
0.088263,2.1507,0.086569,0,-0.0070023,4.2556
0.088316,2.1507,0.086568,0,-0.0069152,4.2498
0.088368,2.1507,0.086568,0,-0.0068327,4.2383
0.088421,2.1507,0.086568,0,-0.0067507,4.2467
0.088474,2.1507,0.086567,0,-0.0067103,4.2536
0.088526,2.1507,0.086567,0,-0.0066291,4.2411
0.088579,2.1507,0.086567,0,-0.0065688,4.2493
0.088632,2.1507,0.086566,0,-0.0064999,4.253
0.088684,2.1507,0.086566,0,-0.0064007,4.2504
0.088737,2.1507,0.086565,0,-0.0063194,4.2548
0.088789,2.1507,0.086565,0,-0.0063048,4.2649
0.088842,2.1507,0.086565,0,-0.0063221,4.26
0.088895,2.1507,0.086564,0,-0.006335,4.2613
0.088947,2.1507,0.086564,0,-0.0063144,4.2693
0.089,2.1507,0.086564,0,-0.0062709,4.2635
0.089053,2.1507,0.086564,0,-0.0062468,4.2588
0.089105,2.1507,0.086563,0,-0.0061998,4.2711
0.089158,2.1507,0.086563,0,-0.0061475,4.2723
0.089211,2.1507,0.086563,0,-0.0061004,4.2698
0.089263,2.1507,0.086562,0,-0.0060147,4.2828
0.089316,2.1507,0.086562,0,-0.0059142,4.2826
0.089368,2.1507,0.086562,0,-0.0058092,4.2747
0.089421,2.1507,0.086561,0,-0.0056953,4.286
0.089474,2.1507,0.086561,0,-0.005623,4.2923
0.089526,2.1507,0.086561,0,-0.0055835,4.2801
0.089579,2.1507,0.08656,0,-0.0055898,4.2793
0.089632,2.1507,0.08656,0,-0.0055938,4.2903
0.089684,2.1507,0.08656,0,-0.0055847,4.2864
0.089737,2.1507,0.08656,0,-0.005591,4.2889
0.089789,2.1507,0.086559,0,-0.0055807,4.2998
0.089842,2.1507,0.086559,0,-0.00559,4.2994
0.089895,2.1507,0.086559,0,-0.0056171,4.3001
0.089947,2.1507,0.086558,0,-0.0055972,4.3046
0.09,2.1507,0.086558,0,-0.0055563,4.3008
0.090053,2.1507,0.086558,0,-0.0054748,4.2955
0.090105,2.1507,0.086557,0,-0.0054021,4.3091
0.090158,2.1507,0.086557,0,-0.0053353,4.3133
0.090211,2.1507,0.086557,0,-0.0052634,4.3054
0.090263,2.1507,0.086557,0,-0.0052218,4.3138
0.090316,2.1507,0.086556,0,-0.005201,4.3266
0.090368,2.1507,0.086556,0,-0.0051663,4.3122
0.090421,2.1507,0.086556,0,-0.0051363,4.3165
0.090474,2.1507,0.086556,0,-0.0051077,4.3293
0.090526,2.1507,0.086555,0,-0.0050841,4.3273
0.090579,2.1507,0.086555,0,-0.0050145,4.3171
0.090632,2.1507,0.086555,0,-0.0049149,4.3309
0.090684,2.1507,0.086555,0,-0.0048025,4.3242
0.090737,2.1507,0.086554,0,-0.0046868,4.3187
0.090789,2.1507,0.086554,0,-0.0045711,4.3306
0.090842,2.1507,0.086554,0,-0.0044758,4.3371
0.090895,2.1507,0.086554,0,-0.0043891,4.321
0.090947,2.1507,0.086553,0,-0.0042979,4.3309
0.091,2.1507,0.086553,0,-0.0041726,4.3361
0.091053,2.1507,0.086553,0,-0.0040683,4.3276
0.091105,2.1507,0.086553,0,-0.0039806,4.327
0.091158,2.1507,0.086553,0,-0.0039266,4.3351
0.091211,2.1507,0.086552,0,-0.0038642,4.3305
0.091263,2.1507,0.086552,0,-0.0038373,4.3333
0.091316,2.1507,0.086552,0,-0.0038443,4.3392
0.091368,2.1507,0.086552,0,-0.0038512,4.3357
0.091421,2.1507,0.086551,0,-0.0038222,4.3326
0.091474,2.1507,0.086551,0,-0.0037517,4.341
0.091526,2.1507,0.086551,0,-0.0036661,4.3345
0.091579,2.1507,0.086551,0,-0.0036083,4.3261
0.091632,2.1507,0.086551,0,-0.0035212,4.3322
0.091684,2.1507,0.086551,0,-0.0034621,4.3311
0.091737,2.1507,0.08655,0,-0.0034209,4.3248
0.091789,2.1507,0.08655,0,-0.0033872,4.3359
0.091842,2.1507,0.08655,0,-0.0033579,4.3468
0.091895,2.1507,0.08655,0,-0.0033223,4.3347
0.091947,2.1507,0.08655,0,-0.0033096,4.3368
0.092,2.1507,0.086549,0,-0.003335,4.343
0.092053,2.1507,0.086549,0,-0.0033678,4.333
0.092105,2.1507,0.086549,0,-0.0034301,4.3286
0.092158,2.1507,0.086549,0,-0.0034836,4.3383
0.092211,2.1507,0.086549,0,-0.0035574,4.3352
0.092263,2.1507,0.086549,0,-0.0036274,4.3262
0.092316,2.1507,0.086548,0,-0.0036603,4.3388
0.092368,2.1507,0.086548,0,-0.0036833,4.3399
0.092421,2.1507,0.086548,0,-0.0036701,4.3297
0.092474,2.1507,0.086548,0,-0.0036551,4.3316
0.092526,2.1507,0.086548,0,-0.0036345,4.3308
0.092579,2.1507,0.086547,0,-0.0036118,4.3234
0.092632,2.1507,0.086547,0,-0.0035824,4.3159
0.092684,2.1507,0.086547,0,-0.0035418,4.3247
0.092737,2.1507,0.086547,0,-0.0034929,4.3186
0.092789,2.1507,0.086547,0,-0.003479,4.3181
0.092842,2.1507,0.086546,0,-0.0034984,4.3285
0.092895,2.1507,0.086546,0,-0.0035641,4.3226
0.092947,2.1507,0.086546,0,-0.0036339,4.329
0.093,2.1507,0.086546,0,-0.0036823,4.3319
0.093053,2.1507,0.086546,0,-0.0036775,4.3202
0.093105,2.1507,0.086546,0,-0.0036366,4.3114
0.093158,2.1507,0.086545,0,-0.00357,4.3219
0.093211,2.1507,0.086545,0,-0.0034764,4.3204
0.093263,2.1507,0.086545,0,-0.0034196,4.3126
0.093316,2.1507,0.086545,0,-0.0033805,4.3182
0.093368,2.1507,0.086545,0,-0.0033499,4.3321
0.093421,2.1507,0.086544,0,-0.0033222,4.3287
0.093474,2.1507,0.086544,0,-0.0032874,4.3245
0.093526,2.1507,0.086544,0,-0.0032384,4.33
0.093579,2.1507,0.086544,0,-0.0031705,4.316
0.093632,2.1507,0.086544,0,-0.0030747,4.3166
0.093684,2.1507,0.086544,0,-0.0029931,4.3237
0.093737,2.1507,0.086543,0,-0.0028985,4.316
0.093789,2.1507,0.086543,0,-0.0028295,4.3132
0.093842,2.1507,0.086543,0,-0.0027763,4.326
0.093895,2.1507,0.086543,0,-0.0027331,4.3277
0.093947,2.1507,0.086543,0,-0.0026739,4.3227
0.094,2.1507,0.086543,0,-0.0026184,4.3324
0.094053,2.1507,0.086543,0,-0.0025939,4.3276
0.094105,2.1507,0.086542,0,-0.0025828,4.322
0.094158,2.1507,0.086542,0,-0.0025634,4.3226
0.094211,2.1507,0.086542,0,-0.0025456,4.3256
0.094263,2.1507,0.086542,0,-0.0025358,4.3167
0.094316,2.1507,0.086542,0,-0.0025165,4.3196
0.094368,2.1507,0.086542,0,-0.0024656,4.3334
0.094421,2.1507,0.086542,0,-0.0024069,4.3328
0.094474,2.1507,0.086542,0,-0.0023613,4.3248
0.094526,2.1507,0.086541,0,-0.0023063,4.3317
0.094579,2.1507,0.086541,0,-0.0022333,4.3217
0.094632,2.1507,0.086541,0,-0.002119,4.3155
0.094684,2.1507,0.086541,0,-0.0020265,4.3234
0.094737,2.1507,0.086541,0,-0.0019765,4.326
0.094789,2.1507,0.086541,0,-0.0019523,4.3147
0.094842,2.1507,0.086541,0,-0.0019418,4.3278
0.094895,2.1507,0.086541,0,-0.0019327,4.3346
0.094947,2.1507,0.086541,0,-0.0019094,4.3294
0.095,2.1507,0.08654,0,-0.0018548,4.3295
0.095053,2.1507,0.08654,0,-0.0017572,4.3324
0.095105,2.1507,0.08654,0,-0.001652,4.326
0.095158,2.1507,0.08654,0,-0.0015468,4.3219
0.095211,2.1507,0.08654,0,-0.0014465,4.3262
0.095263,2.1507,0.08654,0,-0.001376,4.3253
0.095316,2.1507,0.08654,0,-0.0013601,4.3201
0.095368,2.1507,0.08654,0,-0.001364,4.3398
0.095421,2.1507,0.08654,0,-0.0014027,4.3425
0.095474,2.1507,0.08654,0,-0.0014528,4.3427
0.095526,2.1507,0.08654,0,-0.0014713,4.3481
0.095579,2.1507,0.08654,0,-0.0014682,4.3584
0.095632,2.1507,0.08654,0,-0.0014544,4.3549
0.095684,2.1507,0.086539,0,-0.0014367,4.3574
0.095737,2.1507,0.086539,0,-0.0014253,4.3641
0.095789,2.1507,0.086539,0,-0.0013874,4.3523
0.095842,2.1507,0.086539,0,-0.0013554,4.3547
0.095895,2.1507,0.086539,0,-0.0013045,4.3648
0.095947,2.1507,0.086539,0,-0.001223,4.3748
0.096,2.1507,0.086539,0,-0.0011526,4.3692
0.096053,2.1507,0.086539,0,-0.0010818,4.3811
0.096105,2.1507,0.086539,0,-0.0010103,4.376
0.096158,2.1507,0.086539,0,-0.00093718,4.3637
0.096211,2.1507,0.086539,0,-0.00086282,4.367
0.096263,2.1507,0.086539,0,-0.00078858,4.371
0.096316,2.1507,0.086539,0,-0.00071166,4.3555
0.096368,2.1507,0.086539,0,-0.00063054,4.3621
0.096421,2.1507,0.086539,0,-0.00054619,4.3709
0.096474,2.1507,0.086539,0,-0.00046191,4.3662
0.096526,2.1507,0.086539,0,-0.00037732,4.3683
0.096579,2.1507,0.086539,0,-0.00029265,4.3823
0.096632,2.1507,0.086539,0,-0.00021109,4.3725
0.096684,2.1507,0.086539,0,-0.00013103,4.3762
0.096737,2.1507,0.086539,0,-5.1519e-05,4.3758
0.096789,2.1507,0.086539,0,2.8869e-05,4.3658
0.096842,2.1507,0.086539,0,0.00011203,4.3594
0.096895,2.1507,0.086539,0,0.00019678,4.3687
0.096947,2.1507,0.086539,0,0.00028312,4.3713
0.097,2.1507,0.086539,0,0.00036991,4.3652
0.097053,2.1507,0.086539,0,0.00045908,4.3733
0.097105,2.1507,0.086539,0,0.0005519,4.3736
0.097158,2.1507,0.086539,0,0.00064906,4.3688
0.097211,2.1507,0.086539,0,0.00076565,4.366
0.097263,2.1507,0.086539,0,0.00087703,4.3728
0.097316,2.1507,0.086539,0,0.00096386,4.3592
0.097368,2.1507,0.086539,0,0.0010125,4.3685
0.097421,2.1507,0.086539,0,0.0010156,4.3785
0.097474,2.1507,0.086539,0,0.00097546,4.3713
0.097526,2.1507,0.086539,0,0.00090089,4.369
0.097579,2.1507,0.086539,0,0.00079317,4.3799
0.097632,2.1507,0.086539,0,0.00070092,4.3813
0.097684,2.1507,0.086539,0,0.00062818,4.366
0.097737,2.1507,0.086539,0,0.00058703,4.3668
0.097789,2.1507,0.086539,0,0.0005841,4.3656
0.097842,2.1507,0.086539,0,0.00062991,4.3522
0.097895,2.1507,0.086539,0,0.00067713,4.355
0.097947,2.1507,0.086539,0,0.00071579,4.3617
0.098,2.1507,0.086539,0,0.0007282,4.3528
0.098053,2.1507,0.086539,0,0.0007357,4.353
0.098105,2.1507,0.08654,0,0.00076075,4.3578
0.098158,2.1507,0.08654,0,0.0007869,4.344
0.098211,2.1507,0.08654,0,0.00078894,4.3408
0.098263,2.1507,0.08654,0,0.0007839,4.3485
0.098316,2.1507,0.08654,0,0.00076202,4.3399
0.098368,2.1507,0.08654,0,0.00071183,4.3336
0.098421,2.1507,0.08654,0,0.00066841,4.3398
0.098474,2.1507,0.08654,0,0.00061375,4.3404
0.098526,2.1507,0.08654,0,0.00057599,4.3317
0.098579,2.1507,0.08654,0,0.00053763,4.3422
0.098632,2.1507,0.08654,0,0.00048808,4.3437
0.098684,2.1507,0.08654,0,0.00045617,4.3286
0.098737,2.1507,0.08654,0,0.00045727,4.3265
0.098789,2.1507,0.08654,0,0.00046036,4.3325
0.098842,2.1507,0.08654,0,0.00048773,4.3222
0.098895,2.1507,0.08654,0,0.00050066,4.3189
0.098947,2.1507,0.08654,0,0.00051338,4.3243
0.099,2.1507,0.08654,0,0.0005259,4.3214
0.099053,2.1507,0.08654,0,0.0005382,4.3206
0.099105,2.1507,0.08654,0,0.00055031,4.3361
0.099158,2.1507,0.08654,0,0.0005622,4.3352
0.099211,2.1507,0.08654,0,0.00057389,4.3302
0.099263,2.1507,0.08654,0,0.00058538,4.3313
0.099316,2.1507,0.08654,0,0.00059665,4.3386
0.099368,2.1507,0.08654,0,0.00060772,4.3263
0.099421,2.1507,0.08654,0,0.00061859,4.3337
0.099474,2.1507,0.08654,0,0.00062924,4.3373
0.099526,2.1507,0.08654,0,0.00063969,4.3344
0.099579,2.1507,0.08654,0,0.00064994,4.3336
0.099632,2.1507,0.08654,0,0.00065998,4.3404
0.099684,2.1507,0.08654,0,0.00066981,4.3305
0.099737,2.1507,0.086541,0,0.00067943,4.3341
0.099789,2.1507,0.086541,0,0.00068885,4.3397
0.099842,2.1507,0.086541,0,0.00069806,4.3355
0.099895,2.1507,0.086541,0,0.00070707,4.326
0.099947,2.1507,0.086541,0,0.00071586,4.3355
0.1,2.1507,0.086541,0,0.00072446,4.3331
0.10005,2.1507,0.086541,0,0.00073284,4.3334
0.10011,2.1507,0.086541,0,0.00074102,4.3408
0.10016,2.1507,0.086541,0,0.00074899,4.3446
0.10021,2.1507,0.086541,0,0.00075676,4.3256
0.10026,2.1507,0.086541,0,0.00076432,4.3353
0.10032,2.1507,0.086541,0,0.00077167,4.3368
0.10037,2.1507,0.086541,0,0.00077882,4.3229
0.10042,2.1507,0.086541,0,0.00078576,4.321
0.10047,2.1507,0.086541,0,0.00079249,4.3367
0.10053,2.1507,0.086541,0,0.00079902,4.3329
0.10058,2.1507,0.086541,0,0.00080534,4.3265
0.10063,2.1507,0.086541,0,0.00081145,4.3486
0.10068,2.1507,0.086541,0,0.00083236,4.3466
0.10074,2.1507,0.086541,0,0.00082884,4.3375
0.10079,2.1507,0.086541,0,0.00080674,4.35
0.10084,2.1507,0.086541,0,0.00077227,4.3478
0.10089,2.1507,0.086541,0,0.000732,4.3317
0.10095,2.1507,0.086541,0,0.00069287,4.3394
0.101,2.1507,0.086541,0,0.00066218,4.3471
0.10105,2.1507,0.086541,0,0.00064762,4.3374
0.10111,2.1507,0.086542,0,0.00065724,4.342
0.10116,2.1507,0.086542,0,0.00065233,4.3473
0.10121,2.1507,0.086542,0,0.00064713,4.3446
0.10126,2.1507,0.086542,0,0.00064163,4.3424
0.10132,2.1507,0.086542,0,0.00063583,4.3475
0.10137,2.1507,0.086542,0,0.00062974,4.3401
0.10142,2.1507,0.086542,0,0.00062335,4.3381
0.10147,2.1507,0.086542,0,0.00061666,4.3484
0.10153,2.1507,0.086542,0,0.00060968,4.3487
0.10158,2.1507,0.086542,0,0.0006024,4.3448
0.10163,2.1507,0.086542,0,0.00059483,4.3533
0.10168,2.1507,0.086542,0,0.00058696,4.3672
0.10174,2.1507,0.086542,0,0.00057879,4.3482
0.10179,2.1507,0.086542,0,0.00057032,4.3543
0.10184,2.1507,0.086542,0,0.00056156,4.3517
0.10189,2.1507,0.086542,0,0.0005525,4.3395
0.10195,2.1507,0.086542,0,0.00054315,4.3388
0.102,2.1507,0.086542,0,0.0005335,4.3486
0.10205,2.1507,0.086542,0,0.00052355,4.3435
0.10211,2.1507,0.086542,0,0.00051331,4.3394
0.10216,2.1507,0.086542,0,0.00050277,4.3453
0.10221,2.1507,0.086542,0,0.00049193,4.3517
0.10226,2.1507,0.086542,0,0.0004808,4.3471
0.10232,2.1507,0.086542,0,0.00046937,4.3564
0.10237,2.1507,0.086542,0,0.00045764,4.3548
0.10242,2.1507,0.086542,0,0.00044562,4.344
0.10247,2.1507,0.086542,0,0.0004333,4.3472
0.10253,2.1507,0.086542,0,0.00042068,4.3536
0.10258,2.1507,0.086542,0,0.00040777,4.352
0.10263,2.1507,0.086542,0,0.00039456,4.3585
0.10268,2.1507,0.086542,0,0.00038105,4.3676
0.10274,2.1507,0.086542,0,0.00036725,4.3559
0.10279,2.1507,0.086542,0,0.00035315,4.3498
0.10284,2.1507,0.086542,0,0.00033876,4.3528
0.10289,2.1507,0.086542,0,0.00032289,4.3471
0.10295,2.1507,0.086542,0,0.00030862,4.3405
0.103,2.1507,0.086542,0,0.00029433,4.3479
0.10305,2.1507,0.086542,0,0.00028141,4.3503
0.10311,2.1507,0.086543,0,0.00027198,4.3484
0.10316,2.1507,0.086543,0,0.00026336,4.3577
0.10321,2.1507,0.086543,0,0.00025589,4.3641
0.10326,2.1507,0.086543,0,0.00025051,4.3557
0.10332,2.1507,0.086543,0,0.00024342,4.3622
0.10337,2.1507,0.086543,0,0.0002385,4.3621
0.10342,2.1507,0.086543,0,0.00023061,4.3551
0.10347,2.1507,0.086543,0,0.00022229,4.3448
0.10353,2.1507,0.086543,0,0.00021497,4.3525
0.10358,2.1507,0.086543,0,0.0002066,4.3424
0.10363,2.1507,0.086543,0,0.00019945,4.3396
0.10368,2.1507,0.086543,0,0.00019484,4.3476
0.10374,2.1507,0.086543,0,0.00019176,4.3456
0.10379,2.1507,0.086543,0,0.00018905,4.3348
0.10384,2.1507,0.086543,0,0.00018541,4.3432
0.10389,2.1507,0.086543,0,0.00017943,4.3445
0.10395,2.1507,0.086543,0,0.00017202,4.3337
0.104,2.1507,0.086543,0,0.00016423,4.3398
0.10405,2.1507,0.086543,0,0.00015833,4.3484
0.10411,2.1507,0.086543,0,0.00015356,4.3324
0.10416,2.1507,0.086543,0,0.00014971,4.3418
0.10421,2.1507,0.086543,0,0.0001422,4.3494
0.10426,2.1507,0.086543,0,0.00013427,4.3425
0.10432,2.1507,0.086543,0,0.0001256,4.3402
0.10437,2.1507,0.086543,0,0.00011588,4.3418
0.10442,2.1507,0.086543,0,0.00010846,4.3371
0.10447,2.1507,0.086543,0,0.00010257,4.3276
0.10453,2.1507,0.086543,0,9.7386e-05,4.3352
0.10458,2.1507,0.086543,0,9.2666e-05,4.3311
0.10463,2.1507,0.086543,0,8.8758e-05,4.3276
0.10468,2.1507,0.086543,0,8.721e-05,4.3377
0.10474,2.1507,0.086543,0,8.3537e-05,4.3467
0.10479,2.1507,0.086543,0,7.7896e-05,4.3331
0.10484,2.1507,0.086543,0,7.163e-05,4.339
0.10489,2.1507,0.086543,0,6.3022e-05,4.3399
0.10495,2.1507,0.086543,0,4.9647e-05,4.3308
0.105,2.1507,0.086543,0,3.5182e-05,4.3377
0.10505,2.1507,0.086543,0,2.4681e-05,4.3467
0.10511,2.1507,0.086543,0,1.6629e-05,4.3334
0.10516,2.1507,0.086543,0,5.7198e-06,4.3363
0.10521,2.1507,0.086543,0,-1.302e-06,4.3484
0.10526,2.1507,0.086543,0,-6.5267e-06,4.3429
0.10532,2.1507,0.086543,0,-1.0985e-05,4.3358
0.10537,2.1507,0.086543,0,-1.9463e-05,4.348
0.10542,2.1507,0.086543,0,-2.8984e-05,4.3462
0.10547,2.1507,0.086543,0,-3.9379e-05,4.3349
0.10553,2.1507,0.086543,0,-5.0466e-05,4.3418
0.10558,2.1507,0.086543,0,-6.1436e-05,4.3463
0.10563,2.1507,0.086543,0,-6.8298e-05,4.3396
0.10568,2.1507,0.086543,0,-7.0553e-05,4.3474
0.10574,2.1507,0.086543,0,-7.1383e-05,4.3583
0.10579,2.1507,0.086543,0,-6.9831e-05,4.3575
0.10584,2.1507,0.086543,0,-6.859e-05,4.3501
0.10589,2.1507,0.086543,0,-7.1678e-05,4.3531
0.10595,2.1507,0.086543,0,-7.648e-05,4.3458
0.106,2.1507,0.086543,0,-8.0238e-05,4.3382
0.10605,2.1507,0.086543,0,-8.3182e-05,4.3514
0.10611,2.1507,0.086543,0,-8.6173e-05,4.3426
0.10616,2.1507,0.086543,0,-8.8943e-05,4.3384
0.10621,2.1507,0.086543,0,-9.0031e-05,4.3533
0.10626,2.1507,0.086543,0,-9.2216e-05,4.3597
0.10632,2.1507,0.086543,0,-9.7249e-05,4.352
0.10637,2.1507,0.086543,0,-0.00010445,4.355
0.10642,2.1507,0.086543,0,-0.00010944,4.3663
0.10647,2.1507,0.086543,0,-0.00011555,4.3631
0.10653,2.1507,0.086543,0,-0.00012183,4.3665
0.10658,2.1507,0.086543,0,-0.00012418,4.3721
0.10663,2.1507,0.086543,0,-0.00012327,4.3717
0.10668,2.1507,0.086543,0,-0.00011922,4.374
0.10674,2.1507,0.086543,0,-0.0001128,4.3841
0.10679,2.1507,0.086543,0,-0.00010544,4.3793
0.10684,2.1507,0.086543,0,-9.6667e-05,4.3756
0.10689,2.1507,0.086543,0,-8.6522e-05,4.3874
0.10695,2.1507,0.086543,0,-7.3272e-05,4.3823
0.107,2.1507,0.086543,0,-5.9414e-05,4.3732
0.10705,2.1507,0.086543,0,-4.6955e-05,4.3812
0.10711,2.1507,0.086543,0,-3.7386e-05,4.3886
0.10716,2.1507,0.086543,0,-3.1655e-05,4.3749
0.10721,2.1507,0.086543,0,-3.0137e-05,4.3865
0.10726,2.1507,0.086543,0,-3.2603e-05,4.3987
0.10732,2.1507,0.086543,0,-3.469e-05,4.3945
0.10737,2.1507,0.086543,0,-3.5654e-05,4.3921
0.10742,2.1507,0.086543,0,-3.6611e-05,4.4024
0.10747,2.1507,0.086543,0,-3.756e-05,4.3842
0.10753,2.1507,0.086543,0,-3.8503e-05,4.3807
0.10758,2.1507,0.086543,0,-3.9438e-05,4.3902
0.10763,2.1507,0.086543,0,-4.1483e-05,4.3849
0.10768,2.1507,0.086543,0,-4.16e-05,4.3831
0.10774,2.1507,0.086543,0,-4.1599e-05,4.3984
0.10779,2.1507,0.086543,0,-3.9005e-05,4.4032
0.10784,2.1507,0.086543,0,-3.485e-05,4.3925
0.10789,2.1507,0.086543,0,-3.0166e-05,4.4022
0.10795,2.1507,0.086543,0,-2.5983e-05,4.4116
0.108,2.1507,0.086543,0,-2.3332e-05,4.4056
0.10805,2.1507,0.086543,0,-2.3246e-05,4.4051
0.10811,2.1507,0.086543,0,-2.3251e-05,4.4191
0.10816,2.1507,0.086543,0,-2.5154e-05,4.4196
0.10821,2.1507,0.086543,0,-2.592e-05,4.4104
0.10826,2.1507,0.086543,0,-2.6665e-05,4.4209
0.10832,2.1507,0.086543,0,-2.7389e-05,4.4262
0.10837,2.1507,0.086543,0,-2.8091e-05,4.4228
0.10842,2.1507,0.086543,0,-2.8772e-05,4.4371
0.10847,2.1507,0.086543,0,-2.9433e-05,4.4298
0.10853,2.1507,0.086543,0,-3.0072e-05,4.4197
0.10858,2.1507,0.086543,0,-3.0689e-05,4.4306
0.10863,2.1507,0.086543,0,-3.1286e-05,4.4254
0.10868,2.1507,0.086543,0,-3.1861e-05,4.4158
0.10874,2.1507,0.086543,0,-3.2416e-05,4.4263
0.10879,2.1507,0.086543,0,-3.2949e-05,4.4271
0.10884,2.1507,0.086543,0,-3.346e-05,4.4254
0.10889,2.1507,0.086543,0,-3.3951e-05,4.4269
0.10895,2.1507,0.086543,0,-3.4421e-05,4.4377
0.109,2.1507,0.086543,0,-3.4869e-05,4.4228
0.10905,2.1507,0.086543,0,-3.5296e-05,4.4137
0.10911,2.1507,0.086543,0,-3.5702e-05,4.43
0.10916,2.1507,0.086543,0,-3.6087e-05,4.4207
0.10921,2.1507,0.086543,0,-3.6451e-05,4.4038
0.10926,2.1507,0.086543,0,-3.6793e-05,4.4204
0.10932,2.1507,0.086543,0,-3.7114e-05,4.4239
0.10937,2.1507,0.086543,0,-3.7414e-05,4.4129
0.10942,2.1507,0.086543,0,-3.7693e-05,4.4214
0.10947,2.1507,0.086543,0,-3.7951e-05,4.4283
0.10953,2.1507,0.086543,0,-3.9304e-05,4.4142
0.10958,2.1507,0.086543,0,-3.8715e-05,4.4124
0.10963,2.1507,0.086543,0,-3.6817e-05,4.42
0.10968,2.1507,0.086543,0,-3.4212e-05,4.418
0.10974,2.1507,0.086543,0,-3.1473e-05,4.4154
0.10979,2.1507,0.086543,0,-3.0261e-05,4.4251
0.10984,2.1507,0.086543,0,-2.8055e-05,4.4247
0.10989,2.1507,0.086543,0,-2.5973e-05,4.4176
0.10995,2.1507,0.086543,0,-2.6195e-05,4.436
0.11,2.1507,0.086543,0,-2.3178e-05,4.4295
0.11005,2.1507,0.086543,0,-1.9276e-05,4.4213
0.11011,2.1507,0.086543,0,-1.5608e-05,4.4275
0.11016,2.1507,0.086543,0,-1.3233e-05,4.425
0.11021,2.1507,0.086543,0,-1.4272e-05,4.4156
0.11026,2.1507,0.086543,0,-1.4241e-05,4.4202
0.11032,2.1507,0.086543,0,-1.24e-05,4.4259
0.11037,2.1507,0.086543,0,-9.3271e-06,4.4235
0.11042,2.1507,0.086543,0,-5.0411e-06,4.4235
0.11047,2.1507,0.086543,0,1.1105e-05,4.4336
0.11053,2.1507,0.086543,0,-2.4604e-06,4.423
0.11058,2.1507,0.086543,0,-3.6873e-05,4.4145
0.11063,2.1507,0.086543,0,-6.8331e-05,4.4168
0.11068,2.1507,0.086543,0,-0.00012702,4.4174
0.11074,2.1507,0.086543,0,-0.00019499,4.406
0.11079,2.1507,0.086543,0,-0.00025518,4.4196
0.11084,2.1507,0.086543,0,-0.00029433,4.412
0.11089,2.1507,0.086542,0,-0.00029988,4.4072
0.11095,2.1507,0.086542,0,-0.00030464,4.4161
0.111,2.1507,0.086542,0,-0.00028919,4.4181
0.11105,2.1507,0.086542,0,-0.00024644,4.411
0.11111,2.1507,0.086542,0,-0.00022142,4.4122
0.11116,2.1507,0.086542,0,-0.00020058,4.4193
0.11121,2.1507,0.086542,0,-0.00018288,4.411
0.11126,2.1507,0.086542,0,-0.00016789,4.4074
0.11132,2.1507,0.086542,0,-0.00015469,4.4275
0.11137,2.1507,0.086542,0,-0.00014188,4.4239
0.11142,2.1507,0.086542,0,-0.00013108,4.4234
0.11147,2.1507,0.086542,0,-0.00011922,4.4301
0.11153,2.1507,0.086542,0,-0.00010748,4.4271
0.11158,2.1507,0.086542,0,-9.5851e-05,4.4282
0.11163,2.1507,0.086542,0,-8.5458e-05,4.4308
0.11168,2.1507,0.086542,0,-7.3261e-05,4.4342
0.11174,2.1507,0.086542,0,-5.9893e-05,4.4221
0.11179,2.1507,0.086542,0,-4.5955e-05,4.4269
0.11184,2.1507,0.086542,0,-4.7366e-05,4.4318
0.11189,2.1507,0.086542,0,-2.2926e-05,4.4287
0.11195,2.1507,0.086542,0,1.8161e-05,4.4375
0.112,2.1507,0.086542,0,6.7123e-05,4.4458
0.11205,2.1507,0.086542,0,0.00010028,4.4407
0.11211,2.1507,0.086542,0,0.00013962,4.4373
0.11216,2.1507,0.086542,0,0.00020994,4.4438
0.11221,2.1507,0.086542,0,0.00028756,4.443
0.11226,2.1507,0.086542,0,0.00035003,4.4346
0.11232,2.1507,0.086542,0,0.00042427,4.4528
0.11237,2.1507,0.086542,0,0.00047843,4.4473
0.11242,2.1507,0.086542,0,0.00050175,4.4433
0.11247,2.1507,0.086543,0,0.00048061,4.4571
0.11253,2.1507,0.086543,0,0.00045039,4.4611
0.11258,2.1507,0.086543,0,0.0004213,4.454
0.11263,2.1507,0.086543,0,0.00040302,4.4558
0.11268,2.1507,0.086543,0,0.00042808,4.4616
0.11274,2.1507,0.086543,0,0.00047902,4.4633
0.11279,2.1507,0.086543,0,0.00053923,4.4556
0.11284,2.1507,0.086543,0,0.00059641,4.4744
0.11289,2.1507,0.086543,0,0.00063482,4.4659
0.11295,2.1507,0.086543,0,0.00064068,4.4643
0.113,2.1507,0.086543,0,0.00060099,4.4748
0.11305,2.1507,0.086543,0,0.00055174,4.4733
0.11311,2.1507,0.086543,0,0.00052017,4.4677
0.11316,2.1507,0.086543,0,0.00047283,4.475
0.11321,2.1507,0.086543,0,0.00044906,4.4767
0.11326,2.1507,0.086543,0,0.00042725,4.462
0.11332,2.1507,0.086543,0,0.00043894,4.4715
0.11337,2.1507,0.086543,0,0.00046922,4.4715
0.11342,2.1507,0.086543,0,0.00050269,4.4624
0.11347,2.1507,0.086543,0,0.00052767,4.4671
0.11353,2.1507,0.086543,0,0.00053263,4.4778
0.11358,2.1507,0.086543,0,0.00050388,4.4695
0.11363,2.1507,0.086543,0,0.00047393,4.47
0.11368,2.1507,0.086543,0,0.00042042,4.4741
0.11374,2.1507,0.086543,0,0.00038112,4.4737
0.11379,2.1507,0.086543,0,0.00033958,4.4679
0.11384,2.1507,0.086543,0,0.00029438,4.4727
0.11389,2.1507,0.086543,0,0.0002476,4.4688
0.11395,2.1507,0.086543,0,0.00020067,4.4677
0.114,2.1507,0.086543,0,0.00015549,4.4802
0.11405,2.1507,0.086543,0,0.00011089,4.4794
0.11411,2.1507,0.086543,0,6.6866e-05,4.4615
0.11416,2.1507,0.086543,0,2.342e-05,4.456
0.11421,2.1507,0.086543,0,-1.9449e-05,4.4609
0.11426,2.1507,0.086543,0,-6.174e-05,4.4507
0.11432,2.1507,0.086543,0,-0.00010345,4.4555
0.11437,2.1507,0.086543,0,-0.00014571,4.4629
0.11442,2.1507,0.086543,0,-0.00018658,4.4533
0.11447,2.1507,0.086543,0,-0.00022367,4.4564
0.11453,2.1507,0.086543,0,-0.00025932,4.4744
0.11458,2.1507,0.086543,0,-0.00029279,4.4762
0.11463,2.1507,0.086543,0,-0.00032392,4.4558
0.11468,2.1507,0.086543,0,-0.00035307,4.4622
0.11474,2.1507,0.086543,0,-0.00038113,4.4642
0.11479,2.1507,0.086543,0,-0.00040948,4.4584
0.11484,2.1507,0.086543,0,-0.00043645,4.454
0.11489,2.1507,0.086543,0,-0.00046158,4.4595
0.11495,2.1507,0.086543,0,-0.00048793,4.4509
0.115,2.1507,0.086543,0,-0.00051433,4.4503
0.11505,2.1507,0.086543,0,-0.00054076,4.4567
0.11511,2.1507,0.086543,0,-0.00056721,4.44
0.11516,2.1507,0.086543,0,-0.00059368,4.4351
0.11521,2.1507,0.086543,0,-0.00062017,4.4396
0.11526,2.1507,0.086543,0,-0.00064666,4.4366
0.11532,2.1507,0.086543,0,-0.00067315,4.4255
0.11537,2.1507,0.086543,0,-0.00069963,4.4314
0.11542,2.1507,0.086543,0,-0.00072609,4.4354
0.11547,2.1507,0.086543,0,-0.00075253,4.4162
0.11553,2.1507,0.086543,0,-0.00077895,4.4258
0.11558,2.1507,0.086543,0,-0.00080532,4.4305
0.11563,2.1507,0.086543,0,-0.00083165,4.4185
0.11568,2.1507,0.086542,0,-0.00085681,4.4196
0.11574,2.1507,0.086542,0,-0.00088384,4.4255
0.11579,2.1507,0.086542,0,-0.00091209,4.4148
0.11584,2.1507,0.086542,0,-0.00094095,4.4079
0.11589,2.1507,0.086542,0,-0.00096873,4.4203
0.11595,2.1507,0.086542,0,-0.00099791,4.4121
0.116,2.1507,0.086542,0,-0.0010273,4.4094
0.11605,2.1507,0.086542,0,-0.0010559,4.4177
0.11611,2.1507,0.086542,0,-0.0010826,4.4208
0.11616,2.1507,0.086542,0,-0.0011099,4.4168
0.11621,2.1507,0.086542,0,-0.0011362,4.4268
0.11626,2.1507,0.086542,0,-0.0011609,4.4241
0.11632,2.1507,0.086542,0,-0.0011836,4.419
0.11637,2.1507,0.086542,0,-0.0012085,4.4214
0.11642,2.1507,0.086542,0,-0.0012314,4.4262
0.11647,2.1507,0.086542,0,-0.0012527,4.4157
0.11653,2.1507,0.086542,0,-0.0012718,4.4239
0.11658,2.1507,0.086542,0,-0.0012921,4.4306
0.11663,2.1507,0.086541,0,-0.0013138,4.4191
0.11668,2.1507,0.086541,0,-0.0013355,4.4151
0.11674,2.1507,0.086541,0,-0.0013592,4.4245
0.11679,2.1507,0.086541,0,-0.0013851,4.42
0.11684,2.1507,0.086541,0,-0.0014135,4.4154
0.11689,2.1507,0.086541,0,-0.0014445,4.424
0.11695,2.1507,0.086541,0,-0.001478,4.4266
0.117,2.1507,0.086541,0,-0.0015136,4.4198
0.11705,2.1507,0.086541,0,-0.0015468,4.4265
0.11711,2.1507,0.086541,0,-0.0015745,4.4329
0.11716,2.1507,0.086541,0,-0.0015961,4.4212
0.11721,2.1507,0.086541,0,-0.0016144,4.4214
0.11726,2.1507,0.08654,0,-0.0016326,4.4259
0.11732,2.1507,0.08654,0,-0.0016507,4.4185
0.11737,2.1507,0.08654,0,-0.0016687,4.4122
0.11742,2.1507,0.08654,0,-0.0016879,4.4244
0.11747,2.1507,0.08654,0,-0.0017073,4.4247
0.11753,2.1507,0.08654,0,-0.0017246,4.4272
0.11758,2.1507,0.08654,0,-0.0017394,4.4374
0.11763,2.1507,0.08654,0,-0.0017599,4.4403
0.11768,2.1507,0.08654,0,-0.0017825,4.4303
0.11774,2.1507,0.08654,0,-0.0018041,4.4423
0.11779,2.1507,0.08654,0,-0.0018256,4.4383
0.11784,2.1507,0.086539,0,-0.0018467,4.4333
0.11789,2.1507,0.086539,0,-0.0018659,4.4389
0.11795,2.1507,0.086539,0,-0.0018825,4.4432
0.118,2.1507,0.086539,0,-0.0018985,4.4344
0.11805,2.1507,0.086539,0,-0.0019184,4.4424
0.11811,2.1507,0.086539,0,-0.0019391,4.4524
0.11816,2.1507,0.086539,0,-0.0019591,4.4436
0.11821,2.1507,0.086539,0,-0.00198,4.4407
0.11826,2.1507,0.086539,0,-0.0019989,4.4461
0.11832,2.1507,0.086539,0,-0.0020168,4.4447
0.11837,2.1507,0.086538,0,-0.0020338,4.4313
0.11842,2.1507,0.086538,0,-0.0020498,4.4386
0.11847,2.1507,0.086538,0,-0.0020649,4.4374
0.11853,2.1507,0.086538,0,-0.0020791,4.4332
0.11858,2.1507,0.086538,0,-0.0021077,4.4422
0.11863,2.1507,0.086538,0,-0.0021089,4.4465
0.11868,2.1507,0.086538,0,-0.0020915,4.4395
0.11874,2.1507,0.086538,0,-0.0020637,4.4383
0.11879,2.1507,0.086538,0,-0.0020335,4.4423
0.11884,2.1507,0.086537,0,-0.0020082,4.431
0.11889,2.1507,0.086537,0,-0.001995,4.4305
0.11895,2.1507,0.086537,0,-0.0020007,4.4374
0.119,2.1507,0.086537,0,-0.0020313,4.4336
0.11905,2.1507,0.086537,0,-0.0020448,4.4306
0.11911,2.1507,0.086537,0,-0.0020573,4.445
0.11916,2.1507,0.086537,0,-0.0020687,4.4522
0.11921,2.1507,0.086537,0,-0.0020791,4.4414
0.11926,2.1507,0.086537,0,-0.0020884,4.4518
0.11932,2.1507,0.086537,0,-0.0020967,4.455
0.11937,2.1507,0.086536,0,-0.002104,4.4475
0.11942,2.1507,0.086536,0,-0.0021102,4.4486
0.11947,2.1507,0.086536,0,-0.0021143,4.4501
0.11953,2.1507,0.086536,0,-0.0021192,4.4465
0.11958,2.1507,0.086536,0,-0.0021245,4.4569
0.11963,2.1507,0.086536,0,-0.0021297,4.4657
0.11968,2.1507,0.086536,0,-0.0021343,4.4616
0.11974,2.1507,0.086536,0,-0.0021366,4.4623
0.11979,2.1507,0.086535,0,-0.0021391,4.4699
0.11984,2.1507,0.086535,0,-0.0021408,4.4657
0.11989,2.1507,0.086535,0,-0.0021392,4.4588
0.11995,2.1507,0.086535,0,-0.0021401,4.4679
0.12,2.1507,0.086535,0,-0.0021413,4.4642
0.12005,2.1507,0.086535,0,-0.0021417,4.4516
0.12011,2.1507,0.086535,0,-0.0021403,4.4599
0.12016,2.1507,0.086535,0,-0.0021347,4.4573
0.12021,2.1507,0.086535,0,-0.0021292,4.4494
0.12026,2.1507,0.086534,0,-0.0021247,4.4423
0.12032,2.1507,0.086534,0,-0.0021209,4.4434
0.12037,2.1507,0.086534,0,-0.0021178,4.4292
0.12042,2.1507,0.086534,0,-0.0021269,4.4213
0.12047,2.1507,0.086534,0,-0.0021057,4.4279
0.12053,2.1507,0.086534,0,-0.0020603,4.4185
0.12058,2.1507,0.086534,0,-0.0020134,4.4128
0.12063,2.1507,0.086534,0,-0.0019334,4.4302
0.12068,2.1507,0.086534,0,-0.0018359,4.426
0.12074,2.1507,0.086534,0,-0.0017375,4.4206
0.12079,2.1507,0.086533,0,-0.0016526,4.4333
0.12084,2.1507,0.086533,0,-0.0015965,4.4264
0.12089,2.1507,0.086533,0,-0.001538,4.4168
0.12095,2.1507,0.086533,0,-0.0014976,4.4242
0.121,2.1507,0.086533,0,-0.0014848,4.4312
0.12105,2.1507,0.086533,0,-0.0014553,4.4176
0.12111,2.1507,0.086533,0,-0.0014216,4.4209
0.12116,2.1507,0.086533,0,-0.0013844,4.4312
0.12121,2.1507,0.086533,0,-0.0013438,4.4287
0.12126,2.1507,0.086533,0,-0.0013005,4.4267
0.12132,2.1507,0.086533,0,-0.0012559,4.4354
0.12137,2.1507,0.086533,0,-0.0012082,4.4257
0.12142,2.1507,0.086533,0,-0.0011605,4.418
0.12147,2.1507,0.086533,0,-0.0011115,4.4256
0.12153,2.1507,0.086532,0,-0.0010614,4.4216
0.12158,2.1507,0.086532,0,-0.001009,4.414
0.12163,2.1507,0.086532,0,-0.00095726,4.4266
0.12168,2.1507,0.086532,0,-0.00090581,4.4338
0.12174,2.1507,0.086532,0,-0.00085414,4.4272
0.12179,2.1507,0.086532,0,-0.00078555,4.4302
0.12184,2.1507,0.086532,0,-0.00074182,4.4315
0.12189,2.1507,0.086532,0,-0.00071604,4.4243
0.12195,2.1507,0.086532,0,-0.00070094,4.4177
0.122,2.1507,0.086532,0,-0.0006726,4.4284
0.12205,2.1507,0.086532,0,-0.0006527,4.4188
0.12211,2.1507,0.086532,0,-0.00066825,4.4151
0.12216,2.1507,0.086532,0,-0.00069796,4.4312
0.12221,2.1507,0.086532,0,-0.00071935,4.4318
0.12226,2.1507,0.086532,0,-0.0007596,4.4272
0.12232,2.1507,0.086532,0,-0.00078682,4.4389
0.12237,2.1507,0.086532,0,-0.00078794,4.4414
0.12242,2.1507,0.086532,0,-0.00074552,4.4385
0.12247,2.1507,0.086532,0,-0.00069212,4.4474
0.12253,2.1507,0.086532,0,-0.00063745,4.4463
0.12258,2.1507,0.086532,0,-0.00059287,4.4423
0.12263,2.1507,0.086532,0,-0.00059075,4.4523
0.12268,2.1507,0.086532,0,-0.00061812,4.4606
0.12274,2.1507,0.086532,0,-0.00066116,4.4602
0.12279,2.1507,0.086532,0,-0.00070893,4.4583
0.12284,2.1507,0.086531,0,-0.00074549,4.4765
0.12289,2.1507,0.086531,0,-0.00075518,4.4712
0.12295,2.1507,0.086531,0,-0.00072153,4.464
0.123,2.1507,0.086531,0,-0.00067804,4.4714
0.12305,2.1507,0.086531,0,-0.00064922,4.4692
0.12311,2.1507,0.086531,0,-0.00060281,4.4645
0.12316,2.1507,0.086531,0,-0.00057851,4.4799
0.12321,2.1507,0.086531,0,-0.00055477,4.4799
0.12326,2.1507,0.086531,0,-0.00058354,4.4779
0.12332,2.1507,0.086531,0,-0.00062491,4.4845
0.12337,2.1507,0.086531,0,-0.00063579,4.4876
0.12342,2.1507,0.086531,0,-0.00061777,4.4752
0.12347,2.1507,0.086531,0,-0.00057406,4.4734
0.12353,2.1507,0.086531,0,-0.00050326,4.4813
0.12358,2.1507,0.086531,0,-0.00045006,4.4739
0.12363,2.1507,0.086531,0,-0.00040374,4.474
0.12368,2.1507,0.086531,0,-0.00041732,4.4853
0.12374,2.1507,0.086531,0,-0.0004376,4.4896
0.12379,2.1507,0.086531,0,-0.00044016,4.4875
0.12384,2.1507,0.086531,0,-0.00043877,4.4999
0.12389,2.1507,0.086531,0,-0.00043591,4.5057
0.12395,2.1507,0.086531,0,-0.0004335,4.499
0.124,2.1507,0.086531,0,-0.00043041,4.5088
0.12405,2.1507,0.086531,0,-0.00042664,4.5157
0.12411,2.1507,0.086531,0,-0.00042333,4.5034
0.12416,2.1507,0.086531,0,-0.00041741,4.5094
0.12421,2.1507,0.086531,0,-0.00040954,4.5246
0.12426,2.1507,0.086531,0,-0.00040143,4.5166
0.12432,2.1507,0.086531,0,-0.00039055,4.512
0.12437,2.1507,0.086531,0,-0.00037695,4.523
0.12442,2.1507,0.086531,0,-0.00036499,4.5126
0.12447,2.1507,0.086531,0,-0.00035421,4.5092
0.12453,2.1507,0.086531,0,-0.00034709,4.513
0.12458,2.1507,0.086531,0,-0.00034198,4.5107
0.12463,2.1507,0.086531,0,-0.00034092,4.5024
0.12468,2.1507,0.086531,0,-0.0003441,4.5113
0.12474,2.1507,0.086531,0,-0.00034756,4.5128
0.12479,2.1507,0.086531,0,-0.00035114,4.5046
0.12484,2.1507,0.086531,0,-0.00035665,4.5083
0.12489,2.1507,0.086531,0,-0.00036105,4.518
0.12495,2.1507,0.086531,0,-0.00036548,4.5044
0.125,2.1507,0.08653,0,-0.00036994,4.5064
0.12505,2.1507,0.08653,0,-0.00037444,4.5149
0.12511,2.1507,0.08653,0,-0.00037898,4.5067
0.12516,2.1507,0.08653,0,-0.00038358,4.5047
0.12521,2.1507,0.08653,0,-0.00038823,4.517
0.12526,2.1507,0.08653,0,-0.00039294,4.5157
0.12532,2.1507,0.08653,0,-0.00039773,4.5102
0.12537,2.1507,0.08653,0,-0.0004026,4.5183
0.12542,2.1507,0.08653,0,-0.00040756,4.5247
0.12547,2.1507,0.08653,0,-0.0004126,4.5154
0.12553,2.1507,0.08653,0,-0.00041775,4.5189
0.12558,2.1507,0.08653,0,-0.00042301,4.5271
0.12563,2.1507,0.08653,0,-0.00042956,4.5152
0.12568,2.1507,0.08653,0,-0.00043544,4.5153
0.12574,2.1507,0.08653,0,-0.0004381,4.5321
0.12579,2.1507,0.08653,0,-0.00043865,4.5305
0.12584,2.1507,0.08653,0,-0.00043939,4.5321
0.12589,2.1507,0.08653,0,-0.00043838,4.541
0.12595,2.1507,0.08653,0,-0.00043719,4.535
0.126,2.1507,0.08653,0,-0.00043744,4.5278
0.12605,2.1507,0.08653,0,-0.00044077,4.5286
0.12611,2.1507,0.08653,0,-0.00044515,4.521
0.12616,2.1507,0.08653,0,-0.00044921,4.5117
0.12621,2.1507,0.08653,0,-0.00045472,4.5226
0.12626,2.1507,0.08653,0,-0.00046234,4.5159
0.12632,2.1507,0.08653,0,-0.00046902,4.5089
0.12637,2.1507,0.08653,0,-0.00047589,4.517
0.12642,2.1507,0.08653,0,-0.00048297,4.5205
0.12647,2.1507,0.08653,0,-0.00049143,4.5084
0.12653,2.1507,0.08653,0,-0.0004982,4.5051
0.12658,2.1507,0.08653,0,-0.00050375,4.5144
0.12663,2.1507,0.08653,0,-0.00051087,4.5076
0.12668,2.1507,0.08653,0,-0.00051514,4.502
0.12674,2.1507,0.08653,0,-0.0005163,4.5164
0.12679,2.1507,0.08653,0,-0.00051459,4.5148
0.12684,2.1507,0.08653,0,-0.00051075,4.5227
0.12689,2.1507,0.08653,0,-0.00050488,4.5323
0.12695,2.1507,0.08653,0,-0.00049818,4.534
0.127,2.1507,0.08653,0,-0.00049304,4.5272
0.12705,2.1507,0.08653,0,-0.00049153,4.5282
0.12711,2.1507,0.08653,0,-0.00049037,4.5383
0.12716,2.1507,0.08653,0,-0.00048744,4.5278
0.12721,2.1507,0.086529,0,-0.00048297,4.533
0.12726,2.1507,0.086529,0,-0.00047598,4.5387
0.12732,2.1507,0.086529,0,-0.0004696,4.5313
0.12737,2.1507,0.086529,0,-0.00046674,4.526
0.12742,2.1507,0.086529,0,-0.00046488,4.5432
0.12747,2.1507,0.086529,0,-0.00046705,4.544
0.12753,2.1507,0.086529,0,-0.00047266,4.5283
0.12758,2.1507,0.086529,0,-0.00047733,4.5359
0.12763,2.1507,0.086529,0,-0.00048091,4.5245
0.12768,2.1507,0.086529,0,-0.0004835,4.5152
0.12774,2.1507,0.086529,0,-0.0004847,4.5188
0.12779,2.1507,0.086529,0,-0.00048458,4.5232
0.12784,2.1507,0.086529,0,-0.00048139,4.515
0.12789,2.1507,0.086529,0,-0.00047757,4.5181
0.12795,2.1507,0.086529,0,-0.00047173,4.5282
0.128,2.1507,0.086529,0,-0.000464,4.5127
0.12805,2.1507,0.086529,0,-0.00045502,4.5169
0.12811,2.1507,0.086529,0,-0.00044499,4.5231
0.12816,2.1507,0.086529,0,-0.00043519,4.5192
0.12821,2.1507,0.086529,0,-0.00042801,4.5129
0.12826,2.1507,0.086529,0,-0.00042173,4.5199
0.12832,2.1507,0.086529,0,-0.00041465,4.5199
0.12837,2.1507,0.086529,0,-0.00040926,4.5202
0.12842,2.1507,0.086529,0,-0.00040441,4.5328
0.12847,2.1507,0.086529,0,-0.00039899,4.5362
0.12853,2.1507,0.086529,0,-0.00037467,4.53
0.12858,2.1507,0.086529,0,-0.00037932,4.5424
0.12863,2.1507,0.086529,0,-0.00040429,4.5387
0.12868,2.1507,0.086529,0,-0.0004418,4.5307
0.12874,2.1507,0.086529,0,-0.00048371,4.5395
0.12879,2.1507,0.086529,0,-0.00052508,4.5568
0.12884,2.1507,0.086529,0,-0.00055633,4.5448
0.12889,2.1507,0.086529,0,-0.00056867,4.5543
0.12895,2.1507,0.086529,0,-0.00055295,4.5687
0.129,2.1507,0.086529,0,-0.00055287,4.5649
0.12905,2.1507,0.086529,0,-0.00055494,4.5582
0.12911,2.1507,0.086529,0,-0.00055851,4.5612
0.12916,2.1507,0.086529,0,-0.00056298,4.566
0.12921,2.1507,0.086529,0,-0.00056777,4.5552
0.12926,2.1507,0.086529,0,-0.00057121,4.5627
0.12932,2.1507,0.086528,0,-0.0005747,4.5616
0.12937,2.1507,0.086528,0,-0.00058014,4.5575
0.12942,2.1507,0.086528,0,-0.00058472,4.5669
0.12947,2.1507,0.086528,0,-0.00059338,4.5764
0.12953,2.1507,0.086528,0,-0.00060317,4.563
0.12958,2.1507,0.086528,0,-0.00061243,4.5631
0.12963,2.1507,0.086528,0,-0.00061958,4.5661
0.12968,2.1507,0.086528,0,-0.00062312,4.5599
0.12974,2.1507,0.086528,0,-0.00062514,4.5609
0.12979,2.1507,0.086528,0,-0.00062706,4.5687
0.12984,2.1507,0.086528,0,-0.00062722,4.5716
0.12989,2.1507,0.086528,0,-0.0006287,4.5694
0.12995,2.1507,0.086528,0,-0.00063032,4.5802
0.13,2.1507,0.086528,0,-0.00063206,4.585
0.13005,2.1507,0.086528,0,-0.00063392,4.5716
0.13011,2.1507,0.086528,0,-0.0006359,4.5778
0.13016,2.1507,0.086528,0,-0.00063798,4.5837
0.13021,2.1507,0.086528,0,-0.00064016,4.5691
0.13026,2.1507,0.086528,0,-0.00064243,4.5706
0.13032,2.1507,0.086528,0,-0.00064479,4.576
0.13037,2.1507,0.086528,0,-0.00064722,4.559
0.13042,2.1507,0.086528,0,-0.00064973,4.5701
0.13047,2.1507,0.086528,0,-0.0006523,4.5751
0.13053,2.1507,0.086528,0,-0.00065492,4.567
0.13058,2.1507,0.086528,0,-0.0006576,4.56
0.13063,2.1507,0.086528,0,-0.00066031,4.5674
0.13068,2.1507,0.086528,0,-0.00066306,4.5613
0.13074,2.1507,0.086528,0,-0.00066584,4.5435
0.13079,2.1507,0.086528,0,-0.00066865,4.559
0.13084,2.1507,0.086528,0,-0.00067146,4.5586
0.13089,2.1507,0.086527,0,-0.00067428,4.5508
0.13095,2.1507,0.086527,0,-0.0006771,4.5616
0.131,2.1507,0.086527,0,-0.00067992,4.5657
0.13105,2.1507,0.086527,0,-0.00068272,4.5541
0.13111,2.1507,0.086527,0,-0.0006855,4.5535
0.13116,2.1507,0.086527,0,-0.00068825,4.5546
0.13121,2.1507,0.086527,0,-0.00069097,4.5442
0.13126,2.1507,0.086527,0,-0.00069364,4.5405
0.13132,2.1507,0.086527,0,-0.00069627,4.5528
0.13137,2.1507,0.086527,0,-0.00069883,4.5479
0.13142,2.1507,0.086527,0,-0.00070134,4.5414
0.13147,2.1507,0.086527,0,-0.00070377,4.5533
0.13153,2.1507,0.086527,0,-0.00070613,4.5591
0.13158,2.1507,0.086527,0,-0.0007084,4.5392
0.13163,2.1507,0.086527,0,-0.00071058,4.5455
0.13168,2.1507,0.086527,0,-0.00071266,4.548
0.13174,2.1507,0.086527,0,-0.00071463,4.5379
0.13179,2.1507,0.086527,0,-0.00071649,4.5424
0.13184,2.1507,0.086527,0,-0.00071824,4.5473
0.13189,2.1507,0.086527,0,-0.00071985,4.5349
0.13195,2.1507,0.086527,0,-0.00072133,4.535
0.132,2.1507,0.086527,0,-0.00072267,4.5436
0.13205,2.1507,0.086527,0,-0.00072386,4.5408
0.13211,2.1507,0.086527,0,-0.0007249,4.5325
0.13216,2.1507,0.086527,0,-0.00072577,4.5385
0.13221,2.1507,0.086527,0,-0.00072647,4.5323
0.13226,2.1507,0.086527,0,-0.000727,4.5236
0.13232,2.1507,0.086526,0,-0.00072734,4.5273
0.13237,2.1507,0.086526,0,-0.0007275,4.5265
0.13242,2.1507,0.086526,0,-0.00072745,4.5175
0.13247,2.1507,0.086526,0,-0.0007272,4.5287
0.13253,2.1507,0.086526,0,-0.00072556,4.5371
0.13258,2.1507,0.086526,0,-0.00072561,4.5287
0.13263,2.1507,0.086526,0,-0.00072686,4.5273
0.13268,2.1507,0.086526,0,-0.00072884,4.5329
0.13274,2.1507,0.086526,0,-0.00073102,4.5337
0.13279,2.1507,0.086526,0,-0.00073285,4.5293
0.13284,2.1507,0.086526,0,-0.00073374,4.5356
0.13289,2.1507,0.086526,0,-0.00073309,4.5273
0.13295,2.1507,0.086526,0,-0.00073026,4.5277
0.133,2.1507,0.086526,0,-0.00072828,4.5344
0.13305,2.1507,0.086526,0,-0.00072602,4.5355
0.13311,2.1507,0.086526,0,-0.00072348,4.5286
0.13316,2.1507,0.086526,0,-0.00072065,4.5335
0.13321,2.1507,0.086526,0,-0.00070134,4.5303
0.13326,2.1507,0.086526,0,-0.00069168,4.52
0.13332,2.1507,0.086526,0,-0.00072646,4.5155
0.13337,2.1507,0.086526,0,-0.00079575,4.5216
0.13342,2.1507,0.086526,0,-0.00088531,4.5067
0.13347,2.1507,0.086526,0,-0.00098008,4.5077
0.13353,2.1507,0.086526,0,-0.0010642,4.5203
0.13358,2.1507,0.086525,0,-0.0011209,4.5132
0.13363,2.1507,0.086525,0,-0.0011326,4.5069
0.13368,2.1507,0.086525,0,-0.0011319,4.523
0.13374,2.1507,0.086525,0,-0.0011444,4.5199
0.13379,2.1507,0.086525,0,-0.0011578,4.5103
0.13384,2.1507,0.086525,0,-0.0011711,4.5178
0.13389,2.1507,0.086525,0,-0.0011842,4.5247
0.13395,2.1507,0.086525,0,-0.0011971,4.5086
0.134,2.1507,0.086525,0,-0.0012098,4.5242
0.13405,2.1507,0.086525,0,-0.0012211,4.5359
0.13411,2.1507,0.086525,0,-0.0012341,4.5261
0.13416,2.1507,0.086525,0,-0.0012483,4.5338
0.13421,2.1507,0.086525,0,-0.001262,4.5418
0.13426,2.1507,0.086525,0,-0.0012767,4.5363
0.13432,2.1507,0.086525,0,-0.0012944,4.5347
0.13437,2.1507,0.086525,0,-0.0013135,4.5391
0.13442,2.1507,0.086524,0,-0.0013325,4.5359
0.13447,2.1507,0.086524,0,-0.0013486,4.5297
0.13453,2.1507,0.086524,0,-0.0013655,4.5438
0.13458,2.1507,0.086524,0,-0.0013822,4.5395
0.13463,2.1507,0.086524,0,-0.0013994,4.5373
0.13468,2.1507,0.086524,0,-0.0014176,4.546
0.13474,2.1507,0.086524,0,-0.001437,4.5439
0.13479,2.1507,0.086524,0,-0.0014549,4.5313
0.13484,2.1507,0.086524,0,-0.0014696,4.5343
0.13489,2.1507,0.086524,0,-0.0014798,4.5406
0.13495,2.1507,0.086524,0,-0.0014875,4.5277
0.135,2.1507,0.086524,0,-0.0014942,4.5337
0.13505,2.1507,0.086524,0,-0.0015007,4.5402
0.13511,2.1507,0.086523,0,-0.0015087,4.5443
0.13516,2.1507,0.086523,0,-0.0015167,4.54
0.13521,2.1507,0.086523,0,-0.0015258,4.5507
0.13526,2.1507,0.086523,0,-0.0015368,4.5435
0.13532,2.1507,0.086523,0,-0.0015497,4.5351
0.13537,2.1507,0.086523,0,-0.0015643,4.5453
0.13542,2.1507,0.086523,0,-0.0015796,4.5483
0.13547,2.1507,0.086523,0,-0.0015952,4.5436
0.13553,2.1507,0.086523,0,-0.0016099,4.5555
0.13558,2.1507,0.086523,0,-0.001621,4.5562
0.13563,2.1507,0.086523,0,-0.0016293,4.5515
0.13568,2.1507,0.086523,0,-0.0016384,4.5584
0.13574,2.1507,0.086522,0,-0.0016483,4.5713
0.13579,2.1507,0.086522,0,-0.0016591,4.5616
0.13584,2.1507,0.086522,0,-0.0016709,4.5594
0.13589,2.1507,0.086522,0,-0.0016834,4.5678
0.13595,2.1507,0.086522,0,-0.0016941,4.5573
0.136,2.1507,0.086522,0,-0.0017006,4.5506
0.13605,2.1507,0.086522,0,-0.001703,4.5641
0.13611,2.1507,0.086522,0,-0.0017047,4.5647
0.13616,2.1507,0.086522,0,-0.0017054,4.5572
0.13621,2.1507,0.086522,0,-0.0017054,4.5684
0.13626,2.1507,0.086522,0,-0.0017055,4.5647
0.13632,2.1507,0.086521,0,-0.0017059,4.5541
0.13637,2.1507,0.086521,0,-0.0017072,4.5569
0.13642,2.1507,0.086521,0,-0.0017064,4.5605
0.13647,2.1507,0.086521,0,-0.0017045,4.5508
0.13653,2.1507,0.086521,0,-0.0017017,4.5553
0.13658,2.1507,0.086521,0,-0.0016966,4.5628
0.13663,2.1507,0.086521,0,-0.0016925,4.5607
0.13668,2.1507,0.086521,0,-0.0016887,4.5627
0.13674,2.1507,0.086521,0,-0.001685,4.5702
0.13679,2.1507,0.086521,0,-0.0016806,4.5629
0.13684,2.1507,0.086521,0,-0.0016751,4.5524
0.13689,2.1507,0.086521,0,-0.0016668,4.5583
0.13695,2.1507,0.08652,0,-0.0016569,4.5483
0.137,2.1507,0.08652,0,-0.0016462,4.5361
0.13705,2.1507,0.08652,0,-0.0016388,4.5416
0.13711,2.1507,0.08652,0,-0.0016339,4.5493
0.13716,2.1507,0.08652,0,-0.0016315,4.5431
0.13721,2.1507,0.08652,0,-0.001632,4.5443
0.13726,2.1507,0.08652,0,-0.0016323,4.5537
0.13732,2.1507,0.08652,0,-0.0016279,4.5405
0.13737,2.1507,0.08652,0,-0.0016219,4.5404
0.13742,2.1507,0.08652,0,-0.0016135,4.5469
0.13747,2.1507,0.08652,0,-0.0016023,4.5374
0.13753,2.1507,0.086519,0,-0.0015873,4.5338
0.13758,2.1507,0.086519,0,-0.0015712,4.5397
0.13763,2.1507,0.086519,0,-0.0015567,4.5418
0.13768,2.1507,0.086519,0,-0.0015431,4.5306
0.13774,2.1507,0.086519,0,-0.0015302,4.5335
0.13779,2.1507,0.086519,0,-0.0015209,4.5301
0.13784,2.1507,0.086519,0,-0.0015134,4.5188
0.13789,2.1507,0.086519,0,-0.0015065,4.5215
0.13795,2.1507,0.086519,0,-0.0014982,4.5273
0.138,2.1507,0.086519,0,-0.0014896,4.515
0.13805,2.1507,0.086519,0,-0.001482,4.5194
0.13811,2.1507,0.086519,0,-0.0014722,4.528
0.13816,2.1507,0.086519,0,-0.0014608,4.5242
0.13821,2.1507,0.086518,0,-0.0014482,4.5277
0.13826,2.1507,0.086518,0,-0.0014361,4.5379
0.13832,2.1507,0.086518,0,-0.001422,4.5299
0.13837,2.1507,0.086518,0,-0.0014069,4.5338
0.13842,2.1507,0.086518,0,-0.001392,4.5379
0.13847,2.1507,0.086518,0,-0.0013795,4.5377
0.13853,2.1507,0.086518,0,-0.001364,4.535
0.13858,2.1507,0.086518,0,-0.0013475,4.5429
0.13863,2.1507,0.086518,0,-0.0013311,4.5443
0.13868,2.1507,0.086518,0,-0.0013161,4.5402
0.13874,2.1507,0.086518,0,-0.0012999,4.5453
0.13879,2.1507,0.086518,0,-0.0012842,4.5544
0.13884,2.1507,0.086518,0,-0.0012696,4.5442
0.13889,2.1507,0.086518,0,-0.0012568,4.5431
0.13895,2.1507,0.086517,0,-0.0012439,4.5539
0.139,2.1507,0.086517,0,-0.001229,4.5437
0.13905,2.1507,0.086517,0,-0.0012125,4.5338
0.13911,2.1507,0.086517,0,-0.001195,4.547
0.13916,2.1507,0.086517,0,-0.0011768,4.5496
0.13921,2.1507,0.086517,0,-0.0011599,4.5442
0.13926,2.1507,0.086517,0,-0.0011428,4.5461
0.13932,2.1507,0.086517,0,-0.0011236,4.5479
0.13937,2.1507,0.086517,0,-0.0011049,4.5455
0.13942,2.1507,0.086517,0,-0.0010818,4.5536
0.13947,2.1507,0.086517,0,-0.0010568,4.5552
0.13953,2.1507,0.086517,0,-0.0010315,4.54
0.13958,2.1507,0.086517,0,-0.0010077,4.5448
0.13963,2.1507,0.086517,0,-0.00098719,4.5659
0.13968,2.1507,0.086517,0,-0.00096806,4.5599
0.13974,2.1507,0.086517,0,-0.00094903,4.5618
0.13979,2.1507,0.086517,0,-0.00093187,4.5829
0.13984,2.1507,0.086517,0,-0.00091353,4.5767
0.13989,2.1507,0.086516,0,-0.00089515,4.5754
0.13995,2.1507,0.086516,0,-0.00087672,4.5799
0.14,2.1507,0.086516,0,-0.00085827,4.5797
0.14005,2.1507,0.086516,0,-0.00083979,4.5755
0.14011,2.1507,0.086516,0,-0.0008213,4.5847
0.14016,2.1507,0.086516,0,-0.00080279,4.596
0.14021,2.1507,0.086516,0,-0.00078428,4.5883
0.14026,2.1507,0.086516,0,-0.00076578,4.5981
0.14032,2.1507,0.086516,0,-0.00074728,4.6056
0.14037,2.1507,0.086516,0,-0.0007288,4.5966
0.14042,2.1507,0.086516,0,-0.00071035,4.6003
0.14047,2.1507,0.086516,0,-0.00069193,4.6092
0.14053,2.1507,0.086516,0,-0.00067355,4.6045
0.14058,2.1507,0.086516,0,-0.00065521,4.5994
0.14063,2.1507,0.086516,0,-0.00063693,4.61
0.14068,2.1507,0.086516,0,-0.0006187,4.6089
0.14074,2.1507,0.086516,0,-0.00060055,4.6023
0.14079,2.1507,0.086516,0,-0.00058247,4.6114
0.14084,2.1507,0.086516,0,-0.00056446,4.6161
0.14089,2.1507,0.086516,0,-0.00054655,4.6053
0.14095,2.1507,0.086516,0,-0.00052873,4.6112
0.141,2.1507,0.086516,0,-0.00051102,4.6129
0.14105,2.1507,0.086516,0,-0.00049341,4.6082
0.14111,2.1507,0.086516,0,-0.00047592,4.605
0.14116,2.1507,0.086516,0,-0.00045856,4.6142
0.14121,2.1507,0.086516,0,-0.00044132,4.6093
0.14126,2.1507,0.086516,0,-0.00042423,4.6157
0.14132,2.1507,0.086516,0,-0.00040727,4.6317
0.14137,2.1507,0.086516,0,-0.00039047,4.6252
0.14142,2.1507,0.086516,0,-0.00037383,4.6232
0.14147,2.1507,0.086515,0,-0.00035735,4.6309
0.14153,2.1507,0.086515,0,-0.00034105,4.6315
0.14158,2.1507,0.086515,0,-0.00032493,4.619
0.14163,2.1507,0.086515,0,-0.00030899,4.6335
0.14168,2.1507,0.086515,0,-0.00029325,4.6397
0.14174,2.1507,0.086515,0,-0.00027771,4.6292
0.14179,2.1507,0.086515,0,-0.00026237,4.6342
0.14184,2.1507,0.086515,0,-0.00024726,4.6462
0.14189,2.1507,0.086515,0,-0.00023236,4.6325
0.14195,2.1507,0.086515,0,-0.00021769,4.6331
0.142,2.1507,0.086515,0,-0.00020326,4.6455
0.14205,2.1507,0.086515,0,-0.00018908,4.6312
0.14211,2.1507,0.086515,0,-0.00017514,4.6218
0.14216,2.1507,0.086515,0,-0.00016146,4.6359
0.14221,2.1507,0.086515,0,-0.00014805,4.6297
0.14226,2.1507,0.086515,0,-0.00013491,4.6265
0.14232,2.1507,0.086515,0,-0.00012205,4.6343
0.14237,2.1507,0.086515,0,-0.00010947,4.6344
0.14242,2.1507,0.086515,0,-9.7184e-05,4.6244
0.14247,2.1507,0.086515,0,-8.5199e-05,4.6314
0.14253,2.1507,0.086515,0,-7.3522e-05,4.6284
0.14258,2.1507,0.086515,0,-6.2158e-05,4.6199
0.14263,2.1507,0.086515,0,-5.1116e-05,4.6219
0.14268,2.1507,0.086515,0,-4.0402e-05,4.6252
0.14274,2.1507,0.086515,0,-3.0023e-05,4.6143
0.14279,2.1507,0.086515,0,-1.9986e-05,4.6207
0.14284,2.1507,0.086515,0,-1.0298e-05,4.6326
0.14289,2.1507,0.086515,0,-9.672e-07,4.6254
0.14295,2.1507,0.086515,0,8.0005e-06,4.6232
0.143,2.1507,0.086515,0,1.6598e-05,4.6266
0.14305,2.1507,0.086515,0,2.4818e-05,4.6283
0.14311,2.1507,0.086515,0,3.2653e-05,4.6142
0.14316,2.1507,0.086515,0,4.0096e-05,4.6165
0.14321,2.1507,0.086515,0,4.7141e-05,4.6277
0.14326,2.1507,0.086515,0,5.378e-05,4.618
0.14332,2.1507,0.086515,0,6.0006e-05,4.6274
0.14337,2.1507,0.086515,0,6.5813e-05,4.6378
0.14342,2.1507,0.086515,0,7.1192e-05,4.6277
0.14347,2.1507,0.086515,0,7.6138e-05,4.6293
0.14353,2.1507,0.086515,0,8.0642e-05,4.6344
0.14358,2.1507,0.086515,0,8.4699e-05,4.6292
0.14363,2.1507,0.086515,0,8.83e-05,4.6172
0.14368,2.1507,0.086515,0,9.1439e-05,4.627
0.14374,2.1507,0.086515,0,9.4109e-05,4.6235
0.14379,2.1507,0.086515,0,9.6302e-05,4.6223
0.14384,2.1507,0.086515,0,9.8012e-05,4.6369
0.14389,2.1507,0.086515,0,9.9232e-05,4.6373
0.14395,2.1507,0.086515,0,9.9954e-05,4.627
0.144,2.1507,0.086515,0,0.00010017,4.6309
0.14405,2.1507,0.086515,0,9.9878e-05,4.6334
0.14411,2.1507,0.086515,0,9.9066e-05,4.6299
0.14416,2.1507,0.086515,0,9.7728e-05,4.6316
0.14421,2.1507,0.086515,0,9.5857e-05,4.6434
0.14426,2.1507,0.086515,0,9.3446e-05,4.6343
0.14432,2.1507,0.086515,0,9.0489e-05,4.6346
0.14437,2.1507,0.086515,0,8.6977e-05,4.6519
0.14442,2.1507,0.086515,0,8.1729e-05,4.6491
0.14447,2.1507,0.086515,0,7.6635e-05,4.6393
0.14453,2.1507,0.086515,0,7.3129e-05,4.6504
0.14458,2.1507,0.086515,0,7.3335e-05,4.6457
0.14463,2.1507,0.086515,0,7.5784e-05,4.6377
0.14468,2.1507,0.086515,0,7.8925e-05,4.6311
0.14474,2.1507,0.086515,0,8.1116e-05,4.6323
0.14479,2.1507,0.086515,0,8.0634e-05,4.6269
0.14484,2.1507,0.086515,0,7.5663e-05,4.6378
0.14489,2.1507,0.086515,0,6.7998e-05,4.6467
0.14495,2.1507,0.086515,0,5.8918e-05,4.632
0.145,2.1507,0.086515,0,4.9161e-05,4.6369
0.14505,2.1507,0.086515,0,4.0678e-05,4.6402
0.14511,2.1507,0.086515,0,3.1828e-05,4.6262
0.14516,2.1507,0.086515,0,2.4016e-05,4.626
0.14521,2.1507,0.086515,0,1.816e-05,4.628
0.14526,2.1507,0.086515,0,1.4663e-05,4.6359
0.14532,2.1507,0.086515,0,1.3384e-05,4.6327
0.14537,2.1507,0.086515,0,1.3608e-05,4.6546
0.14542,2.1507,0.086515,0,1.5194e-05,4.6637
0.14547,2.1507,0.086515,0,1.6815e-05,4.651
0.14553,2.1507,0.086515,0,1.5893e-05,4.668
0.14558,2.1507,0.086515,0,1.4032e-05,4.6652
0.14563,2.1507,0.086515,0,1.1747e-05,4.6569
0.14568,2.1507,0.086515,0,9.5807e-06,4.6597
0.14574,2.1507,0.086515,0,8.1069e-06,4.6674
0.14579,2.1507,0.086515,0,7.9277e-06,4.6591
0.14584,2.1507,0.086515,0,9.6748e-06,4.664
0.14589,2.1507,0.086515,0,1.149e-05,4.6721
0.14595,2.1507,0.086515,0,1.1412e-05,4.6781
0.146,2.1507,0.086515,0,9.9018e-06,4.6727
0.14605,2.1507,0.086515,0,7.4445e-06,4.6808
0.14611,2.1507,0.086515,0,4.5557e-06,4.6835
0.14616,2.1507,0.086515,0,1.7793e-06,4.6667
0.14621,2.1507,0.086515,0,-3.1189e-07,4.6804
0.14626,2.1507,0.086515,0,-1.1156e-06,4.6774
0.14632,2.1507,0.086515,0,-2.6368e-13,4.6727
0.14637,2.1507,0.086515,0,0,4.6859
0.14642,2.1507,0.086515,0,-2.6368e-13,4.6858
0.14647,2.1507,0.086515,0,-5.2736e-13,4.6753
0.14653,2.1507,0.086515,0,0,4.6798
0.14658,2.1507,0.086515,0,0,4.6846
0.14663,2.1507,0.086515,0,0,4.6761
0.14668,2.1507,0.086515,0,-2.6368e-13,4.6797
0.14674,2.1507,0.086515,0,0,4.6926
0.14679,2.1507,0.086515,0,0,4.6864
0.14684,2.1507,0.086515,0,0,4.677
0.14689,2.1507,0.086515,0,0,4.689
0.14695,2.1507,0.086515,0,-2.6368e-13,4.6879
0.147,2.1507,0.086515,0,-2.6368e-13,4.6775
0.14705,2.1507,0.086515,0,0,4.6847
0.14711,2.1507,0.086515,0,0,4.6924
0.14716,2.1507,0.086515,0,-5.2736e-13,4.6765
0.14721,2.1507,0.086515,0,0,4.6715
0.14726,2.1507,0.086515,0,0,4.6775
0.14732,2.1507,0.086515,0,0,4.6694
0.14737,2.1507,0.086515,0,0,4.6667
0.14742,2.1507,0.086515,0,-5.2736e-13,4.6773
0.14747,2.1507,0.086515,0,0,4.6735
0.14753,2.1507,0.086515,0,-5.2736e-13,4.6601
0.14758,2.1507,0.086515,0,0,4.6694
0.14763,2.1507,0.086515,0,0,4.67
0.14768,2.1507,0.086515,0,-2.6368e-13,4.6589
0.14774,2.1507,0.086515,0,-2.6368e-13,4.6652
0.14779,2.1507,0.086515,0,-2.6368e-13,4.6597
0.14784,2.1507,0.086515,0,0,4.649
0.14789,2.1507,0.086515,0,-2.6368e-13,4.6561
0.14795,2.1507,0.086515,0,-5.2736e-13,4.6658
0.148,2.1507,0.086515,0,0,4.6504
0.14805,2.1507,0.086515,0,-2.6368e-13,4.6573
0.14811,2.1507,0.086515,0,-2.6368e-13,4.6646
0.14816,2.1507,0.086515,0,-2.6368e-13,4.6482
0.14821,2.1507,0.086515,0,-2.6368e-13,4.6439
0.14826,2.1507,0.086515,0,-5.2736e-13,4.6505
0.14832,2.1507,0.086515,0,-2.6368e-13,4.6432
0.14837,2.1507,0.086515,0,-2.6368e-13,4.6408
0.14842,2.1507,0.086515,0,-5.2736e-13,4.6491
0.14847,2.1507,0.086515,0,-2.6368e-13,4.6473
0.14853,2.1507,0.086515,0,-2.6368e-13,4.6389
0.14858,2.1507,0.086515,0,-2.6368e-13,4.6453
0.14863,2.1507,0.086515,0,-7.9103e-13,4.6482
0.14868,2.1507,0.086515,0,-5.2736e-13,4.6385
0.14874,2.1507,0.086515,0,-2.6368e-13,4.6362
0.14879,2.1507,0.086515,0,-2.6368e-13,4.6378
0.14884,2.1507,0.086515,0,-2.6368e-13,4.6256
0.14889,2.1507,0.086515,0,0,4.6213
0.14895,2.1507,0.086515,0,-5.2736e-13,4.6348
0.149,2.1507,0.086515,0,2.6368e-13,4.6272
0.14905,2.1507,0.086515,0,-2.6368e-13,4.6325
0.14911,2.1507,0.086515,0,-5.2736e-13,4.6413
0.14916,2.1507,0.086515,0,0,4.6308
0.14921,2.1507,0.086515,0,0,4.6212
0.14926,2.1507,0.086515,0,-2.6368e-13,4.6273
0.14932,2.1507,0.086515,0,-2.6368e-13,4.6307
0.14937,2.1507,0.086515,0,-5.2736e-13,4.6228
0.14942,2.1507,0.086515,0,2.6368e-13,4.6265
0.14947,2.1507,0.086515,0,-5.2736e-13,4.6454
0.14953,2.1507,0.086515,0,0,4.6377
0.14958,2.1507,0.086515,0,0,4.6375
0.14963,2.1507,0.086515,0,-5.2736e-13,4.6468
0.14968,2.1507,0.086515,0,0,4.6361
0.14974,2.1507,0.086515,0,-5.2736e-13,4.6343
0.14979,2.1507,0.086515,0,-2.6368e-13,4.6387
0.14984,2.1507,0.086515,0,-5.2736e-13,4.6344
0.14989,2.1507,0.086515,0,-5.2736e-13,4.6286
0.14995,2.1507,0.086515,0,-2.6368e-13,4.6415
0.15,2.1507,0.086515,0,-5.2736e-13,4.6384
0.15005,2.1507,0.086515,0,-2.6368e-13,4.6373
0.15011,2.1507,0.086515,0,-7.9103e-13,4.6446
0.15016,2.1507,0.086515,0,-2.6368e-13,4.6428
0.15021,2.1507,0.086515,0,-2.6368e-13,4.631
0.15026,2.1507,0.086515,0,-2.6368e-13,4.6314
0.15032,2.1507,0.086515,0,-7.9103e-13,4.6401
0.15037,2.1507,0.086515,0,0,4.6197
0.15042,2.1507,0.086515,0,-5.2736e-13,4.6239
0.15047,2.1507,0.086515,0,-7.9103e-13,4.6387
0.15053,2.1507,0.086515,0,-5.2736e-13,4.6355
0.15058,2.1507,0.086515,0,-2.6368e-13,4.63
0.15063,2.1507,0.086515,0,-5.2736e-13,4.6407
0.15068,2.1507,0.086515,0,-5.2736e-13,4.6403
0.15074,2.1507,0.086515,0,-2.6368e-13,4.6305
0.15079,2.1507,0.086515,0,-2.6368e-13,4.6326
0.15084,2.1507,0.086515,0,-5.2736e-13,4.6359
0.15089,2.1507,0.086515,0,-7.9103e-13,4.63
0.15095,2.1507,0.086515,0,-2.6368e-13,4.6344
0.151,2.1507,0.086515,0,-5.2736e-13,4.6439
0.15105,2.1507,0.086515,0,-2.6368e-13,4.6371
0.15111,2.1507,0.086515,0,-5.2736e-13,4.6412
0.15116,2.1507,0.086515,0,-5.2736e-13,4.649
0.15121,2.1507,0.086515,0,-5.2736e-13,4.6399
0.15126,2.1507,0.086515,0,-5.2736e-13,4.6452
0.15132,2.1507,0.086515,0,-2.6368e-13,4.6497
0.15137,2.1507,0.086515,0,-2.6368e-13,4.6415
0.15142,2.1507,0.086515,0,0,4.6383
0.15147,2.1507,0.086515,0,-5.2736e-13,4.6588
0.15153,2.1507,0.086515,0,-2.6368e-13,4.6539
0.15158,2.1507,0.086515,0,-5.2736e-13,4.6448
0.15163,2.1507,0.086515,0,0,4.6545
0.15168,2.1507,0.086515,0,0,4.663
0.15174,2.1507,0.086515,0,-5.2736e-13,4.6438
0.15179,2.1507,0.086515,0,-2.6368e-13,4.653
0.15184,2.1507,0.086515,0,-5.2736e-13,4.652
0.15189,2.1507,0.086515,0,-2.6368e-13,4.645
0.15195,2.1507,0.086515,0,-2.6368e-13,4.6479
0.152,2.1507,0.086515,0,-5.2736e-13,4.6599
0.15205,2.1507,0.086515,0,-5.2736e-13,4.6523
0.15211,2.1507,0.086515,0,-5.2736e-13,4.648
0.15216,2.1507,0.086515,0,-5.2736e-13,4.6589
0.15221,2.1507,0.086515,0,-2.6368e-13,4.6521
0.15226,2.1507,0.086515,0,-5.2736e-13,4.6497
0.15232,2.1507,0.086515,0,-5.2736e-13,4.6594
0.15237,2.1507,0.086515,0,-2.6368e-13,4.6586
0.15242,2.1507,0.086515,0,-5.2736e-13,4.648
0.15247,2.1507,0.086515,0,-2.6368e-13,4.653
0.15253,2.1507,0.086515,0,-5.2736e-13,4.6634
0.15258,2.1507,0.086515,0,-1.0547e-12,4.6598
0.15263,2.1507,0.086515,0,0,4.6635
0.15268,2.1507,0.086515,0,-5.2736e-13,4.6772
0.15274,2.1507,0.086515,0,-5.2736e-13,4.6694
0.15279,2.1507,0.086515,0,-2.6368e-13,4.664
0.15284,2.1507,0.086515,0,-2.6368e-13,4.6727
0.15289,2.1507,0.086515,0,-5.2736e-13,4.6679
0.15295,2.1507,0.086515,0,-2.6368e-13,4.6614
0.153,2.1507,0.086515,0,-2.6368e-13,4.6681
0.15305,2.1507,0.086515,0,-5.2736e-13,4.665
0.15311,2.1507,0.086515,0,-1.0547e-12,4.6627
0.15316,2.1507,0.086515,0,-2.6368e-13,4.6751
0.15321,2.1507,0.086515,0,-2.6368e-13,4.6821
0.15326,2.1507,0.086515,0,-1.0547e-12,4.6703
0.15332,2.1507,0.086515,0,0,4.6802
0.15337,2.1507,0.086515,0,-2.6368e-13,4.6792
0.15342,2.1507,0.086515,0,-5.2736e-13,4.6727
0.15347,2.1507,0.086515,0,-7.9103e-13,4.6673
0.15353,2.1507,0.086515,0,-2.6368e-13,4.6795
0.15358,2.1507,0.086515,0,-2.6368e-13,4.662
0.15363,2.1507,0.086515,0,-5.2736e-13,4.6625
0.15368,2.1507,0.086515,0,-5.2736e-13,4.6676
0.15374,2.1507,0.086515,0,-2.6368e-13,4.6629
0.15379,2.1507,0.086515,0,-1.4226e-05,4.647
0.15384,2.1507,0.086515,0,-3.9772e-06,4.651
0.15389,2.1507,0.086515,0,2.2689e-05,4.6483
0.15395,2.1507,0.086515,0,5.8094e-05,4.6346
0.154,2.1507,0.086515,0,9.4932e-05,4.6387
0.15405,2.1507,0.086515,0,0.00012627,4.6434
0.15411,2.1507,0.086515,0,0.00014553,4.6391
0.15416,2.1507,0.086515,0,0.00013229,4.6386
0.15421,2.1507,0.086515,0,0.00010517,4.6513
0.15426,2.1507,0.086515,0,0.00011981,4.6403
0.15432,2.1507,0.086515,0,0.00016994,4.6357
0.15437,2.1507,0.086516,0,0.000257,4.6431
0.15442,2.1507,0.086516,0,0.00037548,4.6378
0.15447,2.1507,0.086516,0,0.00051332,4.6282
0.15453,2.1507,0.086516,0,0.00066646,4.642
0.15458,2.1507,0.086516,0,0.00078629,4.6442
0.15463,2.1507,0.086516,0,0.0008715,4.6361
0.15468,2.1507,0.086516,0,0.00091343,4.6507
0.15474,2.1507,0.086516,0,0.00091074,4.6576
0.15479,2.1507,0.086516,0,0.00086902,4.6456
0.15484,2.1507,0.086516,0,0.00080043,4.6498
0.15489,2.1507,0.086516,0,0.00072334,4.6542
0.15495,2.1507,0.086516,0,0.00066198,4.6442
0.155,2.1507,0.086516,0,0.00060133,4.645
0.15505,2.1507,0.086516,0,0.0005414,4.651
0.15511,2.1507,0.086516,0,0.00048219,4.646
0.15516,2.1507,0.086516,0,0.0004237,4.6525
0.15521,2.1507,0.086516,0,0.00036594,4.6675
0.15526,2.1507,0.086516,0,0.00030889,4.6641
0.15532,2.1507,0.086516,0,0.00025256,4.6568
0.15537,2.1507,0.086516,0,0.00019695,4.6606
0.15542,2.1507,0.086516,0,0.00014206,4.6594
0.15547,2.1507,0.086516,0,8.7894e-05,4.6521
0.15553,2.1507,0.086516,0,3.4445e-05,4.6577
0.15558,2.1507,0.086516,0,-1.8284e-05,4.6663
0.15563,2.1507,0.086516,0,-7.0293e-05,4.6559
0.15568,2.1507,0.086516,0,-0.00012158,4.667
0.15574,2.1507,0.086516,0,-0.00017215,4.6712
0.15579,2.1507,0.086516,0,-0.000222,4.6659
0.15584,2.1507,0.086516,0,-0.00027113,4.6748
0.15589,2.1507,0.086516,0,-0.00033377,4.6757
0.15595,2.1507,0.086516,0,-0.00038544,4.6678
0.156,2.1507,0.086516,0,-0.00040972,4.6608
0.15605,2.1507,0.086516,0,-0.00039787,4.674
0.15611,2.1507,0.086516,0,-0.00033424,4.682
0.15616,2.1507,0.086516,0,-0.00024881,4.6783
0.15621,2.1507,0.086516,0,-0.00018429,4.6868
0.15626,2.1507,0.086516,0,-0.00012899,4.6946
0.15632,2.1507,0.086516,0,-0.00011653,4.6848
0.15637,2.1507,0.086516,0,-0.000134,4.6943
0.15642,2.1507,0.086516,0,-0.00017655,4.6928
0.15647,2.1507,0.086516,0,-0.00023274,4.6855
0.15653,2.1507,0.086516,0,-0.00028492,4.6903
0.15658,2.1507,0.086516,0,-0.00036853,4.6994
0.15663,2.1507,0.086516,0,-0.00046493,4.6914
0.15668,2.1507,0.086516,0,-0.00050428,4.689
0.15674,2.1507,0.086516,0,-0.00053152,4.702
0.15679,2.1507,0.086516,0,-0.00052295,4.7027
0.15684,2.1507,0.086516,0,-0.00050086,4.6981
0.15689,2.1507,0.086516,0,-0.00048644,4.7032
0.15695,2.1507,0.086516,0,-0.00049976,4.6987
0.157,2.1507,0.086516,0,-0.00055982,4.689
0.15705,2.1507,0.086516,0,-0.00063983,4.6993
0.15711,2.1507,0.086516,0,-0.00072176,4.7022
0.15716,2.1507,0.086516,0,-0.00082647,4.694
0.15721,2.1507,0.086515,0,-0.00091474,4.6992
0.15726,2.1507,0.086515,0,-0.0010016,4.7114
0.15732,2.1507,0.086515,0,-0.0011012,4.7113
0.15737,2.1507,0.086515,0,-0.0011749,4.7081
0.15742,2.1507,0.086515,0,-0.001245,4.7128
0.15747,2.1507,0.086515,0,-0.0012804,4.716
0.15753,2.1507,0.086515,0,-0.0012965,4.716
0.15758,2.1507,0.086515,0,-0.0013222,4.7234
0.15763,2.1507,0.086515,0,-0.0013326,4.7165
0.15768,2.1507,0.086515,0,-0.0013632,4.7165
0.15774,2.1507,0.086515,0,-0.0013953,4.7295
0.15779,2.1507,0.086515,0,-0.0014113,4.7353
0.15784,2.1507,0.086515,0,-0.0014466,4.7221
0.15789,2.1507,0.086515,0,-0.001476,4.7354
0.15795,2.1507,0.086515,0,-0.0015418,4.7392
0.158,2.1507,0.086514,0,-0.0016176,4.726
0.15805,2.1507,0.086514,0,-0.0016787,4.7262
0.15811,2.1507,0.086514,0,-0.0017534,4.7356
0.15816,2.1507,0.086514,0,-0.0018241,4.736
0.15821,2.1507,0.086514,0,-0.001874,4.7325
0.15826,2.1507,0.086514,0,-0.0019178,4.7419
0.15832,2.1507,0.086514,0,-0.0019835,4.7437
0.15837,2.1507,0.086514,0,-0.0020457,4.7406
0.15842,2.1507,0.086514,0,-0.0020801,4.7444
0.15847,2.1507,0.086514,0,-0.0021159,4.7374
0.15853,2.1507,0.086513,0,-0.0021809,4.7319
0.15858,2.1507,0.086513,0,-0.0022491,4.7333
0.15863,2.1507,0.086513,0,-0.002296,4.7371
0.15868,2.1507,0.086513,0,-0.0023505,4.7339
0.15874,2.1507,0.086513,0,-0.00244,4.7399
0.15879,2.1507,0.086513,0,-0.0024934,4.7504
0.15884,2.1507,0.086513,0,-0.0025403,4.7481
0.15889,2.1507,0.086513,0,-0.002609,4.7461
0.15895,2.1507,0.086512,0,-0.002688,4.753
0.159,2.1507,0.086512,0,-0.0027145,4.7438
0.15905,2.1507,0.086512,0,-0.0027258,4.7376
0.15911,2.1507,0.086512,0,-0.002743,4.7484
0.15916,2.1507,0.086512,0,-0.0027862,4.744
0.15921,2.1507,0.086512,0,-0.0028298,4.7467
0.15926,2.1507,0.086512,0,-0.0029015,4.7569
0.15932,2.1507,0.086511,0,-0.0030275,4.753
0.15937,2.1507,0.086511,0,-0.0031359,4.7429
0.15942,2.1507,0.086511,0,-0.0032246,4.7487
0.15947,2.1507,0.086511,0,-0.003292,4.7444
0.15953,2.1507,0.086511,0,-0.0033288,4.7374
0.15958,2.1507,0.08651,0,-0.0033332,4.7337
0.15963,2.1507,0.08651,0,-0.0033105,4.7435
0.15968,2.1507,0.08651,0,-0.0032723,4.7292
0.15974,2.1507,0.08651,0,-0.0032365,4.7259
0.15979,2.1507,0.08651,0,-0.0031822,4.7376
0.15984,2.1507,0.08651,0,-0.0031486,4.7361
0.15989,2.1507,0.086509,0,-0.0031062,4.733
0.15995,2.1507,0.086509,0,-0.0030938,4.7391
0.16,2.1507,0.086509,0,-0.0031031,4.7313
0.16005,2.1507,0.086509,0,-0.0031264,4.7253
0.16011,2.1507,0.086509,0,-0.0031564,4.7314
0.16016,2.1507,0.086509,0,-0.0031859,4.736
0.16021,2.1507,0.086508,0,-0.0032084,4.7282
0.16026,2.1507,0.086508,0,-0.0032174,4.7289
0.16032,2.1507,0.086508,0,-0.0032072,4.7433
0.16037,2.1507,0.086508,0,-0.0032168,4.7339
0.16042,2.1507,0.086508,0,-0.0032311,4.7404
0.16047,2.1507,0.086508,0,-0.00325,4.7475
0.16053,2.1507,0.086507,0,-0.0032735,4.7342
0.16058,2.1507,0.086507,0,-0.0033014,4.729
0.16063,2.1507,0.086507,0,-0.0033337,4.7357
0.16068,2.1507,0.086507,0,-0.003356,4.7404
0.16074,2.1507,0.086507,0,-0.003407,4.7325
0.16079,2.1507,0.086507,0,-0.0034786,4.7412
0.16084,2.1507,0.086506,0,-0.0035628,4.7474
0.16089,2.1507,0.086506,0,-0.0036524,4.738
0.16095,2.1507,0.086506,0,-0.0037403,4.7378
0.161,2.1507,0.086506,0,-0.0038199,4.7418
0.16105,2.1507,0.086506,0,-0.0038849,4.7342
0.16111,2.1507,0.086505,0,-0.0039293,4.7313
0.16116,2.1507,0.086505,0,-0.0039922,4.742
0.16121,2.1507,0.086505,0,-0.0040586,4.7281
0.16126,2.1507,0.086505,0,-0.0041284,4.7317
0.16132,2.1507,0.086505,0,-0.0042014,4.7441
0.16137,2.1507,0.086504,0,-0.0042777,4.7378
0.16142,2.1507,0.086504,0,-0.004357,4.7353
0.16147,2.1507,0.086504,0,-0.0044394,4.742
0.16153,2.1507,0.086504,0,-0.0045247,4.7369
0.16158,2.1507,0.086503,0,-0.0046128,4.7322
0.16163,2.1507,0.086503,0,-0.0047037,4.7426
0.16168,2.1507,0.086503,0,-0.0047972,4.7457
0.16174,2.1507,0.086503,0,-0.0048933,4.7379
0.16179,2.1507,0.086502,0,-0.0049919,4.7408
0.16184,2.1507,0.086502,0,-0.0050928,4.7526
0.16189,2.1507,0.086502,0,-0.0051961,4.7505
0.16195,2.1507,0.086502,0,-0.0053015,4.7549
0.162,2.1507,0.086501,0,-0.0053949,4.7634
0.16205,2.1507,0.086501,0,-0.0055147,4.7598
0.16211,2.1507,0.086501,0,-0.0056529,4.7574
0.16216,2.1507,0.0865,0,-0.0058017,4.7634
0.16221,2.1507,0.0865,0,-0.0059536,4.7697
0.16226,2.1507,0.0865,0,-0.0061017,4.7638
0.16232,2.1507,0.086499,0,-0.0062394,4.778
0.16237,2.1507,0.086499,0,-0.0063602,4.7796
0.16242,2.1507,0.086499,0,-0.0064583,4.7757
0.16247,2.1507,0.086498,0,-0.0065728,4.7828
0.16253,2.1507,0.086498,0,-0.0066886,4.7839
0.16258,2.1507,0.086498,0,-0.0068056,4.7763
0.16263,2.1507,0.086497,0,-0.0069237,4.7813
0.16268,2.1507,0.086497,0,-0.0070429,4.7826
0.16274,2.1507,0.086497,0,-0.007163,4.765
0.16279,2.1507,0.086496,0,-0.0072698,4.766
0.16284,2.1507,0.086496,0,-0.0074018,4.7784
0.16289,2.1507,0.086495,0,-0.0075508,4.7758
0.16295,2.1507,0.086495,0,-0.0077092,4.7712
0.163,2.1507,0.086495,0,-0.0078696,4.7886
0.16305,2.1507,0.086494,0,-0.0080248,4.7808
0.16311,2.1507,0.086494,0,-0.0081683,4.7755
0.16316,2.1507,0.086493,0,-0.0082937,4.7785
0.16321,2.1507,0.086493,0,-0.0083951,4.7923
0.16326,2.1507,0.086492,0,-0.0084975,4.7803
0.16332,2.1507,0.086492,0,-0.0086243,4.7895
0.16337,2.1507,0.086491,0,-0.0087676,4.7968
0.16342,2.1507,0.086491,0,-0.0089194,4.793
0.16347,2.1507,0.08649,0,-0.0090724,4.7958
0.16353,2.1507,0.08649,0,-0.0092197,4.8063
0.16358,2.1507,0.08649,0,-0.0093402,4.796
0.16363,2.1507,0.086489,0,-0.0094522,4.7943
0.16368,2.1507,0.086489,0,-0.0095661,4.7996
0.16374,2.1507,0.086488,0,-0.0097291,4.7949
0.16379,2.1507,0.086487,0,-0.009928,4.7792
0.16384,2.1507,0.086487,0,-0.010174,4.7929
0.16389,2.1507,0.086486,0,-0.010431,4.7977
0.16395,2.1507,0.086486,0,-0.010666,4.7871
0.164,2.1507,0.086485,0,-0.010845,4.7927
0.16405,2.1507,0.086485,0,-0.010982,4.7932
0.16411,2.1507,0.086484,0,-0.011051,4.7769
0.16416,2.1507,0.086484,0,-0.011125,4.7787
0.16421,2.1507,0.086483,0,-0.011232,4.781
0.16426,2.1507,0.086482,0,-0.011387,4.7788
0.16432,2.1507,0.086482,0,-0.011598,4.7703
0.16437,2.1507,0.086481,0,-0.011873,4.782
0.16442,2.1507,0.08648,0,-0.01222,4.7795
0.16447,2.1507,0.08648,0,-0.012608,4.7736
0.16453,2.1507,0.086479,0,-0.01296,4.7833
0.16458,2.1507,0.086478,0,-0.013291,4.7794
0.16463,2.1507,0.086478,0,-0.013539,4.7774
0.16468,2.1507,0.086477,0,-0.013705,4.7786
0.16474,2.1507,0.086476,0,-0.013835,4.7766
0.16479,2.1507,0.086476,0,-0.013962,4.7637
0.16484,2.1507,0.086475,0,-0.014131,4.7692
0.16489,2.1507,0.086474,0,-0.014358,4.7735
0.16495,2.1507,0.086473,0,-0.014593,4.7653
0.165,2.1507,0.086472,0,-0.0148,4.7623
0.16505,2.1507,0.086472,0,-0.014948,4.774
0.16511,2.1507,0.086471,0,-0.01505,4.7612
0.16516,2.1507,0.08647,0,-0.01511,4.757
0.16521,2.1507,0.086469,0,-0.015142,4.7541
0.16526,2.1507,0.086468,0,-0.015164,4.7528
0.16532,2.1507,0.086468,0,-0.015198,4.7444
0.16537,2.1507,0.086467,0,-0.015232,4.7477
0.16542,2.1507,0.086466,0,-0.015264,4.7539
0.16547,2.1507,0.086465,0,-0.015294,4.7439
0.16553,2.1507,0.086464,0,-0.015322,4.7487
0.16558,2.1507,0.086464,0,-0.015349,4.7539
0.16563,2.1507,0.086463,0,-0.015374,4.7406
0.16568,2.1507,0.086462,0,-0.015396,4.7403
0.16574,2.1507,0.086461,0,-0.015417,4.7373
0.16579,2.1507,0.08646,0,-0.015435,4.7309
0.16584,2.1507,0.08646,0,-0.015436,4.727
0.16589,2.1507,0.086459,0,-0.015444,4.7409
0.16595,2.1507,0.086458,0,-0.015477,4.7353
0.166,2.1507,0.086457,0,-0.015547,4.73
0.16605,2.1507,0.086456,0,-0.015675,4.7433
0.16611,2.1507,0.086456,0,-0.015835,4.7415
0.16616,2.1507,0.086455,0,-0.015984,4.7343
0.16621,2.1507,0.086454,0,-0.016135,4.7382
0.16626,2.1507,0.086453,0,-0.01625,4.742
0.16632,2.1507,0.086452,0,-0.016339,4.7319
0.16637,2.1507,0.086451,0,-0.016404,4.7367
0.16642,2.1507,0.08645,0,-0.016454,4.7478
0.16647,2.1507,0.08645,0,-0.016508,4.7446
0.16653,2.1507,0.086449,0,-0.016526,4.7454
0.16658,2.1507,0.086448,0,-0.016527,4.7539
0.16663,2.1507,0.086447,0,-0.016581,4.7498
0.16668,2.1507,0.086446,0,-0.016647,4.7429
0.16674,2.1507,0.086445,0,-0.016752,4.7425
0.16679,2.1507,0.086444,0,-0.016876,4.739
0.16684,2.1507,0.086443,0,-0.016998,4.7307
0.16689,2.1507,0.086442,0,-0.017098,4.7465
0.16695,2.1507,0.086442,0,-0.017152,4.7407
0.167,2.1507,0.086441,0,-0.017169,4.7331
0.16705,2.1507,0.08644,0,-0.017204,4.7477
0.16711,2.1507,0.086439,0,-0.017228,4.7471
0.16716,2.1507,0.086438,0,-0.017271,4.7344
0.16721,2.1507,0.086437,0,-0.017298,4.7453
0.16726,2.1507,0.086436,0,-0.01731,4.7465
0.16732,2.1507,0.086435,0,-0.017356,4.7391
0.16737,2.1507,0.086434,0,-0.017419,4.7415
0.16742,2.1507,0.086433,0,-0.017527,4.7592
0.16747,2.1507,0.086432,0,-0.017701,4.7519
0.16753,2.1507,0.086431,0,-0.017886,4.7468
0.16758,2.1507,0.086431,0,-0.018088,4.7611
0.16763,2.1507,0.08643,0,-0.018263,4.7565
0.16768,2.1507,0.086429,0,-0.018418,4.749
0.16774,2.1507,0.086428,0,-0.018541,4.7596
0.16779,2.1507,0.086427,0,-0.018613,4.7636
0.16784,2.1507,0.086426,0,-0.018674,4.7458
0.16789,2.1507,0.086425,0,-0.018693,4.7486
0.16795,2.1507,0.086424,0,-0.018709,4.7608
0.168,2.1507,0.086423,0,-0.018758,4.757
0.16805,2.1507,0.086422,0,-0.018826,4.7589
0.16811,2.1507,0.086421,0,-0.018909,4.7661
0.16816,2.1507,0.08642,0,-0.018964,4.7558
0.16821,2.1507,0.086419,0,-0.019013,4.7601
0.16826,2.1507,0.086418,0,-0.019012,4.7663
0.16832,2.1507,0.086417,0,-0.018975,4.7543
0.16837,2.1507,0.086416,0,-0.018927,4.7449
0.16842,2.1507,0.086415,0,-0.018846,4.7612
0.16847,2.1507,0.086414,0,-0.018714,4.7609
0.16853,2.1507,0.086413,0,-0.018572,4.7612
0.16858,2.1507,0.086412,0,-0.018426,4.7621
0.16863,2.1507,0.086411,0,-0.018287,4.7713
0.16868,2.1507,0.08641,0,-0.018109,4.7597
0.16874,2.1507,0.086409,0,-0.017964,4.7688
0.16879,2.1507,0.086408,0,-0.017824,4.7721
0.16884,2.1507,0.086407,0,-0.017661,4.7652
0.16889,2.1507,0.086406,0,-0.017484,4.7593
0.16895,2.1507,0.086405,0,-0.017357,4.7724
0.169,2.1507,0.086404,0,-0.017247,4.7691
0.16905,2.1507,0.086403,0,-0.017134,4.771
0.16911,2.1507,0.086403,0,-0.016996,4.7766
0.16916,2.1507,0.086402,0,-0.016858,4.7787
0.16921,2.1507,0.086401,0,-0.016689,4.7713
0.16926,2.1507,0.0864,0,-0.01646,4.7778
0.16932,2.1507,0.086399,0,-0.016239,4.7751
0.16937,2.1507,0.086398,0,-0.016031,4.7717
0.16942,2.1507,0.086397,0,-0.01584,4.7731
0.16947,2.1507,0.086397,0,-0.015676,4.7806
0.16953,2.1507,0.086396,0,-0.015531,4.775
0.16958,2.1507,0.086395,0,-0.015442,4.7777
0.16963,2.1507,0.086394,0,-0.015377,4.7937
0.16968,2.1507,0.086393,0,-0.015336,4.783
0.16974,2.1507,0.086392,0,-0.015351,4.7821
0.16979,2.1507,0.086392,0,-0.015385,4.7885
0.16984,2.1507,0.086391,0,-0.015462,4.783
0.16989,2.1507,0.08639,0,-0.015531,4.7806
0.16995,2.1507,0.086389,0,-0.01558,4.7851
0.17,2.1507,0.086388,0,-0.015636,4.7838
0.17005,2.1507,0.086388,0,-0.015666,4.7808
0.17011,2.1507,0.086387,0,-0.015693,4.7853
0.17016,2.1507,0.086386,0,-0.015724,4.7924
0.17021,2.1507,0.086385,0,-0.01578,4.7785
0.17026,2.1507,0.086384,0,-0.015847,4.7738
0.17032,2.1507,0.086383,0,-0.015853,4.7736
0.17037,2.1507,0.086383,0,-0.01583,4.7645
0.17042,2.1507,0.086382,0,-0.015807,4.7602
0.17047,2.1507,0.086381,0,-0.015773,4.7664
0.17053,2.1507,0.08638,0,-0.015726,4.7619
0.17058,2.1507,0.086379,0,-0.01567,4.7588
0.17063,2.1507,0.086378,0,-0.015631,4.7697
0.17068,2.1507,0.086378,0,-0.015526,4.7688
0.17074,2.1507,0.086377,0,-0.01539,4.7529
0.17079,2.1507,0.086376,0,-0.015253,4.7624
0.17084,2.1507,0.086375,0,-0.015138,4.758
0.17089,2.1507,0.086374,0,-0.015031,4.7453
0.17095,2.1507,0.086374,0,-0.014931,4.7478
0.171,2.1507,0.086373,0,-0.014825,4.7457
0.17105,2.1507,0.086372,0,-0.014754,4.7304
0.17111,2.1507,0.086371,0,-0.014666,4.7406
0.17116,2.1507,0.086371,0,-0.014591,4.7525
0.17121,2.1507,0.08637,0,-0.014533,4.7439
0.17126,2.1507,0.086369,0,-0.014499,4.7377
0.17132,2.1507,0.086368,0,-0.014508,4.745
0.17137,2.1507,0.086367,0,-0.014515,4.7407
0.17142,2.1507,0.086367,0,-0.014517,4.7308
0.17147,2.1507,0.086366,0,-0.01455,4.7453
0.17153,2.1507,0.086365,0,-0.014586,4.7506
0.17158,2.1507,0.086364,0,-0.014609,4.7433
0.17163,2.1507,0.086364,0,-0.014654,4.7546
0.17168,2.1507,0.086363,0,-0.014704,4.7642
0.17174,2.1507,0.086362,0,-0.014734,4.7532
0.17179,2.1507,0.086361,0,-0.01472,4.7603
0.17184,2.1507,0.086361,0,-0.014693,4.7661
0.17189,2.1507,0.08636,0,-0.01468,4.757
0.17195,2.1507,0.086359,0,-0.014687,4.7606
0.172,2.1507,0.086358,0,-0.014656,4.7744
0.17205,2.1507,0.086357,0,-0.014621,4.7634
0.17211,2.1507,0.086357,0,-0.014584,4.7595
0.17216,2.1507,0.086356,0,-0.014517,4.7754
0.17221,2.1507,0.086355,0,-0.014439,4.7745
0.17226,2.1507,0.086354,0,-0.014362,4.7644
0.17232,2.1507,0.086354,0,-0.014304,4.7741
0.17237,2.1507,0.086353,0,-0.014246,4.7735
0.17242,2.1507,0.086352,0,-0.014136,4.7645
0.17247,2.1507,0.086351,0,-0.014023,4.7613
0.17253,2.1507,0.086351,0,-0.01393,4.768
0.17258,2.1507,0.08635,0,-0.013842,4.7645
0.17263,2.1507,0.086349,0,-0.01376,4.7748
0.17268,2.1507,0.086349,0,-0.013684,4.7831
0.17274,2.1507,0.086348,0,-0.013628,4.7766
0.17279,2.1507,0.086347,0,-0.013553,4.7832
0.17284,2.1507,0.086346,0,-0.013452,4.796
0.17289,2.1507,0.086346,0,-0.013353,4.792
0.17295,2.1507,0.086345,0,-0.013282,4.7839
0.173,2.1507,0.086344,0,-0.013267,4.7948
0.17305,2.1507,0.086344,0,-0.013292,4.7983
0.17311,2.1507,0.086343,0,-0.01333,4.797
0.17316,2.1507,0.086342,0,-0.013392,4.8108
0.17321,2.1507,0.086341,0,-0.013465,4.826
0.17326,2.1507,0.086341,0,-0.013475,4.8251
0.17332,2.1507,0.08634,0,-0.013466,4.8282
0.17337,2.1507,0.086339,0,-0.013464,4.831
0.17342,2.1507,0.086339,0,-0.013494,4.8221
0.17347,2.1507,0.086338,0,-0.013538,4.8217
0.17353,2.1507,0.086337,0,-0.013601,4.8331
0.17358,2.1507,0.086336,0,-0.013686,4.8163
0.17363,2.1507,0.086336,0,-0.01379,4.8224
0.17368,2.1507,0.086335,0,-0.013808,4.8352
0.17374,2.1507,0.086334,0,-0.013816,4.8287
0.17379,2.1507,0.086334,0,-0.013771,4.8214
0.17384,2.1507,0.086333,0,-0.013684,4.828
0.17389,2.1507,0.086332,0,-0.013573,4.8233
0.17395,2.1507,0.086331,0,-0.013467,4.8116
0.174,2.1507,0.086331,0,-0.013356,4.8139
0.17405,2.1507,0.08633,0,-0.013243,4.8238
0.17411,2.1507,0.086329,0,-0.013116,4.809
0.17416,2.1507,0.086329,0,-0.013056,4.8161
0.17421,2.1507,0.086328,0,-0.013017,4.8235
0.17426,2.1507,0.086327,0,-0.012979,4.8218
0.17432,2.1507,0.086327,0,-0.012903,4.8215
0.17437,2.1507,0.086326,0,-0.01278,4.8333
0.17442,2.1507,0.086325,0,-0.012639,4.825
0.17447,2.1507,0.086325,0,-0.01252,4.8231
0.17453,2.1507,0.086324,0,-0.0124,4.8336
0.17458,2.1507,0.086323,0,-0.012372,4.8345
0.17463,2.1507,0.086323,0,-0.012391,4.8297
0.17468,2.1507,0.086322,0,-0.012374,4.8506
0.17474,2.1507,0.086321,0,-0.012304,4.8529
0.17479,2.1507,0.086321,0,-0.012165,4.8468
0.17484,2.1507,0.08632,0,-0.011961,4.8566
0.17489,2.1507,0.086319,0,-0.011734,4.8636
0.17495,2.1507,0.086319,0,-0.011493,4.8493
0.175,2.1507,0.086318,0,-0.011292,4.843
0.17505,2.1507,0.086318,0,-0.01114,4.8564
0.17511,2.1507,0.086317,0,-0.011022,4.8447
0.17516,2.1507,0.086317,0,-0.010946,4.843
0.17521,2.1507,0.086316,0,-0.010912,4.8562
0.17526,2.1507,0.086315,0,-0.010867,4.8534
0.17532,2.1507,0.086315,0,-0.010835,4.8453
0.17537,2.1507,0.086314,0,-0.010818,4.8442
0.17542,2.1507,0.086314,0,-0.010813,4.8454
0.17547,2.1507,0.086313,0,-0.010854,4.8369
0.17553,2.1507,0.086313,0,-0.010915,4.8349
0.17558,2.1507,0.086312,0,-0.010976,4.8403
0.17563,2.1507,0.086311,0,-0.01106,4.8353
0.17568,2.1507,0.086311,0,-0.011127,4.8386
0.17574,2.1507,0.08631,0,-0.011192,4.8482
0.17579,2.1507,0.08631,0,-0.011255,4.8416
0.17584,2.1507,0.086309,0,-0.011317,4.844
0.17589,2.1507,0.086308,0,-0.011377,4.8502
0.17595,2.1507,0.086308,0,-0.011435,4.8461
0.176,2.1507,0.086307,0,-0.011492,4.847
0.17605,2.1507,0.086307,0,-0.011548,4.852
0.17611,2.1507,0.086306,0,-0.011603,4.85
0.17616,2.1507,0.086305,0,-0.011656,4.8433
0.17621,2.1507,0.086305,0,-0.011708,4.8615
0.17626,2.1507,0.086304,0,-0.01176,4.8676
0.17632,2.1507,0.086304,0,-0.011811,4.8572
0.17637,2.1507,0.086303,0,-0.01186,4.8607
0.17642,2.1507,0.086302,0,-0.01191,4.8684
0.17647,2.1507,0.086302,0,-0.011958,4.8504
0.17653,2.1507,0.086301,0,-0.012006,4.8483
0.17658,2.1507,0.0863,0,-0.012068,4.8517
0.17663,2.1507,0.0863,0,-0.01212,4.8487
0.17668,2.1507,0.086299,0,-0.012144,4.8423
0.17674,2.1507,0.086298,0,-0.012119,4.8497
0.17679,2.1507,0.086298,0,-0.012067,4.8456
0.17684,2.1507,0.086297,0,-0.01201,4.8369
0.17689,2.1507,0.086297,0,-0.01197,4.8509
0.17695,2.1507,0.086296,0,-0.011981,4.8455
0.177,2.1507,0.086295,0,-0.012022,4.8336
0.17705,2.1507,0.086295,0,-0.012073,4.8294
0.17711,2.1507,0.086294,0,-0.012121,4.8363
0.17716,2.1507,0.086293,0,-0.012178,4.8263
0.17721,2.1507,0.086293,0,-0.012203,4.8309
0.17726,2.1507,0.086292,0,-0.012193,4.8452
0.17732,2.1507,0.086291,0,-0.012152,4.8433
0.17737,2.1507,0.086291,0,-0.012089,4.8418
0.17742,2.1507,0.08629,0,-0.011973,4.8525
0.17747,2.1507,0.08629,0,-0.01185,4.8453
0.17753,2.1507,0.086289,0,-0.011702,4.8391
0.17758,2.1507,0.086288,0,-0.011553,4.8498
0.17763,2.1507,0.086288,0,-0.011382,4.8475
0.17768,2.1507,0.086287,0,-0.011244,4.8339
0.17774,2.1507,0.086287,0,-0.011133,4.8451
0.17779,2.1507,0.086286,0,-0.011045,4.8526
0.17784,2.1507,0.086285,0,-0.010986,4.8526
0.17789,2.1507,0.086285,0,-0.010922,4.8601
0.17795,2.1507,0.086284,0,-0.010783,4.8651
0.178,2.1507,0.086284,0,-0.010546,4.8521
0.17805,2.1507,0.086283,0,-0.010264,4.854
0.17811,2.1507,0.086283,0,-0.0099829,4.8551
0.17816,2.1507,0.086282,0,-0.0097112,4.8505
0.17821,2.1507,0.086282,0,-0.0094556,4.8535
0.17826,2.1507,0.086281,0,-0.009262,4.8574
0.17832,2.1507,0.086281,0,-0.0091228,4.8543
0.17837,2.1507,0.08628,0,-0.0090321,4.8423
0.17842,2.1507,0.08628,0,-0.0089696,4.8555
0.17847,2.1507,0.086279,0,-0.0089461,4.843
0.17853,2.1507,0.086279,0,-0.008951,4.839
0.17858,2.1507,0.086278,0,-0.0089664,4.8467
0.17863,2.1507,0.086278,0,-0.0089675,4.8517
0.17868,2.1507,0.086277,0,-0.0089693,4.85
0.17874,2.1507,0.086277,0,-0.008972,4.8519
0.17879,2.1507,0.086276,0,-0.0089757,4.867
0.17884,2.1507,0.086276,0,-0.0089804,4.8714
0.17889,2.1507,0.086275,0,-0.0089862,4.8709
0.17895,2.1507,0.086275,0,-0.0089932,4.8894
0.179,2.1507,0.086275,0,-0.0090015,4.884
0.17905,2.1507,0.086274,0,-0.0090113,4.8838
0.17911,2.1507,0.086274,0,-0.0090367,4.8904
0.17916,2.1507,0.086273,0,-0.0090392,4.8892
0.17921,2.1507,0.086273,0,-0.0090413,4.881
0.17926,2.1507,0.086272,0,-0.0090118,4.8868
0.17932,2.1507,0.086272,0,-0.0089806,4.9
0.17937,2.1507,0.086271,0,-0.0089236,4.8913
0.17942,2.1507,0.086271,0,-0.0088628,4.8987
0.17947,2.1507,0.08627,0,-0.0088342,4.9083
0.17953,2.1507,0.08627,0,-0.0088184,4.8913
0.17958,2.1507,0.086269,0,-0.0088244,4.8944
0.17963,2.1507,0.086269,0,-0.008823,4.897
0.17968,2.1507,0.086268,0,-0.0087776,4.8894
0.17974,2.1507,0.086268,0,-0.0087116,4.8879
0.17979,2.1507,0.086268,0,-0.0085948,4.8958
0.17984,2.1507,0.086267,0,-0.0084726,4.8921
0.17989,2.1507,0.086267,0,-0.008358,4.8926
0.17995,2.1507,0.086266,0,-0.0081799,4.9002
0.18,2.1507,0.086266,0,-0.007982,4.8949
0.18005,2.1507,0.086265,0,-0.0077174,4.8896
0.18011,2.1507,0.086265,0,-0.0074278,4.9028
0.18016,2.1507,0.086265,0,-0.0070788,4.9004
0.18021,2.1507,0.086264,0,-0.0067273,4.8918
0.18026,2.1507,0.086264,0,-0.0064448,4.894
0.18032,2.1507,0.086264,0,-0.0062172,4.895
0.18037,2.1507,0.086263,0,-0.0059846,4.8901
0.18042,2.1507,0.086263,0,-0.0057647,4.892
0.18047,2.1507,0.086263,0,-0.0056065,4.9079
0.18053,2.1507,0.086262,0,-0.0054908,4.8997
0.18058,2.1507,0.086262,0,-0.005399,4.8925
0.18063,2.1507,0.086262,0,-0.005375,4.8975
0.18068,2.1507,0.086262,0,-0.0053666,4.8896
0.18074,2.1507,0.086261,0,-0.0053736,4.8836
0.18079,2.1507,0.086261,0,-0.0053567,4.8897
0.18084,2.1507,0.086261,0,-0.0053166,4.8936
0.18089,2.1507,0.08626,0,-0.0052858,4.888
0.18095,2.1507,0.08626,0,-0.005259,4.887
0.181,2.1507,0.08626,0,-0.0052372,4.8959
0.18105,2.1507,0.08626,0,-0.0052131,4.8803
0.18111,2.1507,0.086259,0,-0.0051634,4.8835
0.18116,2.1507,0.086259,0,-0.0051239,4.8877
0.18121,2.1507,0.086259,0,-0.0050682,4.8758
0.18126,2.1507,0.086259,0,-0.004962,4.8706
0.18132,2.1507,0.086258,0,-0.0048714,4.8832
0.18137,2.1507,0.086258,0,-0.0048161,4.8746
0.18142,2.1507,0.086258,0,-0.0047687,4.8688
0.18147,2.1507,0.086258,0,-0.0047689,4.8794
0.18153,2.1507,0.086257,0,-0.0048041,4.8805
0.18158,2.1507,0.086257,0,-0.0048091,4.8674
0.18163,2.1507,0.086257,0,-0.0047735,4.8701
0.18168,2.1507,0.086257,0,-0.0046969,4.872
0.18174,2.1507,0.086256,0,-0.0046264,4.8612
0.18179,2.1507,0.086256,0,-0.0045471,4.8624
0.18184,2.1507,0.086256,0,-0.0044488,4.8735
0.18189,2.1507,0.086256,0,-0.0043655,4.8612
0.18195,2.1507,0.086255,0,-0.0043007,4.8601
0.182,2.1507,0.086255,0,-0.0042263,4.8717
0.18205,2.1507,0.086255,0,-0.0041452,4.8633
0.18211,2.1507,0.086255,0,-0.0040925,4.8581
0.18216,2.1507,0.086254,0,-0.0040579,4.8602
0.18221,2.1507,0.086254,0,-0.0040244,4.8555
0.18226,2.1507,0.086254,0,-0.0040062,4.8466
0.18232,2.1507,0.086254,0,-0.0040489,4.8537
0.18237,2.1507,0.086254,0,-0.004177,4.8537
0.18242,2.1507,0.086253,0,-0.0043755,4.8365
0.18247,2.1507,0.086253,0,-0.0045757,4.8489
0.18253,2.1507,0.086253,0,-0.004802,4.8566
0.18258,2.1507,0.086253,0,-0.0050195,4.8428
0.18263,2.1507,0.086252,0,-0.0051948,4.8443
0.18268,2.1507,0.086252,0,-0.0053412,4.8463
0.18274,2.1507,0.086252,0,-0.005464,4.8421
0.18279,2.1507,0.086251,0,-0.0055899,4.8363
0.18284,2.1507,0.086251,0,-0.0057128,4.8464
0.18289,2.1507,0.086251,0,-0.0057934,4.8494
0.18295,2.1507,0.086251,0,-0.0058439,4.8493
0.183,2.1507,0.08625,0,-0.0058677,4.8598
0.18305,2.1507,0.08625,0,-0.0058854,4.8625
0.18311,2.1507,0.08625,0,-0.0059323,4.8553
0.18316,2.1507,0.086249,0,-0.0059889,4.8582
0.18321,2.1507,0.086249,0,-0.0060977,4.8512
0.18326,2.1507,0.086249,0,-0.0062168,4.8421
0.18332,2.1507,0.086248,0,-0.0063181,4.8527
0.18337,2.1507,0.086248,0,-0.0063726,4.8513
0.18342,2.1507,0.086248,0,-0.0063977,4.8441
0.18347,2.1507,0.086247,0,-0.0064047,4.8483
0.18353,2.1507,0.086247,0,-0.0063965,4.8592
0.18358,2.1507,0.086247,0,-0.0063745,4.8506
0.18363,2.1507,0.086246,0,-0.006408,4.849
0.18368,2.1507,0.086246,0,-0.0064518,4.8576
0.18374,2.1507,0.086246,0,-0.0065151,4.8534
0.18379,2.1507,0.086245,0,-0.0066021,4.8435
0.18384,2.1507,0.086245,0,-0.0067111,4.8543
0.18389,2.1507,0.086245,0,-0.006835,4.8574
0.18395,2.1507,0.086244,0,-0.006946,4.8551
0.184,2.1507,0.086244,0,-0.0071226,4.865
0.18405,2.1507,0.086243,0,-0.0073401,4.8695
0.18411,2.1507,0.086243,0,-0.0075181,4.8634
0.18416,2.1507,0.086243,0,-0.0076755,4.865
0.18421,2.1507,0.086242,0,-0.007804,4.8741
0.18426,2.1507,0.086242,0,-0.00795,4.8675
0.18432,2.1507,0.086241,0,-0.0081137,4.8611
0.18437,2.1507,0.086241,0,-0.0083088,4.8746
0.18442,2.1507,0.086241,0,-0.0085401,4.8762
0.18447,2.1507,0.08624,0,-0.0087737,4.8674
0.18453,2.1507,0.08624,0,-0.0089305,4.8808
0.18458,2.1507,0.086239,0,-0.0090562,4.8855
0.18463,2.1507,0.086239,0,-0.0091917,4.8757
0.18468,2.1507,0.086238,0,-0.0093633,4.8817
0.18474,2.1507,0.086238,0,-0.0095948,4.8833
0.18479,2.1507,0.086237,0,-0.0098776,4.8759
0.18484,2.1507,0.086237,0,-0.010158,4.8726
0.18489,2.1507,0.086236,0,-0.010438,4.8775
0.18495,2.1507,0.086235,0,-0.010676,4.8704
0.185,2.1507,0.086235,0,-0.010875,4.8707
0.18505,2.1507,0.086234,0,-0.011061,4.876
0.18511,2.1507,0.086234,0,-0.011236,4.8699
0.18516,2.1507,0.086233,0,-0.011404,4.8657
0.18521,2.1507,0.086233,0,-0.011578,4.8673
0.18526,2.1507,0.086232,0,-0.011749,4.8691
0.18532,2.1507,0.086231,0,-0.011911,4.8613
0.18537,2.1507,0.086231,0,-0.012068,4.8634
0.18542,2.1507,0.08623,0,-0.012183,4.8729
0.18547,2.1507,0.086229,0,-0.012278,4.8621
0.18553,2.1507,0.086229,0,-0.012371,4.8737
0.18558,2.1507,0.086228,0,-0.01244,4.8859
0.18563,2.1507,0.086227,0,-0.012522,4.8762
0.18568,2.1507,0.086227,0,-0.012603,4.8781
0.18574,2.1507,0.086226,0,-0.012684,4.8839
0.18579,2.1507,0.086225,0,-0.012765,4.8784
0.18584,2.1507,0.086225,0,-0.012844,4.8781
0.18589,2.1507,0.086224,0,-0.012923,4.8881
0.18595,2.1507,0.086223,0,-0.013001,4.8857
0.186,2.1507,0.086223,0,-0.013078,4.8866
0.18605,2.1507,0.086222,0,-0.013153,4.9018
0.18611,2.1507,0.086221,0,-0.013228,4.9045
0.18616,2.1507,0.086221,0,-0.013301,4.8946
0.18621,2.1507,0.08622,0,-0.013373,4.9011
0.18626,2.1507,0.086219,0,-0.013443,4.8971
0.18632,2.1507,0.086218,0,-0.013511,4.8873
0.18637,2.1507,0.086218,0,-0.013578,4.8861
0.18642,2.1507,0.086217,0,-0.013644,4.8949
0.18647,2.1507,0.086216,0,-0.013707,4.8825
0.18653,2.1507,0.086216,0,-0.013753,4.889
0.18658,2.1507,0.086215,0,-0.013807,4.8964
0.18663,2.1507,0.086214,0,-0.013886,4.8894
0.18668,2.1507,0.086213,0,-0.014018,4.887
0.18674,2.1507,0.086213,0,-0.014183,4.8902
0.18679,2.1507,0.086212,0,-0.014363,4.8875
0.18684,2.1507,0.086211,0,-0.014536,4.8754
0.18689,2.1507,0.08621,0,-0.014679,4.8773
0.18695,2.1507,0.08621,0,-0.014771,4.8753
0.187,2.1507,0.086209,0,-0.014834,4.8661
0.18705,2.1507,0.086208,0,-0.014883,4.8755
0.18711,2.1507,0.086207,0,-0.01493,4.8788
0.18716,2.1507,0.086206,0,-0.014998,4.8688
0.18721,2.1507,0.086206,0,-0.015081,4.8747
0.18726,2.1507,0.086205,0,-0.015174,4.883
0.18732,2.1507,0.086204,0,-0.015269,4.8674
0.18737,2.1507,0.086203,0,-0.01536,4.8651
0.18742,2.1507,0.086202,0,-0.015423,4.8763
0.18747,2.1507,0.086202,0,-0.015492,4.8727
0.18753,2.1507,0.086201,0,-0.015551,4.8669
0.18758,2.1507,0.0862,0,-0.015633,4.8706
0.18763,2.1507,0.086199,0,-0.015717,4.8745
0.18768,2.1507,0.086198,0,-0.015797,4.8644
0.18774,2.1507,0.086197,0,-0.015864,4.8696
0.18779,2.1507,0.086197,0,-0.015896,4.8698
0.18784,2.1507,0.086196,0,-0.015909,4.8561
0.18789,2.1507,0.086195,0,-0.01596,4.8632
0.18795,2.1507,0.086194,0,-0.016062,4.8636
0.188,2.1507,0.086193,0,-0.016181,4.8557
0.18805,2.1507,0.086192,0,-0.016336,4.854
0.18811,2.1507,0.086191,0,-0.016486,4.8625
0.18816,2.1507,0.086191,0,-0.016643,4.8575
0.18821,2.1507,0.08619,0,-0.016769,4.8533
0.18826,2.1507,0.086189,0,-0.016875,4.8634
0.18832,2.1507,0.086188,0,-0.016964,4.8543
0.18837,2.1507,0.086187,0,-0.017045,4.8519
0.18842,2.1507,0.086186,0,-0.017088,4.8567
0.18847,2.1507,0.086185,0,-0.017125,4.861
0.18853,2.1507,0.086184,0,-0.017133,4.8562
0.18858,2.1507,0.086183,0,-0.01715,4.8665
0.18863,2.1507,0.086183,0,-0.017162,4.8681
0.18868,2.1507,0.086182,0,-0.01717,4.8637
0.18874,2.1507,0.086181,0,-0.017176,4.8741
0.18879,2.1507,0.08618,0,-0.017179,4.8782
0.18884,2.1507,0.086179,0,-0.017179,4.8738
0.18889,2.1507,0.086178,0,-0.017174,4.8702
0.18895,2.1507,0.086177,0,-0.017164,4.8769
0.189,2.1507,0.086176,0,-0.017147,4.8659
0.18905,2.1507,0.086175,0,-0.017105,4.8651
0.18911,2.1507,0.086174,0,-0.017081,4.8727
0.18916,2.1507,0.086174,0,-0.017053,4.8784
0.18921,2.1507,0.086173,0,-0.017054,4.871
0.18926,2.1507,0.086172,0,-0.017062,4.8796
0.18932,2.1507,0.086171,0,-0.017104,4.8776
0.18937,2.1507,0.08617,0,-0.017155,4.8693
0.18942,2.1507,0.086169,0,-0.017197,4.873
0.18947,2.1507,0.086168,0,-0.017206,4.883
0.18953,2.1507,0.086167,0,-0.017176,4.866
0.18958,2.1507,0.086166,0,-0.017154,4.8695
0.18963,2.1507,0.086165,0,-0.017159,4.8868
0.18968,2.1507,0.086165,0,-0.01714,4.8857
0.18974,2.1507,0.086164,0,-0.017163,4.8884
0.18979,2.1507,0.086163,0,-0.017172,4.9053
0.18984,2.1507,0.086162,0,-0.017156,4.8992
0.18989,2.1507,0.086161,0,-0.017152,4.8944
0.18995,2.1507,0.08616,0,-0.017146,4.9007
0.19,2.1507,0.086159,0,-0.017207,4.9058
0.19005,2.1507,0.086158,0,-0.017273,4.9049
0.19011,2.1507,0.086157,0,-0.017364,4.9159
0.19016,2.1507,0.086156,0,-0.017492,4.9255
0.19021,2.1507,0.086155,0,-0.017603,4.9198
0.19026,2.1507,0.086154,0,-0.017697,4.9267
0.19032,2.1507,0.086154,0,-0.017792,4.9363
0.19037,2.1507,0.086153,0,-0.017924,4.9239
0.19042,2.1507,0.086152,0,-0.018033,4.9191
0.19047,2.1507,0.086151,0,-0.018121,4.928
0.19053,2.1507,0.08615,0,-0.018188,4.9267
0.19058,2.1507,0.086149,0,-0.018228,4.9174
0.19063,2.1507,0.086148,0,-0.018262,4.9296
0.19068,2.1507,0.086147,0,-0.018256,4.9227
0.19074,2.1507,0.086146,0,-0.018226,4.9211
0.19079,2.1507,0.086145,0,-0.018237,4.9334
0.19084,2.1507,0.086144,0,-0.018248,4.9285
0.19089,2.1507,0.086143,0,-0.018285,4.9178
0.19095,2.1507,0.086142,0,-0.018317,4.9214
0.191,2.1507,0.086141,0,-0.018371,4.9275
0.19105,2.1507,0.08614,0,-0.018454,4.9201
0.19111,2.1507,0.086139,0,-0.018526,4.9216
0.19116,2.1507,0.086138,0,-0.018601,4.9356
0.19121,2.1507,0.086137,0,-0.018695,4.9375
0.19126,2.1507,0.086136,0,-0.018781,4.934
0.19132,2.1507,0.086135,0,-0.018839,4.9469
0.19137,2.1507,0.086134,0,-0.018859,4.9418
0.19142,2.1507,0.086133,0,-0.01882,4.9393
0.19147,2.1507,0.086132,0,-0.018749,4.9514
0.19153,2.1507,0.086131,0,-0.018673,4.9444
0.19158,2.1507,0.08613,0,-0.018622,4.9388
0.19163,2.1507,0.086129,0,-0.018622,4.9507
0.19168,2.1507,0.086128,0,-0.018658,4.958
0.19174,2.1507,0.086127,0,-0.018723,4.9513
0.19179,2.1507,0.086126,0,-0.018799,4.9624
0.19184,2.1507,0.086125,0,-0.018862,4.9687
0.19189,2.1507,0.086124,0,-0.018926,4.95
0.19195,2.1507,0.086123,0,-0.018992,4.955
0.192,2.1507,0.086122,0,-0.019059,4.9553
0.19205,2.1507,0.086121,0,-0.019127,4.9473
0.19211,2.1507,0.08612,0,-0.019197,4.9457
0.19216,2.1507,0.086119,0,-0.019283,4.9526
0.19221,2.1507,0.086118,0,-0.019361,4.9542
0.19226,2.1507,0.086117,0,-0.019413,4.9433
0.19232,2.1507,0.086116,0,-0.019427,4.9528
0.19237,2.1507,0.086115,0,-0.019382,4.9532
0.19242,2.1507,0.086114,0,-0.019318,4.9425
0.19247,2.1507,0.086113,0,-0.019223,4.9499
0.19253,2.1507,0.086112,0,-0.019133,4.9494
0.19258,2.1507,0.086111,0,-0.019082,4.9412
0.19263,2.1507,0.08611,0,-0.019062,4.9459
0.19268,2.1507,0.086109,0,-0.019072,4.9548
0.19274,2.1507,0.086108,0,-0.019101,4.9546
0.19279,2.1507,0.086107,0,-0.019133,4.9488
0.19284,2.1507,0.086106,0,-0.019191,4.9626
0.19289,2.1507,0.086105,0,-0.019237,4.959
0.19295,2.1507,0.086104,0,-0.019282,4.9564
0.193,2.1507,0.086103,0,-0.019343,4.96
0.19305,2.1507,0.086102,0,-0.019379,4.9604
0.19311,2.1507,0.086101,0,-0.019394,4.9543
0.19316,2.1507,0.0861,0,-0.019398,4.9587
0.19321,2.1507,0.086099,0,-0.019397,4.9681
0.19326,2.1507,0.086098,0,-0.019396,4.9561
0.19332,2.1507,0.086097,0,-0.019407,4.9674
0.19337,2.1507,0.086096,0,-0.019435,4.9729
0.19342,2.1507,0.086095,0,-0.019492,4.9578
0.19347,2.1507,0.086094,0,-0.019555,4.9594
0.19353,2.1507,0.086093,0,-0.019609,4.9609
0.19358,2.1507,0.086092,0,-0.019623,4.9547
0.19363,2.1507,0.086091,0,-0.019606,4.9453
0.19368,2.1507,0.08609,0,-0.019568,4.9543
0.19374,2.1507,0.086089,0,-0.019522,4.9479
0.19379,2.1507,0.086088,0,-0.019489,4.9425
0.19384,2.1507,0.086087,0,-0.019481,4.9515
0.19389,2.1507,0.086086,0,-0.019535,4.9517
0.19395,2.1507,0.086085,0,-0.019577,4.9427
0.194,2.1507,0.086084,0,-0.019588,4.9455
0.19405,2.1507,0.086083,0,-0.019588,4.9459
0.19411,2.1507,0.086082,0,-0.019582,4.9347
0.19416,2.1507,0.086081,0,-0.019591,4.9387
0.19421,2.1507,0.086079,0,-0.019601,4.9473
0.19426,2.1507,0.086078,0,-0.019599,4.9439
0.19432,2.1507,0.086077,0,-0.019569,4.9507
0.19437,2.1507,0.086076,0,-0.01949,4.9582
0.19442,2.1507,0.086075,0,-0.019396,4.9565
0.19447,2.1507,0.086074,0,-0.019323,4.9444
0.19453,2.1507,0.086073,0,-0.019268,4.947
0.19458,2.1507,0.086072,0,-0.019237,4.9453
0.19463,2.1507,0.086071,0,-0.019193,4.9325
0.19468,2.1507,0.08607,0,-0.0191,4.9422
0.19474,2.1507,0.086069,0,-0.018963,4.9448
0.19479,2.1507,0.086068,0,-0.01882,4.9393
0.19484,2.1507,0.086067,0,-0.018701,4.9481
0.19489,2.1507,0.086066,0,-0.018632,4.9527
0.19495,2.1507,0.086065,0,-0.0186,4.9388
0.195,2.1507,0.086064,0,-0.018594,4.9395
0.19505,2.1507,0.086063,0,-0.018596,4.9426
0.19511,2.1507,0.086062,0,-0.018584,4.9463
0.19516,2.1507,0.086061,0,-0.018574,4.9352
0.19521,2.1507,0.08606,0,-0.01855,4.9487
0.19526,2.1507,0.08606,0,-0.018549,4.9485
0.19532,2.1507,0.086059,0,-0.018563,4.9515
0.19537,2.1507,0.086058,0,-0.018589,4.9627
0.19542,2.1507,0.086057,0,-0.018616,4.9689
0.19547,2.1507,0.086056,0,-0.018639,4.9649
0.19553,2.1507,0.086055,0,-0.01865,4.9729
0.19558,2.1507,0.086054,0,-0.018644,4.9795
0.19563,2.1507,0.086053,0,-0.018615,4.97
0.19568,2.1507,0.086052,0,-0.018601,4.9805
0.19574,2.1507,0.086051,0,-0.018589,4.9914
0.19579,2.1507,0.08605,0,-0.018577,4.9908
0.19584,2.1507,0.086049,0,-0.018566,4.9934
0.19589,2.1507,0.086048,0,-0.018556,5.0091
0.19595,2.1507,0.086047,0,-0.018546,5.0029
0.196,2.1507,0.086046,0,-0.018538,4.9995
0.19605,2.1507,0.086045,0,-0.01853,5.0151
0.19611,2.1507,0.086044,0,-0.018524,5.006
0.19616,2.1507,0.086043,0,-0.018518,4.9929
0.19621,2.1507,0.086042,0,-0.018513,5.0012
0.19626,2.1507,0.086041,0,-0.018509,5.0013
0.19632,2.1507,0.08604,0,-0.018506,4.9975
0.19637,2.1507,0.086039,0,-0.018504,5.0029
0.19642,2.1507,0.086038,0,-0.018502,5.0098
0.19647,2.1507,0.086037,0,-0.018501,4.9992
0.19653,2.1507,0.086036,0,-0.018502,5.0021
0.19658,2.1507,0.086035,0,-0.018503,5.0024
0.19663,2.1507,0.086034,0,-0.018505,4.9962
0.19668,2.1507,0.086033,0,-0.018508,4.9931
0.19674,2.1507,0.086032,0,-0.018511,5.0061
0.19679,2.1507,0.086031,0,-0.018516,5.0036
0.19684,2.1507,0.08603,0,-0.018521,5.0041
0.19689,2.1507,0.086029,0,-0.018528,5.0098
0.19695,2.1507,0.086028,0,-0.018535,5.0139
0.197,2.1507,0.086027,0,-0.018543,5.0053
0.19705,2.1507,0.086026,0,-0.018552,5.015
0.19711,2.1507,0.086025,0,-0.018562,5.0191
0.19716,2.1507,0.086024,0,-0.018572,5.0087
0.19721,2.1507,0.086023,0,-0.018584,5.0057
0.19726,2.1507,0.086022,0,-0.018596,5.0084
0.19732,2.1507,0.086021,0,-0.01861,4.9972
0.19737,2.1507,0.08602,0,-0.018624,4.995
0.19742,2.1507,0.086019,0,-0.018639,5.0096
0.19747,2.1507,0.086018,0,-0.018654,5.0069
0.19753,2.1507,0.086018,0,-0.018671,5.001
0.19758,2.1507,0.086017,0,-0.018689,5.0048
0.19763,2.1507,0.086016,0,-0.018707,4.9984
0.19768,2.1507,0.086015,0,-0.018726,4.9907
0.19774,2.1507,0.086014,0,-0.018747,4.9928
0.19779,2.1507,0.086013,0,-0.018768,4.9921
0.19784,2.1507,0.086012,0,-0.01879,4.9797
0.19789,2.1507,0.086011,0,-0.018812,4.9932
0.19795,2.1507,0.08601,0,-0.018836,4.9974
0.198,2.1507,0.086009,0,-0.01886,4.9856
0.19805,2.1507,0.086008,0,-0.018886,4.9803
0.19811,2.1507,0.086007,0,-0.018912,4.9853
0.19816,2.1507,0.086006,0,-0.018939,4.9744
0.19821,2.1507,0.086005,0,-0.018967,4.9678
0.19826,2.1507,0.086004,0,-0.018996,4.9688
0.19832,2.1507,0.086003,0,-0.019025,4.9657
0.19837,2.1507,0.086002,0,-0.019056,4.9697
0.19842,2.1507,0.086001,0,-0.019087,4.9747
0.19847,2.1507,0.086,0,-0.01912,4.9783
0.19853,2.1507,0.085999,0,-0.019153,4.9652
0.19858,2.1507,0.085998,0,-0.019188,4.9744
0.19863,2.1507,0.085997,0,-0.019223,4.9749
0.19868,2.1507,0.085996,0,-0.019256,4.9581
0.19874,2.1507,0.085995,0,-0.019289,4.9577
0.19879,2.1507,0.085994,0,-0.019319,4.9647
0.19884,2.1507,0.085993,0,-0.019348,4.9512
0.19889,2.1507,0.085992,0,-0.019378,4.9569
0.19895,2.1507,0.08599,0,-0.01941,4.9659
0.199,2.1507,0.085989,0,-0.019447,4.9619
0.19905,2.1507,0.085988,0,-0.019485,4.9493
0.19911,2.1507,0.085987,0,-0.019526,4.9581
0.19916,2.1507,0.085986,0,-0.019569,4.9538
0.19921,2.1507,0.085985,0,-0.01961,4.9514
0.19926,2.1507,0.085984,0,-0.019647,4.9508
0.19932,2.1507,0.085983,0,-0.019683,4.952
0.19937,2.1507,0.085982,0,-0.019718,4.9499
0.19942,2.1507,0.085981,0,-0.019752,4.9553
0.19947,2.1507,0.08598,0,-0.019801,4.9567
0.19953,2.1507,0.085979,0,-0.019827,4.949
0.19958,2.1507,0.085978,0,-0.019834,4.9569
0.19963,2.1507,0.085977,0,-0.019843,4.9587
0.19968,2.1507,0.085976,0,-0.01982,4.9512
0.19974,2.1507,0.085975,0,-0.019782,4.945
0.19979,2.1507,0.085974,0,-0.01974,4.9545
0.19984,2.1507,0.085973,0,-0.019708,4.9501
0.19989,2.1507,0.085972,0,-0.019702,4.9453
0.19995,2.1507,0.085971,0,-0.019691,4.9595
0.2,2.1507,0.08597,0,-0.019699,4.9632
0.20005,2.1507,0.085969,0,-0.019734,4.9524
0.20011,2.1507,0.085968,0,-0.019756,4.9568
0.20016,2.1507,0.085967,0,-0.019777,4.9568
0.20021,2.1507,0.085966,0,-0.0198,4.9454
0.20026,2.1507,0.085965,0,-0.019836,4.9458
0.20032,2.1507,0.085964,0,-0.019845,4.9545
0.20037,2.1507,0.085962,0,-0.019836,4.9432
0.20042,2.1507,0.085961,0,-0.019817,4.936
0.20047,2.1507,0.08596,0,-0.019797,4.9511
0.20053,2.1507,0.085959,0,-0.019778,4.9482
0.20058,2.1507,0.085958,0,-0.019767,4.9466
0.20063,2.1507,0.085957,0,-0.019776,4.9573
0.20068,2.1507,0.085956,0,-0.019811,4.9557
0.20074,2.1507,0.085955,0,-0.019829,4.9476
0.20079,2.1507,0.085954,0,-0.019848,4.9521
0.20084,2.1507,0.085953,0,-0.019868,4.9535
0.20089,2.1507,0.085952,0,-0.019889,4.9486
0.20095,2.1507,0.085951,0,-0.019908,4.9573
0.201,2.1507,0.08595,0,-0.019924,4.9626
0.20105,2.1507,0.085949,0,-0.019939,4.9596
0.20111,2.1507,0.085948,0,-0.019951,4.9684
0.20116,2.1507,0.085947,0,-0.019962,4.9759
0.20121,2.1507,0.085946,0,-0.019974,4.9659
0.20126,2.1507,0.085945,0,-0.019987,4.96
0.20132,2.1507,0.085944,0,-0.02,4.9685
0.20137,2.1507,0.085943,0,-0.020013,4.962
0.20142,2.1507,0.085942,0,-0.020025,4.959
0.20147,2.1507,0.08594,0,-0.020035,4.974
0.20153,2.1507,0.085939,0,-0.020043,4.9778
0.20158,2.1507,0.085938,0,-0.020052,4.971
0.20163,2.1507,0.085937,0,-0.020061,4.9744
0.20168,2.1507,0.085936,0,-0.020069,4.9741
0.20174,2.1507,0.085935,0,-0.020077,4.966
0.20179,2.1507,0.085934,0,-0.020085,4.966
0.20184,2.1507,0.085933,0,-0.020092,4.9699
0.20189,2.1507,0.085932,0,-0.020099,4.9603
0.20195,2.1507,0.085931,0,-0.020106,4.9585
0.202,2.1507,0.08593,0,-0.020112,4.9774
0.20205,2.1507,0.085929,0,-0.020118,4.9788
0.20211,2.1507,0.085928,0,-0.020124,4.976
0.20216,2.1507,0.085927,0,-0.020129,4.9851
0.20221,2.1507,0.085926,0,-0.020134,4.9796
0.20226,2.1507,0.085925,0,-0.020138,4.9736
0.20232,2.1507,0.085924,0,-0.020142,4.9794
0.20237,2.1507,0.085922,0,-0.020146,4.9842
0.20242,2.1507,0.085921,0,-0.020149,4.9772
0.20247,2.1507,0.08592,0,-0.020152,4.9905
0.20253,2.1507,0.085919,0,-0.020154,4.995
0.20258,2.1507,0.085918,0,-0.020156,4.9875
0.20263,2.1507,0.085917,0,-0.020158,4.9866
0.20268,2.1507,0.085916,0,-0.020159,5.0009
0.20274,2.1507,0.085915,0,-0.020159,4.99
0.20279,2.1507,0.085914,0,-0.020159,4.9885
0.20284,2.1507,0.085913,0,-0.020158,4.9937
0.20289,2.1507,0.085912,0,-0.020158,4.9897
0.20295,2.1507,0.085911,0,-0.020157,4.987
0.203,2.1507,0.08591,0,-0.020158,4.997
0.20305,2.1507,0.085909,0,-0.020162,5.0025
0.20311,2.1507,0.085908,0,-0.020167,4.9878
0.20316,2.1507,0.085907,0,-0.020173,4.996
0.20321,2.1507,0.085906,0,-0.02018,4.9982
0.20326,2.1507,0.085904,0,-0.020187,4.9826
0.20332,2.1507,0.085903,0,-0.020194,4.9867
0.20337,2.1507,0.085902,0,-0.020197,4.9913
0.20342,2.1507,0.085901,0,-0.020197,4.9754
0.20347,2.1507,0.0859,0,-0.020197,4.9736
0.20353,2.1507,0.085899,0,-0.020194,4.9805
0.20358,2.1507,0.085898,0,-0.020194,4.9726
0.20363,2.1507,0.085897,0,-0.020198,4.9653
0.20368,2.1507,0.085896,0,-0.020206,4.9772
0.20374,2.1507,0.085895,0,-0.020214,4.9668
0.20379,2.1507,0.085894,0,-0.020222,4.96
0.20384,2.1507,0.085893,0,-0.020227,4.9649
0.20389,2.1507,0.085892,0,-0.020231,4.9652
0.20395,2.1507,0.085891,0,-0.020233,4.9578
0.204,2.1507,0.08589,0,-0.020236,4.9647
0.20405,2.1507,0.085888,0,-0.02024,4.9727
0.20411,2.1507,0.085887,0,-0.020247,4.9655
0.20416,2.1507,0.085886,0,-0.020255,4.9643
0.20421,2.1507,0.085885,0,-0.020264,4.9744
0.20426,2.1507,0.085884,0,-0.020272,4.9562
0.20432,2.1507,0.085883,0,-0.020281,4.9577
0.20437,2.1507,0.085882,0,-0.020289,4.9609
0.20442,2.1507,0.085881,0,-0.020298,4.9569
0.20447,2.1507,0.08588,0,-0.020307,4.9477
0.20453,2.1507,0.085879,0,-0.020316,4.959
0.20458,2.1507,0.085878,0,-0.020326,4.9568
0.20463,2.1507,0.085877,0,-0.020336,4.9537
0.20468,2.1507,0.085876,0,-0.020342,4.962
0.20474,2.1507,0.085875,0,-0.020346,4.9668
0.20479,2.1507,0.085874,0,-0.020349,4.9575
0.20484,2.1507,0.085872,0,-0.020353,4.9566
0.20489,2.1507,0.085871,0,-0.020355,4.965
0.20495,2.1507,0.08587,0,-0.020359,4.9556
0.205,2.1507,0.085869,0,-0.020365,4.9539
0.20505,2.1507,0.085868,0,-0.020371,4.9671
0.20511,2.1507,0.085867,0,-0.020376,4.9635
0.20516,2.1507,0.085866,0,-0.020397,4.9636
0.20521,2.1507,0.085865,0,-0.020395,4.9762
0.20526,2.1507,0.085864,0,-0.020377,4.975
0.20532,2.1507,0.085863,0,-0.020346,4.9724
0.20537,2.1507,0.085862,0,-0.020309,4.9796
0.20542,2.1507,0.085861,0,-0.020274,4.9762
0.20547,2.1507,0.08586,0,-0.020247,4.9694
0.20553,2.1507,0.085859,0,-0.020237,4.9764
0.20558,2.1507,0.085857,0,-0.020251,4.9817
0.20563,2.1507,0.085856,0,-0.020251,4.9845
0.20568,2.1507,0.085855,0,-0.020251,4.9862
0.20574,2.1507,0.085854,0,-0.020251,4.9879
0.20579,2.1507,0.085853,0,-0.020251,4.9735
0.20584,2.1507,0.085852,0,-0.020251,4.9731
0.20589,2.1507,0.085851,0,-0.020251,4.9804
0.20595,2.1507,0.08585,0,-0.020251,4.9755
0.206,2.1507,0.085849,0,-0.020251,4.9709
0.20605,2.1507,0.085848,0,-0.020251,4.9792
0.20611,2.1507,0.085847,0,-0.020251,4.9822
0.20616,2.1507,0.085846,0,-0.020251,4.9833
0.20621,2.1507,0.085845,0,-0.020251,4.9893
0.20626,2.1507,0.085844,0,-0.020251,4.9869
0.20632,2.1507,0.085843,0,-0.020251,4.9752
0.20637,2.1507,0.085841,0,-0.020252,4.9824
0.20642,2.1507,0.08584,0,-0.020251,4.9928
0.20647,2.1507,0.085839,0,-0.020249,4.9896
0.20653,2.1507,0.085838,0,-0.020247,4.9881
0.20658,2.1507,0.085837,0,-0.020244,5.007
0.20663,2.1507,0.085836,0,-0.020241,5.0086
0.20668,2.1507,0.085835,0,-0.02024,5.0122
0.20674,2.1507,0.085834,0,-0.02024,5.0254
0.20679,2.1507,0.085833,0,-0.020241,5.021
0.20684,2.1507,0.085832,0,-0.020242,5.0187
0.20689,2.1507,0.085831,0,-0.020243,5.0313
0.20695,2.1507,0.08583,0,-0.020243,5.0322
0.207,2.1507,0.085829,0,-0.020244,5.0255
0.20705,2.1507,0.085828,0,-0.020245,5.038
0.20711,2.1507,0.085827,0,-0.020245,5.0407
0.20716,2.1507,0.085826,0,-0.020246,5.0319
0.20721,2.1507,0.085824,0,-0.020246,5.0405
0.20726,2.1507,0.085823,0,-0.020247,5.0444
0.20732,2.1507,0.085822,0,-0.020247,5.0347
0.20737,2.1507,0.085821,0,-0.020248,5.0355
0.20742,2.1507,0.08582,0,-0.020249,5.0448
0.20747,2.1507,0.085819,0,-0.020249,5.0372
0.20753,2.1507,0.085818,0,-0.02025,5.0222
0.20758,2.1507,0.085817,0,-0.02025,5.0356
0.20763,2.1507,0.085816,0,-0.020251,5.0418
0.20768,2.1507,0.085815,0,-0.020251,5.0317
0.20774,2.1507,0.085814,0,-0.020252,5.043
0.20779,2.1507,0.085813,0,-0.020252,5.0447
0.20784,2.1507,0.085812,0,-0.020253,5.036
0.20789,2.1507,0.085811,0,-0.020253,5.0461
0.20795,2.1507,0.08581,0,-0.020254,5.0473
0.208,2.1507,0.085808,0,-0.020254,5.0444
0.20805,2.1507,0.085807,0,-0.020255,5.0433
0.20811,2.1507,0.085806,0,-0.020255,5.0495
0.20816,2.1507,0.085805,0,-0.020256,5.0505
0.20821,2.1507,0.085804,0,-0.020256,5.0543
0.20826,2.1507,0.085803,0,-0.020256,5.0673
0.20832,2.1507,0.085802,0,-0.020257,5.0634
0.20837,2.1507,0.085801,0,-0.020257,5.0564
0.20842,2.1507,0.0858,0,-0.020258,5.0693
0.20847,2.1507,0.085799,0,-0.020258,5.068
0.20853,2.1507,0.085798,0,-0.020259,5.0522
0.20858,2.1507,0.085797,0,-0.020259,5.0607
0.20863,2.1507,0.085796,0,-0.020259,5.0598
0.20868,2.1507,0.085795,0,-0.02026,5.0552
0.20874,2.1507,0.085794,0,-0.02026,5.0566
0.20879,2.1507,0.085792,0,-0.02026,5.0665
0.20884,2.1507,0.085791,0,-0.020261,5.0503
0.20889,2.1507,0.08579,0,-0.020261,5.0486
0.20895,2.1507,0.085789,0,-0.020262,5.0513
0.209,2.1507,0.085788,0,-0.020262,5.0383
0.20905,2.1507,0.085787,0,-0.020262,5.0362
0.20911,2.1507,0.085786,0,-0.020263,5.045
0.20916,2.1507,0.085785,0,-0.020263,5.0424
0.20921,2.1507,0.085784,0,-0.020263,5.0369
0.20926,2.1507,0.085783,0,-0.020263,5.0489
0.20932,2.1507,0.085782,0,-0.020264,5.0545
0.20937,2.1507,0.085781,0,-0.020264,5.0442
0.20942,2.1507,0.08578,0,-0.020264,5.0448
0.20947,2.1507,0.085779,0,-0.020265,5.0501
0.20953,2.1507,0.085778,0,-0.020265,5.0383
0.20958,2.1507,0.085776,0,-0.020265,5.0318
0.20963,2.1507,0.085775,0,-0.020265,5.0453
0.20968,2.1507,0.085774,0,-0.020266,5.0421
0.20974,2.1507,0.085773,0,-0.020266,5.0438
0.20979,2.1507,0.085772,0,-0.020266,5.058
0.20984,2.1507,0.085771,0,-0.020266,5.0559
0.20989,2.1507,0.08577,0,-0.020267,5.0516
0.20995,2.1507,0.085769,0,-0.020267,5.0607
0.21,2.1507,0.085768,0,-0.020267,5.0582
0.21005,2.1507,0.085767,0,-0.020267,5.0491
0.21011,2.1507,0.085766,0,-0.020267,5.0549
0.21016,2.1507,0.085765,0,-0.020268,5.0571
0.21021,2.1507,0.085764,0,-0.020268,5.0489
0.21026,2.1507,0.085763,0,-0.020268,5.0581
0.21032,2.1507,0.085762,0,-0.020269,5.0666
0.21037,2.1507,0.08576,0,-0.02027,5.0533
0.21042,2.1507,0.085759,0,-0.020282,5.055
0.21047,2.1507,0.085758,0,-0.020267,5.0579
0.21053,2.1507,0.085757,0,-0.020232,5.0514
0.21058,2.1507,0.085756,0,-0.020204,5.0425
0.21063,2.1507,0.085755,0,-0.02015,5.0513
0.21068,2.1507,0.085754,0,-0.020086,5.051
0.21074,2.1507,0.085753,0,-0.020029,5.0442
0.21079,2.1507,0.085752,0,-0.019991,5.056
0.21084,2.1507,0.085751,0,-0.019983,5.062
0.21089,2.1507,0.08575,0,-0.019972,5.0508
0.21095,2.1507,0.085749,0,-0.019981,5.0663
0.211,2.1507,0.085748,0,-0.020016,5.0741
0.21105,2.1507,0.085747,0,-0.020034,5.0608
0.21111,2.1507,0.085746,0,-0.020052,5.0535
0.21116,2.1507,0.085745,0,-0.02007,5.063
0.21121,2.1507,0.085744,0,-0.020088,5.0584
0.21126,2.1507,0.085742,0,-0.020105,5.0596
0.21132,2.1507,0.085741,0,-0.020123,5.077
0.21137,2.1507,0.08574,0,-0.02014,5.0755
0.21142,2.1507,0.085739,0,-0.020156,5.0661
0.21147,2.1507,0.085738,0,-0.020173,5.0704
0.21153,2.1507,0.085737,0,-0.020189,5.0672
0.21158,2.1507,0.085736,0,-0.020206,5.06
0.21163,2.1507,0.085735,0,-0.020222,5.0635
0.21168,2.1507,0.085734,0,-0.020237,5.0644
0.21174,2.1507,0.085733,0,-0.020253,5.0604
0.21179,2.1507,0.085732,0,-0.020268,5.0587
0.21184,2.1507,0.085731,0,-0.020283,5.0694
0.21189,2.1507,0.08573,0,-0.020298,5.0625
0.21195,2.1507,0.085729,0,-0.020313,5.0691
0.212,2.1507,0.085728,0,-0.020327,5.0734
0.21205,2.1507,0.085727,0,-0.020342,5.0708
0.21211,2.1507,0.085725,0,-0.020356,5.0603
0.21216,2.1507,0.085724,0,-0.020369,5.0757
0.21221,2.1507,0.085723,0,-0.020383,5.0778
0.21226,2.1507,0.085722,0,-0.020396,5.0793
0.21232,2.1507,0.085721,0,-0.02041,5.0968
0.21237,2.1507,0.08572,0,-0.020422,5.0942
0.21242,2.1507,0.085719,0,-0.020435,5.0854
0.21247,2.1507,0.085718,0,-0.020448,5.0868
0.21253,2.1507,0.085717,0,-0.02046,5.0902
0.21258,2.1507,0.085716,0,-0.020472,5.0858
0.21263,2.1507,0.085715,0,-0.020484,5.0851
0.21268,2.1507,0.085714,0,-0.020496,5.0949
0.21274,2.1507,0.085713,0,-0.020507,5.0925
0.21279,2.1507,0.085711,0,-0.020534,5.0945
0.21284,2.1507,0.08571,0,-0.020549,5.1091
0.21289,2.1507,0.085709,0,-0.02052,5.1043
0.21295,2.1507,0.085708,0,-0.020464,5.1046
0.213,2.1507,0.085707,0,-0.020396,5.1093
0.21305,2.1507,0.085706,0,-0.020334,5.1037
0.21311,2.1507,0.085705,0,-0.02029,5.0957
0.21316,2.1507,0.085704,0,-0.020275,5.0966
0.21321,2.1507,0.085703,0,-0.020303,5.0991
0.21326,2.1507,0.085702,0,-0.020341,5.0859
0.21332,2.1507,0.085701,0,-0.020377,5.0957
0.21337,2.1507,0.0857,0,-0.020388,5.1077
0.21342,2.1507,0.085699,0,-0.020399,5.0984
0.21347,2.1507,0.085697,0,-0.020392,5.1008
0.21353,2.1507,0.085696,0,-0.020354,5.1101
0.21358,2.1507,0.085695,0,-0.020284,5.1022
0.21363,2.1507,0.085694,0,-0.020186,5.0912
0.21368,2.1507,0.085693,0,-0.020073,5.0984
0.21374,2.1507,0.085692,0,-0.019965,5.1013
0.21379,2.1507,0.085691,0,-0.019825,5.0923
0.21384,2.1507,0.08569,0,-0.019721,5.1043
0.21389,2.1507,0.085689,0,-0.019656,5.1075
0.21395,2.1507,0.085688,0,-0.019637,5.104
0.214,2.1507,0.085687,0,-0.019665,5.1064
0.21405,2.1507,0.085686,0,-0.019733,5.1044
0.21411,2.1507,0.085685,0,-0.019829,5.1008
0.21416,2.1507,0.085684,0,-0.019932,5.0919
0.21421,2.1507,0.085683,0,-0.020018,5.103
0.21426,2.1507,0.085682,0,-0.020119,5.0873
0.21432,2.1507,0.085681,0,-0.020192,5.0899
0.21437,2.1507,0.08568,0,-0.020246,5.0993
0.21442,2.1507,0.085679,0,-0.02029,5.0918
0.21447,2.1507,0.085677,0,-0.02033,5.087
0.21453,2.1507,0.085676,0,-0.020376,5.0906
0.21458,2.1507,0.085675,0,-0.020433,5.0853
0.21463,2.1507,0.085674,0,-0.020509,5.077
0.21468,2.1507,0.085673,0,-0.02061,5.0801
0.21474,2.1507,0.085672,0,-0.020693,5.0752
0.21479,2.1507,0.085671,0,-0.020775,5.071
0.21484,2.1507,0.08567,0,-0.020856,5.0778
0.21489,2.1507,0.085669,0,-0.020935,5.0854
0.21495,2.1507,0.085668,0,-0.021013,5.0734
0.215,2.1507,0.085667,0,-0.02109,5.0723
0.21505,2.1507,0.085665,0,-0.021165,5.0835
0.21511,2.1507,0.085664,0,-0.02124,5.0722
0.21516,2.1507,0.085663,0,-0.021312,5.0716
0.21521,2.1507,0.085662,0,-0.021384,5.0774
0.21526,2.1507,0.085661,0,-0.02147,5.0719
0.21532,2.1507,0.08566,0,-0.021528,5.0552
0.21537,2.1507,0.085659,0,-0.021567,5.0714
0.21542,2.1507,0.085658,0,-0.021595,5.0728
0.21547,2.1507,0.085656,0,-0.021621,5.0613
0.21553,2.1507,0.085655,0,-0.021651,5.0686
0.21558,2.1507,0.085654,0,-0.021708,5.0656
0.21563,2.1507,0.085653,0,-0.021757,5.0584
0.21568,2.1507,0.085652,0,-0.021813,5.054
0.21574,2.1507,0.085651,0,-0.021843,5.057
0.21579,2.1507,0.08565,0,-0.021869,5.0517
0.21584,2.1507,0.085648,0,-0.0219,5.0537
0.21589,2.1507,0.085647,0,-0.021942,5.0673
0.21595,2.1507,0.085646,0,-0.022003,5.0593
0.216,2.1507,0.085645,0,-0.022089,5.0553
0.21605,2.1507,0.085644,0,-0.022156,5.0716
0.21611,2.1507,0.085643,0,-0.022238,5.0564
0.21616,2.1507,0.085641,0,-0.022292,5.051
0.21621,2.1507,0.08564,0,-0.022326,5.0594
0.21626,2.1507,0.085639,0,-0.02235,5.0634
0.21632,2.1507,0.085638,0,-0.02237,5.0557
0.21637,2.1507,0.085637,0,-0.022395,5.0594
0.21642,2.1507,0.085636,0,-0.022434,5.0717
0.21647,2.1507,0.085634,0,-0.022492,5.0683
0.21653,2.1507,0.085633,0,-0.022575,5.0615
0.21658,2.1507,0.085632,0,-0.02264,5.078
0.21663,2.1507,0.085631,0,-0.022703,5.0657
0.21668,2.1507,0.08563,0,-0.022764,5.0629
0.21674,2.1507,0.085628,0,-0.02282,5.0616
0.21679,2.1507,0.085627,0,-0.022874,5.0572
0.21684,2.1507,0.085626,0,-0.022926,5.0455
0.21689,2.1507,0.085625,0,-0.022991,5.0567
0.21695,2.1507,0.085624,0,-0.023042,5.0625
0.217,2.1507,0.085622,0,-0.023048,5.0536
0.21705,2.1507,0.085621,0,-0.023041,5.0589
0.21711,2.1507,0.08562,0,-0.022999,5.0589
0.21716,2.1507,0.085619,0,-0.02294,5.0457
0.21721,2.1507,0.085617,0,-0.022892,5.0493
0.21726,2.1507,0.085616,0,-0.022875,5.0528
0.21732,2.1507,0.085615,0,-0.022907,5.0419
0.21737,2.1507,0.085614,0,-0.022959,5.0398
0.21742,2.1507,0.085613,0,-0.023012,5.0511
0.21747,2.1507,0.085611,0,-0.023088,5.0493
0.21753,2.1507,0.08561,0,-0.023146,5.0452
0.21758,2.1507,0.085609,0,-0.023202,5.0601
0.21763,2.1507,0.085608,0,-0.023273,5.052
0.21768,2.1507,0.085607,0,-0.023317,5.0514
0.21774,2.1507,0.085605,0,-0.023343,5.0527
0.21779,2.1507,0.085604,0,-0.023357,5.0644
0.21784,2.1507,0.085603,0,-0.023367,5.051
0.21789,2.1507,0.085602,0,-0.023383,5.0605
0.21795,2.1507,0.0856,0,-0.023409,5.0785
0.218,2.1507,0.085599,0,-0.02345,5.0708
0.21805,2.1507,0.085598,0,-0.023513,5.0742
0.21811,2.1507,0.085597,0,-0.023555,5.0789
0.21816,2.1507,0.085595,0,-0.023593,5.0773
0.21821,2.1507,0.085594,0,-0.023626,5.0694
0.21826,2.1507,0.085593,0,-0.023659,5.0747
0.21832,2.1507,0.085592,0,-0.023693,5.0732
0.21837,2.1507,0.08559,0,-0.023726,5.0667
0.21842,2.1507,0.085589,0,-0.023758,5.0821
0.21847,2.1507,0.085588,0,-0.023788,5.0773
0.21853,2.1507,0.085587,0,-0.023816,5.0713
0.21858,2.1507,0.085585,0,-0.023841,5.0735
0.21863,2.1507,0.085584,0,-0.023863,5.082
0.21868,2.1507,0.085583,0,-0.023884,5.0768
0.21874,2.1507,0.085582,0,-0.023905,5.0714
0.21879,2.1507,0.08558,0,-0.023922,5.077
0.21884,2.1507,0.085579,0,-0.02394,5.0643
0.21889,2.1507,0.085578,0,-0.023958,5.0672
0.21895,2.1507,0.085577,0,-0.023976,5.0828
0.219,2.1507,0.085575,0,-0.023992,5.0786
0.21905,2.1507,0.085574,0,-0.024005,5.0764
0.21911,2.1507,0.085573,0,-0.024016,5.0863
0.21916,2.1507,0.085572,0,-0.024026,5.0849
0.21921,2.1507,0.08557,0,-0.024038,5.0808
0.21926,2.1507,0.085569,0,-0.02405,5.0895
0.21932,2.1507,0.085568,0,-0.024076,5.0942
0.21937,2.1507,0.085567,0,-0.024089,5.0865
0.21942,2.1507,0.085565,0,-0.024056,5.0984
0.21947,2.1507,0.085564,0,-0.023994,5.1038
0.21953,2.1507,0.085563,0,-0.023933,5.0996
0.21958,2.1507,0.085561,0,-0.02385,5.1067
0.21963,2.1507,0.08556,0,-0.023768,5.1131
0.21968,2.1507,0.085559,0,-0.023723,5.102
0.21974,2.1507,0.085558,0,-0.023693,5.0968
0.21979,2.1507,0.085556,0,-0.023661,5.1039
0.21984,2.1507,0.085555,0,-0.023614,5.1006
0.21989,2.1507,0.085554,0,-0.023583,5.0852
0.21995,2.1507,0.085553,0,-0.023595,5.0975
0.22,2.1507,0.085552,0,-0.023591,5.0946
0.22005,2.1507,0.08555,0,-0.02356,5.0877
0.22011,2.1507,0.085549,0,-0.023526,5.0919
0.22016,2.1507,0.085548,0,-0.02348,5.0903
0.22021,2.1507,0.085547,0,-0.023426,5.0736
0.22026,2.1507,0.085545,0,-0.023343,5.065
0.22032,2.1507,0.085544,0,-0.023262,5.0714
0.22037,2.1507,0.085543,0,-0.023215,5.0582
0.22042,2.1507,0.085542,0,-0.023181,5.0577
0.22047,2.1507,0.08554,0,-0.02315,5.0661
0.22053,2.1507,0.085539,0,-0.023152,5.064
0.22058,2.1507,0.085538,0,-0.023202,5.0586
0.22063,2.1507,0.085537,0,-0.023266,5.0742
0.22068,2.1507,0.085536,0,-0.023331,5.0683
0.22074,2.1507,0.085534,0,-0.023371,5.0598
0.22079,2.1507,0.085533,0,-0.023393,5.068
0.22084,2.1507,0.085532,0,-0.023419,5.0663
0.22089,2.1507,0.085531,0,-0.02343,5.0571
0.22095,2.1507,0.085529,0,-0.0234,5.06
0.221,2.1507,0.085528,0,-0.023354,5.0656
0.22105,2.1507,0.085527,0,-0.023314,5.0573
0.22111,2.1507,0.085526,0,-0.023301,5.0598
0.22116,2.1507,0.085525,0,-0.023287,5.0686
0.22121,2.1507,0.085523,0,-0.023302,5.056
0.22126,2.1507,0.085522,0,-0.023357,5.054
0.22132,2.1507,0.085521,0,-0.023418,5.0598
0.22137,2.1507,0.08552,0,-0.023462,5.0506
0.22142,2.1507,0.085518,0,-0.023503,5.0394
0.22147,2.1507,0.085517,0,-0.023541,5.0497
0.22153,2.1507,0.085516,0,-0.023577,5.053
0.22158,2.1507,0.085515,0,-0.02361,5.0479
0.22163,2.1507,0.085513,0,-0.023641,5.0566
0.22168,2.1507,0.085512,0,-0.023669,5.0617
0.22174,2.1507,0.085511,0,-0.023694,5.0501
0.22179,2.1507,0.08551,0,-0.023717,5.0567
0.22184,2.1507,0.085508,0,-0.023737,5.0591
0.22189,2.1507,0.085507,0,-0.023754,5.0508
0.22195,2.1507,0.085506,0,-0.023769,5.0611
0.222,2.1507,0.085505,0,-0.023781,5.0773
0.22205,2.1507,0.085503,0,-0.02379,5.0748
0.22211,2.1507,0.085502,0,-0.023796,5.0768
0.22216,2.1507,0.085501,0,-0.0238,5.0908
0.22221,2.1507,0.0855,0,-0.023801,5.0922
0.22226,2.1507,0.085498,0,-0.0238,5.0877
0.22232,2.1507,0.085497,0,-0.023795,5.0918
0.22237,2.1507,0.085496,0,-0.023788,5.0941
0.22242,2.1507,0.085495,0,-0.023779,5.0888
0.22247,2.1507,0.085493,0,-0.023766,5.0872
0.22253,2.1507,0.085492,0,-0.023751,5.0939
0.22258,2.1507,0.085491,0,-0.023733,5.09
0.22263,2.1507,0.08549,0,-0.023712,5.0931
0.22268,2.1507,0.085488,0,-0.023689,5.1057
0.22274,2.1507,0.085487,0,-0.023646,5.0975
0.22279,2.1507,0.085486,0,-0.023611,5.0976
0.22284,2.1507,0.085485,0,-0.023618,5.1026
0.22289,2.1507,0.085483,0,-0.023656,5.0928
0.22295,2.1507,0.085482,0,-0.02371,5.0843
0.223,2.1507,0.085481,0,-0.023765,5.0976
0.22305,2.1507,0.08548,0,-0.023807,5.097
0.22311,2.1507,0.085478,0,-0.023822,5.0935
0.22316,2.1507,0.085477,0,-0.023794,5.103
0.22321,2.1507,0.085476,0,-0.023752,5.1091
0.22326,2.1507,0.085475,0,-0.023708,5.1003
0.22332,2.1507,0.085473,0,-0.023686,5.1095
0.22337,2.1507,0.085472,0,-0.023664,5.117
0.22342,2.1507,0.085471,0,-0.023658,5.1089
0.22347,2.1507,0.08547,0,-0.023685,5.1096
0.22353,2.1507,0.085468,0,-0.023752,5.1189
0.22358,2.1507,0.085467,0,-0.023855,5.1163
0.22363,2.1507,0.085466,0,-0.023986,5.1265
0.22368,2.1507,0.085465,0,-0.024127,5.1374
0.22374,2.1507,0.085463,0,-0.024315,5.1376
0.22379,2.1507,0.085462,0,-0.024484,5.1302
0.22384,2.1507,0.085461,0,-0.024629,5.1391
0.22389,2.1507,0.085459,0,-0.024738,5.136
0.22395,2.1507,0.085458,0,-0.024805,5.1246
0.224,2.1507,0.085457,0,-0.024833,5.1289
0.22405,2.1507,0.085456,0,-0.02483,5.1389
0.22411,2.1507,0.085454,0,-0.024818,5.1329
0.22416,2.1507,0.085453,0,-0.02482,5.1354
0.22421,2.1507,0.085452,0,-0.024803,5.1429
0.22426,2.1507,0.08545,0,-0.024811,5.135
0.22432,2.1507,0.085449,0,-0.024839,5.1378
0.22437,2.1507,0.085448,0,-0.02488,5.1407
0.22442,2.1507,0.085446,0,-0.024924,5.1354
0.22447,2.1507,0.085445,0,-0.024962,5.1299
0.22453,2.1507,0.085444,0,-0.024989,5.1407
0.22458,2.1507,0.085442,0,-0.024994,5.1397
0.22463,2.1507,0.085441,0,-0.024967,5.1278
0.22468,2.1507,0.08544,0,-0.024953,5.1482
0.22474,2.1507,0.085438,0,-0.024938,5.1527
0.22479,2.1507,0.085437,0,-0.024921,5.1439
0.22484,2.1507,0.085436,0,-0.024902,5.1518
0.22489,2.1507,0.085435,0,-0.024881,5.1596
0.22495,2.1507,0.085433,0,-0.024858,5.1551
0.225,2.1507,0.085432,0,-0.024834,5.1513
0.22505,2.1507,0.085431,0,-0.024807,5.1675
0.22511,2.1507,0.085429,0,-0.024778,5.1613
0.22516,2.1507,0.085428,0,-0.024747,5.162
0.22521,2.1507,0.085427,0,-0.024698,5.1709
0.22526,2.1507,0.085425,0,-0.024673,5.1743
0.22532,2.1507,0.085424,0,-0.024666,5.1642
0.22537,2.1507,0.085423,0,-0.02467,5.1718
0.22542,2.1507,0.085422,0,-0.024678,5.1685
0.22547,2.1507,0.08542,0,-0.024683,5.1572
0.22553,2.1507,0.085419,0,-0.024659,5.1533
0.22558,2.1507,0.085418,0,-0.024643,5.1582
0.22563,2.1507,0.085416,0,-0.024616,5.1494
0.22568,2.1507,0.085415,0,-0.024633,5.1552
0.22574,2.1507,0.085414,0,-0.02463,5.165
0.22579,2.1507,0.085412,0,-0.024608,5.1593
0.22584,2.1507,0.085411,0,-0.024566,5.1613
0.22589,2.1507,0.08541,0,-0.024502,5.1603
0.22595,2.1507,0.085409,0,-0.024415,5.1519
0.226,2.1507,0.085407,0,-0.024352,5.1539
0.22605,2.1507,0.085406,0,-0.024287,5.1552
0.22611,2.1507,0.085405,0,-0.024272,5.156
0.22616,2.1507,0.085403,0,-0.024259,5.1536
0.22621,2.1507,0.085402,0,-0.024258,5.1634
0.22626,2.1507,0.085401,0,-0.02426,5.1693
0.22632,2.1507,0.0854,0,-0.024259,5.1591
0.22637,2.1507,0.085398,0,-0.024247,5.1628
0.22642,2.1507,0.085397,0,-0.024215,5.1667
0.22647,2.1507,0.085396,0,-0.024154,5.1576
0.22653,2.1507,0.085395,0,-0.024107,5.1528
0.22658,2.1507,0.085393,0,-0.024057,5.1576
0.22663,2.1507,0.085392,0,-0.024006,5.1548
0.22668,2.1507,0.085391,0,-0.023955,5.1543
0.22674,2.1507,0.08539,0,-0.023905,5.1655
0.22679,2.1507,0.085388,0,-0.023853,5.1663
0.22684,2.1507,0.085387,0,-0.023784,5.1552
0.22689,2.1507,0.085386,0,-0.023723,5.1639
0.22695,2.1507,0.085385,0,-0.023705,5.161
0.227,2.1507,0.085383,0,-0.023715,5.1458
0.22705,2.1507,0.085382,0,-0.023746,5.1457
0.22711,2.1507,0.085381,0,-0.023787,5.1517
0.22716,2.1507,0.08538,0,-0.023819,5.1347
0.22721,2.1507,0.085378,0,-0.023829,5.1461
0.22726,2.1507,0.085377,0,-0.023795,5.157
0.22732,2.1507,0.085376,0,-0.023749,5.1483
0.22737,2.1507,0.085375,0,-0.023716,5.1465
0.22742,2.1507,0.085373,0,-0.023678,5.1549
0.22747,2.1507,0.085372,0,-0.023637,5.1477
0.22753,2.1507,0.085371,0,-0.023591,5.1454
0.22758,2.1507,0.08537,0,-0.023525,5.1543
0.22763,2.1507,0.085368,0,-0.023485,5.1561
0.22768,2.1507,0.085367,0,-0.023462,5.147
0.22774,2.1507,0.085366,0,-0.023453,5.1619
0.22779,2.1507,0.085365,0,-0.023451,5.1654
0.22784,2.1507,0.085363,0,-0.023446,5.1538
0.22789,2.1507,0.085362,0,-0.023431,5.1655
0.22795,2.1507,0.085361,0,-0.023397,5.1677
0.228,2.1507,0.08536,0,-0.023337,5.1648
0.22805,2.1507,0.085358,0,-0.023294,5.1519
0.22811,2.1507,0.085357,0,-0.023251,5.1601
0.22816,2.1507,0.085356,0,-0.023208,5.1576
0.22821,2.1507,0.085355,0,-0.023161,5.1511
0.22826,2.1507,0.085354,0,-0.023111,5.165
0.22832,2.1507,0.085352,0,-0.023057,5.1642
0.22837,2.1507,0.085351,0,-0.023,5.1532
0.22842,2.1507,0.08535,0,-0.022943,5.1638
0.22847,2.1507,0.085349,0,-0.022887,5.157
0.22853,2.1507,0.085348,0,-0.022829,5.1534
0.22858,2.1507,0.085346,0,-0.02277,5.1586
0.22863,2.1507,0.085345,0,-0.022709,5.166
0.22868,2.1507,0.085344,0,-0.022648,5.1548
0.22874,2.1507,0.085343,0,-0.022586,5.1633
0.22879,2.1507,0.085342,0,-0.022521,5.1763
0.22884,2.1507,0.08534,0,-0.022455,5.1811
0.22889,2.1507,0.085339,0,-0.022387,5.1857
0.22895,2.1507,0.085338,0,-0.022318,5.1879
0.229,2.1507,0.085337,0,-0.022246,5.1861
0.22905,2.1507,0.085336,0,-0.022172,5.1802
0.22911,2.1507,0.085335,0,-0.022094,5.1915
0.22916,2.1507,0.085333,0,-0.022012,5.1939
0.22921,2.1507,0.085332,0,-0.021926,5.1854
0.22926,2.1507,0.085331,0,-0.021822,5.2007
0.22932,2.1507,0.08533,0,-0.021725,5.2054
0.22937,2.1507,0.085329,0,-0.021673,5.199
0.22942,2.1507,0.085328,0,-0.021647,5.2019
0.22947,2.1507,0.085327,0,-0.021623,5.2041
0.22953,2.1507,0.085325,0,-0.021627,5.2008
0.22958,2.1507,0.085324,0,-0.021638,5.1962
0.22963,2.1507,0.085323,0,-0.021619,5.2009
0.22968,2.1507,0.085322,0,-0.02159,5.1896
0.22974,2.1507,0.085321,0,-0.021564,5.1826
0.22979,2.1507,0.08532,0,-0.021557,5.1955
0.22984,2.1507,0.085319,0,-0.021536,5.1999
0.22989,2.1507,0.085317,0,-0.02147,5.1903
0.22995,2.1507,0.085316,0,-0.021418,5.2027
0.23,2.1507,0.085315,0,-0.021393,5.2013
0.23005,2.1507,0.085314,0,-0.021372,5.1922
0.23011,2.1507,0.085313,0,-0.021366,5.196
0.23016,2.1507,0.085312,0,-0.02137,5.2033
0.23021,2.1507,0.085311,0,-0.021408,5.1905
0.23026,2.1507,0.08531,0,-0.021451,5.1987
0.23032,2.1507,0.085308,0,-0.021454,5.2133
0.23037,2.1507,0.085307,0,-0.021475,5.2092
0.23042,2.1507,0.085306,0,-0.021519,5.2083
0.23047,2.1507,0.085305,0,-0.021531,5.2193
0.23053,2.1507,0.085304,0,-0.021529,5.2149
0.23058,2.1507,0.085303,0,-0.021531,5.2094
0.23063,2.1507,0.085302,0,-0.021534,5.2176
0.23068,2.1507,0.0853,0,-0.021551,5.2155
0.23074,2.1507,0.085299,0,-0.021561,5.2061
0.23079,2.1507,0.085298,0,-0.021576,5.2107
0.23084,2.1507,0.085297,0,-0.02159,5.2154
0.23089,2.1507,0.085296,0,-0.02162,5.203
0.23095,2.1507,0.085295,0,-0.021687,5.2082
0.231,2.1507,0.085294,0,-0.021755,5.2095
0.23105,2.1507,0.085292,0,-0.021801,5.191
0.23111,2.1507,0.085291,0,-0.021852,5.1865
0.23116,2.1507,0.08529,0,-0.021876,5.19
0.23121,2.1507,0.085289,0,-0.02186,5.1791
0.23126,2.1507,0.085288,0,-0.021833,5.1776
0.23132,2.1507,0.085287,0,-0.02182,5.1798
0.23137,2.1507,0.085286,0,-0.021806,5.18
0.23142,2.1507,0.085284,0,-0.021792,5.1768
0.23147,2.1507,0.085283,0,-0.021778,5.185
0.23153,2.1507,0.085282,0,-0.021764,5.1752
0.23158,2.1507,0.085281,0,-0.021749,5.1722
0.23163,2.1507,0.08528,0,-0.021734,5.1742
0.23168,2.1507,0.085279,0,-0.021719,5.1745
0.23174,2.1507,0.085278,0,-0.021703,5.1565
0.23179,2.1507,0.085276,0,-0.021687,5.166
0.23184,2.1507,0.085275,0,-0.021671,5.1769
0.23189,2.1507,0.085274,0,-0.021655,5.1695
0.23195,2.1507,0.085273,0,-0.021638,5.1657
0.232,2.1507,0.085272,0,-0.021621,5.1795
0.23205,2.1507,0.085271,0,-0.021604,5.1725
0.23211,2.1507,0.08527,0,-0.021587,5.1598
0.23216,2.1507,0.085268,0,-0.02157,5.1674
0.23221,2.1507,0.085267,0,-0.021552,5.1586
0.23226,2.1507,0.085266,0,-0.021534,5.149
0.23232,2.1507,0.085265,0,-0.021516,5.1655
0.23237,2.1507,0.085264,0,-0.021498,5.1661
0.23242,2.1507,0.085263,0,-0.021479,5.1599
0.23247,2.1507,0.085262,0,-0.02146,5.1575
0.23253,2.1507,0.085261,0,-0.021442,5.1615
0.23258,2.1507,0.085259,0,-0.021423,5.1485
0.23263,2.1507,0.085258,0,-0.021403,5.1486
0.23268,2.1507,0.085257,0,-0.021384,5.1469
0.23274,2.1507,0.085256,0,-0.021365,5.136
0.23279,2.1507,0.085255,0,-0.021345,5.1387
0.23284,2.1507,0.085254,0,-0.021325,5.1478
0.23289,2.1507,0.085253,0,-0.021306,5.1415
0.23295,2.1507,0.085252,0,-0.021286,5.139
0.233,2.1507,0.08525,0,-0.021266,5.1552
0.23305,2.1507,0.085249,0,-0.021245,5.1574
0.23311,2.1507,0.085248,0,-0.021225,5.1469
0.23316,2.1507,0.085247,0,-0.021205,5.1547
0.23321,2.1507,0.085246,0,-0.021185,5.1572
0.23326,2.1507,0.085245,0,-0.021164,5.1446
0.23332,2.1507,0.085244,0,-0.021144,5.1485
0.23337,2.1507,0.085243,0,-0.021123,5.1608
0.23342,2.1507,0.085242,0,-0.021102,5.1591
0.23347,2.1507,0.08524,0,-0.021082,5.1536
0.23353,2.1507,0.085239,0,-0.021061,5.1663
0.23358,2.1507,0.085238,0,-0.02104,5.1655
0.23363,2.1507,0.085237,0,-0.021019,5.1531
0.23368,2.1507,0.085236,0,-0.020999,5.1592
0.23374,2.1507,0.085235,0,-0.020978,5.1563
0.23379,2.1507,0.085234,0,-0.020957,5.1514
0.23384,2.1507,0.085233,0,-0.020936,5.161
0.23389,2.1507,0.085232,0,-0.020915,5.1647
0.23395,2.1507,0.08523,0,-0.020895,5.1595
0.234,2.1507,0.085229,0,-0.020875,5.1701
0.23405,2.1507,0.085228,0,-0.020854,5.1747
0.23411,2.1507,0.085227,0,-0.020831,5.1642
0.23416,2.1507,0.085226,0,-0.020808,5.1646
0.23421,2.1507,0.085225,0,-0.020785,5.1702
0.23426,2.1507,0.085224,0,-0.020758,5.1603
0.23432,2.1507,0.085223,0,-0.020729,5.1556
0.23437,2.1507,0.085222,0,-0.020701,5.1696
0.23442,2.1507,0.085221,0,-0.020674,5.1601
0.23447,2.1507,0.08522,0,-0.020647,5.1652
0.23453,2.1507,0.085218,0,-0.020622,5.1775
0.23458,2.1507,0.085217,0,-0.0206,5.1797
0.23463,2.1507,0.085216,0,-0.02058,5.1717
0.23468,2.1507,0.085215,0,-0.020558,5.1807
0.23474,2.1507,0.085214,0,-0.020536,5.1872
0.23479,2.1507,0.085213,0,-0.020514,5.1756
0.23484,2.1507,0.085212,0,-0.020493,5.1797
0.23489,2.1507,0.085211,0,-0.020471,5.1836
0.23495,2.1507,0.08521,0,-0.02045,5.1772
0.235,2.1507,0.085209,0,-0.020429,5.1823
0.23505,2.1507,0.085208,0,-0.020408,5.1926
0.23511,2.1507,0.085207,0,-0.020387,5.1794
0.23516,2.1507,0.085206,0,-0.020366,5.1675
0.23521,2.1507,0.085204,0,-0.020345,5.1768
0.23526,2.1507,0.085203,0,-0.020325,5.1699
0.23532,2.1507,0.085202,0,-0.020305,5.1609
0.23537,2.1507,0.085201,0,-0.020285,5.1748
0.23542,2.1507,0.0852,0,-0.020265,5.1744
0.23547,2.1507,0.085199,0,-0.020245,5.1622
0.23553,2.1507,0.085198,0,-0.020226,5.1767
0.23558,2.1507,0.085197,0,-0.020208,5.1847
0.23563,2.1507,0.085196,0,-0.020173,5.177
0.23568,2.1507,0.085195,0,-0.020161,5.1808
0.23574,2.1507,0.085194,0,-0.020167,5.1852
0.23579,2.1507,0.085193,0,-0.020185,5.1733
0.23584,2.1507,0.085192,0,-0.020209,5.1665
0.23589,2.1507,0.085191,0,-0.020233,5.1838
0.23595,2.1507,0.08519,0,-0.020249,5.182
0.236,2.1507,0.085188,0,-0.020251,5.184
0.23605,2.1507,0.085187,0,-0.020228,5.2002
0.23611,2.1507,0.085186,0,-0.02022,5.2013
0.23616,2.1507,0.085185,0,-0.020212,5.1959
0.23621,2.1507,0.085184,0,-0.020204,5.2047
0.23626,2.1507,0.085183,0,-0.020197,5.207
0.23632,2.1507,0.085182,0,-0.02019,5.1966
0.23637,2.1507,0.085181,0,-0.020183,5.1968
0.23642,2.1507,0.08518,0,-0.020177,5.2037
0.23647,2.1507,0.085179,0,-0.020171,5.1985
0.23653,2.1507,0.085178,0,-0.020167,5.1966
0.23658,2.1507,0.085177,0,-0.020162,5.2064
0.23663,2.1507,0.085176,0,-0.020155,5.2
0.23668,2.1507,0.085175,0,-0.020148,5.1946
0.23674,2.1507,0.085174,0,-0.020141,5.2022
0.23679,2.1507,0.085173,0,-0.020134,5.1916
0.23684,2.1507,0.085172,0,-0.02013,5.1802
0.23689,2.1507,0.08517,0,-0.020127,5.1804
0.23695,2.1507,0.085169,0,-0.020109,5.178
0.237,2.1507,0.085168,0,-0.020112,5.1697
0.23705,2.1507,0.085167,0,-0.02013,5.1736
0.23711,2.1507,0.085166,0,-0.020157,5.1807
0.23716,2.1507,0.085165,0,-0.020186,5.1678
0.23721,2.1507,0.085164,0,-0.020214,5.1686
0.23726,2.1507,0.085163,0,-0.020237,5.1713
0.23732,2.1507,0.085162,0,-0.020245,5.1652
0.23737,2.1507,0.085161,0,-0.020231,5.1543
0.23742,2.1507,0.08516,0,-0.020233,5.1691
0.23747,2.1507,0.085159,0,-0.020239,5.1625
0.23753,2.1507,0.085158,0,-0.020245,5.1609
0.23758,2.1507,0.085157,0,-0.020249,5.172
0.23763,2.1507,0.085156,0,-0.020253,5.1721
0.23768,2.1507,0.085154,0,-0.020255,5.1635
0.23774,2.1507,0.085153,0,-0.020253,5.1674
0.23779,2.1507,0.085152,0,-0.020249,5.1652
0.23784,2.1507,0.085151,0,-0.020245,5.1531
0.23789,2.1507,0.08515,0,-0.020241,5.1553
0.23795,2.1507,0.085149,0,-0.020237,5.1667
0.238,2.1507,0.085148,0,-0.020232,5.165
0.23805,2.1507,0.085147,0,-0.020229,5.1619
0.23811,2.1507,0.085146,0,-0.020228,5.1766
0.23816,2.1507,0.085145,0,-0.020227,5.1733
0.23821,2.1507,0.085144,0,-0.020225,5.1647
0.23826,2.1507,0.085143,0,-0.020226,5.1694
0.23832,2.1507,0.085142,0,-0.020226,5.1588
0.23837,2.1507,0.085141,0,-0.020227,5.1502
0.23842,2.1507,0.08514,0,-0.020225,5.1592
0.23847,2.1507,0.085139,0,-0.020225,5.1636
0.23853,2.1507,0.085137,0,-0.020227,5.1608
0.23858,2.1507,0.085136,0,-0.020228,5.1666
0.23863,2.1507,0.085135,0,-0.020227,5.1774
0.23868,2.1507,0.085134,0,-0.020228,5.1675
0.23874,2.1507,0.085133,0,-0.020228,5.1666
0.23879,2.1507,0.085132,0,-0.020226,5.1724
0.23884,2.1507,0.085131,0,-0.020223,5.1668
0.23889,2.1507,0.08513,0,-0.020219,5.1716
0.23895,2.1507,0.085129,0,-0.020217,5.1816
0.239,2.1507,0.085128,0,-0.020217,5.1738
0.23905,2.1507,0.085127,0,-0.020218,5.1776
0.23911,2.1507,0.085126,0,-0.020219,5.1924
0.23916,2.1507,0.085125,0,-0.020218,5.1963
0.23921,2.1507,0.085124,0,-0.020218,5.1896
0.23926,2.1507,0.085123,0,-0.02022,5.1962
0.23932,2.1507,0.085121,0,-0.020221,5.1972
0.23937,2.1507,0.08512,0,-0.020226,5.1917
0.23942,2.1507,0.085119,0,-0.020233,5.1978
0.23947,2.1507,0.085118,0,-0.02024,5.2034
0.23953,2.1507,0.085117,0,-0.020246,5.195
0.23958,2.1507,0.085116,0,-0.020249,5.2049
0.23963,2.1507,0.085115,0,-0.02025,5.2144
0.23968,2.1507,0.085114,0,-0.02025,5.2033
0.23974,2.1507,0.085113,0,-0.020249,5.2017
0.23979,2.1507,0.085112,0,-0.020249,5.219
0.23984,2.1507,0.085111,0,-0.020249,5.214
0.23989,2.1507,0.08511,0,-0.020249,5.2082
0.23995,2.1507,0.085109,0,-0.020249,5.2143
0.24,2.1507,0.085108,0,-0.020249,5.2169
0.24005,2.1507,0.085107,0,-0.020249,5.2121
0.24011,2.1507,0.085106,0,-0.020249,5.2204
0.24016,2.1507,0.085104,0,-0.020249,5.2309
0.24021,2.1507,0.085103,0,-0.020249,5.2242
0.24026,2.1507,0.085102,0,-0.020249,5.23
0.24032,2.1507,0.085101,0,-0.020249,5.2304
0.24037,2.1507,0.0851,0,-0.020249,5.2287
0.24042,2.1507,0.085099,0,-0.020249,5.2272
0.24047,2.1507,0.085098,0,-0.020249,5.2354
0.24053,2.1507,0.085097,0,-0.020249,5.2335
0.24058,2.1507,0.085096,0,-0.020249,5.228
0.24063,2.1507,0.085095,0,-0.020249,5.244
0.24068,2.1507,0.085094,0,-0.020249,5.2482
0.24074,2.1507,0.085093,0,-0.020249,5.2318
0.24079,2.1507,0.085092,0,-0.020249,5.2401
0.24084,2.1507,0.085091,0,-0.020249,5.2449
0.24089,2.1507,0.08509,0,-0.020249,5.2388
0.24095,2.1507,0.085088,0,-0.020249,5.235
0.241,2.1507,0.085087,0,-0.020249,5.2427
0.24105,2.1507,0.085086,0,-0.020249,5.2391
0.24111,2.1507,0.085085,0,-0.020249,5.24
0.24116,2.1507,0.085084,0,-0.020249,5.2458
0.24121,2.1507,0.085083,0,-0.020249,5.243
0.24126,2.1507,0.085082,0,-0.020249,5.2439
0.24132,2.1507,0.085081,0,-0.020249,5.2526
0.24137,2.1507,0.08508,0,-0.020249,5.2449
0.24142,2.1507,0.085079,0,-0.020249,5.2435
0.24147,2.1507,0.085078,0,-0.020249,5.254
0.24153,2.1507,0.085077,0,-0.020249,5.2523
0.24158,2.1507,0.085076,0,-0.020249,5.2471
0.24163,2.1507,0.085075,0,-0.020249,5.2554
0.24168,2.1507,0.085074,0,-0.020249,5.2658
0.24174,2.1507,0.085072,0,-0.020249,5.2575
0.24179,2.1507,0.085071,0,-0.020249,5.26
0.24184,2.1507,0.08507,0,-0.020249,5.2721
0.24189,2.1507,0.085069,0,-0.020249,5.2606
0.24195,2.1507,0.085068,0,-0.020249,5.2598
0.242,2.1507,0.085067,0,-0.020249,5.271
0.24205,2.1507,0.085066,0,-0.020249,5.2614
0.24211,2.1507,0.085065,0,-0.020249,5.2586
0.24216,2.1507,0.085064,0,-0.020249,5.2741
0.24221,2.1507,0.085063,0,-0.020249,5.2736
0.24226,2.1507,0.085062,0,-0.020249,5.2594
0.24232,2.1507,0.085061,0,-0.020249,5.2642
0.24237,2.1507,0.08506,0,-0.020249,5.2658
0.24242,2.1507,0.085059,0,-0.020249,5.2581
0.24247,2.1507,0.085058,0,-0.020249,5.2604
0.24253,2.1507,0.085056,0,-0.020249,5.2634
0.24258,2.1507,0.085055,0,-0.020249,5.2534
0.24263,2.1507,0.085054,0,-0.020249,5.2617
0.24268,2.1507,0.085053,0,-0.020249,5.2689
0.24274,2.1507,0.085052,0,-0.020249,5.2663
0.24279,2.1507,0.085051,0,-0.020249,5.2628
0.24284,2.1507,0.08505,0,-0.020249,5.2751
0.24289,2.1507,0.085049,0,-0.020249,5.2645
0.24295,2.1507,0.085048,0,-0.020249,5.259
0.243,2.1507,0.085047,0,-0.020249,5.2676
0.24305,2.1507,0.085046,0,-0.020249,5.2671
0.24311,2.1507,0.085045,0,-0.020249,5.2594
0.24316,2.1507,0.085044,0,-0.020249,5.2637
0.24321,2.1507,0.085043,0,-0.020249,5.2679
0.24326,2.1507,0.085042,0,-0.020249,5.2642
0.24332,2.1507,0.08504,0,-0.020249,5.2675
0.24337,2.1507,0.085039,0,-0.020249,5.2701
0.24342,2.1507,0.085038,0,-0.020249,5.2592
0.24347,2.1507,0.085037,0,-0.020249,5.2573
0.24353,2.1507,0.085036,0,-0.020249,5.2678
0.24358,2.1507,0.085035,0,-0.020249,5.2591
0.24363,2.1507,0.085034,0,-0.020249,5.2534
0.24368,2.1507,0.085033,0,-0.020249,5.2574
0.24374,2.1507,0.085032,0,-0.020249,5.2601
0.24379,2.1507,0.085031,0,-0.020249,5.2527
0.24384,2.1507,0.08503,0,-0.020249,5.265
0.24389,2.1507,0.085029,0,-0.020249,5.2602
0.24395,2.1507,0.085028,0,-0.020249,5.2486
0.244,2.1507,0.085027,0,-0.020249,5.2515
0.24405,2.1507,0.085026,0,-0.020249,5.2592
0.24411,2.1507,0.085025,0,-0.020249,5.2415
0.24416,2.1507,0.085023,0,-0.02025,5.2487
0.24421,2.1507,0.085022,0,-0.02025,5.2602
0.24426,2.1507,0.085021,0,-0.02025,5.2549
0.24432,2.1507,0.08502,0,-0.02025,5.2553
0.24437,2.1507,0.085019,0,-0.02025,5.2623
0.24442,2.1507,0.085018,0,-0.02025,5.2563
0.24447,2.1507,0.085017,0,-0.02025,5.2515
0.24453,2.1507,0.085016,0,-0.02025,5.2592
0.24458,2.1507,0.085015,0,-0.02025,5.2563
0.24463,2.1507,0.085014,0,-0.02025,5.2493
0.24468,2.1507,0.085013,0,-0.02025,5.2568
0.24474,2.1507,0.085012,0,-0.02025,5.2617
0.24479,2.1507,0.085011,0,-0.02025,5.2658
0.24484,2.1507,0.08501,0,-0.02025,5.269
0.24489,2.1507,0.085009,0,-0.02025,5.2729
0.24495,2.1507,0.085007,0,-0.02025,5.2573
0.245,2.1507,0.085006,0,-0.02025,5.2586
0.24505,2.1507,0.085005,0,-0.02025,5.2577
0.24511,2.1507,0.085004,0,-0.02025,5.2512
0.24516,2.1507,0.085003,0,-0.02025,5.2423
0.24521,2.1507,0.085002,0,-0.02025,5.2545
0.24526,2.1507,0.085001,0,-0.02025,5.2544
0.24532,2.1507,0.085,0,-0.02025,5.2628
0.24537,2.1507,0.084999,0,-0.02025,5.2808
0.24542,2.1507,0.084998,0,-0.02025,5.2764
0.24547,2.1507,0.084997,0,-0.02025,5.2767
0.24553,2.1507,0.084996,0,-0.02025,5.2803
0.24558,2.1507,0.084995,0,-0.02025,5.2902
0.24563,2.1507,0.084994,0,-0.02025,5.2824
0.24568,2.1507,0.084993,0,-0.02025,5.2872
0.24574,2.1507,0.084991,0,-0.02025,5.3059
0.24579,2.1507,0.08499,0,-0.02025,5.3068
0.24584,2.1507,0.084989,0,-0.02025,5.3072
0.24589,2.1507,0.084988,0,-0.02025,5.32
0.24595,2.1507,0.084987,0,-0.02025,5.3063
0.246,2.1507,0.084986,0,-0.02025,5.3072
0.24605,2.1507,0.084985,0,-0.02025,5.3158
0.24611,2.1507,0.084984,0,-0.02025,5.3111
0.24616,2.1507,0.084983,0,-0.02025,5.3023
0.24621,2.1507,0.084982,0,-0.02025,5.3078
0.24626,2.1507,0.084981,0,-0.02025,5.3118
0.24632,2.1507,0.08498,0,-0.02025,5.3013
0.24637,2.1507,0.084979,0,-0.02025,5.3037
0.24642,2.1507,0.084978,0,-0.02025,5.3089
0.24647,2.1507,0.084977,0,-0.02025,5.3011
0.24653,2.1507,0.084975,0,-0.02025,5.2982
0.24658,2.1507,0.084974,0,-0.02025,5.302
0.24663,2.1507,0.084973,0,-0.02025,5.2964
0.24668,2.1507,0.084972,0,-0.02025,5.2864
0.24674,2.1507,0.084971,0,-0.02025,5.3013
0.24679,2.1507,0.08497,0,-0.02025,5.308
0.24684,2.1507,0.084969,0,-0.02025,5.2962
0.24689,2.1507,0.084968,0,-0.02025,5.3084
0.24695,2.1507,0.084967,0,-0.02025,5.3139
0.247,2.1507,0.084966,0,-0.02025,5.3072
0.24705,2.1507,0.084965,0,-0.02025,5.3113
0.24711,2.1507,0.084964,0,-0.02025,5.3093
0.24716,2.1507,0.084963,0,-0.02025,5.2993
0.24721,2.1507,0.084962,0,-0.02025,5.305
0.24726,2.1507,0.084961,0,-0.02025,5.3131
0.24732,2.1507,0.084959,0,-0.02025,5.3047
0.24737,2.1507,0.084958,0,-0.02025,5.3054
0.24742,2.1507,0.084957,0,-0.02025,5.3179
0.24747,2.1507,0.084956,0,-0.02025,5.3075
0.24753,2.1507,0.084955,0,-0.02025,5.3029
0.24758,2.1507,0.084954,0,-0.02025,5.3069
0.24763,2.1507,0.084953,0,-0.02025,5.3062
0.24768,2.1507,0.084952,0,-0.02025,5.2947
0.24774,2.1507,0.084951,0,-0.02025,5.3043
0.24779,2.1507,0.08495,0,-0.02025,5.3104
0.24784,2.1507,0.084949,0,-0.02025,5.2977
0.24789,2.1507,0.084948,0,-0.02025,5.298
0.24795,2.1507,0.084947,0,-0.02025,5.2972
0.248,2.1507,0.084946,0,-0.02025,5.2838
0.24805,2.1507,0.084945,0,-0.02025,5.2858
0.24811,2.1507,0.084944,0,-0.02025,5.277
0.24816,2.1507,0.084942,0,-0.02025,5.2666
0.24821,2.1507,0.084941,0,-0.02025,5.2617
0.24826,2.1507,0.08494,0,-0.02025,5.2735
0.24832,2.1507,0.084939,0,-0.02025,5.2709
0.24837,2.1507,0.084938,0,-0.02025,5.266
0.24842,2.1507,0.084937,0,-0.02025,5.2781
0.24847,2.1507,0.084936,0,-0.02025,5.2766
0.24853,2.1507,0.084935,0,-0.02025,5.2707
0.24858,2.1507,0.084934,0,-0.02025,5.2726
0.24863,2.1507,0.084933,0,-0.02025,5.2821
0.24868,2.1507,0.084932,0,-0.02025,5.2693
0.24874,2.1507,0.084931,0,-0.02025,5.2708
0.24879,2.1507,0.08493,0,-0.02025,5.2762
0.24884,2.1507,0.084929,0,-0.02025,5.2656
0.24889,2.1507,0.084928,0,-0.02025,5.2676
0.24895,2.1507,0.084926,0,-0.02025,5.2719
0.249,2.1507,0.084925,0,-0.02025,5.2675
0.24905,2.1507,0.084924,0,-0.02025,5.2601
0.24911,2.1507,0.084923,0,-0.02025,5.2679
0.24916,2.1507,0.084922,0,-0.02025,5.2609
0.24921,2.1507,0.084921,0,-0.02025,5.2474
0.24926,2.1507,0.08492,0,-0.02025,5.252
0.24932,2.1507,0.084919,0,-0.02025,5.255
0.24937,2.1507,0.084918,0,-0.02025,5.2454
0.24942,2.1507,0.084917,0,-0.02025,5.2489
0.24947,2.1507,0.084916,0,-0.02025,5.2587
0.24953,2.1507,0.084915,0,-0.02025,5.2451
0.24958,2.1507,0.084914,0,-0.02025,5.2448
0.24963,2.1507,0.084913,0,-0.02025,5.2447
0.24968,2.1507,0.084912,0,-0.02025,5.2372
0.24974,2.1507,0.08491,0,-0.02025,5.2349
0.24979,2.1507,0.084909,0,-0.02025,5.2465
0.24984,2.1507,0.084908,0,-0.02025,5.2408
0.24989,2.1507,0.084907,0,-0.02025,5.2388
0.24995,2.1507,0.084906,0,-0.02025,5.2568
0.25,2.1507,0.084905,0,-0.02025,5.255
0.25005,2.1507,0.084904,0,-0.02025,5.2436
0.25011,2.1507,0.084903,0,-0.02025,5.262
0.25016,2.1507,0.084902,0,-0.02025,5.2617
0.25021,2.1507,0.084901,0,-0.02025,5.2491
0.25026,2.1507,0.0849,0,-0.02025,5.2579
0.25032,2.1507,0.084899,0,-0.02025,5.2705
0.25037,2.1507,0.084898,0,-0.02025,5.2586
0.25042,2.1507,0.084897,0,-0.02025,5.2581
0.25047,2.1507,0.084896,0,-0.02025,5.2728
0.25053,2.1507,0.084894,0,-0.02025,5.2683
0.25058,2.1507,0.084893,0,-0.02025,5.2625
0.25063,2.1507,0.084892,0,-0.02025,5.2714
0.25068,2.1507,0.084891,0,-0.02025,5.2704
0.25074,2.1507,0.08489,0,-0.02025,5.2591
0.25079,2.1507,0.084889,0,-0.02025,5.2661
0.25084,2.1507,0.084888,0,-0.02025,5.2653
0.25089,2.1507,0.084887,0,-0.02025,5.2601
0.25095,2.1507,0.084886,0,-0.02025,5.264
0.251,2.1507,0.084885,0,-0.02025,5.2721
0.25105,2.1507,0.084884,0,-0.02025,5.2622
0.25111,2.1507,0.084883,0,-0.02025,5.2607
0.25116,2.1507,0.084882,0,-0.02025,5.27
0.25121,2.1507,0.084881,0,-0.02025,5.2594
0.25126,2.1507,0.08488,0,-0.02025,5.2664
0.25132,2.1507,0.084878,0,-0.02025,5.2724
0.25137,2.1507,0.084877,0,-0.02025,5.2711
0.25142,2.1507,0.084876,0,-0.02025,5.2675
0.25147,2.1507,0.084875,0,-0.02025,5.2829
0.25153,2.1507,0.084874,0,-0.02025,5.2895
0.25158,2.1507,0.084873,0,-0.02025,5.2812
0.25163,2.1507,0.084872,0,-0.02025,5.2851
0.25168,2.1507,0.084871,0,-0.02025,5.2859
0.25174,2.1507,0.08487,0,-0.02025,5.2851
0.25179,2.1507,0.084869,0,-0.02025,5.2851
0.25184,2.1507,0.084868,0,-0.02025,5.2926
0.25189,2.1507,0.084867,0,-0.02025,5.2826
0.25195,2.1507,0.084866,0,-0.02025,5.281
0.252,2.1507,0.084865,0,-0.02025,5.2917
0.25205,2.1507,0.084864,0,-0.02025,5.2876
0.25211,2.1507,0.084863,0,-0.02025,5.2801
0.25216,2.1507,0.084861,0,-0.02025,5.2905
0.25221,2.1507,0.08486,0,-0.02025,5.2772
0.25226,2.1507,0.084859,0,-0.02025,5.2745
0.25232,2.1507,0.084858,0,-0.02025,5.2735
0.25237,2.1507,0.084857,0,-0.02025,5.2791
0.25242,2.1507,0.084856,0,-0.02025,5.2741
0.25247,2.1507,0.084855,0,-0.02025,5.2779
0.25253,2.1507,0.084854,0,-0.02025,5.2875
0.25258,2.1507,0.084853,0,-0.02025,5.277
0.25263,2.1507,0.084852,0,-0.02025,5.2837
0.25268,2.1507,0.084851,0,-0.02025,5.2883
0.25274,2.1507,0.08485,0,-0.02025,5.2799
0.25279,2.1507,0.084849,0,-0.02025,5.2837
0.25284,2.1507,0.084848,0,-0.02025,5.2933
0.25289,2.1507,0.084847,0,-0.02025,5.2885
0.25295,2.1507,0.084845,0,-0.02025,5.2913
0.253,2.1507,0.084844,0,-0.02025,5.3045
0.25305,2.1507,0.084843,0,-0.02025,5.3055
0.25311,2.1507,0.084842,0,-0.02025,5.2964
0.25316,2.1507,0.084841,0,-0.02025,5.3079
0.25321,2.1507,0.08484,0,-0.02025,5.3037
0.25326,2.1507,0.084839,0,-0.02025,5.2961
0.25332,2.1507,0.084838,0,-0.02025,5.2987
0.25337,2.1507,0.084837,0,-0.02025,5.3005
0.25342,2.1507,0.084836,0,-0.02025,5.2963
0.25347,2.1507,0.084835,0,-0.02025,5.2934
0.25353,2.1507,0.084834,0,-0.02025,5.3006
0.25358,2.1507,0.084833,0,-0.02025,5.2946
0.25363,2.1507,0.084832,0,-0.02025,5.2817
0.25368,2.1507,0.084831,0,-0.02025,5.2885
0.25374,2.1507,0.084829,0,-0.02025,5.2807
0.25379,2.1507,0.084828,0,-0.02025,5.2699
0.25384,2.1507,0.084827,0,-0.02025,5.2757
0.25389,2.1507,0.084826,0,-0.02025,5.2685
0.25395,2.1507,0.084825,0,-0.02025,5.2633
0.254,2.1507,0.084824,0,-0.02025,5.2671
0.25405,2.1507,0.084823,0,-0.02025,5.2793
0.25411,2.1507,0.084822,0,-0.02025,5.2679
0.25416,2.1507,0.084821,0,-0.02025,5.2688
0.25421,2.1507,0.08482,0,-0.02025,5.2712
0.25426,2.1507,0.084819,0,-0.02025,5.2638
0.25432,2.1507,0.084818,0,-0.02025,5.2626
0.25437,2.1507,0.084817,0,-0.02025,5.2679
0.25442,2.1507,0.084816,0,-0.02025,5.2642
0.25447,2.1507,0.084815,0,-0.02025,5.2625
0.25453,2.1507,0.084813,0,-0.02025,5.2772
0.25458,2.1507,0.084812,0,-0.02025,5.2712
0.25463,2.1507,0.084811,0,-0.02025,5.2687
0.25468,2.1507,0.08481,0,-0.02025,5.2728
0.25474,2.1507,0.084809,0,-0.02025,5.273
0.25479,2.1507,0.084808,0,-0.02025,5.2645
0.25484,2.1507,0.084807,0,-0.02025,5.2593
0.25489,2.1507,0.084806,0,-0.02025,5.2684
0.25495,2.1507,0.084805,0,-0.02025,5.2495
0.255,2.1507,0.084804,0,-0.02025,5.2531
0.25505,2.1507,0.084803,0,-0.02025,5.264
0.25511,2.1507,0.084802,0,-0.02025,5.2611
0.25516,2.1507,0.084801,0,-0.02025,5.2634
0.25521,2.1507,0.0848,0,-0.02025,5.2741
0.25526,2.1507,0.084799,0,-0.02025,5.2718
0.25532,2.1507,0.084797,0,-0.02025,5.2598
0.25537,2.1507,0.084796,0,-0.02025,5.261
0.25542,2.1507,0.084795,0,-0.02025,5.2647
0.25547,2.1507,0.084794,0,-0.02025,5.2552
0.25553,2.1507,0.084793,0,-0.02025,5.2723
0.25558,2.1507,0.084792,0,-0.02025,5.2779
0.25563,2.1507,0.084791,0,-0.02025,5.2709
0.25568,2.1507,0.08479,0,-0.02025,5.2757
0.25574,2.1507,0.084789,0,-0.02025,5.2813
0.25579,2.1507,0.084788,0,-0.02025,5.2761
0.25584,2.1507,0.084787,0,-0.02025,5.2728
0.25589,2.1507,0.084786,0,-0.02025,5.2785
0.25595,2.1507,0.084785,0,-0.02025,5.2774
0.256,2.1507,0.084784,0,-0.02025,5.2763
0.25605,2.1507,0.084783,0,-0.02025,5.2896
0.25611,2.1507,0.084782,0,-0.02025,5.2972
0.25616,2.1507,0.08478,0,-0.02025,5.2857
0.25621,2.1507,0.084779,0,-0.02025,5.2993
0.25626,2.1507,0.084778,0,-0.02025,5.3039
0.25632,2.1507,0.084777,0,-0.02025,5.2957
0.25637,2.1507,0.084776,0,-0.02025,5.2974
0.25642,2.1507,0.084775,0,-0.02025,5.2986
0.25647,2.1507,0.084774,0,-0.02025,5.2937
0.25653,2.1507,0.084773,0,-0.02025,5.2973
0.25658,2.1507,0.084772,0,-0.02025,5.3069
0.25663,2.1507,0.084771,0,-0.02025,5.3114
0.25668,2.1507,0.08477,0,-0.02025,5.3083
0.25674,2.1507,0.084769,0,-0.02025,5.3236
0.25679,2.1507,0.084768,0,-0.02025,5.3164
0.25684,2.1507,0.084767,0,-0.02025,5.3115
0.25689,2.1507,0.084766,0,-0.02025,5.3213
0.25695,2.1507,0.084764,0,-0.02025,5.3314
0.257,2.1507,0.084763,0,-0.02025,5.3176
0.25705,2.1507,0.084762,0,-0.02025,5.3333
0.25711,2.1507,0.084761,0,-0.02025,5.3364
0.25716,2.1507,0.08476,0,-0.02025,5.3332
0.25721,2.1507,0.084759,0,-0.02025,5.3438
0.25726,2.1507,0.084758,0,-0.02025,5.3532
0.25732,2.1507,0.084757,0,-0.02025,5.3407
0.25737,2.1507,0.084756,0,-0.02025,5.3392
0.25742,2.1507,0.084755,0,-0.02025,5.3438
0.25747,2.1507,0.084754,0,-0.02025,5.3379
0.25753,2.1507,0.084753,0,-0.02025,5.335
0.25758,2.1507,0.084752,0,-0.02025,5.3438
0.25763,2.1507,0.084751,0,-0.02025,5.3417
0.25768,2.1507,0.08475,0,-0.02025,5.3414
0.25774,2.1507,0.084748,0,-0.02025,5.3495
0.25779,2.1507,0.084747,0,-0.02025,5.3474
0.25784,2.1507,0.084746,0,-0.02025,5.3386
0.25789,2.1507,0.084745,0,-0.02025,5.3416
0.25795,2.1507,0.084744,0,-0.02025,5.3518
0.258,2.1507,0.084743,0,-0.02025,5.3393
0.25805,2.1507,0.084742,0,-0.02025,5.3414
0.25811,2.1507,0.084741,0,-0.02025,5.3519
0.25816,2.1507,0.08474,0,-0.02025,5.3522
0.25821,2.1507,0.084739,0,-0.02025,5.3497
0.25826,2.1507,0.084738,0,-0.02025,5.3574
0.25832,2.1507,0.084737,0,-0.02025,5.3544
0.25837,2.1507,0.084736,0,-0.02025,5.356
0.25842,2.1507,0.084735,0,-0.02025,5.3563
0.25847,2.1507,0.084734,0,-0.02025,5.3575
0.25853,2.1507,0.084732,0,-0.02025,5.3495
0.25858,2.1507,0.084731,0,-0.02025,5.352
0.25863,2.1507,0.08473,0,-0.02025,5.36
0.25868,2.1507,0.084729,0,-0.02025,5.355
0.25874,2.1507,0.084728,0,-0.02025,5.3591
0.25879,2.1507,0.084727,0,-0.02025,5.3702
0.25884,2.1507,0.084726,0,-0.02025,5.3595
0.25889,2.1507,0.084725,0,-0.02025,5.3597
0.25895,2.1507,0.084724,0,-0.02025,5.3658
0.259,2.1507,0.084723,0,-0.02025,5.355
0.25905,2.1507,0.084722,0,-0.02025,5.3485
0.25911,2.1507,0.084721,0,-0.02025,5.3605
0.25916,2.1507,0.08472,0,-0.02025,5.3572
0.25921,2.1507,0.084719,0,-0.02025,5.354
0.25926,2.1507,0.084718,0,-0.02025,5.3649
0.25932,2.1507,0.084716,0,-0.02025,5.3594
0.25937,2.1507,0.084715,0,-0.02025,5.3471
0.25942,2.1507,0.084714,0,-0.02025,5.3469
0.25947,2.1507,0.084713,0,-0.02025,5.3543
0.25953,2.1507,0.084712,0,-0.02025,5.3385
0.25958,2.1507,0.084711,0,-0.02025,5.3395
0.25963,2.1507,0.08471,0,-0.02025,5.3538
0.25968,2.1507,0.084709,0,-0.020265,5.3493
0.25974,2.1507,0.084708,0,-0.020254,5.3491
0.25979,2.1507,0.084707,0,-0.020228,5.3586
0.25984,2.1507,0.084706,0,-0.020192,5.3546
0.25989,2.1507,0.084705,0,-0.020156,5.3477
0.25995,2.1507,0.084704,0,-0.020124,5.363
0.26,2.1507,0.084703,0,-0.020105,5.3537
0.26005,2.1507,0.084702,0,-0.020104,5.3429
0.26011,2.1507,0.084701,0,-0.020127,5.3543
0.26016,2.1507,0.084699,0,-0.020135,5.3611
0.26021,2.1507,0.084698,0,-0.020143,5.3535
0.26026,2.1507,0.084697,0,-0.020151,5.3594
0.26032,2.1507,0.084696,0,-0.020159,5.371
0.26037,2.1507,0.084695,0,-0.020167,5.3534
0.26042,2.1507,0.084694,0,-0.020174,5.3542
0.26047,2.1507,0.084693,0,-0.020182,5.3577
0.26053,2.1507,0.084692,0,-0.020189,5.348
0.26058,2.1507,0.084691,0,-0.020196,5.3388
0.26063,2.1507,0.08469,0,-0.020204,5.3464
0.26068,2.1507,0.084689,0,-0.020211,5.3458
0.26074,2.1507,0.084688,0,-0.020218,5.3468
0.26079,2.1507,0.084687,0,-0.020225,5.3547
0.26084,2.1507,0.084686,0,-0.020232,5.3583
0.26089,2.1507,0.084685,0,-0.020239,5.3477
0.26095,2.1507,0.084684,0,-0.020245,5.3546
0.261,2.1507,0.084682,0,-0.020252,5.3562
0.26105,2.1507,0.084681,0,-0.020258,5.3458
0.26111,2.1507,0.08468,0,-0.020265,5.3498
0.26116,2.1507,0.084679,0,-0.020271,5.3626
0.26121,2.1507,0.084678,0,-0.020277,5.3567
0.26126,2.1507,0.084677,0,-0.020284,5.3576
0.26132,2.1507,0.084676,0,-0.02029,5.3692
0.26137,2.1507,0.084675,0,-0.020296,5.3613
0.26142,2.1507,0.084674,0,-0.020302,5.3554
0.26147,2.1507,0.084673,0,-0.020307,5.3596
0.26153,2.1507,0.084672,0,-0.020313,5.3614
0.26158,2.1507,0.084671,0,-0.020319,5.3515
0.26163,2.1507,0.08467,0,-0.020324,5.3569
0.26168,2.1507,0.084669,0,-0.02033,5.3659
0.26174,2.1507,0.084668,0,-0.020335,5.3586
0.26179,2.1507,0.084666,0,-0.02034,5.3631
0.26184,2.1507,0.084665,0,-0.020346,5.368
0.26189,2.1507,0.084664,0,-0.020351,5.3601
0.26195,2.1507,0.084663,0,-0.020356,5.3677
0.262,2.1507,0.084662,0,-0.020361,5.3771
0.26205,2.1507,0.084661,0,-0.020365,5.381
0.26211,2.1507,0.08466,0,-0.02037,5.3717
0.26216,2.1507,0.084659,0,-0.020375,5.3875
0.26221,2.1507,0.084658,0,-0.020379,5.3848
0.26226,2.1507,0.084657,0,-0.020384,5.3866
0.26232,2.1507,0.084656,0,-0.020388,5.3963
0.26237,2.1507,0.084655,0,-0.020392,5.4004
0.26242,2.1507,0.084654,0,-0.020397,5.3902
0.26247,2.1507,0.084653,0,-0.020401,5.3919
0.26253,2.1507,0.084651,0,-0.020405,5.4013
0.26258,2.1507,0.08465,0,-0.020409,5.39
0.26263,2.1507,0.084649,0,-0.020412,5.3931
0.26268,2.1507,0.084648,0,-0.020416,5.41
0.26274,2.1507,0.084647,0,-0.02042,5.4022
0.26279,2.1507,0.084646,0,-0.020423,5.4014
0.26284,2.1507,0.084645,0,-0.020427,5.4136
0.26289,2.1507,0.084644,0,-0.02043,5.4075
0.26295,2.1507,0.084643,0,-0.020433,5.4041
0.263,2.1507,0.084642,0,-0.020437,5.4131
0.26305,2.1507,0.084641,0,-0.02044,5.4069
0.26311,2.1507,0.08464,0,-0.020443,5.3952
0.26316,2.1507,0.084639,0,-0.020446,5.4006
0.26321,2.1507,0.084637,0,-0.020449,5.4043
0.26326,2.1507,0.084636,0,-0.020466,5.3949
0.26332,2.1507,0.084635,0,-0.020458,5.4013
0.26337,2.1507,0.084634,0,-0.020434,5.4093
0.26342,2.1507,0.084633,0,-0.020401,5.4047
0.26347,2.1507,0.084632,0,-0.020366,5.4046
0.26353,2.1507,0.084631,0,-0.020337,5.4017
0.26358,2.1507,0.08463,0,-0.02032,5.3962
0.26363,2.1507,0.084629,0,-0.020321,5.3929
0.26368,2.1507,0.084628,0,-0.020347,5.398
0.26374,2.1507,0.084627,0,-0.020371,5.3965
0.26379,2.1507,0.084626,0,-0.020385,5.3891
0.26384,2.1507,0.084625,0,-0.020357,5.4011
0.26389,2.1507,0.084624,0,-0.020305,5.4077
0.26395,2.1507,0.084622,0,-0.020256,5.3883
0.264,2.1507,0.084621,0,-0.020201,5.3962
0.26405,2.1507,0.08462,0,-0.020136,5.406
0.26411,2.1507,0.084619,0,-0.020053,5.3932
0.26416,2.1507,0.084618,0,-0.019984,5.3863
0.26421,2.1507,0.084617,0,-0.01992,5.3917
0.26426,2.1507,0.084616,0,-0.019857,5.3856
0.26432,2.1507,0.084615,0,-0.019829,5.3925
0.26437,2.1507,0.084614,0,-0.019856,5.3986
0.26442,2.1507,0.084613,0,-0.019909,5.3974
0.26447,2.1507,0.084612,0,-0.019971,5.3861
0.26453,2.1507,0.084611,0,-0.020017,5.3928
0.26458,2.1507,0.08461,0,-0.020063,5.3908
0.26463,2.1507,0.084609,0,-0.020108,5.3779
0.26468,2.1507,0.084608,0,-0.020153,5.3776
0.26474,2.1507,0.084607,0,-0.020196,5.3856
0.26479,2.1507,0.084606,0,-0.020239,5.3763
0.26484,2.1507,0.084605,0,-0.020282,5.378
0.26489,2.1507,0.084603,0,-0.020324,5.3848
0.26495,2.1507,0.084602,0,-0.020365,5.3823
0.265,2.1507,0.084601,0,-0.020406,5.3835
0.26505,2.1507,0.0846,0,-0.020446,5.3846
0.26511,2.1507,0.084599,0,-0.020485,5.3765
0.26516,2.1507,0.084598,0,-0.020524,5.3671
0.26521,2.1507,0.084597,0,-0.020562,5.3755
0.26526,2.1507,0.084596,0,-0.0206,5.3751
0.26532,2.1507,0.084595,0,-0.020636,5.3703
0.26537,2.1507,0.084594,0,-0.020673,5.3773
0.26542,2.1507,0.084593,0,-0.020708,5.382
0.26547,2.1507,0.084592,0,-0.020743,5.3732
0.26553,2.1507,0.08459,0,-0.020792,5.3804
0.26558,2.1507,0.084589,0,-0.020815,5.384
0.26563,2.1507,0.084588,0,-0.020822,5.377
0.26568,2.1507,0.084587,0,-0.020819,5.3777
0.26574,2.1507,0.084586,0,-0.020814,5.3844
0.26579,2.1507,0.084585,0,-0.020813,5.3707
0.26584,2.1507,0.084584,0,-0.020825,5.3706
0.26589,2.1507,0.084583,0,-0.020854,5.3873
0.26595,2.1507,0.084582,0,-0.020906,5.3736
0.266,2.1507,0.084581,0,-0.020943,5.3639
0.26605,2.1507,0.084579,0,-0.020979,5.3703
0.26611,2.1507,0.084578,0,-0.021014,5.3615
0.26616,2.1507,0.084577,0,-0.021063,5.3479
0.26621,2.1507,0.084576,0,-0.021087,5.3506
0.26626,2.1507,0.084575,0,-0.021093,5.3543
0.26632,2.1507,0.084574,0,-0.02109,5.3472
0.26637,2.1507,0.084573,0,-0.021085,5.3464
0.26642,2.1507,0.084572,0,-0.021084,5.3537
0.26647,2.1507,0.084571,0,-0.021095,5.347
0.26653,2.1507,0.084569,0,-0.021124,5.3564
0.26658,2.1507,0.084568,0,-0.021176,5.3578
0.26663,2.1507,0.084567,0,-0.021226,5.3483
0.26668,2.1507,0.084566,0,-0.021251,5.344
0.26674,2.1507,0.084565,0,-0.021273,5.3505
0.26679,2.1507,0.084564,0,-0.021261,5.3462
0.26684,2.1507,0.084563,0,-0.021231,5.3441
0.26689,2.1507,0.084562,0,-0.021196,5.3568
0.26695,2.1507,0.084561,0,-0.021171,5.3571
0.267,2.1507,0.084559,0,-0.02117,5.349
0.26705,2.1507,0.084558,0,-0.021203,5.3599
0.26711,2.1507,0.084557,0,-0.021239,5.3674
0.26716,2.1507,0.084556,0,-0.021298,5.3528
0.26721,2.1507,0.084555,0,-0.021341,5.3626
0.26726,2.1507,0.084554,0,-0.021383,5.3723
0.26732,2.1507,0.084553,0,-0.021425,5.3588
0.26737,2.1507,0.084552,0,-0.021465,5.3571
0.26742,2.1507,0.08455,0,-0.021504,5.3704
0.26747,2.1507,0.084549,0,-0.021542,5.3681
0.26753,2.1507,0.084548,0,-0.021579,5.3597
0.26758,2.1507,0.084547,0,-0.021616,5.3683
0.26763,2.1507,0.084546,0,-0.021651,5.366
0.26768,2.1507,0.084545,0,-0.021685,5.3515
0.26774,2.1507,0.084544,0,-0.021718,5.354
0.26779,2.1507,0.084542,0,-0.021751,5.3629
0.26784,2.1507,0.084541,0,-0.021782,5.3498
0.26789,2.1507,0.08454,0,-0.021812,5.36
0.26795,2.1507,0.084539,0,-0.021842,5.3612
0.268,2.1507,0.084538,0,-0.02187,5.3603
0.26805,2.1507,0.084537,0,-0.021897,5.3674
0.26811,2.1507,0.084536,0,-0.021923,5.3784
0.26816,2.1507,0.084534,0,-0.021949,5.3674
0.26821,2.1507,0.084533,0,-0.021973,5.3667
0.26826,2.1507,0.084532,0,-0.021997,5.3788
0.26832,2.1507,0.084531,0,-0.022019,5.3785
0.26837,2.1507,0.08453,0,-0.02204,5.3797
0.26842,2.1507,0.084529,0,-0.022061,5.3889
0.26847,2.1507,0.084527,0,-0.02208,5.3938
0.26853,2.1507,0.084526,0,-0.022098,5.3926
0.26858,2.1507,0.084525,0,-0.022116,5.3972
0.26863,2.1507,0.084524,0,-0.022132,5.4027
0.26868,2.1507,0.084523,0,-0.022148,5.3903
0.26874,2.1507,0.084522,0,-0.022162,5.3874
0.26879,2.1507,0.08452,0,-0.022176,5.3992
0.26884,2.1507,0.084519,0,-0.022188,5.3904
0.26889,2.1507,0.084518,0,-0.0222,5.3859
0.26895,2.1507,0.084517,0,-0.02221,5.3965
0.269,2.1507,0.084516,0,-0.02222,5.3927
0.26905,2.1507,0.084515,0,-0.022228,5.3879
0.26911,2.1507,0.084513,0,-0.022236,5.4004
0.26916,2.1507,0.084512,0,-0.022242,5.392
0.26921,2.1507,0.084511,0,-0.022248,5.3795
0.26926,2.1507,0.08451,0,-0.022252,5.3846
0.26932,2.1507,0.084509,0,-0.022256,5.3922
0.26937,2.1507,0.084508,0,-0.022258,5.373
0.26942,2.1507,0.084506,0,-0.02226,5.3816
0.26947,2.1507,0.084505,0,-0.022261,5.3886
0.26953,2.1507,0.084504,0,-0.02226,5.3885
0.26958,2.1507,0.084503,0,-0.022259,5.3932
0.26963,2.1507,0.084502,0,-0.022241,5.4017
0.26968,2.1507,0.084501,0,-0.022247,5.3981
0.26974,2.1507,0.084499,0,-0.02227,5.3972
0.26979,2.1507,0.084498,0,-0.022305,5.4063
0.26984,2.1507,0.084497,0,-0.022358,5.4055
0.26989,2.1507,0.084496,0,-0.022385,5.3947
0.26995,2.1507,0.084495,0,-0.022385,5.413
0.27,2.1507,0.084494,0,-0.022359,5.4166
0.27005,2.1507,0.084492,0,-0.022307,5.4127
0.27011,2.1507,0.084491,0,-0.022273,5.4101
0.27016,2.1507,0.08449,0,-0.02225,5.4134
0.27021,2.1507,0.084489,0,-0.022245,5.3978
0.27026,2.1507,0.084488,0,-0.022263,5.3934
0.27032,2.1507,0.084486,0,-0.022266,5.3927
0.27037,2.1507,0.084485,0,-0.022267,5.3756
0.27042,2.1507,0.084484,0,-0.022267,5.3698
0.27047,2.1507,0.084483,0,-0.022266,5.3751
0.27053,2.1507,0.084482,0,-0.022278,5.3685
0.27058,2.1507,0.084481,0,-0.02228,5.3613
0.27063,2.1507,0.084479,0,-0.022239,5.3719
0.27068,2.1507,0.084478,0,-0.022172,5.3606
0.27074,2.1507,0.084477,0,-0.022094,5.3583
0.27079,2.1507,0.084476,0,-0.022033,5.3582
0.27084,2.1507,0.084475,0,-0.021964,5.36
0.27089,2.1507,0.084474,0,-0.021923,5.3536
0.27095,2.1507,0.084472,0,-0.021904,5.3552
0.271,2.1507,0.084471,0,-0.021865,5.3618
0.27105,2.1507,0.08447,0,-0.02178,5.3536
0.27111,2.1507,0.084469,0,-0.021669,5.3601
0.27116,2.1507,0.084468,0,-0.021543,5.3703
0.27121,2.1507,0.084467,0,-0.021407,5.3646
0.27126,2.1507,0.084466,0,-0.021264,5.3658
0.27132,2.1507,0.084465,0,-0.02117,5.3696
0.27137,2.1507,0.084463,0,-0.021118,5.3657
0.27142,2.1507,0.084462,0,-0.02111,5.361
0.27147,2.1507,0.084461,0,-0.021139,5.372
0.27153,2.1507,0.08446,0,-0.021194,5.3794
0.27158,2.1507,0.084459,0,-0.021257,5.3749
0.27163,2.1507,0.084458,0,-0.021303,5.3813
0.27168,2.1507,0.084457,0,-0.021347,5.3823
0.27174,2.1507,0.084456,0,-0.021389,5.3752
0.27179,2.1507,0.084454,0,-0.021429,5.3737
0.27184,2.1507,0.084453,0,-0.021468,5.3845
0.27189,2.1507,0.084452,0,-0.021505,5.3673
0.27195,2.1507,0.084451,0,-0.021554,5.3628
0.272,2.1507,0.08445,0,-0.021577,5.384
0.27205,2.1507,0.084449,0,-0.021582,5.3785
0.27211,2.1507,0.084448,0,-0.02159,5.3691
0.27216,2.1507,0.084447,0,-0.021571,5.375
0.27221,2.1507,0.084445,0,-0.021539,5.3737
0.27226,2.1507,0.084444,0,-0.021508,5.3706
0.27232,2.1507,0.084443,0,-0.021507,5.3747
0.27237,2.1507,0.084442,0,-0.021509,5.378
0.27242,2.1507,0.084441,0,-0.02149,5.3679
0.27247,2.1507,0.08444,0,-0.021479,5.3798
0.27253,2.1507,0.084439,0,-0.021488,5.3855
0.27258,2.1507,0.084437,0,-0.0215,5.3861
0.27263,2.1507,0.084436,0,-0.021512,5.3885
0.27268,2.1507,0.084435,0,-0.0215,5.4021
0.27274,2.1507,0.084434,0,-0.021498,5.3917
0.27279,2.1507,0.084433,0,-0.021459,5.3895
0.27284,2.1507,0.084432,0,-0.021396,5.3985
0.27289,2.1507,0.084431,0,-0.021298,5.3975
0.27295,2.1507,0.08443,0,-0.021202,5.3895
0.273,2.1507,0.084428,0,-0.021156,5.4048
0.27305,2.1507,0.084427,0,-0.021123,5.4089
0.27311,2.1507,0.084426,0,-0.021081,5.4052
0.27316,2.1507,0.084425,0,-0.021057,5.4136
0.27321,2.1507,0.084424,0,-0.021006,5.4237
0.27326,2.1507,0.084423,0,-0.020954,5.4141
0.27332,2.1507,0.084422,0,-0.020884,5.4189
0.27337,2.1507,0.084421,0,-0.020823,5.4226
0.27342,2.1507,0.08442,0,-0.020787,5.4112
0.27347,2.1507,0.084419,0,-0.020756,5.407
0.27353,2.1507,0.084417,0,-0.020722,5.4162
0.27358,2.1507,0.084416,0,-0.020677,5.4139
0.27363,2.1507,0.084415,0,-0.020613,5.4173
0.27368,2.1507,0.084414,0,-0.020553,5.4268
0.27374,2.1507,0.084413,0,-0.020507,5.4238
0.27379,2.1507,0.084412,0,-0.02051,5.4206
0.27384,2.1507,0.084411,0,-0.020547,5.4294
0.27389,2.1507,0.08441,0,-0.020593,5.4281
0.27395,2.1507,0.084409,0,-0.020657,5.4194
0.274,2.1507,0.084408,0,-0.020743,5.4318
0.27405,2.1507,0.084407,0,-0.020863,5.4415
0.27411,2.1507,0.084406,0,-0.020983,5.4356
0.27416,2.1507,0.084404,0,-0.021115,5.4431
0.27421,2.1507,0.084403,0,-0.02126,5.4532
0.27426,2.1507,0.084402,0,-0.021384,5.446
0.27432,2.1507,0.084401,0,-0.021463,5.4455
0.27437,2.1507,0.0844,0,-0.021519,5.4464
0.27442,2.1507,0.084399,0,-0.02157,5.4445
0.27447,2.1507,0.084398,0,-0.021639,5.4409
0.27453,2.1507,0.084396,0,-0.021713,5.4558
0.27458,2.1507,0.084395,0,-0.021791,5.45
0.27463,2.1507,0.084394,0,-0.021873,5.4457
0.27468,2.1507,0.084393,0,-0.021959,5.4575
0.27474,2.1507,0.084392,0,-0.022048,5.4611
0.27479,2.1507,0.084391,0,-0.022142,5.4476
0.27484,2.1507,0.08439,0,-0.022239,5.4584
0.27489,2.1507,0.084388,0,-0.02234,5.4555
0.27495,2.1507,0.084387,0,-0.022444,5.4484
0.275,2.1507,0.084386,0,-0.022552,5.4445
0.27505,2.1507,0.084385,0,-0.022663,5.4615
0.27511,2.1507,0.084384,0,-0.022778,5.4545
0.27516,2.1507,0.084382,0,-0.022896,5.4476
0.27521,2.1507,0.084381,0,-0.023017,5.4662
0.27526,2.1507,0.08438,0,-0.023141,5.4624
0.27532,2.1507,0.084379,0,-0.023268,5.4545
0.27537,2.1507,0.084378,0,-0.023398,5.4611
0.27542,2.1507,0.084376,0,-0.02353,5.4615
0.27547,2.1507,0.084375,0,-0.023651,5.4473
0.27553,2.1507,0.084374,0,-0.023798,5.4473
0.27558,2.1507,0.084373,0,-0.023966,5.4585
0.27563,2.1507,0.084371,0,-0.024148,5.4512
0.27568,2.1507,0.08437,0,-0.024324,5.4528
0.27574,2.1507,0.084369,0,-0.024526,5.462
0.27579,2.1507,0.084367,0,-0.024737,5.4587
0.27584,2.1507,0.084366,0,-0.024943,5.4589
0.27589,2.1507,0.084365,0,-0.025128,5.4607
0.27595,2.1507,0.084363,0,-0.025324,5.4603
0.276,2.1507,0.084362,0,-0.025509,5.45
0.27605,2.1507,0.084361,0,-0.025664,5.4638
0.27611,2.1507,0.084359,0,-0.025805,5.4619
0.27616,2.1507,0.084358,0,-0.026004,5.4554
0.27621,2.1507,0.084357,0,-0.026232,5.4632
0.27626,2.1507,0.084355,0,-0.026474,5.4684
0.27632,2.1507,0.084354,0,-0.026718,5.4546
0.27637,2.1507,0.084352,0,-0.02695,5.4603
0.27642,2.1507,0.084351,0,-0.027156,5.4655
0.27647,2.1507,0.08435,0,-0.027323,5.4528
0.27653,2.1507,0.084348,0,-0.027481,5.4484
0.27658,2.1507,0.084347,0,-0.02764,5.4573
0.27663,2.1507,0.084345,0,-0.027825,5.454
0.27668,2.1507,0.084344,0,-0.028013,5.4573
0.27674,2.1507,0.084342,0,-0.028239,5.4696
0.27679,2.1507,0.084341,0,-0.028489,5.4586
0.27684,2.1507,0.084339,0,-0.028751,5.458
0.27689,2.1507,0.084338,0,-0.02901,5.4654
0.27695,2.1507,0.084336,0,-0.029252,5.4591
0.277,2.1507,0.084335,0,-0.029461,5.4516
0.27705,2.1507,0.084333,0,-0.029668,5.451
0.27711,2.1507,0.084331,0,-0.029852,5.4548
0.27716,2.1507,0.08433,0,-0.03005,5.4476
0.27721,2.1507,0.084328,0,-0.030248,5.4525
0.27726,2.1507,0.084327,0,-0.030447,5.4637
0.27732,2.1507,0.084325,0,-0.030645,5.4574
0.27737,2.1507,0.084323,0,-0.030844,5.4509
0.27742,2.1507,0.084322,0,-0.031043,5.4522
0.27747,2.1507,0.08432,0,-0.031241,5.4464
0.27753,2.1507,0.084318,0,-0.031439,5.4374
0.27758,2.1507,0.084317,0,-0.031637,5.4567
0.27763,2.1507,0.084315,0,-0.031835,5.4554
0.27768,2.1507,0.084313,0,-0.032032,5.4484
0.27774,2.1507,0.084312,0,-0.032228,5.4602
0.27779,2.1507,0.08431,0,-0.032424,5.4642
0.27784,2.1507,0.084308,0,-0.032619,5.4499
0.27789,2.1507,0.084307,0,-0.032813,5.4519
0.27795,2.1507,0.084305,0,-0.033006,5.4574
0.278,2.1507,0.084303,0,-0.033198,5.4539
0.27805,2.1507,0.084301,0,-0.033388,5.4416
0.27811,2.1507,0.0843,0,-0.033578,5.4541
0.27816,2.1507,0.084298,0,-0.033766,5.4515
0.27821,2.1507,0.084296,0,-0.033952,5.451
0.27826,2.1507,0.084294,0,-0.034137,5.4653
0.27832,2.1507,0.084292,0,-0.034321,5.4593
0.27837,2.1507,0.084291,0,-0.034503,5.451
0.27842,2.1507,0.084289,0,-0.034683,5.4619
0.27847,2.1507,0.084287,0,-0.034861,5.4626
0.27853,2.1507,0.084285,0,-0.035036,5.4518
0.27858,2.1507,0.084283,0,-0.03521,5.4574
0.27863,2.1507,0.084281,0,-0.035381,5.4672
0.27868,2.1507,0.08428,0,-0.035549,5.4602
0.27874,2.1507,0.084278,0,-0.035715,5.4643
0.27879,2.1507,0.084276,0,-0.035879,5.4786
0.27884,2.1507,0.084274,0,-0.03604,5.4713
0.27889,2.1507,0.084272,0,-0.036198,5.4734
0.27895,2.1507,0.08427,0,-0.036354,5.4872
0.279,2.1507,0.084268,0,-0.036507,5.4821
0.27905,2.1507,0.084266,0,-0.036658,5.475
0.27911,2.1507,0.084264,0,-0.036805,5.4908
0.27916,2.1507,0.084262,0,-0.036949,5.4917
0.27921,2.1507,0.08426,0,-0.03709,5.4951
0.27926,2.1507,0.084258,0,-0.037227,5.5069
0.27932,2.1507,0.084256,0,-0.037361,5.513
0.27937,2.1507,0.084254,0,-0.037491,5.5026
0.27942,2.1507,0.084252,0,-0.037618,5.5092
0.27947,2.1507,0.08425,-4.7599e-06,-0.037741,5.5169
0.27953,2.1507,0.084249,-1.3307e-06,-0.037861,5.4996
0.27958,2.1507,0.084247,7.5917e-06,-0.037976,5.5042
0.27963,2.1507,0.084245,1.9438e-05,-0.038088,5.5089
0.27968,2.1507,0.084242,3.1764e-05,-0.038196,5.4961
0.27974,2.1507,0.08424,4.2248e-05,-0.0383,5.4935
0.27979,2.1507,0.084238,4.8694e-05,-0.03837,5.5103
0.27984,2.1507,0.084236,4.9023e-05,-0.038471,5.5096
0.27989,2.1507,0.084234,4.128e-05,-0.038612,5.5029
0.27995,2.1507,0.084232,3.8585e-05,-0.038797,5.518
0.28,2.1507,0.08423,3.5921e-05,-0.039019,5.5135
0.28005,2.1507,0.084228,3.3287e-05,-0.039268,5.5008
0.28011,2.1507,0.084226,3.0682e-05,-0.039522,5.5031
0.28016,2.1507,0.084224,2.8108e-05,-0.039756,5.5101
0.28021,2.1507,0.084222,2.5564e-05,-0.039938,5.4966
0.28026,2.1507,0.08422,2.305e-05,-0.040121,5.5028
0.28032,2.1507,0.084218,2.0566e-05,-0.040292,5.5197
0.28037,2.1507,0.084216,1.8113e-05,-0.040464,5.5127
0.28042,2.1507,0.084213,1.5689e-05,-0.040599,5.5076
0.28047,2.1507,0.084211,1.3295e-05,-0.040704,5.5152
0.28053,2.1507,0.084209,1.0932e-05,-0.040772,5.503
0.28058,2.1507,0.084207,8.5986e-06,-0.040853,5.4987
0.28063,2.1507,0.084205,6.2954e-06,-0.040962,5.5123
0.28068,2.1507,0.084203,4.0223e-06,-0.041062,5.507
0.28074,2.1507,0.084201,1.7793e-06,-0.041147,5.4965
0.28079,2.1507,0.084198,-4.3355e-07,-0.04126,5.507
0.28084,2.1507,0.084196,-2.6163e-06,-0.04134,5.5023
0.28089,2.1507,0.084194,-4.769e-06,-0.041418,5.4945
0.28095,2.1507,0.084192,-6.8915e-06,-0.041503,5.5066
0.281,2.1507,0.08419,-1.3744e-05,-0.041646,5.5016
0.28105,2.1507,0.084187,-1.2377e-05,-0.041836,5.4903
0.28111,2.1507,0.084185,-5.4868e-06,-0.042026,5.4817
0.28116,2.1507,0.084183,4.3573e-06,-0.042229,5.4937
0.28121,2.1507,0.084181,1.4711e-05,-0.042457,5.4869
0.28126,2.1507,0.084179,2.3254e-05,-0.042628,5.4794
0.28132,2.1507,0.084176,2.7787e-05,-0.04273,5.4886
0.28137,2.1507,0.084174,2.6235e-05,-0.042746,5.4883
0.28142,2.1507,0.084172,1.188e-05,-0.042664,5.4785
0.28147,2.1507,0.08417,1.0793e-05,-0.042521,5.4801
0.28153,2.1507,0.084167,1.526e-05,-0.042363,5.4744
0.28158,2.1507,0.084165,2.2711e-05,-0.042241,5.4635
0.28163,2.1507,0.084163,2.5941e-05,-0.042167,5.468
0.28168,2.1507,0.084161,3.082e-05,-0.04212,5.4708
0.28174,2.1507,0.084158,4.5402e-05,-0.042088,5.4509
0.28179,2.1507,0.084156,5.7585e-05,-0.042052,5.4687
0.28184,2.1507,0.084154,7.3349e-05,-0.041987,5.4723
0.28189,2.1507,0.084152,9.8353e-05,-0.041895,5.4619
0.28195,2.1507,0.08415,0.00012049,-0.041814,5.4601
0.282,2.1507,0.084147,0.00013304,-0.041738,5.4737
0.28205,2.1507,0.084145,0.00012966,-0.041646,5.4628
0.28211,2.1507,0.084143,0.0001193,-0.041571,5.4504
0.28216,2.1507,0.084141,0.00010323,-0.041528,5.46
0.28221,2.1507,0.084139,8.7429e-05,-0.041441,5.4542
0.28226,2.1507,0.084136,8.2321e-05,-0.041272,5.4472
0.28232,2.1507,0.084134,8.0318e-05,-0.041045,5.4553
0.28237,2.1507,0.084132,7.8975e-05,-0.04079,5.4691
0.28242,2.1507,0.08413,7.5972e-05,-0.040491,5.4581
0.28247,2.1507,0.084128,6.911e-05,-0.04014,5.4623
0.28253,2.1507,0.084126,5.6313e-05,-0.039801,5.4635
0.28258,2.1507,0.084124,3.5623e-05,-0.039537,5.454
0.28263,2.1507,0.084122,1.5403e-05,-0.039291,5.4586
0.28268,2.1507,0.08412,3.5829e-06,-0.039052,5.46
0.28274,2.1507,0.084118,-7.2931e-06,-0.038871,5.4547
0.28279,2.1507,0.084116,-6.8454e-06,-0.038735,5.4578
0.28284,2.1507,0.084114,-2.1424e-07,-0.038644,5.4738
0.28289,2.1507,0.084111,7.7104e-06,-0.038549,5.4645
0.28295,2.1507,0.084109,1.2286e-05,-0.038418,5.4591
0.283,2.1507,0.084107,9.1154e-06,-0.038322,5.4723
0.28305,2.1507,0.084105,-5.9565e-06,-0.038163,5.467
0.28311,2.1507,0.084103,-2.1885e-05,-0.037948,5.451
0.28316,2.1507,0.084101,-4.5645e-05,-0.037722,5.4549
0.28321,2.1507,0.084099,-6.8876e-05,-0.037513,5.4613
0.28326,2.1507,0.084098,-8.8407e-05,-0.037351,5.448
0.28332,2.1507,0.084096,-9.8744e-05,-0.037219,5.4499
0.28337,2.1507,0.084094,-9.6964e-05,-0.037105,5.457
0.28342,2.1507,0.084092,-8.2587e-05,-0.037036,5.4595
0.28347,2.1507,0.08409,-5.7454e-05,-0.036946,5.4597
0.28353,2.1507,0.084088,-2.5605e-05,-0.036841,5.4725
0.28358,2.1507,0.084086,1.1604e-05,-0.036692,5.4635
0.28363,2.1507,0.084084,3.7912e-05,-0.036514,5.4593
0.28368,2.1507,0.084082,5.2874e-05,-0.036321,5.466
0.28374,2.1507,0.08408,5.3596e-05,-0.036129,5.4652
0.28379,2.1507,0.084078,3.4869e-05,-0.035954,5.4602
0.28384,2.1507,0.084076,6.7525e-06,-0.035805,5.4644
0.28389,2.1507,0.084074,-2.119e-05,-0.03571,5.4657
0.28395,2.1507,0.084073,-3.9888e-05,-0.035596,5.4625
0.284,2.1507,0.084071,-4.0761e-05,-0.035446,5.4677
0.28405,2.1507,0.084069,-3.0667e-05,-0.035282,5.4677
0.28411,2.1507,0.084067,-1.3646e-05,-0.035111,5.4617
0.28416,2.1507,0.084065,4.187e-06,-0.034958,5.4611
0.28421,2.1507,0.084063,1.4758e-05,-0.034802,5.4698
0.28426,2.1507,0.084062,2.3116e-05,-0.034636,5.4563
0.28432,2.1507,0.08406,2.9291e-05,-0.03444,5.4588
0.28437,2.1507,0.084058,3.3314e-05,-0.034199,5.474
0.28442,2.1507,0.084056,3.5214e-05,-0.033951,5.4739
0.28447,2.1507,0.084054,3.5021e-05,-0.033729,5.4664
0.28453,2.1507,0.084053,3.2767e-05,-0.033531,5.4805
0.28458,2.1507,0.084051,2.848e-05,-0.033357,5.4793
0.28463,2.1507,0.084049,2.219e-05,-0.033173,5.4679
0.28468,2.1507,0.084047,1.3929e-05,-0.032944,5.4687
0.28474,2.1507,0.084046,3.7262e-06,-0.032676,5.4677
0.28479,2.1507,0.084044,-8.3887e-06,-0.032412,5.4636
0.28484,2.1507,0.084042,-1.7625e-05,-0.032181,5.4649
0.28489,2.1507,0.084041,-3.6903e-05,-0.032006,5.4663
0.28495,2.1507,0.084039,-6.3495e-05,-0.03187,5.4652
0.285,2.1507,0.084037,-9.4803e-05,-0.031759,5.4728
0.28505,2.1507,0.084036,-0.00012835,-0.031655,5.4817
0.28511,2.1507,0.084034,-0.00016179,-0.031536,5.4747
0.28516,2.1507,0.084032,-0.00018813,-0.031413,5.4661
0.28521,2.1507,0.084031,-0.00021345,-0.03129,5.4789
0.28526,2.1507,0.084029,-0.00024127,-0.031165,5.4754
0.28532,2.1507,0.084027,-0.00028759,-0.031036,5.47
0.28537,2.1507,0.084026,-0.00035261,-0.030905,5.4857
0.28542,2.1507,0.084024,-0.0004215,-0.03077,5.4861
0.28547,2.1507,0.084022,-0.0004929,-0.030631,5.4824
0.28553,2.1507,0.084021,-0.00056322,-0.030491,5.4934
0.28558,2.1507,0.084019,-0.00063157,-0.03035,5.4948
0.28563,2.1507,0.084018,-0.00069234,-0.030225,5.4864
0.28568,2.1507,0.084016,-0.00075042,-0.030075,5.4843
0.28574,2.1507,0.084014,-0.00081522,-0.029903,5.4864
0.28579,2.1507,0.084013,-0.00088294,-0.029716,5.4784
0.28584,2.1507,0.084011,-0.0009373,-0.029522,5.4748
0.28589,2.1507,0.08401,-0.0009826,-0.029331,5.4946
0.28595,2.1507,0.084008,-0.0010157,-0.02915,5.4919
0.286,2.1507,0.084007,-0.0010532,-0.029,5.4896
0.28605,2.1507,0.084005,-0.0010788,-0.028852,5.5049
0.28611,2.1507,0.084004,-0.0011138,-0.028669,5.5014
0.28616,2.1507,0.084002,-0.0011612,-0.02847,5.4912
0.28621,2.1507,0.084001,-0.0012064,-0.028261,5.4912
0.28626,2.1507,0.083999,-0.0012528,-0.028052,5.4922
0.28632,2.1507,0.083998,-0.0013016,-0.027849,5.4829
0.28637,2.1507,0.083996,-0.0013513,-0.027661,5.4907
0.28642,2.1507,0.083995,-0.0014136,-0.027497,5.4952
0.28647,2.1507,0.083993,-0.0014796,-0.027322,5.4957
0.28653,2.1507,0.083992,-0.0015631,-0.027146,5.4936
0.28658,2.1507,0.083991,-0.0016448,-0.026972,5.5021
0.28663,2.1507,0.083989,-0.0017062,-0.026799,5.4885
0.28668,2.1507,0.083988,-0.0017625,-0.026627,5.489
0.28674,2.1507,0.083986,-0.0018104,-0.026456,5.4935
0.28679,2.1507,0.083985,-0.0018446,-0.026284,5.4826
0.28684,2.1507,0.083984,-0.0018794,-0.026113,5.4689
0.28689,2.1507,0.083982,-0.0019113,-0.025944,5.4796
0.28695,2.1507,0.083981,-0.0019517,-0.025776,5.4766
0.287,2.1507,0.08398,-0.0020014,-0.025613,5.4682
0.28705,2.1507,0.083978,-0.0020507,-0.02545,5.4772
0.28711,2.1507,0.083977,-0.0021056,-0.025289,5.4683
0.28716,2.1507,0.083976,-0.0021541,-0.02513,5.4627
0.28721,2.1507,0.083974,-0.0021898,-0.02497,5.4605
0.28726,2.1507,0.083973,-0.0022167,-0.024808,5.4655
0.28732,2.1507,0.083972,-0.0022387,-0.024646,5.4578
0.28737,2.1507,0.08397,-0.0022594,-0.024486,5.449
0.28742,2.1507,0.083969,-0.0022973,-0.024329,5.4641
0.28747,2.1507,0.083968,-0.0023374,-0.024171,5.4616
0.28753,2.1507,0.083967,-0.0023878,-0.024017,5.4587
0.28758,2.1507,0.083965,-0.0024412,-0.023868,5.4771
0.28763,2.1507,0.083964,-0.0024904,-0.023721,5.4693
0.28768,2.1507,0.083963,-0.002529,-0.023573,5.4616
0.28774,2.1507,0.083962,-0.0025607,-0.023426,5.4643
0.28779,2.1507,0.08396,-0.0025895,-0.023279,5.4649
0.28784,2.1507,0.083959,-0.0026235,-0.023132,5.4593
0.28789,2.1507,0.083958,-0.0026532,-0.022985,5.4605
0.28795,2.1507,0.083957,-0.0026893,-0.02284,5.4712
0.288,2.1507,0.083956,-0.0027243,-0.0227,5.4613
0.28805,2.1507,0.083954,-0.0027562,-0.022563,5.4589
0.28811,2.1507,0.083953,-0.0027826,-0.022429,5.4723
0.28816,2.1507,0.083952,-0.0028018,-0.022297,5.4598
0.28821,2.1507,0.083951,-0.0028267,-0.022183,5.4559
0.28826,2.1507,0.08395,-0.0028475,-0.022063,5.4721
0.28832,2.1507,0.083949,-0.0028772,-0.021918,5.4673
0.28837,2.1507,0.083947,-0.0029083,-0.021729,5.4598
0.28842,2.1507,0.083946,-0.0029464,-0.021516,5.4698
0.28847,2.1507,0.083945,-0.0029944,-0.021303,5.4773
0.28853,2.1507,0.083944,-0.0030531,-0.02111,5.4644
0.28858,2.1507,0.083943,-0.0031205,-0.020974,5.4687
0.28863,2.1507,0.083942,-0.0031928,-0.020888,5.4805
0.28868,2.1507,0.083941,-0.0032639,-0.020805,5.4711
0.28874,2.1507,0.08394,-0.0033408,-0.020685,5.472
0.28879,2.1507,0.083939,-0.0034105,-0.020539,5.477
0.28884,2.1507,0.083937,-0.0034826,-0.020364,5.4716
0.28889,2.1507,0.083936,-0.003549,-0.020194,5.4674
0.28895,2.1507,0.083935,-0.0035994,-0.020058,5.4794
0.289,2.1507,0.083934,-0.0036439,-0.019987,5.4779
0.28905,2.1507,0.083933,-0.0036793,-0.019974,5.4771
0.28911,2.1507,0.083932,-0.0037048,-0.019964,5.4922
0.28916,2.1507,0.083931,-0.003722,-0.019948,5.4928
0.28921,2.1507,0.08393,-0.0037348,-0.019948,5.4808
0.28926,2.1507,0.083929,-0.003749,-0.019932,5.483
0.28932,2.1507,0.083928,-0.0037575,-0.019925,5.4868
0.28937,2.1507,0.083927,-0.0037583,-0.019934,5.4765
0.28942,2.1507,0.083926,-0.0037595,-0.019968,5.4839
0.28947,2.1507,0.083925,-0.0037691,-0.020046,5.4874
0.28953,2.1507,0.083924,-0.0037852,-0.02009,5.4815
0.28958,2.1507,0.083923,-0.0038057,-0.020123,5.4904
0.28963,2.1507,0.083922,-0.0038283,-0.020165,5.5033
0.28968,2.1507,0.083921,-0.0038506,-0.020185,5.4935
0.28974,2.1507,0.08392,-0.0038703,-0.020216,5.4945
0.28979,2.1507,0.083918,-0.0038846,-0.020248,5.4997
0.28984,2.1507,0.083917,-0.0038909,-0.020274,5.4982
0.28989,2.1507,0.083916,-0.0039022,-0.020296,5.4889
0.28995,2.1507,0.083915,-0.0039135,-0.020276,5.5004
0.29,2.1507,0.083914,-0.0039249,-0.020239,5.5029
0.29005,2.1507,0.083913,-0.0039364,-0.020214,5.4967
0.29011,2.1507,0.083912,-0.0039478,-0.020152,5.5076
0.29016,2.1507,0.083911,-0.0039593,-0.02007,5.5138
0.29021,2.1507,0.08391,-0.0039707,-0.019934,5.502
0.29026,2.1507,0.083909,-0.003982,-0.019779,5.5096
0.29032,2.1507,0.083908,-0.0039933,-0.019573,5.5162
0.29037,2.1507,0.083907,-0.0040043,-0.019389,5.5135
0.29042,2.1507,0.083906,-0.0040153,-0.019238,5.5188
0.29047,2.1507,0.083905,-0.004026,-0.019181,5.5294
0.29053,2.1507,0.083904,-0.0040365,-0.019178,5.5331
0.29058,2.1507,0.083903,-0.0040468,-0.019189,5.5305
0.29063,2.1507,0.083902,-0.0040567,-0.019222,5.5459
0.29068,2.1507,0.083901,-0.0040664,-0.019278,5.5446
0.29074,2.1507,0.0839,-0.0040757,-0.01929,5.5322
0.29079,2.1507,0.083899,-0.0040846,-0.019302,5.5459
0.29084,2.1507,0.083898,-0.0040931,-0.019285,5.5423
0.29089,2.1507,0.083897,-0.0041012,-0.019272,5.5299
0.29095,2.1507,0.083896,-0.0041038,-0.019235,5.5255
0.291,2.1507,0.083895,-0.004114,-0.019169,5.5345
0.29105,2.1507,0.083894,-0.0041298,-0.019112,5.5338
0.29111,2.1507,0.083893,-0.0041492,-0.019049,5.5355
0.29116,2.1507,0.083892,-0.0041698,-0.018968,5.5436
0.29121,2.1507,0.083891,-0.0041893,-0.018893,5.5406
0.29126,2.1507,0.08389,-0.0042053,-0.018844,5.5411
0.29132,2.1507,0.083889,-0.0042152,-0.018832,5.5477
0.29137,2.1507,0.083888,-0.0042112,-0.018877,5.5472
0.29142,2.1507,0.083887,-0.0042193,-0.018952,5.5397
0.29147,2.1507,0.083886,-0.0042329,-0.019028,5.5508
0.29153,2.1507,0.083885,-0.0042497,-0.019077,5.554
0.29158,2.1507,0.083884,-0.0042626,-0.019088,5.5462
0.29163,2.1507,0.083883,-0.0042774,-0.01905,5.5632
0.29168,2.1507,0.083882,-0.0043026,-0.018954,5.569
0.29174,2.1507,0.083881,-0.0043266,-0.018809,5.5582
0.29179,2.1507,0.08388,-0.0043556,-0.018622,5.565
0.29184,2.1507,0.083879,-0.0043961,-0.018408,5.5725
0.29189,2.1507,0.083878,-0.0044363,-0.018199,5.5599
0.29195,2.1507,0.083877,-0.004469,-0.01804,5.557
0.292,2.1507,0.083876,-0.0044867,-0.017916,5.5733
0.29205,2.1507,0.083875,-0.0044971,-0.017829,5.5639
0.29211,2.1507,0.083874,-0.0045007,-0.017702,5.5632
0.29216,2.1507,0.083873,-0.0045032,-0.017612,5.5768
0.29221,2.1507,0.083872,-0.0045156,-0.017518,5.5753
0.29226,2.1507,0.083871,-0.004531,-0.017483,5.5614
0.29232,2.1507,0.08387,-0.0045472,-0.017485,5.5676
0.29237,2.1507,0.083869,-0.0045618,-0.017561,5.5697
0.29242,2.1507,0.083869,-0.0045724,-0.01765,5.5502
0.29247,2.1507,0.083868,-0.0045763,-0.017748,5.5506
0.29253,2.1507,0.083867,-0.0045708,-0.017771,5.5555
0.29258,2.1507,0.083866,-0.0045638,-0.01785,5.5449
0.29263,2.1507,0.083865,-0.0045637,-0.017907,5.5487
0.29268,2.1507,0.083864,-0.0045634,-0.017932,5.547
0.29274,2.1507,0.083863,-0.0045741,-0.017909,5.5494
0.29279,2.1507,0.083862,-0.0045913,-0.017902,5.5472
0.29284,2.1507,0.083861,-0.0046109,-0.017875,5.5518
0.29289,2.1507,0.08386,-0.004628,-0.017818,5.5459
0.29295,2.1507,0.083859,-0.0046377,-0.017699,5.534
0.293,2.1507,0.083858,-0.004635,-0.017645,5.5433
0.29305,2.1507,0.083857,-0.0046301,-0.017601,5.5453
0.29311,2.1507,0.083856,-0.0046155,-0.017542,5.5362
0.29316,2.1507,0.083855,-0.0045992,-0.017489,5.5497
0.29321,2.1507,0.083855,-0.0045845,-0.01744,5.5566
0.29326,2.1507,0.083854,-0.0045774,-0.017391,5.5483
0.29332,2.1507,0.083853,-0.004582,-0.017343,5.5523
0.29337,2.1507,0.083852,-0.0046003,-0.01729,5.5541
0.29342,2.1507,0.083851,-0.0046316,-0.017295,5.5463
0.29347,2.1507,0.08385,-0.004673,-0.017348,5.5467
0.29353,2.1507,0.083849,-0.0047241,-0.017485,5.5604
0.29358,2.1507,0.083848,-0.0047687,-0.017631,5.5513
0.29363,2.1507,0.083847,-0.0048052,-0.017774,5.5502
0.29368,2.1507,0.083846,-0.0048297,-0.017878,5.5657
0.29374,2.1507,0.083845,-0.0048352,-0.017948,5.565
0.29379,2.1507,0.083844,-0.0048303,-0.017999,5.5601
0.29384,2.1507,0.083843,-0.004824,-0.017974,5.5631
0.29389,2.1507,0.083842,-0.0048259,-0.017967,5.5572
0.29395,2.1507,0.083842,-0.004846,-0.018034,5.5443
0.294,2.1507,0.083841,-0.0048791,-0.018087,5.5444
0.29405,2.1507,0.08384,-0.0049222,-0.018156,5.5466
0.29411,2.1507,0.083839,-0.0049699,-0.018206,5.5351
0.29416,2.1507,0.083838,-0.0050139,-0.018261,5.5367
0.29421,2.1507,0.083837,-0.005059,-0.018314,5.5499
0.29426,2.1507,0.083836,-0.0051052,-0.018365,5.5428
0.29432,2.1507,0.083835,-0.0051526,-0.018472,5.5399
0.29437,2.1507,0.083834,-0.005201,-0.018622,5.5496
0.29442,2.1507,0.083833,-0.0052506,-0.01875,5.5403
0.29447,2.1507,0.083832,-0.0053013,-0.018903,5.544
0.29453,2.1507,0.083831,-0.0053531,-0.019061,5.5667
0.29458,2.1507,0.08383,-0.005406,-0.019209,5.5666
0.29463,2.1507,0.083829,-0.00546,-0.019354,5.5594
0.29468,2.1507,0.083828,-0.0055152,-0.019506,5.5658
0.29474,2.1507,0.083827,-0.0055714,-0.019628,5.5775
0.29479,2.1507,0.083826,-0.0056338,-0.019707,5.5709
0.29484,2.1507,0.083825,-0.0056892,-0.019731,5.5773
0.29489,2.1507,0.083824,-0.0057396,-0.019737,5.5788
0.29495,2.1507,0.083823,-0.005787,-0.019718,5.5665
0.295,2.1507,0.083822,-0.0058337,-0.019694,5.5637
0.29505,2.1507,0.083821,-0.0058819,-0.019686,5.5713
0.29511,2.1507,0.083819,-0.0059392,-0.019682,5.5531
0.29516,2.1507,0.083818,-0.0059999,-0.019693,5.5536
0.29521,2.1507,0.083817,-0.0060607,-0.019686,5.5628
0.29526,2.1507,0.083816,-0.0061045,-0.019667,5.5621
0.29532,2.1507,0.083815,-0.0061292,-0.019644,5.5621
0.29537,2.1507,0.083814,-0.0061484,-0.019627,5.5726
0.29542,2.1507,0.083813,-0.0061629,-0.01962,5.5728
0.29547,2.1507,0.083812,-0.0061763,-0.019629,5.564
0.29553,2.1507,0.083811,-0.0061894,-0.01966,5.5681
0.29558,2.1507,0.08381,-0.0062082,-0.01972,5.572
0.29563,2.1507,0.083809,-0.0062283,-0.019769,5.5612
0.29568,2.1507,0.083808,-0.0062401,-0.01981,5.5646
0.29574,2.1507,0.083807,-0.0062466,-0.019884,5.5753
0.29579,2.1507,0.083806,-0.0062647,-0.019978,5.5736
0.29584,2.1507,0.083805,-0.0062912,-0.020081,5.5716
0.29589,2.1507,0.083804,-0.0063303,-0.020182,5.5854
0.29595,2.1507,0.083803,-0.0063658,-0.020276,5.5806
0.296,2.1507,0.083802,-0.0064147,-0.020362,5.5795
0.29605,2.1507,0.083801,-0.0064556,-0.020432,5.5897
0.29611,2.1507,0.0838,-0.0064846,-0.020483,5.5928
0.29616,2.1507,0.083798,-0.0065158,-0.020556,5.588
0.29621,2.1507,0.083797,-0.0065457,-0.020633,5.6039
0.29626,2.1507,0.083796,-0.0065731,-0.020712,5.6079
0.29632,2.1507,0.083795,-0.0065991,-0.020792,5.6018
0.29637,2.1507,0.083794,-0.0066114,-0.020874,5.6092
0.29642,2.1507,0.083793,-0.0066179,-0.020958,5.6151
0.29647,2.1507,0.083792,-0.0066036,-0.021032,5.6199
0.29653,2.1507,0.083791,-0.0065868,-0.021133,5.6165
0.29658,2.1507,0.08379,-0.0065867,-0.021254,5.6163
0.29663,2.1507,0.083789,-0.0065896,-0.021369,5.6082
0.29668,2.1507,0.083787,-0.0065992,-0.021497,5.6039
0.29674,2.1507,0.083786,-0.0066223,-0.021651,5.6185
0.29679,2.1507,0.083785,-0.0066448,-0.021845,5.6133
0.29684,2.1507,0.083784,-0.0066707,-0.022049,5.6084
0.29689,2.1507,0.083783,-0.0066881,-0.022233,5.6179
0.29695,2.1507,0.083782,-0.0066954,-0.022414,5.6069
0.297,2.1507,0.08378,-0.0067017,-0.022559,5.5974
0.29705,2.1507,0.083779,-0.0067007,-0.022644,5.6023
0.29711,2.1507,0.083778,-0.0067043,-0.0227,5.5978
0.29716,2.1507,0.083777,-0.00672,-0.022749,5.5843
0.29721,2.1507,0.083776,-0.0067447,-0.022818,5.5911
0.29726,2.1507,0.083774,-0.0067756,-0.022891,5.6009
0.29732,2.1507,0.083773,-0.0068091,-0.022962,5.5908
0.29737,2.1507,0.083772,-0.0068262,-0.023036,5.5966
0.29742,2.1507,0.083771,-0.0068407,-0.023113,5.6116
0.29747,2.1507,0.08377,-0.006844,-0.023176,5.6113
0.29753,2.1507,0.083768,-0.0068426,-0.023261,5.6019
0.29758,2.1507,0.083767,-0.0068435,-0.023364,5.5984
0.29763,2.1507,0.083766,-0.006854,-0.02348,5.5948
0.29768,2.1507,0.083765,-0.0068711,-0.023603,5.5888
0.29774,2.1507,0.083763,-0.0068916,-0.023721,5.5994
0.29779,2.1507,0.083762,-0.006907,-0.023833,5.6023
0.29784,2.1507,0.083761,-0.006927,-0.023926,5.5911
0.29789,2.1507,0.08376,-0.0069406,-0.023991,5.5976
0.29795,2.1507,0.083758,-0.0069551,-0.024069,5.5995
0.298,2.1507,0.083757,-0.0069728,-0.024146,5.5824
0.29805,2.1507,0.083756,-0.0069963,-0.024224,5.5797
0.29811,2.1507,0.083755,-0.0070284,-0.024304,5.5843
0.29816,2.1507,0.083753,-0.007056,-0.024369,5.5689
0.29821,2.1506,0.083752,-0.007089,-0.024442,5.5621
0.29826,2.1506,0.083751,-0.0071142,-0.024542,5.5678
0.29832,2.1506,0.083749,-0.0071386,-0.024694,5.567
0.29837,2.1506,0.083748,-0.0071562,-0.024884,5.5566
0.29842,2.1506,0.083747,-0.007163,-0.025089,5.5669
0.29847,2.1506,0.083745,-0.0071573,-0.025291,5.5564
0.29853,2.1506,0.083744,-0.0071396,-0.025448,5.5445
0.29858,2.1506,0.083743,-0.0071131,-0.025563,5.5468
0.29863,2.1506,0.083741,-0.0070831,-0.025681,5.5497
0.29868,2.1506,0.08374,-0.0070424,-0.025843,5.5413
0.29874,2.1506,0.083739,-0.0070038,-0.026044,5.54
0.29879,2.1506,0.083737,-0.0069574,-0.026288,5.5472
0.29884,2.1506,0.083736,-0.0069114,-0.026546,5.5425
0.29889,2.1506,0.083734,-0.0068769,-0.026787,5.5453
0.29895,2.1506,0.083733,-0.0068448,-0.026977,5.5614
0.299,2.1506,0.083732,-0.0068189,-0.027116,5.5514
0.29905,2.1506,0.08373,-0.0068009,-0.027257,5.5447
0.29911,2.1506,0.083729,-0.0067899,-0.027409,5.5457
0.29916,2.1506,0.083727,-0.0067828,-0.027553,5.5471
0.29921,2.1506,0.083726,-0.0067739,-0.027721,5.5406
0.29926,2.1506,0.083724,-0.0067704,-0.027887,5.554
0.29932,2.1506,0.083723,-0.0067752,-0.028045,5.5498
0.29937,2.1506,0.083721,-0.0067752,-0.028183,5.542
0.29942,2.1506,0.08372,-0.0067752,-0.028278,5.5534
0.29947,2.1506,0.083718,-0.0067752,-0.028408,5.5569
0.29953,2.1506,0.083717,-0.0067752,-0.028554,5.5473
0.29958,2.1506,0.083715,-0.0067752,-0.028697,5.5457
0.29963,2.1506,0.083714,-0.0067752,-0.028869,5.5592
0.29968,2.1506,0.083712,-0.0067752,-0.029056,5.5493
0.29974,2.1506,0.083711,-0.0067752,-0.029243,5.5407
0.29979,2.1506,0.083709,-0.0067752,-0.029417,5.5553
0.29984,2.1506,0.083708,-0.0067752,-0.029563,5.5579
0.29989,2.1506,0.083706,-0.0067752,-0.029712,5.5499
0.29995,2.1506,0.083705,-0.0067752,-0.029839,5.5531
0.3,2.1506,0.083703,-0.0067752,-0.029918,5.5603
0.30005,2.1506,0.083701,-0.0067752,-0.03002,5.5518
0.30011,2.1506,0.0837,-0.0067752,-0.03015,5.5552
0.30016,2.1506,0.083698,-0.0067752,-0.030335,5.5538
0.30021,2.1506,0.083697,-0.0067752,-0.030542,5.5473
0.30026,2.1506,0.083695,-0.0067753,-0.03079,5.55
0.30032,2.1506,0.083693,-0.0067753,-0.031046,5.5595
0.30037,2.1506,0.083692,-0.0067753,-0.031279,5.5534
0.30042,2.1506,0.08369,-0.0067753,-0.031459,5.5551
0.30047,2.1506,0.083688,-0.0067753,-0.031608,5.574
0.30053,2.1506,0.083687,-0.0067753,-0.031735,5.5637
0.30058,2.1506,0.083685,-0.0067753,-0.031855,5.5612
0.30063,2.1506,0.083683,-0.0067753,-0.031941,5.5701
0.30068,2.1506,0.083682,-0.0067753,-0.032041,5.557
0.30074,2.1506,0.08368,-0.0067753,-0.032134,5.5528
0.30079,2.1506,0.083678,-0.0067753,-0.032222,5.5602
0.30084,2.1506,0.083677,-0.0067753,-0.032304,5.559
0.30089,2.1506,0.083675,-0.0067753,-0.032386,5.5512
0.30095,2.1506,0.083673,-0.0067753,-0.032465,5.5566
0.301,2.1506,0.083671,-0.0067753,-0.032543,5.5651
0.30105,2.1506,0.08367,-0.0067753,-0.032621,5.5549
0.30111,2.1506,0.083668,-0.0067753,-0.032698,5.5559
0.30116,2.1506,0.083666,-0.0067753,-0.032769,5.5647
0.30121,2.1506,0.083665,-0.0067753,-0.032831,5.5559
0.30126,2.1506,0.083663,-0.0067753,-0.032882,5.5505
0.30132,2.1506,0.083661,-0.0067753,-0.032926,5.5627
0.30137,2.1506,0.083659,-0.0067753,-0.032967,5.566
0.30142,2.1506,0.083658,-0.0067753,-0.033006,5.5623
0.30147,2.1506,0.083656,-0.0067753,-0.033043,5.5724
0.30153,2.1506,0.083654,-0.0067753,-0.033058,5.5791
0.30158,2.1506,0.083652,-0.0067753,-0.033077,5.5678
0.30163,2.1506,0.083651,-0.0067753,-0.033118,5.5695
0.30168,2.1506,0.083649,-0.0067753,-0.033193,5.5696
0.30174,2.1506,0.083647,-0.0067753,-0.033327,5.5539
0.30179,2.1506,0.083645,-0.0067753,-0.033495,5.5619
0.30184,2.1506,0.083644,-0.0067753,-0.033667,5.5739
0.30189,2.1506,0.083642,-0.0067753,-0.033797,5.5665
0.30195,2.1506,0.08364,-0.0067754,-0.033894,5.5667
0.302,2.1506,0.083638,-0.0067754,-0.03395,5.5771
0.30205,2.1506,0.083637,-0.0067754,-0.034013,5.5697
0.30211,2.1506,0.083635,-0.0067754,-0.034067,5.5676
0.30216,2.1506,0.083633,-0.0067754,-0.034168,5.5749
0.30221,2.1506,0.083631,-0.0067754,-0.034261,5.5733
0.30226,2.1506,0.083629,-0.0067754,-0.034369,5.5609
0.30232,2.1506,0.083628,-0.0067754,-0.034446,5.5691
0.30237,2.1506,0.083626,-0.0067754,-0.034552,5.5719
0.30242,2.1506,0.083624,-0.0067754,-0.034642,5.5708
0.30247,2.1506,0.083622,-0.0067754,-0.034736,5.5858
0.30253,2.1506,0.08362,-0.0067754,-0.034777,5.5909
0.30258,2.1506,0.083618,-0.0067754,-0.034816,5.5839
0.30263,2.1506,0.083617,-0.0067754,-0.034859,5.5858
0.30268,2.1506,0.083615,-0.0067754,-0.034925,5.5918
0.30274,2.1506,0.083613,-0.0067754,-0.034961,5.5786
0.30279,2.1506,0.083611,-0.0067754,-0.035019,5.576
0.30284,2.1506,0.083609,-0.0067754,-0.035088,5.5904
0.30289,2.1506,0.083607,-0.0067754,-0.035166,5.5922
0.30295,2.1506,0.083605,-0.0067754,-0.035241,5.5889
0.303,2.1506,0.083604,-0.0067754,-0.035345,5.6025
0.30305,2.1506,0.083602,-0.0067754,-0.035495,5.6033
0.30311,2.1506,0.0836,-0.0067754,-0.035657,5.595
0.30316,2.1506,0.083598,-0.0067754,-0.035822,5.6034
0.30321,2.1506,0.083596,-0.0067754,-0.035979,5.6026
0.30326,2.1506,0.083594,-0.0067754,-0.036107,5.5972
0.30332,2.1506,0.083592,-0.0067754,-0.036194,5.5908
0.30337,2.1506,0.08359,-0.0067754,-0.036235,5.603
0.30342,2.1506,0.083588,-0.0067754,-0.03623,5.5909
0.30347,2.1506,0.083587,-0.0067754,-0.036172,5.5933
0.30353,2.1506,0.083585,-0.0067754,-0.036122,5.5955
0.30358,2.1506,0.083583,-0.0067755,-0.036083,5.5857
0.30363,2.1506,0.083581,-0.0067755,-0.036076,5.5761
0.30368,2.1506,0.083579,-0.0067755,-0.036087,5.5766
0.30374,2.1506,0.083577,-0.0067755,-0.036086,5.5681
0.30379,2.1506,0.083575,-0.0067755,-0.0361,5.5552
0.30384,2.1506,0.083573,-0.0067755,-0.036107,5.5561
0.30389,2.1506,0.083571,-0.0067755,-0.036068,5.5567
0.30395,2.1506,0.083569,-0.0067755,-0.03605,5.5508
0.304,2.1506,0.083568,-0.0067755,-0.036017,5.5561
0.30405,2.1506,0.083566,-0.0067755,-0.035979,5.568
0.30411,2.1506,0.083564,-0.0067755,-0.035931,5.5467
0.30416,2.1506,0.083562,-0.0067755,-0.03589,5.5532
0.30421,2.1506,0.08356,-0.0067755,-0.035877,5.5563
0.30426,2.1506,0.083558,-0.0067755,-0.035855,5.5499
0.30432,2.1506,0.083556,-0.0067755,-0.035803,5.5492
0.30437,2.1506,0.083554,-0.0067755,-0.035748,5.5555
0.30442,2.1506,0.083552,-0.0067755,-0.035643,5.5563
0.30447,2.1506,0.083551,-0.0067755,-0.0355,5.5598
0.30453,2.1506,0.083549,-0.0067755,-0.035367,5.5686
0.30458,2.1506,0.083547,-0.0067755,-0.035279,5.5697
0.30463,2.1506,0.083545,-0.0067755,-0.035228,5.568
0.30468,2.1506,0.083543,-0.0067755,-0.035214,5.5719
0.30474,2.1506,0.083541,-0.0067755,-0.035227,5.5683
0.30479,2.1506,0.083539,-0.0067755,-0.035249,5.5617
0.30484,2.1506,0.083538,-0.0067755,-0.035256,5.5593
0.30489,2.1506,0.083536,-0.0067755,-0.035266,5.5614
0.30495,2.1506,0.083534,-0.0067755,-0.035279,5.5542
0.305,2.1506,0.083532,-0.0067755,-0.035294,5.5552
0.30505,2.1506,0.08353,-0.0067755,-0.03531,5.5672
0.30511,2.1506,0.083528,-0.0067755,-0.035316,5.5658
0.30516,2.1506,0.083526,-0.0067755,-0.035346,5.5621
0.30521,2.1506,0.083525,-0.0067755,-0.035394,5.5645
0.30526,2.1506,0.083523,-0.0067756,-0.035456,5.5602
0.30532,2.1506,0.083521,-0.0067756,-0.035521,5.5501
0.30537,2.1506,0.083519,-0.0067756,-0.035585,5.5565
0.30542,2.1506,0.083517,-0.0067756,-0.035642,5.5609
0.30547,2.1506,0.083515,-0.0067756,-0.03568,5.5551
0.30553,2.1506,0.083513,-0.0067756,-0.035691,5.5673
0.30558,2.1506,0.083511,-0.0067756,-0.035716,5.5791
0.30563,2.1506,0.08351,-0.0067756,-0.035754,5.5711
0.30568,2.1506,0.083508,-0.0067756,-0.035766,5.5778
0.30574,2.1506,0.083506,-0.0067756,-0.035759,5.5862
0.30579,2.1506,0.083504,-0.0067756,-0.03574,5.5753
0.30584,2.1506,0.083502,-0.0067756,-0.035722,5.5753
0.30589,2.1506,0.0835,-0.0067756,-0.035704,5.5875
0.30595,2.1506,0.083498,-0.0067756,-0.035694,5.5848
0.306,2.1506,0.083496,-0.0067756,-0.035702,5.5841
0.30605,2.1506,0.083495,-0.0067756,-0.035732,5.6004
0.30611,2.1506,0.083493,-0.0067756,-0.035747,5.6053
0.30616,2.1506,0.083491,-0.0067756,-0.035764,5.5882
0.30621,2.1506,0.083489,-0.0067756,-0.035783,5.5972
0.30626,2.1506,0.083487,-0.0067756,-0.035805,5.6008
0.30632,2.1506,0.083485,-0.0067756,-0.035828,5.5892
0.30637,2.1506,0.083483,-0.0067756,-0.03585,5.5961
0.30642,2.1506,0.083481,-0.0067756,-0.035886,5.6001
0.30647,2.1506,0.083479,-0.0067756,-0.035894,5.5936
0.30653,2.1506,0.083478,-0.0067756,-0.035885,5.5976
0.30658,2.1506,0.083476,-0.0067756,-0.035879,5.6023
0.30663,2.1506,0.083474,-0.0067756,-0.03586,5.6008
0.30668,2.1506,0.083472,-0.0067756,-0.035814,5.5984
0.30674,2.1506,0.08347,-0.0067756,-0.035722,5.6042
0.30679,2.1506,0.083468,-0.0067756,-0.035608,5.6037
0.30684,2.1506,0.083466,-0.0067756,-0.035503,5.5946
0.30689,2.1506,0.083464,-0.0067756,-0.03539,5.5987
0.30695,2.1506,0.083463,-0.0067757,-0.035307,5.6015
0.307,2.1506,0.083461,-0.0067757,-0.035281,5.5975
0.30705,2.1506,0.083459,-0.0067757,-0.035288,5.605
0.30711,2.1506,0.083457,-0.0067757,-0.035308,5.6209
0.30716,2.1506,0.083455,-0.0067757,-0.035316,5.61
0.30721,2.1506,0.083453,-0.0067757,-0.035324,5.6174
0.30726,2.1506,0.083451,-0.0067757,-0.035332,5.6309
0.30732,2.1506,0.08345,-0.0067757,-0.03534,5.622
0.30737,2.1506,0.083448,-0.0067757,-0.035344,5.6163
0.30742,2.1506,0.083446,-0.0067757,-0.035363,5.6323
0.30747,2.1506,0.083444,-0.0067757,-0.035356,5.6234
0.30753,2.1506,0.083442,-0.0067757,-0.035327,5.6274
0.30758,2.1506,0.08344,-0.0067757,-0.03528,5.6343
0.30763,2.1506,0.083438,-0.0067757,-0.035222,5.6404
0.30768,2.1506,0.083437,-0.0067757,-0.035167,5.6332
0.30774,2.1506,0.083435,-0.0067757,-0.035122,5.6386
0.30779,2.1506,0.083433,-0.0067757,-0.035096,5.6419
0.30784,2.1506,0.083431,-0.0067757,-0.035104,5.6279
0.30789,2.1506,0.083429,-0.0067757,-0.035101,5.6328
0.30795,2.1506,0.083427,-0.0067757,-0.035099,5.6342
0.308,2.1506,0.083425,-0.0067757,-0.035096,5.6235
0.30805,2.1506,0.083424,-0.0067757,-0.035092,5.6333
0.30811,2.1506,0.083422,-0.0067757,-0.035084,5.6481
0.30816,2.1506,0.08342,-0.0067757,-0.035076,5.6405
0.30821,2.1506,0.083418,-0.0067757,-0.035068,5.6373
0.30826,2.1506,0.083416,-0.0067757,-0.035062,5.6501
0.30832,2.1506,0.083414,-0.0067757,-0.035057,5.6444
0.30837,2.1506,0.083413,-0.0067757,-0.035053,5.6332
0.30842,2.1506,0.083411,-0.0067757,-0.035051,5.6415
0.30847,2.1506,0.083409,-0.0067757,-0.035049,5.6521
0.30853,2.1506,0.083407,-0.0067757,-0.035046,5.6415
0.30858,2.1506,0.083405,-0.0067757,-0.035043,5.6486
0.30863,2.1506,0.083403,-0.0067758,-0.035043,5.6625
0.30868,2.1506,0.083402,-0.0067758,-0.035042,5.6536
0.30874,2.1506,0.0834,-0.0067758,-0.035042,5.6579
0.30879,2.1506,0.083398,-0.0067758,-0.035041,5.67
0.30884,2.1506,0.083396,-0.0067758,-0.035039,5.6637
0.30889,2.1506,0.083394,-0.0067758,-0.035036,5.6608
0.30895,2.1506,0.083392,-0.0067758,-0.03503,5.6657
0.309,2.1506,0.08339,-0.0067758,-0.035025,5.6577
0.30905,2.1506,0.083389,-0.0067758,-0.035021,5.6547
0.30911,2.1506,0.083387,-0.0067758,-0.035014,5.6631
0.30916,2.1506,0.083385,-0.0067758,-0.035005,5.6636
0.30921,2.1506,0.083383,-0.0067758,-0.034997,5.6544
0.30926,2.1506,0.083381,-0.0067758,-0.034992,5.6613
0.30932,2.1506,0.083379,-0.0067758,-0.034987,5.6574
0.30937,2.1506,0.083378,-0.0067758,-0.034984,5.6522
0.30942,2.1506,0.083376,-0.0067758,-0.034984,5.6442
0.30947,2.1506,0.083374,-0.0067758,-0.034988,5.6489
0.30953,2.1506,0.083372,-0.0067758,-0.034989,5.6336
0.30958,2.1506,0.08337,-0.0067758,-0.03499,5.6376
0.30963,2.1506,0.083368,-0.0067758,-0.034992,5.6491
0.30968,2.1506,0.083366,-0.0067758,-0.034993,5.6413
0.30974,2.1506,0.083365,-0.0067758,-0.034993,5.6384
0.30979,2.1506,0.083363,-0.0067758,-0.034996,5.648
0.30984,2.1506,0.083361,-0.0067758,-0.034999,5.6442
0.30989,2.1506,0.083359,-0.0067758,-0.035006,5.64
0.30995,2.1506,0.083357,-0.0067758,-0.035014,5.6393
0.31,2.1506,0.083355,-0.0067758,-0.035023,5.6399
0.31005,2.1506,0.083354,-0.0067758,-0.035031,5.6322
0.31011,2.1506,0.083352,-0.0067758,-0.035036,5.6474
0.31016,2.1506,0.08335,-0.0067758,-0.035039,5.6566
0.31021,2.1506,0.083348,-0.0067758,-0.035042,5.6469
0.31026,2.1506,0.083346,-0.0067759,-0.035046,5.6505
0.31032,2.1506,0.083344,-0.0067759,-0.035051,5.6571
0.31037,2.1506,0.083343,-0.0067759,-0.03507,5.6523
0.31042,2.1506,0.083341,-0.0067759,-0.035063,5.6453
0.31047,2.1506,0.083339,-0.0067759,-0.035039,5.651
0.31053,2.1506,0.083337,-0.0067759,-0.035006,5.642
0.31058,2.1506,0.083335,-0.0067759,-0.034973,5.6407
0.31063,2.1506,0.083333,-0.0067759,-0.034946,5.6477
0.31068,2.1506,0.083331,-0.0067759,-0.034931,5.6482
0.31074,2.1506,0.08333,-0.0067759,-0.034933,5.6428
0.31079,2.1506,0.083328,-0.0067759,-0.03496,5.652
0.31084,2.1506,0.083326,-0.0067759,-0.034971,5.6521
0.31089,2.1506,0.083324,-0.0067759,-0.034979,5.6361
0.31095,2.1506,0.083322,-0.0067759,-0.034988,5.6416
0.311,2.1506,0.08332,-0.0067759,-0.034994,5.643
0.31105,2.1506,0.083319,-0.0067759,-0.034998,5.6341
0.31111,2.1506,0.083317,-0.0067759,-0.035001,5.6363
0.31116,2.1506,0.083315,-0.0067759,-0.035007,5.6452
0.31121,2.1506,0.083313,-0.0067759,-0.035019,5.641
0.31126,2.1506,0.083311,-0.0067759,-0.035032,5.6424
0.31132,2.1506,0.083309,-0.0067759,-0.035047,5.6536
0.31137,2.1506,0.083308,-0.0067759,-0.035062,5.6451
0.31142,2.1506,0.083306,-0.0067759,-0.035076,5.6434
0.31147,2.1506,0.083304,-0.0067759,-0.035091,5.6528
0.31153,2.1506,0.083302,-0.0067759,-0.035108,5.6522
0.31158,2.1506,0.0833,-0.0067759,-0.035126,5.6455
0.31163,2.1506,0.083298,-0.0067759,-0.035163,5.6527
0.31168,2.1506,0.083296,-0.0067759,-0.035187,5.6668
0.31174,2.1506,0.083295,-0.0067759,-0.03517,5.6616
0.31179,2.1506,0.083293,-0.0067759,-0.035128,5.6633
0.31184,2.1506,0.083291,-0.0067759,-0.035072,5.679
0.31189,2.1506,0.083289,-0.0067759,-0.03502,5.6659
0.31195,2.1506,0.083287,-0.006776,-0.034985,5.6731
0.312,2.1506,0.083285,-0.006776,-0.034977,5.6798
0.31205,2.1506,0.083284,-0.006776,-0.035015,5.6733
0.31211,2.1506,0.083282,-0.006776,-0.035064,5.6676
0.31216,2.1506,0.08328,-0.006776,-0.035101,5.6844
0.31221,2.1506,0.083278,-0.006776,-0.03514,5.6859
0.31226,2.1506,0.083276,-0.006776,-0.035179,5.6798
0.31232,2.1506,0.083274,-0.006776,-0.03522,5.6922
0.31237,2.1506,0.083272,-0.006776,-0.03526,5.6941
0.31242,2.1506,0.083271,-0.006776,-0.035296,5.6863
0.31247,2.1506,0.083269,-0.006776,-0.035332,5.685
0.31253,2.1506,0.083267,-0.006776,-0.035367,5.69
0.31258,2.1506,0.083265,-0.006776,-0.035403,5.676
0.31263,2.1506,0.083263,-0.006776,-0.035436,5.6787
0.31268,2.1506,0.083261,-0.006776,-0.035468,5.6945
0.31274,2.1506,0.083259,-0.006776,-0.035482,5.687
0.31279,2.1506,0.083258,-0.006776,-0.035505,5.6861
0.31284,2.1506,0.083256,-0.006776,-0.035571,5.6979
0.31289,2.1506,0.083254,-0.006776,-0.035662,5.6953
0.31295,2.1505,0.083252,-0.006776,-0.035762,5.692
0.313,2.1505,0.08325,-0.006776,-0.035857,5.6994
0.31305,2.1505,0.083248,-0.006776,-0.03593,5.7046
0.31311,2.1505,0.083246,-0.006776,-0.03597,5.6938
0.31316,2.1505,0.083244,-0.006776,-0.035961,5.698
0.31321,2.1505,0.083242,-0.006776,-0.035945,5.7032
0.31326,2.1505,0.083241,-0.006776,-0.035932,5.6955
0.31332,2.1505,0.083239,-0.006776,-0.035945,5.6949
0.31337,2.1505,0.083237,-0.006776,-0.035961,5.7027
0.31342,2.1505,0.083235,-0.006776,-0.035997,5.6912
0.31347,2.1505,0.083233,-0.006776,-0.036062,5.6889
0.31353,2.1505,0.083231,-0.006776,-0.036158,5.6905
0.31358,2.1505,0.083229,-0.006776,-0.036278,5.6879
0.31363,2.1505,0.083227,-0.0067761,-0.036413,5.6822
0.31368,2.1505,0.083225,-0.0067761,-0.036545,5.6903
0.31374,2.1505,0.083223,-0.0067761,-0.036709,5.6948
0.31379,2.1505,0.083221,-0.0067761,-0.036837,5.6847
0.31384,2.1505,0.083219,-0.0067761,-0.036927,5.6906
0.31389,2.1505,0.083218,-0.0067761,-0.03697,5.6924
0.31395,2.1505,0.083216,-0.0067761,-0.036964,5.6809
0.314,2.1505,0.083214,-0.0067761,-0.036916,5.6836
0.31405,2.1505,0.083212,-0.0067761,-0.036838,5.6814
0.31411,2.1505,0.08321,-0.0067761,-0.036754,5.67
0.31416,2.1505,0.083208,-0.0067761,-0.036686,5.6751
0.31421,2.1505,0.083206,-0.0067761,-0.036602,5.6846
0.31426,2.1505,0.083204,-0.0067761,-0.036547,5.6842
0.31432,2.1505,0.083202,-0.0067761,-0.036511,5.6769
0.31437,2.1505,0.0832,-0.0067761,-0.036486,5.7023
0.31442,2.1505,0.083198,-0.0067761,-0.036463,5.6963
0.31447,2.1505,0.083196,-0.0067761,-0.036435,5.6909
0.31453,2.1505,0.083194,-0.0067761,-0.036392,5.6941
0.31458,2.1505,0.083192,-0.0067761,-0.03633,5.6937
0.31463,2.1505,0.083191,-0.0067761,-0.036243,5.6811
0.31468,2.1505,0.083189,-0.0067761,-0.036173,5.685
0.31474,2.1505,0.083187,-0.0067761,-0.036107,5.6887
0.31479,2.1505,0.083185,-0.0067761,-0.036042,5.6795
0.31484,2.1505,0.083183,-0.0067761,-0.035978,5.6833
0.31489,2.1505,0.083181,-0.0067761,-0.035914,5.6904
0.31495,2.1505,0.083179,-0.0067761,-0.035849,5.6706
0.315,2.1505,0.083177,-0.0067761,-0.035785,5.6703
0.31505,2.1505,0.083175,-0.0067761,-0.035721,5.6756
0.31511,2.1505,0.083174,-0.0067761,-0.035655,5.6622
0.31516,2.1505,0.083172,-0.0067761,-0.035591,5.6572
0.31521,2.1505,0.08317,-0.0067761,-0.035512,5.6681
0.31526,2.1505,0.083168,-0.0067761,-0.035461,5.6627
0.31532,2.1505,0.083166,-0.0067762,-0.03543,5.6595
0.31537,2.1505,0.083164,-0.0067762,-0.035408,5.6677
0.31542,2.1505,0.083162,-0.0067762,-0.035391,5.6655
0.31547,2.1505,0.083161,-0.0067762,-0.03537,5.6548
0.31553,2.1505,0.083159,-0.0067762,-0.035321,5.6578
0.31558,2.1505,0.083157,-0.0067762,-0.03528,5.6529
0.31563,2.1505,0.083155,-0.0067762,-0.03523,5.6448
0.31568,2.1505,0.083153,-0.0067762,-0.035208,5.6377
0.31574,2.1505,0.083151,-0.0067762,-0.035188,5.652
0.31579,2.1505,0.083149,-0.0067762,-0.035161,5.6512
0.31584,2.1505,0.083148,-0.0067762,-0.035126,5.6521
0.31589,2.1505,0.083146,-0.0067762,-0.03507,5.6658
0.31595,2.1505,0.083144,-0.0067762,-0.034989,5.6598
0.316,2.1505,0.083142,-0.0067762,-0.03493,5.6594
0.31605,2.1505,0.08314,-0.0067762,-0.034855,5.664
0.31611,2.1505,0.083138,-0.0067762,-0.034807,5.66
0.31616,2.1505,0.083137,-0.0067762,-0.03478,5.6516
0.31621,2.1505,0.083135,-0.0067762,-0.034763,5.6601
0.31626,2.1505,0.083133,-0.0067762,-0.034751,5.6565
0.31632,2.1505,0.083131,-0.0067762,-0.034734,5.6502
0.31637,2.1505,0.083129,-0.0067762,-0.034707,5.6512
0.31642,2.1505,0.083127,-0.0067762,-0.034663,5.6597
0.31647,2.1505,0.083126,-0.0067762,-0.034594,5.6449
0.31653,2.1505,0.083124,-0.0067762,-0.034542,5.6353
0.31658,2.1505,0.083122,-0.0067762,-0.034492,5.6391
0.31663,2.1505,0.08312,-0.0067762,-0.034443,5.6363
0.31668,2.1505,0.083118,-0.0067762,-0.034396,5.6208
0.31674,2.1505,0.083116,-0.0067762,-0.034353,5.6311
0.31679,2.1505,0.083115,-0.0067762,-0.034311,5.6303
0.31684,2.1505,0.083113,-0.0067762,-0.034257,5.6338
0.31689,2.1505,0.083111,-0.0067762,-0.034214,5.6453
0.31695,2.1505,0.083109,-0.0067762,-0.034214,5.6502
0.317,2.1505,0.083107,-0.0067763,-0.034222,5.6441
0.31705,2.1505,0.083106,-0.0067763,-0.034263,5.6538
0.31711,2.1505,0.083104,-0.0067763,-0.034316,5.6551
0.31716,2.1505,0.083102,-0.0067763,-0.034359,5.6483
0.31721,2.1505,0.0831,-0.0067763,-0.034371,5.6478
0.31726,2.1505,0.083098,-0.0067763,-0.034331,5.6601
0.31732,2.1505,0.083097,-0.0067763,-0.034272,5.6535
0.31737,2.1505,0.083095,-0.0067763,-0.034213,5.6559
0.31742,2.1505,0.083093,-0.0067763,-0.034131,5.6675
0.31747,2.1505,0.083091,-0.0067763,-0.034069,5.6592
0.31753,2.1505,0.083089,-0.0067763,-0.034011,5.6592
0.31758,2.1505,0.083088,-0.0067763,-0.033941,5.6669
0.31763,2.1505,0.083086,-0.0067763,-0.033896,5.6593
0.31768,2.1505,0.083084,-0.0067763,-0.033867,5.6589
0.31774,2.1505,0.083082,-0.0067763,-0.033847,5.6645
0.31779,2.1505,0.083081,-0.0067763,-0.033827,5.6724
0.31784,2.1505,0.083079,-0.0067763,-0.033799,5.6583
0.31789,2.1505,0.083077,-0.0067763,-0.033759,5.665
0.31795,2.1505,0.083075,-0.0067763,-0.033702,5.6726
0.318,2.1505,0.083073,-0.0067763,-0.033624,5.6586
0.31805,2.1505,0.083072,-0.0067763,-0.033569,5.6583
0.31811,2.1505,0.08307,-0.0067763,-0.033519,5.6682
0.31816,2.1505,0.083068,-0.0067763,-0.033475,5.6619
0.31821,2.1505,0.083066,-0.0067763,-0.03343,5.6535
0.31826,2.1505,0.083065,-0.0067763,-0.033382,5.6644
0.31832,2.1505,0.083063,-0.0067763,-0.033333,5.6602
0.31837,2.1505,0.083061,-0.0067763,-0.033283,5.6632
0.31842,2.1505,0.083059,-0.0067763,-0.033234,5.6701
0.31847,2.1505,0.083058,-0.0067763,-0.033188,5.6763
0.31853,2.1505,0.083056,-0.0067763,-0.033144,5.6654
0.31858,2.1505,0.083054,-0.0067763,-0.033101,5.6721
0.31863,2.1505,0.083052,-0.0067764,-0.033057,5.6759
0.31868,2.1505,0.083051,-0.0067764,-0.033013,5.6685
0.31874,2.1505,0.083049,-0.0067764,-0.032972,5.6661
0.31879,2.1505,0.083047,-0.0067764,-0.032931,5.6736
0.31884,2.1505,0.083045,-0.0067764,-0.032891,5.6646
0.31889,2.1505,0.083044,-0.0067764,-0.032854,5.6674
0.31895,2.1505,0.083042,-0.0067764,-0.032818,5.6751
0.319,2.1505,0.08304,-0.0067764,-0.032784,5.6718
0.31905,2.1505,0.083039,-0.0067764,-0.032753,5.6683
0.31911,2.1505,0.083037,-0.0067764,-0.032725,5.6799
0.31916,2.1505,0.083035,-0.0067764,-0.032694,5.6748
0.31921,2.1505,0.083033,-0.0067764,-0.032658,5.6672
0.31926,2.1505,0.083032,-0.0067764,-0.03261,5.6733
0.31932,2.1505,0.08303,-0.0067812,-0.032572,5.6729
0.31937,2.1505,0.083028,-0.0067777,-0.032579,5.6743
0.31942,2.1505,0.083027,-0.0067688,-0.032613,5.6826
0.31947,2.1505,0.083025,-0.006757,-0.032645,5.692
0.31953,2.1505,0.083023,-0.0067446,-0.032701,5.6852
0.31958,2.1505,0.083021,-0.0067341,-0.032754,5.6862
0.31963,2.1505,0.08302,-0.0067277,-0.032771,5.6903
0.31968,2.1505,0.083018,-0.0067274,-0.032774,5.6824
0.31974,2.1505,0.083016,-0.0067351,-0.032776,5.6721
0.31979,2.1505,0.083014,-0.0067378,-0.032794,5.6846
0.31984,2.1505,0.083013,-0.0067405,-0.03279,5.6827
0.31989,2.1505,0.083011,-0.0067431,-0.032743,5.6798
0.31995,2.1505,0.083009,-0.0067457,-0.03271,5.6913
0.32,2.1505,0.083008,-0.0067483,-0.032702,5.702
0.32005,2.1505,0.083006,-0.0067509,-0.032697,5.6908
0.32011,2.1505,0.083004,-0.0067534,-0.032708,5.6947
0.32016,2.1505,0.083002,-0.0067559,-0.032725,5.696
0.32021,2.1505,0.083001,-0.0067583,-0.032771,5.6801
0.32026,2.1505,0.082999,-0.0067608,-0.032814,5.6748
0.32032,2.1505,0.082997,-0.0067632,-0.032795,5.6753
0.32037,2.1505,0.082996,-0.0067655,-0.032815,5.6675
0.32042,2.1505,0.082994,-0.0067679,-0.032869,5.6663
0.32047,2.1505,0.082992,-0.0067702,-0.032898,5.6765
0.32053,2.1505,0.08299,-0.0067724,-0.032917,5.6616
0.32058,2.1505,0.082989,-0.0067747,-0.032937,5.653
0.32063,2.1505,0.082987,-0.0067769,-0.032951,5.6596
0.32068,2.1505,0.082985,-0.0067791,-0.032961,5.6573
0.32074,2.1505,0.082983,-0.0067812,-0.032936,5.6515
0.32079,2.1505,0.082982,-0.0067834,-0.03293,5.654
0.32084,2.1505,0.08298,-0.0067855,-0.032922,5.6548
0.32089,2.1505,0.082978,-0.0067875,-0.032928,5.647
0.32095,2.1505,0.082976,-0.0067896,-0.032965,5.6559
0.321,2.1505,0.082975,-0.0067916,-0.032995,5.658
0.32105,2.1505,0.082973,-0.0067936,-0.033,5.6485
0.32111,2.1505,0.082971,-0.0067955,-0.033004,5.6479
0.32116,2.1505,0.08297,-0.0067974,-0.03298,5.6577
0.32121,2.1505,0.082968,-0.0067993,-0.032916,5.6498
0.32126,2.1505,0.082966,-0.0068012,-0.032845,5.646
0.32132,2.1505,0.082964,-0.006803,-0.032792,5.6556
0.32137,2.1505,0.082963,-0.0068048,-0.032741,5.6546
0.32142,2.1505,0.082961,-0.0068065,-0.032693,5.646
0.32147,2.1505,0.082959,-0.0068083,-0.032647,5.6585
0.32153,2.1505,0.082957,-0.00681,-0.032604,5.6651
0.32158,2.1505,0.082956,-0.0068117,-0.032548,5.6528
0.32163,2.1505,0.082954,-0.0068133,-0.032504,5.6563
0.32168,2.1505,0.082952,-0.0068149,-0.032505,5.6595
0.32174,2.1505,0.082951,-0.0068165,-0.03254,5.6461
0.32179,2.1505,0.082949,-0.0068181,-0.032595,5.6478
0.32184,2.1505,0.082947,-0.0068196,-0.032656,5.6628
0.32189,2.1505,0.082945,-0.0068211,-0.03271,5.6521
0.32195,2.1505,0.082944,-0.0068225,-0.032743,5.6505
0.322,2.1505,0.082942,-0.006824,-0.032737,5.6602
0.32205,2.1505,0.08294,-0.0068254,-0.032722,5.6527
0.32211,2.1505,0.082939,-0.0068267,-0.032721,5.6473
0.32216,2.1505,0.082937,-0.0068281,-0.032719,5.6578
0.32221,2.1505,0.082935,-0.0068294,-0.032716,5.6555
0.32226,2.1505,0.082933,-0.0068307,-0.032714,5.6557
0.32232,2.1505,0.082932,-0.0068319,-0.032713,5.6625
0.32237,2.1505,0.08293,-0.0068332,-0.032715,5.6595
0.32242,2.1505,0.082928,-0.0068344,-0.03272,5.6576
0.32247,2.1505,0.082926,-0.0068355,-0.032726,5.6692
0.32253,2.1505,0.082925,-0.0068366,-0.032734,5.6867
0.32258,2.1505,0.082923,-0.0068377,-0.032746,5.6813
0.32263,2.1505,0.082921,-0.0068388,-0.03276,5.6821
0.32268,2.1505,0.08292,-0.0068399,-0.032795,5.6961
0.32274,2.1505,0.082918,-0.0068409,-0.032823,5.687
0.32279,2.1505,0.082916,-0.0068419,-0.032809,5.6858
0.32284,2.1505,0.082914,-0.0068428,-0.032766,5.6891
0.32289,2.1505,0.082913,-0.0068437,-0.032708,5.6896
0.32295,2.1505,0.082911,-0.0068446,-0.032649,5.6889
0.323,2.1505,0.082909,-0.0068455,-0.032605,5.7013
0.32305,2.1505,0.082908,-0.0068463,-0.032592,5.7033
0.32311,2.1505,0.082906,-0.0068471,-0.032628,5.6904
0.32316,2.1505,0.082904,-0.0068479,-0.032674,5.7036
0.32321,2.1505,0.082902,-0.0068486,-0.032723,5.7108
0.32326,2.1505,0.082901,-0.0068493,-0.032748,5.701
0.32332,2.1505,0.082899,-0.00685,-0.032771,5.7012
0.32337,2.1505,0.082897,-0.0068507,-0.032774,5.7111
0.32342,2.1505,0.082895,-0.0068513,-0.032745,5.7039
0.32347,2.1505,0.082894,-0.0068519,-0.032679,5.7096
0.32353,2.1505,0.082892,-0.0068524,-0.032577,5.7149
0.32358,2.1505,0.08289,-0.006853,-0.032449,5.7172
0.32363,2.1505,0.082889,-0.0068535,-0.032308,5.714
0.32368,2.1505,0.082887,-0.0068539,-0.032119,5.7221
0.32374,2.1505,0.082885,-0.0068544,-0.031948,5.7222
0.32379,2.1505,0.082884,-0.0068548,-0.031801,5.7134
0.32384,2.1505,0.082882,-0.0068552,-0.03169,5.7265
0.32389,2.1505,0.08288,-0.0068555,-0.031621,5.7323
0.32395,2.1505,0.082879,-0.0068558,-0.031593,5.7191
0.324,2.1505,0.082877,-0.0068561,-0.031596,5.7322
0.32405,2.1505,0.082875,-0.0068564,-0.031609,5.7344
0.32411,2.1505,0.082874,-0.0068566,-0.031609,5.7349
0.32416,2.1505,0.082872,-0.0068568,-0.03163,5.7326
0.32421,2.1505,0.08287,-0.006857,-0.031624,5.7439
0.32426,2.1505,0.082869,-0.0068571,-0.031599,5.7368
0.32432,2.1505,0.082867,-0.0068572,-0.031562,5.7333
0.32437,2.1505,0.082865,-0.0068573,-0.031521,5.7418
0.32442,2.1505,0.082864,-0.0068574,-0.031484,5.7314
0.32447,2.1505,0.082862,-0.0068574,-0.031458,5.7241
0.32453,2.1505,0.08286,-0.0068574,-0.031454,5.7345
0.32458,2.1505,0.082859,-0.0068573,-0.03148,5.7402
0.32463,2.1505,0.082857,-0.0068573,-0.031492,5.7313
0.32468,2.1505,0.082855,-0.0068572,-0.031506,5.7341
0.32474,2.1505,0.082854,-0.006857,-0.031522,5.7381
0.32479,2.1505,0.082852,-0.0068569,-0.03154,5.7305
0.32484,2.1505,0.08285,-0.0068567,-0.031559,5.7259
0.32489,2.1505,0.082849,-0.0068564,-0.031581,5.7307
0.32495,2.1505,0.082847,-0.0068562,-0.031605,5.7241
0.325,2.1505,0.082845,-0.0068559,-0.031631,5.7281
0.32505,2.1505,0.082844,-0.0068556,-0.031659,5.7358
0.32511,2.1505,0.082842,-0.0068552,-0.031689,5.7366
0.32516,2.1505,0.08284,-0.0068549,-0.031737,5.7382
0.32521,2.1505,0.082839,-0.0068545,-0.031761,5.7487
0.32526,2.1505,0.082837,-0.006854,-0.031768,5.7499
0.32532,2.1505,0.082835,-0.0068536,-0.031763,5.7413
0.32537,2.1505,0.082834,-0.0068531,-0.031754,5.7432
0.32542,2.1505,0.082832,-0.0068526,-0.031749,5.7437
0.32547,2.1505,0.08283,-0.006852,-0.031772,5.7364
0.32553,2.1505,0.082829,-0.0068514,-0.031788,5.7483
0.32558,2.1505,0.082827,-0.0068508,-0.031813,5.7531
0.32563,2.1505,0.082825,-0.0068502,-0.031811,5.7461
0.32568,2.1505,0.082824,-0.0068495,-0.031805,5.7506
0.32574,2.1505,0.082822,-0.0068488,-0.031803,5.7599
0.32579,2.1505,0.08282,-0.006848,-0.031812,5.7467
0.32584,2.1505,0.082819,-0.0068473,-0.031841,5.7442
0.32589,2.1505,0.082817,-0.0068465,-0.031898,5.7523
0.32595,2.1505,0.082815,-0.0068457,-0.031941,5.741
0.326,2.1505,0.082814,-0.0068448,-0.032003,5.7352
0.32605,2.1505,0.082812,-0.0068439,-0.032041,5.7446
0.32611,2.1505,0.08281,-0.006843,-0.03206,5.7491
0.32616,2.1505,0.082809,-0.0068421,-0.032069,5.7369
0.32621,2.1505,0.082807,-0.0068411,-0.032074,5.7377
0.32626,2.1505,0.082805,-0.0068401,-0.032082,5.7472
0.32632,2.1505,0.082803,-0.006839,-0.032101,5.7384
0.32637,2.1505,0.082802,-0.006838,-0.03214,5.7333
0.32642,2.1505,0.0828,-0.0068369,-0.032207,5.7346
0.32647,2.1505,0.082798,-0.0068358,-0.032275,5.7344
0.32653,2.1505,0.082797,-0.0068346,-0.03232,5.734
0.32658,2.1505,0.082795,-0.0068334,-0.032352,5.7435
0.32663,2.1505,0.082793,-0.0068322,-0.032376,5.7416
0.32668,2.1505,0.082792,-0.006831,-0.032398,5.74
0.32674,2.1505,0.08279,-0.0068297,-0.032428,5.7562
0.32679,2.1505,0.082788,-0.0068284,-0.032487,5.7523
0.32684,2.1505,0.082786,-0.006827,-0.032554,5.7455
0.32689,2.1505,0.082785,-0.0068257,-0.032601,5.7506
0.32695,2.1505,0.082783,-0.0068243,-0.032605,5.7476
0.327,2.1505,0.082781,-0.0068228,-0.032592,5.7392
0.32705,2.1505,0.08278,-0.0068214,-0.032572,5.7499
0.32711,2.1505,0.082778,-0.0068199,-0.032577,5.756
0.32716,2.1505,0.082776,-0.0068184,-0.032583,5.7496
0.32721,2.1505,0.082774,-0.0068168,-0.032628,5.7521
0.32726,2.1505,0.082773,-0.0068152,-0.032663,5.7616
0.32732,2.1505,0.082771,-0.0068136,-0.032653,5.7502
0.32737,2.1505,0.082769,-0.006812,-0.032617,5.751
0.32742,2.1505,0.082768,-0.0068103,-0.032557,5.7556
0.32747,2.1505,0.082766,-0.0068086,-0.032472,5.7482
0.32753,2.1505,0.082764,-0.0068069,-0.03242,5.7357
0.32758,2.1505,0.082762,-0.0068051,-0.032355,5.7421
0.32763,2.1504,0.082761,-0.0068034,-0.032333,5.7423
0.32768,2.1504,0.082759,-0.0068015,-0.032344,5.7323
0.32774,2.1504,0.082757,-0.0067997,-0.032389,5.7409
0.32779,2.1504,0.082756,-0.0067978,-0.032465,5.7455
0.32784,2.1504,0.082754,-0.0067959,-0.032561,5.7318
0.32789,2.1504,0.082752,-0.006794,-0.032658,5.7356
0.32795,2.1504,0.08275,-0.006792,-0.03278,5.7382
0.328,2.1504,0.082749,-0.00679,-0.032885,5.7339
0.32805,2.1504,0.082747,-0.006788,-0.032987,5.7336
0.32811,2.1504,0.082745,-0.0067859,-0.033086,5.7436
0.32816,2.1504,0.082744,-0.0067838,-0.033187,5.7399
0.32821,2.1504,0.082742,-0.0067817,-0.033291,5.7383
0.32826,2.1504,0.08274,-0.0067795,-0.033397,5.7483
0.32832,2.1504,0.082738,-0.0067774,-0.033503,5.7522
0.32837,2.1504,0.082736,-0.0067752,-0.03361,5.7457
0.32842,2.1504,0.082735,-0.0067729,-0.033717,5.7508
0.32847,2.1504,0.082733,-0.0067706,-0.033822,5.7519
0.32853,2.1504,0.082731,-0.0067683,-0.033927,5.7404
0.32858,2.1504,0.082729,-0.006766,-0.034033,5.7527
0.32863,2.1504,0.082728,-0.0067637,-0.03414,5.759
0.32868,2.1504,0.082726,-0.0067613,-0.034246,5.7611
0.32874,2.1504,0.082724,-0.0067588,-0.034354,5.7698
0.32879,2.1504,0.082722,-0.0067564,-0.034464,5.7833
0.32884,2.1504,0.08272,-0.0067539,-0.034576,5.7744
0.32889,2.1504,0.082718,-0.0067514,-0.034689,5.7764
0.32895,2.1504,0.082717,-0.0067489,-0.034801,5.7778
0.329,2.1504,0.082715,-0.0067463,-0.034913,5.7766
0.32905,2.1504,0.082713,-0.0067437,-0.035027,5.7642
0.32911,2.1504,0.082711,-0.006741,-0.035143,5.7732
0.32916,2.1504,0.082709,-0.0067384,-0.035264,5.7737
0.32921,2.1504,0.082707,-0.0067357,-0.035402,5.7689
0.32926,2.1504,0.082706,-0.006728,-0.03553,5.7826
0.32932,2.1504,0.082704,-0.0067283,-0.035614,5.7884
0.32937,2.1504,0.082702,-0.0067347,-0.035665,5.7775
0.32942,2.1504,0.0827,-0.0067452,-0.035714,5.7794
0.32947,2.1504,0.082698,-0.0067576,-0.035734,5.7832
0.32953,2.1504,0.082696,-0.0067694,-0.035748,5.7792
0.32958,2.1504,0.082694,-0.0067783,-0.035793,5.7796
0.32963,2.1504,0.082692,-0.0067818,-0.035851,5.7884
0.32968,2.1504,0.08269,-0.006777,-0.035904,5.7903
0.32974,2.1504,0.082689,-0.006777,-0.035938,5.7863
0.32979,2.1504,0.082687,-0.006777,-0.035985,5.7994
0.32984,2.1504,0.082685,-0.006777,-0.036075,5.8003
0.32989,2.1504,0.082683,-0.006777,-0.03615,5.7879
0.32995,2.1504,0.082681,-0.006777,-0.036198,5.7968
0.33,2.1504,0.082679,-0.006777,-0.03624,5.7906
0.33005,2.1504,0.082677,-0.006777,-0.036267,5.78
0.33011,2.1504,0.082675,-0.006777,-0.036281,5.7844
0.33016,2.1504,0.082673,-0.006777,-0.036262,5.798
0.33021,2.1504,0.082671,-0.006777,-0.036235,5.7833
0.33026,2.1504,0.08267,-0.006777,-0.036249,5.7935
0.33032,2.1504,0.082668,-0.0067771,-0.036243,5.8003
0.33037,2.1504,0.082666,-0.0067771,-0.036213,5.7902
0.33042,2.1504,0.082664,-0.0067771,-0.036214,5.7931
0.33047,2.1504,0.082662,-0.0067771,-0.036228,5.7946
0.33053,2.1504,0.08266,-0.0067771,-0.036237,5.7869
0.33058,2.1504,0.082658,-0.0067771,-0.036245,5.7795
0.33063,2.1504,0.082656,-0.0067771,-0.036236,5.7822
0.33068,2.1504,0.082654,-0.0067771,-0.036235,5.7789
0.33074,2.1504,0.082652,-0.0067771,-0.036227,5.777
0.33079,2.1504,0.08265,-0.0067771,-0.03622,5.7878
0.33084,2.1504,0.082649,-0.0067771,-0.036195,5.7892
0.33089,2.1504,0.082647,-0.0067771,-0.036132,5.7716
0.33095,2.1504,0.082645,-0.0067771,-0.036068,5.781
0.331,2.1504,0.082643,-0.0067771,-0.036024,5.7864
0.33105,2.1504,0.082641,-0.0067771,-0.035976,5.7755
0.33111,2.1504,0.082639,-0.0067771,-0.035952,5.7699
0.33116,2.1504,0.082637,-0.0067771,-0.035969,5.7809
0.33121,2.1504,0.082635,-0.0067771,-0.035995,5.7729
0.33126,2.1504,0.082633,-0.0067771,-0.036006,5.7761
0.33132,2.1504,0.082632,-0.0067771,-0.036017,5.7833
0.33137,2.1504,0.08263,-0.0067771,-0.036027,5.7794
0.33142,2.1504,0.082628,-0.0067771,-0.036037,5.7723
0.33147,2.1504,0.082626,-0.0067771,-0.036046,5.7776
0.33153,2.1504,0.082624,-0.0067771,-0.036055,5.7727
0.33158,2.1504,0.082622,-0.0067771,-0.036063,5.7534
0.33163,2.1504,0.08262,-0.0067771,-0.036071,5.7611
0.33168,2.1504,0.082618,-0.0067771,-0.036078,5.7667
0.33174,2.1504,0.082616,-0.0067771,-0.036084,5.7581
0.33179,2.1504,0.082614,-0.0067771,-0.03609,5.7592
0.33184,2.1504,0.082613,-0.0067771,-0.036095,5.7612
0.33189,2.1504,0.082611,-0.0067771,-0.0361,5.7505
0.33195,2.1504,0.082609,-0.0067771,-0.036104,5.749
0.332,2.1504,0.082607,-0.0067772,-0.036108,5.7541
0.33205,2.1504,0.082605,-0.0067772,-0.036111,5.7449
0.33211,2.1504,0.082603,-0.0067772,-0.036114,5.7403
0.33216,2.1504,0.082601,-0.0067772,-0.036116,5.7479
0.33221,2.1504,0.082599,-0.0067772,-0.036117,5.745
0.33226,2.1504,0.082597,-0.0067772,-0.036118,5.7396
0.33232,2.1504,0.082595,-0.0067772,-0.036119,5.7491
0.33237,2.1504,0.082594,-0.0067772,-0.036119,5.755
0.33242,2.1504,0.082592,-0.0067772,-0.036118,5.7464
0.33247,2.1504,0.08259,-0.0067772,-0.036117,5.7487
0.33253,2.1504,0.082588,-0.0067772,-0.036115,5.7524
0.33258,2.1504,0.082586,-0.0067772,-0.036113,5.7421
0.33263,2.1504,0.082584,-0.0067772,-0.03611,5.7346
0.33268,2.1504,0.082582,-0.0067772,-0.036107,5.7407
0.33274,2.1504,0.08258,-0.0067772,-0.036103,5.7339
0.33279,2.1504,0.082578,-0.0067772,-0.036098,5.7358
0.33284,2.1504,0.082576,-0.0067772,-0.036093,5.7425
0.33289,2.1504,0.082575,-0.0067772,-0.036088,5.739
0.33295,2.1504,0.082573,-0.0067772,-0.036082,5.7272
0.333,2.1504,0.082571,-0.0067772,-0.036075,5.7401
0.33305,2.1504,0.082569,-0.0067772,-0.036068,5.7321
0.33311,2.1504,0.082567,-0.0067772,-0.036061,5.7253
0.33316,2.1504,0.082565,-0.0067772,-0.036053,5.73
0.33321,2.1504,0.082563,-0.0067772,-0.036044,5.7287
0.33326,2.1504,0.082561,-0.0067772,-0.036035,5.7216
0.33332,2.1504,0.082559,-0.0067772,-0.036025,5.7278
0.33337,2.1504,0.082557,-0.0067772,-0.036015,5.7415
0.33342,2.1504,0.082556,-0.0067772,-0.036004,5.7288
0.33347,2.1504,0.082554,-0.0067772,-0.035993,5.7308
0.33353,2.1504,0.082552,-0.0067772,-0.035981,5.7399
0.33358,2.1504,0.08255,-0.0067772,-0.035968,5.7289
0.33363,2.1504,0.082548,-0.0067773,-0.035956,5.7278
0.33368,2.1504,0.082546,-0.0067773,-0.035942,5.7398
0.33374,2.1504,0.082544,-0.0067773,-0.035928,5.7372
0.33379,2.1504,0.082542,-0.0067773,-0.035914,5.7274
0.33384,2.1504,0.08254,-0.0067773,-0.035899,5.7413
0.33389,2.1504,0.082539,-0.0067773,-0.035883,5.7566
0.33395,2.1504,0.082537,-0.0067773,-0.035867,5.7421
0.334,2.1504,0.082535,-0.0067773,-0.035851,5.7497
0.33405,2.1504,0.082533,-0.0067773,-0.035834,5.7542
0.33411,2.1504,0.082531,-0.0067773,-0.035816,5.7441
0.33416,2.1504,0.082529,-0.0067773,-0.035798,5.7412
0.33421,2.1504,0.082527,-0.0067773,-0.03578,5.7518
0.33426,2.1504,0.082525,-0.0067773,-0.035761,5.7471
0.33432,2.1504,0.082523,-0.0067773,-0.035741,5.7489
0.33437,2.1504,0.082522,-0.0067773,-0.035721,5.7568
0.33442,2.1504,0.08252,-0.0067773,-0.0357,5.7569
0.33447,2.1504,0.082518,-0.0067773,-0.035679,5.7483
0.33453,2.1504,0.082516,-0.0067773,-0.035657,5.7623
0.33458,2.1504,0.082514,-0.0067773,-0.035635,5.7545
0.33463,2.1504,0.082512,-0.0067773,-0.035612,5.741
0.33468,2.1504,0.08251,-0.0067773,-0.035588,5.7544
0.33474,2.1504,0.082508,-0.0067773,-0.035564,5.7521
0.33479,2.1504,0.082507,-0.0067773,-0.035539,5.7448
0.33484,2.1504,0.082505,-0.0067773,-0.035514,5.7501
0.33489,2.1504,0.082503,-0.0067773,-0.035488,5.763
0.33495,2.1504,0.082501,-0.0067773,-0.035462,5.7577
0.335,2.1504,0.082499,-0.0067773,-0.035435,5.758
0.33505,2.1504,0.082497,-0.0067773,-0.035408,5.7682
0.33511,2.1504,0.082495,-0.0067773,-0.03538,5.7565
0.33516,2.1504,0.082494,-0.0067773,-0.035351,5.7528
0.33521,2.1504,0.082492,-0.0067773,-0.035322,5.7635
0.33526,2.1504,0.08249,-0.0067773,-0.035293,5.7608
0.33532,2.1504,0.082488,-0.0067774,-0.035263,5.7581
0.33537,2.1504,0.082486,-0.0067774,-0.035232,5.7642
0.33542,2.1504,0.082484,-0.0067774,-0.035201,5.7739
0.33547,2.1504,0.082482,-0.0067774,-0.035169,5.7646
0.33553,2.1504,0.082481,-0.0067774,-0.035137,5.7714
0.33558,2.1504,0.082479,-0.0067774,-0.035104,5.7718
0.33563,2.1504,0.082477,-0.0067774,-0.035071,5.7607
0.33568,2.1504,0.082475,-0.0067774,-0.035037,5.7605
0.33574,2.1504,0.082473,-0.0067774,-0.035003,5.7586
0.33579,2.1504,0.082471,-0.0067774,-0.034968,5.7567
0.33584,2.1504,0.082469,-0.0067774,-0.034932,5.7567
0.33589,2.1504,0.082468,-0.0067774,-0.034896,5.7642
0.33595,2.1504,0.082466,-0.0067774,-0.03486,5.7623
0.336,2.1504,0.082464,-0.0067774,-0.034823,5.7562
0.33605,2.1504,0.082462,-0.0067774,-0.034785,5.7663
0.33611,2.1504,0.08246,-0.0067774,-0.034747,5.7601
0.33616,2.1504,0.082458,-0.0067774,-0.034708,5.7513
0.33621,2.1504,0.082457,-0.0067774,-0.034669,5.7493
0.33626,2.1504,0.082455,-0.0067774,-0.034629,5.76
0.33632,2.1504,0.082453,-0.0067774,-0.034589,5.7514
0.33637,2.1504,0.082451,-0.0067774,-0.034548,5.7601
0.33642,2.1504,0.082449,-0.0067774,-0.034492,5.7688
0.33647,2.1504,0.082448,-0.0067774,-0.034459,5.7666
0.33653,2.1504,0.082446,-0.0067774,-0.034444,5.7659
0.33658,2.1504,0.082444,-0.0067774,-0.034441,5.7774
0.33663,2.1504,0.082442,-0.0067774,-0.034442,5.7712
0.33668,2.1504,0.08244,-0.0067774,-0.034442,5.7707
0.33674,2.1504,0.082438,-0.0067774,-0.034433,5.7759
0.33679,2.1504,0.082437,-0.0067774,-0.034407,5.7706
0.33684,2.1504,0.082435,-0.0067774,-0.034356,5.7557
0.33689,2.1504,0.082433,-0.0067774,-0.034333,5.7625
0.33695,2.1504,0.082431,-0.0067774,-0.034286,5.7675
0.337,2.1504,0.082429,-0.0067775,-0.034221,5.7497
0.33705,2.1504,0.082428,-0.0067775,-0.034127,5.7565
0.33711,2.1504,0.082426,-0.0067775,-0.034052,5.7547
0.33716,2.1504,0.082424,-0.0067775,-0.033981,5.7424
0.33721,2.1504,0.082422,-0.0067775,-0.03394,5.7409
0.33726,2.1504,0.082421,-0.0067775,-0.033947,5.743
0.33732,2.1504,0.082419,-0.0067775,-0.034017,5.7353
0.33737,2.1504,0.082417,-0.0067775,-0.034109,5.735
0.33742,2.1504,0.082415,-0.0067775,-0.034243,5.7405
0.33747,2.1504,0.082413,-0.0067775,-0.034378,5.7408
0.33753,2.1504,0.082412,-0.0067775,-0.034519,5.7313
0.33758,2.1504,0.08241,-0.0067775,-0.034614,5.7414
0.33763,2.1504,0.082408,-0.0067775,-0.034672,5.7424
0.33768,2.1504,0.082406,-0.0067775,-0.034694,5.7302
0.33774,2.1504,0.082404,-0.0067775,-0.03469,5.735
0.33779,2.1504,0.082402,-0.0067775,-0.034676,5.736
0.33784,2.1504,0.082401,-0.0067775,-0.034676,5.7267
0.33789,2.1504,0.082399,-0.0067775,-0.034676,5.7352
0.33795,2.1504,0.082397,-0.0067775,-0.034676,5.7429
0.338,2.1504,0.082395,-0.0067775,-0.034676,5.7359
0.33805,2.1504,0.082393,-0.0067775,-0.034676,5.7398
0.33811,2.1504,0.082391,-0.0067775,-0.034676,5.7508
0.33816,2.1504,0.08239,-0.0067775,-0.034676,5.7444
0.33821,2.1504,0.082388,-0.0067775,-0.034676,5.7424
0.33826,2.1504,0.082386,-0.0067775,-0.034676,5.745
0.33832,2.1504,0.082384,-0.0067775,-0.034676,5.7422
0.33837,2.1504,0.082382,-0.0067775,-0.034676,5.7321
0.33842,2.1504,0.08238,-0.0067775,-0.034676,5.7386
0.33847,2.1504,0.082379,-0.0067775,-0.034676,5.7413
0.33853,2.1504,0.082377,-0.0067775,-0.034676,5.7396
0.33858,2.1504,0.082375,-0.0067775,-0.034676,5.7404
0.33863,2.1504,0.082373,-0.0067775,-0.034676,5.7468
0.33868,2.1504,0.082371,-0.0067776,-0.034676,5.7353
0.33874,2.1504,0.08237,-0.0067776,-0.034676,5.7333
0.33879,2.1504,0.082368,-0.0067776,-0.034676,5.7336
0.33884,2.1504,0.082366,-0.0067776,-0.034676,5.7232
0.33889,2.1504,0.082364,-0.0067776,-0.034676,5.7241
0.33895,2.1504,0.082362,-0.0067776,-0.034676,5.7378
0.339,2.1504,0.08236,-0.0067776,-0.034676,5.7375
0.33905,2.1504,0.082359,-0.0067776,-0.034676,5.7387
0.33911,2.1504,0.082357,-0.0067776,-0.034676,5.7481
0.33916,2.1504,0.082355,-0.0067776,-0.034676,5.7447
0.33921,2.1504,0.082353,-0.0067776,-0.034676,5.7366
0.33926,2.1504,0.082351,-0.0067776,-0.034676,5.7457
0.33932,2.1504,0.082349,-0.0067776,-0.034675,5.7512
0.33937,2.1504,0.082348,-0.0067776,-0.034675,5.7405
0.33942,2.1504,0.082346,-0.0067776,-0.034675,5.7502
0.33947,2.1504,0.082344,-0.0067776,-0.034675,5.7567
0.33953,2.1504,0.082342,-0.0067776,-0.034675,5.7566
0.33958,2.1504,0.08234,-0.0067776,-0.034675,5.7604
0.33963,2.1504,0.082339,-0.0067776,-0.034675,5.7775
0.33968,2.1504,0.082337,-0.0067776,-0.034675,5.7688
0.33974,2.1504,0.082335,-0.0067776,-0.034675,5.7683
0.33979,2.1504,0.082333,-0.0067776,-0.034675,5.7724
0.33984,2.1504,0.082331,-0.0067776,-0.034675,5.778
0.33989,2.1504,0.082329,-0.0067776,-0.034675,5.7664
0.33995,2.1504,0.082328,-0.0067776,-0.034675,5.7843
0.34,2.1504,0.082326,-0.0067776,-0.034675,5.7852
0.34005,2.1504,0.082324,-0.0067776,-0.034675,5.7805
0.34011,2.1504,0.082322,-0.0067776,-0.034675,5.7874
0.34016,2.1504,0.08232,-0.0067776,-0.034675,5.7936
0.34021,2.1504,0.082318,-0.0067776,-0.034675,5.7833
0.34026,2.1504,0.082317,-0.0067776,-0.034675,5.7846
0.34032,2.1504,0.082315,-0.0067776,-0.034675,5.7954
0.34037,2.1504,0.082313,-0.0067777,-0.034675,5.7826
0.34042,2.1504,0.082311,-0.0067777,-0.034675,5.7819
0.34047,2.1504,0.082309,-0.0067777,-0.034675,5.8022
0.34053,2.1504,0.082307,-0.0067777,-0.034675,5.7961
0.34058,2.1504,0.082306,-0.0067777,-0.034675,5.7952
0.34063,2.1504,0.082304,-0.0067777,-0.034675,5.8084
0.34068,2.1504,0.082302,-0.0067777,-0.034675,5.802
0.34074,2.1504,0.0823,-0.0067777,-0.034675,5.7978
0.34079,2.1504,0.082298,-0.0067777,-0.034675,5.8091
0.34084,2.1504,0.082297,-0.0067777,-0.034675,5.8101
0.34089,2.1504,0.082295,-0.0067777,-0.034675,5.7991
0.34095,2.1504,0.082293,-0.0067777,-0.034675,5.8092
0.341,2.1504,0.082291,-0.0067777,-0.034675,5.8225
0.34105,2.1504,0.082289,-0.0067777,-0.034675,5.8134
0.34111,2.1504,0.082287,-0.0067777,-0.034675,5.818
0.34116,2.1504,0.082286,-0.0067777,-0.034675,5.8224
0.34121,2.1504,0.082284,-0.0067777,-0.034675,5.819
0.34126,2.1504,0.082282,-0.0067777,-0.034675,5.8182
0.34132,2.1504,0.08228,-0.0067777,-0.034675,5.8227
0.34137,2.1504,0.082278,-0.0067777,-0.034674,5.8179
0.34142,2.1504,0.082276,-0.0067777,-0.034674,5.8105
0.34147,2.1504,0.082275,-0.0067777,-0.034674,5.8221
0.34153,2.1504,0.082273,-0.0067777,-0.034674,5.8224
0.34158,2.1504,0.082271,-0.0067777,-0.034674,5.8198
0.34163,2.1504,0.082269,-0.0067777,-0.034674,5.8319
0.34168,2.1504,0.082267,-0.0067777,-0.034674,5.8271
0.34174,2.1504,0.082266,-0.0067777,-0.034674,5.8138
0.34179,2.1504,0.082264,-0.0067777,-0.034674,5.8164
0.34184,2.1504,0.082262,-0.0067777,-0.034674,5.8196
0.34189,2.1504,0.08226,-0.0067777,-0.034674,5.8067
0.34195,2.1504,0.082258,-0.0067777,-0.034674,5.8054
0.342,2.1504,0.082256,-0.0067778,-0.034674,5.8178
0.34205,2.1504,0.082255,-0.0067778,-0.034674,5.8165
0.34211,2.1504,0.082253,-0.0067778,-0.034674,5.8141
0.34216,2.1504,0.082251,-0.0067778,-0.034674,5.831
0.34221,2.1504,0.082249,-0.0067778,-0.034674,5.8293
0.34226,2.1504,0.082247,-0.0067778,-0.034674,5.8153
0.34232,2.1504,0.082245,-0.0067778,-0.034674,5.8254
0.34237,2.1504,0.082244,-0.0067778,-0.034674,5.8254
0.34242,2.1503,0.082242,-0.0067778,-0.034674,5.8147
0.34247,2.1503,0.08224,-0.0067778,-0.034674,5.8176
0.34253,2.1503,0.082238,-0.0067778,-0.034674,5.8298
0.34258,2.1503,0.082236,-0.0067778,-0.034674,5.8192
0.34263,2.1503,0.082234,-0.0067778,-0.034674,5.8208
0.34268,2.1503,0.082233,-0.0067778,-0.034674,5.8331
0.34274,2.1503,0.082231,-0.0067778,-0.034674,5.8272
0.34279,2.1503,0.082229,-0.0067778,-0.034674,5.8229
0.34284,2.1503,0.082227,-0.0067778,-0.034674,5.8252
0.34289,2.1503,0.082225,-0.0067778,-0.034674,5.8196
0.34295,2.1503,0.082224,-0.0067778,-0.034674,5.8128
0.343,2.1503,0.082222,-0.0067778,-0.034674,5.8229
0.34305,2.1503,0.08222,-0.0067778,-0.034674,5.8216
0.34311,2.1503,0.082218,-0.0067778,-0.034674,5.8181
0.34316,2.1503,0.082216,-0.0067778,-0.034674,5.8215
0.34321,2.1503,0.082214,-0.0067778,-0.034674,5.8315
0.34326,2.1503,0.082213,-0.0067778,-0.034674,5.8208
0.34332,2.1503,0.082211,-0.0067778,-0.034674,5.823
0.34337,2.1503,0.082209,-0.0067778,-0.034674,5.8241
0.34342,2.1503,0.082207,-0.0067778,-0.034673,5.8152
0.34347,2.1503,0.082205,-0.0067778,-0.034673,5.8099
0.34353,2.1503,0.082203,-0.0067778,-0.034673,5.8239
0.34358,2.1503,0.082202,-0.0067778,-0.034673,5.8194
0.34363,2.1503,0.0822,-0.0067778,-0.034673,5.8171
0.34368,2.1503,0.082198,-0.0067779,-0.034673,5.8288
0.34374,2.1503,0.082196,-0.0067779,-0.034673,5.8244
0.34379,2.1503,0.082194,-0.0067779,-0.034673,5.8172
0.34384,2.1503,0.082193,-0.0067779,-0.034673,5.8238
0.34389,2.1503,0.082191,-0.0067779,-0.034673,5.8225
0.34395,2.1503,0.082189,-0.0067779,-0.034673,5.8123
0.344,2.1503,0.082187,-0.0067779,-0.034673,5.817
0.34405,2.1503,0.082185,-0.0067779,-0.034673,5.8212
0.34411,2.1503,0.082183,-0.0067779,-0.034673,5.8139
0.34416,2.1503,0.082182,-0.0067779,-0.034673,5.8201
0.34421,2.1503,0.08218,-0.0067779,-0.034673,5.8372
0.34426,2.1503,0.082178,-0.0067779,-0.034673,5.8245
0.34432,2.1503,0.082176,-0.0067779,-0.034673,5.8247
0.34437,2.1503,0.082174,-0.0067779,-0.034673,5.8292
0.34442,2.1503,0.082172,-0.0067779,-0.034673,5.8151
0.34447,2.1503,0.082171,-0.0067779,-0.034673,5.8017
0.34453,2.1503,0.082169,-0.0067779,-0.034673,5.8157
0.34458,2.1503,0.082167,-0.0067779,-0.034673,5.8094
0.34463,2.1503,0.082165,-0.0067779,-0.034673,5.8026
0.34468,2.1503,0.082163,-0.0067779,-0.034673,5.8134
0.34474,2.1503,0.082161,-0.0067779,-0.034673,5.8189
0.34479,2.1503,0.08216,-0.0067779,-0.034673,5.8082
0.34484,2.1503,0.082158,-0.0067779,-0.034673,5.8123
0.34489,2.1503,0.082156,-0.0067779,-0.034673,5.8107
0.34495,2.1503,0.082154,-0.0067779,-0.034673,5.8035
0.345,2.1503,0.082152,-0.0067779,-0.034673,5.8019
0.34505,2.1503,0.082151,-0.0067779,-0.034673,5.8181
0.34511,2.1503,0.082149,-0.0067779,-0.034673,5.8134
0.34516,2.1503,0.082147,-0.0067779,-0.034673,5.82
0.34521,2.1503,0.082145,-0.0067779,-0.034673,5.8349
0.34526,2.1503,0.082143,-0.0067779,-0.034673,5.8334
0.34532,2.1503,0.082141,-0.0067779,-0.034673,5.8313
0.34537,2.1503,0.08214,-0.006778,-0.034673,5.8403
0.34542,2.1503,0.082138,-0.006778,-0.034673,5.8439
0.34547,2.1503,0.082136,-0.006778,-0.034672,5.8382
0.34553,2.1503,0.082134,-0.006778,-0.034672,5.8445
0.34558,2.1503,0.082132,-0.006778,-0.034672,5.8521
0.34563,2.1503,0.08213,-0.006778,-0.034672,5.8496
0.34568,2.1503,0.082129,-0.006778,-0.034672,5.858
0.34574,2.1503,0.082127,-0.006778,-0.034672,5.8644
0.34579,2.1503,0.082125,-0.006778,-0.034672,5.8594
0.34584,2.1503,0.082123,-0.006778,-0.034672,5.8567
0.34589,2.1503,0.082121,-0.006778,-0.034672,5.8685
0.34595,2.1503,0.08212,-0.006778,-0.034672,5.8645
0.346,2.1503,0.082118,-0.006778,-0.034672,5.8529
0.34605,2.1503,0.082116,-0.006778,-0.034672,5.8679
0.34611,2.1503,0.082114,-0.006778,-0.034672,5.8687
0.34616,2.1503,0.082112,-0.006778,-0.034672,5.8619
0.34621,2.1503,0.08211,-0.006778,-0.034672,5.8778
0.34626,2.1503,0.082109,-0.006778,-0.034672,5.8788
0.34632,2.1503,0.082107,-0.006778,-0.034672,5.8632
0.34637,2.1503,0.082105,-0.006778,-0.034672,5.8726
0.34642,2.1503,0.082103,-0.006778,-0.034672,5.8754
0.34647,2.1503,0.082101,-0.006778,-0.034672,5.8641
0.34653,2.1503,0.082099,-0.006778,-0.034672,5.8645
0.34658,2.1503,0.082098,-0.006778,-0.034672,5.8739
0.34663,2.1503,0.082096,-0.006778,-0.034672,5.8685
0.34668,2.1503,0.082094,-0.006778,-0.034672,5.868
0.34674,2.1503,0.082092,-0.006778,-0.034672,5.8761
0.34679,2.1503,0.08209,-0.006778,-0.034672,5.8725
0.34684,2.1503,0.082088,-0.006778,-0.034672,5.8612
0.34689,2.1503,0.082087,-0.006778,-0.034672,5.8747
0.34695,2.1503,0.082085,-0.006778,-0.034672,5.8709
0.347,2.1503,0.082083,-0.006778,-0.034672,5.8565
0.34705,2.1503,0.082081,-0.0067781,-0.034672,5.8648
0.34711,2.1503,0.082079,-0.0067781,-0.034672,5.8629
0.34716,2.1503,0.082078,-0.0067781,-0.034672,5.855
0.34721,2.1503,0.082076,-0.0067781,-0.034672,5.8641
0.34726,2.1503,0.082074,-0.0067781,-0.034672,5.8703
0.34732,2.1503,0.082072,-0.0067781,-0.034672,5.867
0.34737,2.1503,0.08207,-0.0067781,-0.034672,5.8561
0.34742,2.1503,0.082068,-0.0067781,-0.034672,5.8616
0.34747,2.1503,0.082067,-0.0067781,-0.034672,5.857
0.34753,2.1503,0.082065,-0.0067781,-0.034671,5.85
0.34758,2.1503,0.082063,-0.0067781,-0.034671,5.8577
0.34763,2.1503,0.082061,-0.0067781,-0.034671,5.8568
0.34768,2.1503,0.082059,-0.0067781,-0.034671,5.843
0.34774,2.1503,0.082057,-0.0067781,-0.034671,5.8533
0.34779,2.1503,0.082056,-0.0067781,-0.034671,5.859
0.34784,2.1503,0.082054,-0.0067781,-0.034671,5.849
0.34789,2.1503,0.082052,-0.0067781,-0.034671,5.8545
0.34795,2.1503,0.08205,-0.0067781,-0.034671,5.8534
0.348,2.1503,0.082048,-0.0067781,-0.034671,5.8404
0.34805,2.1503,0.082047,-0.0067781,-0.034671,5.836
0.34811,2.1503,0.082045,-0.0067781,-0.034671,5.8392
0.34816,2.1503,0.082043,-0.0067781,-0.034671,5.8284
0.34821,2.1503,0.082041,-0.0067781,-0.034671,5.8262
0.34826,2.1503,0.082039,-0.0067781,-0.034671,5.8403
0.34832,2.1503,0.082037,-0.0067781,-0.034671,5.8403
0.34837,2.1503,0.082036,-0.0067781,-0.034671,5.8284
0.34842,2.1503,0.082034,-0.0067781,-0.034671,5.8378
0.34847,2.1503,0.082032,-0.0067781,-0.034671,5.8304
0.34853,2.1503,0.08203,-0.0067781,-0.034671,5.8236
0.34858,2.1503,0.082028,-0.0067781,-0.034671,5.8205
0.34863,2.1503,0.082026,-0.0067781,-0.034671,5.826
0.34868,2.1503,0.082025,-0.0067782,-0.034671,5.819
0.34874,2.1503,0.082023,-0.0067782,-0.034671,5.8206
0.34879,2.1503,0.082021,-0.0067782,-0.034671,5.8294
0.34884,2.1503,0.082019,-0.0067782,-0.034671,5.8225
0.34889,2.1503,0.082017,-0.0067782,-0.034671,5.8251
0.34895,2.1503,0.082015,-0.0067782,-0.034671,5.8281
0.349,2.1503,0.082014,-0.0067782,-0.034671,5.8133
0.34905,2.1503,0.082012,-0.0067782,-0.034671,5.8142
0.34911,2.1503,0.08201,-0.0067782,-0.034671,5.8196
0.34916,2.1503,0.082008,-0.0067782,-0.034671,5.8163
0.34921,2.1503,0.082006,-0.0067782,-0.034671,5.8069
0.34926,2.1503,0.082005,-0.0067782,-0.034671,5.822
0.34932,2.1503,0.082003,-0.0067782,-0.034671,5.831
0.34937,2.1503,0.082001,-0.0067782,-0.034671,5.8148
0.34942,2.1503,0.081999,-0.0067782,-0.034671,5.8257
0.34947,2.1503,0.081997,-0.0067782,-0.034671,5.8278
0.34953,2.1503,0.081995,-0.0067782,-0.034671,5.8208
0.34958,2.1503,0.081994,-0.0067782,-0.03467,5.8226
0.34963,2.1503,0.081992,-0.0067782,-0.03467,5.8232
0.34968,2.1503,0.08199,-0.0067782,-0.03467,5.8129
0.34974,2.1503,0.081988,-0.0067782,-0.03467,5.8133
0.34979,2.1503,0.081986,-0.0067782,-0.03467,5.8257
0.34984,2.1503,0.081984,-0.0067782,-0.03467,5.8175
0.34989,2.1503,0.081983,-0.0067782,-0.03467,5.8089
0.34995,2.1503,0.081981,-0.0067782,-0.03467,5.8293
0.35,2.1503,0.081979,-0.0067782,-0.03467,5.8224
0.35005,2.1503,0.081977,-0.0067782,-0.03467,5.809
0.35011,2.1503,0.081975,-0.0067782,-0.03467,5.8162
0.35016,2.1503,0.081974,-0.0067782,-0.03467,5.8217
0.35021,2.1503,0.081972,-0.0067782,-0.03467,5.8031
0.35026,2.1503,0.08197,-0.0067782,-0.03467,5.812
0.35032,2.1503,0.081968,-0.0067782,-0.03467,5.8275
0.35037,2.1503,0.081966,-0.0067783,-0.03467,5.8184
0.35042,2.1503,0.081964,-0.0067783,-0.03467,5.8141
0.35047,2.1503,0.081963,-0.0067783,-0.03467,5.828
0.35053,2.1503,0.081961,-0.0067783,-0.03467,5.8218
0.35058,2.1503,0.081959,-0.0067783,-0.03467,5.8154
0.35063,2.1503,0.081957,-0.0067783,-0.03467,5.8216
0.35068,2.1503,0.081955,-0.0067783,-0.03467,5.8214
0.35074,2.1503,0.081953,-0.0067783,-0.03467,5.8157
0.35079,2.1503,0.081952,-0.0067783,-0.03467,5.8245
0.35084,2.1503,0.08195,-0.0067783,-0.03467,5.8296
0.35089,2.1503,0.081948,-0.0067783,-0.03467,5.8266
0.35095,2.1503,0.081946,-0.0067783,-0.03467,5.8307
0.351,2.1503,0.081944,-0.0067783,-0.03467,5.8331
0.35105,2.1503,0.081943,-0.0067783,-0.03467,5.8216
0.35111,2.1503,0.081941,-0.0067783,-0.03467,5.8218
0.35116,2.1503,0.081939,-0.0067783,-0.03467,5.8277
0.35121,2.1503,0.081937,-0.0067783,-0.03467,5.8189
0.35126,2.1503,0.081935,-0.0067783,-0.03467,5.8188
0.35132,2.1503,0.081933,-0.0067783,-0.03467,5.834
0.35137,2.1503,0.081932,-0.0067783,-0.03467,5.8307
0.35142,2.1503,0.08193,-0.0067783,-0.03467,5.8243
0.35147,2.1503,0.081928,-0.0067783,-0.03467,5.8355
0.35153,2.1503,0.081926,-0.0067783,-0.03467,5.8373
0.35158,2.1503,0.081924,-0.0067783,-0.03467,5.8305
0.35163,2.1503,0.081922,-0.0067783,-0.034669,5.8367
0.35168,2.1503,0.081921,-0.0067783,-0.034669,5.8389
0.35174,2.1503,0.081919,-0.0067783,-0.034669,5.8231
0.35179,2.1503,0.081917,-0.0067783,-0.034669,5.8341
0.35184,2.1503,0.081915,-0.0067783,-0.034669,5.8472
0.35189,2.1503,0.081913,-0.0067783,-0.034669,5.8433
0.35195,2.1503,0.081911,-0.0067783,-0.034669,5.8393
0.352,2.1503,0.08191,-0.0067783,-0.034669,5.8503
0.35205,2.1503,0.081908,-0.0067784,-0.034669,5.8456
0.35211,2.1503,0.081906,-0.0067784,-0.034669,5.8431
0.35216,2.1503,0.081904,-0.0067784,-0.034669,5.8513
0.35221,2.1503,0.081902,-0.0067784,-0.034669,5.8533
0.35226,2.1503,0.081901,-0.0067784,-0.034669,5.8364
0.35232,2.1503,0.081899,-0.0067784,-0.034669,5.847
0.35237,2.1503,0.081897,-0.0067784,-0.034669,5.8492
0.35242,2.1503,0.081895,-0.0067784,-0.034669,5.8419
0.35247,2.1503,0.081893,-0.0067784,-0.034669,5.8487
0.35253,2.1503,0.081891,-0.0067784,-0.034669,5.8556
0.35258,2.1503,0.08189,-0.0067784,-0.034669,5.846
0.35263,2.1503,0.081888,-0.0067784,-0.034669,5.8462
0.35268,2.1503,0.081886,-0.0067784,-0.034669,5.8505
0.35274,2.1503,0.081884,-0.0067784,-0.034669,5.8405
0.35279,2.1503,0.081882,-0.0067784,-0.034669,5.834
0.35284,2.1503,0.08188,-0.0067784,-0.034669,5.8493
0.35289,2.1503,0.081879,-0.0067784,-0.034669,5.8504
0.35295,2.1503,0.081877,-0.0067784,-0.034669,5.8458
0.353,2.1503,0.081875,-0.0067784,-0.034669,5.8571
0.35305,2.1503,0.081873,-0.0067784,-0.034669,5.859
0.35311,2.1503,0.081871,-0.0067784,-0.034669,5.8505
0.35316,2.1503,0.08187,-0.0067784,-0.034669,5.8543
0.35321,2.1503,0.081868,-0.0067784,-0.034669,5.854
0.35326,2.1503,0.081866,-0.0067784,-0.034669,5.8435
0.35332,2.1503,0.081864,-0.0067784,-0.034669,5.8442
0.35337,2.1503,0.081862,-0.0067784,-0.034669,5.8555
0.35342,2.1503,0.08186,-0.0067784,-0.034669,5.8494
0.35347,2.1503,0.081859,-0.0067784,-0.034669,5.8455
0.35353,2.1503,0.081857,-0.0067784,-0.034669,5.8561
0.35358,2.1503,0.081855,-0.0067784,-0.034669,5.8433
0.35363,2.1503,0.081853,-0.0067784,-0.034669,5.8384
0.35368,2.1503,0.081851,-0.0067784,-0.034669,5.8413
0.35374,2.1503,0.081849,-0.0067785,-0.034668,5.8346
0.35379,2.1503,0.081848,-0.0067785,-0.034668,5.8247
0.35384,2.1503,0.081846,-0.0067785,-0.034668,5.8348
0.35389,2.1503,0.081844,-0.0067785,-0.034668,5.8339
0.35395,2.1503,0.081842,-0.0067785,-0.034668,5.824
0.354,2.1503,0.08184,-0.0067785,-0.034668,5.8304
0.35405,2.1503,0.081838,-0.0067785,-0.034668,5.8332
0.35411,2.1503,0.081837,-0.0067785,-0.034668,5.8194
0.35416,2.1503,0.081835,-0.0067785,-0.034668,5.8255
0.35421,2.1503,0.081833,-0.0067785,-0.034668,5.8238
0.35426,2.1503,0.081831,-0.0067785,-0.034668,5.8154
0.35432,2.1503,0.081829,-0.0067785,-0.034668,5.8116
0.35437,2.1503,0.081828,-0.0067785,-0.034668,5.8166
0.35442,2.1503,0.081826,-0.0067785,-0.034668,5.8191
0.35447,2.1503,0.081824,-0.0067785,-0.034668,5.8169
0.35453,2.1503,0.081822,-0.0067785,-0.034668,5.8228
0.35458,2.1503,0.08182,-0.0067785,-0.034668,5.829
0.35463,2.1503,0.081818,-0.0067785,-0.034668,5.8207
0.35468,2.1503,0.081817,-0.0067785,-0.034668,5.8233
0.35474,2.1503,0.081815,-0.0067785,-0.034668,5.8288
0.35479,2.1503,0.081813,-0.0067785,-0.034668,5.8222
0.35484,2.1503,0.081811,-0.0067785,-0.034668,5.8271
0.35489,2.1503,0.081809,-0.0067785,-0.034668,5.8324
0.35495,2.1503,0.081807,-0.0067785,-0.034668,5.8278
0.355,2.1503,0.081806,-0.0067785,-0.034668,5.8273
0.35505,2.1503,0.081804,-0.0067785,-0.034668,5.8335
0.35511,2.1503,0.081802,-0.0067785,-0.034668,5.829
0.35516,2.1503,0.0818,-0.0067785,-0.034668,5.8346
0.35521,2.1503,0.081798,-0.0067785,-0.034668,5.8396
0.35526,2.1503,0.081797,-0.0067785,-0.034668,5.835
0.35532,2.1503,0.081795,-0.0067785,-0.034668,5.8238
0.35537,2.1503,0.081793,-0.0067785,-0.034668,5.8323
0.35542,2.1503,0.081791,-0.0067786,-0.034668,5.8336
0.35547,2.1503,0.081789,-0.0067786,-0.034668,5.8293
0.35553,2.1503,0.081787,-0.0067786,-0.034668,5.845
0.35558,2.1503,0.081786,-0.0067786,-0.034668,5.8515
0.35563,2.1503,0.081784,-0.0067786,-0.034668,5.8339
0.35568,2.1503,0.081782,-0.0067786,-0.034668,5.8331
0.35574,2.1503,0.08178,-0.0067786,-0.034668,5.8434
0.35579,2.1503,0.081778,-0.0067786,-0.034667,5.8357
0.35584,2.1503,0.081776,-0.0067786,-0.034667,5.8337
0.35589,2.1503,0.081775,-0.0067786,-0.034667,5.843
0.35595,2.1503,0.081773,-0.0067786,-0.034667,5.8347
0.356,2.1503,0.081771,-0.0067786,-0.034667,5.8373
0.35605,2.1503,0.081769,-0.0067786,-0.034667,5.8545
0.35611,2.1503,0.081767,-0.0067786,-0.034667,5.8579
0.35616,2.1503,0.081766,-0.0067786,-0.034667,5.8459
0.35621,2.1503,0.081764,-0.0067786,-0.034667,5.8558
0.35626,2.1503,0.081762,-0.0067786,-0.034667,5.8581
0.35632,2.1503,0.08176,-0.0067786,-0.034667,5.8483
0.35637,2.1503,0.081758,-0.0067786,-0.034667,5.852
0.35642,2.1503,0.081756,-0.0067786,-0.034667,5.8598
0.35647,2.1503,0.081755,-0.0067786,-0.034667,5.8599
0.35653,2.1503,0.081753,-0.0067786,-0.034667,5.8627
0.35658,2.1503,0.081751,-0.0067786,-0.034667,5.8743
0.35663,2.1503,0.081749,-0.0067786,-0.034653,5.8701
0.35668,2.1503,0.081747,-0.0067786,-0.034663,5.8689
0.35674,2.1503,0.081745,-0.0067786,-0.03469,5.8752
0.35679,2.1503,0.081744,-0.0067786,-0.034725,5.8705
0.35684,2.1503,0.081742,-0.0067786,-0.034762,5.8596
0.35689,2.1503,0.08174,-0.0067786,-0.034793,5.8718
0.35695,2.1503,0.081738,-0.0067786,-0.034812,5.8787
0.357,2.1503,0.081736,-0.0067786,-0.034813,5.8724
0.35705,2.1503,0.081734,-0.0067787,-0.03479,5.8801
0.35711,2.1503,0.081733,-0.0067787,-0.034782,5.8918
0.35716,2.1502,0.081731,-0.0067787,-0.034774,5.8818
0.35721,2.1502,0.081729,-0.0067787,-0.034766,5.8883
0.35726,2.1502,0.081727,-0.0067787,-0.034758,5.8904
0.35732,2.1502,0.081725,-0.0067787,-0.034736,5.8812
0.35737,2.1502,0.081723,-0.0067787,-0.034739,5.8742
0.35742,2.1502,0.081722,-0.0067787,-0.034758,5.886
0.35747,2.1502,0.08172,-0.0067787,-0.034786,5.8836
0.35753,2.1502,0.081718,-0.0067787,-0.034816,5.8866
0.35758,2.1502,0.081716,-0.0067787,-0.03484,5.8969
0.35763,2.1502,0.081714,-0.0067787,-0.034852,5.8918
0.35768,2.1502,0.081712,-0.0067787,-0.034846,5.884
0.35774,2.1502,0.081711,-0.0067787,-0.034816,5.8964
0.35779,2.1502,0.081709,-0.0067787,-0.034801,5.8996
0.35784,2.1502,0.081707,-0.0067787,-0.034786,5.8866
0.35789,2.1502,0.081705,-0.0067787,-0.034771,5.8936
0.35795,2.1502,0.081703,-0.0067787,-0.034757,5.9104
0.358,2.1502,0.081702,-0.0067787,-0.034743,5.8996
0.35805,2.1502,0.0817,-0.0067787,-0.034728,5.9002
0.35811,2.1502,0.081698,-0.0067787,-0.034715,5.9169
0.35816,2.1502,0.081696,-0.0067787,-0.034701,5.9141
0.35821,2.1502,0.081694,-0.0067787,-0.034687,5.9052
0.35826,2.1502,0.081692,-0.0067787,-0.034674,5.9166
0.35832,2.1502,0.081691,-0.0067787,-0.034661,5.9095
0.35837,2.1502,0.081689,-0.0067787,-0.034648,5.905
0.35842,2.1502,0.081687,-0.0067787,-0.034635,5.9125
0.35847,2.1502,0.081685,-0.0067787,-0.034623,5.9111
0.35853,2.1502,0.081683,-0.0067787,-0.03461,5.9066
0.35858,2.1502,0.081681,-0.0067787,-0.034598,5.9148
0.35863,2.1502,0.08168,-0.0067787,-0.034586,5.9204
0.35868,2.1502,0.081678,-0.0067787,-0.034574,5.9144
0.35874,2.1502,0.081676,-0.0067788,-0.034548,5.9136
0.35879,2.1502,0.081674,-0.0067788,-0.034547,5.9196
0.35884,2.1502,0.081672,-0.0067788,-0.034562,5.9108
0.35889,2.1502,0.081671,-0.0067788,-0.034586,5.9068
0.35895,2.1502,0.081669,-0.0067788,-0.034612,5.9143
0.359,2.1502,0.081667,-0.0067788,-0.034632,5.905
0.35905,2.1502,0.081665,-0.0067788,-0.034641,5.9042
0.35911,2.1502,0.081663,-0.0067788,-0.034632,5.9145
0.35916,2.1502,0.081661,-0.0067788,-0.034598,5.9136
0.35921,2.1502,0.08166,-0.0067788,-0.03458,5.9045
0.35926,2.1502,0.081658,-0.0067788,-0.034548,5.9145
0.35932,2.1502,0.081656,-0.0067788,-0.034541,5.9111
0.35937,2.1502,0.081654,-0.0067788,-0.03455,5.9034
0.35942,2.1502,0.081652,-0.0067788,-0.034568,5.9049
0.35947,2.1502,0.08165,-0.0067788,-0.034588,5.9132
0.35953,2.1502,0.081649,-0.0067788,-0.034603,5.9035
0.35958,2.1502,0.081647,-0.0067788,-0.034606,5.9085
0.35963,2.1502,0.081645,-0.0067788,-0.034577,5.9159
0.35968,2.1502,0.081643,-0.0067788,-0.034548,5.9148
0.35974,2.1502,0.081641,-0.0067788,-0.034551,5.9135
0.35979,2.1502,0.08164,-0.0067788,-0.034564,5.9192
0.35984,2.1502,0.081638,-0.0067788,-0.034578,5.9101
0.35989,2.1502,0.081636,-0.0067788,-0.034587,5.9
0.35995,2.1502,0.081634,-0.0067788,-0.034584,5.9126
0.36,2.1502,0.081632,-0.0067788,-0.034563,5.9083
0.36005,2.1502,0.08163,-0.0067788,-0.034519,5.9018
0.36011,2.1502,0.081629,-0.0067788,-0.034489,5.9117
0.36016,2.1502,0.081627,-0.0067788,-0.034461,5.918
0.36021,2.1502,0.081625,-0.0067788,-0.034433,5.9067
0.36026,2.1502,0.081623,-0.0067788,-0.034405,5.9172
0.36032,2.1502,0.081621,-0.0067788,-0.034378,5.9223
0.36037,2.1502,0.08162,-0.0067788,-0.034351,5.9081
0.36042,2.1502,0.081618,-0.0067789,-0.034325,5.9021
0.36047,2.1502,0.081616,-0.0067789,-0.034299,5.909
0.36053,2.1502,0.081614,-0.0067789,-0.034273,5.9073
0.36058,2.1502,0.081612,-0.0067789,-0.034248,5.9018
0.36063,2.1502,0.081611,-0.0067789,-0.034224,5.9158
0.36068,2.1502,0.081609,-0.0067789,-0.0342,5.915
0.36074,2.1502,0.081607,-0.0067789,-0.034176,5.9053
0.36079,2.1502,0.081605,-0.0067789,-0.034139,5.9145
0.36084,2.1502,0.081603,-0.0067789,-0.034126,5.9076
0.36089,2.1502,0.081602,-0.0067789,-0.034131,5.9062
0.36095,2.1502,0.0816,-0.0067789,-0.034144,5.9062
0.361,2.1502,0.081598,-0.0067789,-0.03416,5.9143
0.36105,2.1502,0.081596,-0.0067789,-0.03417,5.9006
0.36111,2.1502,0.081594,-0.0067789,-0.034169,5.9075
0.36116,2.1502,0.081593,-0.0067789,-0.03415,5.9268
0.36121,2.1502,0.081591,-0.0067789,-0.034107,5.9235
0.36126,2.1502,0.081589,-0.0067789,-0.034066,5.9173
0.36132,2.1502,0.081587,-0.0067789,-0.034049,5.919
0.36137,2.1502,0.081585,-0.0067789,-0.03405,5.9171
0.36142,2.1502,0.081584,-0.0067789,-0.03406,5.9121
0.36147,2.1502,0.081582,-0.0067789,-0.034071,5.9119
0.36153,2.1502,0.08158,-0.0067789,-0.034078,5.9152
0.36158,2.1502,0.081578,-0.0067789,-0.034073,5.9022
0.36163,2.1502,0.081576,-0.0067789,-0.034051,5.9132
0.36168,2.1502,0.081575,-0.0067789,-0.034005,5.9165
0.36174,2.1502,0.081573,-0.0067789,-0.033975,5.9061
0.36179,2.1502,0.081571,-0.0067789,-0.033945,5.9102
0.36184,2.1502,0.081569,-0.0067789,-0.033916,5.9157
0.36189,2.1502,0.081568,-0.0067789,-0.033887,5.9056
0.36195,2.1502,0.081566,-0.0067789,-0.033859,5.9045
0.362,2.1502,0.081564,-0.0067789,-0.033832,5.924
0.36205,2.1502,0.081562,-0.0067789,-0.033791,5.9172
0.36211,2.1502,0.08156,-0.006779,-0.033776,5.9256
0.36216,2.1502,0.081559,-0.006779,-0.033763,5.9342
0.36221,2.1502,0.081557,-0.006779,-0.033784,5.9329
0.36226,2.1502,0.081555,-0.006779,-0.033823,5.9344
0.36232,2.1502,0.081553,-0.006779,-0.033866,5.9377
0.36237,2.1502,0.081552,-0.006779,-0.033885,5.9406
0.36242,2.1502,0.08155,-0.006779,-0.033906,5.9301
0.36247,2.1502,0.081548,-0.006779,-0.033907,5.9305
0.36253,2.1502,0.081546,-0.006779,-0.033914,5.941
0.36258,2.1502,0.081544,-0.006779,-0.033885,5.928
0.36263,2.1502,0.081543,-0.006779,-0.033891,5.9405
0.36268,2.1502,0.081541,-0.006779,-0.033888,5.9504
0.36274,2.1502,0.081539,-0.006779,-0.033901,5.9465
0.36279,2.1502,0.081537,-0.006779,-0.033908,5.9501
0.36284,2.1502,0.081535,-0.006779,-0.033934,5.9565
0.36289,2.1502,0.081534,-0.006779,-0.033951,5.952
0.36295,2.1502,0.081532,-0.006779,-0.033945,5.9474
0.363,2.1502,0.08153,-0.006779,-0.033903,5.9545
0.36305,2.1502,0.081528,-0.006779,-0.033859,5.9584
0.36311,2.1502,0.081527,-0.006779,-0.033792,5.9491
0.36316,2.1502,0.081525,-0.006779,-0.033741,5.9547
0.36321,2.1502,0.081523,-0.006779,-0.033663,5.9667
0.36326,2.1502,0.081521,-0.006779,-0.03362,5.9549
0.36332,2.1502,0.081519,-0.006779,-0.033622,5.956
0.36337,2.1502,0.081518,-0.006779,-0.033683,5.9685
0.36342,2.1502,0.081516,-0.006779,-0.033773,5.963
0.36347,2.1502,0.081514,-0.006779,-0.03385,5.9498
0.36353,2.1502,0.081512,-0.006779,-0.033923,5.9592
0.36358,2.1502,0.081511,-0.006779,-0.03396,5.9502
0.36363,2.1502,0.081509,-0.006779,-0.033928,5.948
0.36368,2.1502,0.081507,-0.006779,-0.033872,5.9599
0.36374,2.1502,0.081505,-0.006779,-0.033814,5.956
0.36379,2.1502,0.081503,-0.0067791,-0.0338,5.9569
0.36384,2.1502,0.081502,-0.0067791,-0.03378,5.9683
0.36389,2.1502,0.0815,-0.0067791,-0.033744,5.9568
0.36395,2.1502,0.081498,-0.0067791,-0.033772,5.9456
0.364,2.1502,0.081496,-0.0067791,-0.033821,5.9518
0.36405,2.1502,0.081495,-0.0067791,-0.033926,5.962
0.36411,2.1502,0.081493,-0.0067791,-0.034028,5.9541
0.36416,2.1502,0.081491,-0.0067791,-0.034119,5.9595
0.36421,2.1502,0.081489,-0.0067791,-0.034168,5.9674
0.36426,2.1502,0.081487,-0.0067791,-0.034144,5.9605
0.36432,2.1502,0.081486,-0.0067791,-0.034074,5.9631
0.36437,2.1502,0.081484,-0.0067791,-0.034024,5.975
0.36442,2.1502,0.081482,-0.0067791,-0.03397,5.9636
0.36447,2.1502,0.08148,-0.0067791,-0.033939,5.9557
0.36453,2.1502,0.081478,-0.0067791,-0.033918,5.958
0.36458,2.1502,0.081477,-0.0067791,-0.033879,5.9562
0.36463,2.1502,0.081475,-0.0067791,-0.033798,5.9439
0.36468,2.1502,0.081473,-0.0067791,-0.033693,5.9475
0.36474,2.1502,0.081471,-0.0067791,-0.033575,5.9448
0.36479,2.1502,0.08147,-0.0067791,-0.033463,5.937
0.36484,2.1502,0.081468,-0.0067791,-0.033335,5.9344
0.36489,2.1502,0.081466,-0.0067791,-0.033186,5.936
0.36495,2.1502,0.081464,-0.0067791,-0.033054,5.9325
0.365,2.1502,0.081463,-0.0067791,-0.032925,5.9269
0.36505,2.1502,0.081461,-0.0067791,-0.032799,5.9314
0.36511,2.1502,0.081459,-0.0067791,-0.032675,5.9197
0.36516,2.1502,0.081457,-0.0067791,-0.032553,5.9089
0.36521,2.1502,0.081456,-0.0067791,-0.032435,5.9202
0.36526,2.1502,0.081454,-0.0067791,-0.032318,5.9215
0.36532,2.1502,0.081452,-0.0067791,-0.032205,5.914
0.36537,2.1502,0.081451,-0.0067791,-0.032094,5.9219
0.36542,2.1502,0.081449,-0.0067792,-0.031986,5.9162
0.36547,2.1502,0.081447,-0.0067792,-0.031866,5.9038
0.36553,2.1502,0.081446,-0.0067792,-0.031773,5.9045
0.36558,2.1502,0.081444,-0.0067792,-0.031699,5.9087
0.36563,2.1502,0.081442,-0.0067792,-0.031637,5.8995
0.36568,2.1502,0.081441,-0.0067792,-0.031578,5.9055
0.36574,2.1502,0.081439,-0.0067792,-0.031517,5.9171
0.36579,2.1502,0.081437,-0.0067792,-0.031446,5.9082
0.36584,2.1502,0.081436,-0.0067792,-0.031346,5.9048
0.36589,2.1502,0.081434,-0.0067792,-0.031234,5.9224
0.36595,2.1502,0.081432,-0.0067792,-0.031166,5.9125
0.366,2.1502,0.081431,-0.0067792,-0.031137,5.9037
0.36605,2.1502,0.081429,-0.0067792,-0.031147,5.9062
0.36611,2.1502,0.081427,-0.0067792,-0.031177,5.9055
0.36616,2.1502,0.081426,-0.0067792,-0.031253,5.8958
0.36621,2.1502,0.081424,-0.0067792,-0.031364,5.9036
0.36626,2.1502,0.081422,-0.0067792,-0.031452,5.9073
0.36632,2.1502,0.081421,-0.0067792,-0.03151,5.9018
0.36637,2.1502,0.081419,-0.0067792,-0.031508,5.9001
0.36642,2.1502,0.081417,-0.0067792,-0.031462,5.9053
0.36647,2.1502,0.081416,-0.0067792,-0.031402,5.8908
0.36653,2.1502,0.081414,-0.0067792,-0.031319,5.8932
0.36658,2.1502,0.081413,-0.0067792,-0.031242,5.895
0.36663,2.1502,0.081411,-0.0067792,-0.031203,5.8848
0.36668,2.1502,0.081409,-0.0067792,-0.031151,5.8817
0.36674,2.1502,0.081408,-0.0067792,-0.031102,5.8969
0.36679,2.1502,0.081406,-0.0067792,-0.031013,5.8913
0.36684,2.1502,0.081404,-0.0067792,-0.030943,5.8889
0.36689,2.1502,0.081403,-0.0067792,-0.030893,5.9026
0.36695,2.1502,0.081401,-0.0067792,-0.03083,5.9059
0.367,2.1502,0.0814,-0.0067792,-0.030721,5.8995
0.36705,2.1502,0.081398,-0.0067792,-0.030619,5.906
0.36711,2.1502,0.081396,-0.0067793,-0.030525,5.9118
0.36716,2.1502,0.081395,-0.0067793,-0.030456,5.9003
0.36721,2.1502,0.081393,-0.0067793,-0.030363,5.9073
0.36726,2.1502,0.081391,-0.0067793,-0.030325,5.9187
0.36732,2.1502,0.08139,-0.0067793,-0.030265,5.9171
0.36737,2.1502,0.081388,-0.0067793,-0.030169,5.9166
0.36742,2.1502,0.081387,-0.0067793,-0.030023,5.9289
0.36747,2.1502,0.081385,-0.0067793,-0.029862,5.9239
0.36753,2.1502,0.081384,-0.0067793,-0.029708,5.9117
0.36758,2.1502,0.081382,-0.0067793,-0.029535,5.9176
0.36763,2.1502,0.08138,-0.0067793,-0.029369,5.9171
0.36768,2.1502,0.081379,-0.0067793,-0.029286,5.91
0.36774,2.1502,0.081377,-0.0067793,-0.029219,5.9139
0.36779,2.1502,0.081376,-0.0067793,-0.029152,5.9139
0.36784,2.1502,0.081374,-0.0067793,-0.029109,5.9091
0.36789,2.1502,0.081373,-0.0067793,-0.029069,5.9124
0.36795,2.1502,0.081371,-0.0067793,-0.029012,5.9204
0.368,2.1502,0.08137,-0.0067793,-0.028917,5.9068
0.36805,2.1502,0.081368,-0.0067793,-0.028812,5.912
0.36811,2.1502,0.081367,-0.0067793,-0.0287,5.9171
0.36816,2.1502,0.081365,-0.0067793,-0.028599,5.9111
0.36821,2.1502,0.081364,-0.0067793,-0.02848,5.9009
0.36826,2.1502,0.081362,-0.0067793,-0.028399,5.9148
0.36832,2.1502,0.081361,-0.0067793,-0.02835,5.9135
0.36837,2.1502,0.081359,-0.0067793,-0.028336,5.9164
0.36842,2.1502,0.081358,-0.0067793,-0.02835,5.9258
0.36847,2.1502,0.081356,-0.0067793,-0.028383,5.9308
0.36853,2.1502,0.081355,-0.0067793,-0.028414,5.9208
0.36858,2.1502,0.081353,-0.0067793,-0.028466,5.9249
0.36863,2.1502,0.081352,-0.0067793,-0.028499,5.9349
0.36868,2.1502,0.08135,-0.0067793,-0.028558,5.9253
0.36874,2.1502,0.081349,-0.0067793,-0.028565,5.9299
0.36879,2.1502,0.081347,-0.0067794,-0.028547,5.9385
0.36884,2.1502,0.081346,-0.0067794,-0.028495,5.9314
0.36889,2.1502,0.081344,-0.0067794,-0.028406,5.9371
0.36895,2.1502,0.081343,-0.0067794,-0.028286,5.9496
0.369,2.1502,0.081341,-0.0067794,-0.028132,5.9424
0.36905,2.1502,0.08134,-0.0067794,-0.027988,5.938
0.36911,2.1502,0.081338,-0.0067794,-0.027912,5.9456
0.36916,2.1502,0.081337,-0.0067794,-0.027813,5.9427
0.36921,2.1502,0.081335,-0.0067794,-0.027784,5.9281
0.36926,2.1502,0.081334,-0.0067794,-0.027748,5.9426
0.36932,2.1502,0.081333,-0.0067794,-0.027677,5.9407
0.36937,2.1502,0.081331,-0.0067794,-0.027579,5.9402
0.36942,2.1502,0.08133,-0.0067794,-0.027461,5.9437
0.36947,2.1502,0.081328,-0.0067794,-0.027363,5.9538
0.36953,2.1502,0.081327,-0.0067794,-0.027326,5.9378
0.36958,2.1502,0.081325,-0.0067794,-0.027324,5.94
0.36963,2.1502,0.081324,-0.0067794,-0.027334,5.9454
0.36968,2.1502,0.081322,-0.0067794,-0.027283,5.9343
0.36974,2.1502,0.081321,-0.0067794,-0.027166,5.9297
0.36979,2.1502,0.08132,-0.0067794,-0.026994,5.9376
0.36984,2.1502,0.081318,-0.0067794,-0.026827,5.9386
0.36989,2.1502,0.081317,-0.0067794,-0.026681,5.9339
0.36995,2.1502,0.081315,-0.0067794,-0.026581,5.9493
0.37,2.1502,0.081314,-0.0067794,-0.026498,5.9528
0.37005,2.1502,0.081313,-0.0067794,-0.026412,5.9446
0.37011,2.1502,0.081311,-0.0067794,-0.026346,5.95
0.37016,2.1502,0.08131,-0.0067794,-0.026302,5.9439
0.37021,2.1502,0.081308,-0.0067794,-0.026291,5.9333
0.37026,2.1502,0.081307,-0.0067794,-0.026308,5.9239
0.37032,2.1502,0.081306,-0.0067794,-0.026348,5.9348
0.37037,2.1502,0.081304,-0.0067794,-0.026361,5.9201
0.37042,2.1502,0.081303,-0.0067794,-0.026339,5.9209
0.37047,2.1502,0.081302,-0.0067795,-0.026297,5.9229
0.37053,2.1502,0.0813,-0.0067795,-0.026288,5.9197
0.37058,2.1502,0.081299,-0.0067795,-0.026317,5.9119
0.37063,2.1502,0.081297,-0.0067795,-0.026403,5.9182
0.37068,2.1502,0.081296,-0.0067795,-0.026467,5.912
0.37074,2.1502,0.081295,-0.0067795,-0.026547,5.8983
0.37079,2.1502,0.081293,-0.0067795,-0.026565,5.9045
0.37084,2.1502,0.081292,-0.0067795,-0.026543,5.9034
0.37089,2.1502,0.08129,-0.0067795,-0.026474,5.8958
0.37095,2.1502,0.081289,-0.0067795,-0.026435,5.8979
0.371,2.1502,0.081288,-0.0067795,-0.026441,5.9054
0.37105,2.1502,0.081286,-0.0067795,-0.026528,5.899
0.37111,2.1502,0.081285,-0.0067795,-0.026642,5.8973
0.37116,2.1502,0.081283,-0.0067795,-0.026797,5.9057
0.37121,2.1502,0.081282,-0.0067795,-0.026926,5.9023
0.37126,2.1502,0.081281,-0.0067795,-0.026966,5.8913
0.37132,2.1502,0.081279,-0.0067795,-0.026898,5.9074
0.37137,2.1502,0.081278,-0.0067795,-0.026752,5.9106
0.37142,2.1502,0.081276,-0.0067795,-0.026559,5.9015
0.37147,2.1502,0.081275,-0.0067795,-0.026363,5.9167
0.37153,2.1502,0.081274,-0.0067795,-0.026174,5.9235
0.37158,2.1502,0.081272,-0.0067795,-0.026023,5.9159
0.37163,2.1502,0.081271,-0.0067795,-0.025906,5.9219
0.37168,2.1502,0.081269,-0.0067795,-0.025781,5.9336
0.37174,2.1502,0.081268,-0.0067795,-0.025664,5.9205
0.37179,2.1502,0.081267,-0.0067795,-0.025555,5.9249
0.37184,2.1502,0.081265,-0.0067795,-0.025453,5.9323
0.37189,2.1501,0.081264,-0.0067795,-0.025345,5.92
0.37195,2.1501,0.081263,-0.0067795,-0.025269,5.9193
0.372,2.1501,0.081261,-0.0067795,-0.025232,5.9354
0.37205,2.1501,0.08126,-0.0067795,-0.025173,5.937
0.37211,2.1501,0.081259,-0.0067796,-0.025144,5.9263
0.37216,2.1501,0.081257,-0.0067796,-0.025097,5.9319
0.37221,2.1501,0.081256,-0.0067796,-0.025031,5.9249
0.37226,2.1501,0.081255,-0.0067796,-0.024916,5.9172
0.37232,2.1501,0.081254,-0.0067796,-0.024832,5.9235
0.37237,2.1501,0.081252,-0.0067796,-0.024795,5.9308
0.37242,2.1501,0.081251,-0.0067796,-0.024807,5.9192
0.37247,2.1501,0.08125,-0.0067796,-0.02483,5.9263
0.37253,2.1501,0.081248,-0.0067796,-0.024935,5.9358
0.37258,2.1501,0.081247,-0.0067796,-0.025019,5.9336
0.37263,2.1501,0.081246,-0.0067796,-0.025112,5.936
0.37268,2.1501,0.081244,-0.0067796,-0.025121,5.9455
0.37274,2.1501,0.081243,-0.0067796,-0.025128,5.9361
0.37279,2.1501,0.081242,-0.0067796,-0.025102,5.9331
0.37284,2.1501,0.08124,-0.0067796,-0.025091,5.9512
0.37289,2.1501,0.081239,-0.0067796,-0.025093,5.9461
0.37295,2.1501,0.081238,-0.0067796,-0.025099,5.9489
0.373,2.1501,0.081236,-0.0067796,-0.0251,5.961
0.37305,2.1501,0.081235,-0.0067796,-0.02514,5.9695
0.37311,2.1501,0.081234,-0.0067796,-0.025155,5.9604
0.37316,2.1501,0.081232,-0.0067796,-0.025217,5.9672
0.37321,2.1501,0.081231,-0.0067796,-0.025276,5.9733
0.37326,2.1501,0.08123,-0.0067796,-0.025317,5.9688
0.37332,2.1501,0.081228,-0.0067796,-0.025326,5.9654
0.37337,2.1501,0.081227,-0.0067796,-0.025295,5.9724
0.37342,2.1501,0.081226,-0.0067796,-0.025272,5.9669
0.37347,2.1501,0.081224,-0.0067796,-0.02524,5.9693
0.37353,2.1501,0.081223,-0.0067796,-0.025213,5.9729
0.37358,2.1501,0.081222,-0.0067796,-0.025261,5.9661
0.37363,2.1501,0.08122,-0.0067796,-0.025315,5.9635
0.37368,2.1501,0.081219,-0.0067796,-0.025366,5.9685
0.37374,2.1501,0.081218,-0.0067796,-0.025427,5.9664
0.37379,2.1501,0.081216,-0.0067797,-0.02551,5.9554
0.37384,2.1501,0.081215,-0.0067797,-0.025603,5.9613
0.37389,2.1501,0.081214,-0.0067797,-0.025605,5.9659
0.37395,2.1501,0.081212,-0.0067797,-0.025533,5.9574
0.374,2.1501,0.081211,-0.0067797,-0.025375,5.9735
0.37405,2.1501,0.08121,-0.0067797,-0.025143,5.9828
0.37411,2.1501,0.081208,-0.0067797,-0.024905,5.9789
0.37416,2.1501,0.081207,-0.0067797,-0.024749,5.9799
0.37421,2.1501,0.081206,-0.0067797,-0.024678,5.9907
0.37426,2.1501,0.081205,-0.0067797,-0.02466,5.9869
0.37432,2.1501,0.081203,-0.0067797,-0.024613,5.9829
0.37437,2.1501,0.081202,-0.0067797,-0.024548,5.9864
0.37442,2.1501,0.081201,-0.0067797,-0.02441,5.9875
0.37447,2.1501,0.081199,-0.0067797,-0.024235,5.9878
0.37453,2.1501,0.081198,-0.0067797,-0.024063,5.9932
0.37458,2.1501,0.081197,-0.0067797,-0.023963,5.9967
0.37463,2.1501,0.081196,-0.0067797,-0.023929,5.991
0.37468,2.1501,0.081194,-0.0067797,-0.023928,5.9996
0.37474,2.1501,0.081193,-0.0067797,-0.023906,6.0006
0.37479,2.1501,0.081192,-0.0067797,-0.023891,5.988
0.37484,2.1501,0.081191,-0.0067797,-0.0239,5.9922
0.37489,2.1501,0.081189,-0.0067797,-0.023894,6.0013
0.37495,2.1501,0.081188,-0.0067797,-0.023867,5.9963
0.375,2.1501,0.081187,-0.0067797,-0.023856,5.9934
0.37505,2.1501,0.081186,-0.0067797,-0.02388,6.0108
0.37511,2.1501,0.081184,-0.0067797,-0.023913,6.0071
0.37516,2.1501,0.081183,-0.0067797,-0.023951,5.9993
0.37521,2.1501,0.081182,-0.0067797,-0.023992,6.0105
0.37526,2.1501,0.08118,-0.0067797,-0.024012,6.0059
0.37532,2.1501,0.081179,-0.0067797,-0.023985,5.9962
0.37537,2.1501,0.081178,-0.0067797,-0.023958,5.9987
0.37542,2.1501,0.081177,-0.0067797,-0.023921,6.0051
0.37547,2.1501,0.081175,-0.0067798,-0.023871,5.9999
0.37553,2.1501,0.081174,-0.0067798,-0.023794,6.0039
0.37558,2.1501,0.081173,-0.0067798,-0.02374,6.017
0.37563,2.1501,0.081172,-0.0067798,-0.023672,6.0107
0.37568,2.1501,0.08117,-0.0067798,-0.023557,6.0115
0.37574,2.1501,0.081169,-0.0067798,-0.023458,6.0187
0.37579,2.1501,0.081168,-0.0067798,-0.023403,6.0077
0.37584,2.1501,0.081167,-0.0067798,-0.023326,6.0089
0.37589,2.1501,0.081166,-0.0067798,-0.023235,6.0153
0.37595,2.1501,0.081164,-0.0067798,-0.023081,6.0129
0.376,2.1501,0.081163,-0.0067798,-0.022937,6.0034
0.37605,2.1501,0.081162,-0.0067798,-0.02273,6.0165
0.37611,2.1501,0.081161,-0.0067798,-0.022441,6.0093
0.37616,2.1501,0.08116,-0.0067798,-0.022128,5.9926
0.37621,2.1501,0.081158,-0.0067798,-0.021832,6.0044
0.37626,2.1501,0.081157,-0.0067798,-0.021562,6.0032
0.37632,2.1501,0.081156,-0.0067798,-0.021384,5.9954
0.37637,2.1501,0.081155,-0.0067798,-0.02126,5.9944
0.37642,2.1501,0.081154,-0.0067798,-0.021206,5.9978
0.37647,2.1501,0.081153,-0.0067798,-0.021115,5.9927
0.37653,2.1501,0.081152,-0.0067798,-0.021012,5.9943
0.37658,2.1501,0.081151,-0.0067798,-0.020846,6.0082
0.37663,2.1501,0.08115,-0.0067798,-0.02064,6.0001
0.37668,2.1501,0.081148,-0.0067798,-0.020397,5.9969
0.37674,2.1501,0.081147,-0.0067798,-0.020196,6.0101
0.37679,2.1501,0.081146,-0.0067798,-0.019975,5.9978
0.37684,2.1501,0.081145,-0.0067798,-0.019736,5.9946
0.37689,2.1501,0.081144,-0.0067798,-0.019478,5.9967
0.37695,2.1501,0.081143,-0.0067798,-0.019266,5.9957
0.377,2.1501,0.081142,-0.0067798,-0.019026,5.9859
0.37705,2.1501,0.081141,-0.0067798,-0.018741,5.9964
0.37711,2.1501,0.08114,-0.0067798,-0.018425,6.0063
0.37716,2.1501,0.081139,-0.0067799,-0.018152,5.9987
0.37721,2.1501,0.081138,-0.0067799,-0.017843,6.0065
0.37726,2.1501,0.081138,-0.0067799,-0.017518,6.0084
0.37732,2.1501,0.081137,-0.0067799,-0.017224,5.9977
0.37737,2.1501,0.081136,-0.0067799,-0.016998,5.998
0.37742,2.1501,0.081135,-0.0067799,-0.016826,6.006
0.37747,2.1501,0.081134,-0.0067799,-0.016693,5.9993
0.37753,2.1501,0.081133,-0.0067799,-0.01663,5.9909
0.37758,2.1501,0.081132,-0.0067799,-0.016622,6.0017
0.37763,2.1501,0.081131,-0.0067799,-0.016541,5.9982
0.37768,2.1501,0.08113,-0.0067799,-0.016412,5.986
0.37774,2.1501,0.08113,-0.0067799,-0.01626,5.9961
0.37779,2.1501,0.081129,-0.0067799,-0.016052,5.9956
0.37784,2.1501,0.081128,-0.0067799,-0.015805,5.9822
0.37789,2.1501,0.081127,-0.0067799,-0.015546,5.9821
0.37795,2.1501,0.081126,-0.0067799,-0.015309,5.9878
0.378,2.1501,0.081126,-0.0067799,-0.015089,5.9797
0.37805,2.1501,0.081125,-0.0067799,-0.014863,5.9904
0.37811,2.1501,0.081124,-0.0067799,-0.014653,6.0001
0.37816,2.1501,0.081123,-0.0067799,-0.014471,6.0012
0.37821,2.1501,0.081122,-0.0067799,-0.014263,5.9955
0.37826,2.1501,0.081122,-0.0067799,-0.014031,6.0108
0.37832,2.1501,0.081121,-0.0067799,-0.013768,6.0043
0.37837,2.1501,0.08112,-0.0067799,-0.013478,5.999
0.37842,2.1501,0.08112,-0.0067799,-0.01317,6.0054
0.37847,2.1501,0.081119,-0.0067799,-0.01286,6.0109
0.37853,2.1501,0.081118,-0.0067799,-0.012526,6.0011
0.37858,2.1501,0.081118,-0.0067799,-0.012207,6.0156
0.37863,2.1501,0.081117,-0.0067799,-0.011874,6.0279
0.37868,2.1501,0.081116,-0.0067799,-0.011565,6.0235
0.37874,2.1501,0.081116,-0.0067799,-0.01126,6.0314
0.37879,2.1501,0.081115,-0.0067799,-0.010976,6.0407
0.37884,2.1501,0.081115,-0.00678,-0.010726,6.0355
0.37889,2.1501,0.081114,-0.00678,-0.0105,6.0348
0.37895,2.1501,0.081114,-0.00678,-0.010336,6.043
0.379,2.1501,0.081113,-0.00678,-0.010218,6.0427
0.37905,2.1501,0.081112,-0.00678,-0.010104,6.0288
0.37911,2.1501,0.081112,-0.00678,-0.010045,6.0411
0.37916,2.1501,0.081111,-0.00678,-0.0099852,6.0409
0.37921,2.1501,0.081111,-0.00678,-0.0099067,6.0337
0.37926,2.1501,0.08111,-0.00678,-0.0098342,6.0467
0.37932,2.1501,0.08111,-0.00678,-0.0097514,6.041
0.37937,2.1501,0.081109,-0.00678,-0.0096845,6.0332
0.37942,2.1501,0.081109,-0.0067752,-0.0096045,6.0376
0.37947,2.1501,0.081108,-0.0067787,-0.0094803,6.0421
0.37953,2.1501,0.081108,-0.0067876,-0.0093655,6.0256
0.37958,2.1501,0.081107,-0.0067995,-0.0092539,6.0321
0.37963,2.1501,0.081107,-0.0068118,-0.0091489,6.0552
0.37968,2.1501,0.081106,-0.0068223,-0.009095,6.0482
0.37974,2.1501,0.081106,-0.0068287,-0.0090948,6.0473
0.37979,2.1501,0.081105,-0.0068291,-0.0090993,6.0609
0.37984,2.1501,0.081105,-0.0068213,-0.0090981,6.0565
0.37989,2.1501,0.081104,-0.0068186,-0.0090731,6.0504
0.37995,2.1501,0.081104,-0.006816,-0.0090602,6.0571
0.38,2.1501,0.081104,-0.0068133,-0.0090424,6.0601
0.38005,2.1501,0.081103,-0.0068107,-0.0090087,6.0417
0.38011,2.1501,0.081103,-0.0068082,-0.0089549,6.0464
0.38016,2.1501,0.081102,-0.0068056,-0.0088687,6.0533
0.38021,2.1501,0.081102,-0.0068031,-0.008752,6.0439
0.38026,2.1501,0.081101,-0.0068006,-0.0086071,6.053
0.38032,2.1501,0.081101,-0.0067982,-0.0084833,6.0612
0.38037,2.1501,0.0811,-0.0067957,-0.0083929,6.0508
0.38042,2.1501,0.0811,-0.0067934,-0.0083233,6.0453
0.38047,2.1501,0.081099,-0.006791,-0.0082218,6.0502
0.38053,2.1501,0.081099,-0.0067887,-0.0080796,6.044
0.38058,2.1501,0.081099,-0.0067864,-0.0078727,6.0369
0.38063,2.1501,0.081098,-0.0067841,-0.007678,6.0551
0.38068,2.1501,0.081098,-0.0067818,-0.0074745,6.0498
0.38074,2.1501,0.081097,-0.0067796,-0.007302,6.0361
0.38079,2.1501,0.081097,-0.0067775,-0.0071476,6.0466
0.38084,2.1501,0.081097,-0.0067753,-0.0070275,6.0443
0.38089,2.1501,0.081096,-0.0067732,-0.0068717,6.0344
0.38095,2.1501,0.081096,-0.0067663,-0.0066686,6.0329
0.381,2.1501,0.081096,-0.0067677,-0.006383,6.0423
0.38105,2.1501,0.081095,-0.0067746,-0.0060724,6.0347
0.38111,2.1501,0.081095,-0.0067844,-0.0057273,6.0308
0.38116,2.1501,0.081095,-0.0067948,-0.0053928,6.0372
0.38121,2.1501,0.081094,-0.0068034,-0.0051092,6.0358
0.38126,2.1501,0.081094,-0.0068079,-0.0049119,6.0419
0.38132,2.1501,0.081094,-0.0068064,-0.0047835,6.0447
0.38137,2.1501,0.081094,-0.006792,-0.0047064,6.0416
0.38142,2.1501,0.081093,-0.0067909,-0.0046475,6.035
0.38147,2.1501,0.081093,-0.0067954,-0.0046048,6.0384
0.38153,2.1501,0.081093,-0.0068028,-0.0045539,6.0346
0.38158,2.1501,0.081093,-0.0068061,-0.0045093,6.0179
0.38163,2.1501,0.081093,-0.006811,-0.0044713,6.0252
0.38168,2.1501,0.081092,-0.0068256,-0.00444,6.0313
0.38174,2.1501,0.081092,-0.0068378,-0.0044158,6.022
0.38179,2.1501,0.081092,-0.0068535,-0.004399,6.0178
0.38184,2.1501,0.081092,-0.0068786,-0.0044046,6.0263
0.38189,2.1501,0.081091,-0.0069007,-0.0043937,6.0091
0.38195,2.1501,0.081091,-0.0069133,-0.0043724,6.0105
0.382,2.1501,0.081091,-0.0069099,-0.0043618,6.0084
0.38205,2.1501,0.081091,-0.0068995,-0.0043296,5.9984
0.38211,2.1501,0.08109,-0.0068835,-0.0042735,5.9901
0.38216,2.1501,0.08109,-0.0068677,-0.004263,6.0052
0.38221,2.1501,0.08109,-0.0068625,-0.0042941,6.0046
0.38226,2.1501,0.08109,-0.0068605,-0.0043355,5.9981
0.38232,2.1501,0.08109,-0.0068592,-0.0043041,6.0028
0.38237,2.1501,0.081089,-0.0068562,-0.0042234,6.0067
0.38242,2.1501,0.081089,-0.0068493,-0.0041096,5.9939
0.38247,2.1501,0.081089,-0.0068365,-0.003938,5.9979
0.38253,2.1501,0.081089,-0.0068158,-0.003734,6.0012
0.38258,2.1501,0.081088,-0.0067956,-0.0035988,5.9901
0.38263,2.1501,0.081088,-0.0067838,-0.0035462,5.9923
0.38268,2.1501,0.081088,-0.0067729,-0.003533,5.9995
0.38274,2.1501,0.081088,-0.0067733,-0.0035193,6.0022
0.38279,2.1501,0.081088,-0.00678,-0.0034912,6
0.38284,2.1501,0.081088,-0.0067879,-0.0034591,6.0095
0.38289,2.1501,0.081087,-0.0067925,-0.0034424,6.0089
0.38295,2.1501,0.081087,-0.0067893,-0.0034044,6.0062
0.383,2.1501,0.081087,-0.0067742,-0.003401,6.0099
0.38305,2.1501,0.081087,-0.0067583,-0.0034346,6.0062
0.38311,2.1501,0.081087,-0.0067345,-0.0034692,5.9924
0.38316,2.1501,0.081086,-0.0067113,-0.0034825,5.9928
0.38321,2.1501,0.081086,-0.0066917,-0.0034669,6.0011
0.38326,2.1501,0.081086,-0.0066814,-0.0034064,5.9894
0.38332,2.1501,0.081086,-0.0066832,-0.0033281,5.9915
0.38337,2.1501,0.081086,-0.0066976,-0.0032174,6.0099
0.38342,2.1501,0.081086,-0.0067227,-0.0031197,5.9914
0.38347,2.1501,0.081085,-0.0067546,-0.0030413,5.9879
0.38353,2.1501,0.081085,-0.0067919,-0.0029489,5.9999
0.38358,2.1501,0.081085,-0.0068182,-0.0028722,5.9961
0.38363,2.1501,0.081085,-0.0068332,-0.0028044,5.9843
0.38368,2.1501,0.081085,-0.0068339,-0.0026745,6.0026
0.38374,2.1501,0.081085,-0.0068151,-0.0025211,6.0052
0.38379,2.1501,0.081085,-0.006787,-0.002361,5.9964
0.38384,2.1501,0.081084,-0.006759,-0.0022164,6.005
0.38389,2.1501,0.081084,-0.0067403,-0.002111,6.017
0.38395,2.1501,0.081084,-0.0067395,-0.0020182,6.0032
0.384,2.1501,0.081084,-0.0067496,-0.0019861,6.0137
0.38405,2.1501,0.081084,-0.0067666,-0.0019621,6.0187
0.38411,2.1501,0.081084,-0.0067845,-0.0018836,6.0108
0.38416,2.1501,0.081084,-0.006795,-0.0017955,6.0107
0.38421,2.1501,0.081084,-0.0068034,-0.0016667,6.0168
0.38426,2.1501,0.081084,-0.0068096,-0.0015221,6.0145
0.38432,2.1501,0.081084,-0.0068136,-0.001382,6.0193
0.38437,2.1501,0.081084,-0.0068155,-0.0012818,6.036
0.38442,2.1501,0.081083,-0.0068153,-0.0012084,6.0312
0.38447,2.1501,0.081083,-0.0068131,-0.0011567,6.0261
0.38453,2.1501,0.081083,-0.0068088,-0.0010921,6.0317
0.38458,2.1501,0.081083,-0.0068025,-0.0010093,6.0293
0.38463,2.1501,0.081083,-0.0067942,-0.00088636,6.0128
0.38468,2.1501,0.081083,-0.006784,-0.00077541,6.0231
0.38474,2.1501,0.081083,-0.0067719,-0.00067117,6.027
0.38479,2.1501,0.081083,-0.0067627,-0.00056427,6.0122
0.38484,2.1501,0.081083,-0.0067434,-0.00045967,6.0147
0.38489,2.1501,0.081083,-0.0067168,-0.00037025,6.0224
0.38495,2.1501,0.081083,-0.0066854,-0.00026229,6.0153
0.385,2.1501,0.081083,-0.0066519,-0.00011511,6.0152
0.38505,2.1501,0.081083,-0.0066184,4.9925e-05,6.0241
0.38511,2.1501,0.081083,-0.006592,0.0002285,6.0135
0.38516,2.1501,0.081083,-0.0065667,0.0004201,6.0044
0.38521,2.1501,0.081083,-0.0065389,0.00059786,6.0227
0.38526,2.1501,0.081083,-0.0064925,0.00073257,6.0201
0.38532,2.1501,0.081083,-0.0064274,0.00087095,6.018
0.38537,2.1501,0.081083,-0.0063585,0.00098358,6.026
0.38542,2.1501,0.081083,-0.006287,0.0011069,6.029
0.38547,2.1501,0.081083,-0.0062166,0.0012221,6.0212
0.38553,2.1501,0.081084,-0.0061482,0.0013744,6.0251
0.38558,2.1501,0.081084,-0.0060874,0.0015256,6.0319
0.38563,2.1501,0.081084,-0.0060293,0.0016269,6.0196
0.38568,2.1501,0.081084,-0.0059644,0.0017334,6.0229
0.38574,2.1501,0.081084,-0.0058967,0.0018511,6.0307
0.38579,2.1501,0.081084,-0.0058423,0.0019269,6.0265
0.38584,2.1501,0.081084,-0.0057969,0.0020258,6.0273
0.38589,2.1501,0.081084,-0.0057639,0.0020959,6.0414
0.38595,2.1501,0.081084,-0.0057263,0.0022181,6.0457
0.386,2.1501,0.081084,-0.0057007,0.0023039,6.0387
0.38605,2.1501,0.081085,-0.0056656,0.0023596,6.0456
0.38611,2.1501,0.081085,-0.0056181,0.0024364,6.0419
0.38616,2.1501,0.081085,-0.0055729,0.0025246,6.0296
0.38621,2.1501,0.081085,-0.0055265,0.0026227,6.0296
0.38626,2.1501,0.081085,-0.0054777,0.0027653,6.0328
0.38632,2.1501,0.081085,-0.0054279,0.0029287,6.0229
0.38637,2.1501,0.081085,-0.0053656,0.0031591,6.0205
0.38642,2.1501,0.081086,-0.0052995,0.0033407,6.0306
0.38647,2.1501,0.081086,-0.0052159,0.0035069,6.0204
0.38653,2.1501,0.081086,-0.0051342,0.0036817,6.0263
0.38658,2.1501,0.081086,-0.0050727,0.0038308,6.0288
0.38663,2.1501,0.081086,-0.0050164,0.0039693,6.0194
0.38668,2.1501,0.081087,-0.0049684,0.0041213,6.0202
0.38674,2.1501,0.081087,-0.0049343,0.0042764,6.0281
0.38679,2.1501,0.081087,-0.0048994,0.0044323,6.0282
0.38684,2.1501,0.081087,-0.0048675,0.0045461,6.0218
0.38689,2.1501,0.081088,-0.004827,0.0046327,6.0307
0.38695,2.15,0.081088,-0.0047773,0.0047043,6.0322
0.387,2.15,0.081088,-0.0047279,0.0047258,6.0273
0.38705,2.15,0.081088,-0.004673,0.0047306,6.0288
0.38711,2.15,0.081089,-0.0046244,0.004743,6.0303
0.38716,2.15,0.081089,-0.0045887,0.0047471,6.0189
0.38721,2.15,0.081089,-0.0045618,0.0047257,6.0127
0.38726,2.15,0.081089,-0.0045399,0.0047063,6.0247
0.38732,2.15,0.08109,-0.0045192,0.0047117,6.0102
0.38737,2.15,0.08109,-0.0044812,0.004752,6.0137
0.38742,2.15,0.08109,-0.004441,0.0048306,6.0203
0.38747,2.15,0.08109,-0.0043906,0.0049484,6.0152
0.38753,2.15,0.081091,-0.0043372,0.0051133,6.01
0.38758,2.15,0.081091,-0.0042879,0.0052655,6.0143
0.38763,2.15,0.081091,-0.0042493,0.0053985,6.0144
0.38768,2.15,0.081091,-0.0042175,0.0055092,5.9982
0.38774,2.15,0.081092,-0.0041888,0.005589,5.9992
0.38779,2.15,0.081092,-0.0041547,0.0056292,6.0036
0.38784,2.15,0.081092,-0.004125,0.0056335,5.9948
0.38789,2.15,0.081093,-0.0040889,0.0056123,6.0008
0.38795,2.15,0.081093,-0.0040538,0.005584,6.0095
0.388,2.15,0.081093,-0.0040219,0.005525,6
0.38805,2.15,0.081093,-0.0039954,0.0054738,5.9998
0.38811,2.15,0.081094,-0.0039763,0.0054161,6.005
0.38816,2.15,0.081094,-0.0039514,0.005366,5.9956
0.38821,2.15,0.081094,-0.0039305,0.0052989,5.9871
0.38826,2.15,0.081095,-0.0039008,0.0051985,6.0019
0.38832,2.15,0.081095,-0.0038697,0.0050419,6.0034
0.38837,2.15,0.081095,-0.0038316,0.0048522,5.9993
0.38842,2.15,0.081095,-0.0037835,0.0046515,6.0209
0.38847,2.15,0.081096,-0.0037248,0.0044594,6.0235
0.38853,2.15,0.081096,-0.0036573,0.0043128,6.0143
0.38858,2.15,0.081096,-0.003585,0.004205,6.0219
0.38863,2.15,0.081096,-0.0035138,0.0040918,6.0267
0.38868,2.15,0.081096,-0.0034368,0.0039308,6.0128
0.38874,2.15,0.081097,-0.0033671,0.0037345,6.0126
0.38879,2.15,0.081097,-0.0032949,0.0034993,6.0251
0.38884,2.15,0.081097,-0.0032285,0.0032403,6.0164
0.38889,2.15,0.081097,-0.003178,0.00301,6.0241
0.38895,2.15,0.081097,-0.0031335,0.002856,6.0301
0.389,2.15,0.081097,-0.0030981,0.0027849,6.0221
0.38905,2.15,0.081098,-0.0030726,0.0027484,6.0182
0.38911,2.15,0.081098,-0.0030553,0.0027499,6.0328
0.38916,2.15,0.081098,-0.0030425,0.0027693,6.031
0.38921,2.15,0.081098,-0.0030283,0.0027616,6.0179
0.38926,2.15,0.081098,-0.0030198,0.002735,6.0229
0.38932,2.15,0.081098,-0.003019,0.002717,6.0326
0.38937,2.15,0.081098,-0.0030178,0.0027207,6.0211
0.38942,2.15,0.081099,-0.0030082,0.0027591,6.028
0.38947,2.15,0.081099,-0.002992,0.0027973,6.0384
0.38953,2.15,0.081099,-0.0029716,0.002859,6.0352
0.38958,2.15,0.081099,-0.002949,0.0029049,6.0398
0.38963,2.15,0.081099,-0.0029266,0.0029485,6.0423
0.38968,2.15,0.081099,-0.002907,0.0029929,6.042
0.38974,2.15,0.0811,-0.0028926,0.0030368,6.0402
0.38979,2.15,0.0811,-0.0028863,0.0030803,6.0466
0.38984,2.15,0.0811,-0.002875,0.0031233,6.0436
0.38989,2.15,0.0811,-0.0028637,0.0031658,6.0442
0.38995,2.15,0.0811,-0.0028523,0.0032077,6.0587
0.39,2.15,0.0811,-0.0028408,0.0032642,6.064
0.39005,2.15,0.081101,-0.0028293,0.0033092,6.0618
0.39011,2.15,0.081101,-0.0028179,0.0033249,6.0742
0.39016,2.15,0.081101,-0.0028064,0.0032868,6.0739
0.39021,2.15,0.081101,-0.0027951,0.0032196,6.0664
0.39026,2.15,0.081101,-0.0027839,0.0031465,6.0652
0.39032,2.15,0.081101,-0.0027728,0.0030898,6.0757
0.39037,2.15,0.081102,-0.0027618,0.0030704,6.0649
0.39042,2.15,0.081102,-0.0027511,0.0031083,6.063
0.39047,2.15,0.081102,-0.0027406,0.0031743,6.0746
0.39053,2.15,0.081102,-0.0027303,0.0032487,6.0706
0.39058,2.15,0.081102,-0.0027204,0.0033055,6.0674
0.39063,2.15,0.081102,-0.0027107,0.0033609,6.0826
0.39068,2.15,0.081103,-0.0027014,0.0034148,6.0778
0.39074,2.15,0.081103,-0.0026925,0.0034672,6.0669
0.39079,2.15,0.081103,-0.0026839,0.0035183,6.066
0.39084,2.15,0.081103,-0.0026758,0.003568,6.0691
0.39089,2.15,0.081103,-0.0026732,0.0036166,6.0641
0.39095,2.15,0.081104,-0.002663,0.003664,6.072
0.391,2.15,0.081104,-0.0026472,0.0037103,6.0798
0.39105,2.15,0.081104,-0.0026279,0.0037555,6.0774
0.39111,2.15,0.081104,-0.0026072,0.0037994,6.0866
0.39116,2.15,0.081104,-0.0025877,0.003842,6.0943
0.39121,2.15,0.081105,-0.0025716,0.0038833,6.0798
0.39126,2.15,0.081105,-0.0025618,0.0039233,6.0789
0.39132,2.15,0.081105,-0.0025658,0.0039628,6.0877
0.39137,2.15,0.081105,-0.0025576,0.003999,6.0884
0.39142,2.15,0.081105,-0.0025441,0.0040323,6.0786
0.39147,2.15,0.081106,-0.0025272,0.0040631,6.0908
0.39153,2.15,0.081106,-0.0025143,0.0041072,6.0968
0.39158,2.15,0.081106,-0.0024996,0.0041391,6.0911
0.39163,2.15,0.081106,-0.0024743,0.0041415,6.0986
0.39168,2.15,0.081106,-0.0024503,0.0041059,6.1052
0.39174,2.15,0.081107,-0.0024212,0.0040158,6.0914
0.39179,2.15,0.081107,-0.0023807,0.0039006,6.0921
0.39184,2.15,0.081107,-0.0023405,0.0037921,6.0988
0.39189,2.15,0.081107,-0.0023077,0.0037343,6.0959
0.39195,2.15,0.081107,-0.0022901,0.003713,6.091
0.392,2.15,0.081108,-0.0022797,0.0037301,6.0955
0.39205,2.15,0.081108,-0.0022761,0.0037231,6.0957
0.39211,2.15,0.081108,-0.0022735,0.0037612,6.0946
0.39216,2.15,0.081108,-0.0022611,0.0037459,6.1005
0.39221,2.15,0.081108,-0.0022457,0.0037496,6.096
0.39226,2.15,0.081109,-0.0022295,0.0037124,6.0866
0.39232,2.15,0.081109,-0.0022149,0.003684,6.0922
0.39237,2.15,0.081109,-0.0022043,0.0036079,6.0946
0.39242,2.15,0.081109,-0.0022004,0.0035338,6.0871
0.39247,2.15,0.081109,-0.0022059,0.0034352,6.0959
0.39253,2.15,0.08111,-0.0022129,0.0034598,6.1078
0.39258,2.15,0.08111,-0.002213,0.0035001,6.0995
0.39263,2.15,0.08111,-0.0022133,0.0035711,6.1005
0.39268,2.15,0.08111,-0.0022027,0.0036077,6.1167
0.39274,2.15,0.08111,-0.0021854,0.0036702,6.0976
0.39279,2.15,0.081111,-0.0021658,0.0036979,6.0926
0.39284,2.15,0.081111,-0.0021487,0.0036953,6.1024
0.39289,2.15,0.081111,-0.0021389,0.0036467,6.0971
0.39295,2.15,0.081111,-0.0021417,0.0036401,6.0869
0.393,2.15,0.081111,-0.0021466,0.0036258,6.0922
0.39305,2.15,0.081111,-0.0021612,0.0035844,6.1004
0.39311,2.15,0.081112,-0.0021775,0.0035453,6.0917
0.39316,2.15,0.081112,-0.0021923,0.0035121,6.0985
0.39321,2.15,0.081112,-0.0021993,0.0034864,6.0959
0.39326,2.15,0.081112,-0.0021947,0.0034811,6.09
0.39332,2.15,0.081112,-0.0021764,0.0034967,6.0919
0.39337,2.15,0.081113,-0.0021451,0.0035729,6.0974
0.39342,2.15,0.081113,-0.0021036,0.0036888,6.0894
0.39347,2.15,0.081113,-0.0020525,0.0038449,6.0898
0.39353,2.15,0.081113,-0.0020079,0.003981,6.0973
0.39358,2.15,0.081113,-0.0019714,0.004098,6.0975
0.39363,2.15,0.081114,-0.0019469,0.0041731,6.0929
0.39368,2.15,0.081114,-0.0019414,0.004228,6.1028
0.39374,2.15,0.081114,-0.0019463,0.0042906,6.098
0.39379,2.15,0.081114,-0.0019525,0.0043348,6.0848
0.39384,2.15,0.081115,-0.0019506,0.0043851,6.086
0.39389,2.15,0.081115,-0.0019305,0.004475,6.0905
0.39395,2.15,0.081115,-0.0018974,0.0045389,6.0832
0.394,2.15,0.081115,-0.0018543,0.0046174,6.0876
0.39405,2.15,0.081115,-0.0018066,0.0046934,6.1027
0.39411,2.15,0.081116,-0.0017625,0.0047925,6.0953
0.39416,2.15,0.081116,-0.0017174,0.0048534,6.094
0.39421,2.15,0.081116,-0.0016711,0.004866,6.1037
0.39426,2.15,0.081117,-0.0016237,0.0048723,6.0947
0.39432,2.15,0.081117,-0.0015752,0.0048975,6.0921
0.39437,2.15,0.081117,-0.0015256,0.0049232,6.096
0.39442,2.15,0.081117,-0.0014749,0.0049989,6.088
0.39447,2.15,0.081118,-0.001423,0.0051184,6.0812
0.39453,2.15,0.081118,-0.0013701,0.0052423,6.093
0.39458,2.15,0.081118,-0.001316,0.0052986,6.0888
0.39463,2.15,0.081118,-0.0012608,0.0053162,6.0815
0.39468,2.15,0.081119,-0.0012045,0.0052964,6.0929
0.39474,2.15,0.081119,-0.0011421,0.0052557,6.0953
0.39479,2.15,0.081119,-0.0010866,0.0052139,6.0839
0.39484,2.15,0.081119,-0.0010362,0.0051895,6.0918
0.39489,2.15,0.08112,-0.00098874,0.0051665,6.0976
0.39495,2.15,0.08112,-0.00094205,0.0051483,6.0929
0.395,2.15,0.08112,-0.00089379,0.0051337,6.0943
0.39505,2.15,0.081121,-0.0008365,0.0051231,6.1044
0.39511,2.15,0.081121,-0.00077571,0.0051141,6.1002
0.39516,2.15,0.081121,-0.00071487,0.005111,6.1008
0.39521,2.15,0.081121,-0.00067103,0.0051153,6.1153
0.39526,2.15,0.081122,-0.00064631,0.0051221,6.1146
0.39532,2.15,0.081122,-0.00062713,0.0051351,6.1119
0.39537,2.15,0.081122,-0.00061255,0.0051528,6.1268
0.39542,2.15,0.081122,-0.00059919,0.005175,6.1264
0.39547,2.15,0.081123,-0.00058609,0.0052013,6.1238
0.39553,2.15,0.081123,-0.00056725,0.0052301,6.1283
0.39558,2.15,0.081123,-0.00054709,0.0052636,6.1353
0.39563,2.15,0.081124,-0.00053533,0.005289,6.1304
0.39568,2.15,0.081124,-0.00052878,0.005344,6.1337
0.39574,2.15,0.081124,-0.00051068,0.0054206,6.1415
0.39579,2.15,0.081124,-0.00048419,0.0055074,6.132
0.39584,2.15,0.081125,-0.00044504,0.005596,6.1377
0.39589,2.15,0.081125,-0.00040951,0.0056808,6.146
0.39595,2.15,0.081125,-0.00036061,0.0057584,6.138
0.396,2.15,0.081126,-0.00031965,0.0058218,6.1306
0.39605,2.15,0.081126,-0.00029066,0.0058647,6.1334
0.39611,2.15,0.081126,-0.00025946,0.0059265,6.14
0.39616,2.15,0.081127,-0.0002295,0.0059883,6.1362
0.39621,2.15,0.081127,-0.00020206,0.0060515,6.1385
0.39626,2.15,0.081127,-0.00017605,0.0061152,6.1463
0.39632,2.15,0.081128,-0.00016374,0.0061803,6.1381
0.39637,2.15,0.081128,-0.00015721,0.0062502,6.1366
0.39642,2.15,0.081128,-0.00017155,0.0063089,6.1417
0.39647,2.15,0.081129,-0.00018842,0.0063942,6.1317
0.39653,2.15,0.081129,-0.00018848,0.0064985,6.1265
0.39658,2.15,0.081129,-0.00018559,0.0065949,6.1359
0.39663,2.15,0.08113,-0.00017594,0.0067058,6.1322
0.39668,2.15,0.08113,-0.00015291,0.0068413,6.1292
0.39674,2.15,0.08113,-0.00013036,0.0070175,6.1395
0.39679,2.15,0.081131,-0.00010448,0.0072051,6.14
0.39684,2.15,0.081131,-8.7059e-05,0.0073748,6.1351
0.39689,2.15,0.081131,-7.9731e-05,0.0075432,6.1455
0.39695,2.15,0.081132,-7.3439e-05,0.007678,6.1362
0.397,2.15,0.081132,-7.4418e-05,0.0077565,6.1228
0.39705,2.15,0.081133,-7.0809e-05,0.0078079,6.1337
0.39711,2.15,0.081133,-5.5147e-05,0.0078535,6.1383
0.39716,2.15,0.081134,-3.0349e-05,0.0079218,6.1338
0.39721,2.15,0.081134,4.8588e-07,0.0079935,6.1409
0.39726,2.15,0.081134,3.4076e-05,0.0080628,6.1427
0.39732,2.15,0.081135,5.1171e-05,0.0081344,6.1321
0.39737,2.15,0.081135,6.5717e-05,0.0082094,6.1289
0.39742,2.15,0.081136,6.8982e-05,0.0082697,6.138
0.39747,2.15,0.081136,6.7571e-05,0.0083531,6.1306
0.39753,2.15,0.081137,6.8457e-05,0.0084562,6.1154
0.39758,2.15,0.081137,7.8984e-05,0.0085745,6.1193
0.39763,2.15,0.081137,9.611e-05,0.0087012,6.1187
0.39768,2.15,0.081138,0.00011661,0.0088236,6.1181
0.39774,2.15,0.081138,0.00013205,0.0089384,6.1261
0.39779,2.15,0.081139,0.00015198,0.0090376,6.1251
0.39784,2.15,0.081139,0.00016564,0.0091103,6.1159
0.39789,2.15,0.08114,0.0001801,0.0091977,6.1285
0.39795,2.15,0.08114,0.00019782,0.0092847,6.123
0.398,2.15,0.081141,0.00022138,0.0093732,6.1128
0.39805,2.15,0.081141,0.00025346,0.0094663,6.1071
0.39811,2.15,0.081142,0.00028111,0.0095456,6.1186
0.39816,2.15,0.081142,0.00031411,0.0096322,6.1113
0.39821,2.15,0.081143,0.00033933,0.0097486,6.1079
0.39826,2.15,0.081143,0.00036376,0.0099186,6.1199
0.39832,2.15,0.081144,0.00038136,0.010125,6.1183
0.39837,2.15,0.081144,0.00038817,0.010345,6.1115
0.39842,2.15,0.081145,0.00038246,0.010561,6.1175
0.39847,2.15,0.081146,0.00036479,0.010734,6.1137
0.39853,2.15,0.081146,0.00033819,0.010864,6.1028
0.39858,2.15,0.081147,0.00030825,0.010993,6.1058
0.39863,2.15,0.081147,0.00026747,0.011168,6.1083
0.39868,2.15,0.081148,0.00022879,0.011378,6.0984
0.39874,2.15,0.081149,0.00018239,0.011631,6.1035
0.39879,2.15,0.081149,0.00013635,0.011898,6.1093
0.39884,2.15,0.08115,0.00010182,0.012152,6.0995
0.39889,2.15,0.08115,6.9694e-05,0.012357,6.1014
0.39895,2.15,0.081151,4.3788e-05,0.012515,6.1042
0.399,2.15,0.081152,2.5696e-05,0.012676,6.1009
0.39905,2.15,0.081152,1.4691e-05,0.012852,6.0908
0.39911,2.15,0.081153,7.5984e-06,0.013016,6.0954
0.39916,2.15,0.081154,-1.3319e-06,0.013201,6.0946
0.39921,2.15,0.081155,-4.7642e-06,0.013384,6.0858
0.39926,2.15,0.081155,0,0.013557,6.0943
0.39932,2.15,0.081156,0,0.01371,6.0978
0.39937,2.15,0.081157,0,0.013836,6.0863
0.39942,2.15,0.081157,0,0.013975,6.0929
0.39947,2.15,0.081158,0,0.014111,6.0968
0.39953,2.15,0.081159,0,0.014247,6.0869
0.39958,2.15,0.08116,0,0.014381,6.0822
0.39963,2.15,0.08116,0,0.014512,6.0982
0.39968,2.15,0.081161,0,0.014639,6.0902
0.39974,2.15,0.081162,0,0.014762,6.089
0.39979,2.15,0.081163,0,0.014884,6.1002
0.39984,2.15,0.081164,0,0.015004,6.0989
0.39989,2.15,0.081164,0,0.015121,6.0881
0.39995,2.15,0.081165,0,0.015218,6.0945
0.4,2.15,0.081166,0,0.015324,6.0838
0.40005,2.15,0.081167,0,0.015458,6.0812
0.40011,2.15,0.081168,0,0.015649,6.0826
0.40016,2.15,0.081168,0,0.015875,6.085
0.40021,2.15,0.081169,0,0.016115,6.0722
0.40026,2.15,0.08117,0,0.016346,6.0829
0.40032,2.15,0.081171,0,0.016545,6.0955
0.40037,2.15,0.081172,0,0.016689,6.0872
0.40042,2.15,0.081173,0,0.016805,6.0863
0.40047,2.15,0.081174,0,0.016907,6.0964
0.40053,2.15,0.081175,0,0.017022,6.0885
0.40058,2.15,0.081175,0,0.01713,6.0817
0.40063,2.15,0.081176,0,0.017234,6.0906
0.40068,2.15,0.081177,0,0.017332,6.0866
0.40074,2.15,0.081178,0,0.017427,6.0767
0.40079,2.15,0.081179,0,0.017518,6.0898
0.40084,2.15,0.08118,0,0.017605,6.0961
0.40089,2.15,0.081181,0,0.017689,6.0936
0.40095,2.15,0.081182,0,0.017769,6.0987
0.401,2.15,0.081183,0,0.017848,6.1063
0.40105,2.15,0.081184,0,0.017924,6.0974
0.40111,2.15,0.081185,0,0.017996,6.0931
0.40116,2.15,0.081186,0,0.01806,6.1018
0.40121,2.15,0.081187,0,0.018114,6.1018
0.40126,2.15,0.081188,0,0.018161,6.1037
0.40132,2.15,0.081189,0,0.018204,6.1168
0.40137,2.15,0.08119,0,0.018243,6.1131
0.40142,2.15,0.08119,0,0.01828,6.1067
0.40147,2.15,0.081191,0,0.018295,6.1221
0.40153,2.15,0.081192,0,0.018315,6.1123
0.40158,2.15,0.081193,0,0.018356,6.1044
0.40163,2.15,0.081194,0,0.018431,6.1007
0.40168,2.15,0.081195,0,0.018566,6.1114
0.40174,2.15,0.081196,0,0.018733,6.104
0.40179,2.15,0.081197,0,0.018905,6.1085
0.40184,2.15,0.081198,0,0.019036,6.127
0.40189,2.15,0.081199,0,0.019133,6.118
0.40195,2.15,0.0812,0,0.019191,6.1219
0.402,2.15,0.081201,0,0.019256,6.1299
0.40205,2.15,0.081202,0,0.019311,6.1213
0.40211,2.15,0.081203,0,0.019413,6.1091
0.40216,2.15,0.081204,0,0.019509,6.1152
0.40221,2.15,0.081205,0,0.019619,6.1163
0.40226,2.15,0.081206,0,0.019699,6.1096
0.40232,2.15,0.081207,0,0.019807,6.1199
0.40237,2.15,0.081209,0,0.0199,6.1233
0.40242,2.15,0.08121,0,0.019998,6.1204
0.40247,2.15,0.081211,0,0.020041,6.128
0.40253,2.15,0.081212,0,0.020085,6.1301
0.40258,2.15,0.081213,0,0.020131,6.1154
0.40263,2.15,0.081214,0,0.020201,6.1142
0.40268,2.15,0.081215,0,0.02024,6.13
0.40274,2.15,0.081216,0,0.020301,6.1249
0.40279,2.15,0.081217,0,0.020374,6.1251
0.40284,2.15,0.081218,0,0.020456,6.1405
0.40289,2.15,0.081219,0,0.020534,6.1358
0.40295,2.15,0.08122,0,0.020641,6.1273
0.403,2.15,0.081221,0,0.020794,6.1334
0.40305,2.15,0.081222,0,0.020959,6.1259
0.40311,2.15,0.081224,0,0.021126,6.1114
0.40316,2.15,0.081225,0,0.021285,6.1088
0.40321,2.15,0.081226,0,0.021416,6.112
0.40326,2.15,0.081227,0,0.021507,6.1105
0.40332,2.15,0.081228,0,0.02155,6.1135
0.40337,2.15,0.081229,0,0.021548,6.127
0.40342,2.15,0.08123,0,0.021494,6.1159
0.40347,2.15,0.081231,0,0.021448,6.1189
0.40353,2.15,0.081233,0,0.021412,6.1199
0.40358,2.15,0.081234,0,0.021408,6.1053
0.40363,2.15,0.081235,0,0.021422,6.1006
0.40368,2.15,0.081236,0,0.021424,6.1034
0.40374,2.15,0.081237,0,0.021441,6.0999
0.40379,2.15,0.081238,0,0.021451,6.0884
0.40384,2.15,0.081239,0,0.021415,6.0991
0.40389,2.15,0.081241,0,0.0214,6.1028
0.40395,2.15,0.081242,0,0.021369,6.0932
0.404,2.15,0.081243,0,0.021335,6.1011
0.40405,2.15,0.081244,0,0.02129,6.1013
0.40411,2.15,0.081245,0,0.021251,6.0938
0.40416,2.15,0.081246,0,0.021241,6.0912
0.40421,2.15,0.081247,0,0.021223,6.1043
0.40426,2.15,0.081248,0,0.021175,6.0972
0.40432,2.15,0.081249,0,0.021124,6.0911
0.40437,2.15,0.081251,0,0.021023,6.1042
0.40442,2.15,0.081252,0,0.020884,6.107
0.40447,2.15,0.081253,0,0.020756,6.1002
0.40453,2.15,0.081254,0,0.020673,6.1101
0.40458,2.15,0.081255,0,0.020626,6.105
0.40463,2.15,0.081256,0,0.020617,6.0949
0.40468,2.15,0.081257,0,0.020635,6.1009
0.40474,2.15,0.081258,0,0.020662,6.1004
0.40479,2.15,0.081259,0,0.020674,6.0873
0.40484,2.15,0.08126,0,0.020691,6.0981
0.40489,2.15,0.081261,0,0.020709,6.1082
0.40495,2.15,0.081263,0,0.020731,6.1045
0.405,2.15,0.081264,-4.7642e-06,0.020753,6.1043
0.40505,2.15,0.081265,-6.0961e-06,0.02078,6.1264
0.40511,2.15,0.081266,1.5024e-06,0.020808,6.1135
0.40516,2.15,0.081267,2.0958e-05,0.020836,6.1048
0.40521,2.15,0.081268,5.2749e-05,0.020865,6.1098
0.40526,2.15,0.081269,9.9799e-05,0.020893,6.1117
0.40532,2.15,0.08127,0.00014987,0.02092,6.1058
0.40537,2.15,0.081271,0.00019134,0.020949,6.1098
0.40542,2.15,0.081272,0.0002132,0.020976,6.115
0.40547,2.15,0.081274,0.00022003,0.021,6.1051
0.40553,2.15,0.081275,0.00021369,0.021025,6.1165
0.40558,2.15,0.081276,0.00019827,0.021062,6.1292
0.40563,2.15,0.081277,0.00017991,0.021074,6.1151
0.40568,2.15,0.081278,0.00016673,0.021067,6.119
0.40574,2.15,0.081279,0.0001537,0.021048,6.1183
0.40579,2.15,0.08128,0.00013605,0.021031,6.1109
0.40584,2.15,0.081281,0.00012675,0.020999,6.1124
0.40589,2.15,0.081282,0.0001231,0.021002,6.1245
0.40595,2.15,0.081284,0.00012253,0.021041,6.1261
0.406,2.15,0.081285,0.00011782,0.02111,6.1188
0.40605,2.15,0.081286,0.00011962,0.021168,6.1348
0.40611,2.15,0.081287,0.00012302,0.021222,6.1317
0.40616,2.15,0.081288,0.00012338,0.021264,6.1261
0.40621,2.15,0.081289,0.00011629,0.021292,6.1224
0.40626,2.15,0.08129,0.00011256,0.021294,6.1248
0.40632,2.15,0.081291,0.00010497,0.021312,6.118
0.40637,2.15,0.081292,9.1438e-05,0.021344,6.1281
0.40642,2.15,0.081294,7.0007e-05,0.021349,6.1385
0.40647,2.15,0.081295,5.381e-05,0.021337,6.1334
0.40653,2.15,0.081296,3.7824e-05,0.02133,6.139
0.40658,2.15,0.081297,1.7285e-05,0.021309,6.1501
0.40663,2.15,0.081298,3.8881e-07,0.021262,6.1406
0.40668,2.15,0.081299,-2.6018e-06,0.02117,6.1442
0.40674,2.15,0.0813,-1.721e-06,0.021056,6.1521
0.40679,2.15,0.081301,6.2091e-06,0.020937,6.1493
0.40684,2.15,0.081302,2.1918e-05,0.020835,6.138
0.40689,2.15,0.081304,4.3809e-05,0.020768,6.1464
0.40695,2.15,0.081305,6.8083e-05,0.020778,6.1545
0.407,2.15,0.081306,8.8861e-05,0.020866,6.147
0.40705,2.15,0.081307,0.00011327,0.02099,6.1567
0.40711,2.15,0.081308,0.00014331,0.021099,6.1604
0.40716,2.15,0.081309,0.00016587,0.021185,6.1545
0.40721,2.15,0.08131,0.000186,0.021227,6.1606
0.40726,2.15,0.081311,0.00020374,0.021253,6.1628
0.40732,2.15,0.081312,0.00021911,0.021231,6.1531
0.40737,2.15,0.081314,0.00023215,0.021215,6.1516
0.40742,2.15,0.081315,0.00024288,0.021189,6.1649
0.40747,2.15,0.081316,0.00025133,0.021142,6.1671
0.40753,2.15,0.081317,0.00025754,0.021078,6.1606
0.40758,2.15,0.081318,0.0002663,0.021006,6.1787
0.40763,2.15,0.081319,0.00026945,0.020936,6.1761
0.40768,2.15,0.08132,0.00025674,0.020878,6.1687
0.40774,2.15,0.081321,0.00023825,0.020838,6.174
0.40779,2.15,0.081322,0.00021083,0.020832,6.1738
0.40784,2.15,0.081324,0.00016901,0.020814,6.1642
0.40789,2.15,0.081325,0.00012262,0.0208,6.1728
0.40795,2.15,0.081326,8.0976e-05,0.020785,6.1788
0.408,2.15,0.081327,5.2928e-05,0.020767,6.1721
0.40805,2.15,0.081328,3.1848e-05,0.020745,6.1728
0.40811,2.15,0.081329,1.3936e-05,0.020725,6.1897
0.40816,2.15,0.08133,8.2817e-06,0.020704,6.1851
0.40821,2.15,0.081331,8.5048e-06,0.020685,6.1757
0.40826,2.15,0.081332,-1.6712e-06,0.020669,6.1825
0.40832,2.15,0.081333,-2.7455e-05,0.020657,6.1821
0.40837,2.15,0.081334,-6.3547e-05,0.020649,6.1777
0.40842,2.15,0.081335,-0.0001049,0.020626,6.183
0.40847,2.15,0.081337,-0.00014195,0.020615,6.1881
0.40853,2.15,0.081338,-0.00017833,0.020636,6.1859
0.40858,2.15,0.081339,-0.00021525,0.020713,6.1909
0.40863,2.15,0.08134,-0.00025632,0.020803,6.1988
0.40868,2.15,0.081341,-0.00030497,0.020911,6.1908
0.40874,2.15,0.081342,-0.00035717,0.02103,6.1925
0.40879,2.15,0.081343,-0.00040911,0.021165,6.1956
0.40884,2.15,0.081344,-0.0004644,0.021269,6.19
0.40889,2.15,0.081345,-0.00051152,0.021347,6.183
0.40895,2.15,0.081347,-0.0005545,0.021384,6.1962
0.409,2.15,0.081348,-0.00059471,0.021429,6.1848
0.40905,2.15,0.081349,-0.0006357,0.02143,6.1853
0.40911,2.15,0.08135,-0.00066814,0.021411,6.1998
0.40916,2.15,0.081351,-0.00068796,0.021386,6.1935
0.40921,2.15,0.081352,-0.00070153,0.021375,6.1884
0.40926,2.15,0.081353,-0.00072515,0.021354,6.1935
0.40932,2.15,0.081354,-0.00076401,0.021315,6.188
0.40937,2.15,0.081356,-0.00081282,0.021254,6.1779
0.40942,2.15,0.081357,-0.00086653,0.021213,6.1783
0.40947,2.15,0.081358,-0.00092033,0.021171,6.1895
0.40953,2.15,0.081359,-0.00096968,0.021131,6.1839
0.40958,2.15,0.08136,-0.0010103,0.021093,6.186
0.40963,2.15,0.081361,-0.001038,0.021058,6.1981
0.40968,2.15,0.081362,-0.0010641,0.021025,6.1918
0.40974,2.15,0.081363,-0.0010966,0.020995,6.1859
0.40979,2.15,0.081364,-0.0011304,0.020967,6.1926
0.40984,2.15,0.081366,-0.0011655,0.020946,6.1847
0.40989,2.15,0.081367,-0.0012019,0.020926,6.177
0.40995,2.15,0.081368,-0.0012395,0.020909,6.1896
0.41,2.15,0.081369,-0.0012784,0.020893,6.1907
0.41005,2.15,0.08137,-0.0013137,0.020875,6.1826
0.41011,2.15,0.081371,-0.0013536,0.020857,6.1852
0.41016,2.15,0.081372,-0.0014035,0.02084,6.192
0.41021,2.15,0.081373,-0.0014664,0.020825,6.1868
0.41026,2.15,0.081374,-0.0015475,0.020798,6.1898
0.41032,2.15,0.081375,-0.0016319,0.020796,6.1884
0.41037,2.15,0.081376,-0.0017231,0.02081,6.1821
0.41042,2.15,0.081378,-0.0018092,0.020819,6.1789
0.41047,2.15,0.081379,-0.0018791,0.020841,6.1905
0.41053,2.15,0.08138,-0.0019371,0.020887,6.184
0.41058,2.15,0.081381,-0.0019852,0.020957,6.1863
0.41063,2.15,0.081382,-0.002027,0.021048,6.2002
0.41068,2.15,0.081383,-0.0020687,0.021163,6.1998
0.41074,2.15,0.081384,-0.0021033,0.021291,6.1891
0.41079,2.15,0.081385,-0.0021438,0.021404,6.1936
0.41084,2.15,0.081386,-0.0021852,0.021484,6.1937
0.41089,2.15,0.081388,-0.0022274,0.021555,6.1814
0.41095,2.15,0.081389,-0.0022705,0.021622,6.1836
0.411,2.15,0.08139,-0.0023144,0.021691,6.191
0.41105,2.15,0.081391,-0.002359,0.021772,6.1835
0.41111,2.15,0.081392,-0.0024044,0.021874,6.1888
0.41116,2.15,0.081393,-0.0024505,0.02196,6.1998
0.41121,2.15,0.081395,-0.0024972,0.022041,6.1908
0.41126,2.15,0.081396,-0.0025447,0.022118,6.1846
0.41132,2.15,0.081397,-0.0025927,0.022189,6.1886
0.41137,2.15,0.081398,-0.0026413,0.022254,6.1784
0.41142,2.15,0.081399,-0.0026905,0.022314,6.1716
0.41147,2.15,0.0814,-0.0027402,0.022369,6.1747
0.41153,2.15,0.081402,-0.0027904,0.022425,6.1743
0.41158,2.15,0.081403,-0.002841,0.022494,6.1695
0.41163,2.15,0.081404,-0.0028922,0.022547,6.1765
0.41168,2.15,0.081405,-0.0029437,0.022554,6.1791
0.41174,2.15,0.081406,-0.0029956,0.022528,6.1768
0.41179,2.15,0.081407,-0.0030478,0.022481,6.1855
0.41184,2.15,0.081409,-0.0031003,0.022429,6.1953
0.41189,2.15,0.08141,-0.0031532,0.022389,6.1864
0.41195,2.15,0.081411,-0.0032063,0.022371,6.19
0.412,2.15,0.081412,-0.0032596,0.022394,6.2037
0.41205,2.15,0.081413,-0.0033131,0.022421,6.2046
0.41211,2.15,0.081415,-0.0033668,0.022432,6.2176
0.41216,2.15,0.081416,-0.0034206,0.02244,6.2324
0.41221,2.15,0.081417,-0.0034745,0.022445,6.2381
0.41226,2.15,0.081418,-0.0035285,0.022446,6.2241
0.41232,2.15,0.081419,-0.0035826,0.022443,6.2369
0.41237,2.15,0.08142,-0.0036366,0.022431,6.2335
0.41242,2.15,0.081422,-0.0036907,0.02243,6.224
0.41247,2.15,0.081423,-0.0037447,0.022399,6.2241
0.41253,2.15,0.081424,-0.0037986,0.022346,6.2258
0.41258,2.15,0.081425,-0.0038524,0.022277,6.2172
0.41263,2.15,0.081426,-0.0039061,0.022199,6.2237
0.41268,2.15,0.081427,-0.0039596,0.022118,6.2335
0.41274,2.15,0.081429,-0.0040129,0.022044,6.2281
0.41279,2.15,0.08143,-0.004066,0.021983,6.2307
0.41284,2.15,0.081431,-0.0041189,0.021943,6.2388
0.41289,2.15,0.081432,-0.0041714,0.021884,6.2299
0.41295,2.15,0.081433,-0.0042236,0.021819,6.2246
0.413,2.15,0.081434,-0.0042755,0.021745,6.2298
0.41305,2.15,0.081436,-0.004327,0.021666,6.2323
0.41311,2.15,0.081437,-0.0043782,0.021582,6.2275
0.41316,2.15,0.081438,-0.0044288,0.021495,6.2369
0.41321,2.15,0.081439,-0.004479,0.021407,6.2405
0.41326,2.15,0.08144,-0.0045287,0.021316,6.2323
0.41332,2.15,0.081441,-0.0045779,0.02122,6.2401
0.41337,2.15,0.081442,-0.0046265,0.02112,6.2436
0.41342,2.15,0.081443,-0.0046746,0.021014,6.2386
0.41347,2.15,0.081445,-0.004722,0.020904,6.2359
0.41353,2.15,0.081446,-0.0047687,0.02079,6.2441
0.41358,2.15,0.081447,-0.0048148,0.020673,6.2373
0.41363,2.15,0.081448,-0.0048602,0.020555,6.2326
0.41368,2.15,0.081449,-0.0049049,0.020436,6.2486
0.41374,2.15,0.08145,-0.0049487,0.020315,6.2505
0.41379,2.15,0.081451,-0.0049918,0.020192,6.2434
0.41384,2.15,0.081452,-0.005034,0.020066,6.2484
0.41389,2.15,0.081453,-0.0050754,0.019937,6.2389
0.41395,2.15,0.081454,-0.0051159,0.019804,6.2287
0.414,2.15,0.081455,-0.0051555,0.019667,6.2253
0.41405,2.15,0.081456,-0.0051941,0.01953,6.234
0.41411,2.15,0.081457,-0.0052318,0.019392,6.2241
0.41416,2.15,0.081458,-0.0052684,0.019251,6.218
0.41421,2.15,0.081459,-0.005304,0.019111,6.2297
0.41426,2.15,0.08146,-0.0053386,0.018971,6.2228
0.41432,2.15,0.081461,-0.005372,0.01883,6.2192
0.41437,2.15,0.081462,-0.0054043,0.018688,6.224
0.41442,2.15,0.081463,-0.0054355,0.018543,6.2104
0.41447,2.15,0.081464,-0.0054654,0.018393,6.2106
0.41453,2.15,0.081465,-0.0054941,0.018242,6.2099
0.41458,2.15,0.081466,-0.0055216,0.018088,6.2072
0.41463,2.15,0.081467,-0.0055478,0.017933,6.1999
0.41468,2.15,0.081468,-0.0055727,0.017781,6.2179
0.41474,2.15,0.081469,-0.0055963,0.017632,6.2211
0.41479,2.15,0.08147,-0.0056184,0.017481,6.2098
0.41484,2.15,0.081471,-0.0056392,0.017327,6.2163
0.41489,2.15,0.081472,-0.0056586,0.017167,6.218
0.41495,2.15,0.081472,-0.0056714,0.017006,6.2031
0.415,2.15,0.081473,-0.0056859,0.016839,6.1985
0.41505,2.15,0.081474,-0.0057081,0.016669,6.2067
0.41511,2.15,0.081475,-0.005742,0.0165,6.2023
0.41516,2.15,0.081476,-0.0057895,0.016331,6.2005
0.41521,2.15,0.081477,-0.0058552,0.016162,6.2137
0.41526,2.15,0.081478,-0.005928,0.015996,6.2146
0.41532,2.15,0.081479,-0.0059962,0.015829,6.202
0.41537,2.15,0.081479,-0.0060477,0.015665,6.2096
0.41542,2.15,0.08148,-0.0060852,0.015503,6.2088
0.41547,2.15,0.081481,-0.0061093,0.015341,6.1921
0.41553,2.15,0.081482,-0.0061227,0.01518,6.1926
0.41558,2.15,0.081483,-0.0061311,0.015019,6.1905
0.41563,2.15,0.081483,-0.0061425,0.014858,6.1792
0.41568,2.15,0.081484,-0.0061522,0.014698,6.1779
0.41574,2.15,0.081485,-0.0061552,0.014538,6.1893
0.41579,2.15,0.081486,-0.0061644,0.014399,6.1886
0.41584,2.15,0.081486,-0.006178,0.014234,6.1819
0.41589,2.15,0.081487,-0.0061937,0.014052,6.1892
0.41595,2.15,0.081488,-0.0062045,0.013862,6.1834
0.416,2.15,0.081489,-0.006221,0.013665,6.1719
0.41605,2.15,0.081489,-0.0062388,0.01347,6.1841
0.41611,2.15,0.08149,-0.0062532,0.013287,6.18
0.41616,2.15,0.081491,-0.0062594,0.013127,6.1713
0.41621,2.15,0.081491,-0.0062678,0.012998,6.1828
0.41626,2.15,0.081492,-0.0062713,0.012853,6.1918
0.41632,2.15,0.081493,-0.0062673,0.012712,6.1798
0.41637,2.15,0.081493,-0.0062531,0.012573,6.1823
0.41642,2.15,0.081494,-0.0062415,0.012434,6.192
0.41647,2.15,0.081495,-0.0062277,0.012296,6.1819
0.41653,2.15,0.081495,-0.0062068,0.01216,6.1726
0.41658,2.15,0.081496,-0.0061868,0.012026,6.1794
0.41663,2.15,0.081497,-0.0061789,0.011894,6.1716
0.41668,2.15,0.081497,-0.0061739,0.011762,6.1644
0.41674,2.15,0.081498,-0.0061756,0.011649,6.1784
0.41679,2.15,0.081498,-0.0061858,0.011511,6.1818
0.41684,2.15,0.081499,-0.0062035,0.011371,6.1735
0.41689,2.15,0.0815,-0.0062257,0.011208,6.1814
0.41695,2.15,0.0815,-0.0062466,0.010994,6.1751
0.417,2.15,0.081501,-0.0062736,0.010748,6.1683
0.41705,2.15,0.081501,-0.0063092,0.010493,6.1704
0.41711,2.15,0.081502,-0.0063407,0.010253,6.1763
0.41716,2.15,0.081502,-0.0063727,0.010054,6.166
0.41721,2.15,0.081503,-0.0064053,0.0098687,6.1707
0.41726,2.15,0.081503,-0.0064383,0.0097316,6.176
0.41732,2.15,0.081504,-0.006472,0.0096076,6.1784
0.41737,2.15,0.081504,-0.0065062,0.0094736,6.1733
0.41742,2.15,0.081505,-0.0065409,0.0093482,6.1872
0.41747,2.15,0.081505,-0.0065761,0.0092317,6.1782
0.41753,2.15,0.081506,-0.006617,0.0091213,6.1752
0.41758,2.15,0.081506,-0.0066552,0.0090128,6.1885
0.41763,2.15,0.081507,-0.0066798,0.0089062,6.1831
0.41768,2.15,0.081507,-0.0066997,0.0088012,6.175
0.41774,2.15,0.081508,-0.0067111,0.0086926,6.1846
0.41779,2.15,0.081508,-0.0067074,0.008587,6.2012
0.41784,2.15,0.081509,-0.0066973,0.0084863,6.1921
0.41789,2.15,0.081509,-0.0066902,0.0083894,6.2019
0.41795,2.15,0.081509,-0.0066959,0.0082958,6.2147
0.418,2.15,0.08151,-0.0067088,0.0082073,6.2079
0.41805,2.15,0.08151,-0.0067258,0.0081255,6.2045
0.41811,2.15,0.081511,-0.0067569,0.0080468,6.2122
0.41816,2.15,0.081511,-0.0067969,0.0079729,6.2023
0.41821,2.15,0.081512,-0.0068294,0.0079039,6.2034
0.41826,2.15,0.081512,-0.0068481,0.0078401,6.2234
0.41832,2.15,0.081512,-0.006857,0.0077793,6.2183
0.41837,2.15,0.081513,-0.0068604,0.0077392,6.2141
0.41842,2.15,0.081513,-0.0068678,0.0076946,6.2213
0.41847,2.15,0.081514,-0.0068759,0.0076238,6.2141
0.41853,2.15,0.081514,-0.0068836,0.0074947,6.2118
0.41858,2.15,0.081514,-0.0068869,0.0073504,6.2146
0.41863,2.15,0.081515,-0.006882,0.0071864,6.2183
0.41868,2.15,0.081515,-0.0068722,0.0070045,6.2067
0.41874,2.15,0.081516,-0.0068611,0.0068,6.2111
0.41879,2.15,0.081516,-0.006845,0.0066199,6.2327
0.41884,2.15,0.081516,-0.0068355,0.00646,6.2235
0.41889,2.15,0.081517,-0.0068292,0.0063362,6.2243
0.41895,2.15,0.081517,-0.0068253,0.0062014,6.235
0.419,2.15,0.081517,-0.0068202,0.0061062,6.2274
0.41905,2.15,0.081518,-0.0068237,0.0060318,6.2231
0.41911,2.15,0.081518,-0.0068412,0.0059655,6.2274
0.41916,2.15,0.081518,-0.0068673,0.0058885,6.2224
0.41921,2.15,0.081518,-0.0068857,0.0058307,6.2129
0.41926,2.15,0.081519,-0.0068854,0.0057968,6.2262
0.41932,2.15,0.081519,-0.0068832,0.0057942,6.2332
0.41937,2.15,0.081519,-0.0068808,0.0057799,6.2238
0.41942,2.15,0.08152,-0.0068801,0.0057706,6.2246
0.41947,2.15,0.08152,-0.0068835,0.0057674,6.233
0.41953,2.15,0.08152,-0.0068936,0.0057715,6.2208
0.41958,2.15,0.081521,-0.0069135,0.0057817,6.2145
0.41963,2.15,0.081521,-0.0069308,0.0058013,6.2125
0.41968,2.15,0.081521,-0.0069355,0.0058246,6.2123
0.41974,2.15,0.081521,-0.0069453,0.0058543,6.2022
0.41979,2.15,0.081522,-0.0069554,0.0058874,6.2133
0.41984,2.15,0.081522,-0.0069656,0.0059299,6.2182
0.41989,2.15,0.081522,-0.006976,0.0059805,6.2069
0.41995,2.15,0.081523,-0.0069866,0.0060371,6.2215
0.42,2.15,0.081523,-0.0070023,0.0061015,6.2127
0.42005,2.15,0.081523,-0.0070152,0.0061732,6.209
0.42011,2.15,0.081524,-0.007019,0.0062484,6.2034
0.42016,2.15,0.081524,-0.0070097,0.0063297,6.2016
0.42021,2.15,0.081524,-0.0069804,0.0064346,6.1827
0.42026,2.15,0.081525,-0.0069446,0.0065242,6.1872
0.42032,2.15,0.081525,-0.0068983,0.0066048,6.1929
0.42037,2.15,0.081525,-0.006853,0.0066974,6.1849
0.42042,2.15,0.081526,-0.0068207,0.0067819,6.1829
0.42047,2.15,0.081526,-0.0067985,0.0068497,6.1896
0.42053,2.15,0.081527,-0.0067857,0.0068961,6.1857
0.42058,2.15,0.081527,-0.0067793,0.0069228,6.177
0.42063,2.15,0.081527,-0.0067737,0.0069253,6.1863
0.42068,2.15,0.081528,-0.0067763,0.0069103,6.1856
0.42074,2.15,0.081528,-0.0067742,0.0069077,6.1715
0.42079,2.15,0.081528,-0.0067721,0.0069315,6.1842
0.42084,2.15,0.081529,-0.0067701,0.0069575,6.1855
0.42089,2.15,0.081529,-0.006768,0.006982,6.1817
0.42095,2.15,0.081529,-0.006766,0.0069846,6.1846
0.421,2.15,0.08153,-0.0067641,0.0069942,6.1874
0.42105,2.15,0.08153,-0.0067621,0.0069818,6.1779
0.42111,2.15,0.081531,-0.0067602,0.0070176,6.176
0.42116,2.15,0.081531,-0.0067583,0.0070725,6.1808
0.42121,2.15,0.081531,-0.0067565,0.0071289,6.1794
0.42126,2.15,0.081532,-0.0067547,0.0071741,6.1725
0.42132,2.15,0.081532,-0.0067529,0.0071948,6.1859
0.42137,2.15,0.081532,-0.0067511,0.0071798,6.1873
0.42142,2.15,0.081533,-0.0067494,0.0071602,6.1779
0.42147,2.15,0.081533,-0.0067477,0.0071126,6.1892
0.42153,2.15,0.081534,-0.006746,0.0070623,6.1913
0.42158,2.15,0.081534,-0.0067444,0.0070193,6.1815
0.42163,2.15,0.081534,-0.0067428,0.007018,6.1874
0.42168,2.15,0.081535,-0.0067412,0.0070475,6.1905
0.42174,2.15,0.081535,-0.0067396,0.007082,6.1892
0.42179,2.15,0.081535,-0.0067381,0.0071478,6.1909
0.42184,2.15,0.081536,-0.0067366,0.0072205,6.2071
0.42189,2.15,0.081536,-0.0067352,0.0072768,6.2013
0.42195,2.15,0.081537,-0.0067337,0.0072928,6.1996
0.422,2.15,0.081537,-0.0067323,0.007291,6.2136
0.42205,2.15,0.081537,-0.006731,0.0072896,6.2124
0.42211,2.15,0.081538,-0.0067296,0.0072648,6.2062
0.42216,2.15,0.081538,-0.0067283,0.0072113,6.2117
0.42221,2.15,0.081538,-0.0067271,0.0071706,6.2137
0.42226,2.15,0.081539,-0.0067258,0.0071264,6.2048
0.42232,2.15,0.081539,-0.0067246,0.0070827,6.2066
0.42237,2.15,0.08154,-0.0067234,0.0070215,6.2101
0.42242,2.15,0.08154,-0.0067222,0.0069835,6.2062
0.42247,2.15,0.08154,-0.0067211,0.0069634,6.2128
0.42253,2.15,0.081541,-0.00672,0.0069561,6.2209
0.42258,2.15,0.081541,-0.006719,0.0069566,6.2063
0.42263,2.15,0.081541,-0.0067179,0.0069445,6.2134
0.42268,2.15,0.081542,-0.0067169,0.0069483,6.2223
0.42274,2.15,0.081542,-0.0067159,0.0069522,6.21
0.42279,2.15,0.081543,-0.006715,0.0069246,6.2058
0.42284,2.15,0.081543,-0.0067141,0.0069232,6.2219
0.42289,2.15,0.081543,-0.0067132,0.0069578,6.2161
0.42295,2.15,0.081544,-0.0067123,0.0069962,6.2154
0.423,2.15,0.081544,-0.0067115,0.0070521,6.2273
0.42305,2.15,0.081544,-0.0067107,0.0070982,6.2369
0.42311,2.15,0.081545,-0.0067099,0.0071489,6.228
0.42316,2.15,0.081545,-0.0067092,0.0071542,6.2316
0.42321,2.15,0.081545,-0.0067085,0.0071357,6.2423
0.42326,2.15,0.081546,-0.0067078,0.0071133,6.2371
0.42332,2.15,0.081546,-0.0067072,0.0070981,6.2394
0.42337,2.15,0.081547,-0.0067066,0.0070491,6.2435
0.42342,2.15,0.081547,-0.006706,0.0070348,6.2355
0.42347,2.15,0.081547,-0.0067054,0.0070131,6.2421
0.42353,2.15,0.081548,-0.0067049,0.007007,6.2568
0.42358,2.15,0.081548,-0.0067044,0.0069934,6.2521
0.42363,2.15,0.081548,-0.0067039,0.0069833,6.2485
0.42368,2.15,0.081549,-0.0067035,0.0069724,6.2546
0.42374,2.15,0.081549,-0.0067031,0.0069647,6.2507
0.42379,2.1499,0.08155,-0.0067027,0.006957,6.2437
0.42384,2.1499,0.08155,-0.0067024,0.0069841,6.2517
0.42389,2.1499,0.08155,-0.0067021,0.0070205,6.2543
0.42395,2.1499,0.081551,-0.0067018,0.0070949,6.2481
0.424,2.1499,0.081551,-0.0067015,0.0071825,6.2534
0.42405,2.1499,0.081551,-0.0067013,0.0072222,6.2652
0.42411,2.1499,0.081552,-0.0067011,0.0072541,6.2528
0.42416,2.1499,0.081552,-0.006701,0.007256,6.2514
0.42421,2.1499,0.081553,-0.0067008,0.0072215,6.2534
0.42426,2.1499,0.081553,-0.0067007,0.0071474,6.259
0.42432,2.1499,0.081553,-0.0067007,0.0070409,6.2528
0.42437,2.1499,0.081554,-0.0067006,0.0069159,6.2642
0.42442,2.1499,0.081554,-0.0067006,0.0067902,6.2624
0.42447,2.1499,0.081554,-0.0067006,0.0066429,6.2642
0.42453,2.1499,0.081555,-0.0067007,0.0065165,6.2742
0.42458,2.1499,0.081555,-0.0067007,0.0063895,6.2781
0.42463,2.1499,0.081555,-0.0067009,0.0062626,6.2714
0.42468,2.1499,0.081556,-0.006701,0.0061342,6.2826
0.42474,2.1499,0.081556,-0.0067012,0.0060071,6.2811
0.42479,2.1499,0.081556,-0.0067014,0.0058826,6.2668
0.42484,2.1499,0.081557,-0.0067016,0.0057625,6.2695
0.42489,2.1499,0.081557,-0.0067019,0.0056451,6.288
0.42495,2.1499,0.081557,-0.0067021,0.0055326,6.28
0.425,2.1499,0.081558,-0.0067025,0.0054228,6.2756
0.42505,2.1499,0.081558,-0.0067028,0.0053137,6.2931
0.42511,2.1499,0.081558,-0.0067032,0.0052065,6.2862
0.42516,2.1499,0.081558,-0.0067036,0.005101,6.2776
0.42521,2.1499,0.081559,-0.006704,0.0049972,6.2876
0.42526,2.1499,0.081559,-0.0067045,0.004895,6.2811
0.42532,2.1499,0.081559,-0.006705,0.0047943,6.2707
0.42537,2.1499,0.081559,-0.0067055,0.0046951,6.2736
0.42542,2.1499,0.08156,-0.0067061,0.0045975,6.277
0.42547,2.1499,0.08156,-0.0067067,0.0045015,6.2646
0.42553,2.1499,0.08156,-0.0067073,0.0044071,6.2701
0.42558,2.1499,0.08156,-0.006708,0.0043288,6.2789
0.42563,2.1499,0.081561,-0.0067086,0.0042289,6.2671
0.42568,2.1499,0.081561,-0.0067094,0.0041126,6.2737
0.42574,2.1499,0.081561,-0.0067101,0.003988,6.2753
0.42579,2.1499,0.081561,-0.0067109,0.003864,6.2667
0.42584,2.1499,0.081561,-0.0067117,0.0037451,6.2648
0.42589,2.1499,0.081562,-0.0067125,0.0036388,6.2772
0.42595,2.1499,0.081562,-0.0067134,0.0035535,6.272
0.426,2.1499,0.081562,-0.0067143,0.0034942,6.2648
0.42605,2.1499,0.081562,-0.0067152,0.0034073,6.2798
0.42611,2.1499,0.081562,-0.0067161,0.0033422,6.2867
0.42616,2.1499,0.081562,-0.0067171,0.0032937,6.2791
0.42621,2.1499,0.081563,-0.0067181,0.0032575,6.2784
0.42626,2.1499,0.081563,-0.0067192,0.0032219,6.2776
0.42632,2.1499,0.081563,-0.0067202,0.0031843,6.2704
0.42637,2.1499,0.081563,-0.0067213,0.0031373,6.2671
0.42642,2.1499,0.081563,-0.0067225,0.0030883,6.2739
0.42647,2.1499,0.081563,-0.0067236,0.0029924,6.2662
0.42653,2.1499,0.081564,-0.0067248,0.0028961,6.2709
0.42658,2.1499,0.081564,-0.0067261,0.0027942,6.281
0.42663,2.1499,0.081564,-0.0067273,0.0026953,6.2778
0.42668,2.1499,0.081564,-0.0067286,0.0026038,6.265
0.42674,2.1499,0.081564,-0.0067299,0.0025281,6.2762
0.42679,2.1499,0.081564,-0.0067313,0.0024715,6.268
0.42684,2.1499,0.081564,-0.0067326,0.0024409,6.257
0.42689,2.1499,0.081565,-0.006734,0.0023971,6.2651
0.42695,2.1499,0.081565,-0.0067355,0.0023552,6.2642
0.427,2.1499,0.081565,-0.0067369,0.002315,6.2622
0.42705,2.1499,0.081565,-0.0067384,0.0022908,6.2692
0.42711,2.1499,0.081565,-0.00674,0.0022441,6.2782
0.42716,2.1499,0.081565,-0.0067415,0.0021969,6.2697
0.42721,2.1499,0.081565,-0.0067431,0.0021326,6.2716
0.42726,2.1499,0.081565,-0.0067447,0.0020432,6.2723
0.42732,2.1499,0.081565,-0.0067464,0.0019251,6.2667
0.42737,2.1499,0.081566,-0.006748,0.0017809,6.2657
0.42742,2.1499,0.081566,-0.0067497,0.001609,6.2733
0.42747,2.1499,0.081566,-0.0067515,0.0014528,6.273
0.42753,2.1499,0.081566,-0.0067532,0.0013098,6.2746
0.42758,2.1499,0.081566,-0.006755,0.0012261,6.2874
0.42763,2.1499,0.081566,-0.0067569,0.0011896,6.2845
0.42768,2.1499,0.081566,-0.0067587,0.0011974,6.2731
0.42774,2.1499,0.081566,-0.0067606,0.0012326,6.2873
0.42779,2.1499,0.081566,-0.0067625,0.0012761,6.2841
0.42784,2.1499,0.081566,-0.0067645,0.0013057,6.2731
0.42789,2.1499,0.081566,-0.0067664,0.0013374,6.2744
0.42795,2.1499,0.081566,-0.0067685,0.0013725,6.2758
0.428,2.1499,0.081566,-0.0067705,0.0014084,6.2696
0.42805,2.1499,0.081566,-0.0067726,0.0014481,6.2736
0.42811,2.1499,0.081567,-0.0067747,0.0014892,6.2831
0.42816,2.1499,0.081567,-0.0067768,0.001515,6.2741
0.42821,2.1499,0.081567,-0.0067789,0.0015516,6.2667
0.42826,2.1499,0.081567,-0.0067811,0.0016158,6.2731
0.42832,2.1499,0.081567,-0.0067834,0.0017169,6.2739
0.42837,2.1499,0.081567,-0.0067856,0.0018568,6.2601
0.42842,2.1499,0.081567,-0.0067879,0.0020307,6.2672
0.42847,2.1499,0.081567,-0.0067902,0.0022282,6.2679
0.42853,2.1499,0.081567,-0.0067925,0.0024264,6.2575
0.42858,2.1499,0.081567,-0.0067949,0.0025997,6.2733
0.42863,2.1499,0.081568,-0.0067973,0.0027652,6.2888
0.42868,2.1499,0.081568,-0.0067997,0.0029364,6.2856
0.42874,2.1499,0.081568,-0.0068022,0.0030875,6.2917
0.42879,2.1499,0.081568,-0.0068047,0.0031899,6.3002
0.42884,2.1499,0.081568,-0.0068072,0.0032614,6.2916
0.42889,2.1499,0.081568,-0.0068097,0.0033193,6.2925
0.42895,2.1499,0.081569,-0.0068123,0.003391,6.2967
0.429,2.1499,0.081569,-0.0068149,0.0034659,6.2934
0.42905,2.1499,0.081569,-0.0068176,0.0035399,6.2947
0.42911,2.1499,0.081569,-0.0068202,0.0036156,6.3059
0.42916,2.1499,0.081569,-0.0068229,0.0036541,6.3143
0.42921,2.1499,0.08157,-0.0068307,0.0036387,6.3049
0.42926,2.1499,0.08157,-0.0068304,0.0035834,6.3134
0.42932,2.1499,0.08157,-0.0068239,0.0035321,6.3228
0.42937,2.1499,0.08157,-0.0068134,0.0035416,6.3125
0.42942,2.1499,0.08157,-0.0068011,0.0035655,6.3106
0.42947,2.1499,0.08157,-0.0067892,0.0036254,6.3183
0.42953,2.1499,0.081571,-0.0067803,0.0037012,6.3116
0.42958,2.1499,0.081571,-0.0067769,0.0037695,6.3084
0.42963,2.1499,0.081571,-0.0067816,0.0038127,6.3162
0.42968,2.1499,0.081571,-0.0067817,0.0038107,6.3192
0.42974,2.1499,0.081571,-0.0067817,0.0037894,6.3157
0.42979,2.1499,0.081572,-0.0067817,0.0037655,6.3227
0.42984,2.1499,0.081572,-0.0067817,0.0037167,6.3216
0.42989,2.1499,0.081572,-0.0067817,0.0036847,6.3076
0.42995,2.1499,0.081572,-0.0067817,0.0036562,6.3175
0.43,2.1499,0.081572,-0.0067817,0.0036326,6.3248
0.43005,2.1499,0.081573,-0.0067817,0.0036157,6.3126
0.43011,2.1499,0.081573,-0.0067817,0.0036048,6.319
0.43016,2.1499,0.081573,-0.0067817,0.0035959,6.3334
0.43021,2.1499,0.081573,-0.0067817,0.0035887,6.3242
0.43026,2.1499,0.081573,-0.0067817,0.0035817,6.3268
0.43032,2.1499,0.081574,-0.0067817,0.0035759,6.3415
0.43037,2.1499,0.081574,-0.0067817,0.0035735,6.3336
0.43042,2.1499,0.081574,-0.0067817,0.0035593,6.3251
0.43047,2.1499,0.081574,-0.0067817,0.0035719,6.3222
0.43053,2.1499,0.081574,-0.0067817,0.0036035,6.3202
0.43058,2.1499,0.081575,-0.0067817,0.0036435,6.3131
0.43063,2.1499,0.081575,-0.0067817,0.0036866,6.3188
0.43068,2.1499,0.081575,-0.0067817,0.0037224,6.3228
0.43074,2.1499,0.081575,-0.0067817,0.0037496,6.3115
0.43079,2.1499,0.081575,-0.0067817,0.0037634,6.3172
0.43084,2.1499,0.081576,-0.0067817,0.0037562,6.324
0.43089,2.1499,0.081576,-0.0067817,0.003782,6.3102
0.43095,2.1499,0.081576,-0.0067817,0.003786,6.3074
0.431,2.1499,0.081576,-0.0067817,0.0037884,6.3071
0.43105,2.1499,0.081576,-0.0067817,0.0037557,6.2964
0.43111,2.1499,0.081576,-0.0067817,0.0036998,6.3032
0.43116,2.1499,0.081577,-0.0067817,0.0036224,6.3087
0.43121,2.1499,0.081577,-0.0067817,0.0035749,6.3001
0.43126,2.1499,0.081577,-0.0067817,0.0035499,6.295
0.43132,2.1499,0.081577,-0.0067817,0.0035935,6.301
0.43137,2.1499,0.081577,-0.0067818,0.0036595,6.2946
0.43142,2.1499,0.081578,-0.0067818,0.0037556,6.2818
0.43147,2.1499,0.081578,-0.0067818,0.0038291,6.2844
0.43153,2.1499,0.081578,-0.0067818,0.0038811,6.2891
0.43158,2.1499,0.081578,-0.0067818,0.0038993,6.2756
0.43163,2.1499,0.081578,-0.0067818,0.0039166,6.2848
0.43168,2.1499,0.081579,-0.0067818,0.0039272,6.2951
0.43174,2.1499,0.081579,-0.0067818,0.0039312,6.2887
0.43179,2.1499,0.081579,-0.0067818,0.0039192,6.2899
0.43184,2.1499,0.081579,-0.0067818,0.0038976,6.2976
0.43189,2.1499,0.081579,-0.0067818,0.003873,6.2899
0.43195,2.1499,0.08158,-0.0067818,0.0038522,6.2853
0.432,2.1499,0.08158,-0.0067818,0.0038425,6.2809
0.43205,2.1499,0.08158,-0.0067818,0.0038375,6.2767
0.43211,2.1499,0.08158,-0.0067818,0.0038838,6.2674
0.43216,2.1499,0.081581,-0.0067818,0.0039347,6.2782
0.43221,2.1499,0.081581,-0.0067818,0.0039968,6.2767
0.43226,2.1499,0.081581,-0.0067818,0.0040628,6.2672
0.43232,2.1499,0.081581,-0.0067818,0.0041257,6.2749
0.43237,2.1499,0.081581,-0.0067818,0.0041789,6.2724
0.43242,2.1499,0.081582,-0.0067818,0.0042164,6.2669
0.43247,2.1499,0.081582,-0.0067818,0.0042321,6.2716
0.43253,2.1499,0.081582,-0.0067818,0.0042654,6.2756
0.43258,2.1499,0.081582,-0.0067818,0.0043162,6.2633
0.43263,2.1499,0.081582,-0.0067818,0.0043453,6.2674
0.43268,2.1499,0.081583,-0.0067818,0.0043586,6.2885
0.43274,2.1499,0.081583,-0.0067818,0.0043772,6.2816
0.43279,2.1499,0.081583,-0.0067818,0.0043836,6.272
0.43284,2.1499,0.081583,-0.0067818,0.0043512,6.2848
0.43289,2.1499,0.081584,-0.0067818,0.0043146,6.282
0.43295,2.1499,0.081584,-0.0067818,0.0042548,6.276
0.433,2.1499,0.081584,-0.0067819,0.0041993,6.2777
0.43305,2.1499,0.081584,-0.0067819,0.0041299,6.2808
0.43311,2.1499,0.081585,-0.0067819,0.0040973,6.2742
0.43316,2.1499,0.081585,-0.0067819,0.004085,6.2809
0.43321,2.1499,0.081585,-0.0067819,0.0040756,6.2872
0.43326,2.1499,0.081585,-0.0067819,0.0040585,6.2839
0.43332,2.1499,0.081585,-0.0067819,0.0040774,6.2895
0.43337,2.1499,0.081586,-0.0067819,0.0040616,6.2932
0.43342,2.1499,0.081586,-0.0067819,0.0040532,6.2782
0.43347,2.1499,0.081586,-0.0067819,0.0040269,6.2806
0.43353,2.1499,0.081586,-0.0067819,0.0040032,6.2846
0.43358,2.1499,0.081586,-0.0067819,0.0039716,6.2781
0.43363,2.1499,0.081587,-0.0067819,0.0039358,6.2637
0.43368,2.1499,0.081587,-0.0067819,0.003878,6.2794
0.43374,2.1499,0.081587,-0.0067819,0.0038258,6.2791
0.43379,2.1499,0.081587,-0.0067819,0.0037733,6.2648
0.43384,2.1499,0.081587,-0.0067819,0.0037282,6.2817
0.43389,2.1499,0.081588,-0.0067819,0.0036315,6.2819
0.43395,2.1499,0.081588,-0.0067819,0.0035231,6.2722
0.434,2.1499,0.081588,-0.0067819,0.003445,6.2697
0.43405,2.1499,0.081588,-0.0067819,0.0033416,6.2795
0.43411,2.1499,0.081588,-0.0067819,0.0031973,6.2715
0.43416,2.1499,0.081589,-0.0067819,0.0030889,6.2699
0.43421,2.1499,0.081589,-0.0067819,0.0030311,6.2827
0.43426,2.1499,0.081589,-0.0067819,0.0029932,6.2824
0.43432,2.1499,0.081589,-0.0067819,0.002953,6.2808
0.43437,2.1499,0.081589,-0.0067819,0.0029258,6.2912
0.43442,2.1499,0.081589,-0.0067819,0.0029124,6.2824
0.43447,2.1499,0.081589,-0.0067819,0.0028679,6.2783
0.43453,2.1499,0.08159,-0.0067819,0.0028007,6.2854
0.43458,2.1499,0.08159,-0.0067819,0.0027499,6.2849
0.43463,2.1499,0.08159,-0.0067819,0.0027007,6.2699
0.43468,2.1499,0.08159,-0.0067867,0.002653,6.2899
0.43474,2.1499,0.08159,-0.0067833,0.0026069,6.2902
0.43479,2.1499,0.08159,-0.0067744,0.0025624,6.2839
0.43484,2.1499,0.08159,-0.0067625,0.0025193,6.2893
0.43489,2.1499,0.081591,-0.0067502,0.0024778,6.2971
0.43495,2.1499,0.081591,-0.0067397,0.0024379,6.2885
0.435,2.1499,0.081591,-0.0067332,0.0023995,6.2889
0.43505,2.1499,0.081591,-0.0067329,0.0023626,6.2925
0.43511,2.1499,0.081591,-0.0067406,0.0023131,6.2849
0.43516,2.1499,0.081591,-0.0067434,0.0022753,6.2774
0.43521,2.1499,0.081591,-0.006746,0.0022799,6.2913
0.43526,2.1499,0.081591,-0.0067487,0.0023113,6.2895
0.43532,2.1499,0.081592,-0.0067513,0.0023543,6.2819
0.43537,2.1499,0.081592,-0.0067539,0.0023949,6.296
0.43542,2.1499,0.081592,-0.0067564,0.0024052,6.2922
0.43547,2.1499,0.081592,-0.0067589,0.0024111,6.2823
0.43553,2.1499,0.081592,-0.0067614,0.0023777,6.2941
0.43558,2.1499,0.081592,-0.0067639,0.0023555,6.295
0.43563,2.1499,0.081592,-0.0067663,0.0023942,6.2886
0.43568,2.1499,0.081592,-0.0067687,0.0024578,6.2869
0.43574,2.1499,0.081593,-0.0067711,0.0025253,6.3053
0.43579,2.1499,0.081593,-0.0067734,0.0025622,6.2979
0.43584,2.1499,0.081593,-0.0067757,0.002587,6.3019
0.43589,2.1499,0.081593,-0.006778,0.0026024,6.3111
0.43595,2.1499,0.081593,-0.0067802,0.002596,6.3115
0.436,2.1499,0.081593,-0.0067825,0.0026389,6.311
0.43605,2.1499,0.081593,-0.0067847,0.0026942,6.3165
0.43611,2.1499,0.081594,-0.0067868,0.0027312,6.313
0.43616,2.1499,0.081594,-0.0067889,0.0027358,6.3077
0.43621,2.1499,0.081594,-0.006791,0.0026951,6.3152
0.43626,2.1499,0.081594,-0.0067931,0.0026425,6.3172
0.43632,2.1499,0.081594,-0.0067951,0.0025582,6.3024
0.43637,2.1499,0.081594,-0.0067971,0.0024683,6.3072
0.43642,2.1499,0.081594,-0.0067991,0.0024442,6.3201
0.43647,2.1499,0.081594,-0.0068011,0.0024264,6.3104
0.43653,2.1499,0.081595,-0.006803,0.0024231,6.3064
0.43658,2.1499,0.081595,-0.0068049,0.0024275,6.3123
0.43663,2.1499,0.081595,-0.0068067,0.0024329,6.307
0.43668,2.1499,0.081595,-0.0068086,0.002432,6.2943
0.43674,2.1499,0.081595,-0.0068104,0.0024171,6.3055
0.43679,2.1499,0.081595,-0.0068121,0.00238,6.3016
0.43684,2.1499,0.081595,-0.0068139,0.0023594,6.2937
0.43689,2.1499,0.081595,-0.0068156,0.0023411,6.2968
0.43695,2.1499,0.081596,-0.0068172,0.0023249,6.295
0.437,2.1499,0.081596,-0.0068189,0.002296,6.2836
0.43705,2.1499,0.081596,-0.0068205,0.0022934,6.292
0.43711,2.1499,0.081596,-0.0068221,0.0022964,6.286
0.43716,2.1499,0.081596,-0.0068236,0.0023088,6.2799
0.43721,2.1499,0.081596,-0.0068252,0.0023811,6.2797
0.43726,2.1499,0.081596,-0.0068267,0.0025103,6.2803
0.43732,2.1499,0.081596,-0.0068281,0.0026872,6.2776
0.43737,2.1499,0.081597,-0.0068296,0.0028962,6.2729
0.43742,2.1499,0.081597,-0.006831,0.0031281,6.2948
0.43747,2.1499,0.081597,-0.0068323,0.0033581,6.2857
0.43753,2.1499,0.081597,-0.0068337,0.0035602,6.2722
0.43758,2.1499,0.081597,-0.006835,0.003722,6.2837
0.43763,2.1499,0.081598,-0.0068363,0.0038553,6.2787
0.43768,2.1499,0.081598,-0.0068375,0.0039787,6.2682
0.43774,2.1499,0.081598,-0.0068388,0.0040872,6.2752
0.43779,2.1499,0.081598,-0.00684,0.0041855,6.2789
0.43784,2.1499,0.081598,-0.0068411,0.0042848,6.2692
0.43789,2.1499,0.081599,-0.0068423,0.0043575,6.2771
0.43795,2.1499,0.081599,-0.0068434,0.0044362,6.287
0.438,2.1499,0.081599,-0.0068444,0.0044996,6.277
0.43805,2.1499,0.081599,-0.0068502,0.004542,6.2721
0.43811,2.1499,0.0816,-0.0068478,0.0046175,6.2757
0.43816,2.1499,0.0816,-0.0068399,0.0046869,6.2686
0.43821,2.1499,0.0816,-0.006829,0.0047319,6.256
0.43826,2.1499,0.0816,-0.0068175,0.0047403,6.2672
0.43832,2.1499,0.081601,-0.0068079,0.0047066,6.2716
0.43837,2.1499,0.081601,-0.0068024,0.004632,6.266
0.43842,2.1499,0.081601,-0.0068029,0.0045252,6.2824
0.43847,2.1499,0.081601,-0.0068114,0.0044025,6.287
0.43853,2.1499,0.081602,-0.0068149,0.0042884,6.276
0.43858,2.1498,0.081602,-0.0068183,0.0041685,6.2855
0.43863,2.1498,0.081602,-0.0068216,0.0040278,6.2875
0.43868,2.1498,0.081602,-0.0068249,0.0038903,6.2869
0.43874,2.1498,0.081602,-0.0068282,0.0037895,6.2825
0.43879,2.1498,0.081603,-0.0068313,0.003713,6.296
0.43884,2.1498,0.081603,-0.0068344,0.0036481,6.2796
0.43889,2.1498,0.081603,-0.0068375,0.0035661,6.2877
0.43895,2.1498,0.081603,-0.0068405,0.0034768,6.304
0.439,2.1498,0.081603,-0.0068434,0.0033836,6.3024
0.43905,2.1498,0.081603,-0.0068463,0.0032828,6.2953
0.43911,2.1498,0.081604,-0.0068491,0.0032106,6.3004
0.43916,2.1498,0.081604,-0.0068518,0.0031898,6.3006
0.43921,2.1498,0.081604,-0.0068545,0.0032127,6.2931
0.43926,2.1498,0.081604,-0.0068571,0.0032244,6.3027
0.43932,2.1498,0.081604,-0.0068597,0.0032057,6.3066
0.43937,2.1498,0.081605,-0.0068622,0.0031901,6.2944
0.43942,2.1498,0.081605,-0.0068646,0.0031434,6.3057
0.43947,2.1498,0.081605,-0.006867,0.0030777,6.3194
0.43953,2.1498,0.081605,-0.0068693,0.0029925,6.3138
0.43958,2.1498,0.081605,-0.0068716,0.0029269,6.307
0.43963,2.1498,0.081605,-0.0068738,0.0029281,6.315
0.43968,2.1498,0.081605,-0.006876,0.0029509,6.3102
0.43974,2.1498,0.081606,-0.006878,0.0030028,6.3047
0.43979,2.1498,0.081606,-0.0068801,0.0030765,6.3112
0.43984,2.1498,0.081606,-0.006882,0.00312,6.3172
0.43989,2.1498,0.081606,-0.0068839,0.0031345,6.3186
0.43995,2.1498,0.081606,-0.0068858,0.0031082,6.3195
0.44,2.1498,0.081606,-0.0068875,0.0030602,6.3286
0.44005,2.1498,0.081607,-0.0068893,0.0030534,6.3208
0.44011,2.1498,0.081607,-0.0068909,0.0030649,6.3325
0.44016,2.1498,0.081607,-0.0068925,0.003087,6.3366
0.44021,2.1498,0.081607,-0.0068941,0.0031125,6.3294
0.44026,2.1498,0.081607,-0.0068956,0.0031343,6.3252
0.44032,2.1498,0.081607,-0.006897,0.003146,6.3386
0.44037,2.1498,0.081608,-0.0068983,0.0031562,6.3332
0.44042,2.1498,0.081608,-0.0068996,0.0031201,6.3338
0.44047,2.1498,0.081608,-0.0069009,0.0030826,6.3469
0.44053,2.1498,0.081608,-0.006902,0.0030349,6.3426
0.44058,2.1498,0.081608,-0.0069032,0.0029837,6.3348
0.44063,2.1498,0.081608,-0.0069042,0.0029358,6.336
0.44068,2.1498,0.081609,-0.0069052,0.0028986,6.3286
0.44074,2.1498,0.081609,-0.0069062,0.0028797,6.3252
0.44079,2.1498,0.081609,-0.006907,0.0028872,6.3295
0.44084,2.1498,0.081609,-0.0069079,0.0028825,6.3385
0.44089,2.1498,0.081609,-0.0069086,0.0028656,6.3254
0.44095,2.1498,0.081609,-0.0069093,0.0028751,6.3389
0.441,2.1498,0.081609,-0.0069099,0.0028888,6.3518
0.44105,2.1498,0.08161,-0.0069105,0.0029235,6.3443
0.44111,2.1498,0.08161,-0.006911,0.0030175,6.3501
0.44116,2.1498,0.08161,-0.0069115,0.0031091,6.3596
0.44121,2.1498,0.08161,-0.0069119,0.0031833,6.3568
0.44126,2.1498,0.08161,-0.0069122,0.0032254,6.3532
0.44132,2.1498,0.08161,-0.0069125,0.0032205,6.359
0.44137,2.1498,0.081611,-0.0069127,0.0032004,6.3582
0.44142,2.1498,0.081611,-0.0069176,0.0031304,6.3611
0.44147,2.1498,0.081611,-0.0069191,0.0030902,6.3747
0.44153,2.1498,0.081611,-0.0069067,0.0031046,6.3753
0.44158,2.1498,0.081611,-0.0068859,0.0031138,6.3695
0.44163,2.1498,0.081611,-0.0068616,0.0031268,6.3792
0.44168,2.1498,0.081612,-0.0068386,0.0031373,6.3861
0.44174,2.1498,0.081612,-0.0068215,0.0031379,6.3735
0.44179,2.1498,0.081612,-0.0068144,0.0031224,6.3739
0.44184,2.1498,0.081612,-0.0068215,0.0030849,6.3819
0.44189,2.1498,0.081612,-0.0068316,0.0030645,6.3704
0.44195,2.1498,0.081612,-0.0068365,0.0030462,6.3728
0.442,2.1498,0.081613,-0.0068413,0.0030451,6.3812
0.44205,2.1498,0.081613,-0.006846,0.0030218,6.3788
0.44211,2.1498,0.081613,-0.0068505,0.0029822,6.3712
0.44216,2.1498,0.081613,-0.006855,0.0029326,6.3859
0.44221,2.1498,0.081613,-0.0068593,0.0028796,6.3778
0.44226,2.1498,0.081613,-0.0068635,0.00283,6.3664
0.44232,2.1498,0.081613,-0.0068675,0.0027913,6.3666
0.44237,2.1498,0.081614,-0.0068715,0.0027712,6.3738
0.44242,2.1498,0.081614,-0.0068753,0.0027636,6.3639
0.44247,2.1498,0.081614,-0.006879,0.0027543,6.3738
0.44253,2.1498,0.081614,-0.0068826,0.0027881,6.3814
0.44258,2.1498,0.081614,-0.0068861,0.0028494,6.3787
0.44263,2.1498,0.081614,-0.0068894,0.002923,6.3804
0.44268,2.1498,0.081615,-0.0068927,0.0029948,6.3857
0.44274,2.1498,0.081615,-0.0068958,0.0030512,6.3724
0.44279,2.1498,0.081615,-0.0068988,0.0030795,6.3698
0.44284,2.1498,0.081615,-0.0069016,0.0030676,6.382
0.44289,2.1498,0.081615,-0.0069044,0.0030489,6.3735
0.44295,2.1498,0.081615,-0.006907,0.0030476,6.3699
0.443,2.1498,0.081615,-0.0069095,0.0030487,6.3777
0.44305,2.1498,0.081616,-0.0069119,0.0030522,6.378
0.44311,2.1498,0.081616,-0.0069142,0.003058,6.365
0.44316,2.1498,0.081616,-0.0069163,0.0030659,6.3704
0.44321,2.1498,0.081616,-0.0069183,0.0030759,6.3746
0.44326,2.1498,0.081616,-0.0069202,0.003088,6.368
0.44332,2.1498,0.081616,-0.006922,0.0031021,6.3641
0.44337,2.1498,0.081617,-0.0069237,0.0031184,6.3672
0.44342,2.1498,0.081617,-0.0069252,0.0031227,6.3494
0.44347,2.1498,0.081617,-0.0069314,0.0031538,6.3488
0.44353,2.1498,0.081617,-0.0069293,0.0032036,6.3645
0.44358,2.1498,0.081617,-0.0069215,0.0032645,6.3574
0.44363,2.1498,0.081617,-0.0069107,0.0033441,6.3543
0.44368,2.1498,0.081618,-0.0068993,0.0033972,6.3622
0.44374,2.1498,0.081618,-0.0068896,0.0034082,6.3513
0.44379,2.1498,0.081618,-0.0068839,0.0033995,6.3444
0.44384,2.1498,0.081618,-0.0068841,0.0034017,6.348
0.44389,2.1498,0.081618,-0.0068923,0.0034298,6.354
0.44395,2.1498,0.081619,-0.0068953,0.0034833,6.3463
0.444,2.1498,0.081619,-0.0068982,0.0035856,6.3553
0.44405,2.1498,0.081619,-0.006901,0.0037312,6.3639
0.44411,2.1498,0.081619,-0.0069035,0.0038168,6.3542
0.44416,2.1498,0.081619,-0.0069107,0.0038374,6.3548
0.44421,2.1498,0.08162,-0.0069143,0.0038198,6.371
0.44426,2.1498,0.08162,-0.0069089,0.0037841,6.3599
0.44432,2.1498,0.08162,-0.0068914,0.0037109,6.3592
0.44437,2.1498,0.08162,-0.0068614,0.0036399,6.3685
0.44442,2.1498,0.08162,-0.006816,0.0036032,6.3687
0.44447,2.1498,0.08162,-0.0067675,0.0035938,6.3551
0.44453,2.1498,0.081621,-0.0067274,0.0035587,6.3685
0.44458,2.1498,0.081621,-0.0067067,0.003551,6.3755
0.44463,2.1498,0.081621,-0.0066959,0.0035484,6.3707
0.44468,2.1498,0.081621,-0.0067063,0.0035816,6.3846
0.44474,2.1498,0.081621,-0.0067317,0.0036356,6.3829
0.44479,2.1498,0.081622,-0.006764,0.0036955,6.3741
0.44484,2.1498,0.081622,-0.0067929,0.0037476,6.3717
0.44489,2.1498,0.081622,-0.006821,0.0037787,6.3771
0.44495,2.1498,0.081622,-0.0068459,0.0037764,6.3656
0.445,2.1498,0.081622,-0.006865,0.0037596,6.3602
0.44505,2.1498,0.081623,-0.0068756,0.003761,6.3726
0.44511,2.1498,0.081623,-0.0068908,0.0037875,6.3686
0.44516,2.1498,0.081623,-0.0069057,0.0037833,6.3683
0.44521,2.1498,0.081623,-0.0069203,0.0037529,6.3735
0.44526,2.1498,0.081623,-0.0069346,0.0037024,6.3774
0.44532,2.1498,0.081624,-0.0069487,0.0036386,6.3776
0.44537,2.1498,0.081624,-0.0069625,0.0035847,6.3819
0.44542,2.1498,0.081624,-0.006976,0.0035104,6.3907
0.44547,2.1498,0.081624,-0.0069892,0.0034767,6.382
0.44553,2.1498,0.081624,-0.0070022,0.003459,6.4013
0.44558,2.1498,0.081625,-0.0070149,0.003386,6.4133
0.44563,2.1498,0.081625,-0.0070274,0.0033234,6.4109
0.44568,2.1498,0.081625,-0.0070395,0.0032765,6.4109
0.44574,2.1498,0.081625,-0.0070514,0.003267,6.4155
0.44579,2.1498,0.081625,-0.0070678,0.0032634,6.4096
0.44584,2.1498,0.081625,-0.0070757,0.0032482,6.4055
0.44589,2.1498,0.081626,-0.0070779,0.0032189,6.414
0.44595,2.1498,0.081626,-0.0070768,0.0031506,6.4111
0.446,2.1498,0.081626,-0.0070798,0.0030178,6.4027
0.44605,2.1498,0.081626,-0.0070809,0.0028939,6.4192
0.44611,2.1498,0.081626,-0.0070789,0.0027851,6.4151
0.44616,2.1498,0.081626,-0.0070626,0.0027135,6.4097
0.44621,2.1498,0.081626,-0.0070428,0.0026553,6.4181
0.44626,2.1498,0.081627,-0.0070196,0.0026405,6.4145
0.44632,2.1498,0.081627,-0.0069978,0.0026383,6.4071
0.44637,2.1498,0.081627,-0.0069749,0.0026244,6.409
0.44642,2.1498,0.081627,-0.0069632,0.0026129,6.4105
0.44647,2.1498,0.081627,-0.0069644,0.0026038,6.4035
0.44653,2.1498,0.081627,-0.0069698,0.002597,6.4086
0.44658,2.1498,0.081627,-0.0069597,0.0025925,6.4143
0.44663,2.1498,0.081628,-0.006951,0.00259,6.4105
0.44668,2.1498,0.081628,-0.0069527,0.0025897,6.4016
0.44674,2.1498,0.081628,-0.0069583,0.0025916,6.4128
0.44679,2.1498,0.081628,-0.0069643,0.0025959,6.4056
0.44684,2.1498,0.081628,-0.0069801,0.0026025,6.3992
0.44689,2.1498,0.081628,-0.0070096,0.0026117,6.4084
0.44695,2.1498,0.081628,-0.0070416,0.0026234,6.404
0.447,2.1498,0.081629,-0.0070681,0.0026376,6.3863
0.44705,2.1498,0.081629,-0.0070941,0.0026542,6.4007
0.44711,2.1498,0.081629,-0.0071195,0.0026884,6.4113
0.44716,2.1498,0.081629,-0.0071445,0.0027009,6.4034
0.44721,2.1498,0.081629,-0.0071736,0.0026974,6.4066
0.44726,2.1498,0.081629,-0.0071988,0.0026844,6.4182
0.44732,2.1498,0.081629,-0.0072146,0.0026832,6.409
0.44737,2.1498,0.081629,-0.0072132,0.0026616,6.4091
0.44742,2.1498,0.08163,-0.0072023,0.0026479,6.4157
0.44747,2.1498,0.08163,-0.0071894,0.0026166,6.4086
0.44753,2.1498,0.08163,-0.0071861,0.0025881,6.3978
0.44758,2.1498,0.08163,-0.0071909,0.0025521,6.4101
0.44763,2.1498,0.08163,-0.0071997,0.0024973,6.4169
0.44768,2.1498,0.08163,-0.0072087,0.0024443,6.4077
0.44774,2.1498,0.08163,-0.0072215,0.0024146,6.4116
0.44779,2.1498,0.081631,-0.0072266,0.0023838,6.4096
0.44784,2.1498,0.081631,-0.0072233,0.0023811,6.3961
0.44789,2.1498,0.081631,-0.0072211,0.002375,6.3998
0.44795,2.1498,0.081631,-0.0072291,0.0023874,6.4003
0.448,2.1498,0.081631,-0.0072358,0.0024264,6.3884
0.44805,2.1498,0.081631,-0.0072509,0.0024533,6.3868
0.44811,2.1498,0.081631,-0.0072816,0.0024823,6.3974
0.44816,2.1498,0.081631,-0.0073298,0.0025135,6.3875
0.44821,2.1498,0.081632,-0.0073824,0.0025469,6.3807
0.44826,2.1498,0.081632,-0.0074287,0.0025824,6.3981
0.44832,2.1498,0.081632,-0.0074713,0.00262,6.3878
0.44837,2.1498,0.081632,-0.0075078,0.0026597,6.3833
0.44842,2.1498,0.081632,-0.0075354,0.0027015,6.3785
0.44847,2.1498,0.081632,-0.007567,0.0027453,6.3757
0.44853,2.1498,0.081632,-0.0075979,0.002791,6.3655
0.44858,2.1498,0.081633,-0.0076281,0.0028386,6.3745
0.44863,2.1498,0.081633,-0.0076576,0.002888,6.3772
0.44868,2.1498,0.081633,-0.0076864,0.0029391,6.3709
0.44874,2.1498,0.081633,-0.0077145,0.0029921,6.3721
0.44879,2.1498,0.081633,-0.0077419,0.0030469,6.3837
0.44884,2.1498,0.081633,-0.0077685,0.0031037,6.3687
0.44889,2.1498,0.081634,-0.0077945,0.0031625,6.3635
0.44895,2.1498,0.081634,-0.0078198,0.0032233,6.3749
0.449,2.1498,0.081634,-0.0078443,0.0032862,6.3657
0.44905,2.1498,0.081634,-0.0078682,0.0033511,6.3585
0.44911,2.1498,0.081634,-0.0078913,0.003418,6.3674
0.44916,2.1498,0.081634,-0.0079137,0.0034869,6.3643
0.44921,2.1498,0.081635,-0.0079355,0.0035726,6.3617
0.44926,2.1498,0.081635,-0.0079613,0.0036358,6.3672
0.44932,2.1498,0.081635,-0.0079781,0.0036824,6.3728
0.44937,2.1498,0.081635,-0.0079888,0.0037182,6.3552
0.44942,2.1498,0.081635,-0.0079959,0.0037508,6.362
0.44947,2.1498,0.081636,-0.0080017,0.0038005,6.3616
0.44953,2.1498,0.081636,-0.0080087,0.0038479,6.3479
0.44958,2.1498,0.081636,-0.008019,0.0038688,6.3483
0.44963,2.1498,0.081636,-0.0080348,0.0038845,6.3636
0.44968,2.1498,0.081636,-0.0080579,0.0038713,6.3583
0.44974,2.1498,0.081637,-0.0080753,0.0038552,6.3598
0.44979,2.1498,0.081637,-0.0080919,0.0038519,6.3705
0.44984,2.1498,0.081637,-0.0081078,0.0038779,6.372
0.44989,2.1498,0.081637,-0.0081229,0.003947,6.3619
0.44995,2.1498,0.081637,-0.0081373,0.0040422,6.364
0.45,2.1498,0.081638,-0.008151,0.0041016,6.355
0.45005,2.1498,0.081638,-0.008164,0.0041457,6.3522
0.45011,2.1498,0.081638,-0.0081762,0.0041809,6.36
0.45016,2.1498,0.081638,-0.0081924,0.0042111,6.3648
0.45021,2.1498,0.081639,-0.0081997,0.0042441,6.358
0.45026,2.1498,0.081639,-0.0082008,0.0042873,6.3608
0.45032,2.1498,0.081639,-0.0081982,0.0043483,6.3721
0.45037,2.1498,0.081639,-0.0081944,0.0044353,6.3633
0.45042,2.1498,0.081639,-0.0081916,0.0045094,6.366
0.45047,2.1498,0.08164,-0.0081922,0.0045851,6.369
0.45053,2.1498,0.08164,-0.0081982,0.0046622,6.3622
0.45058,2.1498,0.08164,-0.0082116,0.0047407,6.362
0.45063,2.1498,0.08164,-0.0082191,0.0048207,6.3689
0.45068,2.1498,0.081641,-0.0082306,0.0049022,6.3683
0.45074,2.1498,0.081641,-0.008238,0.0049852,6.3609
0.45079,2.1498,0.081641,-0.0082356,0.0050697,6.3746
0.45084,2.1498,0.081642,-0.0082206,0.0051708,6.3811
0.45089,2.1498,0.081642,-0.0081877,0.0052491,6.3634
0.45095,2.1498,0.081642,-0.0081471,0.0053255,6.3734
0.451,2.1498,0.081642,-0.0081081,0.0053819,6.3729
0.45105,2.1498,0.081643,-0.0080798,0.0053914,6.3655
0.45111,2.1498,0.081643,-0.008071,0.0053729,6.3613
0.45116,2.1498,0.081643,-0.0080745,0.0053614,6.3752
0.45121,2.1498,0.081643,-0.0080864,0.0053387,6.3705
0.45126,2.1498,0.081644,-0.0081005,0.0053329,6.3735
0.45132,2.1498,0.081644,-0.0081087,0.0053123,6.3885
0.45137,2.1498,0.081644,-0.0081109,0.005367,6.3899
0.45142,2.1498,0.081645,-0.0081154,0.0054261,6.3806
0.45147,2.1498,0.081645,-0.0081333,0.0054705,6.3922
0.45153,2.1498,0.081645,-0.0081605,0.005521,6.3839
0.45158,2.1498,0.081645,-0.0081927,0.0055853,6.3778
0.45163,2.1498,0.081646,-0.0082255,0.0056251,6.3843
0.45168,2.1498,0.081646,-0.008254,0.0056557,6.3869
0.45174,2.1498,0.081646,-0.0082733,0.0056648,6.3791
0.45179,2.1498,0.081647,-0.0082781,0.0057386,6.3811
0.45184,2.1498,0.081647,-0.0082786,0.0058153,6.3901
0.45189,2.1498,0.081647,-0.0082831,0.0058876,6.3755
0.45195,2.1498,0.081648,-0.0082867,0.0059726,6.3769
0.452,2.1498,0.081648,-0.0082895,0.0060941,6.3861
0.45205,2.1498,0.081648,-0.0082915,0.0062298,6.3759
0.45211,2.1498,0.081649,-0.0082926,0.0063586,6.366
0.45216,2.1498,0.081649,-0.0082929,0.0064604,6.3737
0.45221,2.1498,0.081649,-0.0082924,0.0065608,6.3759
0.45226,2.1498,0.08165,-0.0082911,0.0066319,6.3711
0.45232,2.1497,0.08165,-0.0082889,0.0066616,6.3824
0.45237,2.1497,0.08165,-0.0082859,0.0066981,6.3874
0.45242,2.1497,0.081651,-0.0082821,0.0067413,6.376
0.45247,2.1497,0.081651,-0.0082775,0.006743,6.3888
0.45253,2.1497,0.081651,-0.0082767,0.006715,6.3905
0.45258,2.1497,0.081652,-0.008267,0.0066704,6.388
0.45263,2.1497,0.081652,-0.0082509,0.0066226,6.3921
0.45268,2.1497,0.081652,-0.0082311,0.006586,6.4064
0.45274,2.1497,0.081653,-0.00821,0.0065756,6.4029
0.45279,2.1497,0.081653,-0.0081899,0.0066071,6.4049
0.45284,2.1497,0.081653,-0.008173,0.0066498,6.4152
0.45289,2.1497,0.081654,-0.0081662,0.0066794,6.4132
0.45295,2.1497,0.081654,-0.0081584,0.00671,6.4047
0.453,2.1497,0.081655,-0.0081393,0.0067415,6.4146
0.45305,2.1497,0.081655,-0.0081211,0.0067742,6.4122
0.45311,2.1497,0.081655,-0.0080934,0.0068081,6.3989
0.45316,2.1497,0.081656,-0.0080612,0.0068433,6.4073
0.45321,2.1497,0.081656,-0.0080292,0.0068798,6.4149
0.45326,2.1497,0.081656,-0.008002,0.0069178,6.4019
0.45332,2.1497,0.081657,-0.0079839,0.0069573,6.41
0.45337,2.1497,0.081657,-0.0079639,0.0070131,6.415
0.45342,2.1497,0.081657,-0.0079442,0.0070461,6.4101
0.45347,2.1497,0.081658,-0.0079397,0.0070621,6.4014
0.45353,2.1497,0.081658,-0.0079355,0.0070673,6.4011
0.45358,2.1497,0.081659,-0.0079344,0.0070684,6.3929
0.45363,2.1497,0.081659,-0.0079343,0.0070872,6.3799
0.45368,2.1497,0.081659,-0.0079328,0.0071069,6.3855
0.45374,2.1497,0.08166,-0.0079322,0.0071168,6.3759
0.45379,2.1497,0.08166,-0.0079171,0.0071127,6.3678
0.45384,2.1497,0.08166,-0.0078874,0.0070504,6.3811
0.45389,2.1497,0.081661,-0.0078586,0.0069454,6.3864
0.45395,2.1497,0.081661,-0.0078285,0.0067914,6.3778
0.454,2.1497,0.081661,-0.0077993,0.0066288,6.378
0.45405,2.1497,0.081662,-0.0077733,0.0065003,6.3789
0.45411,2.1497,0.081662,-0.0077474,0.0064037,6.3742
0.45416,2.1497,0.081663,-0.0077319,0.0063445,6.3659
0.45421,2.1497,0.081663,-0.0077245,0.0063213,6.3764
0.45426,2.1497,0.081663,-0.007726,0.0063252,6.3664
0.45432,2.1497,0.081664,-0.0077328,0.0063401,6.3612
0.45437,2.1497,0.081664,-0.0077419,0.0063412,6.3751
0.45442,2.1497,0.081664,-0.0077546,0.006343,6.3703
0.45447,2.1497,0.081665,-0.0077538,0.0063604,6.3634
0.45453,2.1497,0.081665,-0.0077369,0.0063542,6.3724
0.45458,2.1497,0.081665,-0.007716,0.0063453,6.3718
0.45463,2.1497,0.081666,-0.0077002,0.0063009,6.3611
0.45468,2.1497,0.081666,-0.0076857,0.0062334,6.3656
0.45474,2.1497,0.081666,-0.0076788,0.006156,6.368
0.45479,2.1497,0.081666,-0.0076687,0.0060827,6.3564
0.45484,2.1497,0.081667,-0.0076651,0.0060282,6.3608
0.45489,2.1497,0.081667,-0.0076444,0.0060076,6.3718
0.45495,2.1497,0.081667,-0.0076169,0.0060049,6.3614
0.455,2.1497,0.081668,-0.0075875,0.0060033,6.3574
0.45505,2.1497,0.081668,-0.0075607,0.0059698,6.369
0.45511,2.1497,0.081668,-0.0075457,0.005925,6.3623
0.45516,2.1497,0.081669,-0.0075338,0.0058755,6.3583
0.45521,2.1497,0.081669,-0.0075166,0.0058281,6.3669
0.45526,2.1497,0.081669,-0.0075036,0.0057901,6.3669
0.45532,2.1497,0.08167,-0.0074889,0.0057693,6.3592
0.45537,2.1497,0.08167,-0.0074669,0.0057737,6.3653
0.45542,2.1497,0.08167,-0.0074425,0.0057645,6.3785
0.45547,2.1497,0.081671,-0.0074252,0.0057561,6.37
0.45553,2.1497,0.081671,-0.0074063,0.0057635,6.3755
0.45558,2.1497,0.081671,-0.0073824,0.0057476,6.3772
0.45563,2.1497,0.081671,-0.0073553,0.0057141,6.3719
0.45568,2.1497,0.081672,-0.007324,0.0056693,6.3716
0.45574,2.1497,0.081672,-0.0072847,0.0056198,6.3798
0.45579,2.1497,0.081672,-0.0072344,0.0055723,6.3727
0.45584,2.1497,0.081673,-0.007193,0.0055341,6.3754
0.45589,2.1497,0.081673,-0.0071571,0.0055125,6.3899
0.45595,2.1497,0.081673,-0.0071228,0.0055157,6.3902
0.456,2.1497,0.081673,-0.0071039,0.005505,6.3861
0.45605,2.1497,0.081674,-0.0070918,0.0054946,6.395
0.45611,2.1497,0.081674,-0.0070942,0.0054847,6.3931
0.45616,2.1497,0.081674,-0.0070921,0.0054755,6.3853
0.45621,2.1497,0.081675,-0.0070898,0.0054672,6.3923
0.45626,2.1497,0.081675,-0.0070995,0.0054597,6.4034
0.45632,2.1497,0.081675,-0.0071197,0.0054532,6.3945
0.45637,2.1497,0.081675,-0.0071514,0.0054476,6.3976
0.45642,2.1497,0.081676,-0.0071847,0.0054429,6.41
0.45647,2.1497,0.081676,-0.0072237,0.0054392,6.4122
0.45653,2.1497,0.081676,-0.0072823,0.0054365,6.415
0.45658,2.1497,0.081677,-0.0073365,0.0054207,6.4263
0.45663,2.1497,0.081677,-0.0073867,0.0054304,6.4269
0.45668,2.1497,0.081677,-0.0074256,0.0054576,6.4204
0.45674,2.1497,0.081677,-0.0074592,0.0054945,6.427
0.45679,2.1497,0.081678,-0.0074852,0.005534,6.4258
0.45684,2.1497,0.081678,-0.0074925,0.0055689,6.4201
0.45689,2.1497,0.081678,-0.0074883,0.0055928,6.4316
0.45695,2.1497,0.081679,-0.0074752,0.0055994,6.4402
0.457,2.1497,0.081679,-0.0074582,0.0055829,6.4289
0.45705,2.1497,0.081679,-0.0074467,0.0055824,6.4423
0.45711,2.1497,0.08168,-0.0074393,0.005583,6.4449
0.45716,2.1497,0.08168,-0.0074296,0.0055847,6.4369
0.45721,2.1497,0.08168,-0.0074394,0.0055875,6.4351
0.45726,2.1497,0.08168,-0.0074601,0.0055772,6.4499
0.45732,2.1497,0.081681,-0.0074869,0.0055925,6.4435
0.45737,2.1497,0.081681,-0.007513,0.0056253,6.4384
0.45742,2.1497,0.081681,-0.0075489,0.0056679,6.4498
0.45747,2.1497,0.081682,-0.0075811,0.0057131,6.4509
0.45753,2.1497,0.081682,-0.0076115,0.0057539,6.4443
0.45758,2.1497,0.081682,-0.0076317,0.0057836,6.4516
0.45763,2.1497,0.081683,-0.007656,0.005796,6.4457
0.45768,2.1497,0.081683,-0.0076677,0.0057853,6.4377
0.45774,2.1497,0.081683,-0.00767,0.0057905,6.4455
0.45779,2.1497,0.081683,-0.0076781,0.0057968,6.4481
0.45784,2.1497,0.081684,-0.0076905,0.0058041,6.4378
0.45789,2.1497,0.081684,-0.0077019,0.0058126,6.4429
0.45795,2.1497,0.081684,-0.0077186,0.0058222,6.4586
0.458,2.1497,0.081685,-0.0077442,0.0058329,6.4566
0.45805,2.1497,0.081685,-0.0077695,0.0058446,6.4478
0.45811,2.1497,0.081685,-0.0077828,0.0058573,6.4612
0.45816,2.1497,0.081686,-0.0077897,0.0058708,6.453
0.45821,2.1497,0.081686,-0.0077994,0.0058853,6.4488
0.45826,2.1497,0.081686,-0.0078079,0.0059006,6.447
0.45832,2.1497,0.081687,-0.0078171,0.005917,6.4552
0.45837,2.1497,0.081687,-0.0078253,0.0059343,6.4454
0.45842,2.1497,0.081687,-0.0078356,0.0059528,6.4582
0.45847,2.1497,0.081687,-0.0078455,0.0059725,6.4623
0.45853,2.1497,0.081688,-0.0078537,0.0059791,6.4634
0.45858,2.1497,0.081688,-0.0078575,0.0060113,6.4657
0.45863,2.1497,0.081688,-0.0078614,0.0060471,6.4649
0.45868,2.1497,0.081689,-0.0078693,0.0060888,6.46
0.45874,2.1497,0.081689,-0.0078785,0.0061842,6.4614
0.45879,2.1497,0.081689,-0.007894,0.0063411,6.4635
0.45884,2.1497,0.08169,-0.0079186,0.0065224,6.4524
0.45889,2.1497,0.08169,-0.0079434,0.0066924,6.4581
0.45895,2.1497,0.08169,-0.007974,0.0068176,6.4595
0.459,2.1497,0.081691,-0.008017,0.0069109,6.4545
0.45905,2.1497,0.081691,-0.0080646,0.0069325,6.4546
0.45911,2.1497,0.081692,-0.0081199,0.0069039,6.46
0.45916,2.1497,0.081692,-0.0081885,0.0068826,6.4576
0.45921,2.1497,0.081692,-0.0082553,0.0068636,6.4471
0.45926,2.1497,0.081693,-0.0083244,0.0068708,6.4529
0.45932,2.1497,0.081693,-0.00838,0.006896,6.4575
0.45937,2.1497,0.081693,-0.0084349,0.0069303,6.4436
0.45942,2.1497,0.081694,-0.0085011,0.0069681,6.4489
0.45947,2.1497,0.081694,-0.0085617,0.007005,6.4616
0.45953,2.1497,0.081694,-0.0086206,0.0070332,6.4563
0.45958,2.1497,0.081695,-0.0086783,0.0070458,6.452
0.45963,2.1497,0.081695,-0.0087227,0.0070348,6.4684
0.45968,2.1497,0.081696,-0.0087625,0.0070414,6.4587
0.45974,2.1497,0.081696,-0.0087839,0.007049,6.4535
0.45979,2.1497,0.081696,-0.0088111,0.007056,6.4591
0.45984,2.1497,0.081697,-0.0088448,0.0070642,6.4549
0.45989,2.1497,0.081697,-0.0088903,0.0070748,6.4429
0.45995,2.1497,0.081697,-0.0089423,0.0070862,6.4539
0.46,2.1497,0.081698,-0.008996,0.0070976,6.4591
0.46005,2.1497,0.081698,-0.0090467,0.0071085,6.4542
0.46011,2.1497,0.081699,-0.009085,0.0071218,6.4624
0.46016,2.1497,0.081699,-0.0091197,0.0071366,6.4629
0.46021,2.1497,0.081699,-0.00916,0.0071528,6.4566
0.46026,2.1497,0.0817,-0.0091967,0.0071704,6.4559
0.46032,2.1497,0.0817,-0.0092408,0.0071893,6.4641
0.46037,2.1497,0.0817,-0.0092849,0.0072096,6.4523
0.46042,2.1497,0.081701,-0.0093218,0.0072312,6.4435
0.46047,2.1497,0.081701,-0.0093617,0.0072541,6.4547
0.46053,2.1497,0.081702,-0.0093993,0.0072782,6.4539
0.46058,2.1497,0.081702,-0.009445,0.0073036,6.4546
0.46063,2.1497,0.081702,-0.0094864,0.0073301,6.4628
0.46068,2.1497,0.081703,-0.0095293,0.0073576,6.4612
0.46074,2.1497,0.081703,-0.0095777,0.0073719,6.4537
0.46079,2.1497,0.081704,-0.0096336,0.0074115,6.4588
0.46084,2.1497,0.081704,-0.0097017,0.0074682,6.4563
0.46089,2.1497,0.081704,-0.0097867,0.0075344,6.4501
0.46095,2.1497,0.081705,-0.0098745,0.0076029,6.4585
0.461,2.1497,0.081705,-0.0099555,0.0076667,6.4646
0.46105,2.1497,0.081706,-0.01002,0.0077193,6.4597
0.46111,2.1497,0.081706,-0.010074,0.0077547,6.4644
0.46116,2.1497,0.081706,-0.010116,0.0077669,6.473
0.46121,2.1497,0.081707,-0.010153,0.0077809,6.4583
0.46126,2.1497,0.081707,-0.010193,0.0078356,6.4572
0.46132,2.1497,0.081708,-0.010233,0.0078836,6.4651
0.46137,2.1497,0.081708,-0.010273,0.0079235,6.4578
0.46142,2.1497,0.081708,-0.010316,0.0079542,6.451
0.46147,2.1497,0.081709,-0.010361,0.0079754,6.4612
0.46153,2.1497,0.081709,-0.01041,0.0079877,6.467
0.46158,2.1497,0.08171,-0.010458,0.007992,6.4669
0.46163,2.1497,0.08171,-0.010503,0.0079903,6.4748
0.46168,2.1497,0.081711,-0.010545,0.0080446,6.4806
0.46174,2.1497,0.081711,-0.010586,0.0080621,6.4677
0.46179,2.1497,0.081711,-0.010627,0.0080627,6.4787
0.46184,2.1497,0.081712,-0.010667,0.0080674,6.4785
0.46189,2.1497,0.081712,-0.01071,0.0080584,6.4744
0.46195,2.1497,0.081713,-0.010755,0.0080093,6.4705
0.462,2.1497,0.081713,-0.010803,0.007925,6.4865
0.46205,2.1497,0.081713,-0.01085,0.0078647,6.4908
0.46211,2.1497,0.081714,-0.010894,0.0078276,6.4891
0.46216,2.1497,0.081714,-0.010934,0.0078063,6.5034
0.46221,2.1497,0.081715,-0.010973,0.0078533,6.5029
0.46226,2.1497,0.081715,-0.011011,0.0079618,6.5017
0.46232,2.1497,0.081716,-0.01105,0.0080654,6.5043
0.46237,2.1497,0.081716,-0.01109,0.0081579,6.5039
0.46242,2.1497,0.081716,-0.011131,0.0082262,6.4911
0.46247,2.1497,0.081717,-0.011171,0.0082889,6.494
0.46253,2.1497,0.081717,-0.011216,0.0082974,6.5092
0.46258,2.1497,0.081718,-0.011267,0.0083167,6.4992
0.46263,2.1497,0.081718,-0.01132,0.0083421,6.4957
0.46268,2.1497,0.081719,-0.011375,0.0083832,6.5131
0.46274,2.1497,0.081719,-0.011429,0.0084188,6.5041
0.46279,2.1497,0.081719,-0.011479,0.0084733,6.5012
0.46284,2.1497,0.08172,-0.011517,0.008518,6.5024
0.46289,2.1497,0.08172,-0.011555,0.0085396,6.4997
0.46295,2.1497,0.081721,-0.011603,0.0085259,6.4901
0.463,2.1497,0.081721,-0.011649,0.0085099,6.5013
0.46305,2.1497,0.081722,-0.011704,0.0084708,6.4982
0.46311,2.1497,0.081722,-0.011763,0.0084476,6.4932
0.46316,2.1497,0.081723,-0.011823,0.0084114,6.5031
0.46321,2.1497,0.081723,-0.011878,0.0083863,6.5009
0.46326,2.1497,0.081723,-0.011924,0.0083889,6.491
0.46332,2.1497,0.081724,-0.01197,0.008442,6.4937
0.46337,2.1497,0.081724,-0.01201,0.0085225,6.5025
0.46342,2.1497,0.081725,-0.012041,0.0085943,6.4936
0.46347,2.1497,0.081725,-0.012075,0.0086752,6.491
0.46353,2.1497,0.081726,-0.012108,0.0087373,6.5031
0.46358,2.1497,0.081726,-0.01214,0.0087544,6.4949
0.46363,2.1497,0.081727,-0.012171,0.0087462,6.501
0.46368,2.1497,0.081727,-0.012195,0.0087242,6.509
0.46374,2.1496,0.081728,-0.012227,0.0087061,6.5095
0.46379,2.1496,0.081728,-0.012263,0.0086565,6.5039
0.46384,2.1496,0.081728,-0.012302,0.0085939,6.5143
0.46389,2.1496,0.081729,-0.012341,0.0085884,6.5067
0.46395,2.1496,0.081729,-0.012381,0.0085951,6.4984
0.464,2.1496,0.08173,-0.012413,0.0086377,6.5059
0.46405,2.1496,0.08173,-0.012435,0.0086941,6.5112
0.46411,2.1496,0.081731,-0.012447,0.0087433,6.5002
0.46416,2.1496,0.081731,-0.012456,0.0087511,6.5004
0.46421,2.1496,0.081732,-0.012469,0.008723,6.5115
0.46426,2.1496,0.081732,-0.01249,0.0087021,6.5067
0.46432,2.1496,0.081733,-0.012531,0.0087293,6.5019
0.46437,2.1496,0.081733,-0.012581,0.0087608,6.5066
0.46442,2.1496,0.081734,-0.012641,0.0087996,6.4985
0.46447,2.1496,0.081734,-0.012703,0.0088486,6.4906
0.46453,2.1496,0.081734,-0.01276,0.0088801,6.5047
0.46458,2.1496,0.081735,-0.0128,0.0088678,6.4991
0.46463,2.1496,0.081735,-0.012829,0.0088313,6.4934
0.46468,2.1496,0.081736,-0.012844,0.008782,6.4996
0.46474,2.1496,0.081736,-0.012866,0.0087376,6.5064
0.46479,2.1496,0.081737,-0.012879,0.0086766,6.4909
0.46484,2.1496,0.081737,-0.012907,0.0085935,6.4911
0.46489,2.1496,0.081738,-0.012941,0.0085273,6.4891
0.46495,2.1496,0.081738,-0.012977,0.0084634,6.4824
0.465,2.1496,0.081739,-0.01301,0.0084016,6.4769
0.46505,2.1496,0.081739,-0.01303,0.008342,6.4831
0.46511,2.1496,0.081739,-0.013045,0.0082845,6.4739
0.46516,2.1496,0.08174,-0.013064,0.008229,6.4709
0.46521,2.1496,0.08174,-0.013077,0.0081754,6.4902
0.46526,2.1496,0.081741,-0.01309,0.0081238,6.4898
0.46532,2.1496,0.081741,-0.013108,0.0080742,6.4769
0.46537,2.1496,0.081742,-0.013128,0.0080264,6.4897
0.46542,2.1496,0.081742,-0.013139,0.0079807,6.4849
0.46547,2.1496,0.081742,-0.01315,0.0079369,6.4658
0.46553,2.1496,0.081743,-0.013164,0.0078952,6.4657
0.46558,2.1496,0.081743,-0.01318,0.0078554,6.4676
0.46563,2.1496,0.081744,-0.0132,0.0078178,6.4642
0.46568,2.1496,0.081744,-0.013223,0.0077821,6.4681
0.46574,2.1496,0.081744,-0.013265,0.0077486,6.4804
0.46579,2.1496,0.081745,-0.013302,0.007703,6.4678
0.46584,2.1496,0.081745,-0.013347,0.0076698,6.4602
0.46589,2.1496,0.081746,-0.013394,0.0076655,6.464
0.46595,2.1496,0.081746,-0.013433,0.0076988,6.4635
0.466,2.1496,0.081747,-0.013468,0.0077712,6.4436
0.46605,2.1496,0.081747,-0.013504,0.0078771,6.4532
0.46611,2.1496,0.081747,-0.013548,0.0080044,6.4515
0.46616,2.1496,0.081748,-0.013594,0.008149,6.4497
0.46621,2.1496,0.081748,-0.013624,0.0082622,6.4508
0.46626,2.1496,0.081749,-0.013654,0.0083427,6.4562
0.46632,2.1496,0.081749,-0.013666,0.0083677,6.4473
0.46637,2.1496,0.08175,-0.013663,0.0083603,6.45
0.46642,2.1496,0.08175,-0.013649,0.0083567,6.4577
0.46647,2.1496,0.08175,-0.01363,0.0083533,6.4446
0.46653,2.1496,0.081751,-0.013613,0.0083545,6.4403
0.46658,2.1496,0.081751,-0.013589,0.0083695,6.4497
0.46663,2.1496,0.081752,-0.01357,0.0083677,6.4404
0.46668,2.1496,0.081752,-0.013555,0.0083349,6.4393
0.46674,2.1496,0.081753,-0.013537,0.0082451,6.4512
0.46679,2.1496,0.081753,-0.013522,0.0081674,6.4532
0.46684,2.1496,0.081753,-0.013513,0.0081194,6.4422
0.46689,2.1496,0.081754,-0.013517,0.0080803,6.4586
0.46695,2.1496,0.081754,-0.013525,0.0080315,6.4545
0.467,2.1496,0.081755,-0.013527,0.0079916,6.4407
0.46705,2.1496,0.081755,-0.013528,0.0079844,6.4447
0.46711,2.1496,0.081756,-0.013523,0.0079883,6.4515
0.46716,2.1496,0.081756,-0.013497,0.0079688,6.4441
0.46721,2.1496,0.081756,-0.01346,0.0080014,6.4501
0.46726,2.1496,0.081757,-0.013428,0.0080117,6.4602
0.46732,2.1496,0.081757,-0.013408,0.007985,6.4551
0.46737,2.1496,0.081758,-0.013386,0.0079082,6.4557
0.46742,2.1496,0.081758,-0.013365,0.0078144,6.457
0.46747,2.1496,0.081758,-0.013347,0.007728,6.4624
0.46753,2.1496,0.081759,-0.01334,0.007621,6.459
0.46758,2.1496,0.081759,-0.013331,0.0075198,6.4611
0.46763,2.1496,0.08176,-0.01333,0.0075022,6.4603
0.46768,2.1496,0.08176,-0.013349,0.0074988,6.4556
0.46774,2.1496,0.08176,-0.013376,0.0074948,6.4693
0.46779,2.1496,0.081761,-0.013404,0.0075144,6.4729
0.46784,2.1496,0.081761,-0.013428,0.0075362,6.4667
0.46789,2.1496,0.081762,-0.013447,0.0075397,6.4729
0.46795,2.1496,0.081762,-0.013462,0.0075055,6.4784
0.468,2.1496,0.081762,-0.013469,0.0074602,6.4721
0.46805,2.1496,0.081763,-0.013471,0.0074072,6.4618
0.46811,2.1496,0.081763,-0.01347,0.007364,6.4778
0.46816,2.1496,0.081764,-0.013468,0.0073025,6.4755
0.46821,2.1496,0.081764,-0.013468,0.0072787,6.4758
0.46826,2.1496,0.081764,-0.013472,0.0072867,6.4843
0.46832,2.1496,0.081765,-0.013483,0.0073282,6.4847
0.46837,2.1496,0.081765,-0.013503,0.0073981,6.4795
0.46842,2.1496,0.081766,-0.013528,0.0074846,6.4882
0.46847,2.1496,0.081766,-0.013559,0.0075849,6.4832
0.46853,2.1496,0.081766,-0.013594,0.0076807,6.4807
0.46858,2.1496,0.081767,-0.013633,0.0077536,6.4765
0.46863,2.1496,0.081767,-0.01367,0.0078301,6.4845
0.46868,2.1496,0.081768,-0.013709,0.0078205,6.4724
0.46874,2.1496,0.081768,-0.013744,0.0077328,6.483
0.46879,2.1496,0.081768,-0.013772,0.0075826,6.4919
0.46884,2.1496,0.081769,-0.013802,0.0073947,6.4926
0.46889,2.1496,0.081769,-0.013827,0.0072043,6.4803
0.46895,2.1496,0.08177,-0.01384,0.00699,6.4885
0.469,2.1496,0.08177,-0.013848,0.0068336,6.4804
0.46905,2.1496,0.08177,-0.013847,0.0067692,6.4801
0.46911,2.1496,0.081771,-0.013831,0.0066915,6.4828
0.46916,2.1496,0.081771,-0.013808,0.0066697,6.4874
0.46921,2.1496,0.081771,-0.013787,0.0066393,6.4793
0.46926,2.1496,0.081772,-0.013784,0.0065728,6.4885
0.46932,2.1496,0.081772,-0.013785,0.0064792,6.4943
0.46937,2.1496,0.081772,-0.013775,0.0063607,6.4867
0.46942,2.1496,0.081773,-0.013769,0.0062621,6.4945
0.46947,2.1496,0.081773,-0.01376,0.0062264,6.4965
0.46953,2.1496,0.081773,-0.013745,0.0062096,6.4925
0.46958,2.1496,0.081774,-0.013733,0.00623,6.4886
0.46963,2.1496,0.081774,-0.01373,0.0062029,6.497
0.46968,2.1496,0.081774,-0.013746,0.0061211,6.4903
0.46974,2.1496,0.081775,-0.013757,0.006002,6.4916
0.46979,2.1496,0.081775,-0.013762,0.0058594,6.5013
0.46984,2.1496,0.081775,-0.013755,0.0057124,6.4957
0.46989,2.1496,0.081775,-0.013739,0.0055854,6.4929
0.46995,2.1496,0.081776,-0.013721,0.0054506,6.499
0.47,2.1496,0.081776,-0.013703,0.0053312,6.4986
0.47005,2.1496,0.081776,-0.013691,0.0052428,6.4861
0.47011,2.1496,0.081777,-0.01369,0.0051962,6.4831
0.47016,2.1496,0.081777,-0.01369,0.0052057,6.4818
0.47021,2.1496,0.081777,-0.013698,0.0052264,6.4692
0.47026,2.1496,0.081777,-0.013701,0.0052681,6.4697
0.47032,2.1496,0.081778,-0.013704,0.0052812,6.4766
0.47037,2.1496,0.081778,-0.013712,0.0052599,6.4663
0.47042,2.1496,0.081778,-0.013711,0.0052326,6.4624
0.47047,2.1496,0.081779,-0.013705,0.0052275,6.4719
0.47053,2.1496,0.081779,-0.013694,0.0052192,6.4632
0.47058,2.1496,0.081779,-0.013682,0.0052423,6.4571
0.47063,2.1496,0.081779,-0.01367,0.0052331,6.461
0.47068,2.1496,0.08178,-0.01366,0.0052571,6.466
0.47074,2.1496,0.08178,-0.013656,0.0052118,6.4544
0.47079,2.1496,0.08178,-0.01366,0.0051545,6.4664
0.47084,2.1496,0.08178,-0.01366,0.0050737,6.4719
0.47089,2.1496,0.081781,-0.013659,0.0050037,6.4649
0.47095,2.1496,0.081781,-0.013658,0.0049332,6.4729
0.471,2.1496,0.081781,-0.013657,0.0049186,6.4734
0.47105,2.1496,0.081781,-0.013654,0.004917,6.4651
0.47111,2.1496,0.081782,-0.013654,0.0049477,6.4615
0.47116,2.1496,0.081782,-0.013657,0.0049453,6.4661
0.47121,2.1495,0.081782,-0.013661,0.0049042,6.4613
0.47126,2.1495,0.081783,-0.013666,0.0047967,6.453
0.47132,2.1495,0.081783,-0.013671,0.004656,6.4651
0.47137,2.1495,0.081783,-0.013674,0.0045069,6.4637
0.47142,2.1495,0.081783,-0.013675,0.0043804,6.4562
0.47147,2.1495,0.081783,-0.013673,0.0042689,6.4723
0.47153,2.1495,0.081784,-0.01367,0.00418,6.4675
0.47158,2.1495,0.081784,-0.01367,0.0041359,6.4585
0.47163,2.1495,0.081784,-0.013673,0.0040592,6.4647
0.47168,2.1495,0.081784,-0.013678,0.0039723,6.4768
0.47174,2.1495,0.081785,-0.013684,0.0038828,6.4565
0.47179,2.1495,0.081785,-0.013689,0.003798,6.4569
0.47184,2.1495,0.081785,-0.013693,0.003725,6.465
0.47189,2.1495,0.081785,-0.013694,0.0036702,6.4615
0.47195,2.1495,0.081785,-0.013692,0.0036549,6.463
0.472,2.1495,0.081785,-0.01369,0.0036458,6.4758
0.47205,2.1495,0.081786,-0.013691,0.0036233,6.4674
0.47211,2.1495,0.081786,-0.013694,0.0035874,6.4635
0.47216,2.1495,0.081786,-0.0137,0.0035105,6.4607
0.47221,2.1495,0.081786,-0.013706,0.0033966,6.4654
0.47226,2.1495,0.081786,-0.013712,0.0033048,6.4633
0.47232,2.1495,0.081787,-0.013716,0.0032329,6.4751
0.47237,2.1495,0.081787,-0.013718,0.0032172,6.4804
0.47242,2.1495,0.081787,-0.013717,0.0032413,6.4714
0.47247,2.1495,0.081787,-0.013717,0.003365,6.4816
0.47253,2.1495,0.081787,-0.013718,0.0034918,6.4937
0.47258,2.1495,0.081787,-0.013718,0.0035898,6.4827
0.47263,2.1495,0.081788,-0.013718,0.0036149,6.4774
0.47268,2.1495,0.081788,-0.013718,0.0036015,6.4869
0.47274,2.1495,0.081788,-0.013718,0.0035284,6.482
0.47279,2.1495,0.081788,-0.013719,0.0034389,6.4833
0.47284,2.1495,0.081788,-0.013719,0.0033653,6.4991
0.47289,2.1495,0.081789,-0.013718,0.0033466,6.4979
0.47295,2.1495,0.081789,-0.013718,0.0033362,6.4911
0.473,2.1495,0.081789,-0.013718,0.0033559,6.5022
0.47305,2.1495,0.081789,-0.013718,0.0033663,6.5009
0.47311,2.1495,0.081789,-0.013718,0.0033962,6.4951
0.47316,2.1495,0.081789,-0.013717,0.0034209,6.5064
0.47321,2.1495,0.08179,-0.013717,0.0034106,6.5131
0.47326,2.1495,0.08179,-0.013716,0.0033758,6.503
0.47332,2.1495,0.08179,-0.013716,0.0033272,6.5041
0.47337,2.1495,0.08179,-0.013715,0.0032908,6.5188
0.47342,2.1495,0.08179,-0.013714,0.0032427,6.5142
0.47347,2.1495,0.08179,-0.013714,0.003192,6.5173
0.47353,2.1495,0.081791,-0.013713,0.0031988,6.5324
0.47358,2.1495,0.081791,-0.013712,0.0032315,6.5248
0.47363,2.1495,0.081791,-0.013711,0.0032659,6.5274
0.47368,2.1495,0.081791,-0.01371,0.00333,6.5309
0.47374,2.1495,0.081791,-0.013709,0.0034134,6.5249
0.47379,2.1495,0.081792,-0.013708,0.0034618,6.5193
0.47384,2.1495,0.081792,-0.013707,0.0034152,6.5308
0.47389,2.1495,0.081792,-0.013703,0.0033257,6.5386
0.47395,2.1495,0.081792,-0.013703,0.0032192,6.5328
0.474,2.1495,0.081792,-0.013706,0.0030991,6.5377
0.47405,2.1495,0.081792,-0.013713,0.0030231,6.542
0.47411,2.1495,0.081793,-0.013718,0.0030703,6.5297
0.47416,2.1495,0.081793,-0.013718,0.0031901,6.5348
0.47421,2.1495,0.081793,-0.013714,0.0033016,6.5363
0.47426,2.1495,0.081793,-0.013703,0.0033617,6.5314
0.47432,2.1495,0.081793,-0.013687,0.0033978,6.5253
0.47437,2.1495,0.081793,-0.013674,0.0033789,6.542
0.47442,2.1495,0.081794,-0.013665,0.0033274,6.5386
0.47447,2.1495,0.081794,-0.013665,0.0032811,6.5347
0.47453,2.1495,0.081794,-0.013665,0.0033131,6.5474
0.47458,2.1495,0.081794,-0.013663,0.0034136,6.5506
0.47463,2.1495,0.081794,-0.013662,0.003553,6.5368
0.47468,2.1495,0.081795,-0.01366,0.0036771,6.5412
0.47474,2.1495,0.081795,-0.013658,0.0038108,6.5465
0.47479,2.1495,0.081795,-0.013657,0.0039724,6.5339
0.47484,2.1495,0.081795,-0.01366,0.0041186,6.5373
0.47489,2.1495,0.081795,-0.013665,0.0042452,6.5478
0.47495,2.1495,0.081796,-0.013671,0.0043899,6.5425
0.475,2.1495,0.081796,-0.013673,0.0045708,6.5451
0.47505,2.1495,0.081796,-0.013672,0.0047645,6.5577
0.47511,2.1495,0.081796,-0.01367,0.0049665,6.5528
0.47516,2.1495,0.081797,-0.01367,0.005188,6.5449
0.47521,2.1495,0.081797,-0.013669,0.0053657,6.5477
0.47526,2.1495,0.081797,-0.013663,0.0054843,6.5489
0.47532,2.1495,0.081797,-0.013657,0.0056099,6.539
0.47537,2.1495,0.081798,-0.013652,0.0056867,6.5484
0.47542,2.1495,0.081798,-0.013646,0.0057655,6.5557
0.47547,2.1495,0.081798,-0.013642,0.0058422,6.5507
0.47553,2.1495,0.081799,-0.013643,0.0059722,6.5569
0.47558,2.1495,0.081799,-0.013649,0.0061248,6.5597
0.47563,2.1495,0.081799,-0.013657,0.0062268,6.5514
0.47568,2.1495,0.0818,-0.013663,0.0063716,6.5538
0.47574,2.1495,0.0818,-0.013673,0.0065587,6.5587
0.47579,2.1495,0.0818,-0.013675,0.0066449,6.5469
0.47584,2.1495,0.081801,-0.013671,0.006721,6.5429
0.47589,2.1495,0.081801,-0.013662,0.0067012,6.5603
0.47595,2.1495,0.081801,-0.013652,0.0066658,6.5561
0.476,2.1495,0.081802,-0.013642,0.0065867,6.5495
0.47605,2.1495,0.081802,-0.013634,0.0065106,6.5629
0.47611,2.1495,0.081802,-0.013632,0.0064753,6.5616
0.47616,2.1495,0.081803,-0.013638,0.0064667,6.5475
0.47621,2.1495,0.081803,-0.013639,0.006451,6.5495
0.47626,2.1495,0.081803,-0.01364,0.0065024,6.5573
0.47632,2.1495,0.081804,-0.013641,0.0065354,6.5438
0.47637,2.1495,0.081804,-0.013641,0.0065774,6.5439
0.47642,2.1495,0.081805,-0.013642,0.0065723,6.5502
0.47647,2.1495,0.081805,-0.013642,0.0065644,6.5401
0.47653,2.1495,0.081805,-0.013642,0.006549,6.5481
0.47658,2.1495,0.081806,-0.013642,0.0065069,6.5581
0.47663,2.1495,0.081806,-0.013641,0.0065051,6.55
0.47668,2.1495,0.081806,-0.013641,0.0065787,6.5418
0.47674,2.1495,0.081807,-0.01364,0.0066808,6.5488
0.47679,2.1495,0.081807,-0.013639,0.00676,6.5515
0.47684,2.1495,0.081807,-0.013638,0.0068061,6.5402
0.47689,2.1495,0.081808,-0.013637,0.0068646,6.5457
0.47695,2.1495,0.081808,-0.013636,0.0069252,6.5448
0.477,2.1495,0.081808,-0.013632,0.0069224,6.5366
0.47705,2.1495,0.081809,-0.01363,0.006936,6.5443
0.47711,2.1495,0.081809,-0.013631,0.0069926,6.5586
0.47716,2.1495,0.08181,-0.013642,0.0070365,6.5453
0.47721,2.1495,0.08181,-0.013655,0.0070476,6.5448
0.47726,2.1495,0.08181,-0.013668,0.0070865,6.5499
0.47732,2.1495,0.081811,-0.013678,0.0071918,6.5377
0.47737,2.1495,0.081811,-0.013684,0.0073487,6.5358
0.47742,2.1495,0.081811,-0.013684,0.0075414,6.5466
0.47747,2.1495,0.081812,-0.013681,0.0078013,6.5477
0.47753,2.1495,0.081812,-0.01368,0.0081142,6.5421
0.47758,2.1495,0.081813,-0.013684,0.0083514,6.5556
0.47763,2.1495,0.081813,-0.013685,0.0085514,6.5552
0.47768,2.1495,0.081814,-0.013687,0.0087015,6.5391
0.47774,2.1495,0.081814,-0.01369,0.0087752,6.5472
0.47779,2.1495,0.081815,-0.013692,0.0087985,6.5428
0.47784,2.1495,0.081815,-0.013688,0.0088049,6.5317
0.47789,2.1495,0.081815,-0.013677,0.0088356,6.5327
0.47795,2.1495,0.081816,-0.013667,0.0088914,6.5407
0.478,2.1495,0.081816,-0.013661,0.0089554,6.5355
0.47805,2.1495,0.081817,-0.013665,0.0090555,6.5385
0.47811,2.1495,0.081817,-0.013679,0.0091662,6.5518
0.47816,2.1495,0.081818,-0.013701,0.0092459,6.5458
0.47821,2.1495,0.081818,-0.013723,0.0092971,6.5418
0.47826,2.1495,0.081819,-0.01374,0.0093144,6.551
0.47832,2.1495,0.081819,-0.013749,0.0092995,6.5467
0.47837,2.1495,0.08182,-0.013754,0.0092615,6.5353
0.47842,2.1495,0.08182,-0.01376,0.0092313,6.5481
0.47847,2.1495,0.081821,-0.013764,0.0091477,6.5539
0.47853,2.1494,0.081821,-0.013765,0.0090575,6.5453
0.47858,2.1494,0.081822,-0.013766,0.008939,6.551
0.47863,2.1494,0.081822,-0.013765,0.0088387,6.5674
0.47868,2.1494,0.081823,-0.013766,0.0087424,6.56
0.47874,2.1494,0.081823,-0.013768,0.0086888,6.5662
0.47879,2.1494,0.081824,-0.013772,0.0086573,6.5713
0.47884,2.1494,0.081824,-0.01378,0.0086515,6.5654
0.47889,2.1494,0.081824,-0.013786,0.0086805,6.5642
0.47895,2.1494,0.081825,-0.013791,0.0087493,6.5809
0.479,2.1494,0.081825,-0.013797,0.008823,6.5794
0.47905,2.1494,0.081826,-0.013802,0.0089584,6.5793
0.47911,2.1494,0.081826,-0.013807,0.0091037,6.5911
0.47916,2.1494,0.081827,-0.013812,0.00925,6.5889
0.47921,2.1494,0.081827,-0.013816,0.0093799,6.5854
0.47926,2.1494,0.081828,-0.013821,0.009494,6.5959
0.47932,2.1494,0.081828,-0.013825,0.0096203,6.5973
0.47937,2.1494,0.081829,-0.01383,0.0097277,6.5913
0.47942,2.1494,0.081829,-0.013834,0.0097829,6.5922
0.47947,2.1494,0.08183,-0.013838,0.0098402,6.601
0.47953,2.1494,0.08183,-0.013842,0.0099078,6.5905
0.47958,2.1494,0.081831,-0.013845,0.0099546,6.5906
0.47963,2.1494,0.081831,-0.013849,0.010029,6.6021
0.47968,2.1494,0.081832,-0.013853,0.010144,6.6026
0.47974,2.1494,0.081833,-0.013856,0.010271,6.5889
0.47979,2.1494,0.081833,-0.013859,0.010369,6.6008
0.47984,2.1494,0.081834,-0.013862,0.01045,6.6004
0.47989,2.1494,0.081834,-0.013865,0.01054,6.5858
0.47995,2.1494,0.081835,-0.01387,0.010618,6.5934
0.48,2.1494,0.081835,-0.013873,0.010619,6.5972
0.48005,2.1494,0.081836,-0.013872,0.010579,6.5865
0.48011,2.1494,0.081836,-0.013866,0.010513,6.5892
0.48016,2.1494,0.081837,-0.013852,0.010449,6.5978
0.48021,2.1494,0.081837,-0.013835,0.010372,6.5889
0.48026,2.1494,0.081838,-0.013819,0.010365,6.5952
0.48032,2.1494,0.081839,-0.013808,0.010411,6.5996
0.48037,2.1494,0.081839,-0.013805,0.010464,6.5887
0.48042,2.1494,0.08184,-0.013808,0.010472,6.5898
0.48047,2.1494,0.08184,-0.013815,0.010474,6.599
0.48053,2.1494,0.081841,-0.013823,0.010434,6.5935
0.48058,2.1494,0.081841,-0.013829,0.010415,6.5897
0.48063,2.1494,0.081842,-0.013836,0.01037,6.5978
0.48068,2.1494,0.081842,-0.01384,0.01036,6.5966
0.48074,2.1494,0.081843,-0.013843,0.010339,6.5836
0.48079,2.1494,0.081844,-0.013843,0.010325,6.5937
0.48084,2.1494,0.081844,-0.013839,0.010289,6.5886
0.48089,2.1494,0.081845,-0.013831,0.010249,6.5731
0.48095,2.1494,0.081845,-0.013818,0.01017,6.5742
0.481,2.1494,0.081846,-0.013804,0.010075,6.5804
0.48105,2.1494,0.081846,-0.01379,0.0099193,6.5708
0.48111,2.1494,0.081847,-0.013773,0.0097635,6.5676
0.48116,2.1494,0.081847,-0.01376,0.0096059,6.5717
0.48121,2.1494,0.081848,-0.013747,0.0094987,6.5633
0.48126,2.1494,0.081848,-0.013736,0.0094328,6.5626
0.48132,2.1494,0.081849,-0.013725,0.0094043,6.5704
0.48137,2.1494,0.081849,-0.013716,0.0094041,6.5558
0.48142,2.1494,0.08185,-0.013707,0.009413,6.5497
0.48147,2.1494,0.08185,-0.013699,0.0094034,6.5554
0.48153,2.1494,0.081851,-0.013692,0.0093759,6.5519
0.48158,2.1494,0.081851,-0.013684,0.0093695,6.5389
0.48163,2.1494,0.081852,-0.013679,0.0093777,6.5486
0.48168,2.1494,0.081852,-0.01368,0.009394,6.5604
0.48174,2.1494,0.081853,-0.013685,0.0094115,6.5479
0.48179,2.1494,0.081853,-0.013691,0.0094263,6.5508
0.48184,2.1494,0.081854,-0.013698,0.0094302,6.5613
0.48189,2.1494,0.081854,-0.013708,0.0094155,6.544
0.48195,2.1494,0.081855,-0.013721,0.0093742,6.5436
0.482,2.1494,0.081855,-0.013733,0.0093464,6.5536
0.48205,2.1494,0.081856,-0.013745,0.0093138,6.5444
0.48211,2.1494,0.081856,-0.013757,0.0092941,6.5353
0.48216,2.1494,0.081857,-0.013765,0.0092625,6.5509
0.48221,2.1494,0.081857,-0.013766,0.0092201,6.5558
0.48226,2.1494,0.081858,-0.013763,0.0091311,6.5439
0.48232,2.1494,0.081858,-0.01376,0.0089597,6.5521
0.48237,2.1494,0.081858,-0.01376,0.0087223,6.5468
0.48242,2.1494,0.081859,-0.01376,0.0084257,6.5419
0.48247,2.1494,0.081859,-0.013761,0.0081221,6.5421
0.48253,2.1494,0.08186,-0.013763,0.0078686,6.5486
0.48258,2.1494,0.08186,-0.013766,0.0076733,6.5346
0.48263,2.1494,0.081861,-0.013769,0.0075569,6.5392
0.48268,2.1494,0.081861,-0.013773,0.0074844,6.5529
0.48274,2.1494,0.081861,-0.013778,0.0074193,6.547
0.48279,2.1494,0.081862,-0.013783,0.0073604,6.545
0.48284,2.1494,0.081862,-0.013789,0.0072832,6.5564
0.48289,2.1494,0.081863,-0.013795,0.0072054,6.5551
0.48295,2.1494,0.081863,-0.013802,0.0071265,6.5452
0.483,2.1494,0.081863,-0.013808,0.0070471,6.5525
0.48305,2.1494,0.081864,-0.013818,0.006968,6.5484
0.48311,2.1494,0.081864,-0.01383,0.00689,6.5424
0.48316,2.1494,0.081864,-0.013843,0.0068252,6.551
0.48321,2.1494,0.081865,-0.013858,0.0067346,6.5531
0.48326,2.1494,0.081865,-0.013876,0.0066271,6.5448
0.48332,2.1494,0.081865,-0.0139,0.0065095,6.5533
0.48337,2.1494,0.081866,-0.013924,0.0063859,6.5565
0.48342,2.1494,0.081866,-0.013947,0.0062752,6.5463
0.48347,2.1494,0.081866,-0.013974,0.0061451,6.5447
0.48353,2.1494,0.081867,-0.014002,0.0060113,6.5494
0.48358,2.1494,0.081867,-0.014027,0.0058911,6.5408
0.48363,2.1494,0.081867,-0.014054,0.0057359,6.5348
0.48368,2.1494,0.081868,-0.014082,0.0055969,6.5505
0.48374,2.1494,0.081868,-0.014115,0.0055122,6.5564
0.48379,2.1494,0.081868,-0.014142,0.0054754,6.5422
0.48384,2.1494,0.081868,-0.014168,0.0054809,6.5599
0.48389,2.1494,0.081869,-0.01419,0.005474,6.5595
0.48395,2.1494,0.081869,-0.014205,0.0054724,6.5469
0.484,2.1494,0.081869,-0.014215,0.0054385,6.5442
0.48405,2.1494,0.08187,-0.014225,0.0053215,6.554
0.48411,2.1494,0.08187,-0.014244,0.0051814,6.5449
0.48416,2.1494,0.08187,-0.014271,0.0050118,6.5442
0.48421,2.1494,0.08187,-0.014305,0.0048232,6.5574
0.48426,2.1494,0.081871,-0.014348,0.0046359,6.5551
0.48432,2.1494,0.081871,-0.014392,0.0044853,6.552
0.48437,2.1494,0.081871,-0.01443,0.0043585,6.5566
0.48442,2.1494,0.081871,-0.014461,0.0042515,6.5602
0.48447,2.1494,0.081872,-0.014491,0.0041268,6.5529
0.48453,2.1494,0.081872,-0.014518,0.0039808,6.5602
0.48458,2.1494,0.081872,-0.014538,0.0037889,6.5585
0.48463,2.1494,0.081872,-0.014554,0.0036043,6.5505
0.48468,2.1494,0.081872,-0.014565,0.0034225,6.5645
0.48474,2.1494,0.081873,-0.014569,0.0032352,6.5647
0.48479,2.1494,0.081873,-0.014571,0.0030473,6.5613
0.48484,2.1494,0.081873,-0.014576,0.0028756,6.5625
0.48489,2.1494,0.081873,-0.014589,0.0026837,6.5718
0.48495,2.1494,0.081873,-0.014609,0.002451,6.563
0.485,2.1494,0.081873,-0.014633,0.0021982,6.5563
0.48505,2.1494,0.081873,-0.014658,0.0019286,6.5603
0.48511,2.1494,0.081873,-0.014675,0.0016294,6.554
0.48516,2.1494,0.081873,-0.014687,0.001365,6.5542
0.48521,2.1494,0.081874,-0.014705,0.0011571,6.5665
0.48526,2.1494,0.081874,-0.014715,0.0009397,6.5629
0.48532,2.1494,0.081874,-0.01472,0.00077168,6.5553
0.48537,2.1494,0.081874,-0.014726,0.00060592,6.5653
0.48542,2.1494,0.081874,-0.014734,0.00044864,6.5683
0.48547,2.1494,0.081874,-0.014746,0.0002413,6.5609
0.48553,2.1494,0.081874,-0.014762,8.8812e-06,6.5638
0.48558,2.1494,0.081874,-0.014788,-0.00015635,6.5676
0.48563,2.1494,0.081874,-0.014827,-0.00038707,6.5556
0.48568,2.1493,0.081874,-0.014866,-0.00066426,6.5612
0.48574,2.1493,0.081874,-0.014895,-0.00085475,6.5657
0.48579,2.1493,0.081874,-0.014915,-0.0010546,6.5667
0.48584,2.1493,0.081873,-0.014933,-0.001179,6.5681
0.48589,2.1493,0.081873,-0.014946,-0.0013072,6.5797
0.48595,2.1493,0.081873,-0.014945,-0.0014044,6.5724
0.486,2.1493,0.081873,-0.014942,-0.0015047,6.5666
0.48605,2.1493,0.081873,-0.014939,-0.0016928,6.5759
0.48611,2.1493,0.081873,-0.014946,-0.0018951,6.5765
0.48616,2.1493,0.081873,-0.014955,-0.0020738,6.5633
0.48621,2.1493,0.081873,-0.014964,-0.0022717,6.5742
0.48626,2.1493,0.081873,-0.014984,-0.0024204,6.5764
0.48632,2.1493,0.081873,-0.015008,-0.0025647,6.5699
0.48637,2.1493,0.081872,-0.015027,-0.0026662,6.5788
0.48642,2.1493,0.081872,-0.015046,-0.0027868,6.5879
0.48647,2.1493,0.081872,-0.015065,-0.0029573,6.5775
0.48653,2.1493,0.081872,-0.015084,-0.0031096,6.5728
0.48658,2.1493,0.081872,-0.015103,-0.0032756,6.5771
0.48663,2.1493,0.081872,-0.015119,-0.0034399,6.5706
0.48668,2.1493,0.081871,-0.015134,-0.0036079,6.5602
0.48674,2.1493,0.081871,-0.015149,-0.0037264,6.567
0.48679,2.1493,0.081871,-0.015162,-0.0037901,6.5696
0.48684,2.1493,0.081871,-0.015169,-0.0038347,6.5581
0.48689,2.1493,0.081871,-0.015176,-0.0038899,6.5605
0.48695,2.1493,0.08187,-0.01518,-0.0039017,6.56
0.487,2.1493,0.08187,-0.015185,-0.0039304,6.546
0.48705,2.1493,0.08187,-0.015191,-0.0039704,6.5475
0.48711,2.1493,0.08187,-0.015195,-0.0040311,6.5462
0.48716,2.1493,0.08187,-0.015202,-0.0040571,6.5357
0.48721,2.1493,0.081869,-0.015212,-0.0040889,6.5407
0.48726,2.1493,0.081869,-0.015224,-0.0041465,6.5472
0.48732,2.1493,0.081869,-0.015237,-0.0042415,6.5457
0.48737,2.1493,0.081869,-0.015249,-0.0043787,6.5445
0.48742,2.1493,0.081868,-0.015261,-0.0045561,6.557
0.48747,2.1493,0.081868,-0.01527,-0.0047793,6.5545
0.48753,2.1493,0.081868,-0.015275,-0.0049923,6.5467
0.48758,2.1493,0.081868,-0.015282,-0.0052059,6.5515
0.48763,2.1493,0.081867,-0.015289,-0.0053766,6.554
0.48768,2.1493,0.081867,-0.015294,-0.0055014,6.5404
0.48774,2.1493,0.081867,-0.015301,-0.0055801,6.5497
0.48779,2.1493,0.081866,-0.015313,-0.0056209,6.5541
0.48784,2.1493,0.081866,-0.01533,-0.0056399,6.542
0.48789,2.1493,0.081866,-0.015349,-0.0056609,6.5484
0.48795,2.1493,0.081866,-0.015369,-0.0056695,6.5575
0.488,2.1493,0.081865,-0.015387,-0.005712,6.5437
0.48805,2.1493,0.081865,-0.015401,-0.0057357,6.5472
0.48811,2.1493,0.081865,-0.015409,-0.0057545,6.5471
0.48816,2.1493,0.081864,-0.015416,-0.0057685,6.5402
0.48821,2.1493,0.081864,-0.015424,-0.0057775,6.5386
0.48826,2.1493,0.081864,-0.015432,-0.0057815,6.5459
0.48832,2.1493,0.081863,-0.01544,-0.0057803,6.5536
0.48837,2.1493,0.081863,-0.015446,-0.0057889,6.5446
0.48842,2.1493,0.081863,-0.015455,-0.0057679,6.5488
0.48847,2.1493,0.081863,-0.015469,-0.005723,6.5551
0.48853,2.1493,0.081862,-0.015483,-0.0056601,6.5468
0.48858,2.1493,0.081862,-0.015488,-0.0055858,6.5492
0.48863,2.1493,0.081862,-0.015488,-0.0055076,6.554
0.48868,2.1493,0.081861,-0.015489,-0.005445,6.5444
0.48874,2.1493,0.081861,-0.015494,-0.0053678,6.5449
0.48879,2.1493,0.081861,-0.015508,-0.0052725,6.5623
0.48884,2.1493,0.081861,-0.015526,-0.0051519,6.5538
0.48889,2.1493,0.08186,-0.015549,-0.0050463,6.5585
0.48895,2.1493,0.08186,-0.01557,-0.0049757,6.5721
0.489,2.1493,0.08186,-0.015586,-0.0049538,6.5666
0.48905,2.1493,0.081859,-0.015607,-0.0050028,6.564
0.48911,2.1493,0.081859,-0.01562,-0.0050803,6.5703
0.48916,2.1493,0.081859,-0.015622,-0.0051373,6.5713
0.48921,2.1493,0.081859,-0.015617,-0.0051696,6.5577
0.48926,2.1493,0.081858,-0.015606,-0.0051986,6.5685
0.48932,2.1493,0.081858,-0.015592,-0.0052307,6.5765
0.48937,2.1493,0.081858,-0.015572,-0.0052728,6.5696
0.48942,2.1493,0.081858,-0.015562,-0.0053319,6.5738
0.48947,2.1493,0.081857,-0.015563,-0.0054307,6.5785
0.48953,2.1493,0.081857,-0.015561,-0.0054908,6.5717
0.48958,2.1493,0.081857,-0.015558,-0.0055317,6.5735
0.48963,2.1493,0.081856,-0.015562,-0.0055777,6.5761
0.48968,2.1493,0.081856,-0.015577,-0.0056099,6.567
0.48974,2.1493,0.081856,-0.015593,-0.0056021,6.5674
0.48979,2.1493,0.081856,-0.015606,-0.0055885,6.5826
0.48984,2.1493,0.081855,-0.015609,-0.0055654,6.5836
0.48989,2.1493,0.081855,-0.0156,-0.0055359,6.5741
0.48995,2.1493,0.081855,-0.015583,-0.0054483,6.5905
0.49,2.1493,0.081854,-0.015567,-0.0053507,6.5993
0.49005,2.1493,0.081854,-0.01556,-0.0052782,6.5897
0.49011,2.1493,0.081854,-0.015566,-0.0052212,6.6038
0.49016,2.1493,0.081854,-0.015582,-0.0051771,6.6077
0.49021,2.1493,0.081853,-0.015607,-0.0051831,6.5946
0.49026,2.1493,0.081853,-0.015628,-0.0052163,6.5959
0.49032,2.1493,0.081853,-0.015632,-0.0052603,6.6101
0.49037,2.1493,0.081852,-0.01563,-0.0052905,6.606
0.49042,2.1493,0.081852,-0.015617,-0.0053212,6.6067
0.49047,2.1493,0.081852,-0.015592,-0.0053523,6.6245
0.49053,2.1493,0.081852,-0.015559,-0.0053837,6.6191
0.49058,2.1493,0.081851,-0.015515,-0.0054164,6.6164
0.49063,2.1493,0.081851,-0.015464,-0.0054472,6.6257
0.49068,2.1493,0.081851,-0.015423,-0.0054769,6.6216
0.49074,2.1493,0.08185,-0.015379,-0.005506,6.6082
0.49079,2.1493,0.08185,-0.015354,-0.0055351,6.6191
0.49084,2.1493,0.08185,-0.015346,-0.0055648,6.6237
0.49089,2.1493,0.08185,-0.015359,-0.0056108,6.6189
0.49095,2.1493,0.081849,-0.015379,-0.0056505,6.6227
0.491,2.1493,0.081849,-0.015401,-0.0056481,6.6352
0.49105,2.1493,0.081849,-0.015429,-0.0056132,6.6234
0.49111,2.1493,0.081848,-0.01546,-0.00556,6.6267
0.49116,2.1493,0.081848,-0.015479,-0.0055025,6.6275
0.49121,2.1493,0.081848,-0.015491,-0.0054553,6.6224
0.49126,2.1493,0.081848,-0.015492,-0.0054328,6.6157
0.49132,2.1493,0.081847,-0.015499,-0.0054541,6.6264
0.49137,2.1493,0.081847,-0.0155,-0.0054889,6.6228
0.49142,2.1493,0.081847,-0.015503,-0.0055092,6.6224
0.49147,2.1493,0.081846,-0.015516,-0.0055298,6.6364
0.49153,2.1493,0.081846,-0.015531,-0.0055503,6.6443
0.49158,2.1493,0.081846,-0.015545,-0.0055701,6.6328
0.49163,2.1493,0.081846,-0.015548,-0.0055885,6.6445
0.49168,2.1493,0.081845,-0.015542,-0.005605,6.6515
0.49174,2.1493,0.081845,-0.015544,-0.0056226,6.6402
0.49179,2.1493,0.081845,-0.015546,-0.0056401,6.6465
0.49184,2.1493,0.081844,-0.015543,-0.0056576,6.6566
0.49189,2.1493,0.081844,-0.015548,-0.005675,6.6553
0.49195,2.1493,0.081844,-0.015561,-0.0056925,6.6462
0.492,2.1493,0.081843,-0.015574,-0.0057089,6.6621
0.49205,2.1493,0.081843,-0.015592,-0.0057422,6.6579
0.49211,2.1493,0.081843,-0.015624,-0.0057515,6.6455
0.49216,2.1492,0.081843,-0.015678,-0.0057601,6.655
0.49221,2.1492,0.081842,-0.015734,-0.0057492,6.6486
0.49226,2.1492,0.081842,-0.0158,-0.0056909,6.6346
0.49232,2.1492,0.081842,-0.015873,-0.0056043,6.6364
0.49237,2.1492,0.081841,-0.015937,-0.0055041,6.6373
0.49242,2.1492,0.081841,-0.015993,-0.005414,6.6301
0.49247,2.1492,0.081841,-0.016046,-0.0053587,6.6299
0.49253,2.1492,0.08184,-0.016095,-0.0053129,6.6342
0.49258,2.1492,0.08184,-0.016143,-0.0053095,6.6263
0.49263,2.1492,0.08184,-0.01618,-0.0053167,6.627
0.49268,2.1492,0.08184,-0.016222,-0.0053101,6.6213
0.49274,2.1492,0.081839,-0.016256,-0.0053037,6.616
0.49279,2.1492,0.081839,-0.016293,-0.0052939,6.6099
0.49284,2.1492,0.081839,-0.016342,-0.0052846,6.6236
0.49289,2.1492,0.081839,-0.016396,-0.0052749,6.6188
0.49295,2.1492,0.081838,-0.016451,-0.0052647,6.6136
0.493,2.1492,0.081838,-0.016506,-0.005255,6.6338
0.49305,2.1492,0.081838,-0.016566,-0.0052429,6.636
0.49311,2.1492,0.081837,-0.016631,-0.0052291,6.6274
0.49316,2.1492,0.081837,-0.016703,-0.0052131,6.6385
0.49321,2.1492,0.081837,-0.016794,-0.0051983,6.6449
0.49326,2.1492,0.081837,-0.016891,-0.0051847,6.6334
0.49332,2.1492,0.081836,-0.016991,-0.0051725,6.6356
0.49337,2.1492,0.081836,-0.017084,-0.0051616,6.6472
0.49342,2.1492,0.081836,-0.017169,-0.0051506,6.6371
0.49347,2.1492,0.081836,-0.017251,-0.0051381,6.6348
0.49353,2.1492,0.081835,-0.017319,-0.005127,6.6501
0.49358,2.1492,0.081835,-0.017382,-0.0051147,6.6457
0.49363,2.1492,0.081835,-0.017431,-0.0051062,6.6396
0.49368,2.1492,0.081834,-0.017467,-0.0050977,6.6442
0.49374,2.1492,0.081834,-0.017505,-0.0050897,6.6346
0.49379,2.1492,0.081834,-0.01755,-0.0050827,6.6294
0.49384,2.1492,0.081834,-0.017601,-0.005073,6.635
0.49389,2.1492,0.081833,-0.017655,-0.0050632,6.6379
0.49395,2.1492,0.081833,-0.017709,-0.0050548,6.6327
0.494,2.1492,0.081833,-0.017763,-0.0050461,6.636
0.49405,2.1492,0.081833,-0.0178,-0.0050553,6.642
0.49411,2.1492,0.081832,-0.017825,-0.005038,6.6292
0.49416,2.1492,0.081832,-0.017844,-0.0050035,6.6255
0.49421,2.1492,0.081832,-0.017858,-0.0049561,6.6416
0.49426,2.1492,0.081832,-0.017865,-0.0049005,6.6365
0.49432,2.1492,0.081831,-0.017862,-0.0048469,6.6293
0.49437,2.1492,0.081831,-0.01787,-0.0048007,6.6451
0.49442,2.1492,0.081831,-0.017886,-0.0047711,6.6417
0.49447,2.1492,0.081831,-0.017909,-0.0047677,6.6399
0.49453,2.1492,0.08183,-0.017939,-0.00475,6.654
0.49458,2.1492,0.08183,-0.017974,-0.0047342,6.6571
0.49463,2.1492,0.08183,-0.018011,-0.004718,6.6507
0.49468,2.1492,0.08183,-0.01805,-0.004703,6.6534
0.49474,2.1492,0.081829,-0.018078,-0.0046897,6.649
0.49479,2.1492,0.081829,-0.018115,-0.0046753,6.6415
0.49484,2.1492,0.081829,-0.018145,-0.004661,6.6382
0.49489,2.1492,0.081829,-0.018178,-0.0046468,6.6477
0.49495,2.1492,0.081828,-0.018224,-0.0046329,6.6381
0.495,2.1492,0.081828,-0.018279,-0.0046193,6.6356
0.49505,2.1492,0.081828,-0.018339,-0.004606,6.6458
0.49511,2.1492,0.081828,-0.018399,-0.0045928,6.6426
0.49516,2.1492,0.081827,-0.018445,-0.004582,6.6314
0.49521,2.1492,0.081827,-0.018497,-0.0045675,6.6536
0.49526,2.1492,0.081827,-0.018543,-0.0045504,6.6479
0.49532,2.1492,0.081827,-0.018589,-0.0045319,6.6474
0.49537,2.1492,0.081826,-0.018639,-0.0045142,6.6543
0.49542,2.1492,0.081826,-0.018685,-0.0044967,6.6551
0.49547,2.1492,0.081826,-0.018722,-0.0044782,6.6507
0.49553,2.1492,0.081826,-0.018748,-0.0044767,6.6621
0.49558,2.1492,0.081825,-0.018762,-0.0044535,6.6722
0.49563,2.1492,0.081825,-0.018773,-0.0044072,6.6667
0.49568,2.1492,0.081825,-0.018793,-0.0043494,6.6685
0.49574,2.1492,0.081825,-0.018822,-0.0042859,6.6725
0.49579,2.1492,0.081825,-0.018853,-0.0042263,6.6646
0.49584,2.1492,0.081824,-0.018889,-0.0041773,6.6631
0.49589,2.1492,0.081824,-0.01894,-0.0041472,6.6707
0.49595,2.1492,0.081824,-0.018996,-0.0041447,6.6738
0.496,2.1492,0.081824,-0.019054,-0.0041278,6.6689
0.49605,2.1492,0.081823,-0.019102,-0.0041083,6.6837
0.49611,2.1492,0.081823,-0.019151,-0.0040864,6.6892
0.49616,2.1492,0.081823,-0.0192,-0.0040622,6.6842
0.49621,2.1492,0.081823,-0.019239,-0.0040383,6.6973
0.49626,2.1492,0.081823,-0.019273,-0.0040275,6.6966
0.49632,2.1492,0.081822,-0.019311,-0.0040077,6.6889
0.49637,2.1492,0.081822,-0.01935,-0.0039446,6.6895
0.49642,2.1492,0.081822,-0.019388,-0.0038502,6.6905
0.49647,2.1492,0.081822,-0.019426,-0.0037371,6.6792
0.49653,2.1492,0.081822,-0.019462,-0.0036189,6.68
0.49658,2.1492,0.081821,-0.019501,-0.003513,6.6851
0.49663,2.1492,0.081821,-0.019541,-0.0034328,6.6794
0.49668,2.1492,0.081821,-0.01958,-0.0033941,6.6752
0.49674,2.1492,0.081821,-0.019621,-0.0033658,6.688
0.49679,2.1492,0.081821,-0.019667,-0.0033249,6.6855
0.49684,2.1492,0.08182,-0.019714,-0.0032864,6.679
0.49689,2.1492,0.08182,-0.019765,-0.0032517,6.6825
0.49695,2.1492,0.08182,-0.019812,-0.0032178,6.6777
0.497,2.1492,0.08182,-0.019863,-0.0031857,6.6671
0.49705,2.1492,0.08182,-0.019916,-0.0031515,6.6827
0.49711,2.1492,0.08182,-0.01997,-0.0031181,6.6892
0.49716,2.1492,0.081819,-0.020025,-0.0030846,6.68
0.49721,2.1492,0.081819,-0.020079,-0.0030501,6.6845
0.49726,2.1492,0.081819,-0.020131,-0.0030159,6.6925
0.49732,2.1492,0.081819,-0.020181,-0.0029833,6.6828
0.49737,2.1492,0.081819,-0.020227,-0.0029505,6.6789
0.49742,2.1492,0.081819,-0.020275,-0.0029195,6.6796
0.49747,2.1492,0.081819,-0.020323,-0.0028881,6.672
0.49753,2.1492,0.081818,-0.020371,-0.002858,6.6665
0.49758,2.1492,0.081818,-0.020418,-0.0028298,6.6746
0.49763,2.1492,0.081818,-0.020466,-0.0028008,6.6799
0.49768,2.1491,0.081818,-0.020513,-0.0027711,6.6696
0.49774,2.1491,0.081818,-0.02056,-0.0027434,6.6753
0.49779,2.1491,0.081818,-0.020607,-0.0027172,6.6763
0.49784,2.1491,0.081818,-0.020653,-0.0026919,6.6596
0.49789,2.1491,0.081817,-0.020699,-0.0026658,6.6618
0.49795,2.1491,0.081817,-0.020745,-0.0026401,6.6599
0.498,2.1491,0.081817,-0.02079,-0.0026177,6.6482
0.49805,2.1491,0.081817,-0.020835,-0.0025941,6.6483
0.49811,2.1491,0.081817,-0.02088,-0.002567,6.6555
0.49816,2.1491,0.081817,-0.020924,-0.0025417,6.6439
0.49821,2.1491,0.081817,-0.020967,-0.0025159,6.64
0.49826,2.1491,0.081816,-0.02101,-0.0024884,6.6558
0.49832,2.1491,0.081816,-0.021052,-0.0024582,6.6484
0.49837,2.1491,0.081816,-0.021094,-0.0024276,6.6384
0.49842,2.1491,0.081816,-0.021132,-0.0023985,6.6423
0.49847,2.1491,0.081816,-0.021171,-0.0023673,6.6451
0.49853,2.1491,0.081816,-0.02122,-0.0023321,6.6333
0.49858,2.1491,0.081816,-0.021273,-0.0022954,6.6455
0.49863,2.1491,0.081816,-0.021324,-0.0022606,6.6534
0.49868,2.1491,0.081815,-0.021369,-0.002224,6.644
0.49874,2.1491,0.081815,-0.0214,-0.0021891,6.6442
0.49879,2.1491,0.081815,-0.021427,-0.0021561,6.6544
0.49884,2.1491,0.081815,-0.021446,-0.002125,6.6409
0.49889,2.1491,0.081815,-0.021464,-0.0020957,6.6318
0.49895,2.1491,0.081815,-0.021484,-0.0020645,6.6449
0.499,2.1491,0.081815,-0.021498,-0.0020321,6.6365
0.49905,2.1491,0.081815,-0.021516,-0.0020013,6.6274
0.49911,2.1491,0.081815,-0.021543,-0.0019676,6.6382
0.49916,2.1491,0.081814,-0.021575,-0.0019352,6.6377
0.49921,2.1491,0.081814,-0.021614,-0.0019031,6.6377
0.49926,2.1491,0.081814,-0.021656,-0.0018703,6.6462
0.49932,2.1491,0.081814,-0.021703,-0.0018397,6.6462
0.49937,2.1491,0.081814,-0.021741,-0.0018118,6.6353
0.49942,2.1491,0.081814,-0.021767,-0.0017831,6.6407
0.49947,2.1491,0.081814,-0.021795,-0.0017535,6.6453
0.49953,2.1491,0.081814,-0.021823,-0.0017231,6.6333
0.49958,2.1491,0.081814,-0.021842,-0.0016918,6.6257
0.49963,2.1491,0.081814,-0.021847,-0.0016598,6.6439
0.49968,2.1491,0.081814,-0.021848,-0.0016271,6.6364
0.49974,2.1491,0.081813,-0.021848,-0.0015974,6.6366
0.49979,2.1491,0.081813,-0.021855,-0.0015698,6.644
0.49984,2.1491,0.081813,-0.02187,-0.0015413,6.6448
0.49989,2.1491,0.081813,-0.021893,-0.0015142,6.6362
0.49995,2.1491,0.081813,-0.021919,-0.0014852,6.641
0.5,2.1491,0.081813,-0.02194,-0.0014549,6.6455
0.50005,2.1491,0.081813,-0.021957,-0.001424,6.6354
0.50011,2.1491,0.081813,-0.021966,-0.001393,6.6417
0.50016,2.1491,0.081813,-0.021966,-0.0013636,6.644
0.50021,2.1491,0.081813,-0.021964,-0.0013337,6.6468
0.50026,2.1491,0.081813,-0.021968,-0.0013054,6.6451
0.50032,2.1491,0.081813,-0.021972,-0.0012769,6.6542
0.50037,2.1491,0.081813,-0.021981,-0.0012464,6.6467
0.50042,2.1491,0.081813,-0.022,-0.001216,6.6417
0.50047,2.1491,0.081812,-0.022029,-0.0011867,6.6501
0.50053,2.1491,0.081812,-0.022069,-0.0011595,6.6378
0.50058,2.1491,0.081812,-0.022122,-0.0011352,6.6283
0.50063,2.1491,0.081812,-0.022168,-0.0011116,6.6381
0.50068,2.1491,0.081812,-0.022222,-0.0010914,6.6351
0.50074,2.1491,0.081812,-0.022266,-0.0010689,6.629
0.50079,2.1491,0.081812,-0.022299,-0.0010456,6.6392
0.50084,2.1491,0.081812,-0.022316,-0.0010222,6.6439
0.50089,2.1491,0.081812,-0.022329,-0.00099906,6.6299
0.50095,2.1491,0.081812,-0.02234,-0.00097648,6.6329
0.501,2.1491,0.081812,-0.022348,-0.00095495,6.6385
0.50105,2.1491,0.081812,-0.02235,-0.00093501,6.6284
0.50111,2.1491,0.081812,-0.022365,-0.00091713,6.6253
0.50116,2.1491,0.081812,-0.022387,-0.00089839,6.6443
0.50121,2.1491,0.081812,-0.022423,-0.00087994,6.6453
0.50126,2.1491,0.081812,-0.022454,-0.00086173,6.6459
0.50132,2.1491,0.081812,-0.022494,-0.00084479,6.657
0.50137,2.1491,0.081812,-0.022535,-0.0008261,6.6475
0.50142,2.1491,0.081812,-0.022569,-0.0008062,6.649
0.50147,2.1491,0.081811,-0.022605,-0.0007856,6.6518
0.50153,2.1491,0.081811,-0.022645,-0.00076594,6.6532
0.50158,2.1491,0.081811,-0.022691,-0.00074595,6.6412
0.50163,2.1491,0.081811,-0.022746,-0.0007239,6.6509
0.50168,2.1491,0.081811,-0.022797,-0.00070151,6.6628
0.50174,2.1491,0.081811,-0.022849,-0.0006804,6.659
0.50179,2.1491,0.081811,-0.022907,-0.00065874,6.6583
0.50184,2.1491,0.081811,-0.022958,-0.00063872,6.6695
0.50189,2.1491,0.081811,-0.023003,-0.00062136,6.6543
0.50195,2.1491,0.081811,-0.02305,-0.00060765,6.655
0.502,2.1491,0.081811,-0.023093,-0.00059517,6.6624
0.50205,2.1491,0.081811,-0.023128,-0.00058214,6.6541
0.50211,2.1491,0.081811,-0.023148,-0.00056969,6.6443
0.50216,2.1491,0.081811,-0.02317,-0.00055777,6.6566
0.50221,2.149,0.081811,-0.023183,-0.00054634,6.6543
0.50226,2.149,0.081811,-0.023186,-0.00053421,6.6594
0.50232,2.149,0.081811,-0.023197,-0.00053957,6.6707
0.50237,2.149,0.081811,-0.023214,-0.00052043,6.6778
0.50242,2.149,0.081811,-0.023236,-0.00048498,6.6683
0.50247,2.149,0.081811,-0.023262,-0.00044099,6.6691
0.50253,2.149,0.081811,-0.02329,-0.00039575,6.675
0.50258,2.149,0.081811,-0.023331,-0.00035614,6.6686
0.50263,2.149,0.081811,-0.023369,-0.00032858,6.6697
0.50268,2.149,0.081811,-0.023417,-0.00031906,6.6833
0.50274,2.149,0.081811,-0.023467,-0.00033666,6.681
0.50279,2.149,0.081811,-0.023506,-0.00033813,6.6808
0.50284,2.149,0.081811,-0.023542,-0.00033953,6.6952
0.50289,2.149,0.081811,-0.023581,-0.00034085,6.6899
0.50295,2.149,0.081811,-0.023617,-0.00035626,6.6868
0.503,2.149,0.081811,-0.023648,-0.00034717,6.6947
0.50305,2.149,0.081811,-0.023678,-0.00032186,6.6903
0.50311,2.149,0.081811,-0.023708,-0.00028919,6.6823
0.50316,2.149,0.081811,-0.023716,-0.00025355,6.692
0.50321,2.149,0.081811,-0.02371,-0.00022344,6.6963
0.50326,2.149,0.081811,-0.02369,-0.00021823,6.6875
0.50332,2.149,0.081811,-0.023671,-0.00020352,6.689
0.50337,2.149,0.081811,-0.023645,-0.00019469,6.6965
0.50342,2.149,0.081811,-0.023613,-0.00016182,6.6807
0.50347,2.149,0.081811,-0.023591,-0.00012878,6.6706
0.50353,2.149,0.081811,-0.023571,-0.00010397,6.6736
0.50358,2.149,0.081811,-0.023557,-9.1963e-05,6.6626
0.50363,2.149,0.081811,-0.023545,-0.00011628,6.6465
0.50368,2.149,0.081811,-0.023531,-0.00013872,6.6547
0.50374,2.149,0.081811,-0.023511,-0.00012705,6.6532
0.50379,2.149,0.081811,-0.023485,-0.00010569,6.642
0.50384,2.149,0.081811,-0.02346,-8.2601e-05,6.6505
0.50389,2.149,0.081811,-0.023436,-6.5307e-05,6.6569
0.50395,2.149,0.081811,-0.023411,-6.0892e-05,6.6413
0.504,2.149,0.081811,-0.023399,-9.1315e-05,6.644
0.50405,2.149,0.081811,-0.023394,-0.00012132,6.647
0.50411,2.149,0.081811,-0.023393,-0.00011747,6.6367
0.50416,2.149,0.081811,-0.02339,-0.00010409,6.6329
0.50421,2.149,0.081811,-0.023393,-8.8991e-05,6.6409
0.50426,2.149,0.081811,-0.023409,-7.9599e-05,6.6378
0.50432,2.149,0.081811,-0.023413,-8.2927e-05,6.6329
0.50437,2.149,0.081811,-0.023411,-0.0001056,6.6486
0.50442,2.149,0.081811,-0.023405,-0.00015387,6.6438
0.50447,2.149,0.08181,-0.023397,-0.00018571,6.6332
0.50453,2.149,0.08181,-0.023388,-0.00023259,6.6491
0.50458,2.149,0.08181,-0.023385,-0.00025306,6.6435
0.50463,2.149,0.08181,-0.02339,-0.00025587,6.632
0.50468,2.149,0.08181,-0.02341,-0.00024935,6.6416
0.50474,2.149,0.08181,-0.023418,-0.00024135,6.6422
0.50479,2.149,0.08181,-0.023424,-0.00023928,6.6319
0.50484,2.149,0.08181,-0.023421,-0.00026542,6.6373
0.50489,2.149,0.08181,-0.023399,-0.0003001,6.6485
0.50495,2.149,0.08181,-0.02336,-0.00033196,6.6373
0.505,2.149,0.08181,-0.023323,-0.00029428,6.6404
0.50505,2.149,0.08181,-0.023299,-0.00024322,6.6504
0.50511,2.149,0.08181,-0.023299,-0.00017496,6.6388
0.50516,2.149,0.08181,-0.023315,-9.718e-05,6.6294
0.50521,2.149,0.08181,-0.02336,-5.919e-06,6.6426
0.50526,2.149,0.08181,-0.023412,3.9352e-05,6.6385
0.50532,2.149,0.08181,-0.02345,8.6395e-05,6.6336
0.50537,2.149,0.08181,-0.023469,0.00010926,6.6421
0.50542,2.149,0.08181,-0.023473,0.00013248,6.6517
0.50547,2.149,0.08181,-0.023464,0.00012847,6.6422
0.50553,2.149,0.08181,-0.023445,0.00012883,6.6552
0.50558,2.149,0.08181,-0.023424,0.00014017,6.6557
0.50563,2.149,0.08181,-0.023408,0.00018027,6.649
0.50568,2.149,0.08181,-0.023392,0.000214,6.6523
0.50574,2.149,0.08181,-0.023372,0.0002634,6.6682
0.50579,2.149,0.08181,-0.02336,0.00030478,6.6624
0.50584,2.149,0.08181,-0.023354,0.00031579,6.6617
0.50589,2.149,0.08181,-0.023351,0.00030473,6.6784
0.50595,2.149,0.08181,-0.023345,0.00028127,6.6806
0.506,2.149,0.08181,-0.023344,0.00024678,6.6787
0.50605,2.149,0.08181,-0.023345,0.00021378,6.6876
0.50611,2.149,0.08181,-0.023344,0.00018572,6.6807
0.50616,2.149,0.081811,-0.02334,0.00016797,6.6705
0.50621,2.149,0.081811,-0.023335,0.00017922,6.6821
0.50626,2.149,0.081811,-0.023318,0.00015391,6.6873
0.50632,2.149,0.081811,-0.023284,7.7964e-05,6.6736
0.50637,2.149,0.081811,-0.023229,-2.9113e-05,6.684
0.50642,2.149,0.081811,-0.023164,-0.00015207,6.6952
0.50647,2.1489,0.081811,-0.023101,-0.00025713,6.6869
0.50653,2.1489,0.08181,-0.023039,-0.00037268,6.6873
0.50658,2.1489,0.08181,-0.022991,-0.00047591,6.6929
0.50663,2.1489,0.08181,-0.02296,-0.00055316,6.6878
0.50668,2.1489,0.08181,-0.022935,-0.00062836,6.683
0.50674,2.1489,0.08181,-0.02291,-0.00069174,6.693
0.50679,2.1489,0.08181,-0.022893,-0.00080091,6.6866
0.50684,2.1489,0.08181,-0.022886,-0.00091613,6.679
0.50689,2.1489,0.08181,-0.022902,-0.0010439,6.6961
0.50695,2.1489,0.08181,-0.022927,-0.0012427,6.7043
0.507,2.1489,0.08181,-0.022966,-0.0014633,6.6904
0.50705,2.1489,0.08181,-0.023023,-0.0016771,6.6994
0.50711,2.1489,0.08181,-0.023065,-0.0018526,6.7062
0.50716,2.1489,0.08181,-0.023095,-0.0019637,6.701
0.50721,2.1489,0.08181,-0.023121,-0.0020784,6.7006
0.50726,2.1489,0.08181,-0.023146,-0.002149,6.7153
0.50732,2.1489,0.081809,-0.023173,-0.0022005,6.7079
0.50737,2.1489,0.081809,-0.023201,-0.0022978,6.711
0.50742,2.1489,0.081809,-0.023231,-0.0024141,6.7236
0.50747,2.1489,0.081809,-0.023268,-0.0025428,6.7175
0.50753,2.1489,0.081809,-0.023301,-0.0026777,6.7143
0.50758,2.1489,0.081809,-0.023329,-0.0028126,6.7282
0.50763,2.1489,0.081809,-0.023341,-0.0029429,6.7221
0.50768,2.1489,0.081808,-0.023346,-0.0030427,6.7113
0.50774,2.1489,0.081808,-0.023343,-0.0031325,6.7133
0.50779,2.1489,0.081808,-0.023324,-0.0032687,6.725
0.50784,2.1489,0.081808,-0.023301,-0.0034577,6.7047
0.50789,2.1489,0.081808,-0.023282,-0.0036763,6.7112
0.50795,2.1489,0.081808,-0.023282,-0.0038995,6.7217
0.508,2.1489,0.081807,-0.023284,-0.0041108,6.7172
0.50805,2.1489,0.081807,-0.023281,-0.0042926,6.7114
0.50811,2.1489,0.081807,-0.023278,-0.004421,6.7174
0.50816,2.1489,0.081807,-0.023268,-0.0045252,6.7149
0.50821,2.1489,0.081806,-0.023237,-0.0046255,6.7088
0.50826,2.1489,0.081806,-0.023183,-0.0047443,6.717
0.50832,2.1489,0.081806,-0.023119,-0.004865,6.7154
0.50837,2.1489,0.081806,-0.023057,-0.0049708,6.7202
0.50842,2.1489,0.081805,-0.023001,-0.005092,6.7281
0.50847,2.1489,0.081805,-0.022949,-0.0052502,6.7332
0.50853,2.1489,0.081805,-0.022898,-0.0054641,6.7269
0.50858,2.1489,0.081804,-0.022846,-0.0056942,6.7363
0.50863,2.1489,0.081804,-0.022783,-0.0059466,6.7408
0.50868,2.1489,0.081804,-0.022728,-0.0062131,6.7267
0.50874,2.1489,0.081804,-0.02268,-0.0064978,6.7294
0.50879,2.1489,0.081803,-0.022635,-0.0067553,6.7324
0.50884,2.1489,0.081803,-0.0226,-0.0069906,6.7242
0.50889,2.1489,0.081802,-0.02257,-0.0071884,6.7255
0.50895,2.1489,0.081802,-0.02254,-0.0073904,6.7389
0.509,2.1489,0.081802,-0.022506,-0.0075522,6.7366
0.50905,2.1489,0.081801,-0.022474,-0.0076975,6.7275
0.50911,2.1489,0.081801,-0.022462,-0.0078371,6.74
0.50916,2.1489,0.0818,-0.022458,-0.0079893,6.7302
0.50921,2.1489,0.0818,-0.022447,-0.0081319,6.7214
0.50926,2.1489,0.0818,-0.022422,-0.0082554,6.7288
0.50932,2.1489,0.081799,-0.022389,-0.0083525,6.7336
0.50937,2.1489,0.081799,-0.022353,-0.0084699,6.7227
0.50942,2.1489,0.081798,-0.022318,-0.0085884,6.7252
0.50947,2.1489,0.081798,-0.02229,-0.0087088,6.7344
0.50953,2.1489,0.081797,-0.022273,-0.0088315,6.7274
0.50958,2.1489,0.081797,-0.022271,-0.008957,6.731
0.50963,2.1489,0.081796,-0.022271,-0.0090857,6.7399
0.50968,2.1489,0.081796,-0.022267,-0.0092145,6.7312
0.50974,2.1489,0.081795,-0.022264,-0.0093299,6.7274
0.50979,2.1489,0.081795,-0.022261,-0.009474,6.7333
0.50984,2.1489,0.081794,-0.022258,-0.0096335,6.7276
0.50989,2.1489,0.081794,-0.022254,-0.0098049,6.7214
0.50995,2.1489,0.081793,-0.022251,-0.0099805,6.7364
0.51,2.1489,0.081793,-0.022257,-0.010153,6.7441
0.51005,2.1489,0.081792,-0.022266,-0.010315,6.7337
0.51011,2.1489,0.081792,-0.022273,-0.010457,6.7362
0.51016,2.1489,0.081791,-0.022272,-0.010576,6.7381
0.51021,2.1489,0.081791,-0.022251,-0.010679,6.7331
0.51026,2.1489,0.08179,-0.022227,-0.010803,6.7331
0.51032,2.1489,0.081789,-0.022191,-0.010998,6.74
0.51037,2.1489,0.081789,-0.022157,-0.011256,6.7235
0.51042,2.1489,0.081788,-0.022134,-0.011562,6.724
0.51047,2.1489,0.081788,-0.022127,-0.011894,6.7304
0.51053,2.1489,0.081787,-0.022133,-0.012223,6.7381
0.51058,2.1489,0.081786,-0.022145,-0.012527,6.7305
0.51063,2.1489,0.081786,-0.022156,-0.012776,6.7388
0.51068,2.1489,0.081785,-0.022176,-0.012989,6.7326
0.51074,2.1489,0.081784,-0.02219,-0.013193,6.7232
0.51079,2.1489,0.081784,-0.022202,-0.013379,6.729
0.51084,2.1489,0.081783,-0.02221,-0.013553,6.7278
0.51089,2.1488,0.081782,-0.02222,-0.013719,6.7182
0.51095,2.1488,0.081781,-0.022231,-0.013888,6.724
0.511,2.1488,0.081781,-0.022243,-0.014072,6.7344
0.51105,2.1488,0.08178,-0.022254,-0.01427,6.7287
0.51111,2.1488,0.081779,-0.022266,-0.014434,6.7277
0.51116,2.1488,0.081778,-0.022278,-0.014599,6.74
0.51121,2.1488,0.081778,-0.022291,-0.014783,6.7265
0.51126,2.1488,0.081777,-0.022303,-0.014992,6.7241
0.51132,2.1488,0.081776,-0.022316,-0.015248,6.737
0.51137,2.1488,0.081775,-0.02233,-0.015521,6.7307
0.51142,2.1488,0.081774,-0.022343,-0.015782,6.7205
0.51147,2.1488,0.081773,-0.022357,-0.016003,6.7423
0.51153,2.1488,0.081773,-0.022372,-0.016158,6.7431
0.51158,2.1488,0.081772,-0.022386,-0.016269,6.7359
0.51163,2.1488,0.081771,-0.022401,-0.016348,6.7415
0.51168,2.1488,0.08177,-0.022416,-0.016409,6.746
0.51174,2.1488,0.081769,-0.022431,-0.016475,6.7336
0.51179,2.1488,0.081768,-0.022447,-0.016531,6.7339
0.51184,2.1488,0.081767,-0.022463,-0.016572,6.738
0.51189,2.1488,0.081767,-0.022479,-0.016604,6.7305
0.51195,2.1488,0.081766,-0.022496,-0.016627,6.7348
0.512,2.1488,0.081765,-0.022513,-0.016643,6.7513
0.51205,2.1488,0.081764,-0.02253,-0.016651,6.7492
0.51211,2.1488,0.081763,-0.022547,-0.01665,6.7454
0.51216,2.1488,0.081762,-0.022565,-0.016641,6.7548
0.51221,2.1488,0.081761,-0.022583,-0.016625,6.754
0.51226,2.1488,0.08176,-0.022602,-0.016588,6.7574
0.51232,2.1488,0.08176,-0.02262,-0.016575,6.7535
0.51237,2.1488,0.081759,-0.022639,-0.01659,6.7597
0.51242,2.1488,0.081758,-0.022658,-0.016586,6.7485
0.51247,2.1488,0.081757,-0.022678,-0.016562,6.7639
0.51253,2.1488,0.081756,-0.022698,-0.016518,6.7725
0.51258,2.1488,0.081755,-0.022718,-0.016454,6.769
0.51263,2.1488,0.081754,-0.022738,-0.016367,6.7724
0.51268,2.1488,0.081753,-0.022759,-0.016259,6.7862
0.51274,2.1488,0.081753,-0.02278,-0.016178,6.7717
0.51279,2.1488,0.081752,-0.022801,-0.016114,6.7727
0.51284,2.1488,0.081751,-0.022823,-0.016029,6.7769
0.51289,2.1488,0.08175,-0.022847,-0.01592,6.7792
0.51295,2.1488,0.081749,-0.02287,-0.015827,6.7725
0.513,2.1488,0.081748,-0.022889,-0.015747,6.7759
0.51305,2.1488,0.081748,-0.022901,-0.015671,6.7783
0.51311,2.1488,0.081747,-0.022908,-0.015593,6.771
0.51316,2.1488,0.081746,-0.022912,-0.015508,6.7754
0.51321,2.1488,0.081745,-0.02292,-0.015392,6.7791
0.51326,2.1488,0.081744,-0.022928,-0.015278,6.7704
0.51332,2.1488,0.081744,-0.022941,-0.01515,6.769
0.51337,2.1488,0.081743,-0.022957,-0.015041,6.7739
0.51342,2.1488,0.081742,-0.022973,-0.014932,6.7671
0.51347,2.1488,0.081741,-0.022988,-0.014811,6.7709
0.51353,2.1488,0.08174,-0.023004,-0.014671,6.7803
0.51358,2.1488,0.08174,-0.023023,-0.014489,6.7778
0.51363,2.1488,0.081739,-0.023046,-0.014302,6.7726
0.51368,2.1488,0.081738,-0.023067,-0.014142,6.7754
0.51374,2.1488,0.081737,-0.023088,-0.013987,6.7771
0.51379,2.1488,0.081737,-0.023109,-0.013833,6.769
0.51384,2.1488,0.081736,-0.023131,-0.013672,6.7791
0.51389,2.1488,0.081735,-0.023153,-0.013495,6.7795
0.51395,2.1488,0.081735,-0.023175,-0.013276,6.7706
0.514,2.1488,0.081734,-0.023197,-0.013052,6.7802
0.51405,2.1488,0.081733,-0.02322,-0.012858,6.7879
0.51411,2.1488,0.081733,-0.023243,-0.012668,6.7821
0.51416,2.1488,0.081732,-0.023266,-0.012481,6.7905
0.51421,2.1488,0.081731,-0.023289,-0.012285,6.8028
0.51426,2.1488,0.081731,-0.023313,-0.012076,6.7881
0.51432,2.1488,0.08173,-0.023336,-0.011845,6.7818
0.51437,2.1488,0.081729,-0.02336,-0.011579,6.7803
0.51442,2.1488,0.081729,-0.023385,-0.011321,6.7768
0.51447,2.1488,0.081728,-0.023411,-0.011039,6.763
0.51453,2.1488,0.081728,-0.023435,-0.010773,6.7705
0.51458,2.1488,0.081727,-0.023456,-0.01052,6.77
0.51463,2.1488,0.081727,-0.023475,-0.010275,6.7607
0.51468,2.1488,0.081726,-0.023494,-0.010032,6.7655
0.51474,2.1488,0.081725,-0.023514,-0.0097812,6.7634
0.51479,2.1488,0.081725,-0.023535,-0.0094982,6.7528
0.51484,2.1488,0.081725,-0.023558,-0.0091995,6.7459
0.51489,2.1488,0.081724,-0.02359,-0.0088952,6.7475
0.51495,2.1488,0.081724,-0.023618,-0.0086551,6.7387
0.515,2.1488,0.081723,-0.023636,-0.0084302,6.7389
0.51505,2.1488,0.081723,-0.023641,-0.0082282,6.7493
0.51511,2.1488,0.081722,-0.023631,-0.0080437,6.7425
0.51516,2.1488,0.081722,-0.023602,-0.0078811,6.7332
0.51521,2.1488,0.081721,-0.023564,-0.0076781,6.7491
0.51526,2.1487,0.081721,-0.02353,-0.007482,6.7411
0.51532,2.1487,0.081721,-0.02351,-0.0072677,6.7302
0.51537,2.1487,0.08172,-0.023503,-0.0070598,6.7359
0.51542,2.1487,0.08172,-0.023508,-0.0068305,6.732
0.51547,2.1487,0.08172,-0.023522,-0.0066102,6.7165
0.51553,2.1487,0.081719,-0.02354,-0.0064102,6.7273
0.51558,2.1487,0.081719,-0.023553,-0.0062471,6.7355
0.51563,2.1487,0.081719,-0.023566,-0.0060873,6.7265
0.51568,2.1487,0.081718,-0.023584,-0.0059587,6.7312
0.51574,2.1487,0.081718,-0.023594,-0.0058343,6.738
0.51579,2.1487,0.081718,-0.023598,-0.0056887,6.7284
0.51584,2.1487,0.081717,-0.023598,-0.00553,6.7261
0.51589,2.1487,0.081717,-0.023601,-0.0053658,6.7309
0.51595,2.1487,0.081717,-0.023596,-0.0051945,6.7215
0.516,2.1487,0.081717,-0.023589,-0.0050289,6.7092
0.51605,2.1487,0.081716,-0.023583,-0.0048773,6.7197
0.51611,2.1487,0.081716,-0.023578,-0.0047507,6.7167
0.51616,2.1487,0.081716,-0.023572,-0.0046646,6.7093
0.51621,2.1487,0.081716,-0.023578,-0.0045528,6.7165
0.51626,2.1487,0.081715,-0.023603,-0.004402,6.7211
0.51632,2.1487,0.081715,-0.023652,-0.0042243,6.7118
0.51637,2.1487,0.081715,-0.023715,-0.0040307,6.7094
0.51642,2.1487,0.081715,-0.023783,-0.0038572,6.7161
0.51647,2.1487,0.081715,-0.023855,-0.003676,6.7107
0.51653,2.1487,0.081714,-0.023919,-0.0035109,6.7127
0.51658,2.1487,0.081714,-0.023969,-0.0033766,6.7196
0.51663,2.1487,0.081714,-0.024018,-0.0032472,6.718
0.51668,2.1487,0.081714,-0.024069,-0.003137,6.7268
0.51674,2.1487,0.081714,-0.024114,-0.0029858,6.733
0.51679,2.1487,0.081714,-0.024152,-0.0028335,6.7285
0.51684,2.1487,0.081713,-0.024168,-0.0026762,6.7267
0.51689,2.1487,0.081713,-0.024171,-0.0024484,6.7294
0.51695,2.1487,0.081713,-0.024153,-0.0021953,6.7281
0.517,2.1487,0.081713,-0.024111,-0.0019462,6.7191
0.51705,2.1487,0.081713,-0.024076,-0.0017305,6.7284
0.51711,2.1487,0.081713,-0.024048,-0.0015796,6.7346
0.51716,2.1487,0.081713,-0.024023,-0.0014272,6.7247
0.51721,2.1487,0.081713,-0.023996,-0.0013248,6.7337
0.51726,2.1487,0.081713,-0.023966,-0.0012562,6.7509
0.51732,2.1487,0.081713,-0.02393,-0.0011517,6.7383
0.51737,2.1487,0.081713,-0.023885,-0.0010416,6.7398
0.51742,2.1487,0.081712,-0.02383,-0.0009302,6.7437
0.51747,2.1487,0.081712,-0.023771,-0.00081822,6.7352
0.51753,2.1487,0.081712,-0.023713,-0.00071081,6.7277
0.51758,2.1487,0.081712,-0.023666,-0.00061408,6.7376
0.51763,2.1487,0.081712,-0.023621,-0.00055297,6.7417
0.51768,2.1487,0.081712,-0.023582,-0.00050695,6.734
0.51774,2.1487,0.081712,-0.023556,-0.00042316,6.7385
0.51779,2.1487,0.081712,-0.023533,-0.00029608,6.7502
0.51784,2.1487,0.081712,-0.023505,-0.00014015,6.7391
0.51789,2.1487,0.081712,-0.023457,2.6241e-05,6.7449
0.51795,2.1487,0.081712,-0.023401,0.00018064,6.7516
0.518,2.1487,0.081712,-0.023348,0.00029956,6.7433
0.51805,2.1487,0.081712,-0.023292,0.00036688,6.7422
0.51811,2.1487,0.081712,-0.023239,0.00040415,6.7507
0.51816,2.1487,0.081712,-0.023206,0.00042471,6.7491
0.51821,2.1487,0.081712,-0.023195,0.00045003,6.7518
0.51826,2.1487,0.081712,-0.023198,0.00046925,6.7637
0.51832,2.1487,0.081712,-0.023202,0.00046607,6.7649
0.51837,2.1487,0.081712,-0.023202,0.00046637,6.76
0.51842,2.1487,0.081712,-0.023201,0.00048984,6.7616
0.51847,2.1487,0.081713,-0.023201,0.00057003,6.7655
0.51853,2.1487,0.081713,-0.023205,0.00066475,6.7567
0.51858,2.1487,0.081713,-0.023223,0.0007776,6.7606
0.51863,2.1487,0.081713,-0.023237,0.00090472,6.7671
0.51868,2.1487,0.081713,-0.023247,0.001055,6.7595
0.51874,2.1487,0.081713,-0.023258,0.0011813,6.7605
0.51879,2.1487,0.081713,-0.023261,0.0012893,6.7698
0.51884,2.1487,0.081713,-0.02326,0.0013604,6.765
0.51889,2.1487,0.081713,-0.023261,0.0014414,6.7581
0.51895,2.1487,0.081713,-0.023268,0.0014844,6.7626
0.519,2.1487,0.081713,-0.023275,0.0015075,6.7547
0.51905,2.1487,0.081713,-0.023263,0.0015203,6.7376
0.51911,2.1487,0.081713,-0.023243,0.0015407,6.7456
0.51916,2.1487,0.081713,-0.02323,0.0015413,6.7457
0.51921,2.1487,0.081713,-0.023232,0.0015161,6.7426
0.51926,2.1487,0.081714,-0.023243,0.0014576,6.7504
0.51932,2.1487,0.081714,-0.023261,0.0014092,6.759
0.51937,2.1487,0.081714,-0.023279,0.0013549,6.7514
0.51942,2.1487,0.081714,-0.023295,0.0012929,6.7569
0.51947,2.1487,0.081714,-0.023301,0.0012218,6.7656
0.51953,2.1486,0.081714,-0.023294,0.0011442,6.7539
0.51958,2.1486,0.081714,-0.023284,0.001058,6.7466
0.51963,2.1486,0.081714,-0.023278,0.00096644,6.7575
0.51968,2.1486,0.081714,-0.023272,0.00085369,6.7535
0.51974,2.1486,0.081714,-0.023266,0.00075865,6.7569
0.51979,2.1486,0.081714,-0.02326,0.00067122,6.7713
0.51984,2.1486,0.081714,-0.023256,0.00058499,6.7754
0.51989,2.1486,0.081714,-0.02325,0.00049612,6.7683
0.51995,2.1486,0.081714,-0.023236,0.00039917,6.779
0.52,2.1486,0.081714,-0.023219,0.00028933,6.7753
0.52005,2.1486,0.081714,-0.023202,0.00015722,6.7676
0.52011,2.1486,0.081714,-0.023193,-5.957e-06,6.7669
0.52016,2.1486,0.081714,-0.023205,-0.00019554,6.7685
0.52021,2.1486,0.081714,-0.023224,-0.00037716,6.7481
0.52026,2.1486,0.081714,-0.023258,-0.00050105,6.7497
0.52032,2.1486,0.081714,-0.023294,-0.00056358,6.7583
0.52037,2.1486,0.081714,-0.023323,-0.0005657,6.7476
0.52042,2.1486,0.081714,-0.02334,-0.00052659,6.7449
0.52047,2.1486,0.081714,-0.023344,-0.00047412,6.7514
0.52053,2.1486,0.081714,-0.023342,-0.00043586,6.7406
0.52058,2.1486,0.081714,-0.023342,-0.00044054,6.7275
0.52063,2.1486,0.081714,-0.023332,-0.00048048,6.7314
0.52068,2.1486,0.081714,-0.023328,-0.00053243,6.7302
0.52074,2.1486,0.081714,-0.023327,-0.00059491,6.7331
0.52079,2.1486,0.081714,-0.023329,-0.00066092,6.7371
0.52084,2.1486,0.081714,-0.023329,-0.00072904,6.741
0.52089,2.1486,0.081714,-0.023329,-0.00077688,6.7357
0.52095,2.1486,0.081714,-0.023329,-0.00083065,6.7332
0.521,2.1486,0.081714,-0.023329,-0.00086231,6.7328
0.52105,2.1486,0.081714,-0.023329,-0.0009582,6.722
0.52111,2.1486,0.081714,-0.023329,-0.0010663,6.7166
0.52116,2.1486,0.081714,-0.023329,-0.0011481,6.7347
0.52121,2.1486,0.081713,-0.023329,-0.0011806,6.7311
0.52126,2.1486,0.081713,-0.023329,-0.0011278,6.7315
0.52132,2.1486,0.081713,-0.023329,-0.0010016,6.7422
0.52137,2.1486,0.081713,-0.023329,-0.00086174,6.7485
0.52142,2.1486,0.081713,-0.023329,-0.00071517,6.7367
0.52147,2.1486,0.081713,-0.023329,-0.00063425,6.7515
0.52153,2.1486,0.081713,-0.023329,-0.00058595,6.745
0.52158,2.1486,0.081713,-0.023329,-0.00055969,6.7299
0.52163,2.1486,0.081713,-0.023329,-0.00054079,6.7364
0.52168,2.1486,0.081713,-0.023329,-0.00049252,6.7388
0.52174,2.1486,0.081713,-0.023329,-0.00046853,6.7264
0.52179,2.1486,0.081713,-0.023329,-0.00046667,6.7339
0.52184,2.1486,0.081713,-0.023329,-0.00047406,6.7466
0.52189,2.1486,0.081713,-0.023329,-0.00048451,6.7474
0.52195,2.1486,0.081713,-0.023329,-0.00049062,6.7394
0.522,2.1486,0.081713,-0.02333,-0.00048647,6.7426
0.52205,2.1486,0.081713,-0.02333,-0.00046703,6.7379
0.52211,2.1486,0.081713,-0.02333,-0.00042359,6.7367
0.52216,2.1486,0.081713,-0.02333,-0.00039401,6.7429
0.52221,2.1486,0.081713,-0.02333,-0.00036189,6.7466
0.52226,2.1486,0.081713,-0.02333,-0.00032119,6.7432
0.52232,2.1486,0.081713,-0.02333,-0.00025963,6.7521
0.52237,2.1486,0.081713,-0.02333,-0.00022146,6.7597
0.52242,2.1486,0.081713,-0.02333,-0.00020532,6.7506
0.52247,2.1486,0.081713,-0.02333,-0.00020647,6.7615
0.52253,2.1486,0.081713,-0.02333,-0.00021849,6.7663
0.52258,2.1486,0.081713,-0.02333,-0.00021808,6.7548
0.52263,2.1486,0.081713,-0.02333,-0.00023104,6.7606
0.52268,2.1486,0.081713,-0.02333,-0.0002391,6.7713
0.52274,2.1486,0.081713,-0.02333,-0.00021504,6.7672
0.52279,2.1486,0.081713,-0.02333,-0.0002162,6.7634
0.52284,2.1486,0.081713,-0.02333,-0.0002536,6.7776
0.52289,2.1486,0.081713,-0.02333,-0.00029347,6.7805
0.52295,2.1486,0.081713,-0.02333,-0.00035189,6.7762
0.523,2.1486,0.081713,-0.02333,-0.00039933,6.7866
0.52305,2.1486,0.081713,-0.02333,-0.00045304,6.7845
0.52311,2.1486,0.081713,-0.02333,-0.00046247,6.7783
0.52316,2.1486,0.081713,-0.02333,-0.00044989,6.7808
0.52321,2.1486,0.081713,-0.02333,-0.00043259,6.785
0.52326,2.1486,0.081713,-0.02333,-0.00042015,6.7763
0.52332,2.1486,0.081713,-0.02333,-0.00037018,6.7893
0.52337,2.1486,0.081713,-0.02333,-0.00034936,6.8005
0.52342,2.1486,0.081713,-0.02333,-0.0003184,6.7998
0.52347,2.1486,0.081713,-0.02333,-0.00030255,6.7988
0.52353,2.1486,0.081712,-0.02333,-0.00028157,6.8062
0.52358,2.1486,0.081712,-0.02333,-0.0002649,6.8033
0.52363,2.1486,0.081712,-0.02333,-0.0002524,6.7926
0.52368,2.1486,0.081712,-0.02333,-0.00024572,6.8024
0.52374,2.1486,0.081712,-0.023331,-0.00023958,6.798
0.52379,2.1485,0.081712,-0.023331,-0.00026565,6.7925
0.52384,2.1485,0.081712,-0.023331,-0.00030129,6.8042
0.52389,2.1485,0.081712,-0.023331,-0.00037492,6.8096
0.52395,2.1485,0.081712,-0.023331,-0.00046251,6.8021
0.524,2.1485,0.081712,-0.023331,-0.00049974,6.8042
0.52405,2.1485,0.081712,-0.023331,-0.00052931,6.8126
0.52411,2.1485,0.081712,-0.023331,-0.00053072,6.8011
0.52416,2.1485,0.081712,-0.023331,-0.00049729,6.8032
0.52421,2.1485,0.081712,-0.023331,-0.00042499,6.81
0.52426,2.1485,0.081712,-0.023331,-0.00032296,6.7997
0.52432,2.1485,0.081712,-0.023331,-0.00020697,6.7984
0.52437,2.1485,0.081712,-0.023331,-8.9251e-05,6.8138
0.52442,2.1485,0.081712,-0.023331,5.1421e-05,6.8136
0.52447,2.1485,0.081712,-0.023331,0.00017607,6.8052
0.52453,2.1485,0.081712,-0.023331,0.00030273,6.8158
0.52458,2.1485,0.081712,-0.023331,0.00043177,6.8138
0.52463,2.1485,0.081712,-0.023331,0.00056528,6.8088
0.52468,2.1485,0.081712,-0.023331,0.00069689,6.8083
0.52474,2.1485,0.081712,-0.023331,0.00082542,6.8152
0.52479,2.1485,0.081712,-0.023331,0.00094966,6.8113
0.52484,2.1485,0.081712,-0.023331,0.0010678,6.8151
0.52489,2.1485,0.081713,-0.023331,0.0011784,6.82
0.52495,2.1485,0.081713,-0.023331,0.0012842,6.8249
0.525,2.1485,0.081713,-0.023331,0.0013891,6.824
0.52505,2.1485,0.081713,-0.023331,0.0014915,6.8321
0.52511,2.1485,0.081713,-0.023331,0.0015875,6.8274
0.52516,2.1485,0.081713,-0.023331,0.0016809,6.8208
0.52521,2.1485,0.081713,-0.023331,0.0017715,6.8254
0.52526,2.1485,0.081713,-0.023331,0.0018593,6.8252
0.52532,2.1485,0.081713,-0.023331,0.0019482,6.8229
0.52537,2.1485,0.081713,-0.023331,0.0020375,6.829
0.52542,2.1485,0.081713,-0.023332,0.0021299,6.8327
0.52547,2.1485,0.081714,-0.023332,0.0022236,6.8248
0.52553,2.1485,0.081714,-0.023332,0.0023171,6.8336
0.52558,2.1485,0.081714,-0.023332,0.00241,6.8349
0.52563,2.1485,0.081714,-0.023332,0.0025053,6.82
0.52568,2.1485,0.081714,-0.023332,0.0025984,6.8284
0.52574,2.1485,0.081714,-0.023332,0.0026908,6.8355
0.52579,2.1485,0.081714,-0.023332,0.0027805,6.8222
0.52584,2.1485,0.081715,-0.023332,0.0028681,6.817
0.52589,2.1485,0.081715,-0.023332,0.0029485,6.8284
0.52595,2.1485,0.081715,-0.023332,0.0030231,6.8291
0.526,2.1485,0.081715,-0.023332,0.003108,6.8212
0.52605,2.1485,0.081715,-0.023332,0.0031722,6.8372
0.52611,2.1485,0.081715,-0.023332,0.0032166,6.8331
0.52616,2.1485,0.081715,-0.023332,0.0032343,6.829
0.52621,2.1485,0.081716,-0.023332,0.0032772,6.8256
0.52626,2.1485,0.081716,-0.023332,0.0033434,6.831
0.52632,2.1485,0.081716,-0.023332,0.003429,6.8185
0.52637,2.1485,0.081716,-0.023332,0.0035329,6.8214
0.52642,2.1485,0.081716,-0.023332,0.0036557,6.8325
0.52647,2.1485,0.081717,-0.023332,0.0037392,6.8232
0.52653,2.1485,0.081717,-0.023332,0.0038276,6.831
0.52658,2.1485,0.081717,-0.023332,0.0039013,6.8421
0.52663,2.1485,0.081717,-0.023332,0.0039953,6.8399
0.52668,2.1485,0.081717,-0.023332,0.0040855,6.8272
0.52674,2.1485,0.081718,-0.023332,0.0041685,6.8354
0.52679,2.1485,0.081718,-0.023332,0.0042212,6.8299
0.52684,2.1485,0.081718,-0.023332,0.0042779,6.8198
0.52689,2.1485,0.081718,-0.023332,0.0043261,6.8306
0.52695,2.1485,0.081719,-0.023332,0.0043846,6.8318
0.527,2.1485,0.081719,-0.023332,0.0044511,6.8199
0.52705,2.1485,0.081719,-0.023332,0.0045352,6.8263
0.52711,2.1485,0.081719,-0.023332,0.0046374,6.8355
0.52716,2.1485,0.08172,-0.023333,0.0047575,6.8183
0.52721,2.1485,0.08172,-0.023333,0.0048846,6.8181
0.52726,2.1485,0.08172,-0.023333,0.0050595,6.8198
0.52732,2.1485,0.08172,-0.023333,0.0052291,6.8101
0.52737,2.1485,0.081721,-0.023333,0.0053516,6.8017
0.52742,2.1485,0.081721,-0.023333,0.0054277,6.8214
0.52747,2.1485,0.081721,-0.023333,0.0054388,6.8098
0.52753,2.1485,0.081721,-0.023333,0.0054311,6.8127
0.52758,2.1485,0.081722,-0.023333,0.0054076,6.822
0.52763,2.1485,0.081722,-0.023333,0.0053756,6.8163
0.52768,2.1485,0.081722,-0.023333,0.0053416,6.8149
0.52774,2.1485,0.081723,-0.023333,0.0053153,6.8198
0.52779,2.1485,0.081723,-0.023333,0.0053064,6.8225
0.52784,2.1485,0.081723,-0.023333,0.0053152,6.8124
0.52789,2.1485,0.081723,-0.023333,0.0053386,6.8237
0.52795,2.1485,0.081724,-0.023333,0.0054146,6.8346
0.528,2.1485,0.081724,-0.023335,0.0055071,6.825
0.52805,2.1485,0.081724,-0.023334,0.0056127,6.8282
0.52811,2.1484,0.081725,-0.02333,0.0056833,6.8422
0.52816,2.1484,0.081725,-0.023327,0.0057164,6.8355
0.52821,2.1484,0.081725,-0.02332,0.0057018,6.8287
0.52826,2.1484,0.081725,-0.023311,0.0056395,6.8363
0.52832,2.1484,0.081726,-0.023304,0.0055369,6.834
0.52837,2.1484,0.081726,-0.023298,0.0054087,6.8232
0.52842,2.1484,0.081726,-0.023297,0.0052682,6.8267
0.52847,2.1484,0.081727,-0.023295,0.0051444,6.8333
0.52853,2.1484,0.081727,-0.023296,0.0050381,6.8251
0.52858,2.1484,0.081727,-0.023301,0.0049209,6.837
0.52863,2.1484,0.081727,-0.023303,0.0047459,6.8473
0.52868,2.1484,0.081728,-0.023306,0.004558,6.8425
0.52874,2.1484,0.081728,-0.02331,0.0044029,6.8439
0.52879,2.1484,0.081728,-0.023311,0.0042794,6.8521
0.52884,2.1484,0.081728,-0.023311,0.0041973,6.8407
0.52889,2.1484,0.081729,-0.023309,0.0041,6.8416
0.52895,2.1484,0.081729,-0.023302,0.0040359,6.8551
0.529,2.1484,0.081729,-0.023289,0.0039402,6.8528
0.52905,2.1484,0.081729,-0.023274,0.0038009,6.8538
0.52911,2.1484,0.081729,-0.023263,0.0036889,6.866
0.52916,2.1484,0.08173,-0.023256,0.0036368,6.8774
0.52921,2.1484,0.08173,-0.023249,0.0036573,6.8685
0.52926,2.1484,0.08173,-0.023244,0.0036791,6.8744
0.52932,2.1484,0.08173,-0.023236,0.0036343,6.8787
0.52937,2.1484,0.08173,-0.023227,0.0035595,6.8683
0.52942,2.1484,0.08173,-0.023215,0.0034077,6.8769
0.52947,2.1484,0.081731,-0.023204,0.0032314,6.8858
0.52953,2.1484,0.081731,-0.023201,0.0030708,6.8831
0.52958,2.1484,0.081731,-0.023204,0.0029548,6.8831
0.52963,2.1484,0.081731,-0.023211,0.0029147,6.8886
0.52968,2.1484,0.081731,-0.023221,0.0028909,6.8858
0.52974,2.1484,0.081731,-0.023232,0.00289,6.8822
0.52979,2.1484,0.081732,-0.023246,0.0028925,6.8881
0.52984,2.1484,0.081732,-0.023257,0.0028748,6.8845
0.52989,2.1484,0.081732,-0.023269,0.0028487,6.8668
0.52995,2.1484,0.081732,-0.02328,0.0028108,6.8719
0.53,2.1484,0.081732,-0.023291,0.0027577,6.8783
0.53005,2.1484,0.081732,-0.023302,0.0026925,6.8666
0.53011,2.1484,0.081732,-0.023313,0.0026204,6.8709
0.53016,2.1484,0.081733,-0.023324,0.0025429,6.8836
0.53021,2.1484,0.081733,-0.023335,0.0024637,6.8673
0.53026,2.1484,0.081733,-0.023345,0.0023818,6.8616
0.53032,2.1484,0.081733,-0.023355,0.0022874,6.8646
0.53037,2.1484,0.081733,-0.023366,0.0021963,6.861
0.53042,2.1484,0.081733,-0.023376,0.00207,6.846
0.53047,2.1484,0.081733,-0.023385,0.0019207,6.8607
0.53053,2.1484,0.081733,-0.023395,0.0017564,6.8661
0.53058,2.1484,0.081733,-0.023405,0.001583,6.8653
0.53063,2.1484,0.081734,-0.023414,0.001417,6.8766
0.53068,2.1484,0.081734,-0.023424,0.0012551,6.8777
0.53074,2.1484,0.081734,-0.023433,0.0010987,6.8688
0.53079,2.1484,0.081734,-0.023442,0.00095824,6.8781
0.53084,2.1484,0.081734,-0.023451,0.00078214,6.8786
0.53089,2.1484,0.081734,-0.023461,0.00062813,6.8654
0.53095,2.1484,0.081734,-0.023469,0.00047152,6.8637
0.531,2.1484,0.081734,-0.023473,0.0003466,6.8794
0.53105,2.1484,0.081734,-0.023476,0.00024367,6.8712
0.53111,2.1484,0.081734,-0.023479,0.00015826,6.8684
0.53116,2.1484,0.081734,-0.023482,4.2028e-05,6.8774
0.53121,2.1484,0.081734,-0.023487,-9.894e-05,6.8628
0.53126,2.1484,0.081734,-0.023495,-0.00030899,6.8589
0.53132,2.1484,0.081734,-0.023508,-0.00054397,6.8579
0.53137,2.1484,0.081734,-0.023515,-0.00081356,6.8496
0.53142,2.1484,0.081734,-0.02352,-0.0010621,6.8374
0.53147,2.1484,0.081734,-0.023523,-0.001294,6.8491
0.53153,2.1484,0.081734,-0.023526,-0.0014972,6.8463
0.53158,2.1484,0.081733,-0.023529,-0.0017014,6.838
0.53163,2.1484,0.081733,-0.023534,-0.0019054,6.8348
0.53168,2.1484,0.081733,-0.023544,-0.0020914,6.8446
0.53174,2.1484,0.081733,-0.023553,-0.0022882,6.835
0.53179,2.1484,0.081733,-0.023558,-0.0024934,6.84
0.53184,2.1484,0.081733,-0.023561,-0.0027027,6.8414
0.53189,2.1484,0.081733,-0.023564,-0.0029176,6.8284
0.53195,2.1484,0.081733,-0.023569,-0.0031377,6.8282
0.532,2.1484,0.081732,-0.023573,-0.0033487,6.8413
0.53205,2.1484,0.081732,-0.023578,-0.0035983,6.8337
0.53211,2.1484,0.081732,-0.023585,-0.0038304,6.8335
0.53216,2.1484,0.081732,-0.023584,-0.004091,6.8445
0.53221,2.1484,0.081732,-0.023578,-0.0043623,6.8433
0.53226,2.1484,0.081731,-0.023568,-0.0046346,6.8331
0.53232,2.1484,0.081731,-0.023561,-0.0048841,6.8407
0.53237,2.1483,0.081731,-0.02356,-0.0051266,6.8442
0.53242,2.1483,0.08173,-0.023561,-0.005373,6.83
0.53247,2.1483,0.08173,-0.02357,-0.0056879,6.8365
0.53253,2.1483,0.08173,-0.023583,-0.0060467,6.8391
0.53258,2.1483,0.08173,-0.023596,-0.0063886,6.8246
0.53263,2.1483,0.081729,-0.023608,-0.0067022,6.8287
0.53268,2.1483,0.081729,-0.023619,-0.0069862,6.8365
0.53274,2.1483,0.081728,-0.02363,-0.0072035,6.8264
0.53279,2.1483,0.081728,-0.023641,-0.0073536,6.8186
0.53284,2.1483,0.081728,-0.023651,-0.007488,6.8213
0.53289,2.1483,0.081727,-0.023662,-0.0076106,6.8162
0.53295,2.1483,0.081727,-0.023672,-0.0077358,6.8065
0.533,2.1483,0.081726,-0.023681,-0.0078485,6.8082
0.53305,2.1483,0.081726,-0.023691,-0.0079996,6.8118
0.53311,2.1483,0.081726,-0.0237,-0.0081711,6.8041
0.53316,2.1483,0.081725,-0.023709,-0.0083469,6.8117
0.53321,2.1483,0.081725,-0.023718,-0.008518,6.824
0.53326,2.1483,0.081724,-0.023727,-0.0087288,6.8135
0.53332,2.1483,0.081724,-0.023735,-0.0089089,6.8128
0.53337,2.1483,0.081723,-0.023743,-0.0091006,6.8205
0.53342,2.1483,0.081723,-0.023751,-0.0092774,6.814
0.53347,2.1483,0.081722,-0.023759,-0.0094543,6.8166
0.53353,2.1483,0.081722,-0.023766,-0.0096208,6.8256
0.53358,2.1483,0.081721,-0.023774,-0.0097798,6.8219
0.53363,2.1483,0.081721,-0.02378,-0.0099129,6.8261
0.53368,2.1483,0.08172,-0.023787,-0.010051,6.8448
0.53374,2.1483,0.08172,-0.023794,-0.010192,6.8402
0.53379,2.1483,0.081719,-0.0238,-0.01034,6.8338
0.53384,2.1483,0.081719,-0.023806,-0.010437,6.8423
0.53389,2.1483,0.081718,-0.023814,-0.010524,6.8368
0.53395,2.1483,0.081717,-0.02382,-0.010644,6.8258
0.534,2.1483,0.081717,-0.023822,-0.010737,6.8282
0.53405,2.1483,0.081716,-0.023819,-0.010769,6.8346
0.53411,2.1483,0.081716,-0.02381,-0.010858,6.8273
0.53416,2.1483,0.081715,-0.023796,-0.01101,6.829
0.53421,2.1483,0.081715,-0.023779,-0.011184,6.8415
0.53426,2.1483,0.081714,-0.023762,-0.011336,6.8367
0.53432,2.1483,0.081713,-0.023747,-0.011504,6.8233
0.53437,2.1483,0.081713,-0.023734,-0.011716,6.8407
0.53442,2.1483,0.081712,-0.023722,-0.011907,6.8343
0.53447,2.1483,0.081712,-0.023711,-0.01205,6.8197
0.53453,2.1483,0.081711,-0.0237,-0.01225,6.8284
0.53458,2.1483,0.08171,-0.023691,-0.012453,6.8278
0.53463,2.1483,0.08171,-0.023677,-0.012635,6.8254
0.53468,2.1483,0.081709,-0.023671,-0.012771,6.8335
0.53474,2.1483,0.081708,-0.023672,-0.01289,6.8454
0.53479,2.1483,0.081708,-0.023683,-0.013007,6.8365
0.53484,2.1483,0.081707,-0.0237,-0.013099,6.8456
0.53489,2.1483,0.081706,-0.023714,-0.013162,6.8584
0.53495,2.1483,0.081705,-0.023726,-0.013237,6.844
0.535,2.1483,0.081705,-0.023734,-0.013312,6.8378
0.53505,2.1483,0.081704,-0.023736,-0.013371,6.8533
0.53511,2.1483,0.081703,-0.023742,-0.013442,6.8534
0.53516,2.1483,0.081703,-0.023753,-0.013557,6.8509
0.53521,2.1483,0.081702,-0.023769,-0.013695,6.8642
0.53526,2.1483,0.081701,-0.023786,-0.013843,6.8617
0.53532,2.1483,0.0817,-0.023801,-0.013984,6.8464
0.53537,2.1483,0.0817,-0.023815,-0.014092,6.8568
0.53542,2.1483,0.081699,-0.023829,-0.014193,6.8566
0.53547,2.1483,0.081698,-0.023842,-0.014266,6.8442
0.53553,2.1483,0.081697,-0.023855,-0.014327,6.8471
0.53558,2.1483,0.081697,-0.023868,-0.014427,6.848
0.53563,2.1483,0.081696,-0.02388,-0.014537,6.8361
0.53568,2.1483,0.081695,-0.023891,-0.014644,6.8378
0.53574,2.1483,0.081694,-0.023904,-0.014717,6.8519
0.53579,2.1483,0.081694,-0.023916,-0.01478,6.8492
0.53584,2.1483,0.081693,-0.023923,-0.014843,6.8428
0.53589,2.1483,0.081692,-0.023922,-0.014901,6.8537
0.53595,2.1483,0.081691,-0.023919,-0.014986,6.8532
0.536,2.1483,0.08169,-0.023914,-0.015077,6.8437
0.53605,2.1483,0.08169,-0.023906,-0.015144,6.8503
0.53611,2.1483,0.081689,-0.023898,-0.015158,6.8524
0.53616,2.1483,0.081688,-0.023893,-0.015148,6.8419
0.53621,2.1483,0.081687,-0.023886,-0.01514,6.8551
0.53626,2.1483,0.081686,-0.023877,-0.015109,6.8649
0.53632,2.1483,0.081686,-0.023866,-0.015086,6.8619
0.53637,2.1483,0.081685,-0.023857,-0.015085,6.8675
0.53642,2.1483,0.081684,-0.02385,-0.015068,6.871
0.53647,2.1483,0.081683,-0.023842,-0.015076,6.8638
0.53653,2.1483,0.081682,-0.023834,-0.015083,6.8618
0.53658,2.1482,0.081682,-0.023828,-0.015117,6.8698
0.53663,2.1482,0.081681,-0.023828,-0.015146,6.8666
0.53668,2.1482,0.08168,-0.02383,-0.015158,6.8587
0.53674,2.1482,0.081679,-0.023836,-0.01512,6.8682
0.53679,2.1482,0.081679,-0.023849,-0.015062,6.8685
0.53684,2.1482,0.081678,-0.023862,-0.015011,6.8561
0.53689,2.1482,0.081677,-0.023874,-0.01497,6.8615
0.53695,2.1482,0.081676,-0.023879,-0.014941,6.8481
0.537,2.1482,0.081675,-0.023881,-0.014935,6.8369
0.53705,2.1482,0.081675,-0.023881,-0.014956,6.8362
0.53711,2.1482,0.081674,-0.023876,-0.01499,6.8393
0.53716,2.1482,0.081673,-0.02387,-0.015064,6.8261
0.53721,2.1482,0.081672,-0.023866,-0.015216,6.8254
0.53726,2.1482,0.081671,-0.023863,-0.015385,6.8352
0.53732,2.1482,0.081671,-0.023859,-0.015504,6.8299
0.53737,2.1482,0.08167,-0.023857,-0.015607,6.8241
0.53742,2.1482,0.081669,-0.023859,-0.015641,6.8375
0.53747,2.1482,0.081668,-0.023868,-0.015674,6.8329
0.53753,2.1482,0.081667,-0.023881,-0.015687,6.8278
0.53758,2.1482,0.081666,-0.023895,-0.0157,6.8368
0.53763,2.1482,0.081666,-0.023914,-0.015723,6.8398
0.53768,2.1482,0.081665,-0.023932,-0.015743,6.8272
0.53774,2.1482,0.081664,-0.023943,-0.015751,6.8382
0.53779,2.1482,0.081663,-0.023949,-0.015778,6.845
0.53784,2.1482,0.081662,-0.023954,-0.015793,6.8336
0.53789,2.1482,0.081661,-0.023958,-0.015869,6.8407
0.53795,2.1482,0.081661,-0.023957,-0.015959,6.8509
0.538,2.1482,0.08166,-0.023958,-0.016057,6.8377
0.53805,2.1482,0.081659,-0.023978,-0.01615,6.8382
0.53811,2.1482,0.081658,-0.024007,-0.016216,6.8432
0.53816,2.1482,0.081657,-0.024041,-0.016244,6.8359
0.53821,2.1482,0.081656,-0.024072,-0.016231,6.8322
0.53826,2.1482,0.081656,-0.024098,-0.016178,6.8436
0.53832,2.1482,0.081655,-0.024111,-0.016095,6.8401
0.53837,2.1482,0.081654,-0.024117,-0.016001,6.8259
0.53842,2.1482,0.081653,-0.024117,-0.015918,6.8334
0.53847,2.1482,0.081652,-0.024127,-0.015846,6.8343
0.53853,2.1482,0.081651,-0.024133,-0.015757,6.825
0.53858,2.1482,0.08165,-0.024144,-0.015604,6.8233
0.53863,2.1482,0.08165,-0.024152,-0.015422,6.8274
0.53868,2.1482,0.081649,-0.024153,-0.015259,6.8182
0.53874,2.1482,0.081648,-0.02416,-0.015119,6.8187
0.53879,2.1482,0.081647,-0.024173,-0.015021,6.8286
0.53884,2.1482,0.081647,-0.024188,-0.014907,6.8326
0.53889,2.1482,0.081646,-0.024209,-0.014827,6.8362
0.53895,2.1482,0.081645,-0.024232,-0.014716,6.8465
0.539,2.1482,0.081644,-0.024256,-0.014558,6.842
0.53905,2.1482,0.081643,-0.024271,-0.014418,6.8379
0.53911,2.1482,0.081643,-0.024279,-0.014335,6.8459
0.53916,2.1482,0.081642,-0.024288,-0.014331,6.8499
0.53921,2.1482,0.081641,-0.024299,-0.014325,6.8463
0.53926,2.1482,0.08164,-0.024314,-0.014288,6.8539
0.53932,2.1482,0.08164,-0.024332,-0.014242,6.8616
0.53937,2.1482,0.081639,-0.024356,-0.014126,6.8555
0.53942,2.1482,0.081638,-0.024381,-0.013981,6.8631
0.53947,2.1482,0.081637,-0.024398,-0.013824,6.87
0.53953,2.1482,0.081637,-0.024415,-0.013707,6.8578
0.53958,2.1482,0.081636,-0.024428,-0.01369,6.8668
0.53963,2.1482,0.081635,-0.024441,-0.013699,6.8714
0.53968,2.1482,0.081635,-0.024461,-0.013763,6.8632
0.53974,2.1482,0.081634,-0.024481,-0.013835,6.8614
0.53979,2.1482,0.081633,-0.024502,-0.01388,6.8746
0.53984,2.1482,0.081632,-0.024521,-0.013898,6.8778
0.53989,2.1482,0.081632,-0.024533,-0.013874,6.869
0.53995,2.1482,0.081631,-0.024544,-0.013827,6.8802
0.54,2.1482,0.08163,-0.024549,-0.013821,6.8803
0.54005,2.1482,0.081629,-0.024553,-0.013833,6.8707
0.54011,2.1482,0.081629,-0.024559,-0.013858,6.8708
0.54016,2.1482,0.081628,-0.024566,-0.01389,6.8775
0.54021,2.1482,0.081627,-0.024572,-0.013923,6.8695
0.54026,2.1482,0.081627,-0.024579,-0.013945,6.8713
0.54032,2.1482,0.081626,-0.024586,-0.013966,6.8921
0.54037,2.1482,0.081625,-0.024594,-0.013938,6.8908
0.54042,2.1482,0.081624,-0.024601,-0.013895,6.8941
0.54047,2.1482,0.081624,-0.024609,-0.013868,6.9119
0.54053,2.1482,0.081623,-0.024617,-0.013854,6.9062
0.54058,2.1482,0.081622,-0.024625,-0.013857,6.9075
0.54063,2.1482,0.081621,-0.024633,-0.013876,6.917
0.54068,2.1481,0.081621,-0.024641,-0.013908,6.9136
0.54074,2.1481,0.08162,-0.02465,-0.013952,6.9047
0.54079,2.1481,0.081619,-0.024658,-0.01396,6.9152
0.54084,2.1481,0.081618,-0.024664,-0.013931,6.9259
0.54089,2.1481,0.081618,-0.024674,-0.01394,6.915
0.54095,2.1481,0.081617,-0.024687,-0.013954,6.9145
0.541,2.1481,0.081616,-0.024702,-0.01399,6.9313
0.54105,2.1481,0.081616,-0.024717,-0.01409,6.9131
0.54111,2.1481,0.081615,-0.024732,-0.014189,6.9148
0.54116,2.1481,0.081614,-0.024746,-0.014273,6.9119
0.54121,2.1481,0.081613,-0.024758,-0.014328,6.907
0.54126,2.1481,0.081613,-0.024763,-0.014336,6.9035
0.54132,2.1481,0.081612,-0.024775,-0.014328,6.9077
0.54137,2.1481,0.081611,-0.024784,-0.014274,6.9108
0.54142,2.1481,0.08161,-0.024798,-0.014249,6.9051
0.54147,2.1481,0.08161,-0.024827,-0.014279,6.9174
0.54153,2.1481,0.081609,-0.024864,-0.014307,6.9176
0.54158,2.1481,0.081608,-0.024903,-0.014324,6.9081
0.54163,2.1481,0.081607,-0.024936,-0.01438,6.9148
0.54168,2.1481,0.081607,-0.024963,-0.014416,6.9224
0.54174,2.1481,0.081606,-0.024985,-0.014424,6.908
0.54179,2.1481,0.081605,-0.024993,-0.0144,6.9171
0.54184,2.1481,0.081604,-0.025,-0.014382,6.9292
0.54189,2.1481,0.081603,-0.025009,-0.014342,6.9267
0.54195,2.1481,0.081603,-0.02502,-0.014338,6.9268
0.542,2.1481,0.081602,-0.025029,-0.014318,6.9373
0.54205,2.1481,0.081601,-0.025038,-0.014318,6.9317
0.54211,2.1481,0.0816,-0.025053,-0.014307,6.9178
0.54216,2.1481,0.0816,-0.025076,-0.014314,6.9302
0.54221,2.1481,0.081599,-0.025103,-0.014366,6.9302
0.54226,2.1481,0.081598,-0.02513,-0.014442,6.9153
0.54232,2.1481,0.081597,-0.025152,-0.014535,6.9224
0.54237,2.1481,0.081597,-0.025173,-0.01463,6.9213
0.54242,2.1481,0.081596,-0.025186,-0.014638,6.9192
0.54247,2.1481,0.081595,-0.025195,-0.0146,6.9173
0.54253,2.1481,0.081594,-0.025202,-0.014543,6.9331
0.54258,2.1481,0.081594,-0.025211,-0.014483,6.9163
0.54263,2.1481,0.081593,-0.02522,-0.014444,6.9164
0.54268,2.1481,0.081592,-0.025229,-0.014413,6.9222
0.54274,2.1481,0.081591,-0.025237,-0.014395,6.9111
0.54279,2.1481,0.081591,-0.025245,-0.014346,6.9054
0.54284,2.1481,0.08159,-0.025253,-0.014275,6.9117
0.54289,2.1481,0.081589,-0.025261,-0.014226,6.9115
0.54295,2.1481,0.081588,-0.025268,-0.014183,6.9077
0.543,2.1481,0.081588,-0.025275,-0.014145,6.9201
0.54305,2.1481,0.081587,-0.025282,-0.014111,6.9226
0.54311,2.1481,0.081586,-0.025288,-0.01408,6.9104
0.54316,2.1481,0.081585,-0.025294,-0.014049,6.9186
0.54321,2.1481,0.081585,-0.0253,-0.014006,6.9237
0.54326,2.1481,0.081584,-0.025305,-0.013991,6.9162
0.54332,2.1481,0.081583,-0.02531,-0.013995,6.919
0.54337,2.1481,0.081582,-0.025315,-0.013995,6.9266
0.54342,2.1481,0.081582,-0.025314,-0.014029,6.9234
0.54347,2.1481,0.081581,-0.025321,-0.014079,6.9257
0.54353,2.1481,0.08158,-0.025334,-0.014129,6.9346
0.54358,2.1481,0.081579,-0.025348,-0.014178,6.9266
0.54363,2.1481,0.081579,-0.025363,-0.01418,6.9206
0.54368,2.1481,0.081578,-0.025375,-0.014155,6.9244
0.54374,2.1481,0.081577,-0.025383,-0.014112,6.9253
0.54379,2.1481,0.081576,-0.025384,-0.014081,6.9167
0.54384,2.1481,0.081576,-0.025375,-0.014078,6.9172
0.54389,2.1481,0.081575,-0.025371,-0.0141,6.9216
0.54395,2.1481,0.081574,-0.025371,-0.014175,6.9055
0.544,2.1481,0.081573,-0.025376,-0.014314,6.9059
0.54405,2.1481,0.081573,-0.025387,-0.014359,6.9174
0.54411,2.1481,0.081572,-0.025399,-0.014333,6.9112
0.54416,2.1481,0.081571,-0.02542,-0.0143,6.9124
0.54421,2.1481,0.08157,-0.025451,-0.014286,6.9145
0.54426,2.1481,0.08157,-0.025493,-0.014237,6.9023
0.54432,2.1481,0.081569,-0.025548,-0.014152,6.9021
0.54437,2.1481,0.081568,-0.025619,-0.014069,6.9058
0.54442,2.1481,0.081567,-0.025694,-0.014006,6.9032
0.54447,2.1481,0.081567,-0.025761,-0.013814,6.9021
0.54453,2.1481,0.081566,-0.025808,-0.013653,6.9162
0.54458,2.1481,0.081565,-0.025847,-0.013539,6.9202
0.54463,2.1481,0.081565,-0.025867,-0.013511,6.9125
0.54468,2.148,0.081564,-0.025871,-0.013515,6.9193
0.54474,2.148,0.081563,-0.025863,-0.013516,6.9189
0.54479,2.148,0.081562,-0.025854,-0.013519,6.9105
0.54484,2.148,0.081562,-0.025846,-0.013497,6.9124
0.54489,2.148,0.081561,-0.02584,-0.013429,6.9255
0.54495,2.148,0.08156,-0.025838,-0.013378,6.9189
0.545,2.148,0.08156,-0.025842,-0.013354,6.9191
0.54505,2.148,0.081559,-0.025842,-0.013358,6.936
0.54511,2.148,0.081558,-0.025838,-0.013323,6.9287
0.54516,2.148,0.081558,-0.025827,-0.01325,6.9252
0.54521,2.148,0.081557,-0.025815,-0.013141,6.9376
0.54526,2.148,0.081556,-0.025804,-0.012995,6.9311
0.54532,2.148,0.081556,-0.025792,-0.012876,6.9262
0.54537,2.148,0.081555,-0.02578,-0.012736,6.9299
0.54542,2.148,0.081554,-0.025767,-0.012637,6.9352
0.54547,2.148,0.081554,-0.025754,-0.012553,6.9293
0.54553,2.148,0.081553,-0.025741,-0.012416,6.9383
0.54558,2.148,0.081552,-0.025726,-0.01229,6.9464
0.54563,2.148,0.081552,-0.025711,-0.012183,6.9399
0.54568,2.148,0.081551,-0.025694,-0.012114,6.9449
0.54574,2.148,0.08155,-0.025672,-0.012055,6.9453
0.54579,2.148,0.08155,-0.025662,-0.011986,6.9434
0.54584,2.148,0.081549,-0.025665,-0.011902,6.9386
0.54589,2.148,0.081548,-0.025673,-0.011778,6.9581
0.54595,2.148,0.081548,-0.02568,-0.011589,6.9537
0.546,2.148,0.081547,-0.025691,-0.011409,6.9562
0.54605,2.148,0.081547,-0.025706,-0.011242,6.9701
0.54611,2.148,0.081546,-0.025734,-0.011112,6.9794
0.54616,2.148,0.081545,-0.025767,-0.011,6.9732
0.54621,2.148,0.081545,-0.025807,-0.010937,6.9723
0.54626,2.148,0.081544,-0.025848,-0.010891,6.9752
0.54632,2.148,0.081544,-0.025889,-0.010851,6.966
0.54637,2.148,0.081543,-0.025919,-0.010795,6.96
0.54642,2.148,0.081543,-0.025937,-0.010723,6.9696
0.54647,2.148,0.081542,-0.025953,-0.010636,6.961
0.54653,2.148,0.081541,-0.025983,-0.010545,6.9599
0.54658,2.148,0.081541,-0.026006,-0.010457,6.9744
0.54663,2.148,0.08154,-0.026017,-0.01038,6.9662
0.54668,2.148,0.08154,-0.02602,-0.010325,6.9545
0.54674,2.148,0.081539,-0.026016,-0.010298,6.9608
0.54679,2.148,0.081539,-0.025999,-0.010262,6.9527
0.54684,2.148,0.081538,-0.02597,-0.010231,6.9359
0.54689,2.148,0.081538,-0.025945,-0.010204,6.9487
0.54695,2.148,0.081537,-0.025928,-0.010183,6.9599
0.547,2.148,0.081537,-0.025913,-0.010164,6.9467
0.54705,2.148,0.081536,-0.025905,-0.010164,6.956
0.54711,2.148,0.081536,-0.0259,-0.010146,6.9555
0.54716,2.148,0.081535,-0.025888,-0.010109,6.9482
0.54721,2.148,0.081534,-0.025881,-0.010065,6.9501
0.54726,2.148,0.081534,-0.025885,-0.010031,6.9552
0.54732,2.148,0.081533,-0.025906,-0.0099795,6.9497
0.54737,2.148,0.081533,-0.025932,-0.0099363,6.948
0.54742,2.148,0.081532,-0.025953,-0.0098752,6.9551
0.54747,2.148,0.081532,-0.025961,-0.0098193,6.9455
0.54753,2.148,0.081531,-0.025958,-0.0097606,6.9498
0.54758,2.148,0.081531,-0.025945,-0.0096832,6.9593
0.54763,2.148,0.08153,-0.025931,-0.0096112,6.9614
0.54768,2.148,0.08153,-0.025919,-0.0095625,6.9478
0.54774,2.148,0.081529,-0.02592,-0.0095136,6.9539
0.54779,2.148,0.081529,-0.025929,-0.0094893,6.9569
0.54784,2.148,0.081528,-0.025939,-0.0094618,6.9487
0.54789,2.148,0.081528,-0.025941,-0.009456,6.9442
0.54795,2.148,0.081527,-0.025941,-0.0094791,6.9472
0.548,2.148,0.081527,-0.025923,-0.0094917,6.9337
0.54805,2.148,0.081526,-0.025886,-0.0095111,6.9312
0.54811,2.148,0.081526,-0.025831,-0.0095358,6.9376
0.54816,2.148,0.081525,-0.025777,-0.009565,6.9321
0.54821,2.148,0.081525,-0.025732,-0.0095985,6.9264
0.54826,2.148,0.081524,-0.025698,-0.0096359,6.9303
0.54832,2.148,0.081524,-0.025667,-0.0096753,6.9239
0.54837,2.148,0.081523,-0.025645,-0.009715,6.9044
0.54842,2.148,0.081523,-0.025611,-0.0097571,6.9123
0.54847,2.148,0.081522,-0.025576,-0.0098028,6.9157
0.54853,2.1479,0.081522,-0.025538,-0.009854,6.9092
0.54858,2.1479,0.081521,-0.025506,-0.0099098,6.9161
0.54863,2.1479,0.081521,-0.025474,-0.0099688,6.9226
0.54868,2.1479,0.08152,-0.025437,-0.01003,6.9138
0.54874,2.1479,0.08152,-0.025392,-0.010093,6.9148
0.54879,2.1479,0.081519,-0.025347,-0.010158,6.921
0.54884,2.1479,0.081519,-0.025301,-0.010226,6.9198
0.54889,2.1479,0.081518,-0.025263,-0.0103,6.9125
0.54895,2.1479,0.081517,-0.025231,-0.01038,6.925
0.549,2.1479,0.081517,-0.025211,-0.010464,6.9181
0.54905,2.1479,0.081516,-0.025194,-0.010552,6.9169
0.54911,2.1479,0.081516,-0.025178,-0.010644,6.9272
0.54916,2.1479,0.081515,-0.025161,-0.010756,6.9305
0.54921,2.1479,0.081515,-0.02514,-0.010845,6.9225
0.54926,2.1479,0.081514,-0.025128,-0.010919,6.9297
0.54932,2.1479,0.081514,-0.025122,-0.010984,6.9319
0.54937,2.1479,0.081513,-0.02512,-0.011046,6.9124
0.54942,2.1479,0.081512,-0.025121,-0.011127,6.9174
0.54947,2.1479,0.081512,-0.025118,-0.011207,6.9214
0.54953,2.1479,0.081511,-0.025111,-0.011261,6.911
0.54958,2.1479,0.081511,-0.025095,-0.011311,6.9081
0.54963,2.1479,0.08151,-0.025065,-0.011334,6.9186
0.54968,2.1479,0.081509,-0.025036,-0.011355,6.9119
0.54974,2.1479,0.081509,-0.025007,-0.01139,6.9015
0.54979,2.1479,0.081508,-0.02498,-0.011455,6.9092
0.54984,2.1479,0.081508,-0.024959,-0.011565,6.9043
0.54989,2.1479,0.081507,-0.024941,-0.011702,6.8935
0.54995,2.1479,0.081506,-0.024929,-0.011804,6.8983
0.55,2.1479,0.081506,-0.024919,-0.011894,6.8998
0.55005,2.1479,0.081505,-0.024908,-0.011974,6.8949
0.55011,2.1479,0.081504,-0.024893,-0.012049,6.909
0.55016,2.1479,0.081504,-0.024887,-0.012128,6.9142
0.55021,2.1479,0.081503,-0.024887,-0.012218,6.9105
0.55026,2.1479,0.081503,-0.024891,-0.012328,6.9169
0.55032,2.1479,0.081502,-0.024896,-0.012467,6.9234
0.55037,2.1479,0.081501,-0.0249,-0.012611,6.9204
0.55042,2.1479,0.081501,-0.0249,-0.012732,6.9153
0.55047,2.1479,0.0815,-0.024895,-0.012833,6.9262
0.55053,2.1479,0.081499,-0.024883,-0.012919,6.9244
0.55058,2.1479,0.081498,-0.024876,-0.012999,6.9183
0.55063,2.1479,0.081498,-0.024866,-0.013081,6.9333
0.55068,2.1479,0.081497,-0.02486,-0.013177,6.9366
0.55074,2.1479,0.081496,-0.024863,-0.013296,6.922
0.55079,2.1479,0.081496,-0.024879,-0.013464,6.9314
0.55084,2.1479,0.081495,-0.024913,-0.013597,6.9313
0.55089,2.1479,0.081494,-0.024955,-0.013728,6.9158
0.55095,2.1479,0.081494,-0.024995,-0.01384,6.9116
0.551,2.1479,0.081493,-0.025024,-0.013904,6.92
0.55105,2.1479,0.081492,-0.025034,-0.013938,6.9146
0.55111,2.1479,0.081491,-0.025031,-0.013979,6.9123
0.55116,2.1479,0.081491,-0.02502,-0.014008,6.9183
0.55121,2.1479,0.08149,-0.025007,-0.014056,6.9206
0.55126,2.1479,0.081489,-0.024999,-0.014088,6.9188
0.55132,2.1479,0.081488,-0.024998,-0.014193,6.9253
0.55137,2.1479,0.081488,-0.024994,-0.014303,6.9187
0.55142,2.1479,0.081487,-0.024977,-0.014398,6.9135
0.55147,2.1479,0.081486,-0.02495,-0.0145,6.921
0.55153,2.1479,0.081485,-0.024919,-0.014634,6.9231
0.55158,2.1479,0.081485,-0.024887,-0.014721,6.9104
0.55163,2.1479,0.081484,-0.024859,-0.014786,6.9215
0.55168,2.1479,0.081483,-0.02484,-0.014818,6.9354
0.55174,2.1479,0.081482,-0.024836,-0.014911,6.932
0.55179,2.1479,0.081481,-0.024836,-0.015011,6.9394
0.55184,2.1479,0.081481,-0.024832,-0.015131,6.9462
0.55189,2.1479,0.08148,-0.024829,-0.015256,6.9393
0.55195,2.1479,0.081479,-0.024827,-0.015426,6.9391
0.552,2.1479,0.081478,-0.024826,-0.015601,6.9518
0.55205,2.1479,0.081477,-0.024825,-0.015758,6.9432
0.55211,2.1479,0.081477,-0.024826,-0.015861,6.9394
0.55216,2.1479,0.081476,-0.024827,-0.015914,6.9493
0.55221,2.1479,0.081475,-0.024828,-0.015929,6.9435
0.55226,2.1479,0.081474,-0.024831,-0.015883,6.9397
0.55232,2.1479,0.081473,-0.024835,-0.015811,6.9428
0.55237,2.1479,0.081472,-0.024839,-0.015757,6.9447
0.55242,2.1479,0.081472,-0.024844,-0.015706,6.9314
0.55247,2.1479,0.081471,-0.024845,-0.015656,6.9303
0.55253,2.1478,0.08147,-0.024855,-0.015611,6.9338
0.55258,2.1478,0.081469,-0.024872,-0.015569,6.9213
0.55263,2.1478,0.081468,-0.024892,-0.015565,6.9185
0.55268,2.1478,0.081467,-0.024914,-0.015577,6.9306
0.55274,2.1478,0.081467,-0.024934,-0.015637,6.9286
0.55279,2.1478,0.081466,-0.024952,-0.015714,6.9246
0.55284,2.1478,0.081465,-0.024959,-0.015779,6.9355
0.55289,2.1478,0.081464,-0.024967,-0.015845,6.937
0.55295,2.1478,0.081463,-0.024986,-0.015911,6.9301
0.553,2.1478,0.081462,-0.025005,-0.015976,6.9381
0.55305,2.1478,0.081462,-0.025033,-0.016039,6.9408
0.55311,2.1478,0.081461,-0.025065,-0.016107,6.93
0.55316,2.1478,0.08146,-0.025098,-0.016194,6.9408
0.55321,2.1478,0.081459,-0.025125,-0.016262,6.9436
0.55326,2.1478,0.081458,-0.025143,-0.016314,6.9421
0.55332,2.1478,0.081457,-0.025164,-0.016372,6.9465
0.55337,2.1478,0.081456,-0.025184,-0.016402,6.9536
0.55342,2.1478,0.081456,-0.025188,-0.016417,6.9345
0.55347,2.1478,0.081455,-0.025193,-0.016433,6.9369
0.55353,2.1478,0.081454,-0.025194,-0.016466,6.9348
0.55358,2.1478,0.081453,-0.025194,-0.016537,6.926
0.55363,2.1478,0.081452,-0.025196,-0.016593,6.9134
0.55368,2.1478,0.081451,-0.025196,-0.016637,6.9204
0.55374,2.1478,0.08145,-0.025211,-0.016666,6.9229
0.55379,2.1478,0.081449,-0.025241,-0.016638,6.9076
0.55384,2.1478,0.081449,-0.02527,-0.016566,6.9162
0.55389,2.1478,0.081448,-0.0253,-0.016445,6.9194
0.55395,2.1478,0.081447,-0.02533,-0.016314,6.9052
0.554,2.1478,0.081446,-0.025356,-0.016225,6.9094
0.55405,2.1478,0.081445,-0.025381,-0.016157,6.9101
0.55411,2.1478,0.081444,-0.025397,-0.016084,6.8994
0.55416,2.1478,0.081443,-0.025404,-0.016016,6.8997
0.55421,2.1478,0.081443,-0.025403,-0.015961,6.9094
0.55426,2.1478,0.081442,-0.025396,-0.015916,6.9075
0.55432,2.1478,0.081441,-0.025386,-0.015869,6.9032
0.55437,2.1478,0.08144,-0.025374,-0.01585,6.9154
0.55442,2.1478,0.081439,-0.025374,-0.015905,6.9151
0.55447,2.1478,0.081438,-0.025391,-0.015923,6.9084
0.55453,2.1478,0.081438,-0.025412,-0.01591,6.9119
0.55458,2.1478,0.081437,-0.025427,-0.015847,6.921
0.55463,2.1478,0.081436,-0.025442,-0.015756,6.9117
0.55468,2.1478,0.081435,-0.025448,-0.01566,6.9197
0.55474,2.1478,0.081434,-0.025458,-0.015574,6.9287
0.55479,2.1478,0.081434,-0.025461,-0.015536,6.9199
0.55484,2.1478,0.081433,-0.025482,-0.015531,6.9207
0.55489,2.1478,0.081432,-0.025509,-0.01551,6.9342
0.55495,2.1478,0.081431,-0.025538,-0.015472,6.9233
0.555,2.1478,0.08143,-0.025565,-0.015395,6.9229
0.55505,2.1478,0.081429,-0.025579,-0.015309,6.9335
0.55511,2.1478,0.081429,-0.025591,-0.015226,6.9206
0.55516,2.1478,0.081428,-0.025608,-0.015162,6.9074
0.55521,2.1478,0.081427,-0.02562,-0.015134,6.9161
0.55526,2.1478,0.081426,-0.025635,-0.015111,6.9176
0.55532,2.1478,0.081425,-0.025656,-0.015116,6.9137
0.55537,2.1478,0.081425,-0.02568,-0.015109,6.9203
0.55542,2.1478,0.081424,-0.025697,-0.015108,6.9243
0.55547,2.1478,0.081423,-0.025716,-0.015123,6.9181
0.55553,2.1478,0.081422,-0.025739,-0.015113,6.9186
0.55558,2.1478,0.081421,-0.025766,-0.015085,6.9216
0.55563,2.1478,0.081421,-0.025796,-0.015044,6.915
0.55568,2.1478,0.08142,-0.025835,-0.014997,6.9097
0.55574,2.1478,0.081419,-0.025885,-0.01495,6.9225
0.55579,2.1478,0.081418,-0.025926,-0.014915,6.9146
0.55584,2.1478,0.081418,-0.025961,-0.014897,6.9134
0.55589,2.1478,0.081417,-0.025995,-0.014905,6.9361
0.55595,2.1478,0.081416,-0.026013,-0.014898,6.933
0.556,2.1478,0.081415,-0.026025,-0.014893,6.9297
0.55605,2.1478,0.081414,-0.026022,-0.01489,6.9361
0.55611,2.1478,0.081414,-0.026023,-0.014887,6.9402
0.55616,2.1478,0.081413,-0.026025,-0.014884,6.9318
0.55621,2.1478,0.081412,-0.026014,-0.014884,6.9358
0.55626,2.1478,0.081411,-0.025993,-0.014883,6.9455
0.55632,2.1478,0.08141,-0.025961,-0.014878,6.9405
0.55637,2.1478,0.08141,-0.025927,-0.014869,6.9515
0.55642,2.1478,0.081409,-0.025887,-0.014862,6.9629
0.55647,2.1477,0.081408,-0.025827,-0.014856,6.9523
0.55653,2.1477,0.081407,-0.025772,-0.014854,6.9542
0.55658,2.1477,0.081407,-0.025721,-0.014854,6.9576
0.55663,2.1477,0.081406,-0.025681,-0.014857,6.9493
0.55668,2.1477,0.081405,-0.025646,-0.01486,6.9402
0.55674,2.1477,0.081404,-0.025619,-0.014861,6.9534
0.55679,2.1477,0.081403,-0.025611,-0.014862,6.9524
0.55684,2.1477,0.081403,-0.025614,-0.014864,6.9486
0.55689,2.1477,0.081402,-0.025627,-0.014869,6.9632
0.55695,2.1477,0.081401,-0.025643,-0.01488,6.966
0.557,2.1477,0.0814,-0.025653,-0.014894,6.9568
0.55705,2.1477,0.0814,-0.02566,-0.014909,6.9678
0.55711,2.1477,0.081399,-0.025668,-0.014928,6.971
0.55716,2.1477,0.081398,-0.025658,-0.014947,6.9648
0.55721,2.1477,0.081397,-0.025636,-0.014968,6.9642
0.55726,2.1477,0.081396,-0.025608,-0.014989,6.9752
0.55732,2.1477,0.081396,-0.025581,-0.015011,6.9728
0.55737,2.1477,0.081395,-0.025543,-0.015037,6.9735
0.55742,2.1477,0.081394,-0.02551,-0.015062,6.9869
0.55747,2.1477,0.081393,-0.025479,-0.015084,6.9831
0.55753,2.1477,0.081392,-0.025457,-0.015109,6.9729
0.55758,2.1477,0.081392,-0.025432,-0.015134,6.9875
0.55763,2.1477,0.081391,-0.025419,-0.015158,6.9833
0.55768,2.1477,0.08139,-0.025415,-0.015182,6.9769
0.55774,2.1477,0.081389,-0.025406,-0.015211,6.9783
0.55779,2.1477,0.081388,-0.025392,-0.015242,6.9908
0.55784,2.1477,0.081388,-0.025379,-0.015273,6.9856
0.55789,2.1477,0.081387,-0.025361,-0.015305,6.991
0.55795,2.1477,0.081386,-0.025334,-0.015339,7.0027
0.558,2.1477,0.081385,-0.025308,-0.015372,6.9926
0.55805,2.1477,0.081384,-0.025293,-0.015403,6.9954
0.55811,2.1477,0.081384,-0.025285,-0.015434,7.0001
0.55816,2.1477,0.081383,-0.025274,-0.015464,6.9936
0.55821,2.1477,0.081382,-0.025264,-0.015494,6.9848
0.55826,2.1477,0.081381,-0.025253,-0.015526,6.9951
0.55832,2.1477,0.08138,-0.025244,-0.015561,6.9942
0.55837,2.1477,0.081379,-0.025232,-0.015599,6.9898
0.55842,2.1477,0.081379,-0.025221,-0.015637,6.9984
0.55847,2.1477,0.081378,-0.025211,-0.015662,7.001
0.55853,2.1477,0.081377,-0.025203,-0.015708,6.9889
0.55858,2.1477,0.081376,-0.025199,-0.015756,6.9989
0.55863,2.1477,0.081375,-0.025195,-0.015824,7.004
0.55868,2.1477,0.081375,-0.025192,-0.015923,6.9985
0.55874,2.1477,0.081374,-0.025188,-0.016069,6.9984
0.55879,2.1477,0.081373,-0.025171,-0.016232,7.0085
0.55884,2.1477,0.081372,-0.025139,-0.016383,7.0029
0.55889,2.1477,0.081371,-0.025089,-0.01649,6.999
0.55895,2.1477,0.08137,-0.025024,-0.016572,7.0098
0.559,2.1477,0.081369,-0.02495,-0.016598,7.0052
0.55905,2.1477,0.081368,-0.024869,-0.016596,6.9951
0.55911,2.1477,0.081368,-0.024781,-0.016585,6.9986
0.55916,2.1477,0.081367,-0.024714,-0.016595,7.0006
0.55921,2.1477,0.081366,-0.024646,-0.016608,6.9872
0.55926,2.1477,0.081365,-0.024577,-0.016623,6.9826
0.55932,2.1477,0.081364,-0.024506,-0.016638,6.9834
0.55937,2.1477,0.081363,-0.024429,-0.016652,6.9769
0.55942,2.1477,0.081362,-0.024353,-0.016669,6.9837
0.55947,2.1477,0.081361,-0.024285,-0.016689,6.9903
0.55953,2.1477,0.081361,-0.024228,-0.016713,6.9818
0.55958,2.1477,0.08136,-0.024198,-0.016739,6.9852
0.55963,2.1477,0.081359,-0.024177,-0.016765,6.9924
0.55968,2.1477,0.081358,-0.024173,-0.016793,6.9812
0.55974,2.1477,0.081357,-0.024155,-0.016819,6.9704
0.55979,2.1477,0.081356,-0.024125,-0.016843,6.9841
0.55984,2.1477,0.081355,-0.02408,-0.016869,6.9823
0.55989,2.1477,0.081354,-0.024027,-0.016895,6.9766
0.55995,2.1477,0.081353,-0.02398,-0.016919,6.9861
0.56,2.1477,0.081353,-0.023931,-0.016946,6.995
0.56005,2.1477,0.081352,-0.023895,-0.016976,6.9812
0.56011,2.1477,0.081351,-0.023868,-0.017009,6.9977
0.56016,2.1477,0.08135,-0.02383,-0.017044,7.0017
0.56021,2.1477,0.081349,-0.023796,-0.017081,6.9934
0.56026,2.1477,0.081348,-0.023759,-0.01712,6.9894
0.56032,2.1477,0.081347,-0.023729,-0.017155,7.0016
0.56037,2.1477,0.081346,-0.023713,-0.017192,6.996
0.56042,2.1477,0.081345,-0.023689,-0.017231,6.9904
0.56047,2.1476,0.081344,-0.023667,-0.017272,7.005
0.56053,2.1476,0.081344,-0.023637,-0.017314,6.9998
0.56058,2.1476,0.081343,-0.023611,-0.017356,6.99
0.56063,2.1476,0.081342,-0.023583,-0.017397,6.9992
0.56068,2.1476,0.081341,-0.023549,-0.017438,6.9985
0.56074,2.1476,0.08134,-0.023508,-0.017477,6.983
0.56079,2.1476,0.081339,-0.023454,-0.017518,6.985
0.56084,2.1476,0.081338,-0.023383,-0.017558,6.9882
0.56089,2.1476,0.081337,-0.02331,-0.017599,6.9736
0.56095,2.1476,0.081336,-0.023242,-0.017638,6.9813
0.561,2.1476,0.081335,-0.023192,-0.01768,6.9941
0.56105,2.1476,0.081334,-0.023151,-0.017723,6.9859
0.56111,2.1476,0.081333,-0.023122,-0.017767,6.9876
0.56116,2.1476,0.081332,-0.023098,-0.017811,7.0031
0.56121,2.1476,0.081332,-0.023071,-0.017871,6.9939
0.56126,2.1476,0.081331,-0.023043,-0.017909,6.9857
0.56132,2.1476,0.08133,-0.023015,-0.017928,6.9932
0.56137,2.1476,0.081329,-0.022984,-0.017935,6.9965
0.56142,2.1476,0.081328,-0.022954,-0.017937,6.9873
0.56147,2.1476,0.081327,-0.022915,-0.017941,7.002
0.56153,2.1476,0.081326,-0.022873,-0.017953,7.0069
0.56158,2.1476,0.081325,-0.022833,-0.017981,6.9946
0.56163,2.1476,0.081324,-0.022795,-0.01805,7.0002
0.56168,2.1476,0.081323,-0.022759,-0.01808,6.9994
0.56174,2.1476,0.081322,-0.022726,-0.018091,6.9921
0.56179,2.1476,0.081321,-0.022695,-0.018105,6.9917
0.56184,2.1476,0.08132,-0.022672,-0.018106,7.0042
0.56189,2.1476,0.081319,-0.02264,-0.018066,7.0014
0.56195,2.1476,0.081318,-0.022596,-0.018003,7.0087
0.562,2.1476,0.081317,-0.02254,-0.017937,7.0155
0.56205,2.1476,0.081316,-0.02247,-0.017893,7.0128
0.56211,2.1476,0.081315,-0.022396,-0.017831,7.007
0.56216,2.1476,0.081315,-0.022331,-0.017821,7.0191
0.56221,2.1476,0.081314,-0.02227,-0.017872,7.0071
0.56226,2.1476,0.081313,-0.022223,-0.017947,6.9961
0.56232,2.1476,0.081312,-0.022185,-0.018011,7.0027
0.56237,2.1476,0.081311,-0.022153,-0.018073,7.0023
0.56242,2.1476,0.08131,-0.022132,-0.018121,6.994
0.56247,2.1476,0.081309,-0.022097,-0.018153,7.0056
0.56253,2.1476,0.081308,-0.022061,-0.01816,7.0143
0.56258,2.1476,0.081307,-0.022024,-0.018186,7.0159
0.56263,2.1476,0.081306,-0.02197,-0.018209,7.0206
0.56268,2.1476,0.081305,-0.021907,-0.018231,7.0283
0.56274,2.1476,0.081304,-0.021839,-0.01825,7.0264
0.56279,2.1476,0.081303,-0.021773,-0.018268,7.0253
0.56284,2.1476,0.081302,-0.021713,-0.018284,7.0308
0.56289,2.1476,0.081301,-0.021651,-0.018299,7.0326
0.56295,2.1476,0.0813,-0.021606,-0.018316,7.0269
0.563,2.1476,0.081299,-0.021558,-0.018335,7.0405
0.56305,2.1476,0.081298,-0.021506,-0.018353,7.041
0.56311,2.1476,0.081297,-0.021445,-0.018369,7.0296
0.56316,2.1476,0.081296,-0.021384,-0.018381,7.0381
0.56321,2.1476,0.081295,-0.021335,-0.018393,7.0473
0.56326,2.1476,0.081294,-0.021292,-0.018401,7.0346
0.56332,2.1476,0.081293,-0.021267,-0.018405,7.0365
0.56337,2.1476,0.081292,-0.021252,-0.018409,7.0425
0.56342,2.1476,0.081291,-0.021224,-0.018411,7.0313
0.56347,2.1476,0.08129,-0.021194,-0.018413,7.031
0.56353,2.1476,0.08129,-0.02116,-0.018417,7.0366
0.56358,2.1476,0.081289,-0.021144,-0.018425,7.0387
0.56363,2.1476,0.081288,-0.02115,-0.018434,7.0299
0.56368,2.1476,0.081287,-0.021148,-0.018441,7.0355
0.56374,2.1476,0.081286,-0.021142,-0.018445,7.0324
0.56379,2.1476,0.081285,-0.021136,-0.018447,7.0161
0.56384,2.1476,0.081284,-0.021121,-0.018447,7.0148
0.56389,2.1476,0.081283,-0.021103,-0.018449,7.0152
0.56395,2.1476,0.081282,-0.02109,-0.018454,7.015
0.564,2.1476,0.081281,-0.021087,-0.018464,7.0197
0.56405,2.1476,0.08128,-0.021087,-0.018474,7.0294
0.56411,2.1476,0.081279,-0.021077,-0.018486,7.019
0.56416,2.1476,0.081278,-0.021063,-0.018495,7.0256
0.56421,2.1476,0.081277,-0.021046,-0.018502,7.0395
0.56426,2.1476,0.081276,-0.021012,-0.018506,7.0327
0.56432,2.1476,0.081275,-0.02097,-0.018508,7.0242
0.56437,2.1476,0.081274,-0.020921,-0.018509,7.0255
0.56442,2.1476,0.081273,-0.02087,-0.018509,7.025
0.56447,2.1476,0.081272,-0.020828,-0.018508,7.0161
0.56453,2.1476,0.081271,-0.020803,-0.018506,7.0265
0.56458,2.1476,0.08127,-0.020791,-0.018501,7.0216
0.56463,2.1476,0.081269,-0.020794,-0.018494,7.0117
0.56468,2.1476,0.081268,-0.020793,-0.018488,7.0203
0.56474,2.1476,0.081267,-0.020803,-0.018482,7.0139
0.56479,2.1476,0.081266,-0.020798,-0.018477,6.9993
0.56484,2.1476,0.081265,-0.020791,-0.018476,6.9995
0.56489,2.1476,0.081264,-0.02078,-0.01848,7.0058
0.56495,2.1476,0.081263,-0.020771,-0.018483,6.9841
0.565,2.1476,0.081262,-0.020775,-0.018487,6.9794
0.56505,2.1475,0.081261,-0.020785,-0.018491,6.9906
0.56511,2.1475,0.08126,-0.020794,-0.018496,6.9876
0.56516,2.1475,0.081259,-0.020811,-0.018498,6.9847
0.56521,2.1475,0.081258,-0.020833,-0.018498,6.9893
0.56526,2.1475,0.081257,-0.020854,-0.018495,6.9816
0.56532,2.1475,0.081256,-0.020873,-0.01849,6.9718
0.56537,2.1475,0.081255,-0.020902,-0.018481,6.9719
0.56542,2.1475,0.081255,-0.020932,-0.018471,6.9743
0.56547,2.1475,0.081254,-0.020957,-0.018461,6.9568
0.56553,2.1475,0.081253,-0.020983,-0.01845,6.9671
0.56558,2.1475,0.081252,-0.021013,-0.018438,6.9734
0.56563,2.1475,0.081251,-0.021045,-0.018426,6.9724
0.56568,2.1475,0.08125,-0.02106,-0.018413,6.9755
0.56574,2.1475,0.081249,-0.021078,-0.018398,6.9898
0.56579,2.1475,0.081248,-0.02109,-0.018384,6.9818
0.56584,2.1475,0.081247,-0.021099,-0.01837,6.9736
0.56589,2.1475,0.081246,-0.021113,-0.018359,6.9845
0.56595,2.1475,0.081245,-0.021128,-0.018348,6.9798
0.566,2.1475,0.081244,-0.021146,-0.018338,6.9655
0.56605,2.1475,0.081243,-0.021156,-0.018327,6.9772
0.56611,2.1475,0.081242,-0.021161,-0.018314,6.982
0.56616,2.1475,0.081241,-0.021179,-0.018296,6.9778
0.56621,2.1475,0.08124,-0.021199,-0.018278,6.9868
0.56626,2.1475,0.081239,-0.02124,-0.018259,6.9796
0.56632,2.1475,0.081238,-0.021295,-0.018244,6.9678
0.56637,2.1475,0.081237,-0.021362,-0.018232,6.9724
0.56642,2.1475,0.081236,-0.021435,-0.018221,6.9728
0.56647,2.1475,0.081235,-0.021506,-0.01821,6.9609
0.56653,2.1475,0.081234,-0.021584,-0.0182,6.9574
0.56658,2.1475,0.081233,-0.021657,-0.018187,6.9728
0.56663,2.1475,0.081232,-0.021729,-0.018175,6.9698
0.56668,2.1475,0.081231,-0.021811,-0.018166,6.9578
0.56674,2.1475,0.08123,-0.021907,-0.018155,6.978
0.56679,2.1475,0.081229,-0.022005,-0.018143,6.9762
0.56684,2.1475,0.081229,-0.022091,-0.018125,6.9638
0.56689,2.1475,0.081228,-0.022167,-0.018105,6.9708
0.56695,2.1475,0.081227,-0.022236,-0.018081,6.976
0.567,2.1475,0.081226,-0.022297,-0.018056,6.962
0.56705,2.1475,0.081225,-0.02235,-0.018032,6.9719
0.56711,2.1475,0.081224,-0.022423,-0.018011,6.9829
0.56716,2.1475,0.081223,-0.022512,-0.017989,6.9782
0.56721,2.1475,0.081222,-0.022596,-0.017966,6.9787
0.56726,2.1475,0.081221,-0.022668,-0.017944,6.9925
0.56732,2.1475,0.08122,-0.022743,-0.017922,6.9868
0.56737,2.1475,0.081219,-0.022817,-0.017899,6.9852
0.56742,2.1475,0.081218,-0.022887,-0.017877,6.9926
0.56747,2.1475,0.081217,-0.022947,-0.017854,6.9881
0.56753,2.1475,0.081216,-0.023009,-0.01783,6.9793
0.56758,2.1475,0.081215,-0.023063,-0.017808,6.9895
0.56763,2.1475,0.081214,-0.023097,-0.017787,6.9877
0.56768,2.1475,0.081213,-0.023123,-0.017768,6.9843
0.56774,2.1475,0.081212,-0.023149,-0.017749,6.9888
0.56779,2.1475,0.081212,-0.023178,-0.017731,6.99
0.56784,2.1475,0.081211,-0.023211,-0.017712,6.9772
0.56789,2.1475,0.08121,-0.023249,-0.017693,6.9801
0.56795,2.1475,0.081209,-0.023294,-0.017672,6.9845
0.568,2.1475,0.081208,-0.023344,-0.017653,6.9715
0.56805,2.1475,0.081207,-0.023398,-0.017633,6.9715
0.56811,2.1475,0.081206,-0.023451,-0.017615,6.9938
0.56816,2.1475,0.081205,-0.023503,-0.017597,6.9858
0.56821,2.1475,0.081204,-0.023551,-0.017579,6.9824
0.56826,2.1475,0.081203,-0.02359,-0.017562,6.9959
0.56832,2.1475,0.081202,-0.023622,-0.017545,6.9958
0.56837,2.1475,0.081201,-0.023646,-0.017529,6.9891
0.56842,2.1475,0.0812,-0.023665,-0.017526,6.9945
0.56847,2.1475,0.0812,-0.023679,-0.017502,6.9925
0.56853,2.1475,0.081199,-0.023692,-0.017476,6.9803
0.56858,2.1475,0.081198,-0.023701,-0.01743,6.988
0.56863,2.1475,0.081197,-0.023707,-0.017351,6.9987
0.56868,2.1475,0.081196,-0.023706,-0.017219,6.992
0.56874,2.1475,0.081195,-0.02371,-0.017058,6.9936
0.56879,2.1475,0.081194,-0.023727,-0.016896,7.0057
0.56884,2.1475,0.081193,-0.023759,-0.016765,6.9988
0.56889,2.1475,0.081192,-0.023808,-0.01665,7.0013
0.56895,2.1475,0.081191,-0.023878,-0.016586,7.0082
0.569,2.1475,0.081191,-0.023959,-0.016549,7.0048
0.56905,2.1475,0.08119,-0.024055,-0.016522,6.9947
0.56911,2.1475,0.081189,-0.024137,-0.016479,7.0064
0.56916,2.1475,0.081188,-0.024215,-0.016433,7.0066
0.56921,2.1475,0.081187,-0.024291,-0.016389,6.9946
0.56926,2.1475,0.081186,-0.024367,-0.016343,7.0024
0.56932,2.1475,0.081185,-0.024453,-0.016299,7.0023
0.56937,2.1475,0.081185,-0.024539,-0.016256,6.9955
0.56942,2.1475,0.081184,-0.024618,-0.016216,6.9968
0.56947,2.1474,0.081183,-0.024685,-0.016177,7.0004
0.56953,2.1474,0.081182,-0.024729,-0.016137,6.988
0.56958,2.1474,0.081181,-0.024759,-0.016095,6.987
0.56963,2.1474,0.08118,-0.024772,-0.016054,6.9986
0.56968,2.1474,0.081179,-0.024804,-0.016013,6.9932
0.56974,2.1474,0.081179,-0.024856,-0.015973,6.9967
0.56979,2.1474,0.081178,-0.024929,-0.015935,7.004
0.56984,2.1474,0.081177,-0.025012,-0.015898,7.0056
0.56989,2.1474,0.081176,-0.02509,-0.015864,6.9996
0.56995,2.1474,0.081175,-0.02517,-0.015829,7.0047
0.57,2.1474,0.081174,-0.025247,-0.015795,7.0006
0.57005,2.1474,0.081174,-0.025302,-0.015763,6.9888
0.57011,2.1474,0.081173,-0.025359,-0.015733,6.9884
0.57016,2.1474,0.081172,-0.025407,-0.015705,6.9909
0.57021,2.1474,0.081171,-0.025452,-0.015677,6.9768
0.57026,2.1474,0.08117,-0.025488,-0.015652,6.9809
0.57032,2.1474,0.081169,-0.025511,-0.01563,6.9885
0.57037,2.1474,0.081169,-0.025548,-0.015611,6.9744
0.57042,2.1474,0.081168,-0.025595,-0.015593,6.9694
0.57047,2.1474,0.081167,-0.025645,-0.015572,6.9796
0.57053,2.1474,0.081166,-0.025697,-0.01555,6.9619
0.57058,2.1474,0.081165,-0.025751,-0.015524,6.9513
0.57063,2.1474,0.081165,-0.025796,-0.015498,6.9605
0.57068,2.1474,0.081164,-0.025835,-0.015471,6.9546
0.57074,2.1474,0.081163,-0.025871,-0.015446,6.9484
0.57079,2.1474,0.081162,-0.025914,-0.015426,6.9493
0.57084,2.1474,0.081161,-0.025957,-0.01541,6.9584
0.57089,2.1474,0.08116,-0.025999,-0.015394,6.9451
0.57095,2.1474,0.08116,-0.026036,-0.015378,6.9475
0.571,2.1474,0.081159,-0.026063,-0.015361,6.9518
0.57105,2.1474,0.081158,-0.026074,-0.015343,6.948
0.57111,2.1474,0.081157,-0.026078,-0.015324,6.9458
0.57116,2.1474,0.081156,-0.026084,-0.015305,6.9646
0.57121,2.1474,0.081156,-0.026086,-0.015289,6.9604
0.57126,2.1474,0.081155,-0.02609,-0.015274,6.9656
0.57132,2.1474,0.081154,-0.026097,-0.01526,6.9813
0.57137,2.1474,0.081153,-0.026099,-0.015248,6.9814
0.57142,2.1474,0.081152,-0.026099,-0.015236,6.9785
0.57147,2.1474,0.081152,-0.026096,-0.015226,6.9783
0.57153,2.1474,0.081151,-0.026084,-0.015229,6.9737
0.57158,2.1474,0.08115,-0.026073,-0.01521,6.9616
0.57163,2.1474,0.081149,-0.026058,-0.015177,6.9792
0.57168,2.1474,0.081148,-0.026043,-0.015141,6.9818
0.57174,2.1474,0.081148,-0.026024,-0.015105,6.9773
0.57179,2.1474,0.081147,-0.025996,-0.015076,6.9831
0.57184,2.1474,0.081146,-0.025973,-0.015059,6.9948
0.57189,2.1474,0.081145,-0.025956,-0.015062,6.9823
0.57195,2.1474,0.081144,-0.025952,-0.015088,6.9775
0.572,2.1474,0.081144,-0.025966,-0.015097,6.9902
0.57205,2.1474,0.081143,-0.025993,-0.015125,6.9824
0.57211,2.1474,0.081142,-0.026019,-0.01513,6.9714
0.57216,2.1474,0.081141,-0.02605,-0.01512,6.9779
0.57221,2.1474,0.08114,-0.026074,-0.015096,6.9788
0.57226,2.1474,0.08114,-0.026093,-0.015066,6.9689
0.57232,2.1474,0.081139,-0.026105,-0.015038,6.9831
0.57237,2.1474,0.081138,-0.026114,-0.015017,6.9899
0.57242,2.1474,0.081137,-0.026125,-0.015007,6.9824
0.57247,2.1474,0.081137,-0.02613,-0.015023,6.9842
0.57253,2.1474,0.081136,-0.02613,-0.015024,6.9926
0.57258,2.1474,0.081135,-0.026144,-0.015026,6.9892
0.57263,2.1474,0.081134,-0.026168,-0.015029,6.9928
0.57268,2.1474,0.081133,-0.026204,-0.01503,7.0041
0.57274,2.1474,0.081133,-0.026247,-0.015034,6.9984
0.57279,2.1474,0.081132,-0.026285,-0.01504,7.0027
0.57284,2.1474,0.081131,-0.026315,-0.015046,7.0135
0.57289,2.1474,0.08113,-0.02633,-0.015053,7.013
0.57295,2.1474,0.081129,-0.026341,-0.01506,7.0074
0.573,2.1474,0.081129,-0.026352,-0.015066,7.0146
0.57305,2.1474,0.081128,-0.026375,-0.015071,7.0182
0.57311,2.1474,0.081127,-0.026411,-0.015074,7.0097
0.57316,2.1474,0.081126,-0.026441,-0.015077,7.0114
0.57321,2.1474,0.081125,-0.02646,-0.015082,7.0145
0.57326,2.1474,0.081125,-0.026462,-0.015089,7.009
0.57332,2.1474,0.081124,-0.026455,-0.015095,7.0111
0.57337,2.1473,0.081123,-0.026451,-0.015103,7.0161
0.57342,2.1473,0.081122,-0.026446,-0.015115,7.0062
0.57347,2.1473,0.081121,-0.026452,-0.015128,7.0049
0.57353,2.1473,0.081121,-0.026449,-0.015155,7.0105
0.57358,2.1473,0.08112,-0.026423,-0.01517,7.0017
0.57363,2.1473,0.081119,-0.0264,-0.015158,6.9944
0.57368,2.1473,0.081118,-0.026374,-0.015109,7.0014
0.57374,2.1473,0.081117,-0.026346,-0.015007,7.0069
0.57379,2.1473,0.081117,-0.026335,-0.014883,7.0005
0.57384,2.1473,0.081116,-0.026333,-0.014768,7.0128
0.57389,2.1473,0.081115,-0.026335,-0.014687,7.0222
0.57395,2.1473,0.081114,-0.026326,-0.014666,7.0199
0.574,2.1473,0.081114,-0.026306,-0.014685,7.0291
0.57405,2.1473,0.081113,-0.026298,-0.01473,7.0333
0.57411,2.1473,0.081112,-0.026292,-0.014783,7.023
0.57416,2.1473,0.081111,-0.026284,-0.014821,7.0182
0.57421,2.1473,0.08111,-0.026292,-0.014858,7.0347
0.57426,2.1473,0.08111,-0.026306,-0.014895,7.0305
0.57432,2.1473,0.081109,-0.026318,-0.01493,7.0278
0.57437,2.1473,0.081108,-0.026325,-0.014965,7.0428
0.57442,2.1473,0.081107,-0.026322,-0.014997,7.0466
0.57447,2.1473,0.081107,-0.026323,-0.015032,7.0336
0.57453,2.1473,0.081106,-0.026329,-0.015068,7.0422
0.57458,2.1473,0.081105,-0.026335,-0.015107,7.0397
0.57463,2.1473,0.081104,-0.026342,-0.015147,7.0317
0.57468,2.1473,0.081103,-0.026356,-0.015187,7.0335
0.57474,2.1473,0.081103,-0.026372,-0.015225,7.0336
0.57479,2.1473,0.081102,-0.026388,-0.015258,7.0251
0.57484,2.1473,0.081101,-0.026406,-0.015287,7.0332
0.57489,2.1473,0.0811,-0.026425,-0.015315,7.0409
0.57495,2.1473,0.081099,-0.026452,-0.01534,7.0344
0.575,2.1473,0.081099,-0.026485,-0.015365,7.0406
0.57505,2.1473,0.081098,-0.026522,-0.015389,7.045
0.57511,2.1473,0.081097,-0.026566,-0.015427,7.0366
0.57516,2.1473,0.081096,-0.026614,-0.015439,7.0289
0.57521,2.1473,0.081095,-0.026665,-0.015435,7.0463
0.57526,2.1473,0.081094,-0.026728,-0.015435,7.0384
0.57532,2.1473,0.081094,-0.026788,-0.015408,7.0362
0.57537,2.1473,0.081093,-0.026849,-0.01537,7.0507
0.57542,2.1473,0.081092,-0.026903,-0.015334,7.0577
0.57547,2.1473,0.081091,-0.026948,-0.015314,7.0499
0.57553,2.1473,0.08109,-0.026976,-0.015336,7.0532
0.57558,2.1473,0.08109,-0.026995,-0.015329,7.0606
0.57563,2.1473,0.081089,-0.027005,-0.015338,7.054
0.57568,2.1473,0.081088,-0.027018,-0.01535,7.0521
0.57574,2.1473,0.081087,-0.027038,-0.015304,7.0607
0.57579,2.1473,0.081086,-0.027066,-0.015251,7.0517
0.57584,2.1473,0.081086,-0.027101,-0.015174,7.05
0.57589,2.1473,0.081085,-0.027141,-0.015102,7.0585
0.57595,2.1473,0.081084,-0.027185,-0.015061,7.0591
0.576,2.1473,0.081083,-0.027231,-0.015047,7.0483
0.57605,2.1473,0.081082,-0.027271,-0.015069,7.0536
0.57611,2.1473,0.081082,-0.027313,-0.015084,7.0453
0.57616,2.1473,0.081081,-0.027366,-0.015066,7.0328
0.57621,2.1473,0.08108,-0.027435,-0.015034,7.0387
0.57626,2.1473,0.081079,-0.027505,-0.014954,7.0396
0.57632,2.1473,0.081078,-0.027577,-0.014853,7.0231
0.57637,2.1473,0.081078,-0.027659,-0.014751,7.0286
0.57642,2.1473,0.081077,-0.027739,-0.014657,7.0364
0.57647,2.1473,0.081076,-0.027813,-0.014596,7.0311
0.57653,2.1473,0.081075,-0.027875,-0.014543,7.0267
0.57658,2.1473,0.081075,-0.027928,-0.014529,7.0376
0.57663,2.1473,0.081074,-0.027969,-0.014523,7.0308
0.57668,2.1473,0.081073,-0.027981,-0.014554,7.024
0.57674,2.1473,0.081072,-0.02798,-0.014585,7.0337
0.57679,2.1473,0.081072,-0.02798,-0.014623,7.036
0.57684,2.1473,0.081071,-0.027982,-0.014662,7.0293
0.57689,2.1473,0.08107,-0.027997,-0.014734,7.0374
0.57695,2.1473,0.081069,-0.028032,-0.01481,7.0466
0.577,2.1473,0.081068,-0.028082,-0.014917,7.0387
0.57705,2.1472,0.081068,-0.028135,-0.015021,7.0468
0.57711,2.1472,0.081067,-0.028172,-0.015146,7.0521
0.57716,2.1472,0.081066,-0.028203,-0.015253,7.0393
0.57721,2.1472,0.081065,-0.028232,-0.015358,7.0345
0.57726,2.1472,0.081064,-0.028265,-0.015462,7.0411
0.57732,2.1472,0.081064,-0.028303,-0.015562,7.0345
0.57737,2.1472,0.081063,-0.02836,-0.015661,7.0368
0.57742,2.1472,0.081062,-0.028415,-0.015758,7.0433
0.57747,2.1472,0.081061,-0.028468,-0.015851,7.0413
0.57753,2.1472,0.08106,-0.02852,-0.015941,7.0342
0.57758,2.1472,0.081059,-0.028568,-0.016041,7.0402
0.57763,2.1472,0.081059,-0.028611,-0.016114,7.0347
0.57768,2.1472,0.081058,-0.028649,-0.016168,7.0272
0.57774,2.1472,0.081057,-0.028673,-0.016208,7.0293
0.57779,2.1472,0.081056,-0.028704,-0.016242,7.0295
0.57784,2.1472,0.081055,-0.028742,-0.016277,7.0229
0.57789,2.1472,0.081054,-0.028785,-0.016322,7.0398
0.57795,2.1472,0.081053,-0.028833,-0.016381,7.0504
0.578,2.1472,0.081053,-0.028877,-0.016462,7.0403
0.57805,2.1472,0.081052,-0.028918,-0.016526,7.0406
0.57811,2.1472,0.081051,-0.028951,-0.016589,7.0483
0.57816,2.1472,0.08105,-0.028977,-0.016647,7.0372
0.57821,2.1472,0.081049,-0.029011,-0.016702,7.0363
0.57826,2.1472,0.081048,-0.029055,-0.016753,7.0432
0.57832,2.1472,0.081047,-0.029098,-0.016801,7.0416
0.57837,2.1472,0.081046,-0.029134,-0.016861,7.0334
0.57842,2.1472,0.081046,-0.02917,-0.016893,7.0472
0.57847,2.1472,0.081045,-0.029209,-0.016906,7.0516
0.57853,2.1472,0.081044,-0.029253,-0.016907,7.0449
0.57858,2.1472,0.081043,-0.029299,-0.016905,7.0569
0.57863,2.1472,0.081042,-0.029351,-0.016906,7.0684
0.57868,2.1472,0.081041,-0.029405,-0.016928,7.0591
0.57874,2.1472,0.08104,-0.029459,-0.016941,7.0604
0.57879,2.1472,0.081039,-0.02951,-0.016957,7.064
0.57884,2.1472,0.081038,-0.029559,-0.016947,7.0598
0.57889,2.1472,0.081038,-0.029602,-0.016936,7.0624
0.57895,2.1472,0.081037,-0.029645,-0.016929,7.0694
0.579,2.1472,0.081036,-0.029683,-0.016934,7.0688
0.57905,2.1472,0.081035,-0.029725,-0.016955,7.0586
0.57911,2.1472,0.081034,-0.029766,-0.016997,7.0697
0.57916,2.1472,0.081033,-0.029807,-0.017021,7.0713
0.57921,2.1472,0.081032,-0.029848,-0.017043,7.0572
0.57926,2.1472,0.081031,-0.029886,-0.017066,7.0645
0.57932,2.1472,0.08103,-0.029926,-0.017087,7.0681
0.57937,2.1472,0.081029,-0.02997,-0.017103,7.0645
0.57942,2.1472,0.081029,-0.030025,-0.017115,7.072
0.57947,2.1472,0.081028,-0.030086,-0.017136,7.0755
0.57953,2.1472,0.081027,-0.03015,-0.017133,7.0765
0.57958,2.1472,0.081026,-0.030213,-0.01711,7.0768
0.57963,2.1472,0.081025,-0.03027,-0.017096,7.0876
0.57968,2.1472,0.081024,-0.030319,-0.01707,7.0788
0.57974,2.1472,0.081023,-0.030361,-0.017009,7.082
0.57979,2.1472,0.081022,-0.030402,-0.016944,7.0878
0.57984,2.1472,0.081021,-0.030445,-0.016872,7.0929
0.57989,2.1472,0.081021,-0.030486,-0.016798,7.0919
0.57995,2.1472,0.08102,-0.030524,-0.016675,7.092
0.58,2.1472,0.081019,-0.030571,-0.016555,7.0918
0.58005,2.1472,0.081018,-0.030626,-0.016473,7.0844
0.58011,2.1472,0.081017,-0.030688,-0.016415,7.0931
0.58016,2.1472,0.081016,-0.030757,-0.016377,7.0964
0.58021,2.1472,0.081015,-0.030826,-0.01639,7.0868
0.58026,2.1472,0.081014,-0.030891,-0.016423,7.0878
0.58032,2.1472,0.081014,-0.030943,-0.016461,7.0853
0.58037,2.1472,0.081013,-0.030985,-0.01648,7.0834
0.58042,2.1472,0.081012,-0.031023,-0.016498,7.0766
0.58047,2.1471,0.081011,-0.031057,-0.016517,7.078
0.58053,2.1471,0.08101,-0.031089,-0.016538,7.0795
0.58058,2.1471,0.081009,-0.031122,-0.016555,7.0775
0.58063,2.1471,0.081008,-0.031157,-0.016571,7.0815
0.58068,2.1471,0.081008,-0.031185,-0.016583,7.0744
0.58074,2.1471,0.081007,-0.031215,-0.016588,7.0673
0.58079,2.1471,0.081006,-0.031237,-0.016588,7.0731
0.58084,2.1471,0.081005,-0.031255,-0.016587,7.078
0.58089,2.1471,0.081004,-0.031275,-0.0166,7.0684
0.58095,2.1471,0.081003,-0.031306,-0.016606,7.0677
0.581,2.1471,0.081002,-0.031347,-0.016566,7.0779
0.58105,2.1471,0.081001,-0.031401,-0.016502,7.0783
0.58111,2.1471,0.081001,-0.031448,-0.016424,7.0824
0.58116,2.1471,0.081,-0.031504,-0.016347,7.0883
0.58121,2.1471,0.080999,-0.031543,-0.016286,7.0772
0.58126,2.1471,0.080998,-0.031575,-0.016252,7.0717
0.58132,2.1471,0.080997,-0.031608,-0.01626,7.077
0.58137,2.1471,0.080996,-0.031649,-0.016275,7.0678
0.58142,2.1471,0.080995,-0.031698,-0.016271,7.0528
0.58147,2.1471,0.080995,-0.031758,-0.01625,7.0678
0.58153,2.1471,0.080994,-0.031817,-0.016248,7.0574
0.58158,2.1471,0.080993,-0.031879,-0.016261,7.05
0.58163,2.1471,0.080992,-0.031931,-0.016282,7.0528
0.58168,2.1471,0.080991,-0.031972,-0.016307,7.0587
0.58174,2.1471,0.08099,-0.032006,-0.016327,7.0446
0.58179,2.1471,0.080989,-0.032037,-0.016337,7.0395
0.58184,2.1471,0.080989,-0.032072,-0.016328,7.0397
0.58189,2.1471,0.080988,-0.032104,-0.016293,7.0288
0.58195,2.1471,0.080987,-0.032139,-0.016266,7.0243
0.582,2.1471,0.080986,-0.032177,-0.016233,7.0255
0.58205,2.1471,0.080985,-0.032217,-0.016195,7.0287
0.58211,2.1471,0.080984,-0.032249,-0.016156,7.0153
0.58216,2.1471,0.080983,-0.032274,-0.016117,7.0266
0.58221,2.1471,0.080983,-0.032296,-0.016079,7.0239
0.58226,2.1471,0.080982,-0.032313,-0.016041,7.0114
0.58232,2.1471,0.080981,-0.032318,-0.015999,7.014
0.58237,2.1471,0.08098,-0.03232,-0.015956,7.0125
0.58242,2.1471,0.080979,-0.032319,-0.015908,7.0078
0.58247,2.1471,0.080978,-0.032316,-0.015854,7.0131
0.58253,2.1471,0.080978,-0.03231,-0.015799,7.0205
0.58258,2.1471,0.080977,-0.032299,-0.015745,7.0134
0.58263,2.1471,0.080976,-0.032285,-0.015691,7.0206
0.58268,2.1471,0.080975,-0.032275,-0.015633,7.031
0.58274,2.1471,0.080974,-0.032266,-0.015572,7.0261
0.58279,2.1471,0.080973,-0.032261,-0.01551,7.0173
0.58284,2.1471,0.080973,-0.032254,-0.015448,7.0287
0.58289,2.1471,0.080972,-0.032237,-0.015382,7.0203
0.58295,2.1471,0.080971,-0.032215,-0.015314,7.0054
0.583,2.1471,0.08097,-0.032182,-0.015242,7.0123
0.58305,2.1471,0.080969,-0.032139,-0.015167,7.0202
0.58311,2.1471,0.080969,-0.032103,-0.015087,7.0128
0.58316,2.1471,0.080968,-0.032074,-0.015003,7.0125
0.58321,2.1471,0.080967,-0.032055,-0.014919,7.0293
0.58326,2.1471,0.080966,-0.032039,-0.014838,7.0124
0.58332,2.1471,0.080965,-0.032027,-0.014757,7.0098
0.58337,2.1471,0.080965,-0.032025,-0.014671,7.011
0.58342,2.1471,0.080964,-0.032013,-0.014577,7.0062
0.58347,2.1471,0.080963,-0.031997,-0.014464,6.9994
0.58353,2.1471,0.080962,-0.03199,-0.014355,7.0129
0.58358,2.147,0.080962,-0.031981,-0.014272,7.0112
0.58363,2.147,0.080961,-0.031972,-0.01423,7.0112
0.58368,2.147,0.08096,-0.031956,-0.014252,7.0261
0.58374,2.147,0.080959,-0.031938,-0.014307,7.0254
0.58379,2.147,0.080959,-0.031918,-0.014366,7.0215
0.58384,2.147,0.080958,-0.031895,-0.0144,7.0347
0.58389,2.147,0.080957,-0.031885,-0.014381,7.0403
0.58395,2.147,0.080956,-0.031898,-0.014325,7.0298
0.584,2.147,0.080956,-0.031915,-0.014239,7.04
0.58405,2.147,0.080955,-0.031934,-0.014141,7.0506
0.58411,2.147,0.080954,-0.031948,-0.014057,7.0445
0.58416,2.147,0.080953,-0.031949,-0.013967,7.0521
0.58421,2.147,0.080953,-0.031943,-0.013875,7.0634
0.58426,2.147,0.080952,-0.031939,-0.01378,7.0541
0.58432,2.147,0.080951,-0.031943,-0.013686,7.0458
0.58437,2.147,0.080951,-0.03196,-0.013591,7.056
0.58442,2.147,0.08095,-0.031977,-0.01349,7.0485
0.58447,2.147,0.080949,-0.031997,-0.013388,7.0377
0.58453,2.147,0.080948,-0.032028,-0.013281,7.0372
0.58458,2.147,0.080948,-0.032065,-0.01317,7.0411
0.58463,2.147,0.080947,-0.032099,-0.013056,7.0365
0.58468,2.147,0.080946,-0.032128,-0.012941,7.0368
0.58474,2.147,0.080946,-0.032152,-0.012827,7.0527
0.58479,2.147,0.080945,-0.032173,-0.012713,7.0339
0.58484,2.147,0.080944,-0.032192,-0.012596,7.0408
0.58489,2.147,0.080944,-0.032214,-0.012475,7.0441
0.58495,2.147,0.080943,-0.032236,-0.012351,7.0351
0.585,2.147,0.080942,-0.03226,-0.012222,7.0282
0.58505,2.147,0.080942,-0.032281,-0.012073,7.0365
0.58511,2.147,0.080941,-0.032301,-0.011946,7.0335
0.58516,2.147,0.080941,-0.032316,-0.011835,7.0324
0.58521,2.147,0.08094,-0.032327,-0.011721,7.0425
0.58526,2.147,0.080939,-0.032345,-0.011632,7.0462
0.58532,2.147,0.080939,-0.032363,-0.011557,7.0328
0.58537,2.147,0.080938,-0.032383,-0.011483,7.0412
0.58542,2.147,0.080937,-0.032404,-0.011394,7.044
0.58547,2.147,0.080937,-0.032428,-0.011263,7.0319
0.58553,2.147,0.080936,-0.032451,-0.011177,7.0358
0.58558,2.147,0.080936,-0.032475,-0.011052,7.0431
0.58563,2.147,0.080935,-0.032492,-0.010906,7.0334
0.58568,2.147,0.080935,-0.032519,-0.010816,7.0382
0.58574,2.147,0.080934,-0.032557,-0.010736,7.0479
0.58579,2.147,0.080933,-0.0326,-0.010694,7.0414
0.58584,2.147,0.080933,-0.032649,-0.01067,7.0455
0.58589,2.147,0.080932,-0.032707,-0.01064,7.0474
0.58595,2.147,0.080932,-0.032765,-0.010614,7.0374
0.586,2.147,0.080931,-0.032827,-0.010535,7.0289
0.58605,2.147,0.080931,-0.032873,-0.010462,7.035
0.58611,2.147,0.08093,-0.032911,-0.010422,7.0359
0.58616,2.147,0.08093,-0.032933,-0.010399,7.0278
0.58621,2.147,0.080929,-0.032941,-0.010432,7.0395
0.58626,2.147,0.080928,-0.032941,-0.010517,7.0452
0.58632,2.147,0.080928,-0.032931,-0.010608,7.0331
0.58637,2.147,0.080927,-0.032923,-0.010669,7.0417
0.58642,2.147,0.080927,-0.03292,-0.010688,7.0478
0.58647,2.147,0.080926,-0.032927,-0.010702,7.0415
0.58653,2.147,0.080926,-0.032943,-0.010688,7.0361
0.58658,2.147,0.080925,-0.032961,-0.01069,7.0498
0.58663,2.147,0.080925,-0.032991,-0.01069,7.0472
0.58668,2.1469,0.080924,-0.033022,-0.010739,7.0433
0.58674,2.1469,0.080923,-0.033051,-0.010794,7.0514
0.58679,2.1469,0.080923,-0.033089,-0.010835,7.0499
0.58684,2.1469,0.080922,-0.033127,-0.010846,7.0388
0.58689,2.1469,0.080922,-0.033165,-0.010854,7.0379
0.58695,2.1469,0.080921,-0.033201,-0.010829,7.0419
0.587,2.1469,0.080921,-0.033231,-0.010803,7.0258
0.58705,2.1469,0.08092,-0.033262,-0.010753,7.0284
0.58711,2.1469,0.080919,-0.033294,-0.010717,7.0321
0.58716,2.1469,0.080919,-0.033326,-0.010678,7.0263
0.58721,2.1469,0.080918,-0.033355,-0.010634,7.0259
0.58726,2.1469,0.080918,-0.033381,-0.01059,7.0377
0.58732,2.1469,0.080917,-0.033395,-0.010544,7.0301
0.58737,2.1469,0.080917,-0.033412,-0.010496,7.0247
0.58742,2.1469,0.080916,-0.033432,-0.010444,7.0305
0.58747,2.1469,0.080916,-0.033451,-0.010386,7.021
0.58753,2.1469,0.080915,-0.033472,-0.010309,7.0127
0.58758,2.1469,0.080914,-0.033497,-0.010255,7.0135
0.58763,2.1469,0.080914,-0.033528,-0.010218,7.0094
0.58768,2.1469,0.080913,-0.033574,-0.010195,7.0039
0.58774,2.1469,0.080913,-0.033615,-0.01018,7.0105
0.58779,2.1469,0.080912,-0.033654,-0.010164,7.0189
0.58784,2.1469,0.080912,-0.033683,-0.010141,7.0106
0.58789,2.1469,0.080911,-0.033699,-0.010096,7.0128
0.58795,2.1469,0.080911,-0.03371,-0.010027,7.0147
0.588,2.1469,0.08091,-0.033716,-0.0099687,7.0105
0.58805,2.1469,0.08091,-0.033727,-0.0099074,7.0091
0.58811,2.1469,0.080909,-0.033747,-0.0098425,7.0195
0.58816,2.1469,0.080909,-0.03377,-0.0097744,7.0151
0.58821,2.1469,0.080908,-0.033788,-0.0097038,7.0101
0.58826,2.1469,0.080908,-0.033805,-0.0096321,7.0267
0.58832,2.1469,0.080907,-0.033829,-0.0095425,7.0336
0.58837,2.1469,0.080907,-0.03385,-0.0094762,7.018
0.58842,2.1469,0.080906,-0.033864,-0.0094292,7.0281
0.58847,2.1469,0.080906,-0.033881,-0.0093939,7.0348
0.58853,2.1469,0.080905,-0.033909,-0.0093661,7.0247
0.58858,2.1469,0.080905,-0.033945,-0.0093357,7.0213
0.58863,2.1469,0.080904,-0.033978,-0.0092854,7.0293
0.58868,2.1469,0.080904,-0.034006,-0.0092435,7.0249
0.58874,2.1469,0.080903,-0.034025,-0.0091971,7.0237
0.58879,2.1469,0.080903,-0.034038,-0.0091759,7.0323
0.58884,2.1469,0.080902,-0.034046,-0.0091602,7.0265
0.58889,2.1469,0.080902,-0.034055,-0.0091385,7.0249
0.58895,2.1469,0.080901,-0.034068,-0.0091079,7.0345
0.589,2.1469,0.080901,-0.034077,-0.0090563,7.0238
0.58905,2.1469,0.0809,-0.034092,-0.0089836,7.0217
0.58911,2.1469,0.0809,-0.034118,-0.0089245,7.0301
0.58916,2.1469,0.080899,-0.034149,-0.0088669,7.0322
0.58921,2.1469,0.080899,-0.034187,-0.0088087,7.0217
0.58926,2.1469,0.080898,-0.034229,-0.0087465,7.0263
0.58932,2.1469,0.080898,-0.034271,-0.0086844,7.0369
0.58937,2.1469,0.080898,-0.034302,-0.0086255,7.0359
0.58942,2.1469,0.080897,-0.034316,-0.0085545,7.0392
0.58947,2.1469,0.080897,-0.034328,-0.0085102,7.0438
0.58953,2.1469,0.080896,-0.03434,-0.0084853,7.0339
0.58958,2.1469,0.080896,-0.034346,-0.0084565,7.0409
0.58963,2.1468,0.080895,-0.034344,-0.008443,7.0504
0.58968,2.1468,0.080895,-0.034348,-0.0084677,7.0455
0.58974,2.1468,0.080894,-0.034355,-0.0085033,7.0539
0.58979,2.1468,0.080894,-0.034374,-0.0085534,7.0665
0.58984,2.1468,0.080893,-0.034402,-0.0086114,7.0699
0.58989,2.1468,0.080893,-0.034437,-0.0087253,7.0584
0.58995,2.1468,0.080893,-0.03447,-0.0088482,7.0692
0.59,2.1468,0.080892,-0.034493,-0.008945,7.0689
0.59005,2.1468,0.080892,-0.034502,-0.0090263,7.0615
0.59011,2.1468,0.080891,-0.0345,-0.0090922,7.063
0.59016,2.1468,0.080891,-0.034488,-0.0091072,7.0713
0.59021,2.1468,0.08089,-0.034479,-0.0090963,7.0584
0.59026,2.1468,0.08089,-0.034485,-0.0090717,7.061
0.59032,2.1468,0.080889,-0.034497,-0.0090623,7.076
0.59037,2.1468,0.080889,-0.034519,-0.0090541,7.068
0.59042,2.1468,0.080888,-0.034551,-0.0090467,7.0657
0.59047,2.1468,0.080888,-0.034591,-0.0090387,7.0794
0.59053,2.1468,0.080887,-0.034641,-0.0090322,7.0715
0.59058,2.1468,0.080887,-0.034696,-0.0090295,7.0673
0.59063,2.1468,0.080886,-0.034741,-0.0090321,7.072
0.59068,2.1468,0.080886,-0.034781,-0.0090379,7.0701
0.59074,2.1468,0.080885,-0.03481,-0.0090458,7.0585
0.59079,2.1468,0.080885,-0.034828,-0.0090509,7.0769
0.59084,2.1468,0.080884,-0.034826,-0.0090344,7.0793
0.59089,2.1468,0.080884,-0.034818,-0.0090193,7.0735
0.59095,2.1468,0.080884,-0.034807,-0.0090436,7.0795
0.591,2.1468,0.080883,-0.034783,-0.0090997,7.0876
0.59105,2.1468,0.080883,-0.034753,-0.0091768,7.0824
0.59111,2.1468,0.080882,-0.034729,-0.0092618,7.0775
0.59116,2.1468,0.080882,-0.034719,-0.0093377,7.0867
0.59121,2.1468,0.080881,-0.034715,-0.0093882,7.0845
0.59126,2.1468,0.080881,-0.034701,-0.0093959,7.0833
0.59132,2.1468,0.08088,-0.034689,-0.0093888,7.0929
0.59137,2.1468,0.08088,-0.034671,-0.0093963,7.0999
0.59142,2.1468,0.080879,-0.034641,-0.0094029,7.0925
0.59147,2.1468,0.080879,-0.034612,-0.0094157,7.1043
0.59153,2.1468,0.080878,-0.034588,-0.0094308,7.1016
0.59158,2.1468,0.080878,-0.034571,-0.0094484,7.0892
0.59163,2.1468,0.080877,-0.034568,-0.0094672,7.0965
0.59168,2.1468,0.080877,-0.034562,-0.0094902,7.0977
0.59174,2.1468,0.080876,-0.034558,-0.0095116,7.0796
0.59179,2.1468,0.080876,-0.034559,-0.0095347,7.0904
0.59184,2.1468,0.080875,-0.034551,-0.0095578,7.0998
0.59189,2.1468,0.080875,-0.034531,-0.0095877,7.0939
0.59195,2.1468,0.080874,-0.034506,-0.0096197,7.0978
0.592,2.1468,0.080874,-0.034459,-0.0096519,7.1038
0.59205,2.1468,0.080873,-0.034401,-0.0096812,7.0985
0.59211,2.1468,0.080873,-0.034323,-0.0097077,7.0877
0.59216,2.1468,0.080872,-0.034244,-0.0097262,7.0985
0.59221,2.1468,0.080872,-0.034159,-0.0097443,7.0976
0.59226,2.1468,0.080871,-0.034071,-0.0097645,7.0816
0.59232,2.1468,0.080871,-0.034001,-0.0097898,7.0902
0.59237,2.1468,0.08087,-0.033945,-0.00982,7.0967
0.59242,2.1468,0.080869,-0.033886,-0.0098528,7.0896
0.59247,2.1468,0.080869,-0.033829,-0.0098864,7.0947
0.59253,2.1467,0.080868,-0.033775,-0.0099183,7.1055
0.59258,2.1467,0.080868,-0.033729,-0.0099499,7.0961
0.59263,2.1467,0.080867,-0.033678,-0.0099811,7.0938
0.59268,2.1467,0.080867,-0.033638,-0.010013,7.0939
0.59274,2.1467,0.080866,-0.033596,-0.010041,7.0914
0.59279,2.1467,0.080866,-0.033547,-0.010068,7.0912
0.59284,2.1467,0.080865,-0.033498,-0.010096,7.0962
0.59289,2.1467,0.080865,-0.033453,-0.010126,7.0957
0.59295,2.1467,0.080864,-0.033414,-0.010157,7.0854
0.593,2.1467,0.080864,-0.033367,-0.010193,7.0968
0.59305,2.1467,0.080863,-0.033311,-0.010233,7.0965
0.59311,2.1467,0.080863,-0.033241,-0.010277,7.0792
0.59316,2.1467,0.080862,-0.033137,-0.010317,7.0889
0.59321,2.1467,0.080862,-0.033021,-0.010352,7.0998
0.59326,2.1467,0.080861,-0.032897,-0.010384,7.087
0.59332,2.1467,0.08086,-0.032778,-0.010411,7.0848
0.59337,2.1467,0.08086,-0.032674,-0.010437,7.0934
0.59342,2.1467,0.080859,-0.032577,-0.010463,7.0947
0.59347,2.1467,0.080859,-0.032502,-0.010494,7.0935
0.59353,2.1467,0.080858,-0.032436,-0.010526,7.1083
0.59358,2.1467,0.080858,-0.032387,-0.010558,7.0993
0.59363,2.1467,0.080857,-0.032352,-0.010591,7.0884
0.59368,2.1467,0.080857,-0.032313,-0.010624,7.0915
0.59374,2.1467,0.080856,-0.032269,-0.010657,7.0897
0.59379,2.1467,0.080855,-0.032223,-0.010691,7.0829
0.59384,2.1467,0.080855,-0.032179,-0.010723,7.0896
0.59389,2.1467,0.080854,-0.032129,-0.010756,7.0959
0.59395,2.1467,0.080854,-0.032074,-0.010788,7.0876
0.594,2.1467,0.080853,-0.032037,-0.010819,7.0889
0.59405,2.1467,0.080853,-0.032011,-0.010848,7.095
0.59411,2.1467,0.080852,-0.031983,-0.01088,7.0899
0.59416,2.1467,0.080851,-0.031958,-0.010911,7.0863
0.59421,2.1467,0.080851,-0.03194,-0.010942,7.0919
0.59426,2.1467,0.08085,-0.03194,-0.010969,7.0827
0.59432,2.1467,0.08085,-0.031929,-0.010999,7.0794
0.59437,2.1467,0.080849,-0.031908,-0.011032,7.092
0.59442,2.1467,0.080849,-0.031877,-0.011062,7.0876
0.59447,2.1467,0.080848,-0.031833,-0.011089,7.0745
0.59453,2.1467,0.080847,-0.031772,-0.011118,7.0865
0.59458,2.1467,0.080847,-0.03171,-0.011147,7.0904
0.59463,2.1467,0.080846,-0.031656,-0.011175,7.0897
0.59468,2.1467,0.080846,-0.031619,-0.011201,7.0879
0.59474,2.1467,0.080845,-0.031581,-0.011227,7.0942
0.59479,2.1467,0.080844,-0.031544,-0.011254,7.0905
0.59484,2.1467,0.080844,-0.031498,-0.01128,7.0954
0.59489,2.1467,0.080843,-0.03144,-0.011304,7.1032
0.59495,2.1467,0.080843,-0.031373,-0.01133,7.0914
0.595,2.1467,0.080842,-0.031314,-0.011358,7.0931
0.59505,2.1467,0.080841,-0.031265,-0.011388,7.1053
0.59511,2.1467,0.080841,-0.031227,-0.011416,7.0942
0.59516,2.1467,0.08084,-0.0312,-0.011444,7.097
0.59521,2.1467,0.08084,-0.031173,-0.011476,7.0968
0.59526,2.1467,0.080839,-0.031137,-0.01151,7.105
0.59532,2.1467,0.080838,-0.0311,-0.011541,7.0955
0.59537,2.1467,0.080838,-0.031071,-0.011571,7.1112
0.59542,2.1467,0.080837,-0.031049,-0.011597,7.1183
0.59547,2.1467,0.080837,-0.031029,-0.0116,7.1141
0.59553,2.1467,0.080836,-0.03101,-0.011623,7.1205
0.59558,2.1467,0.080835,-0.030998,-0.011664,7.131
0.59563,2.1466,0.080835,-0.030969,-0.011714,7.1216
0.59568,2.1466,0.080834,-0.030922,-0.011771,7.1208
0.59574,2.1466,0.080833,-0.030878,-0.011826,7.1241
0.59579,2.1466,0.080833,-0.030836,-0.011869,7.117
0.59584,2.1466,0.080832,-0.030776,-0.011897,7.111
0.59589,2.1466,0.080832,-0.030713,-0.011895,7.125
0.59595,2.1466,0.080831,-0.03065,-0.011904,7.1302
0.596,2.1466,0.08083,-0.030596,-0.011911,7.1232
0.59605,2.1466,0.08083,-0.030543,-0.011918,7.136
0.59611,2.1466,0.080829,-0.030486,-0.011926,7.1405
0.59616,2.1466,0.080828,-0.030439,-0.011933,7.1192
0.59621,2.1466,0.080828,-0.030399,-0.011924,7.1277
0.59626,2.1466,0.080827,-0.030354,-0.011926,7.1303
0.59632,2.1466,0.080827,-0.030315,-0.011966,7.1149
0.59637,2.1466,0.080826,-0.030278,-0.012031,7.1223
0.59642,2.1466,0.080825,-0.030244,-0.012111,7.1276
0.59647,2.1466,0.080825,-0.030212,-0.012193,7.1203
0.59653,2.1466,0.080824,-0.030184,-0.01226,7.1231
0.59658,2.1466,0.080823,-0.030162,-0.0123,7.1378
0.59663,2.1466,0.080823,-0.030146,-0.012299,7.1335
0.59668,2.1466,0.080822,-0.030131,-0.012288,7.1242
0.59674,2.1466,0.080821,-0.030113,-0.012293,7.1351
0.59679,2.1466,0.080821,-0.030095,-0.012295,7.1274
0.59684,2.1466,0.08082,-0.030073,-0.012292,7.1143
0.59689,2.1466,0.08082,-0.030052,-0.012282,7.1212
0.59695,2.1466,0.080819,-0.030033,-0.012268,7.1279
0.597,2.1466,0.080818,-0.030014,-0.012256,7.115
0.59705,2.1466,0.080818,-0.029996,-0.012245,7.1288
0.59711,2.1466,0.080817,-0.02998,-0.012234,7.1321
0.59716,2.1466,0.080816,-0.029967,-0.012225,7.1193
0.59721,2.1466,0.080816,-0.029957,-0.012213,7.1275
0.59726,2.1466,0.080815,-0.029953,-0.012192,7.1218
0.59732,2.1466,0.080814,-0.029954,-0.012164,7.1161
0.59737,2.1466,0.080814,-0.029955,-0.012136,7.1022
0.59742,2.1466,0.080813,-0.029958,-0.012111,7.1241
0.59747,2.1466,0.080812,-0.029964,-0.012088,7.1242
0.59753,2.1466,0.080812,-0.029971,-0.012063,7.1196
0.59758,2.1466,0.080811,-0.029981,-0.012037,7.1269
0.59763,2.1466,0.080811,-0.029992,-0.012006,7.1318
0.59768,2.1466,0.08081,-0.030006,-0.011973,7.1222
0.59774,2.1466,0.080809,-0.030018,-0.011936,7.1302
0.59779,2.1466,0.080809,-0.030038,-0.011897,7.1324
0.59784,2.1466,0.080808,-0.030062,-0.01186,7.1103
0.59789,2.1466,0.080807,-0.030091,-0.011821,7.1112
0.59795,2.1466,0.080807,-0.030123,-0.011779,7.1153
0.598,2.1466,0.080806,-0.030157,-0.011736,7.1034
0.59805,2.1466,0.080806,-0.030191,-0.011697,7.105
0.59811,2.1466,0.080805,-0.030221,-0.011662,7.1176
0.59816,2.1466,0.080804,-0.030253,-0.01163,7.1135
0.59821,2.1466,0.080804,-0.030293,-0.011597,7.099
0.59826,2.1466,0.080803,-0.030337,-0.011565,7.108
0.59832,2.1466,0.080803,-0.030384,-0.011535,7.102
0.59837,2.1466,0.080802,-0.030436,-0.011502,7.0911
0.59842,2.1466,0.080801,-0.030486,-0.011467,7.0965
0.59847,2.1466,0.080801,-0.030525,-0.011433,7.0982
0.59853,2.1466,0.0808,-0.030556,-0.011401,7.0942
0.59858,2.1466,0.0808,-0.030593,-0.011362,7.0961
0.59863,2.1466,0.080799,-0.030636,-0.011324,7.0971
0.59868,2.1466,0.080798,-0.030695,-0.011286,7.0866
0.59874,2.1466,0.080798,-0.030759,-0.011247,7.0921
0.59879,2.1466,0.080797,-0.030831,-0.011207,7.083
0.59884,2.1466,0.080797,-0.030906,-0.011166,7.0817
0.59889,2.1466,0.080796,-0.030979,-0.011125,7.0734
0.59895,2.1465,0.080795,-0.03106,-0.011087,7.0818
0.599,2.1465,0.080795,-0.031137,-0.011044,7.0789
0.59905,2.1465,0.080794,-0.031206,-0.011003,7.0703
0.59911,2.1465,0.080794,-0.031269,-0.010958,7.084
0.59916,2.1465,0.080793,-0.031327,-0.010909,7.091
0.59921,2.1465,0.080792,-0.03138,-0.010861,7.0787
0.59926,2.1465,0.080792,-0.031433,-0.010814,7.0825
0.59932,2.1465,0.080791,-0.031495,-0.010764,7.0812
0.59937,2.1465,0.080791,-0.031577,-0.01072,7.0725
0.59942,2.1465,0.08079,-0.031662,-0.010678,7.0683
0.59947,2.1465,0.08079,-0.031749,-0.010637,7.073
0.59953,2.1465,0.080789,-0.031845,-0.010592,7.0681
0.59958,2.1465,0.080789,-0.031952,-0.010542,7.0715
0.59963,2.1465,0.080788,-0.032057,-0.01049,7.0777
0.59968,2.1465,0.080787,-0.032162,-0.010433,7.0688
0.59974,2.1465,0.080787,-0.032257,-0.010369,7.0663
0.59979,2.1465,0.080786,-0.032346,-0.010307,7.0757
0.59984,2.1465,0.080786,-0.032427,-0.010249,7.0701
0.59989,2.1465,0.080785,-0.032505,-0.010194,7.0525
0.59995,2.1465,0.080785,-0.032588,-0.010136,7.0569
0.6,2.1465,0.080784,-0.032676,-0.010078,7.0607
0.60005,2.1465,0.080784,-0.03277,-0.010022,7.0491
0.60011,2.1465,0.080783,-0.032874,-0.0099657,7.0557
0.60016,2.1465,0.080783,-0.03298,-0.0099102,7.0631
0.60021,2.1465,0.080782,-0.033079,-0.0098556,7.0589
0.60026,2.1465,0.080782,-0.033179,-0.0098019,7.0563
0.60032,2.1465,0.080781,-0.033272,-0.0097491,7.0647
0.60037,2.1465,0.080781,-0.033356,-0.0096936,7.0566
0.60042,2.1465,0.08078,-0.033429,-0.0096373,7.0499
0.60047,2.1465,0.08078,-0.03349,-0.0095801,7.0657
0.60053,2.1465,0.080779,-0.033539,-0.0095226,7.0644
0.60058,2.1465,0.080779,-0.033593,-0.0094633,7.0655
0.60063,2.1465,0.080778,-0.033639,-0.0093979,7.0769
0.60068,2.1465,0.080778,-0.033695,-0.0093339,7.0806
0.60074,2.1465,0.080777,-0.03376,-0.0092718,7.0771
0.60079,2.1465,0.080777,-0.033842,-0.0092112,7.0828
0.60084,2.1465,0.080776,-0.033926,-0.009155,7.0842
0.60089,2.1465,0.080776,-0.034011,-0.0091041,7.0721
0.60095,2.1465,0.080775,-0.034099,-0.0090556,7.0781
0.601,2.1465,0.080775,-0.034191,-0.0090056,7.0849
0.60105,2.1465,0.080774,-0.034268,-0.0089504,7.0735
0.60111,2.1465,0.080774,-0.034338,-0.0088966,7.0803
0.60116,2.1465,0.080773,-0.034401,-0.0088413,7.0938
0.60121,2.1465,0.080773,-0.034472,-0.0087843,7.0861
0.60126,2.1465,0.080772,-0.034538,-0.0087278,7.0767
0.60132,2.1465,0.080772,-0.034602,-0.0086774,7.089
0.60137,2.1465,0.080771,-0.03467,-0.0086295,7.0859
0.60142,2.1465,0.080771,-0.03473,-0.0085807,7.0723
0.60147,2.1465,0.080771,-0.034778,-0.0085336,7.0801
0.60153,2.1465,0.08077,-0.034816,-0.0084876,7.0784
0.60158,2.1465,0.08077,-0.034846,-0.0084421,7.0667
0.60163,2.1465,0.080769,-0.034879,-0.0083961,7.0811
0.60168,2.1465,0.080769,-0.03491,-0.0083494,7.0882
0.60174,2.1465,0.080768,-0.034933,-0.0083048,7.0815
0.60179,2.1465,0.080768,-0.034963,-0.0082624,7.0794
0.60184,2.1465,0.080767,-0.034996,-0.0082143,7.0876
0.60189,2.1465,0.080767,-0.035022,-0.0081684,7.0848
0.60195,2.1464,0.080767,-0.035056,-0.0081235,7.0824
0.602,2.1464,0.080766,-0.0351,-0.0080797,7.0945
0.60205,2.1464,0.080766,-0.035159,-0.008036,7.0813
0.60211,2.1464,0.080765,-0.035215,-0.0079957,7.0782
0.60216,2.1464,0.080765,-0.035278,-0.0079575,7.0952
0.60221,2.1464,0.080765,-0.035348,-0.0079247,7.0964
0.60226,2.1464,0.080764,-0.035405,-0.0078743,7.0924
0.60232,2.1464,0.080764,-0.035446,-0.0078514,7.0986
0.60237,2.1464,0.080763,-0.035488,-0.0078454,7.0952
0.60242,2.1464,0.080763,-0.03553,-0.0078479,7.0887
0.60247,2.1464,0.080762,-0.035568,-0.0078492,7.0875
0.60253,2.1464,0.080762,-0.035588,-0.007847,7.0987
0.60258,2.1464,0.080762,-0.035601,-0.0078353,7.0928
0.60263,2.1464,0.080761,-0.035593,-0.0078086,7.0986
0.60268,2.1464,0.080761,-0.035571,-0.0077584,7.1142
0.60274,2.1464,0.08076,-0.03555,-0.0077261,7.1147
0.60279,2.1464,0.08076,-0.035538,-0.007693,7.1013
0.60284,2.1464,0.08076,-0.035533,-0.0076592,7.115
0.60289,2.1464,0.080759,-0.035534,-0.0076115,7.1098
0.60295,2.1464,0.080759,-0.035543,-0.0075893,7.097
0.603,2.1464,0.080758,-0.035547,-0.0075837,7.1023
0.60305,2.1464,0.080758,-0.035553,-0.0075848,7.1046
0.60311,2.1464,0.080758,-0.035578,-0.0075918,7.0953
0.60316,2.1464,0.080757,-0.035617,-0.0075948,7.1116
0.60321,2.1464,0.080757,-0.035681,-0.0075737,7.1174
0.60326,2.1464,0.080756,-0.035752,-0.0075661,7.1144
0.60332,2.1464,0.080756,-0.035824,-0.0075548,7.1129
0.60337,2.1464,0.080756,-0.035892,-0.007569,7.1181
0.60342,2.1464,0.080755,-0.035939,-0.0075805,7.1031
0.60347,2.1464,0.080755,-0.035989,-0.0075841,7.0909
0.60353,2.1464,0.080754,-0.036029,-0.0075745,7.0979
0.60358,2.1464,0.080754,-0.036062,-0.0075265,7.0836
0.60363,2.1464,0.080754,-0.0361,-0.0074804,7.0797
0.60368,2.1464,0.080753,-0.036135,-0.0074714,7.0865
0.60374,2.1464,0.080753,-0.03617,-0.0074707,7.0844
0.60379,2.1464,0.080752,-0.036189,-0.0074748,7.079
0.60384,2.1464,0.080752,-0.036214,-0.0074717,7.0788
0.60389,2.1464,0.080752,-0.036247,-0.0074588,7.077
0.60395,2.1464,0.080751,-0.03627,-0.0074109,7.0642
0.604,2.1464,0.080751,-0.036285,-0.0073614,7.0657
0.60405,2.1464,0.080751,-0.036303,-0.0073442,7.0661
0.60411,2.1464,0.08075,-0.036321,-0.0073379,7.0579
0.60416,2.1464,0.08075,-0.036331,-0.007335,7.0553
0.60421,2.1464,0.080749,-0.036313,-0.0073295,7.0648
0.60426,2.1464,0.080749,-0.036305,-0.0073113,7.06
0.60432,2.1464,0.080749,-0.036297,-0.0072742,7.047
0.60437,2.1464,0.080748,-0.036293,-0.0072125,7.0587
0.60442,2.1464,0.080748,-0.03629,-0.0071667,7.0532
0.60447,2.1464,0.080747,-0.036304,-0.0071038,7.048
0.60453,2.1464,0.080747,-0.036315,-0.007067,7.0529
0.60458,2.1464,0.080747,-0.036322,-0.007048,7.0575
0.60463,2.1464,0.080746,-0.036315,-0.0070395,7.0486
0.60468,2.1464,0.080746,-0.036318,-0.0070325,7.0525
0.60474,2.1463,0.080746,-0.036326,-0.0070185,7.0613
0.60479,2.1463,0.080745,-0.036347,-0.0069776,7.0559
0.60484,2.1463,0.080745,-0.036386,-0.006928,7.0534
0.60489,2.1463,0.080745,-0.03644,-0.0068806,7.0609
0.60495,2.1463,0.080744,-0.036482,-0.0069017,7.0534
0.605,2.1463,0.080744,-0.036515,-0.0069344,7.0539
0.60505,2.1463,0.080743,-0.036536,-0.0069854,7.0604
0.60511,2.1463,0.080743,-0.036537,-0.0070457,7.0507
0.60516,2.1463,0.080743,-0.036525,-0.0071189,7.047
0.60521,2.1463,0.080742,-0.036514,-0.0071455,7.0572
0.60526,2.1463,0.080742,-0.03651,-0.0071721,7.0547
0.60532,2.1463,0.080742,-0.036501,-0.0071759,7.0529
0.60537,2.1463,0.080741,-0.036489,-0.0071799,7.0732
0.60542,2.1463,0.080741,-0.036486,-0.0071594,7.0711
0.60547,2.1463,0.08074,-0.036487,-0.0071438,7.0552
0.60553,2.1463,0.08074,-0.036482,-0.0071415,7.0616
0.60558,2.1463,0.08074,-0.036489,-0.0071679,7.0663
0.60563,2.1463,0.080739,-0.036507,-0.0071888,7.0535
0.60568,2.1463,0.080739,-0.036524,-0.0072242,7.0575
0.60574,2.1463,0.080739,-0.036534,-0.0072367,7.0691
0.60579,2.1463,0.080738,-0.036547,-0.0072414,7.0688
0.60584,2.1463,0.080738,-0.03655,-0.0072417,7.0652
0.60589,2.1463,0.080737,-0.036551,-0.0072393,7.0795
0.60595,2.1463,0.080737,-0.036548,-0.0072292,7.0824
0.606,2.1463,0.080737,-0.036546,-0.0072137,7.0764
0.60605,2.1463,0.080736,-0.036558,-0.007191,7.0826
0.60611,2.1463,0.080736,-0.036564,-0.0071578,7.0853
0.60616,2.1463,0.080735,-0.036578,-0.007125,7.0792
0.60621,2.1463,0.080735,-0.036598,-0.0070692,7.0946
0.60626,2.1463,0.080735,-0.036623,-0.0069605,7.1028
0.60632,2.1463,0.080734,-0.036664,-0.0068179,7.0981
0.60637,2.1463,0.080734,-0.036719,-0.0066558,7.1096
0.60642,2.1463,0.080734,-0.036768,-0.006512,7.1157
0.60647,2.1463,0.080733,-0.036817,-0.0063599,7.1045
0.60653,2.1463,0.080733,-0.036857,-0.006221,7.1043
0.60658,2.1463,0.080733,-0.036898,-0.0061069,7.1189
0.60663,2.1463,0.080732,-0.036944,-0.0059942,7.1155
0.60668,2.1463,0.080732,-0.036997,-0.0058772,7.1053
0.60674,2.1463,0.080732,-0.037056,-0.00574,7.1211
0.60679,2.1463,0.080731,-0.037113,-0.0056008,7.1197
0.60684,2.1463,0.080731,-0.037148,-0.0054766,7.1193
0.60689,2.1463,0.080731,-0.037173,-0.0053319,7.125
0.60695,2.1463,0.080731,-0.037193,-0.0051871,7.1209
0.607,2.1463,0.08073,-0.037202,-0.0050422,7.1145
0.60705,2.1463,0.08073,-0.037221,-0.0049087,7.1202
0.60711,2.1463,0.08073,-0.037245,-0.0047914,7.1256
0.60716,2.1463,0.08073,-0.03727,-0.0046528,7.113
0.60721,2.1463,0.080729,-0.037294,-0.0045138,7.1142
0.60726,2.1463,0.080729,-0.037315,-0.0043886,7.1299
0.60732,2.1463,0.080729,-0.037338,-0.0042342,7.1272
0.60737,2.1463,0.080729,-0.037366,-0.004061,7.1229
0.60742,2.1463,0.080729,-0.037388,-0.0038746,7.1358
0.60747,2.1462,0.080728,-0.03742,-0.0036838,7.1286
0.60753,2.1462,0.080728,-0.037449,-0.0034921,7.1296
0.60758,2.1462,0.080728,-0.037474,-0.0033093,7.1382
0.60763,2.1462,0.080728,-0.037492,-0.0031529,7.1322
0.60768,2.1462,0.080728,-0.037509,-0.0030049,7.1305
0.60774,2.1462,0.080727,-0.037524,-0.0028074,7.1393
0.60779,2.1462,0.080727,-0.037542,-0.0025578,7.1473
0.60784,2.1462,0.080727,-0.037561,-0.002279,7.1375
0.60789,2.1462,0.080727,-0.037584,-0.0019951,7.1378
0.60795,2.1462,0.080727,-0.037616,-0.0017261,7.1464
0.608,2.1462,0.080727,-0.037653,-0.0014904,7.134
0.60805,2.1462,0.080727,-0.037705,-0.0013015,7.1319
0.60811,2.1462,0.080727,-0.037777,-0.0011357,7.1311
0.60816,2.1462,0.080727,-0.037867,-0.00097581,7.1277
0.60821,2.1462,0.080727,-0.037964,-0.0007998,7.1176
0.60826,2.1462,0.080727,-0.038061,-0.00062064,7.1289
0.60832,2.1462,0.080727,-0.038148,-0.00043989,7.1287
0.60837,2.1462,0.080727,-0.03823,-0.00025802,7.123
0.60842,2.1462,0.080727,-0.0383,-6.6702e-05,7.1347
0.60847,2.1462,0.080727,-0.038372,0.00012835,7.1308
0.60853,2.1462,0.080727,-0.038443,0.0003237,7.1205
0.60858,2.1462,0.080727,-0.038527,0.00052408,7.1265
0.60863,2.1462,0.080727,-0.038601,0.00072729,7.1301
0.60868,2.1462,0.080727,-0.038658,0.00093353,7.121
0.60874,2.1462,0.080727,-0.038705,0.0011429,7.1177
0.60879,2.1462,0.080727,-0.038739,0.0013519,7.1354
0.60884,2.1462,0.080727,-0.038771,0.0015671,7.134
0.60889,2.1462,0.080727,-0.038816,0.001784,7.1289
0.60895,2.1462,0.080727,-0.038869,0.0020011,7.1473
0.609,2.1462,0.080727,-0.038947,0.0022226,7.1409
0.60905,2.1462,0.080727,-0.039029,0.0024447,7.1305
0.60911,2.1462,0.080728,-0.039114,0.0026643,7.1414
0.60916,2.1462,0.080728,-0.0392,0.0028848,7.1443
0.60921,2.1462,0.080728,-0.039272,0.0031051,7.1297
0.60926,2.1462,0.080728,-0.03934,0.0033273,7.1377
0.60932,2.1462,0.080728,-0.039401,0.0035575,7.1465
0.60937,2.1462,0.080728,-0.039449,0.0037922,7.1395
0.60942,2.1462,0.080729,-0.039495,0.004029,7.141
0.60947,2.1462,0.080729,-0.039538,0.004264,7.1493
0.60953,2.1462,0.080729,-0.039583,0.0044973,7.1441
0.60958,2.1462,0.080729,-0.039626,0.004729,7.1377
0.60963,2.1462,0.08073,-0.039669,0.0049585,7.1404
0.60968,2.1462,0.08073,-0.039711,0.0051715,7.133
0.60974,2.1462,0.08073,-0.039751,0.0054096,7.1321
0.60979,2.1462,0.080731,-0.039791,0.0056639,7.1372
0.60984,2.1462,0.080731,-0.039832,0.0059287,7.1346
0.60989,2.1462,0.080731,-0.03987,0.0061953,7.128
0.60995,2.1462,0.080731,-0.039904,0.0064574,7.1355
0.61,2.1462,0.080732,-0.039931,0.0067104,7.1474
0.61005,2.1461,0.080732,-0.03995,0.0069421,7.1334
0.61011,2.1461,0.080733,-0.039964,0.0071485,7.1361
0.61016,2.1461,0.080733,-0.039981,0.0073516,7.1368
0.61021,2.1461,0.080733,-0.039998,0.0075656,7.1279
0.61026,2.1461,0.080734,-0.04002,0.0078075,7.1296
0.61032,2.1461,0.080734,-0.040046,0.0080969,7.1428
0.61037,2.1461,0.080735,-0.040076,0.0084135,7.1419
0.61042,2.1461,0.080735,-0.040104,0.008732,7.137
0.61047,2.1461,0.080736,-0.040127,0.0090323,7.1501
0.61053,2.1461,0.080736,-0.040151,0.0092985,7.1437
0.61058,2.1461,0.080737,-0.040177,0.009504,7.1427
0.61063,2.1461,0.080737,-0.0402,0.0096846,7.1487
0.61068,2.1461,0.080738,-0.040224,0.0098559,7.1493
0.61074,2.1461,0.080738,-0.040247,0.010039,7.133
0.61079,2.1461,0.080739,-0.040276,0.010222,7.1386
0.61084,2.1461,0.080739,-0.040304,0.010403,7.1434
0.61089,2.1461,0.08074,-0.04033,0.010587,7.1337
0.61095,2.1461,0.08074,-0.040356,0.010773,7.1345
0.611,2.1461,0.080741,-0.040386,0.010953,7.1439
0.61105,2.1461,0.080742,-0.040416,0.011114,7.1342
0.61111,2.1461,0.080742,-0.040444,0.011279,7.1278
0.61116,2.1461,0.080743,-0.040466,0.011461,7.1388
0.61121,2.1461,0.080743,-0.040486,0.011671,7.1257
0.61126,2.1461,0.080744,-0.040501,0.011935,7.1145
0.61132,2.1461,0.080745,-0.040508,0.012221,7.1224
0.61137,2.1461,0.080745,-0.040512,0.0125,7.1189
0.61142,2.1461,0.080746,-0.040517,0.012743,7.1104
0.61147,2.1461,0.080747,-0.040521,0.012923,7.1229
0.61153,2.1461,0.080747,-0.040523,0.013062,7.1241
0.61158,2.1461,0.080748,-0.040523,0.013175,7.1112
0.61163,2.1461,0.080749,-0.040523,0.013273,7.1229
0.61168,2.1461,0.080749,-0.04052,0.013384,7.1351
0.61174,2.1461,0.08075,-0.040516,0.013496,7.1223
0.61179,2.1461,0.080751,-0.040511,0.013597,7.1263
0.61184,2.1461,0.080752,-0.040504,0.013696,7.1485
0.61189,2.1461,0.080752,-0.040495,0.013791,7.1437
0.61195,2.1461,0.080753,-0.040488,0.013881,7.1503
0.612,2.1461,0.080754,-0.040475,0.013966,7.1657
0.61205,2.1461,0.080754,-0.040456,0.014043,7.1653
0.61211,2.1461,0.080755,-0.040435,0.014114,7.1609
0.61216,2.1461,0.080756,-0.040412,0.014188,7.1742
0.61221,2.1461,0.080757,-0.040386,0.014243,7.1702
0.61226,2.1461,0.080757,-0.040364,0.014327,7.1628
0.61232,2.1461,0.080758,-0.040346,0.014427,7.1666
0.61237,2.1461,0.080759,-0.04033,0.014534,7.17
0.61242,2.1461,0.08076,-0.040311,0.014641,7.1629
0.61247,2.1461,0.080761,-0.040295,0.014742,7.1692
0.61253,2.146,0.080761,-0.040282,0.014832,7.1775
0.61258,2.146,0.080762,-0.040274,0.014903,7.1699
0.61263,2.146,0.080763,-0.040271,0.014946,7.1726
0.61268,2.146,0.080764,-0.040274,0.015001,7.1824
0.61274,2.146,0.080764,-0.040273,0.01505,7.1664
0.61279,2.146,0.080765,-0.040259,0.015093,7.1582
0.61284,2.146,0.080766,-0.040236,0.015117,7.1738
0.61289,2.146,0.080767,-0.040211,0.015163,7.1705
0.61295,2.146,0.080768,-0.040194,0.015226,7.1639
0.613,2.146,0.080768,-0.040185,0.015294,7.1737
0.61305,2.146,0.080769,-0.040187,0.015365,7.1768
0.61311,2.146,0.08077,-0.0402,0.015431,7.1695
0.61316,2.146,0.080771,-0.040201,0.015469,7.1801
0.61321,2.146,0.080772,-0.040193,0.015514,7.1821
0.61326,2.146,0.080773,-0.040178,0.015547,7.1723
0.61332,2.146,0.080773,-0.040165,0.015602,7.1704
0.61337,2.146,0.080774,-0.040155,0.015658,7.181
0.61342,2.146,0.080775,-0.040141,0.015702,7.173
0.61347,2.146,0.080776,-0.040126,0.01573,7.169
0.61353,2.146,0.080777,-0.040114,0.015718,7.1826
0.61358,2.146,0.080777,-0.040092,0.015704,7.1831
0.61363,2.146,0.080778,-0.040077,0.01572,7.1728
0.61368,2.146,0.080779,-0.040062,0.015743,7.1808
0.61374,2.146,0.08078,-0.040056,0.015767,7.174
0.61379,2.146,0.080781,-0.040041,0.015785,7.1577
0.61384,2.146,0.080782,-0.040021,0.01579,7.1686
0.61389,2.146,0.080782,-0.039988,0.015754,7.1712
0.61395,2.146,0.080783,-0.039952,0.015708,7.1614
0.614,2.146,0.080784,-0.039911,0.015691,7.1636
0.61405,2.146,0.080785,-0.039874,0.01568,7.1702
0.61411,2.146,0.080786,-0.039839,0.015668,7.1578
0.61416,2.146,0.080787,-0.039817,0.015652,7.1546
0.61421,2.146,0.080787,-0.039795,0.015625,7.1622
0.61426,2.146,0.080788,-0.039784,0.015578,7.1512
0.61432,2.146,0.080789,-0.03977,0.015497,7.1425
0.61437,2.146,0.08079,-0.03976,0.015425,7.1548
0.61442,2.146,0.080791,-0.039745,0.015328,7.1519
0.61447,2.146,0.080791,-0.039734,0.015249,7.1442
0.61453,2.146,0.080792,-0.039725,0.015184,7.1552
0.61458,2.146,0.080793,-0.039718,0.015127,7.1619
0.61463,2.146,0.080794,-0.039714,0.015071,7.1562
0.61468,2.146,0.080795,-0.03971,0.015009,7.1632
0.61474,2.146,0.080795,-0.039696,0.014914,7.1621
0.61479,2.146,0.080796,-0.039666,0.014806,7.1541
0.61484,2.146,0.080797,-0.039626,0.014692,7.1515
0.61489,2.146,0.080798,-0.039591,0.014645,7.1561
0.61495,2.146,0.080799,-0.03955,0.014614,7.1443
0.615,2.146,0.080799,-0.039513,0.014605,7.1427
0.61505,2.1459,0.0808,-0.039481,0.014614,7.1595
0.61511,2.1459,0.080801,-0.039454,0.014647,7.1506
0.61516,2.1459,0.080802,-0.039428,0.014638,7.1433
0.61521,2.1459,0.080802,-0.039399,0.014632,7.1513
0.61526,2.1459,0.080803,-0.039373,0.014606,7.1423
0.61532,2.1459,0.080804,-0.039356,0.014584,7.1272
0.61537,2.1459,0.080805,-0.039335,0.014539,7.1257
0.61542,2.1459,0.080805,-0.039319,0.014502,7.1225
0.61547,2.1459,0.080806,-0.039307,0.014485,7.1164
0.61553,2.1459,0.080807,-0.039292,0.014504,7.1147
0.61558,2.1459,0.080808,-0.03927,0.014529,7.1154
0.61563,2.1459,0.080808,-0.03924,0.014581,7.1082
0.61568,2.1459,0.080809,-0.039203,0.014618,7.1073
0.61574,2.1459,0.08081,-0.039162,0.01466,7.1147
0.61579,2.1459,0.080811,-0.039128,0.014704,7.1044
0.61584,2.1459,0.080812,-0.039097,0.014755,7.1068
0.61589,2.1459,0.080812,-0.039076,0.014804,7.1102
0.61595,2.1459,0.080813,-0.039059,0.014856,7.117
0.616,2.1459,0.080814,-0.039047,0.014911,7.1111
0.61605,2.1459,0.080815,-0.03905,0.014969,7.1223
0.61611,2.1459,0.080815,-0.039053,0.015038,7.1277
0.61616,2.1459,0.080816,-0.039053,0.015099,7.1205
0.61621,2.1459,0.080817,-0.039049,0.015117,7.1284
0.61626,2.1459,0.080818,-0.03903,0.015105,7.1299
0.61632,2.1459,0.080819,-0.038995,0.015075,7.1225
0.61637,2.1459,0.080819,-0.038973,0.015062,7.1192
0.61642,2.1459,0.08082,-0.038957,0.01504,7.1237
0.61647,2.1459,0.080821,-0.038949,0.015032,7.1062
0.61653,2.1459,0.080822,-0.038937,0.015052,7.1068
0.61658,2.1459,0.080823,-0.038914,0.015078,7.1197
0.61663,2.1459,0.080823,-0.038874,0.015105,7.1097
0.61668,2.1459,0.080824,-0.038826,0.015114,7.0968
0.61674,2.1459,0.080825,-0.038784,0.015122,7.1068
0.61679,2.1459,0.080826,-0.038765,0.015147,7.1025
0.61684,2.1459,0.080827,-0.038762,0.015154,7.0897
0.61689,2.1459,0.080827,-0.038773,0.015164,7.0943
0.61695,2.1459,0.080828,-0.038803,0.015184,7.1
0.617,2.1459,0.080829,-0.038826,0.01522,7.0885
0.61705,2.1459,0.08083,-0.038843,0.015282,7.0967
0.61711,2.1459,0.080831,-0.038867,0.015326,7.1134
0.61716,2.1459,0.080831,-0.038895,0.015374,7.108
0.61721,2.1459,0.080832,-0.038918,0.015441,7.1076
0.61726,2.1459,0.080833,-0.038942,0.015484,7.1185
0.61732,2.1459,0.080834,-0.038959,0.015515,7.1098
0.61737,2.1459,0.080835,-0.038977,0.015539,7.1112
0.61742,2.1459,0.080836,-0.038983,0.015558,7.119
0.61747,2.1459,0.080836,-0.038994,0.015579,7.1177
0.61753,2.1459,0.080837,-0.039016,0.015608,7.1154
0.61758,2.1458,0.080838,-0.039049,0.015668,7.1325
0.61763,2.1458,0.080839,-0.039089,0.015741,7.1378
0.61768,2.1458,0.08084,-0.039137,0.015769,7.1342
0.61774,2.1458,0.08084,-0.039187,0.015749,7.1429
0.61779,2.1458,0.080841,-0.039242,0.015695,7.1454
0.61784,2.1458,0.080842,-0.039298,0.015629,7.1316
0.61789,2.1458,0.080843,-0.039351,0.015574,7.1311
0.61795,2.1458,0.080844,-0.039404,0.015551,7.1366
0.618,2.1458,0.080845,-0.039444,0.015577,7.1269
0.61805,2.1458,0.080845,-0.039466,0.015628,7.1256
0.61811,2.1458,0.080846,-0.039471,0.015689,7.1306
0.61816,2.1458,0.080847,-0.039467,0.015739,7.1324
0.61821,2.1458,0.080848,-0.03946,0.015791,7.1206
0.61826,2.1458,0.080849,-0.039461,0.015844,7.1297
0.61832,2.1458,0.08085,-0.039465,0.015899,7.123
0.61837,2.1458,0.08085,-0.039481,0.015956,7.1186
0.61842,2.1458,0.080851,-0.039495,0.016014,7.1242
0.61847,2.1458,0.080852,-0.039509,0.016072,7.1249
0.61853,2.1458,0.080853,-0.039509,0.01613,7.1089
0.61858,2.1458,0.080854,-0.039517,0.016194,7.115
0.61863,2.1458,0.080855,-0.03954,0.016257,7.1285
0.61868,2.1458,0.080855,-0.039576,0.016322,7.1238
0.61874,2.1458,0.080856,-0.039627,0.016387,7.1297
0.61879,2.1458,0.080857,-0.039682,0.016454,7.1388
0.61884,2.1458,0.080858,-0.039726,0.016522,7.1318
0.61889,2.1458,0.080859,-0.039764,0.01659,7.129
0.61895,2.1458,0.08086,-0.039776,0.016659,7.1412
0.619,2.1458,0.080861,-0.039782,0.016729,7.141
0.61905,2.1458,0.080862,-0.039782,0.0168,7.1374
0.61911,2.1458,0.080862,-0.039777,0.016871,7.1478
0.61916,2.1458,0.080863,-0.039783,0.016943,7.1566
0.61921,2.1458,0.080864,-0.039791,0.017016,7.1518
0.61926,2.1458,0.080865,-0.039804,0.017089,7.1604
0.61932,2.1458,0.080866,-0.039829,0.017164,7.1589
0.61937,2.1458,0.080867,-0.039856,0.017242,7.143
0.61942,2.1458,0.080868,-0.039884,0.017322,7.1471
0.61947,2.1458,0.080869,-0.039912,0.017403,7.1461
0.61953,2.1458,0.08087,-0.039939,0.017485,7.1332
0.61958,2.1458,0.080871,-0.039967,0.017567,7.1273
0.61963,2.1458,0.080872,-0.039995,0.017663,7.1371
0.61968,2.1458,0.080873,-0.040024,0.017735,7.1283
0.61974,2.1458,0.080873,-0.040053,0.01779,7.1235
0.61979,2.1458,0.080874,-0.04008,0.017834,7.1341
0.61984,2.1458,0.080875,-0.040109,0.017873,7.1333
0.61989,2.1458,0.080876,-0.040142,0.017913,7.1245
0.61995,2.1458,0.080877,-0.040181,0.017962,7.1328
0.62,2.1458,0.080878,-0.040227,0.018029,7.1268
0.62005,2.1458,0.080879,-0.040282,0.018123,7.1188
0.62011,2.1457,0.08088,-0.04034,0.018218,7.1298
0.62016,2.1457,0.080881,-0.040397,0.018306,7.136
0.62021,2.1457,0.080882,-0.040455,0.018367,7.1272
0.62026,2.1457,0.080883,-0.040509,0.018373,7.1263
0.62032,2.1457,0.080884,-0.040561,0.018338,7.1338
0.62037,2.1457,0.080885,-0.040616,0.018284,7.1219
0.62042,2.1457,0.080886,-0.04067,0.018238,7.1156
0.62047,2.1457,0.080887,-0.040725,0.01822,7.1201
0.62053,2.1457,0.080888,-0.040773,0.018253,7.1135
0.62058,2.1457,0.080889,-0.040816,0.018315,7.1037
0.62063,2.1457,0.08089,-0.040858,0.018392,7.1199
0.62068,2.1457,0.080891,-0.040895,0.018452,7.1196
0.62074,2.1457,0.080892,-0.04093,0.018509,7.1163
0.62079,2.1457,0.080893,-0.04096,0.018565,7.117
0.62084,2.1457,0.080894,-0.040989,0.018619,7.1215
0.62089,2.1457,0.080895,-0.041015,0.018672,7.1073
0.62095,2.1457,0.080896,-0.041034,0.018725,7.1042
0.621,2.1457,0.080897,-0.041051,0.018799,7.1019
0.62105,2.1457,0.080898,-0.041069,0.018868,7.0883
0.62111,2.1457,0.080899,-0.041094,0.018911,7.0888
0.62116,2.1457,0.0809,-0.041121,0.018916,7.0979
0.62121,2.1457,0.080901,-0.04115,0.01886,7.0912
0.62126,2.1457,0.080902,-0.041185,0.018766,7.0885
0.62132,2.1457,0.080903,-0.041221,0.018662,7.0976
0.62137,2.1457,0.080904,-0.041255,0.01858,7.0965
0.62142,2.1457,0.080904,-0.041289,0.018552,7.0909
0.62147,2.1457,0.080905,-0.041322,0.018557,7.1004
0.62153,2.1457,0.080906,-0.041356,0.018586,7.1007
0.62158,2.1457,0.080907,-0.041389,0.018621,7.0922
0.62163,2.1457,0.080908,-0.041423,0.01864,7.1136
0.62168,2.1457,0.080909,-0.041456,0.018656,7.1158
0.62174,2.1457,0.08091,-0.041488,0.018676,7.1086
0.62179,2.1457,0.080911,-0.041521,0.018699,7.1123
0.62184,2.1457,0.080912,-0.041553,0.018723,7.1301
0.62189,2.1457,0.080913,-0.041582,0.018749,7.1191
0.62195,2.1457,0.080914,-0.041616,0.018775,7.1171
0.622,2.1457,0.080915,-0.041653,0.018807,7.1259
0.62205,2.1457,0.080916,-0.041691,0.01884,7.1123
0.62211,2.1457,0.080917,-0.04173,0.018871,7.1048
0.62216,2.1457,0.080918,-0.041771,0.018903,7.1145
0.62221,2.1457,0.080919,-0.041806,0.018926,7.1211
0.62226,2.1457,0.08092,-0.041835,0.018944,7.1168
0.62232,2.1457,0.080921,-0.041858,0.018962,7.1225
0.62237,2.1457,0.080922,-0.041882,0.018983,7.1224
0.62242,2.1457,0.080923,-0.041906,0.01901,7.1175
0.62247,2.1457,0.080924,-0.04193,0.019039,7.1244
0.62253,2.1456,0.080925,-0.041957,0.019066,7.1251
0.62258,2.1456,0.080926,-0.041986,0.019089,7.1117
0.62263,2.1456,0.080927,-0.042013,0.019107,7.1043
0.62268,2.1456,0.080928,-0.04204,0.019122,7.1166
0.62274,2.1456,0.080929,-0.042066,0.019136,7.1162
0.62279,2.1456,0.08093,-0.042091,0.019152,7.1115
0.62284,2.1456,0.080931,-0.042116,0.019173,7.1262
0.62289,2.1456,0.080932,-0.04214,0.019196,7.1305
0.62295,2.1456,0.080933,-0.042164,0.019223,7.1241
0.623,2.1456,0.080934,-0.042187,0.019251,7.1352
0.62305,2.1456,0.080935,-0.042207,0.019279,7.1398
0.62311,2.1456,0.080936,-0.04223,0.019306,7.1362
0.62316,2.1456,0.080937,-0.042257,0.019332,7.1537
0.62321,2.1456,0.080938,-0.042284,0.019355,7.1595
0.62326,2.1456,0.080939,-0.042313,0.019374,7.1582
0.62332,2.1456,0.08094,-0.04234,0.019388,7.1635
0.62337,2.1456,0.080941,-0.042365,0.019401,7.1781
0.62342,2.1456,0.080943,-0.042386,0.019413,7.1675
0.62347,2.1456,0.080944,-0.042402,0.019425,7.1716
0.62353,2.1456,0.080945,-0.042419,0.019436,7.177
0.62358,2.1456,0.080946,-0.042436,0.019451,7.167
0.62363,2.1456,0.080947,-0.042452,0.019469,7.1632
0.62368,2.1456,0.080948,-0.042465,0.019486,7.1728
0.62374,2.1456,0.080949,-0.042481,0.019499,7.1665
0.62379,2.1456,0.08095,-0.042497,0.01951,7.1694
0.62384,2.1456,0.080951,-0.042519,0.019519,7.1756
0.62389,2.1456,0.080952,-0.042544,0.019526,7.1786
0.62395,2.1456,0.080953,-0.042571,0.01953,7.1658
0.624,2.1456,0.080954,-0.042596,0.019538,7.1656
0.62405,2.1456,0.080955,-0.042617,0.019549,7.1716
0.62411,2.1456,0.080956,-0.042631,0.019564,7.165
0.62416,2.1456,0.080957,-0.042643,0.01958,7.1573
0.62421,2.1456,0.080958,-0.04265,0.019598,7.1723
0.62426,2.1456,0.080959,-0.042659,0.01962,7.1685
0.62432,2.1456,0.08096,-0.042666,0.019641,7.1758
0.62437,2.1456,0.080961,-0.042673,0.019661,7.1799
0.62442,2.1456,0.080962,-0.042679,0.019678,7.1786
0.62447,2.1456,0.080963,-0.042683,0.019693,7.1723
0.62453,2.1456,0.080964,-0.042687,0.019704,7.184
0.62458,2.1456,0.080965,-0.042687,0.019712,7.1841
0.62463,2.1456,0.080966,-0.042687,0.01972,7.1761
0.62468,2.1456,0.080967,-0.042692,0.019729,7.1872
0.62474,2.1456,0.080968,-0.042705,0.019737,7.1927
0.62479,2.1456,0.080969,-0.042724,0.019748,7.1839
0.62484,2.1456,0.08097,-0.042742,0.019761,7.1906
0.62489,2.1455,0.080971,-0.042763,0.019776,7.203
0.62495,2.1455,0.080972,-0.042778,0.019791,7.1945
0.625,2.1455,0.080973,-0.042789,0.019807,7.1912
0.62505,2.1455,0.080975,-0.042799,0.019827,7.1959
0.62511,2.1455,0.080976,-0.042808,0.019844,7.1923
0.62516,2.1455,0.080977,-0.042818,0.01986,7.1789
0.62521,2.1455,0.080978,-0.042823,0.019878,7.1834
0.62526,2.1455,0.080979,-0.042821,0.019891,7.1849
0.62532,2.1455,0.08098,-0.042817,0.019904,7.1812
0.62537,2.1455,0.080981,-0.042808,0.019912,7.1879
0.62542,2.1455,0.080982,-0.042797,0.019919,7.1904
0.62547,2.1455,0.080983,-0.042787,0.019922,7.1801
0.62553,2.1455,0.080984,-0.04278,0.01992,7.184
0.62558,2.1455,0.080985,-0.04278,0.019913,7.1808
0.62563,2.1455,0.080986,-0.042786,0.01991,7.17
0.62568,2.1455,0.080987,-0.0428,0.019904,7.1727
0.62574,2.1455,0.080988,-0.042818,0.019904,7.1793
0.62579,2.1455,0.080989,-0.042839,0.019909,7.1746
0.62584,2.1455,0.08099,-0.04286,0.01992,7.1769
0.62589,2.1455,0.080991,-0.04288,0.019938,7.1851
0.62595,2.1455,0.080992,-0.042892,0.019961,7.1842
0.626,2.1455,0.080993,-0.042898,0.019982,7.175
0.62605,2.1455,0.080994,-0.042902,0.020005,7.1859
0.62611,2.1455,0.080995,-0.042908,0.020038,7.185
0.62616,2.1455,0.080997,-0.042914,0.020043,7.1741
0.62621,2.1455,0.080998,-0.04292,0.020026,7.1838
0.62626,2.1455,0.080999,-0.042927,0.019996,7.1894
0.62632,2.1455,0.081,-0.042925,0.019966,7.1828
0.62637,2.1455,0.081001,-0.042916,0.019941,7.183
0.62642,2.1455,0.081002,-0.042907,0.01994,7.1926
0.62647,2.1455,0.081003,-0.042899,0.019929,7.1856
0.62653,2.1455,0.081004,-0.042897,0.019927,7.1807
0.62658,2.1455,0.081005,-0.042903,0.019903,7.1898
0.62663,2.1455,0.081006,-0.04291,0.019879,7.1759
0.62668,2.1455,0.081007,-0.042912,0.019858,7.162
0.62674,2.1455,0.081008,-0.04291,0.019868,7.1775
0.62679,2.1455,0.081009,-0.042906,0.019871,7.1682
0.62684,2.1455,0.08101,-0.042896,0.019883,7.1669
0.62689,2.1455,0.081011,-0.042884,0.019883,7.1712
0.62695,2.1455,0.081012,-0.042876,0.019875,7.1705
0.627,2.1455,0.081013,-0.042862,0.019848,7.1722
0.62705,2.1455,0.081014,-0.042836,0.0198,7.1756
0.62711,2.1455,0.081015,-0.042803,0.019732,7.1799
0.62716,2.1455,0.081016,-0.042774,0.019653,7.1695
0.62721,2.1454,0.081017,-0.042749,0.019522,7.1696
0.62726,2.1454,0.081018,-0.042731,0.019399,7.1818
0.62732,2.1454,0.081019,-0.042728,0.019324,7.1748
0.62737,2.1454,0.081021,-0.042743,0.019294,7.1763
0.62742,2.1454,0.081022,-0.042746,0.019326,7.1917
0.62747,2.1454,0.081023,-0.042742,0.019378,7.1908
0.62753,2.1454,0.081024,-0.042734,0.019444,7.1842
0.62758,2.1454,0.081025,-0.042726,0.019515,7.1938
0.62763,2.1454,0.081026,-0.04272,0.019588,7.1946
0.62768,2.1454,0.081027,-0.042723,0.019653,7.1837
0.62774,2.1454,0.081028,-0.042723,0.019698,7.1832
0.62779,2.1454,0.081029,-0.042727,0.019721,7.1883
0.62784,2.1454,0.08103,-0.042722,0.019724,7.1745
0.62789,2.1454,0.081031,-0.042721,0.019674,7.1819
0.62795,2.1454,0.081032,-0.042712,0.019602,7.1892
0.628,2.1454,0.081033,-0.04271,0.019516,7.1815
0.62805,2.1454,0.081034,-0.042705,0.01948,7.1833
0.62811,2.1454,0.081035,-0.042702,0.01947,7.1924
0.62816,2.1454,0.081036,-0.042696,0.01948,7.1805
0.62821,2.1454,0.081037,-0.042695,0.0195,7.173
0.62826,2.1454,0.081038,-0.042702,0.019521,7.1771
0.62832,2.1454,0.081039,-0.042718,0.019534,7.1752
0.62837,2.1454,0.08104,-0.042736,0.019534,7.1613
0.62842,2.1454,0.081041,-0.042754,0.019517,7.1732
0.62847,2.1454,0.081042,-0.042759,0.019508,7.181
0.62853,2.1454,0.081043,-0.042757,0.019516,7.1742
0.62858,2.1454,0.081044,-0.042757,0.019576,7.1855
0.62863,2.1454,0.081045,-0.042759,0.019669,7.194
0.62868,2.1454,0.081046,-0.042762,0.019778,7.1841
0.62874,2.1454,0.081047,-0.042775,0.019885,7.1906
0.62879,2.1454,0.081048,-0.042797,0.019964,7.2008
0.62884,2.1454,0.081049,-0.04282,0.020044,7.1996
0.62889,2.1454,0.08105,-0.04284,0.020088,7.205
0.62895,2.1454,0.081052,-0.04286,0.020164,7.2177
0.629,2.1454,0.081053,-0.04288,0.020281,7.2187
0.62905,2.1454,0.081054,-0.0429,0.020408,7.2148
0.62911,2.1454,0.081055,-0.042908,0.020529,7.2227
0.62916,2.1454,0.081056,-0.042916,0.020616,7.2181
0.62921,2.1454,0.081057,-0.042925,0.020698,7.2117
0.62926,2.1454,0.081058,-0.042944,0.020785,7.219
0.62932,2.1454,0.081059,-0.042959,0.020888,7.2235
0.62937,2.1454,0.08106,-0.042989,0.021032,7.2109
0.62942,2.1454,0.081061,-0.043013,0.021184,7.2144
0.62947,2.1454,0.081062,-0.043037,0.021328,7.2217
0.62953,2.1454,0.081064,-0.043039,0.021452,7.217
0.62958,2.1453,0.081065,-0.04303,0.021544,7.2201
0.62963,2.1453,0.081066,-0.043017,0.02164,7.2229
0.62968,2.1453,0.081067,-0.043007,0.021714,7.2138
0.62974,2.1453,0.081068,-0.043002,0.02181,7.2069
0.62979,2.1453,0.081069,-0.04301,0.02191,7.2169
0.62984,2.1453,0.08107,-0.04302,0.022014,7.217
0.62989,2.1453,0.081072,-0.043043,0.022125,7.2037
0.62995,2.1453,0.081073,-0.043054,0.022243,7.2187
0.63,2.1453,0.081074,-0.043056,0.022368,7.2267
0.63005,2.1453,0.081075,-0.043051,0.022498,7.2196
0.63011,2.1453,0.081076,-0.043047,0.02263,7.2271
0.63016,2.1453,0.081078,-0.043043,0.022764,7.2246
0.63021,2.1453,0.081079,-0.043039,0.022899,7.2128
0.63026,2.1453,0.08108,-0.043028,0.023043,7.215
0.63032,2.1453,0.081081,-0.043011,0.023195,7.2233
0.63037,2.1453,0.081082,-0.042974,0.023355,7.2176
0.63042,2.1453,0.081084,-0.042927,0.023519,7.2121
0.63047,2.1453,0.081085,-0.042887,0.023689,7.2201
0.63053,2.1453,0.081086,-0.042868,0.023864,7.223
0.63058,2.1453,0.081087,-0.042862,0.024039,7.2204
0.63063,2.1453,0.081089,-0.042868,0.024218,7.2227
0.63068,2.1453,0.08109,-0.04288,0.024405,7.2181
0.63074,2.1453,0.081091,-0.042894,0.024596,7.2058
0.63079,2.1453,0.081093,-0.042899,0.02479,7.2041
0.63084,2.1453,0.081094,-0.042895,0.024983,7.2071
0.63089,2.1453,0.081095,-0.042889,0.02518,7.1938
0.63095,2.1453,0.081097,-0.042882,0.02538,7.1994
0.631,2.1453,0.081098,-0.042864,0.025581,7.2079
0.63105,2.1453,0.081099,-0.042842,0.025786,7.2012
0.63111,2.1453,0.081101,-0.042824,0.025991,7.2024
0.63116,2.1453,0.081102,-0.042808,0.026198,7.2032
0.63121,2.1453,0.081103,-0.042792,0.026406,7.1891
0.63126,2.1453,0.081105,-0.042773,0.026615,7.1875
0.63132,2.1453,0.081106,-0.042762,0.026829,7.1936
0.63137,2.1453,0.081108,-0.042755,0.027045,7.1893
0.63142,2.1453,0.081109,-0.042752,0.027264,7.1758
0.63147,2.1453,0.081111,-0.042751,0.027489,7.1859
0.63153,2.1453,0.081112,-0.042752,0.027715,7.1901
0.63158,2.1453,0.081113,-0.042753,0.027947,7.181
0.63163,2.1453,0.081115,-0.042751,0.028168,7.1835
0.63168,2.1453,0.081116,-0.042752,0.028415,7.1871
0.63174,2.1453,0.081118,-0.042759,0.02868,7.1823
0.63179,2.1453,0.081119,-0.042767,0.028951,7.1775
0.63184,2.1453,0.081121,-0.04278,0.029224,7.1787
0.63189,2.1452,0.081123,-0.042797,0.029491,7.1684
0.63195,2.1452,0.081124,-0.04282,0.029742,7.1715
0.632,2.1452,0.081126,-0.042845,0.029979,7.175
0.63205,2.1452,0.081127,-0.042875,0.030192,7.1755
0.63211,2.1452,0.081129,-0.042916,0.030422,7.1698
0.63216,2.1452,0.08113,-0.042967,0.030659,7.173
0.63221,2.1452,0.081132,-0.043019,0.0309,7.1641
0.63226,2.1452,0.081134,-0.043075,0.03113,7.1543
0.63232,2.1452,0.081135,-0.043128,0.031368,7.162
0.63237,2.1452,0.081137,-0.043172,0.031629,7.1646
0.63242,2.1452,0.081139,-0.0432,0.031939,7.1514
0.63247,2.1452,0.08114,-0.043222,0.032276,7.1548
0.63253,2.1452,0.081142,-0.043241,0.032618,7.1641
0.63258,2.1452,0.081144,-0.043266,0.032951,7.1676
0.63263,2.1452,0.081146,-0.043299,0.033253,7.1718
0.63268,2.1452,0.081147,-0.043337,0.033505,7.1789
0.63274,2.1452,0.081149,-0.043377,0.033728,7.1697
0.63279,2.1452,0.081151,-0.043415,0.033938,7.1691
0.63284,2.1452,0.081153,-0.043455,0.034155,7.1772
0.63289,2.1452,0.081155,-0.0435,0.03437,7.1717
0.63295,2.1452,0.081156,-0.043546,0.034581,7.1586
0.633,2.1452,0.081158,-0.043599,0.034794,7.1693
0.63305,2.1452,0.08116,-0.043661,0.035006,7.1706
0.63311,2.1452,0.081162,-0.043716,0.035219,7.1646
0.63316,2.1452,0.081164,-0.043766,0.035435,7.1704
0.63321,2.1452,0.081166,-0.04381,0.035653,7.1729
0.63326,2.1452,0.081168,-0.043854,0.035875,7.1568
0.63332,2.1452,0.081169,-0.043895,0.036101,7.1555
0.63337,2.1452,0.081171,-0.043934,0.036329,7.158
0.63342,2.1452,0.081173,-0.043982,0.036554,7.1554
0.63347,2.1452,0.081175,-0.044031,0.036775,7.1506
0.63353,2.1452,0.081177,-0.044072,0.036992,7.1635
0.63358,2.1452,0.081179,-0.044112,0.037203,7.1565
0.63363,2.1452,0.081181,-0.044148,0.037413,7.1505
0.63368,2.1452,0.081183,-0.044177,0.037628,7.1593
0.63374,2.1452,0.081185,-0.044211,0.037845,7.1612
0.63379,2.1452,0.081187,-0.044245,0.038067,7.1503
0.63384,2.1452,0.081189,-0.04429,0.038292,7.1503
0.63389,2.1452,0.081191,-0.04434,0.038521,7.154
0.63395,2.1452,0.081193,-0.044389,0.038745,7.1457
0.634,2.1452,0.081195,-0.044451,0.038943,7.1589
0.63405,2.1452,0.081197,-0.044517,0.039159,7.162
0.63411,2.1452,0.081199,-0.044579,0.039385,7.163
0.63416,2.1451,0.081201,-0.044645,0.039611,7.1659
0.63421,2.1451,0.081204,-0.044702,0.039817,7.1732
0.63426,2.1451,0.081206,-0.044758,0.040026,7.1704
0.63432,2.1451,0.081208,-0.044808,0.040263,7.1644
0.63437,2.1451,0.08121,-0.044849,0.04051,7.1788
0.63442,2.1451,0.081212,-0.044895,0.04073,7.1749
0.63447,2.1451,0.081214,-0.044942,0.04099,7.1614
0.63453,2.1451,0.081216,-0.044988,0.041252,7.1725
0.63458,2.1451,0.081219,-0.045034,0.041489,7.1782
0.63463,2.1451,0.081221,-0.045082,0.041677,7.1698
0.63468,2.1451,0.081223,-0.045128,0.041846,7.1729
0.63474,2.1451,0.081225,-0.045168,0.042009,7.1787
0.63479,2.1451,0.081227,-0.045204,0.042146,7.1701
0.63484,2.1451,0.08123,-0.045238,0.042249,7.1686
0.63489,2.1451,0.081232,-0.045275,0.042362,7.1731
0.63495,2.1451,0.081234,-0.045313,0.042469,7.1588
0.635,2.1451,0.081236,-0.045351,0.04257,7.1555
0.63505,2.1451,0.081239,-0.045388,0.04267,7.1697
0.63511,2.1451,0.081241,-0.045422,0.042772,7.1672
0.63516,2.1451,0.081243,-0.045455,0.04287,7.1677
0.63521,2.1451,0.081245,-0.045486,0.042969,7.1709
0.63526,2.1451,0.081248,-0.04552,0.043065,7.1683
0.63532,2.1451,0.08125,-0.04556,0.04316,7.1647
0.63537,2.1451,0.081252,-0.045604,0.043253,7.1685
0.63542,2.1451,0.081254,-0.045649,0.043342,7.1731
0.63547,2.1451,0.081257,-0.045693,0.04343,7.1681
0.63553,2.1451,0.081259,-0.045742,0.043517,7.1779
0.63558,2.1451,0.081261,-0.04579,0.043599,7.182
0.63563,2.1451,0.081264,-0.045835,0.04368,7.1809
0.63568,2.1451,0.081266,-0.045872,0.04375,7.1895
0.63574,2.1451,0.081268,-0.045908,0.043812,7.2018
0.63579,2.1451,0.08127,-0.045946,0.043866,7.1904
0.63584,2.1451,0.081273,-0.045992,0.043906,7.1863
0.63589,2.1451,0.081275,-0.046043,0.043933,7.189
0.63595,2.1451,0.081277,-0.046101,0.043954,7.1804
0.636,2.1451,0.08128,-0.046161,0.043968,7.1694
0.63605,2.1451,0.081282,-0.046223,0.043963,7.1857
0.63611,2.1451,0.081284,-0.046282,0.043976,7.1836
0.63616,2.1451,0.081287,-0.046339,0.044001,7.1756
0.63621,2.1451,0.081289,-0.04639,0.044036,7.1834
0.63626,2.1451,0.081291,-0.046439,0.044066,7.1934
0.63632,2.1451,0.081294,-0.046485,0.044073,7.1837
0.63637,2.145,0.081296,-0.046525,0.044077,7.1864
0.63642,2.145,0.081298,-0.046566,0.044102,7.1916
0.63647,2.145,0.081301,-0.046606,0.044124,7.1783
0.63653,2.145,0.081303,-0.046647,0.04417,7.1773
0.63658,2.145,0.081305,-0.046681,0.044209,7.1844
0.63663,2.145,0.081308,-0.04671,0.04423,7.1829
0.63668,2.145,0.08131,-0.046738,0.044199,7.1756
0.63674,2.145,0.081312,-0.046763,0.044144,7.1862
0.63679,2.145,0.081315,-0.046787,0.044091,7.1776
0.63684,2.145,0.081317,-0.046814,0.044043,7.1646
0.63689,2.145,0.081319,-0.046839,0.044,7.1676
0.63695,2.145,0.081322,-0.046874,0.043979,7.1671
0.637,2.145,0.081324,-0.046918,0.043982,7.1498
0.63705,2.145,0.081326,-0.046968,0.04401,7.1546
0.63711,2.145,0.081328,-0.047013,0.044052,7.1626
0.63716,2.145,0.081331,-0.047049,0.044156,7.152
0.63721,2.145,0.081333,-0.047081,0.044263,7.1561
0.63726,2.145,0.081335,-0.047107,0.044331,7.1666
0.63732,2.145,0.081338,-0.047114,0.044361,7.1562
0.63737,2.145,0.08134,-0.047127,0.044331,7.152
0.63742,2.145,0.081342,-0.047137,0.04428,7.1609
0.63747,2.145,0.081345,-0.047145,0.04421,7.1556
0.63753,2.145,0.081347,-0.047145,0.044132,7.1404
0.63758,2.145,0.081349,-0.047138,0.044048,7.1507
0.63763,2.145,0.081352,-0.047127,0.043964,7.1472
0.63768,2.145,0.081354,-0.047123,0.043895,7.1398
0.63774,2.145,0.081356,-0.047123,0.043844,7.1502
0.63779,2.145,0.081359,-0.047132,0.04381,7.1523
0.63784,2.145,0.081361,-0.047138,0.04383,7.1408
0.63789,2.145,0.081363,-0.047156,0.043879,7.1444
0.63795,2.145,0.081366,-0.047165,0.043958,7.1432
0.638,2.145,0.081368,-0.047169,0.043998,7.1349
0.63805,2.145,0.08137,-0.047169,0.044018,7.136
0.63811,2.145,0.081373,-0.047175,0.044025,7.1495
0.63816,2.145,0.081375,-0.047181,0.044027,7.1454
0.63821,2.145,0.081377,-0.047186,0.044031,7.1457
0.63826,2.145,0.081379,-0.047186,0.044046,7.1591
0.63832,2.145,0.081382,-0.047178,0.044082,7.1595
0.63837,2.145,0.081384,-0.04717,0.044145,7.1477
0.63842,2.145,0.081386,-0.047173,0.044211,7.1562
0.63847,2.145,0.081389,-0.047187,0.044267,7.1598
0.63853,2.1449,0.081391,-0.047196,0.044277,7.1482
0.63858,2.1449,0.081393,-0.04721,0.044256,7.1572
0.63863,2.1449,0.081396,-0.047227,0.044219,7.166
0.63868,2.1449,0.081398,-0.047228,0.044179,7.1587
0.63874,2.1449,0.0814,-0.047208,0.044169,7.1618
0.63879,2.1449,0.081403,-0.047185,0.04416,7.1724
0.63884,2.1449,0.081405,-0.047159,0.044193,7.1657
0.63889,2.1449,0.081407,-0.047133,0.044199,7.1643
0.63895,2.1449,0.08141,-0.047099,0.044166,7.1712
0.639,2.1449,0.081412,-0.047067,0.044122,7.1625
0.63905,2.1449,0.081414,-0.047054,0.044085,7.1444
0.63911,2.1449,0.081417,-0.047042,0.044082,7.1547
0.63916,2.1449,0.081419,-0.047029,0.044089,7.157
0.63921,2.1449,0.081421,-0.047009,0.044094,7.1586
0.63926,2.1449,0.081424,-0.046991,0.044088,7.1646
0.63932,2.1449,0.081426,-0.046957,0.044043,7.1703
0.63937,2.1449,0.081428,-0.046918,0.043987,7.1596
0.63942,2.1449,0.081431,-0.046879,0.043939,7.1672
0.63947,2.1449,0.081433,-0.046857,0.04391,7.1688
0.63953,2.1449,0.081435,-0.046841,0.043916,7.1623
0.63958,2.1449,0.081438,-0.046828,0.043925,7.1699
0.63963,2.1449,0.08144,-0.046809,0.04396,7.184
0.63968,2.1449,0.081442,-0.046788,0.043981,7.1795
0.63974,2.1449,0.081444,-0.046752,0.044006,7.1798
0.63979,2.1449,0.081447,-0.046721,0.044031,7.2006
0.63984,2.1449,0.081449,-0.046685,0.044057,7.2024
0.63989,2.1449,0.081451,-0.046659,0.04408,7.1936
0.63995,2.1449,0.081454,-0.046644,0.044102,7.2077
0.64,2.1449,0.081456,-0.046631,0.044125,7.2104
0.64005,2.1449,0.081458,-0.046616,0.04415,7.1992
0.64011,2.1449,0.081461,-0.046599,0.044178,7.2018
0.64016,2.1449,0.081463,-0.046587,0.044212,7.2085
0.64021,2.1449,0.081465,-0.046581,0.044245,7.2022
0.64026,2.1449,0.081468,-0.046577,0.044278,7.2089
0.64032,2.1449,0.08147,-0.046598,0.044308,7.2167
0.64037,2.1449,0.081472,-0.046625,0.044325,7.2131
0.64042,2.1449,0.081475,-0.046646,0.044368,7.2088
0.64047,2.1449,0.081477,-0.046646,0.044428,7.2195
0.64053,2.1449,0.081479,-0.046637,0.044501,7.2093
0.64058,2.1449,0.081482,-0.046622,0.044581,7.1989
0.64063,2.1448,0.081484,-0.046597,0.044656,7.2064
0.64068,2.1448,0.081486,-0.04657,0.044715,7.2063
0.64074,2.1448,0.081489,-0.046558,0.044752,7.2059
0.64079,2.1448,0.081491,-0.046556,0.044763,7.2104
0.64084,2.1448,0.081493,-0.046553,0.044787,7.2182
0.64089,2.1448,0.081496,-0.046548,0.044811,7.2061
0.64095,2.1448,0.081498,-0.046555,0.044836,7.214
0.641,2.1448,0.081501,-0.046561,0.044866,7.2186
0.64105,2.1448,0.081503,-0.046567,0.044899,7.211
0.64111,2.1448,0.081505,-0.046574,0.044933,7.2098
0.64116,2.1448,0.081508,-0.046586,0.044971,7.221
0.64121,2.1448,0.08151,-0.046604,0.045009,7.2219
0.64126,2.1448,0.081512,-0.046617,0.045048,7.2208
0.64132,2.1448,0.081515,-0.046629,0.045089,7.2355
0.64137,2.1448,0.081517,-0.04664,0.045129,7.2416
0.64142,2.1448,0.08152,-0.046652,0.045171,7.2365
0.64147,2.1448,0.081522,-0.046665,0.045216,7.2496
0.64153,2.1448,0.081524,-0.04668,0.045245,7.2448
0.64158,2.1448,0.081527,-0.046703,0.045317,7.2404
0.64163,2.1448,0.081529,-0.046726,0.045378,7.2442
0.64168,2.1448,0.081531,-0.046738,0.045428,7.2467
0.64174,2.1448,0.081534,-0.046749,0.045467,7.237
0.64179,2.1448,0.081536,-0.046753,0.045496,7.2409
0.64184,2.1448,0.081539,-0.046752,0.045499,7.2489
0.64189,2.1448,0.081541,-0.046749,0.045523,7.239
0.64195,2.1448,0.081543,-0.04675,0.045556,7.2365
0.642,2.1448,0.081546,-0.046757,0.045626,7.2422
0.64205,2.1448,0.081548,-0.046758,0.045695,7.2321
0.64211,2.1448,0.081551,-0.04675,0.045786,7.2243
0.64216,2.1448,0.081553,-0.046743,0.045918,7.2292
0.64221,2.1448,0.081555,-0.046728,0.046061,7.2269
0.64226,2.1448,0.081558,-0.046715,0.046202,7.2148
0.64232,2.1448,0.08156,-0.04671,0.046334,7.2289
0.64237,2.1448,0.081563,-0.04672,0.046384,7.2357
0.64242,2.1448,0.081565,-0.046739,0.046346,7.2215
0.64247,2.1448,0.081568,-0.046763,0.046264,7.2272
0.64253,2.1448,0.08157,-0.046783,0.046164,7.2311
0.64258,2.1448,0.081573,-0.046797,0.046085,7.2267
0.64263,2.1448,0.081575,-0.04681,0.046029,7.2197
0.64268,2.1448,0.081577,-0.046817,0.046014,7.2286
0.64274,2.1448,0.08158,-0.046823,0.046007,7.2243
0.64279,2.1447,0.081582,-0.046827,0.045986,7.2187
0.64284,2.1447,0.081585,-0.046826,0.045969,7.2314
0.64289,2.1447,0.081587,-0.046825,0.045954,7.2284
0.64295,2.1447,0.081589,-0.046819,0.04594,7.2193
0.643,2.1447,0.081592,-0.046807,0.045926,7.23
0.64305,2.1447,0.081594,-0.046804,0.045914,7.2264
0.64311,2.1447,0.081597,-0.046803,0.0459,7.2122
0.64316,2.1447,0.081599,-0.046809,0.045872,7.2149
0.64321,2.1447,0.081602,-0.046814,0.045868,7.222
0.64326,2.1447,0.081604,-0.046822,0.045882,7.2121
0.64332,2.1447,0.081606,-0.046833,0.045903,7.2119
0.64337,2.1447,0.081609,-0.046836,0.045932,7.2187
0.64342,2.1447,0.081611,-0.046837,0.045957,7.2133
0.64347,2.1447,0.081614,-0.046846,0.045971,7.2134
0.64353,2.1447,0.081616,-0.046858,0.045967,7.2207
0.64358,2.1447,0.081618,-0.046876,0.045941,7.2156
0.64363,2.1447,0.081621,-0.0469,0.04593,7.2059
0.64368,2.1447,0.081623,-0.046916,0.04592,7.211
0.64374,2.1447,0.081626,-0.046933,0.045911,7.2128
0.64379,2.1447,0.081628,-0.046939,0.045903,7.2035
0.64384,2.1447,0.081631,-0.046941,0.045896,7.223
0.64389,2.1447,0.081633,-0.046948,0.045891,7.2266
0.64395,2.1447,0.081635,-0.046944,0.045908,7.2168
0.644,2.1447,0.081638,-0.046939,0.04589,7.2172
0.64405,2.1447,0.08164,-0.046933,0.045864,7.2223
0.64411,2.1447,0.081643,-0.046921,0.04587,7.2166
0.64416,2.1447,0.081645,-0.046917,0.045912,7.2173
0.64421,2.1447,0.081647,-0.046913,0.045956,7.2269
0.64426,2.1447,0.08165,-0.046914,0.045961,7.22
0.64432,2.1447,0.081652,-0.046923,0.045934,7.221
0.64437,2.1447,0.081655,-0.046928,0.045898,7.2358
0.64442,2.1447,0.081657,-0.046932,0.045758,7.2358
0.64447,2.1447,0.08166,-0.046936,0.04562,7.2302
0.64453,2.1447,0.081662,-0.04694,0.045525,7.2406
0.64458,2.1447,0.081664,-0.046945,0.045477,7.2386
0.64463,2.1447,0.081667,-0.046946,0.045441,7.2294
0.64468,2.1447,0.081669,-0.04695,0.045395,7.2286
0.64474,2.1447,0.081671,-0.046957,0.045357,7.2275
0.64479,2.1447,0.081674,-0.046966,0.045317,7.2182
0.64484,2.1447,0.081676,-0.046977,0.045262,7.2213
0.64489,2.1446,0.081679,-0.046985,0.045241,7.2285
0.64495,2.1446,0.081681,-0.046994,0.045229,7.2226
0.645,2.1446,0.081683,-0.047007,0.045224,7.2291
0.64505,2.1446,0.081686,-0.047022,0.045211,7.2328
0.64511,2.1446,0.081688,-0.047039,0.045185,7.2277
0.64516,2.1446,0.081691,-0.047061,0.04514,7.222
0.64521,2.1446,0.081693,-0.047085,0.04507,7.2362
0.64526,2.1446,0.081695,-0.047108,0.045012,7.2401
0.64532,2.1446,0.081698,-0.047125,0.044949,7.2355
0.64537,2.1446,0.0817,-0.04714,0.044887,7.246
0.64542,2.1446,0.081702,-0.047156,0.044826,7.2484
0.64547,2.1446,0.081705,-0.047166,0.044767,7.2496
0.64553,2.1446,0.081707,-0.047177,0.044707,7.2594
0.64558,2.1446,0.081709,-0.04719,0.044651,7.2567
0.64563,2.1446,0.081712,-0.047211,0.044596,7.2442
0.64568,2.1446,0.081714,-0.047233,0.044543,7.249
0.64574,2.1446,0.081716,-0.047254,0.044488,7.2529
0.64579,2.1446,0.081719,-0.047265,0.044434,7.2473
0.64584,2.1446,0.081721,-0.047271,0.044378,7.2422
0.64589,2.1446,0.081723,-0.047268,0.04432,7.2574
0.64595,2.1446,0.081726,-0.047261,0.04426,7.2617
0.646,2.1446,0.081728,-0.047248,0.0442,7.2499
0.64605,2.1446,0.08173,-0.047236,0.044141,7.265
0.64611,2.1446,0.081733,-0.047222,0.044089,7.2603
0.64616,2.1446,0.081735,-0.047211,0.044042,7.251
0.64621,2.1446,0.081737,-0.047199,0.044001,7.2537
0.64626,2.1446,0.08174,-0.047189,0.043977,7.2555
0.64632,2.1446,0.081742,-0.047181,0.043933,7.2547
0.64637,2.1446,0.081744,-0.047171,0.043871,7.2486
0.64642,2.1446,0.081747,-0.047159,0.043794,7.2626
0.64647,2.1446,0.081749,-0.047144,0.043709,7.2583
0.64653,2.1446,0.081751,-0.047135,0.043626,7.2537
0.64658,2.1446,0.081754,-0.047127,0.043549,7.2631
0.64663,2.1446,0.081756,-0.047119,0.043491,7.2553
0.64668,2.1446,0.081758,-0.047112,0.043459,7.2501
0.64674,2.1446,0.08176,-0.047106,0.043417,7.2559
0.64679,2.1446,0.081763,-0.047093,0.043378,7.2547
0.64684,2.1446,0.081765,-0.047076,0.043342,7.2478
0.64689,2.1446,0.081767,-0.047054,0.04331,7.2596
0.64695,2.1446,0.08177,-0.047027,0.043276,7.2613
0.647,2.1446,0.081772,-0.046994,0.043243,7.2528
0.64705,2.1445,0.081774,-0.046964,0.043214,7.2616
0.64711,2.1445,0.081776,-0.046939,0.043182,7.2713
0.64716,2.1445,0.081779,-0.046913,0.043152,7.2608
0.64721,2.1445,0.081781,-0.046885,0.04312,7.2596
0.64726,2.1445,0.081783,-0.04686,0.043091,7.262
0.64732,2.1445,0.081785,-0.04684,0.043063,7.2519
0.64737,2.1445,0.081788,-0.046826,0.043034,7.244
0.64742,2.1445,0.08179,-0.046819,0.043008,7.2596
0.64747,2.1445,0.081792,-0.046822,0.042986,7.2629
0.64753,2.1445,0.081794,-0.046832,0.042965,7.2462
0.64758,2.1445,0.081797,-0.04684,0.042947,7.2508
0.64763,2.1445,0.081799,-0.046843,0.04293,7.2486
0.64768,2.1445,0.081801,-0.04684,0.042913,7.2385
0.64774,2.1445,0.081803,-0.046837,0.042893,7.2407
0.64779,2.1445,0.081806,-0.046833,0.042874,7.2406
0.64784,2.1445,0.081808,-0.046826,0.042857,7.2325
0.64789,2.1445,0.08181,-0.046822,0.042843,7.2342
0.64795,2.1445,0.081813,-0.046828,0.04283,7.2395
0.648,2.1445,0.081815,-0.046837,0.042822,7.2301
0.64805,2.1445,0.081817,-0.046847,0.042818,7.2312
0.64811,2.1445,0.081819,-0.046854,0.042815,7.2463
0.64816,2.1445,0.081822,-0.046855,0.042815,7.2339
0.64821,2.1445,0.081824,-0.046846,0.042816,7.2264
0.64826,2.1445,0.081826,-0.046834,0.042818,7.2302
0.64832,2.1445,0.081828,-0.046814,0.042816,7.226
0.64837,2.1445,0.081831,-0.046788,0.042817,7.2129
0.64842,2.1445,0.081833,-0.046757,0.042821,7.2194
0.64847,2.1445,0.081835,-0.046733,0.04283,7.2194
0.64853,2.1445,0.081837,-0.046711,0.042842,7.2137
0.64858,2.1445,0.08184,-0.046696,0.042855,7.2159
0.64863,2.1445,0.081842,-0.046699,0.042867,7.2295
0.64868,2.1445,0.081844,-0.046717,0.042878,7.2154
0.64874,2.1445,0.081846,-0.046735,0.042887,7.2078
0.64879,2.1445,0.081849,-0.046751,0.042898,7.2133
0.64884,2.1445,0.081851,-0.046759,0.042913,7.2034
0.64889,2.1445,0.081853,-0.046766,0.042932,7.1954
0.64895,2.1445,0.081855,-0.046761,0.042954,7.2044
0.649,2.1445,0.081858,-0.046748,0.042977,7.198
0.64905,2.1445,0.08186,-0.046733,0.043002,7.1943
0.64911,2.1445,0.081862,-0.046719,0.043031,7.2031
0.64916,2.1444,0.081864,-0.046708,0.04306,7.2031
0.64921,2.1444,0.081867,-0.046698,0.04309,7.196
0.64926,2.1444,0.081869,-0.04669,0.043122,7.2014
0.64932,2.1444,0.081871,-0.046689,0.043154,7.204
0.64937,2.1444,0.081874,-0.046685,0.043189,7.1972
0.64942,2.1444,0.081876,-0.046682,0.043224,7.2034
0.64947,2.1444,0.081878,-0.046682,0.043261,7.2145
0.64953,2.1444,0.08188,-0.046689,0.043299,7.2037
0.64958,2.1444,0.081883,-0.046703,0.043339,7.2117
0.64963,2.1444,0.081885,-0.046717,0.04338,7.2272
0.64968,2.1444,0.081887,-0.046735,0.043422,7.2137
0.64974,2.1444,0.081889,-0.046749,0.043465,7.2071
0.64979,2.1444,0.081892,-0.046752,0.04351,7.2186
0.64984,2.1444,0.081894,-0.04676,0.043556,7.2099
0.64989,2.1444,0.081896,-0.046767,0.043604,7.1969
0.64995,2.1444,0.081899,-0.046783,0.043654,7.2074
0.65,2.1444,0.081901,-0.04681,0.043704,7.2114
0.65005,2.1444,0.081903,-0.046838,0.043753,7.2024
0.65011,2.1444,0.081906,-0.046855,0.043804,7.2072
0.65016,2.1444,0.081908,-0.046865,0.043855,7.2108
0.65021,2.1444,0.08191,-0.046869,0.043909,7.2026
0.65026,2.1444,0.081912,-0.046862,0.043967,7.1999
0.65032,2.1444,0.081915,-0.046854,0.044043,7.2044
0.65037,2.1444,0.081917,-0.046856,0.044094,7.1982
0.65042,2.1444,0.081919,-0.046871,0.044123,7.1919
0.65047,2.1444,0.081922,-0.046888,0.044138,7.2009
0.65053,2.1444,0.081924,-0.046907,0.044143,7.1916
0.65058,2.1444,0.081926,-0.046929,0.04415,7.1964
0.65063,2.1444,0.081929,-0.046953,0.044169,7.2065
0.65068,2.1444,0.081931,-0.04697,0.044212,7.2097
0.65074,2.1444,0.081933,-0.046987,0.044286,7.2001
0.65079,2.1444,0.081936,-0.047006,0.044348,7.2101
0.65084,2.1444,0.081938,-0.047029,0.044411,7.2123
0.65089,2.1444,0.08194,-0.047052,0.044475,7.2004
0.65095,2.1444,0.081943,-0.047078,0.044537,7.2091
0.651,2.1444,0.081945,-0.047102,0.044598,7.2207
0.65105,2.1444,0.081947,-0.047125,0.044658,7.2067
0.65111,2.1444,0.08195,-0.047147,0.044718,7.2169
0.65116,2.1444,0.081952,-0.047169,0.044781,7.2318
0.65121,2.1444,0.081955,-0.04719,0.044842,7.2193
0.65126,2.1444,0.081957,-0.047211,0.0449,7.2155
0.65132,2.1443,0.081959,-0.047231,0.04496,7.2214
0.65137,2.1443,0.081962,-0.047253,0.045021,7.2209
0.65142,2.1443,0.081964,-0.047272,0.045081,7.2068
0.65147,2.1443,0.081966,-0.047284,0.045161,7.2165
0.65153,2.1443,0.081969,-0.047287,0.045218,7.2148
0.65158,2.1443,0.081971,-0.04729,0.045263,7.2114
0.65163,2.1443,0.081974,-0.047301,0.045296,7.2144
0.65168,2.1443,0.081976,-0.047317,0.045326,7.2219
0.65174,2.1443,0.081978,-0.047346,0.04536,7.207
0.65179,2.1443,0.081981,-0.047389,0.045419,7.205
0.65184,2.1443,0.081983,-0.047429,0.04547,7.2057
0.65189,2.1443,0.081985,-0.047462,0.04553,7.2037
0.65195,2.1443,0.081988,-0.04748,0.04558,7.197
0.652,2.1443,0.08199,-0.047491,0.04562,7.209
0.65205,2.1443,0.081993,-0.0475,0.045632,7.2069
0.65211,2.1443,0.081995,-0.047506,0.045597,7.2045
0.65216,2.1443,0.081997,-0.047519,0.045552,7.2142
0.65221,2.1443,0.082,-0.047537,0.045488,7.2212
0.65226,2.1443,0.082002,-0.047556,0.04539,7.2219
0.65232,2.1443,0.082005,-0.047581,0.045304,7.2291
0.65237,2.1443,0.082007,-0.047599,0.045262,7.2344
0.65242,2.1443,0.082009,-0.047615,0.045251,7.2243
0.65247,2.1443,0.082012,-0.047625,0.045262,7.2275
0.65253,2.1443,0.082014,-0.047633,0.04528,7.2389
0.65258,2.1443,0.082017,-0.047635,0.045323,7.2273
0.65263,2.1443,0.082019,-0.047639,0.045356,7.2307
0.65268,2.1443,0.082021,-0.04764,0.045393,7.2483
0.65274,2.1443,0.082024,-0.047645,0.045437,7.2418
0.65279,2.1443,0.082026,-0.04765,0.045482,7.2327
0.65284,2.1443,0.082029,-0.047662,0.045528,7.2423
0.65289,2.1443,0.082031,-0.047675,0.045574,7.2382
0.65295,2.1443,0.082033,-0.047695,0.04562,7.2238
0.653,2.1443,0.082036,-0.047717,0.045662,7.2322
0.65305,2.1443,0.082038,-0.047741,0.045707,7.2301
0.65311,2.1443,0.082041,-0.047756,0.045771,7.2239
0.65316,2.1443,0.082043,-0.047764,0.045815,7.2281
0.65321,2.1443,0.082045,-0.047765,0.045841,7.2401
0.65326,2.1443,0.082048,-0.04776,0.045856,7.2232
0.65332,2.1443,0.08205,-0.04775,0.045866,7.2288
0.65337,2.1443,0.082053,-0.047739,0.045878,7.2283
0.65342,2.1442,0.082055,-0.047732,0.045902,7.22
0.65347,2.1442,0.082057,-0.047726,0.045947,7.2108
0.65353,2.1442,0.08206,-0.047718,0.046012,7.2217
0.65358,2.1442,0.082062,-0.047715,0.04606,7.2138
0.65363,2.1442,0.082065,-0.047717,0.046107,7.2093
0.65368,2.1442,0.082067,-0.047721,0.046152,7.2214
0.65374,2.1442,0.08207,-0.047727,0.046197,7.2228
0.65379,2.1442,0.082072,-0.047733,0.046243,7.2075
0.65384,2.1442,0.082074,-0.047739,0.046288,7.2126
0.65389,2.1442,0.082077,-0.047742,0.04633,7.2161
0.65395,2.1442,0.082079,-0.047742,0.046381,7.2097
0.654,2.1442,0.082082,-0.047745,0.04642,7.206
0.65405,2.1442,0.082084,-0.047748,0.046417,7.2116
0.65411,2.1442,0.082087,-0.047752,0.046383,7.202
0.65416,2.1442,0.082089,-0.047757,0.046335,7.1996
0.65421,2.1442,0.082092,-0.047762,0.046285,7.2067
0.65426,2.1442,0.082094,-0.047768,0.046248,7.1987
0.65432,2.1442,0.082096,-0.047774,0.046238,7.1882
0.65437,2.1442,0.082099,-0.047781,0.046286,7.1941
0.65442,2.1442,0.082101,-0.047789,0.046321,7.1841
0.65447,2.1442,0.082104,-0.047794,0.046327,7.1747
0.65453,2.1442,0.082106,-0.047802,0.046318,7.182
0.65458,2.1442,0.082109,-0.047818,0.046306,7.1779
0.65463,2.1442,0.082111,-0.047839,0.046296,7.174
0.65468,2.1442,0.082113,-0.047863,0.046293,7.18
0.65474,2.1442,0.082116,-0.047885,0.046319,7.1859
0.65479,2.1442,0.082118,-0.047904,0.046345,7.1796
0.65484,2.1442,0.082121,-0.047928,0.046334,7.179
0.65489,2.1442,0.082123,-0.047957,0.046307,7.1847
0.65495,2.1442,0.082126,-0.047992,0.046271,7.1899
0.655,2.1442,0.082128,-0.048032,0.046239,7.1865
0.65505,2.1442,0.082131,-0.04807,0.046215,7.1923
0.65511,2.1442,0.082133,-0.048099,0.046206,7.1841
0.65516,2.1442,0.082135,-0.048115,0.046225,7.1776
0.65521,2.1442,0.082138,-0.048123,0.046231,7.1898
0.65526,2.1442,0.08214,-0.048132,0.046241,7.1976
0.65532,2.1442,0.082143,-0.048143,0.046254,7.1925
0.65537,2.1442,0.082145,-0.048156,0.04627,7.2046
0.65542,2.1442,0.082148,-0.048168,0.046287,7.2041
0.65547,2.1441,0.08215,-0.048181,0.046303,7.1854
0.65553,2.1441,0.082152,-0.048194,0.046318,7.1944
0.65558,2.1441,0.082155,-0.048207,0.046331,7.2074
0.65563,2.1441,0.082157,-0.048221,0.046343,7.2
0.65568,2.1441,0.08216,-0.048235,0.046354,7.2027
0.65574,2.1441,0.082162,-0.048249,0.046367,7.2079
0.65579,2.1441,0.082165,-0.048263,0.046382,7.2093
0.65584,2.1441,0.082167,-0.048278,0.046397,7.2042
0.65589,2.1441,0.082169,-0.048292,0.046412,7.2139
0.65595,2.1441,0.082172,-0.048307,0.046429,7.205
0.656,2.1441,0.082174,-0.048322,0.046448,7.1965
0.65605,2.1441,0.082177,-0.048337,0.046466,7.2061
0.65611,2.1441,0.082179,-0.048352,0.046484,7.2113
0.65616,2.1441,0.082182,-0.048367,0.046504,7.2038
0.65621,2.1441,0.082184,-0.048383,0.046522,7.2146
0.65626,2.1441,0.082187,-0.048398,0.046536,7.2277
0.65632,2.1441,0.082189,-0.048414,0.046546,7.2247
0.65637,2.1441,0.082192,-0.048429,0.046555,7.2294
0.65642,2.1441,0.082194,-0.048445,0.046566,7.2415
0.65647,2.1441,0.082196,-0.04846,0.046579,7.237
0.65653,2.1441,0.082199,-0.048475,0.046595,7.2422
0.65658,2.1441,0.082201,-0.048491,0.046611,7.2513
0.65663,2.1441,0.082204,-0.048506,0.046627,7.2414
0.65668,2.1441,0.082206,-0.048521,0.04664,7.2366
0.65674,2.1441,0.082209,-0.048537,0.046652,7.2498
0.65679,2.1441,0.082211,-0.048552,0.046666,7.2477
0.65684,2.1441,0.082214,-0.048567,0.04668,7.2438
0.65689,2.1441,0.082216,-0.048581,0.046701,7.2518
0.65695,2.1441,0.082219,-0.048596,0.046725,7.2475
0.657,2.1441,0.082221,-0.048611,0.046749,7.2394
0.65705,2.1441,0.082223,-0.048625,0.046776,7.243
0.65711,2.1441,0.082226,-0.048639,0.046802,7.2543
0.65716,2.1441,0.082228,-0.048653,0.046829,7.2479
0.65721,2.1441,0.082231,-0.048666,0.046856,7.2474
0.65726,2.1441,0.082233,-0.04868,0.046883,7.2577
0.65732,2.1441,0.082236,-0.048693,0.046912,7.2616
0.65737,2.1441,0.082238,-0.048706,0.046941,7.2565
0.65742,2.1441,0.082241,-0.048718,0.046967,7.2619
0.65747,2.1441,0.082243,-0.04873,0.046994,7.2567
0.65753,2.1441,0.082246,-0.048742,0.047019,7.2483
0.65758,2.144,0.082248,-0.048751,0.047044,7.2509
0.65763,2.144,0.082251,-0.048764,0.047067,7.2532
0.65768,2.144,0.082253,-0.048779,0.047095,7.2471
0.65774,2.144,0.082256,-0.048796,0.047125,7.2595
0.65779,2.144,0.082258,-0.048813,0.047153,7.2717
0.65784,2.144,0.082261,-0.048828,0.047181,7.2647
0.65789,2.144,0.082263,-0.048838,0.047211,7.2639
0.65795,2.144,0.082266,-0.048846,0.04724,7.2741
0.658,2.144,0.082268,-0.048856,0.047265,7.2697
0.65805,2.144,0.08227,-0.048871,0.04729,7.2663
0.65811,2.144,0.082273,-0.048889,0.047314,7.2739
0.65816,2.144,0.082275,-0.04891,0.047336,7.2633
0.65821,2.144,0.082278,-0.048935,0.04736,7.2659
0.65826,2.144,0.08228,-0.048963,0.047389,7.2713
0.65832,2.144,0.082283,-0.048993,0.047416,7.2723
0.65837,2.144,0.082285,-0.049025,0.047441,7.2646
0.65842,2.144,0.082288,-0.049058,0.047464,7.2723
0.65847,2.144,0.08229,-0.049085,0.047483,7.2745
0.65853,2.144,0.082293,-0.0491,0.0475,7.2572
0.65858,2.144,0.082295,-0.049102,0.047519,7.2618
0.65863,2.144,0.082298,-0.0491,0.047539,7.2703
0.65868,2.144,0.0823,-0.049091,0.047564,7.2558
0.65874,2.144,0.082303,-0.049092,0.04759,7.258
0.65879,2.144,0.082305,-0.049113,0.047616,7.2695
0.65884,2.144,0.082308,-0.049153,0.047638,7.2663
0.65889,2.144,0.08231,-0.049201,0.047653,7.2536
0.65895,2.144,0.082313,-0.049259,0.047666,7.2686
0.659,2.144,0.082316,-0.04932,0.047677,7.2648
0.65905,2.144,0.082318,-0.049375,0.047686,7.2574
0.65911,2.144,0.082321,-0.049406,0.047701,7.2577
0.65916,2.144,0.082323,-0.049434,0.047716,7.258
0.65921,2.144,0.082326,-0.049477,0.047733,7.2565
0.65926,2.144,0.082328,-0.049524,0.047749,7.2568
0.65932,2.144,0.082331,-0.049568,0.047762,7.2649
0.65937,2.144,0.082333,-0.049621,0.047773,7.2635
0.65942,2.144,0.082336,-0.049672,0.047784,7.2677
0.65947,2.144,0.082338,-0.049712,0.047795,7.2752
0.65953,2.144,0.082341,-0.049739,0.04781,7.2621
0.65958,2.1439,0.082343,-0.049764,0.047822,7.2646
0.65963,2.1439,0.082346,-0.04979,0.047834,7.2706
0.65968,2.1439,0.082348,-0.049825,0.047846,7.2641
0.65974,2.1439,0.082351,-0.049869,0.047854,7.2487
0.65979,2.1439,0.082353,-0.049914,0.047863,7.2622
0.65984,2.1439,0.082356,-0.049959,0.04787,7.2646
0.65989,2.1439,0.082358,-0.049994,0.047876,7.2574
0.65995,2.1439,0.082361,-0.050026,0.047886,7.2657
0.66,2.1439,0.082363,-0.050051,0.047897,7.2664
0.66005,2.1439,0.082366,-0.050073,0.047911,7.2587
0.66011,2.1439,0.082368,-0.050098,0.047926,7.2592
0.66016,2.1439,0.082371,-0.050125,0.047941,7.2649
0.66021,2.1439,0.082373,-0.050152,0.047957,7.2514
0.66026,2.1439,0.082376,-0.050179,0.047968,7.2496
0.66032,2.1439,0.082378,-0.050195,0.047979,7.2631
0.66037,2.1439,0.082381,-0.05021,0.047992,7.2608
0.66042,2.1439,0.082383,-0.05022,0.048005,7.2644
0.66047,2.1439,0.082386,-0.050227,0.048018,7.2734
0.66053,2.1439,0.082389,-0.050227,0.048031,7.2673
0.66058,2.1439,0.082391,-0.050224,0.048042,7.2617
0.66063,2.1439,0.082394,-0.050223,0.048052,7.2678
0.66068,2.1439,0.082396,-0.050221,0.048059,7.2678
0.66074,2.1439,0.082399,-0.050219,0.048066,7.259
0.66079,2.1439,0.082401,-0.050216,0.048073,7.2689
0.66084,2.1439,0.082404,-0.050213,0.048079,7.2779
0.66089,2.1439,0.082406,-0.050209,0.048084,7.2691
0.66095,2.1439,0.082409,-0.050204,0.04809,7.2741
0.661,2.1439,0.082411,-0.050199,0.048097,7.2814
0.66105,2.1439,0.082414,-0.050192,0.048104,7.2699
0.66111,2.1439,0.082416,-0.050186,0.048109,7.2691
0.66116,2.1439,0.082419,-0.050178,0.048116,7.2686
0.66121,2.1439,0.082421,-0.05017,0.048123,7.2594
0.66126,2.1439,0.082424,-0.05016,0.048129,7.2498
0.66132,2.1439,0.082427,-0.050148,0.048132,7.2634
0.66137,2.1439,0.082429,-0.050133,0.048136,7.2637
0.66142,2.1439,0.082432,-0.05013,0.048139,7.2643
0.66147,2.1439,0.082434,-0.050135,0.048139,7.2697
0.66153,2.1439,0.082437,-0.050144,0.048137,7.2747
0.66158,2.1438,0.082439,-0.050153,0.048136,7.2637
0.66163,2.1438,0.082442,-0.050159,0.048132,7.2622
0.66168,2.1438,0.082444,-0.050156,0.048127,7.2674
0.66174,2.1438,0.082447,-0.050139,0.048121,7.2603
0.66179,2.1438,0.082449,-0.050115,0.048115,7.2623
0.66184,2.1438,0.082452,-0.050099,0.04811,7.2739
0.66189,2.1438,0.082454,-0.050098,0.048102,7.2719
0.66195,2.1438,0.082457,-0.050112,0.048091,7.2809
0.662,2.1438,0.082459,-0.050144,0.048083,7.2896
0.66205,2.1438,0.082462,-0.050182,0.048074,7.291
0.66211,2.1438,0.082465,-0.050209,0.048067,7.2853
0.66216,2.1438,0.082467,-0.050225,0.048063,7.2944
0.66221,2.1438,0.08247,-0.050225,0.048064,7.2954
0.66226,2.1438,0.082472,-0.050206,0.048067,7.2845
0.66232,2.1438,0.082475,-0.050185,0.048072,7.2973
0.66237,2.1438,0.082477,-0.050154,0.048075,7.3031
0.66242,2.1438,0.08248,-0.050137,0.048079,7.2968
0.66247,2.1438,0.082482,-0.050116,0.048082,7.2984
0.66253,2.1438,0.082485,-0.050096,0.048087,7.3046
0.66258,2.1438,0.082487,-0.050094,0.048091,7.2995
0.66263,2.1438,0.08249,-0.050108,0.048092,7.2934
0.66268,2.1438,0.082492,-0.05013,0.04809,7.2941
0.66274,2.1438,0.082495,-0.050163,0.048087,7.288
0.66279,2.1438,0.082497,-0.050184,0.048083,7.2774
0.66284,2.1438,0.0825,-0.050194,0.048076,7.2922
0.66289,2.1438,0.082502,-0.050178,0.048071,7.2878
0.66295,2.1438,0.082505,-0.050146,0.048069,7.2854
0.663,2.1438,0.082508,-0.050112,0.048065,7.293
0.66305,2.1438,0.08251,-0.050093,0.048058,7.2934
0.66311,2.1438,0.082513,-0.050085,0.048048,7.2849
0.66316,2.1438,0.082515,-0.050081,0.048036,7.2849
0.66321,2.1438,0.082518,-0.050077,0.048021,7.2912
0.66326,2.1438,0.08252,-0.050067,0.048002,7.28
0.66332,2.1438,0.082523,-0.050059,0.047982,7.2866
0.66337,2.1438,0.082525,-0.050056,0.04796,7.3041
0.66342,2.1438,0.082528,-0.050058,0.047939,7.2994
0.66347,2.1438,0.08253,-0.050064,0.047921,7.2931
0.66353,2.1438,0.082533,-0.050054,0.047906,7.315
0.66358,2.1437,0.082535,-0.050028,0.047893,7.3122
0.66363,2.1437,0.082538,-0.050004,0.047878,7.301
0.66368,2.1437,0.08254,-0.049979,0.047859,7.3098
0.66374,2.1437,0.082543,-0.049951,0.047839,7.3064
0.66379,2.1437,0.082545,-0.049931,0.047816,7.3008
0.66384,2.1437,0.082548,-0.049915,0.047794,7.3108
0.66389,2.1437,0.08255,-0.049902,0.047777,7.3132
0.66395,2.1437,0.082553,-0.049888,0.047764,7.3019
0.664,2.1437,0.082555,-0.049882,0.047752,7.3034
0.66405,2.1437,0.082558,-0.049889,0.04774,7.3144
0.66411,2.1437,0.08256,-0.049897,0.047725,7.3033
0.66416,2.1437,0.082563,-0.049898,0.047708,7.296
0.66421,2.1437,0.082565,-0.049898,0.047687,7.2924
0.66426,2.1437,0.082568,-0.049896,0.047664,7.2871
0.66432,2.1437,0.08257,-0.049892,0.047638,7.2774
0.66437,2.1437,0.082573,-0.049887,0.047612,7.2825
0.66442,2.1437,0.082575,-0.049883,0.047585,7.281
0.66447,2.1437,0.082578,-0.049873,0.047555,7.2774
0.66453,2.1437,0.082581,-0.049857,0.047524,7.2796
0.66458,2.1437,0.082583,-0.049839,0.04749,7.2782
0.66463,2.1437,0.082586,-0.049817,0.047457,7.2659
0.66468,2.1437,0.082588,-0.049797,0.047424,7.2739
0.66474,2.1437,0.08259,-0.049776,0.047393,7.2708
0.66479,2.1437,0.082593,-0.049749,0.047365,7.2588
0.66484,2.1437,0.082595,-0.049719,0.047343,7.2601
0.66489,2.1437,0.082598,-0.049681,0.047321,7.2721
0.66495,2.1437,0.0826,-0.049639,0.047299,7.2708
0.665,2.1437,0.082603,-0.049597,0.047277,7.2675
0.66505,2.1437,0.082605,-0.049558,0.047256,7.2794
0.66511,2.1437,0.082608,-0.049526,0.047232,7.2742
0.66516,2.1437,0.08261,-0.049494,0.047206,7.2671
0.66521,2.1437,0.082613,-0.049459,0.047177,7.2722
0.66526,2.1437,0.082615,-0.049423,0.047147,7.2653
0.66532,2.1437,0.082618,-0.049385,0.047113,7.2561
0.66537,2.1437,0.08262,-0.049347,0.047077,7.2541
0.66542,2.1437,0.082623,-0.04931,0.047042,7.2585
0.66547,2.1437,0.082625,-0.04927,0.047006,7.2479
0.66553,2.1437,0.082628,-0.049222,0.046969,7.2503
0.66558,2.1436,0.08263,-0.04917,0.046931,7.2565
0.66563,2.1436,0.082633,-0.049116,0.046893,7.2482
0.66568,2.1436,0.082635,-0.049063,0.046852,7.2455
0.66574,2.1436,0.082638,-0.049008,0.046813,7.2431
0.66579,2.1436,0.08264,-0.048955,0.046773,7.2295
0.66584,2.1436,0.082643,-0.048906,0.046736,7.2204
0.66589,2.1436,0.082645,-0.048857,0.046699,7.2314
0.66595,2.1436,0.082647,-0.048806,0.046663,7.2249
0.666,2.1436,0.08265,-0.048756,0.046626,7.2186
0.66605,2.1436,0.082652,-0.048708,0.046586,7.2313
0.66611,2.1436,0.082655,-0.048664,0.046542,7.2344
0.66616,2.1436,0.082657,-0.048616,0.046497,7.226
0.66621,2.1436,0.08266,-0.048567,0.046451,7.2358
0.66626,2.1436,0.082662,-0.048518,0.046409,7.238
0.66632,2.1436,0.082665,-0.048468,0.046371,7.2309
0.66637,2.1436,0.082667,-0.048418,0.046334,7.2271
0.66642,2.1436,0.082669,-0.048367,0.046298,7.2345
0.66647,2.1436,0.082672,-0.048318,0.046261,7.2339
0.66653,2.1436,0.082674,-0.048267,0.046222,7.2403
0.66658,2.1436,0.082677,-0.048214,0.046184,7.2489
0.66663,2.1436,0.082679,-0.048153,0.046147,7.247
0.66668,2.1436,0.082682,-0.048077,0.046111,7.2393
0.66674,2.1436,0.082684,-0.047992,0.046075,7.2512
0.66679,2.1436,0.082686,-0.047906,0.046034,7.241
0.66684,2.1436,0.082689,-0.047826,0.045989,7.2324
0.66689,2.1436,0.082691,-0.047758,0.045941,7.2432
0.66695,2.1436,0.082694,-0.047702,0.045891,7.2386
0.667,2.1436,0.082696,-0.047657,0.045839,7.226
0.66705,2.1436,0.082699,-0.047615,0.045789,7.2332
0.66711,2.1436,0.082701,-0.047568,0.045738,7.2416
0.66716,2.1436,0.082703,-0.04752,0.045688,7.2265
0.66721,2.1436,0.082706,-0.047473,0.045637,7.2265
0.66726,2.1436,0.082708,-0.047425,0.045586,7.2324
0.66732,2.1436,0.082711,-0.047377,0.045535,7.2278
0.66737,2.1436,0.082713,-0.047329,0.045483,7.2265
0.66742,2.1436,0.082715,-0.047281,0.045431,7.2328
0.66747,2.1436,0.082718,-0.047233,0.045377,7.2396
0.66753,2.1436,0.08272,-0.047188,0.045325,7.2365
0.66758,2.1436,0.082722,-0.047138,0.045274,7.246
0.66763,2.1436,0.082725,-0.047085,0.045225,7.2582
0.66768,2.1435,0.082727,-0.04703,0.045175,7.2493
0.66774,2.1435,0.08273,-0.046974,0.045126,7.2651
0.66779,2.1435,0.082732,-0.046919,0.045077,7.2617
0.66784,2.1435,0.082734,-0.046868,0.045026,7.2519
0.66789,2.1435,0.082737,-0.046818,0.044974,7.2589
0.66795,2.1435,0.082739,-0.046765,0.044922,7.2648
0.668,2.1435,0.082741,-0.046705,0.04487,7.2576
0.66805,2.1435,0.082744,-0.046641,0.044818,7.2536
0.66811,2.1435,0.082746,-0.046577,0.044766,7.2681
0.66816,2.1435,0.082749,-0.046516,0.044714,7.2626
0.66821,2.1435,0.082751,-0.046459,0.044662,7.2533
0.66826,2.1435,0.082753,-0.04641,0.04461,7.2619
0.66832,2.1435,0.082756,-0.046363,0.044557,7.2506
0.66837,2.1435,0.082758,-0.046315,0.044504,7.2485
0.66842,2.1435,0.08276,-0.046266,0.044452,7.2472
0.66847,2.1435,0.082763,-0.046216,0.044402,7.2434
0.66853,2.1435,0.082765,-0.046171,0.044353,7.2268
0.66858,2.1435,0.082767,-0.046126,0.044305,7.2416
0.66863,2.1435,0.08277,-0.046094,0.044256,7.2483
0.66868,2.1435,0.082772,-0.046062,0.044205,7.2391
0.66874,2.1435,0.082774,-0.046017,0.044153,7.2402
0.66879,2.1435,0.082777,-0.04596,0.044101,7.2481
0.66884,2.1435,0.082779,-0.045899,0.044055,7.2389
0.66889,2.1435,0.082781,-0.045823,0.044012,7.2316
0.66895,2.1435,0.082783,-0.045744,0.043971,7.244
0.669,2.1435,0.082786,-0.045665,0.043929,7.248
0.66905,2.1435,0.082788,-0.045607,0.043885,7.2425
0.66911,2.1435,0.08279,-0.045551,0.043839,7.2628
0.66916,2.1435,0.082793,-0.045479,0.043792,7.2672
0.66921,2.1435,0.082795,-0.045404,0.043745,7.256
0.66926,2.1435,0.082797,-0.045329,0.043702,7.267
0.66932,2.1435,0.0828,-0.045251,0.04366,7.2707
0.66937,2.1435,0.082802,-0.045181,0.043619,7.2664
0.66942,2.1435,0.082804,-0.045131,0.043578,7.2674
0.66947,2.1435,0.082807,-0.0451,0.043534,7.2781
0.66953,2.1435,0.082809,-0.045074,0.043493,7.2701
0.66958,2.1435,0.082811,-0.045047,0.043452,7.2685
0.66963,2.1435,0.082813,-0.045006,0.043412,7.2831
0.66968,2.1435,0.082816,-0.04495,0.043376,7.2804
0.66974,2.1435,0.082818,-0.044888,0.04334,7.276
0.66979,2.1435,0.08282,-0.04482,0.043307,7.2812
0.66984,2.1434,0.082822,-0.044758,0.043274,7.2724
0.66989,2.1434,0.082825,-0.04469,0.043238,7.2668
0.66995,2.1434,0.082827,-0.044618,0.043205,7.2646
0.67,2.1434,0.082829,-0.044557,0.043171,7.2674
0.67005,2.1434,0.082832,-0.044495,0.04314,7.2495
0.67011,2.1434,0.082834,-0.044437,0.04311,7.2594
0.67016,2.1434,0.082836,-0.044392,0.043081,7.2608
0.67021,2.1434,0.082838,-0.044353,0.043057,7.2488
0.67026,2.1434,0.082841,-0.044322,0.043033,7.2484
0.67032,2.1434,0.082843,-0.044285,0.043012,7.2548
0.67037,2.1434,0.082845,-0.044244,0.042991,7.2479
0.67042,2.1434,0.082847,-0.044206,0.042967,7.2374
0.67047,2.1434,0.08285,-0.044166,0.04294,7.2478
0.67053,2.1434,0.082852,-0.044125,0.042909,7.2461
0.67058,2.1434,0.082854,-0.044089,0.042877,7.2376
0.67063,2.1434,0.082856,-0.044053,0.042844,7.2535
0.67068,2.1434,0.082859,-0.044013,0.042811,7.2552
0.67074,2.1434,0.082861,-0.043971,0.042784,7.2485
0.67079,2.1434,0.082863,-0.043929,0.042758,7.2573
0.67084,2.1434,0.082865,-0.043887,0.042733,7.2541
0.67089,2.1434,0.082868,-0.043851,0.042707,7.2471
0.67095,2.1434,0.08287,-0.043828,0.042677,7.2439
0.671,2.1434,0.082872,-0.043816,0.042647,7.2453
0.67105,2.1434,0.082874,-0.04381,0.042614,7.2374
0.67111,2.1434,0.082877,-0.0438,0.042581,7.2388
0.67116,2.1434,0.082879,-0.043793,0.04255,7.2421
0.67121,2.1434,0.082881,-0.043784,0.042519,7.2349
0.67126,2.1434,0.082883,-0.043774,0.04249,7.224
0.67132,2.1434,0.082886,-0.043771,0.042461,7.2286
0.67137,2.1434,0.082888,-0.043774,0.042433,7.2193
0.67142,2.1434,0.08289,-0.04378,0.042405,7.2145
0.67147,2.1434,0.082892,-0.043791,0.042377,7.2152
0.67153,2.1434,0.082895,-0.043799,0.04235,7.2152
0.67158,2.1434,0.082897,-0.04381,0.042325,7.2091
0.67163,2.1434,0.082899,-0.043819,0.042306,7.2191
0.67168,2.1434,0.082901,-0.043832,0.042289,7.2237
0.67174,2.1434,0.082903,-0.043857,0.042272,7.2142
0.67179,2.1434,0.082906,-0.043878,0.042255,7.2233
0.67184,2.1434,0.082908,-0.043898,0.04224,7.236
0.67189,2.1434,0.08291,-0.043904,0.042223,7.2241
0.67195,2.1434,0.082912,-0.043889,0.042205,7.2264
0.672,2.1434,0.082915,-0.043859,0.042188,7.2358
0.67205,2.1434,0.082917,-0.043827,0.042172,7.2345
0.67211,2.1433,0.082919,-0.04379,0.042158,7.2271
0.67216,2.1433,0.082921,-0.04376,0.042143,7.2409
0.67221,2.1433,0.082923,-0.043737,0.042128,7.2484
0.67226,2.1433,0.082926,-0.043723,0.042115,7.2403
0.67232,2.1433,0.082928,-0.043716,0.0421,7.2515
0.67237,2.1433,0.08293,-0.043704,0.042083,7.2487
0.67242,2.1433,0.082932,-0.0437,0.042066,7.2382
0.67247,2.1433,0.082935,-0.043699,0.042048,7.2386
0.67253,2.1433,0.082937,-0.043685,0.042032,7.2457
0.67258,2.1433,0.082939,-0.043664,0.042015,7.2367
0.67263,2.1433,0.082941,-0.043626,0.041999,7.2399
0.67268,2.1433,0.082943,-0.043578,0.041984,7.252
0.67274,2.1433,0.082946,-0.043534,0.041968,7.247
0.67279,2.1433,0.082948,-0.043497,0.041953,7.24
0.67284,2.1433,0.08295,-0.043476,0.041938,7.251
0.67289,2.1433,0.082952,-0.043462,0.041924,7.2541
0.67295,2.1433,0.082954,-0.043451,0.04191,7.2503
0.673,2.1433,0.082957,-0.043433,0.041896,7.2569
0.67305,2.1433,0.082959,-0.043399,0.041883,7.2554
0.67311,2.1433,0.082961,-0.043371,0.041868,7.2522
0.67316,2.1433,0.082963,-0.043354,0.041856,7.2659
0.67321,2.1433,0.082965,-0.043355,0.041845,7.2767
0.67326,2.1433,0.082968,-0.043363,0.041836,7.2775
0.67332,2.1433,0.08297,-0.043372,0.041827,7.2859
0.67337,2.1433,0.082972,-0.043377,0.041818,7.3
0.67342,2.1433,0.082974,-0.043368,0.041809,7.2924
0.67347,2.1433,0.082976,-0.043367,0.041798,7.2912
0.67353,2.1433,0.082979,-0.043388,0.041785,7.302
0.67358,2.1433,0.082981,-0.043408,0.041774,7.2972
0.67363,2.1433,0.082983,-0.043433,0.041763,7.2924
0.67368,2.1433,0.082985,-0.043466,0.041752,7.3056
0.67374,2.1433,0.082987,-0.043482,0.041742,7.3083
0.67379,2.1433,0.08299,-0.043488,0.041731,7.3051
0.67384,2.1433,0.082992,-0.043481,0.041721,7.3089
0.67389,2.1433,0.082994,-0.043478,0.04171,7.3132
0.67395,2.1433,0.082996,-0.043482,0.041699,7.2968
0.674,2.1433,0.082998,-0.043477,0.041688,7.2944
0.67405,2.1433,0.083001,-0.043481,0.041676,7.2973
0.67411,2.1433,0.083003,-0.043495,0.041665,7.2886
0.67416,2.1433,0.083005,-0.043502,0.041652,7.2853
0.67421,2.1433,0.083007,-0.043515,0.04164,7.2927
0.67426,2.1433,0.083009,-0.043522,0.041626,7.2939
0.67432,2.1433,0.083012,-0.043525,0.041613,7.2913
0.67437,2.1433,0.083014,-0.043523,0.041598,7.2992
0.67442,2.1432,0.083016,-0.043507,0.041585,7.289
0.67447,2.1432,0.083018,-0.043488,0.041574,7.2885
0.67453,2.1432,0.08302,-0.043463,0.041563,7.2952
0.67458,2.1432,0.083022,-0.043442,0.041553,7.2987
0.67463,2.1432,0.083025,-0.043424,0.041543,7.2898
0.67468,2.1432,0.083027,-0.04341,0.041532,7.3001
0.67474,2.1432,0.083029,-0.043396,0.041519,7.3149
0.67479,2.1432,0.083031,-0.043378,0.041504,7.3042
0.67484,2.1432,0.083033,-0.043357,0.04149,7.3146
0.67489,2.1432,0.083036,-0.043336,0.041475,7.3299
0.67495,2.1432,0.083038,-0.04331,0.041459,7.3175
0.675,2.1432,0.08304,-0.043283,0.041443,7.3197
0.67505,2.1432,0.083042,-0.043251,0.041427,7.3193
0.67511,2.1432,0.083044,-0.043219,0.04141,7.3144
0.67516,2.1432,0.083047,-0.043186,0.041392,7.309
0.67521,2.1432,0.083049,-0.043142,0.041375,7.315
0.67526,2.1432,0.083051,-0.043101,0.041357,7.3148
0.67532,2.1432,0.083053,-0.043057,0.041338,7.303
0.67537,2.1432,0.083055,-0.043017,0.041319,7.3114
0.67542,2.1432,0.083057,-0.042974,0.0413,7.3119
0.67547,2.1432,0.08306,-0.04294,0.04128,7.3045
0.67553,2.1432,0.083062,-0.042912,0.04126,7.3029
0.67558,2.1432,0.083064,-0.042899,0.041239,7.3015
0.67563,2.1432,0.083066,-0.042881,0.041218,7.2812
0.67568,2.1432,0.083068,-0.04287,0.041196,7.2786
0.67574,2.1432,0.08307,-0.042859,0.041174,7.293
0.67579,2.1432,0.083073,-0.042849,0.041151,7.2834
0.67584,2.1432,0.083075,-0.042835,0.041128,7.2803
0.67589,2.1432,0.083077,-0.042815,0.041104,7.3013
0.67595,2.1432,0.083079,-0.042786,0.04108,7.2954
0.676,2.1432,0.083081,-0.042747,0.041055,7.2846
0.67605,2.1432,0.083083,-0.042693,0.04103,7.2983
0.67611,2.1432,0.083086,-0.042632,0.041006,7.3055
0.67616,2.1432,0.083088,-0.042559,0.040981,7.2934
0.67621,2.1432,0.08309,-0.042491,0.040955,7.3012
0.67626,2.1432,0.083092,-0.042431,0.040928,7.3125
0.67632,2.1432,0.083094,-0.042366,0.040904,7.3056
0.67637,2.1432,0.083096,-0.042304,0.04088,7.3126
0.67642,2.1432,0.083098,-0.042246,0.040857,7.3223
0.67647,2.1432,0.083101,-0.042199,0.040834,7.3105
0.67653,2.1432,0.083103,-0.042162,0.04081,7.3088
0.67658,2.1432,0.083105,-0.042136,0.040785,7.3133
0.67663,2.1432,0.083107,-0.04214,0.040762,7.3068
0.67668,2.1432,0.083109,-0.042157,0.040739,7.2958
0.67674,2.1431,0.083111,-0.042171,0.040721,7.3014
0.67679,2.1431,0.083113,-0.042185,0.040707,7.3067
0.67684,2.1431,0.083116,-0.042185,0.040692,7.2997
0.67689,2.1431,0.083118,-0.042167,0.040676,7.3069
0.67695,2.1431,0.08312,-0.042133,0.040659,7.3087
0.677,2.1431,0.083122,-0.042092,0.040639,7.2953
0.67705,2.1431,0.083124,-0.042056,0.040616,7.2915
0.67711,2.1431,0.083126,-0.042024,0.040594,7.2975
0.67716,2.1431,0.083128,-0.041995,0.040571,7.2873
0.67721,2.1431,0.083131,-0.041964,0.04055,7.289
0.67726,2.1431,0.083133,-0.041931,0.040528,7.2963
0.67732,2.1431,0.083135,-0.041886,0.040507,7.2889
0.67737,2.1431,0.083137,-0.041844,0.040487,7.289
0.67742,2.1431,0.083139,-0.041804,0.040465,7.3031
0.67747,2.1431,0.083141,-0.041762,0.040441,7.2967
0.67753,2.1431,0.083143,-0.041724,0.040417,7.2962
0.67758,2.1431,0.083145,-0.041685,0.040392,7.3017
0.67763,2.1431,0.083148,-0.041644,0.040366,7.303
0.67768,2.1431,0.08315,-0.04161,0.040338,7.2927
0.67774,2.1431,0.083152,-0.04157,0.040307,7.3057
0.67779,2.1431,0.083154,-0.041525,0.040275,7.3126
0.67784,2.1431,0.083156,-0.041475,0.040241,7.3075
0.67789,2.1431,0.083158,-0.041416,0.040208,7.3069
0.67795,2.1431,0.08316,-0.041358,0.040174,7.3227
0.678,2.1431,0.083162,-0.041296,0.040141,7.3063
0.67805,2.1431,0.083165,-0.041236,0.040109,7.2995
0.67811,2.1431,0.083167,-0.041182,0.040075,7.3004
0.67816,2.1431,0.083169,-0.041132,0.040041,7.296
0.67821,2.1431,0.083171,-0.041077,0.040006,7.2832
0.67826,2.1431,0.083173,-0.041032,0.039971,7.2971
0.67832,2.1431,0.083175,-0.04099,0.039935,7.2923
0.67837,2.1431,0.083177,-0.040959,0.039899,7.2878
0.67842,2.1431,0.083179,-0.04093,0.039863,7.293
0.67847,2.1431,0.083181,-0.040895,0.039827,7.3089
0.67853,2.1431,0.083183,-0.040854,0.039791,7.3003
0.67858,2.1431,0.083186,-0.040805,0.039756,7.3057
0.67863,2.1431,0.083188,-0.040747,0.039718,7.3161
0.67868,2.1431,0.08319,-0.040684,0.03968,7.3089
0.67874,2.1431,0.083192,-0.04062,0.039641,7.3118
0.67879,2.1431,0.083194,-0.040568,0.039602,7.3299
0.67884,2.1431,0.083196,-0.04053,0.039563,7.3298
0.67889,2.1431,0.083198,-0.0405,0.039525,7.3293
0.67895,2.1431,0.0832,-0.040482,0.039489,7.3444
0.679,2.1431,0.083202,-0.040465,0.039454,7.3468
0.67905,2.1431,0.083204,-0.04045,0.039419,7.3381
0.67911,2.1431,0.083206,-0.040434,0.039384,7.3492
0.67916,2.143,0.083208,-0.040416,0.039349,7.3473
0.67921,2.143,0.083211,-0.040393,0.039315,7.3357
0.67926,2.143,0.083213,-0.040366,0.039283,7.3524
0.67932,2.143,0.083215,-0.04033,0.039249,7.3597
0.67937,2.143,0.083217,-0.040276,0.039215,7.3433
0.67942,2.143,0.083219,-0.040218,0.039178,7.3517
0.67947,2.143,0.083221,-0.040157,0.03914,7.3599
0.67953,2.143,0.083223,-0.040099,0.039102,7.3524
0.67958,2.143,0.083225,-0.040048,0.039067,7.3438
0.67963,2.143,0.083227,-0.040002,0.039032,7.3452
0.67968,2.143,0.083229,-0.039969,0.038999,7.3367
0.67974,2.143,0.083231,-0.039937,0.038963,7.334
0.67979,2.143,0.083233,-0.039902,0.038925,7.336
0.67984,2.143,0.083235,-0.039874,0.038886,7.3346
0.67989,2.143,0.083237,-0.039854,0.038846,7.3234
0.67995,2.143,0.083239,-0.039828,0.038808,7.3354
0.68,2.143,0.083241,-0.039801,0.038774,7.3393
0.68005,2.143,0.083243,-0.039774,0.038741,7.3269
0.68011,2.143,0.083245,-0.039746,0.038707,7.3306
0.68016,2.143,0.083247,-0.039714,0.038671,7.3324
0.68021,2.143,0.083249,-0.039684,0.038632,7.3276
0.68026,2.143,0.083252,-0.039659,0.03859,7.3305
0.68032,2.143,0.083254,-0.039647,0.038547,7.3411
0.68037,2.143,0.083256,-0.039626,0.038506,7.3331
0.68042,2.143,0.083258,-0.039607,0.038468,7.338
0.68047,2.143,0.08326,-0.039585,0.038436,7.3522
0.68053,2.143,0.083262,-0.039557,0.038403,7.3459
0.68058,2.143,0.083264,-0.039532,0.03837,7.3388
0.68063,2.143,0.083266,-0.039511,0.038337,7.3455
0.68068,2.143,0.083268,-0.039494,0.038298,7.344
0.68074,2.143,0.08327,-0.039492,0.038259,7.3301
0.68079,2.143,0.083272,-0.039494,0.03822,7.3296
0.68084,2.143,0.083274,-0.039495,0.038183,7.3348
0.68089,2.143,0.083276,-0.039479,0.038153,7.3213
0.68095,2.143,0.083278,-0.039447,0.038122,7.3248
0.681,2.143,0.08328,-0.039407,0.038094,7.3299
0.68105,2.143,0.083282,-0.039374,0.038068,7.3152
0.68111,2.143,0.083284,-0.03934,0.03804,7.3245
0.68116,2.143,0.083286,-0.039324,0.038011,7.3242
0.68121,2.143,0.083288,-0.039311,0.037984,7.3078
0.68126,2.143,0.08329,-0.039299,0.037955,7.2989
0.68132,2.143,0.083292,-0.039275,0.037923,7.3108
0.68137,2.143,0.083294,-0.039235,0.037891,7.3043
0.68142,2.143,0.083296,-0.039187,0.03786,7.2858
0.68147,2.143,0.083298,-0.039146,0.037827,7.303
0.68153,2.143,0.0833,-0.039097,0.037793,7.3112
0.68158,2.143,0.083302,-0.039053,0.037761,7.2992
0.68163,2.143,0.083304,-0.039012,0.037732,7.3022
0.68168,2.1429,0.083306,-0.038985,0.037701,7.3105
0.68174,2.1429,0.083308,-0.038956,0.037671,7.3007
0.68179,2.1429,0.08331,-0.038921,0.037641,7.3021
0.68184,2.1429,0.083312,-0.03889,0.037611,7.3129
0.68189,2.1429,0.083314,-0.038864,0.037578,7.3014
0.68195,2.1429,0.083316,-0.038832,0.037542,7.3051
0.682,2.1429,0.083318,-0.0388,0.037506,7.3191
0.68205,2.1429,0.08332,-0.038779,0.037472,7.3174
0.68211,2.1429,0.083321,-0.038767,0.037442,7.3111
0.68216,2.1429,0.083323,-0.038754,0.037415,7.3112
0.68221,2.1429,0.083325,-0.038745,0.03739,7.3004
0.68226,2.1429,0.083327,-0.03875,0.037363,7.2874
0.68232,2.1429,0.083329,-0.038763,0.037336,7.2896
0.68237,2.1429,0.083331,-0.03878,0.037306,7.2901
0.68242,2.1429,0.083333,-0.038805,0.037274,7.2849
0.68247,2.1429,0.083335,-0.038833,0.037243,7.2845
0.68253,2.1429,0.083337,-0.03886,0.037217,7.2925
0.68258,2.1429,0.083339,-0.038891,0.037191,7.2838
0.68263,2.1429,0.083341,-0.038921,0.037166,7.2813
0.68268,2.1429,0.083343,-0.038949,0.037142,7.2838
0.68274,2.1429,0.083345,-0.038974,0.037121,7.2748
0.68279,2.1429,0.083347,-0.039001,0.037102,7.2718
0.68284,2.1429,0.083349,-0.03903,0.037082,7.2827
0.68289,2.1429,0.083351,-0.039059,0.03706,7.2768
0.68295,2.1429,0.083353,-0.039087,0.037036,7.2721
0.683,2.1429,0.083355,-0.039124,0.037009,7.2835
0.68305,2.1429,0.083357,-0.039154,0.03698,7.2909
0.68311,2.1429,0.083359,-0.039176,0.036949,7.2813
0.68316,2.1429,0.083361,-0.039187,0.036921,7.2928
0.68321,2.1429,0.083363,-0.039192,0.036896,7.2942
0.68326,2.1429,0.083364,-0.039186,0.036875,7.2868
0.68332,2.1429,0.083366,-0.039176,0.036855,7.2867
0.68337,2.1429,0.083368,-0.039173,0.036831,7.2976
0.68342,2.1429,0.08337,-0.039175,0.036807,7.2893
0.68347,2.1429,0.083372,-0.039171,0.03678,7.2891
0.68353,2.1429,0.083374,-0.039166,0.036754,7.3016
0.68358,2.1429,0.083376,-0.039156,0.036728,7.3036
0.68363,2.1429,0.083378,-0.039141,0.036706,7.2931
0.68368,2.1429,0.08338,-0.039134,0.036685,7.2992
0.68374,2.1429,0.083382,-0.039133,0.036662,7.2943
0.68379,2.1429,0.083384,-0.039143,0.036637,7.2855
0.68384,2.1429,0.083386,-0.039151,0.036611,7.2882
0.68389,2.1429,0.083388,-0.039142,0.036587,7.2832
0.68395,2.1429,0.08339,-0.039127,0.036561,7.275
0.684,2.1429,0.083392,-0.039097,0.036536,7.2784
0.68405,2.1429,0.083393,-0.039058,0.036513,7.2811
0.68411,2.1429,0.083395,-0.039022,0.036486,7.2703
0.68416,2.1429,0.083397,-0.038976,0.036458,7.2777
0.68421,2.1429,0.083399,-0.038931,0.036431,7.2837
0.68426,2.1428,0.083401,-0.038887,0.036405,7.2759
0.68432,2.1428,0.083403,-0.038845,0.03638,7.2774
0.68437,2.1428,0.083405,-0.038813,0.036352,7.2881
0.68442,2.1428,0.083407,-0.038784,0.036325,7.2849
0.68447,2.1428,0.083409,-0.038755,0.036299,7.273
0.68453,2.1428,0.083411,-0.038724,0.036272,7.2886
0.68458,2.1428,0.083413,-0.038692,0.036245,7.3019
0.68463,2.1428,0.083414,-0.038663,0.036219,7.2926
0.68468,2.1428,0.083416,-0.038639,0.036194,7.3007
0.68474,2.1428,0.083418,-0.038614,0.036169,7.301
0.68479,2.1428,0.08342,-0.038584,0.036143,7.2956
0.68484,2.1428,0.083422,-0.038539,0.036113,7.2967
0.68489,2.1428,0.083424,-0.038492,0.036082,7.3033
0.68495,2.1428,0.083426,-0.038441,0.036048,7.2883
0.685,2.1428,0.083428,-0.038394,0.036012,7.2918
0.68505,2.1428,0.08343,-0.038351,0.035976,7.3059
0.68511,2.1428,0.083432,-0.038307,0.03594,7.2991
0.68516,2.1428,0.083433,-0.038274,0.035906,7.2909
0.68521,2.1428,0.083435,-0.038237,0.03587,7.299
0.68526,2.1428,0.083437,-0.0382,0.035833,7.2989
0.68532,2.1428,0.083439,-0.038159,0.035796,7.2877
0.68537,2.1428,0.083441,-0.03812,0.035758,7.2876
0.68542,2.1428,0.083443,-0.038077,0.035719,7.2936
0.68547,2.1428,0.083445,-0.038028,0.035684,7.2773
0.68553,2.1428,0.083447,-0.037961,0.035649,7.2837
0.68558,2.1428,0.083449,-0.037898,0.035615,7.2967
0.68563,2.1428,0.08345,-0.037827,0.035584,7.2916
0.68568,2.1428,0.083452,-0.037753,0.035554,7.2953
0.68574,2.1428,0.083454,-0.03767,0.035525,7.3059
0.68579,2.1428,0.083456,-0.037588,0.035497,7.2904
0.68584,2.1428,0.083458,-0.03751,0.03547,7.2902
0.68589,2.1428,0.08346,-0.037438,0.035444,7.3015
0.68595,2.1428,0.083462,-0.037371,0.035417,7.299
0.686,2.1428,0.083463,-0.037315,0.035388,7.2937
0.68605,2.1428,0.083465,-0.037269,0.035357,7.3088
0.68611,2.1428,0.083467,-0.037237,0.035323,7.3183
0.68616,2.1428,0.083469,-0.037203,0.03529,7.3096
0.68621,2.1428,0.083471,-0.037161,0.035262,7.3178
0.68626,2.1428,0.083473,-0.037128,0.035233,7.3275
0.68632,2.1428,0.083475,-0.037092,0.035207,7.3141
0.68637,2.1428,0.083476,-0.037052,0.035182,7.3157
0.68642,2.1428,0.083478,-0.037002,0.035158,7.3195
0.68647,2.1428,0.08348,-0.036942,0.035131,7.3112
0.68653,2.1428,0.083482,-0.036882,0.035104,7.307
0.68658,2.1428,0.083484,-0.03681,0.035073,7.318
0.68663,2.1428,0.083486,-0.036736,0.03504,7.3108
0.68668,2.1428,0.083488,-0.036666,0.035001,7.3008
0.68674,2.1428,0.083489,-0.036591,0.034954,7.3093
0.68679,2.1428,0.083491,-0.036515,0.034907,7.3011
0.68684,2.1428,0.083493,-0.036443,0.034861,7.2833
0.68689,2.1427,0.083495,-0.03637,0.034817,7.285
0.68695,2.1427,0.083497,-0.036301,0.034776,7.2865
0.687,2.1427,0.083499,-0.036233,0.034736,7.2696
0.68705,2.1427,0.0835,-0.036159,0.034698,7.2742
0.68711,2.1427,0.083502,-0.036082,0.034659,7.2779
0.68716,2.1427,0.083504,-0.036006,0.034616,7.2766
0.68721,2.1427,0.083506,-0.03593,0.034574,7.2827
0.68726,2.1427,0.083508,-0.035866,0.034533,7.2913
0.68732,2.1427,0.083509,-0.035799,0.034491,7.2832
0.68737,2.1427,0.083511,-0.035731,0.034446,7.281
0.68742,2.1427,0.083513,-0.035664,0.034397,7.2905
0.68747,2.1427,0.083515,-0.035594,0.034346,7.2909
0.68753,2.1427,0.083517,-0.035524,0.034294,7.2747
0.68758,2.1427,0.083518,-0.035456,0.034243,7.2885
0.68763,2.1427,0.08352,-0.035381,0.034196,7.3006
0.68768,2.1427,0.083522,-0.035311,0.034153,7.2862
0.68774,2.1427,0.083524,-0.035244,0.034112,7.2983
0.68779,2.1427,0.083526,-0.035188,0.034074,7.2961
0.68784,2.1427,0.083527,-0.035144,0.034034,7.2828
0.68789,2.1427,0.083529,-0.035105,0.033993,7.2822
0.68795,2.1427,0.083531,-0.035072,0.033952,7.2846
0.688,2.1427,0.083533,-0.035038,0.033908,7.2739
0.68805,2.1427,0.083535,-0.034999,0.033863,7.273
0.68811,2.1427,0.083536,-0.034952,0.033815,7.2802
0.68816,2.1427,0.083538,-0.034913,0.033766,7.2808
0.68821,2.1427,0.08354,-0.034872,0.033718,7.2754
0.68826,2.1427,0.083542,-0.03483,0.033669,7.2811
0.68832,2.1427,0.083543,-0.03478,0.03362,7.2747
0.68837,2.1427,0.083545,-0.034729,0.033574,7.2654
0.68842,2.1427,0.083547,-0.034678,0.033529,7.2724
0.68847,2.1427,0.083549,-0.034631,0.033487,7.2795
0.68853,2.1427,0.083551,-0.034582,0.033447,7.2668
0.68858,2.1427,0.083552,-0.034543,0.03341,7.2821
0.68863,2.1427,0.083554,-0.034509,0.033374,7.2883
0.68868,2.1427,0.083556,-0.034479,0.033339,7.283
0.68874,2.1427,0.083558,-0.034444,0.033302,7.285
0.68879,2.1427,0.083559,-0.034402,0.033265,7.2988
0.68884,2.1427,0.083561,-0.034355,0.033226,7.2942
0.68889,2.1427,0.083563,-0.0343,0.033189,7.2924
0.68895,2.1427,0.083565,-0.034241,0.033152,7.2934
0.689,2.1427,0.083566,-0.034181,0.03312,7.2884
0.68905,2.1427,0.083568,-0.03412,0.03309,7.2829
0.68911,2.1427,0.08357,-0.034062,0.033061,7.2921
0.68916,2.1427,0.083572,-0.034011,0.033031,7.2979
0.68921,2.1427,0.083573,-0.033962,0.032998,7.2879
0.68926,2.1427,0.083575,-0.033921,0.032966,7.2911
0.68932,2.1427,0.083577,-0.033891,0.032938,7.3001
0.68937,2.1427,0.083578,-0.033867,0.032913,7.2911
0.68942,2.1427,0.08358,-0.033848,0.032893,7.2905
0.68947,2.1427,0.083582,-0.03383,0.032874,7.2916
0.68953,2.1427,0.083584,-0.03381,0.032856,7.2859
0.68958,2.1427,0.083585,-0.033792,0.032839,7.2816
0.68963,2.1427,0.083587,-0.033762,0.03282,7.2931
0.68968,2.1427,0.083589,-0.033735,0.032807,7.288
0.68974,2.1427,0.083591,-0.033706,0.032799,7.2886
0.68979,2.1426,0.083592,-0.033674,0.032792,7.3032
0.68984,2.1426,0.083594,-0.033638,0.032783,7.301
0.68989,2.1426,0.083596,-0.033607,0.032773,7.2953
0.68995,2.1426,0.083597,-0.033573,0.032762,7.3046
0.69,2.1426,0.083599,-0.033542,0.032751,7.3098
0.69005,2.1426,0.083601,-0.033509,0.032736,7.3019
0.69011,2.1426,0.083603,-0.033478,0.032721,7.3142
0.69016,2.1426,0.083604,-0.033446,0.032707,7.319
0.69021,2.1426,0.083606,-0.033412,0.03269,7.3192
0.69026,2.1426,0.083608,-0.033371,0.032674,7.325
0.69032,2.1426,0.08361,-0.033338,0.03266,7.3359
0.69037,2.1426,0.083611,-0.033307,0.032647,7.3345
0.69042,2.1426,0.083613,-0.033283,0.032634,7.336
0.69047,2.1426,0.083615,-0.033264,0.032624,7.346
0.69053,2.1426,0.083616,-0.033246,0.032616,7.3448
0.69058,2.1426,0.083618,-0.033232,0.032613,7.3407
0.69063,2.1426,0.08362,-0.033221,0.032612,7.3553
0.69068,2.1426,0.083622,-0.033201,0.032615,7.3476
0.69074,2.1426,0.083623,-0.033181,0.032614,7.342
0.69079,2.1426,0.083625,-0.033161,0.032608,7.3459
0.69084,2.1426,0.083627,-0.033148,0.032597,7.3542
0.69089,2.1426,0.083628,-0.033146,0.032583,7.3424
0.69095,2.1426,0.08363,-0.033149,0.032569,7.3412
0.691,2.1426,0.083632,-0.033154,0.032557,7.3477
0.69105,2.1426,0.083634,-0.033158,0.03255,7.3375
0.69111,2.1426,0.083635,-0.033153,0.032544,7.3363
0.69116,2.1426,0.083637,-0.033157,0.032537,7.3445
0.69121,2.1426,0.083639,-0.033163,0.032532,7.3423
0.69126,2.1426,0.08364,-0.033176,0.032525,7.3451
0.69132,2.1426,0.083642,-0.033202,0.032518,7.3544
0.69137,2.1426,0.083644,-0.033228,0.032511,7.3587
0.69142,2.1426,0.083646,-0.033247,0.03251,7.354
0.69147,2.1426,0.083647,-0.033266,0.032511,7.3604
0.69153,2.1426,0.083649,-0.033286,0.032513,7.3596
0.69158,2.1426,0.083651,-0.033308,0.032514,7.3477
0.69163,2.1426,0.083652,-0.03332,0.03252,7.3626
0.69168,2.1426,0.083654,-0.033331,0.032525,7.3733
0.69174,2.1426,0.083656,-0.033344,0.032532,7.3606
0.69179,2.1426,0.083657,-0.033353,0.032539,7.3658
0.69184,2.1426,0.083659,-0.033362,0.032552,7.3784
0.69189,2.1426,0.083661,-0.033379,0.032569,7.3714
0.69195,2.1426,0.083663,-0.033406,0.032585,7.3693
0.692,2.1426,0.083664,-0.033436,0.032598,7.3754
0.69205,2.1426,0.083666,-0.033466,0.032607,7.3625
0.69211,2.1426,0.083668,-0.033503,0.032608,7.3541
0.69216,2.1426,0.083669,-0.033539,0.032608,7.3611
0.69221,2.1426,0.083671,-0.033566,0.032612,7.3589
0.69226,2.1426,0.083673,-0.033581,0.032618,7.3508
0.69232,2.1426,0.083675,-0.033586,0.032629,7.3528
0.69237,2.1426,0.083676,-0.033591,0.032641,7.3582
0.69242,2.1426,0.083678,-0.033594,0.032653,7.3495
0.69247,2.1426,0.08368,-0.033599,0.032664,7.3447
0.69253,2.1426,0.083682,-0.033606,0.032675,7.3497
0.69258,2.1426,0.083683,-0.033613,0.032687,7.3401
0.69263,2.1426,0.083685,-0.033617,0.032701,7.3378
0.69268,2.1426,0.083687,-0.033622,0.032711,7.3421
0.69274,2.1426,0.083688,-0.033617,0.032718,7.3412
0.69279,2.1425,0.08369,-0.033612,0.032726,7.338
0.69284,2.1425,0.083692,-0.033605,0.032737,7.3473
0.69289,2.1425,0.083694,-0.033595,0.032749,7.3488
0.69295,2.1425,0.083695,-0.03359,0.032765,7.3396
0.693,2.1425,0.083697,-0.033587,0.032783,7.3483
0.69305,2.1425,0.083699,-0.03359,0.032804,7.3506
0.69311,2.1425,0.0837,-0.033604,0.032821,7.3378
0.69316,2.1425,0.083702,-0.033621,0.032834,7.3481
0.69321,2.1425,0.083704,-0.033645,0.032843,7.3551
0.69326,2.1425,0.083706,-0.03367,0.032848,7.3403
0.69332,2.1425,0.083707,-0.033689,0.032854,7.3481
0.69337,2.1425,0.083709,-0.033702,0.032858,7.3601
0.69342,2.1425,0.083711,-0.03371,0.032868,7.3508
0.69347,2.1425,0.083713,-0.033713,0.032879,7.3436
0.69353,2.1425,0.083714,-0.033713,0.03289,7.3538
0.69358,2.1425,0.083716,-0.033711,0.032901,7.3453
0.69363,2.1425,0.083718,-0.033712,0.032913,7.3334
0.69368,2.1425,0.08372,-0.033711,0.032924,7.343
0.69374,2.1425,0.083721,-0.033707,0.032937,7.3335
0.69379,2.1425,0.083723,-0.033697,0.032947,7.3231
0.69384,2.1425,0.083725,-0.033693,0.032957,7.3328
0.69389,2.1425,0.083726,-0.033694,0.032966,7.3441
0.69395,2.1425,0.083728,-0.033693,0.032974,7.3297
0.694,2.1425,0.08373,-0.033695,0.032979,7.3353
0.69405,2.1425,0.083732,-0.033704,0.032987,7.3395
0.69411,2.1425,0.083733,-0.033715,0.032995,7.3284
0.69416,2.1425,0.083735,-0.033726,0.033001,7.3239
0.69421,2.1425,0.083737,-0.033729,0.033004,7.3424
0.69426,2.1425,0.083739,-0.033731,0.033011,7.3453
0.69432,2.1425,0.08374,-0.033737,0.03302,7.3446
0.69437,2.1425,0.083742,-0.033744,0.033027,7.3571
0.69442,2.1425,0.083744,-0.033759,0.03303,7.357
0.69447,2.1425,0.083746,-0.033785,0.033036,7.3476
0.69453,2.1425,0.083747,-0.033809,0.033042,7.3549
0.69458,2.1425,0.083749,-0.033824,0.033046,7.3537
0.69463,2.1425,0.083751,-0.033833,0.033048,7.3386
0.69468,2.1425,0.083753,-0.033835,0.033051,7.345
0.69474,2.1425,0.083754,-0.033842,0.033054,7.3488
0.69479,2.1425,0.083756,-0.033855,0.033057,7.3336
0.69484,2.1425,0.083758,-0.033869,0.033058,7.3377
0.69489,2.1425,0.083759,-0.033879,0.033061,7.3512
0.69495,2.1425,0.083761,-0.033874,0.033067,7.3382
0.695,2.1425,0.083763,-0.033856,0.033076,7.3528
0.69505,2.1425,0.083765,-0.033841,0.033082,7.3529
0.69511,2.1425,0.083766,-0.03381,0.033088,7.3408
0.69516,2.1425,0.083768,-0.03379,0.033096,7.3369
0.69521,2.1425,0.08377,-0.033779,0.033106,7.35
0.69526,2.1425,0.083772,-0.033767,0.033113,7.3475
0.69532,2.1425,0.083773,-0.033744,0.033119,7.3423
0.69537,2.1425,0.083775,-0.033722,0.033123,7.3593
0.69542,2.1425,0.083777,-0.033706,0.033121,7.3656
0.69547,2.1425,0.083779,-0.033698,0.033118,7.3611
0.69553,2.1425,0.08378,-0.033683,0.033113,7.3638
0.69558,2.1425,0.083782,-0.033678,0.033105,7.3742
0.69563,2.1425,0.083784,-0.033675,0.033097,7.3686
0.69568,2.1425,0.083786,-0.03367,0.033088,7.366
0.69574,2.1424,0.083787,-0.033652,0.033076,7.3809
0.69579,2.1424,0.083789,-0.033643,0.033066,7.3733
0.69584,2.1424,0.083791,-0.033633,0.033053,7.3791
0.69589,2.1424,0.083793,-0.033624,0.033041,7.3934
0.69595,2.1424,0.083794,-0.033615,0.033027,7.3906
0.696,2.1424,0.083796,-0.033606,0.033015,7.3899
0.69605,2.1424,0.083798,-0.033603,0.033004,7.4002
0.69611,2.1424,0.0838,-0.033601,0.032993,7.3997
0.69616,2.1424,0.083801,-0.033598,0.032981,7.3917
0.69621,2.1424,0.083803,-0.033598,0.03297,7.3965
0.69626,2.1424,0.083805,-0.033593,0.032955,7.3977
0.69632,2.1424,0.083806,-0.033587,0.032935,7.3828
0.69637,2.1424,0.083808,-0.033579,0.032912,7.3922
0.69642,2.1424,0.08381,-0.033573,0.032889,7.3968
0.69647,2.1424,0.083812,-0.03356,0.032864,7.3833
0.69653,2.1424,0.083813,-0.033543,0.03284,7.3821
0.69658,2.1424,0.083815,-0.033522,0.032816,7.3885
0.69663,2.1424,0.083817,-0.033499,0.032793,7.3781
0.69668,2.1424,0.083819,-0.033474,0.032772,7.3708
0.69674,2.1424,0.08382,-0.03345,0.03275,7.3801
0.69679,2.1424,0.083822,-0.033427,0.032724,7.3742
0.69684,2.1424,0.083824,-0.033407,0.032691,7.3626
0.69689,2.1424,0.083825,-0.033384,0.032654,7.3783
0.69695,2.1424,0.083827,-0.033359,0.032616,7.3857
0.697,2.1424,0.083829,-0.033333,0.032579,7.3786
0.69705,2.1424,0.083831,-0.033306,0.032544,7.384
0.69711,2.1424,0.083832,-0.033277,0.032512,7.3876
0.69716,2.1424,0.083834,-0.033247,0.032478,7.3796
0.69721,2.1424,0.083836,-0.033217,0.032439,7.3781
0.69726,2.1424,0.083837,-0.033185,0.032393,7.3868
0.69732,2.1424,0.083839,-0.033152,0.032348,7.378
0.69737,2.1424,0.083841,-0.033118,0.032307,7.3798
0.69742,2.1424,0.083843,-0.033083,0.032269,7.3836
0.69747,2.1424,0.083844,-0.033046,0.03223,7.3787
0.69753,2.1424,0.083846,-0.033009,0.032189,7.3737
0.69758,2.1424,0.083848,-0.032971,0.032145,7.387
0.69763,2.1424,0.083849,-0.032932,0.032098,7.3874
0.69768,2.1424,0.083851,-0.032895,0.032049,7.3661
0.69774,2.1424,0.083853,-0.032853,0.031999,7.3677
0.69779,2.1424,0.083854,-0.032806,0.031951,7.3646
0.69784,2.1424,0.083856,-0.032756,0.031901,7.3528
0.69789,2.1424,0.083858,-0.032705,0.03185,7.3475
0.69795,2.1424,0.083859,-0.032653,0.031796,7.3572
0.698,2.1424,0.083861,-0.032601,0.031745,7.3497
0.69805,2.1424,0.083863,-0.032555,0.0317,7.3406
0.69811,2.1424,0.083864,-0.032508,0.031657,7.3441
0.69816,2.1424,0.083866,-0.032455,0.031614,7.3326
0.69821,2.1424,0.083868,-0.032398,0.031573,7.3299
0.69826,2.1424,0.083869,-0.03234,0.031535,7.3309
0.69832,2.1424,0.083871,-0.032282,0.031496,7.3288
0.69837,2.1424,0.083873,-0.032225,0.031454,7.3177
0.69842,2.1424,0.083874,-0.03217,0.031413,7.3359
0.69847,2.1424,0.083876,-0.032119,0.03137,7.3447
0.69853,2.1424,0.083878,-0.032065,0.031323,7.3343
0.69858,2.1424,0.083879,-0.03201,0.031275,7.3424
0.69863,2.1424,0.083881,-0.031955,0.031229,7.3478
0.69868,2.1424,0.083883,-0.0319,0.031186,7.3327
0.69874,2.1424,0.083884,-0.031844,0.031144,7.3334
0.69879,2.1423,0.083886,-0.031788,0.031103,7.3356
0.69884,2.1423,0.083887,-0.031731,0.031061,7.3316
0.69889,2.1423,0.083889,-0.031674,0.031021,7.3261
0.69895,2.1423,0.083891,-0.031617,0.030978,7.3402
0.699,2.1423,0.083892,-0.03156,0.030934,7.3418
0.69905,2.1423,0.083894,-0.031502,0.030889,7.3364
0.69911,2.1423,0.083896,-0.031444,0.030839,7.3456
0.69916,2.1423,0.083897,-0.031389,0.030792,7.3385
0.69921,2.1423,0.083899,-0.031329,0.030747,7.3323
0.69926,2.1423,0.0839,-0.031268,0.0307,7.3385
0.69932,2.1423,0.083902,-0.031201,0.030658,7.3331
0.69937,2.1423,0.083904,-0.031129,0.030619,7.3198
0.69942,2.1423,0.083905,-0.031055,0.030581,7.3279
0.69947,2.1423,0.083907,-0.030982,0.030538,7.3376
0.69953,2.1423,0.083909,-0.030912,0.03049,7.3286
0.69958,2.1423,0.08391,-0.030848,0.030443,7.3286
0.69963,2.1423,0.083912,-0.030784,0.030392,7.342
0.69968,2.1423,0.083913,-0.030725,0.030336,7.3273
0.69974,2.1423,0.083915,-0.030664,0.030279,7.3256
0.69979,2.1423,0.083916,-0.030602,0.030227,7.3286
0.69984,2.1423,0.083918,-0.030541,0.030176,7.3307
0.69989,2.1423,0.08392,-0.03048,0.030124,7.3193
0.69995,2.1423,0.083921,-0.030419,0.030069,7.3251
0.7,2.1423,0.083923,-0.030358,0.030017,7.3384
0.70005,2.1423,0.083924,-0.030298,0.029967,7.3309
0.70011,2.1423,0.083926,-0.030237,0.029918,7.3347
0.70016,2.1423,0.083928,-0.030177,0.02987,7.3479
0.70021,2.1423,0.083929,-0.030118,0.029823,7.3385
0.70026,2.1423,0.083931,-0.030059,0.029774,7.3367
0.70032,2.1423,0.083932,-0.03,0.029723,7.3402
0.70037,2.1423,0.083934,-0.029941,0.029667,7.3349
0.70042,2.1423,0.083935,-0.029883,0.029611,7.3289
0.70047,2.1423,0.083937,-0.029826,0.029556,7.3384
0.70053,2.1423,0.083938,-0.029769,0.029501,7.3339
0.70058,2.1423,0.08394,-0.029712,0.029441,7.329
0.70063,2.1423,0.083942,-0.029656,0.029382,7.341
0.70068,2.1423,0.083943,-0.029601,0.029324,7.3312
0.70074,2.1423,0.083945,-0.029546,0.029268,7.3214
0.70079,2.1423,0.083946,-0.029492,0.029217,7.3239
0.70084,2.1423,0.083948,-0.029438,0.029173,7.3257
0.70089,2.1423,0.083949,-0.029386,0.029132,7.305
0.70095,2.1423,0.083951,-0.029333,0.029092,7.3095
0.701,2.1423,0.083952,-0.029285,0.029048,7.3239
0.70105,2.1423,0.083954,-0.029235,0.029005,7.3191
0.70111,2.1423,0.083955,-0.029178,0.028961,7.3175
0.70116,2.1423,0.083957,-0.029117,0.028915,7.3319
0.70121,2.1423,0.083958,-0.029053,0.028871,7.3323
0.70126,2.1423,0.08396,-0.028989,0.028832,7.3254
0.70132,2.1423,0.083961,-0.028928,0.028794,7.3311
0.70137,2.1423,0.083963,-0.028873,0.028755,7.3259
0.70142,2.1423,0.083964,-0.028826,0.028719,7.3229
0.70147,2.1423,0.083966,-0.028781,0.028683,7.3335
0.70153,2.1423,0.083967,-0.028735,0.028646,7.3385
0.70158,2.1423,0.083969,-0.028691,0.028608,7.3299
0.70163,2.1423,0.083971,-0.028649,0.028571,7.3407
0.70168,2.1423,0.083972,-0.028607,0.028535,7.349
0.70174,2.1423,0.083974,-0.028559,0.028503,7.3386
0.70179,2.1423,0.083975,-0.028507,0.028469,7.3431
0.70184,2.1423,0.083977,-0.028456,0.028439,7.3487
0.70189,2.1423,0.083978,-0.028404,0.028409,7.3421
0.70195,2.1423,0.083979,-0.028355,0.02838,7.3392
0.702,2.1423,0.083981,-0.028306,0.028351,7.3527
0.70205,2.1423,0.083982,-0.028265,0.028326,7.3513
0.70211,2.1422,0.083984,-0.028223,0.028305,7.3486
0.70216,2.1422,0.083985,-0.028174,0.028291,7.354
0.70221,2.1422,0.083987,-0.028125,0.028278,7.3524
0.70226,2.1422,0.083988,-0.028086,0.028267,7.3463
0.70232,2.1422,0.08399,-0.028044,0.028258,7.3519
0.70237,2.1422,0.083991,-0.028006,0.028247,7.3536
0.70242,2.1422,0.083993,-0.027974,0.028233,7.3445
0.70247,2.1422,0.083994,-0.027951,0.028218,7.343
0.70253,2.1422,0.083996,-0.027934,0.028205,7.3514
0.70258,2.1422,0.083997,-0.027923,0.028194,7.348
0.70263,2.1422,0.083999,-0.027925,0.028186,7.3548
0.70268,2.1422,0.084,-0.027935,0.028182,7.3638
0.70274,2.1422,0.084002,-0.027941,0.02818,7.3666
0.70279,2.1422,0.084003,-0.027942,0.028177,7.3619
0.70284,2.1422,0.084005,-0.02794,0.028179,7.367
0.70289,2.1422,0.084006,-0.027927,0.028182,7.3647
0.70295,2.1422,0.084008,-0.027918,0.028187,7.3529
0.703,2.1422,0.084009,-0.027907,0.028191,7.3637
0.70305,2.1422,0.084011,-0.027901,0.028197,7.3637
0.70311,2.1422,0.084012,-0.027891,0.028205,7.3552
0.70316,2.1422,0.084014,-0.02787,0.028214,7.3634
0.70321,2.1422,0.084015,-0.027844,0.028227,7.3688
0.70326,2.1422,0.084017,-0.027821,0.028243,7.3577
0.70332,2.1422,0.084018,-0.027807,0.02826,7.3483
0.70337,2.1422,0.08402,-0.027797,0.028274,7.351
0.70342,2.1422,0.084021,-0.027781,0.028289,7.3384
0.70347,2.1422,0.084023,-0.027772,0.028304,7.3297
0.70353,2.1422,0.084024,-0.027763,0.028317,7.3334
0.70358,2.1422,0.084026,-0.027748,0.028331,7.3229
0.70363,2.1422,0.084027,-0.02774,0.028347,7.3183
0.70368,2.1422,0.084029,-0.027738,0.02836,7.3219
0.70374,2.1422,0.08403,-0.027747,0.028374,7.3182
0.70379,2.1422,0.084032,-0.027739,0.028383,7.304
0.70384,2.1422,0.084033,-0.027726,0.028394,7.3078
0.70389,2.1422,0.084035,-0.027711,0.028402,7.3125
0.70395,2.1422,0.084036,-0.027691,0.028408,7.299
0.704,2.1422,0.084038,-0.027667,0.028415,7.3066
0.70405,2.1422,0.084039,-0.02765,0.028423,7.3144
0.70411,2.1422,0.084041,-0.027633,0.028434,7.3075
0.70416,2.1422,0.084042,-0.027631,0.028449,7.3108
0.70421,2.1422,0.084044,-0.027635,0.028465,7.3203
0.70426,2.1422,0.084045,-0.027642,0.028482,7.3173
0.70432,2.1422,0.084047,-0.027642,0.028501,7.312
0.70437,2.1422,0.084048,-0.027635,0.028519,7.3242
0.70442,2.1422,0.08405,-0.027624,0.028537,7.3181
0.70447,2.1422,0.084051,-0.027614,0.028557,7.3091
0.70453,2.1422,0.084053,-0.027603,0.028578,7.3228
0.70458,2.1422,0.084054,-0.027596,0.028601,7.3219
0.70463,2.1422,0.084056,-0.027592,0.028625,7.3164
0.70468,2.1422,0.084057,-0.027576,0.028646,7.3192
0.70474,2.1422,0.084059,-0.027547,0.028669,7.3228
0.70479,2.1422,0.08406,-0.027506,0.028689,7.3112
0.70484,2.1422,0.084062,-0.027465,0.028711,7.3117
0.70489,2.1422,0.084063,-0.027438,0.028731,7.3163
0.70495,2.1422,0.084065,-0.027416,0.028751,7.3168
0.705,2.1422,0.084066,-0.027397,0.028772,7.3087
0.70505,2.1422,0.084068,-0.027398,0.028793,7.3214
0.70511,2.1422,0.084069,-0.027395,0.028815,7.3183
0.70516,2.1422,0.084071,-0.027392,0.028836,7.3081
0.70521,2.1422,0.084072,-0.02739,0.028856,7.3228
0.70526,2.1422,0.084074,-0.027405,0.028879,7.3321
0.70532,2.1422,0.084075,-0.027423,0.028902,7.326
0.70537,2.1422,0.084077,-0.027435,0.028929,7.3315
0.70542,2.1422,0.084078,-0.027444,0.028956,7.3325
0.70547,2.1422,0.08408,-0.027467,0.028987,7.3237
0.70553,2.1422,0.084081,-0.02748,0.029018,7.3311
0.70558,2.1422,0.084083,-0.027493,0.02905,7.3446
0.70563,2.1422,0.084084,-0.027514,0.029081,7.3464
0.70568,2.1422,0.084086,-0.027548,0.029113,7.3495
0.70574,2.1421,0.084087,-0.027576,0.029141,7.3586
0.70579,2.1421,0.084089,-0.027613,0.029169,7.3498
0.70584,2.1421,0.084091,-0.027654,0.029198,7.3579
0.70589,2.1421,0.084092,-0.027699,0.029229,7.3647
0.70595,2.1421,0.084094,-0.027743,0.029259,7.3603
0.706,2.1421,0.084095,-0.027774,0.02929,7.3457
0.70605,2.1421,0.084097,-0.027806,0.02932,7.347
0.70611,2.1421,0.084098,-0.027834,0.029348,7.3502
0.70616,2.1421,0.0841,-0.027865,0.029373,7.3455
0.70621,2.1421,0.084101,-0.027904,0.029395,7.3462
0.70626,2.1421,0.084103,-0.02794,0.029415,7.3523
0.70632,2.1421,0.084104,-0.027977,0.02943,7.3446
0.70637,2.1421,0.084106,-0.028019,0.029446,7.3491
0.70642,2.1421,0.084108,-0.028055,0.029465,7.3539
0.70647,2.1421,0.084109,-0.028092,0.029484,7.3447
0.70653,2.1421,0.084111,-0.028124,0.029503,7.34
0.70658,2.1421,0.084112,-0.02815,0.02952,7.3529
0.70663,2.1421,0.084114,-0.028171,0.029537,7.353
0.70668,2.1421,0.084115,-0.028187,0.029553,7.3489
0.70674,2.1421,0.084117,-0.028199,0.029571,7.3617
0.70679,2.1421,0.084118,-0.028212,0.029596,7.3697
0.70684,2.1421,0.08412,-0.028219,0.029628,7.363
0.70689,2.1421,0.084122,-0.028222,0.029659,7.3678
0.70695,2.1421,0.084123,-0.028228,0.029685,7.3704
0.707,2.1421,0.084125,-0.028228,0.029708,7.366
0.70705,2.1421,0.084126,-0.02824,0.029727,7.3709
0.70711,2.1421,0.084128,-0.028258,0.029744,7.3783
0.70716,2.1421,0.084129,-0.028269,0.029762,7.3708
0.70721,2.1421,0.084131,-0.028277,0.029784,7.3803
0.70726,2.1421,0.084132,-0.028279,0.029806,7.3886
0.70732,2.1421,0.084134,-0.028269,0.029827,7.3819
0.70737,2.1421,0.084136,-0.028262,0.029847,7.3827
0.70742,2.1421,0.084137,-0.028253,0.029869,7.3834
0.70747,2.1421,0.084139,-0.028256,0.029889,7.3801
0.70753,2.1421,0.08414,-0.028263,0.029911,7.3708
0.70758,2.1421,0.084142,-0.028269,0.029931,7.376
0.70763,2.1421,0.084143,-0.028273,0.02995,7.3735
0.70768,2.1421,0.084145,-0.028278,0.029965,7.3665
0.70774,2.1421,0.084147,-0.028282,0.02998,7.3716
0.70779,2.1421,0.084148,-0.028285,0.029995,7.3773
0.70784,2.1421,0.08415,-0.02828,0.030011,7.3656
0.70789,2.1421,0.084151,-0.028276,0.030032,7.3681
0.70795,2.1421,0.084153,-0.028277,0.030054,7.3733
0.708,2.1421,0.084155,-0.028273,0.030071,7.3727
0.70805,2.1421,0.084156,-0.028264,0.030087,7.3674
0.70811,2.1421,0.084158,-0.028249,0.030104,7.3825
0.70816,2.1421,0.084159,-0.028236,0.030119,7.3792
0.70821,2.1421,0.084161,-0.028217,0.030131,7.3822
0.70826,2.1421,0.084162,-0.028195,0.030141,7.3897
0.70832,2.1421,0.084164,-0.028172,0.030153,7.4028
0.70837,2.1421,0.084166,-0.028159,0.03016,7.3941
0.70842,2.1421,0.084167,-0.028146,0.030166,7.4041
0.70847,2.1421,0.084169,-0.028137,0.030173,7.411
0.70853,2.1421,0.08417,-0.028115,0.030181,7.3994
0.70858,2.1421,0.084172,-0.028093,0.030188,7.3982
0.70863,2.1421,0.084174,-0.028075,0.030194,7.4046
0.70868,2.1421,0.084175,-0.028055,0.030198,7.3983
0.70874,2.1421,0.084177,-0.028042,0.030204,7.4048
0.70879,2.1421,0.084178,-0.028031,0.030206,7.4167
0.70884,2.1421,0.08418,-0.02801,0.030206,7.4114
0.70889,2.1421,0.084182,-0.027987,0.030203,7.4035
0.70895,2.1421,0.084183,-0.027945,0.030198,7.4063
0.709,2.1421,0.084185,-0.027893,0.030193,7.3981
0.70905,2.1421,0.084186,-0.027836,0.030191,7.3877
0.70911,2.1421,0.084188,-0.027776,0.030188,7.3925
0.70916,2.1421,0.084189,-0.027729,0.030186,7.3898
0.70921,2.1421,0.084191,-0.027685,0.03018,7.3751
0.70926,2.142,0.084193,-0.027646,0.030169,7.3902
0.70932,2.142,0.084194,-0.027619,0.030151,7.3934
0.70937,2.142,0.084196,-0.027593,0.030131,7.3824
0.70942,2.142,0.084197,-0.027567,0.030112,7.3855
0.70947,2.142,0.084199,-0.027539,0.030093,7.3931
0.70953,2.142,0.084201,-0.02751,0.030075,7.3892
0.70958,2.142,0.084202,-0.027481,0.030056,7.3905
0.70963,2.142,0.084204,-0.027451,0.03004,7.3963
0.70968,2.142,0.084205,-0.027421,0.030027,7.3903
0.70974,2.142,0.084207,-0.02739,0.030011,7.3931
0.70979,2.142,0.084208,-0.027359,0.029993,7.4047
0.70984,2.142,0.08421,-0.027327,0.029974,7.4092
0.70989,2.142,0.084212,-0.027295,0.029954,7.3987
0.70995,2.142,0.084213,-0.027262,0.02993,7.4128
0.71,2.142,0.084215,-0.027229,0.029904,7.4098
0.71005,2.142,0.084216,-0.027195,0.029876,7.4004
0.71011,2.142,0.084218,-0.027161,0.02985,7.3944
0.71016,2.142,0.08422,-0.027126,0.029822,7.4025
0.71021,2.142,0.084221,-0.027091,0.029794,7.3912
0.71026,2.142,0.084223,-0.027056,0.029768,7.3897
0.71032,2.142,0.084224,-0.027021,0.029746,7.3968
0.71037,2.142,0.084226,-0.026985,0.029724,7.394
0.71042,2.142,0.084227,-0.026948,0.029701,7.3875
0.71047,2.142,0.084229,-0.026912,0.029676,7.3918
0.71053,2.142,0.08423,-0.026875,0.029653,7.3862
0.71058,2.142,0.084232,-0.026838,0.029628,7.3795
0.71063,2.142,0.084234,-0.0268,0.029602,7.3795
0.71068,2.142,0.084235,-0.026764,0.029577,7.3813
0.71074,2.142,0.084237,-0.026725,0.029548,7.37
0.71079,2.142,0.084238,-0.026683,0.029513,7.3803
0.71084,2.142,0.08424,-0.026641,0.029474,7.388
0.71089,2.142,0.084241,-0.026598,0.029433,7.3767
0.71095,2.142,0.084243,-0.026549,0.029396,7.3798
0.711,2.142,0.084244,-0.026498,0.029362,7.3912
0.71105,2.142,0.084246,-0.026448,0.029334,7.3815
0.71111,2.142,0.084248,-0.026402,0.029312,7.3822
0.71116,2.142,0.084249,-0.026356,0.029293,7.4002
0.71121,2.142,0.084251,-0.026315,0.029272,7.3959
0.71126,2.142,0.084252,-0.026279,0.029251,7.3955
0.71132,2.142,0.084254,-0.026245,0.02923,7.4083
0.71137,2.142,0.084255,-0.026209,0.029207,7.4056
0.71142,2.142,0.084257,-0.026172,0.029184,7.3965
0.71147,2.142,0.084258,-0.026135,0.029161,7.4063
0.71153,2.142,0.08426,-0.026099,0.029138,7.4011
0.71158,2.142,0.084261,-0.026059,0.029118,7.3897
0.71163,2.142,0.084263,-0.026021,0.029095,7.3851
0.71168,2.142,0.084264,-0.025991,0.02907,7.3919
0.71174,2.142,0.084266,-0.025966,0.029045,7.3765
0.71179,2.142,0.084267,-0.025945,0.029019,7.3799
0.71184,2.142,0.084269,-0.025925,0.028994,7.3879
0.71189,2.142,0.084271,-0.025897,0.028972,7.3924
0.71195,2.142,0.084272,-0.025873,0.028953,7.3891
0.712,2.142,0.084274,-0.025846,0.028937,7.4016
0.71205,2.142,0.084275,-0.025823,0.02892,7.3984
0.71211,2.142,0.084277,-0.025811,0.028898,7.3991
0.71216,2.142,0.084278,-0.025806,0.028874,7.3979
0.71221,2.142,0.08428,-0.025797,0.028848,7.4069
0.71226,2.142,0.084281,-0.02578,0.028824,7.3984
0.71232,2.142,0.084283,-0.025754,0.028804,7.4078
0.71237,2.142,0.084284,-0.025724,0.028786,7.4159
0.71242,2.142,0.084286,-0.025688,0.028771,7.4087
0.71247,2.142,0.084287,-0.025647,0.028753,7.4183
0.71253,2.142,0.084289,-0.025606,0.028735,7.4262
0.71258,2.142,0.08429,-0.025559,0.028715,7.4203
0.71263,2.142,0.084292,-0.025505,0.028694,7.4227
0.71268,2.142,0.084293,-0.025451,0.028671,7.4337
0.71274,2.142,0.084295,-0.025403,0.028648,7.4285
0.71279,2.142,0.084296,-0.02536,0.028622,7.4234
0.71284,2.142,0.084298,-0.025325,0.028596,7.4378
0.71289,2.142,0.084299,-0.025288,0.028567,7.4407
0.71295,2.142,0.084301,-0.025249,0.02854,7.4364
0.713,2.142,0.084302,-0.025201,0.028512,7.4435
0.71305,2.1419,0.084304,-0.025146,0.028484,7.4378
0.71311,2.1419,0.084305,-0.025098,0.028457,7.4334
0.71316,2.1419,0.084307,-0.025056,0.028427,7.431
0.71321,2.1419,0.084308,-0.025018,0.028401,7.4304
0.71326,2.1419,0.08431,-0.024972,0.028376,7.4147
0.71332,2.1419,0.084311,-0.024923,0.028349,7.4162
0.71337,2.1419,0.084313,-0.024881,0.028318,7.4247
0.71342,2.1419,0.084314,-0.024832,0.028285,7.4198
0.71347,2.1419,0.084316,-0.024785,0.02825,7.4222
0.71353,2.1419,0.084317,-0.024747,0.028214,7.4381
0.71358,2.1419,0.084319,-0.024702,0.02818,7.43
0.71363,2.1419,0.08432,-0.024658,0.028154,7.4206
0.71368,2.1419,0.084322,-0.024601,0.028134,7.4275
0.71374,2.1419,0.084323,-0.024562,0.028118,7.427
0.71379,2.1419,0.084325,-0.024527,0.028104,7.4211
0.71384,2.1419,0.084326,-0.024506,0.028093,7.4292
0.71389,2.1419,0.084328,-0.024497,0.028089,7.4398
0.71395,2.1419,0.084329,-0.024487,0.028084,7.4316
0.714,2.1419,0.084331,-0.024464,0.02808,7.4378
0.71405,2.1419,0.084332,-0.02444,0.028076,7.4508
0.71411,2.1419,0.084333,-0.024403,0.028068,7.4501
0.71416,2.1419,0.084335,-0.024367,0.028053,7.4417
0.71421,2.1419,0.084336,-0.024322,0.028038,7.4441
0.71426,2.1419,0.084338,-0.024291,0.028023,7.4355
0.71432,2.1419,0.084339,-0.024271,0.028013,7.4308
0.71437,2.1419,0.084341,-0.024253,0.028002,7.4422
0.71442,2.1419,0.084342,-0.024236,0.027993,7.4284
0.71447,2.1419,0.084344,-0.024226,0.027982,7.4181
0.71453,2.1419,0.084345,-0.024216,0.02797,7.4239
0.71458,2.1419,0.084347,-0.024204,0.027957,7.4217
0.71463,2.1419,0.084348,-0.024196,0.027948,7.4026
0.71468,2.1419,0.08435,-0.024207,0.027944,7.4024
0.71474,2.1419,0.084351,-0.024243,0.027943,7.4035
0.71479,2.1419,0.084353,-0.02429,0.027947,7.3841
0.71484,2.1419,0.084354,-0.024339,0.027954,7.3832
0.71489,2.1419,0.084356,-0.024398,0.027958,7.3909
0.71495,2.1419,0.084357,-0.024454,0.027962,7.3798
0.715,2.1419,0.084359,-0.024506,0.027967,7.3802
0.71505,2.1419,0.08436,-0.024553,0.027969,7.3881
0.71511,2.1419,0.084361,-0.024593,0.027968,7.381
0.71516,2.1419,0.084363,-0.024627,0.027968,7.3718
0.71521,2.1419,0.084364,-0.024646,0.027969,7.3813
0.71526,2.1419,0.084366,-0.024648,0.027969,7.38
0.71532,2.1419,0.084367,-0.024648,0.027968,7.3647
0.71537,2.1419,0.084369,-0.024648,0.027967,7.3779
0.71542,2.1419,0.08437,-0.024642,0.027967,7.3787
0.71547,2.1419,0.084372,-0.024643,0.027966,7.3779
0.71553,2.1419,0.084373,-0.024656,0.027965,7.3826
0.71558,2.1419,0.084375,-0.024672,0.027965,7.3905
0.71563,2.1419,0.084376,-0.024699,0.027966,7.3742
0.71568,2.1419,0.084378,-0.024735,0.027967,7.3783
0.71574,2.1419,0.084379,-0.024777,0.027969,7.3764
0.71579,2.1419,0.084381,-0.02483,0.027972,7.3718
0.71584,2.1419,0.084382,-0.024876,0.027975,7.3618
0.71589,2.1419,0.084384,-0.024923,0.027979,7.3694
0.71595,2.1419,0.084385,-0.024973,0.027984,7.3678
0.716,2.1419,0.084386,-0.025008,0.027989,7.36
0.71605,2.1419,0.084388,-0.025032,0.027995,7.3668
0.71611,2.1419,0.084389,-0.025046,0.027999,7.3638
0.71616,2.1419,0.084391,-0.025053,0.028005,7.3474
0.71621,2.1419,0.084392,-0.025066,0.028015,7.3518
0.71626,2.1419,0.084394,-0.025073,0.028028,7.3528
0.71632,2.1419,0.084395,-0.025067,0.028043,7.3389
0.71637,2.1419,0.084397,-0.025064,0.028057,7.3378
0.71642,2.1419,0.084398,-0.025068,0.028072,7.3557
0.71647,2.1419,0.0844,-0.025065,0.028088,7.352
0.71653,2.1419,0.084401,-0.025075,0.028104,7.3488
0.71658,2.1419,0.084403,-0.025095,0.028121,7.3627
0.71663,2.1419,0.084404,-0.025125,0.02814,7.3656
0.71668,2.1419,0.084406,-0.025147,0.028158,7.3606
0.71674,2.1419,0.084407,-0.02516,0.028175,7.369
0.71679,2.1419,0.084409,-0.025178,0.028188,7.3766
0.71684,2.1419,0.08441,-0.025198,0.028201,7.3694
0.71689,2.1419,0.084412,-0.025205,0.028216,7.3785
0.71695,2.1419,0.084413,-0.025213,0.028231,7.3795
0.717,2.1419,0.084415,-0.025207,0.028247,7.3799
0.71705,2.1419,0.084416,-0.025184,0.028263,7.3853
0.71711,2.1418,0.084418,-0.025158,0.028279,7.392
0.71716,2.1418,0.084419,-0.025145,0.028296,7.3843
0.71721,2.1418,0.084421,-0.025149,0.028313,7.3772
0.71726,2.1418,0.084422,-0.02517,0.02833,7.385
0.71732,2.1418,0.084424,-0.025196,0.028349,7.3742
0.71737,2.1418,0.084425,-0.025228,0.028369,7.3686
0.71742,2.1418,0.084427,-0.025245,0.028389,7.3819
0.71747,2.1418,0.084428,-0.025249,0.028411,7.3741
0.71753,2.1418,0.08443,-0.025255,0.028435,7.3718
0.71758,2.1418,0.084431,-0.02527,0.028461,7.3828
0.71763,2.1418,0.084433,-0.025286,0.028486,7.3857
0.71768,2.1418,0.084434,-0.025303,0.028509,7.3741
0.71774,2.1418,0.084436,-0.025319,0.028533,7.3794
0.71779,2.1418,0.084437,-0.025343,0.028554,7.3798
0.71784,2.1418,0.084439,-0.02536,0.028572,7.3677
0.71789,2.1418,0.08444,-0.025372,0.028588,7.3639
0.71795,2.1418,0.084442,-0.025385,0.028606,7.3774
0.718,2.1418,0.084443,-0.025388,0.028624,7.3726
0.71805,2.1418,0.084445,-0.025389,0.028642,7.3835
0.71811,2.1418,0.084446,-0.025383,0.02866,7.3879
0.71816,2.1418,0.084448,-0.025377,0.028677,7.3805
0.71821,2.1418,0.084449,-0.025374,0.028695,7.3849
0.71826,2.1418,0.084451,-0.025377,0.028712,7.3932
0.71832,2.1418,0.084452,-0.025379,0.028729,7.3936
0.71837,2.1418,0.084454,-0.025375,0.028746,7.3813
0.71842,2.1418,0.084455,-0.025353,0.028762,7.3926
0.71847,2.1418,0.084457,-0.025336,0.028778,7.4002
0.71853,2.1418,0.084458,-0.025317,0.028794,7.3936
0.71858,2.1418,0.08446,-0.025285,0.028809,7.3983
0.71863,2.1418,0.084461,-0.025244,0.028823,7.4089
0.71868,2.1418,0.084463,-0.025199,0.028838,7.396
0.71874,2.1418,0.084464,-0.025159,0.028851,7.3956
0.71879,2.1418,0.084466,-0.02513,0.028865,7.3976
0.71884,2.1418,0.084467,-0.025105,0.028878,7.3914
0.71889,2.1418,0.084469,-0.025109,0.02889,7.3783
0.71895,2.1418,0.08447,-0.025128,0.028903,7.3936
0.719,2.1418,0.084472,-0.025146,0.028915,7.3862
0.71905,2.1418,0.084473,-0.025157,0.028926,7.38
0.71911,2.1418,0.084475,-0.025149,0.028937,7.3991
0.71916,2.1418,0.084476,-0.025137,0.028947,7.3948
0.71921,2.1418,0.084478,-0.025122,0.028957,7.3867
0.71926,2.1418,0.084479,-0.025091,0.028966,7.3972
0.71932,2.1418,0.084481,-0.025069,0.028974,7.4002
0.71937,2.1418,0.084482,-0.025042,0.028981,7.3918
0.71942,2.1418,0.084484,-0.025018,0.028988,7.3879
0.71947,2.1418,0.084486,-0.024996,0.028995,7.3994
0.71953,2.1418,0.084487,-0.024964,0.029001,7.3992
0.71958,2.1418,0.084489,-0.024937,0.029006,7.4018
0.71963,2.1418,0.08449,-0.024916,0.029012,7.4157
0.71968,2.1418,0.084492,-0.024897,0.029017,7.4135
0.71974,2.1418,0.084493,-0.024885,0.029022,7.411
0.71979,2.1418,0.084495,-0.024878,0.029027,7.4197
0.71984,2.1418,0.084496,-0.024872,0.029033,7.4185
0.71989,2.1418,0.084498,-0.024862,0.029038,7.4049
0.71995,2.1418,0.084499,-0.024848,0.029044,7.4115
0.72,2.1418,0.084501,-0.024831,0.029049,7.4121
0.72005,2.1418,0.084502,-0.024813,0.029055,7.395
0.72011,2.1418,0.084504,-0.024792,0.029061,7.3945
0.72016,2.1418,0.084505,-0.024767,0.029067,7.397
0.72021,2.1418,0.084507,-0.024743,0.029073,7.3799
0.72026,2.1418,0.084508,-0.024713,0.029078,7.3759
0.72032,2.1418,0.08451,-0.024684,0.029083,7.3677
0.72037,2.1418,0.084512,-0.02466,0.029087,7.3595
0.72042,2.1418,0.084513,-0.024638,0.02909,7.3484
0.72047,2.1418,0.084515,-0.024624,0.029094,7.3567
0.72053,2.1418,0.084516,-0.024614,0.029095,7.3475
0.72058,2.1418,0.084518,-0.024607,0.029097,7.3467
0.72063,2.1418,0.084519,-0.024601,0.029101,7.3613
0.72068,2.1418,0.084521,-0.024589,0.029109,7.3566
0.72074,2.1418,0.084522,-0.024578,0.029121,7.3518
0.72079,2.1418,0.084524,-0.024564,0.029137,7.3625
0.72084,2.1418,0.084525,-0.024549,0.029154,7.3621
0.72089,2.1418,0.084527,-0.024536,0.029169,7.3551
0.72095,2.1418,0.084528,-0.024522,0.029181,7.352
0.721,2.1418,0.08453,-0.024517,0.029189,7.3599
0.72105,2.1418,0.084531,-0.024512,0.029195,7.3469
0.72111,2.1417,0.084533,-0.024507,0.029201,7.3484
0.72116,2.1417,0.084535,-0.024503,0.029208,7.365
0.72121,2.1417,0.084536,-0.024496,0.029214,7.3616
0.72126,2.1417,0.084538,-0.024491,0.029221,7.3468
0.72132,2.1417,0.084539,-0.024487,0.029227,7.3599
0.72137,2.1417,0.084541,-0.024479,0.029233,7.3583
0.72142,2.1417,0.084542,-0.024486,0.029239,7.3482
0.72147,2.1417,0.084544,-0.024493,0.029245,7.3618
0.72153,2.1417,0.084545,-0.024498,0.029252,7.3636
0.72158,2.1417,0.084547,-0.024503,0.029258,7.3523
0.72163,2.1417,0.084548,-0.024504,0.029265,7.3623
0.72168,2.1417,0.08455,-0.0245,0.029271,7.3724
0.72174,2.1417,0.084551,-0.024493,0.029279,7.3584
0.72179,2.1417,0.084553,-0.024486,0.029286,7.3562
0.72184,2.1417,0.084555,-0.024488,0.029293,7.3671
0.72189,2.1417,0.084556,-0.024478,0.029301,7.3564
0.72195,2.1417,0.084558,-0.024464,0.029308,7.3548
0.722,2.1417,0.084559,-0.02445,0.029315,7.3578
0.72205,2.1417,0.084561,-0.024434,0.029322,7.3544
0.72211,2.1417,0.084562,-0.024416,0.029329,7.3599
0.72216,2.1417,0.084564,-0.024405,0.029335,7.3689
0.72221,2.1417,0.084565,-0.024406,0.02934,7.3774
0.72226,2.1417,0.084567,-0.024413,0.029346,7.3723
0.72232,2.1417,0.084568,-0.02441,0.029352,7.3783
0.72237,2.1417,0.08457,-0.024407,0.029357,7.3854
0.72242,2.1417,0.084572,-0.0244,0.029363,7.3797
0.72247,2.1417,0.084573,-0.024395,0.029373,7.3808
0.72253,2.1417,0.084575,-0.024383,0.029384,7.3918
0.72258,2.1417,0.084576,-0.024371,0.029397,7.3856
0.72263,2.1417,0.084578,-0.024363,0.029412,7.3862
0.72268,2.1417,0.084579,-0.024355,0.029429,7.4034
0.72274,2.1417,0.084581,-0.024349,0.029445,7.3974
0.72279,2.1417,0.084582,-0.024351,0.029456,7.3888
0.72284,2.1417,0.084584,-0.024353,0.029466,7.4042
0.72289,2.1417,0.084585,-0.024357,0.029475,7.4013
0.72295,2.1417,0.084587,-0.024355,0.02948,7.3956
0.723,2.1417,0.084589,-0.024351,0.029485,7.3971
0.72305,2.1417,0.08459,-0.02434,0.029491,7.4051
0.72311,2.1417,0.084592,-0.02432,0.029497,7.402
0.72316,2.1417,0.084593,-0.0243,0.029501,7.4113
0.72321,2.1417,0.084595,-0.024293,0.029507,7.4173
0.72326,2.1417,0.084596,-0.024295,0.029515,7.4048
0.72332,2.1417,0.084598,-0.024305,0.029528,7.4072
0.72337,2.1417,0.084599,-0.024322,0.029544,7.4146
0.72342,2.1417,0.084601,-0.024343,0.029561,7.4024
0.72347,2.1417,0.084603,-0.024353,0.029578,7.3973
0.72353,2.1417,0.084604,-0.024357,0.029592,7.4103
0.72358,2.1417,0.084606,-0.024362,0.029601,7.404
0.72363,2.1417,0.084607,-0.024377,0.029609,7.4101
0.72368,2.1417,0.084609,-0.024389,0.029617,7.4247
0.72374,2.1417,0.08461,-0.024407,0.029629,7.4295
0.72379,2.1417,0.084612,-0.024424,0.029645,7.4235
0.72384,2.1417,0.084613,-0.024435,0.029662,7.4338
0.72389,2.1417,0.084615,-0.024442,0.029681,7.437
0.72395,2.1417,0.084617,-0.024452,0.029696,7.4255
0.724,2.1417,0.084618,-0.024468,0.029709,7.4251
0.72405,2.1417,0.08462,-0.024494,0.02972,7.4338
0.72411,2.1417,0.084621,-0.024527,0.029734,7.4253
0.72416,2.1417,0.084623,-0.024573,0.029748,7.4237
0.72421,2.1417,0.084624,-0.024619,0.029763,7.4251
0.72426,2.1417,0.084626,-0.024665,0.029779,7.4235
0.72432,2.1417,0.084628,-0.024708,0.029795,7.4222
0.72437,2.1417,0.084629,-0.024741,0.029808,7.4243
0.72442,2.1417,0.084631,-0.024762,0.029823,7.4181
0.72447,2.1417,0.084632,-0.024778,0.029837,7.4179
0.72453,2.1417,0.084634,-0.024799,0.029851,7.4182
0.72458,2.1417,0.084635,-0.024814,0.029862,7.4181
0.72463,2.1417,0.084637,-0.024825,0.029873,7.4096
0.72468,2.1417,0.084639,-0.024829,0.029883,7.4262
0.72474,2.1417,0.08464,-0.024831,0.02989,7.4337
0.72479,2.1417,0.084642,-0.024837,0.029894,7.4238
0.72484,2.1417,0.084643,-0.024836,0.0299,7.4331
0.72489,2.1417,0.084645,-0.024838,0.029905,7.4431
0.72495,2.1417,0.084646,-0.024842,0.029907,7.4367
0.725,2.1417,0.084648,-0.024846,0.029911,7.4325
0.72505,2.1417,0.08465,-0.024854,0.029921,7.4422
0.72511,2.1417,0.084651,-0.02487,0.029934,7.442
0.72516,2.1416,0.084653,-0.024899,0.029949,7.4343
0.72521,2.1416,0.084654,-0.024946,0.029966,7.445
0.72526,2.1416,0.084656,-0.024997,0.029986,7.4505
0.72532,2.1416,0.084657,-0.025057,0.030005,7.4438
0.72537,2.1416,0.084659,-0.025118,0.030021,7.4456
0.72542,2.1416,0.084661,-0.025179,0.030039,7.4503
0.72547,2.1416,0.084662,-0.025234,0.03006,7.446
0.72553,2.1416,0.084664,-0.025292,0.030083,7.4363
0.72558,2.1416,0.084665,-0.025341,0.030104,7.4445
0.72563,2.1416,0.084667,-0.025378,0.030126,7.436
0.72568,2.1416,0.084669,-0.025402,0.030145,7.4371
0.72574,2.1416,0.08467,-0.025414,0.030161,7.4416
0.72579,2.1416,0.084672,-0.025421,0.030173,7.4377
0.72584,2.1416,0.084673,-0.025426,0.030183,7.4383
0.72589,2.1416,0.084675,-0.025434,0.030189,7.4477
0.72595,2.1416,0.084676,-0.025453,0.030196,7.4361
0.726,2.1416,0.084678,-0.025482,0.030202,7.4278
0.72605,2.1416,0.08468,-0.025513,0.030214,7.4299
0.72611,2.1416,0.084681,-0.025544,0.030227,7.4284
0.72616,2.1416,0.084683,-0.025569,0.030242,7.4158
0.72621,2.1416,0.084684,-0.025596,0.030258,7.4286
0.72626,2.1416,0.084686,-0.025627,0.030271,7.4388
0.72632,2.1416,0.084688,-0.025658,0.030282,7.4347
0.72637,2.1416,0.084689,-0.025679,0.030293,7.4331
0.72642,2.1416,0.084691,-0.025708,0.030304,7.4447
0.72647,2.1416,0.084692,-0.025729,0.030317,7.4361
0.72653,2.1416,0.084694,-0.025735,0.030329,7.4314
0.72658,2.1416,0.084696,-0.025725,0.030342,7.4357
0.72663,2.1416,0.084697,-0.02572,0.030357,7.4323
0.72668,2.1416,0.084699,-0.025719,0.030369,7.4296
0.72674,2.1416,0.0847,-0.025719,0.030383,7.4429
0.72679,2.1416,0.084702,-0.025725,0.030394,7.4475
0.72684,2.1416,0.084704,-0.025748,0.030402,7.4376
0.72689,2.1416,0.084705,-0.025773,0.030409,7.4454
0.72695,2.1416,0.084707,-0.025811,0.030416,7.4455
0.727,2.1416,0.084708,-0.025862,0.030422,7.4339
0.72705,2.1416,0.08471,-0.025926,0.030429,7.4372
0.72711,2.1416,0.084712,-0.025979,0.030436,7.44
0.72716,2.1416,0.084713,-0.02602,0.030445,7.4229
0.72721,2.1416,0.084715,-0.026052,0.030454,7.4183
0.72726,2.1416,0.084716,-0.026067,0.030459,7.4265
0.72732,2.1416,0.084718,-0.026059,0.030463,7.4234
0.72737,2.1416,0.08472,-0.026065,0.030467,7.4167
0.72742,2.1416,0.084721,-0.026082,0.030466,7.4311
0.72747,2.1416,0.084723,-0.026098,0.030462,7.426
0.72753,2.1416,0.084724,-0.026106,0.030455,7.4191
0.72758,2.1416,0.084726,-0.026108,0.030449,7.4248
0.72763,2.1416,0.084728,-0.026099,0.030444,7.4231
0.72768,2.1416,0.084729,-0.026088,0.030439,7.4101
0.72774,2.1416,0.084731,-0.026068,0.030437,7.4165
0.72779,2.1416,0.084732,-0.026056,0.030438,7.4294
0.72784,2.1416,0.084734,-0.026035,0.030436,7.4248
0.72789,2.1416,0.084736,-0.026018,0.030433,7.4313
0.72795,2.1416,0.084737,-0.026007,0.03043,7.4487
0.728,2.1416,0.084739,-0.026007,0.030426,7.4363
0.72805,2.1416,0.08474,-0.026005,0.030421,7.4389
0.72811,2.1416,0.084742,-0.026013,0.030415,7.4427
0.72816,2.1416,0.084744,-0.026017,0.030408,7.4367
0.72821,2.1416,0.084745,-0.026005,0.030402,7.4289
0.72826,2.1416,0.084747,-0.025969,0.030393,7.4358
0.72832,2.1416,0.084748,-0.02593,0.030381,7.4399
0.72837,2.1416,0.08475,-0.0259,0.030369,7.4324
0.72842,2.1416,0.084752,-0.02588,0.030356,7.4389
0.72847,2.1416,0.084753,-0.025862,0.030343,7.4376
0.72853,2.1416,0.084755,-0.025849,0.030326,7.4322
0.72858,2.1416,0.084756,-0.025838,0.030309,7.4331
0.72863,2.1416,0.084758,-0.025821,0.030291,7.4409
0.72868,2.1416,0.08476,-0.025791,0.03027,7.432
0.72874,2.1416,0.084761,-0.025751,0.030247,7.4353
0.72879,2.1416,0.084763,-0.025707,0.030226,7.4481
0.72884,2.1416,0.084764,-0.025657,0.030206,7.4496
0.72889,2.1416,0.084766,-0.025606,0.030183,7.4436
0.72895,2.1416,0.084768,-0.025564,0.030158,7.4592
0.729,2.1416,0.084769,-0.025523,0.030136,7.4631
0.72905,2.1415,0.084771,-0.025503,0.030112,7.4554
0.72911,2.1415,0.084772,-0.025491,0.030088,7.4708
0.72916,2.1415,0.084774,-0.025485,0.030062,7.4635
0.72921,2.1415,0.084775,-0.025481,0.030039,7.4591
0.72926,2.1415,0.084777,-0.025471,0.030016,7.4691
0.72932,2.1415,0.084779,-0.025455,0.029992,7.4797
0.72937,2.1415,0.08478,-0.025441,0.029971,7.4779
0.72942,2.1415,0.084782,-0.025417,0.029952,7.4809
0.72947,2.1415,0.084783,-0.025421,0.029934,7.4929
0.72953,2.1415,0.084785,-0.025433,0.029914,7.4819
0.72958,2.1415,0.084787,-0.025447,0.029893,7.4775
0.72963,2.1415,0.084788,-0.025456,0.029871,7.4766
0.72968,2.1415,0.08479,-0.025448,0.029849,7.4702
0.72974,2.1415,0.084791,-0.025422,0.029826,7.4607
0.72979,2.1415,0.084793,-0.025393,0.0298,7.4765
0.72984,2.1415,0.084794,-0.025354,0.02977,7.4755
0.72989,2.1415,0.084796,-0.025332,0.029736,7.469
0.72995,2.1415,0.084798,-0.025318,0.029699,7.4727
0.73,2.1415,0.084799,-0.025308,0.029658,7.4788
0.73005,2.1415,0.084801,-0.025301,0.029618,7.4625
0.73011,2.1415,0.084802,-0.025294,0.02958,7.461
0.73016,2.1415,0.084804,-0.025284,0.029544,7.4612
0.73021,2.1415,0.084805,-0.025285,0.029511,7.4543
0.73026,2.1415,0.084807,-0.025293,0.02948,7.4547
0.73032,2.1415,0.084808,-0.025315,0.029454,7.4598
0.73037,2.1415,0.08481,-0.025343,0.029428,7.4566
0.73042,2.1415,0.084811,-0.025359,0.029401,7.4554
0.73047,2.1415,0.084813,-0.025347,0.029371,7.4733
0.73053,2.1415,0.084815,-0.025318,0.029339,7.472
0.73058,2.1415,0.084816,-0.02528,0.029306,7.4638
0.73063,2.1415,0.084818,-0.025241,0.02927,7.4718
0.73068,2.1415,0.084819,-0.025205,0.029236,7.4721
0.73074,2.1415,0.084821,-0.025186,0.029204,7.458
0.73079,2.1415,0.084822,-0.02518,0.029173,7.4641
0.73084,2.1415,0.084824,-0.025186,0.029138,7.4723
0.73089,2.1415,0.084825,-0.025199,0.029104,7.467
0.73095,2.1415,0.084827,-0.025215,0.02907,7.4717
0.731,2.1415,0.084828,-0.025234,0.029037,7.4842
0.73105,2.1415,0.08483,-0.025246,0.029006,7.4732
0.73111,2.1415,0.084831,-0.02525,0.028978,7.4681
0.73116,2.1415,0.084833,-0.025253,0.028951,7.4616
0.73121,2.1415,0.084834,-0.025254,0.028925,7.4524
0.73126,2.1415,0.084836,-0.025261,0.028896,7.4419
0.73132,2.1415,0.084838,-0.025273,0.028865,7.457
0.73137,2.1415,0.084839,-0.025263,0.028831,7.4447
0.73142,2.1415,0.084841,-0.025247,0.028799,7.4318
0.73147,2.1415,0.084842,-0.025224,0.028769,7.4378
0.73153,2.1415,0.084844,-0.025192,0.028741,7.4287
0.73158,2.1415,0.084845,-0.025159,0.028717,7.4166
0.73163,2.1415,0.084847,-0.025125,0.028695,7.4191
0.73168,2.1415,0.084848,-0.025099,0.028673,7.4263
0.73174,2.1415,0.08485,-0.025077,0.028651,7.4183
0.73179,2.1415,0.084851,-0.025048,0.028628,7.4201
0.73184,2.1415,0.084853,-0.025019,0.0286,7.4281
0.73189,2.1415,0.084854,-0.024986,0.028573,7.4242
0.73195,2.1415,0.084856,-0.024947,0.028545,7.4242
0.732,2.1415,0.084857,-0.024908,0.028517,7.433
0.73205,2.1415,0.084859,-0.024864,0.028486,7.4321
0.73211,2.1415,0.08486,-0.024825,0.028455,7.4222
0.73216,2.1415,0.084862,-0.024781,0.028427,7.43
0.73221,2.1415,0.084863,-0.024732,0.028398,7.4274
0.73226,2.1415,0.084865,-0.024683,0.028372,7.4138
0.73232,2.1415,0.084866,-0.024637,0.028352,7.4268
0.73237,2.1415,0.084868,-0.024603,0.028334,7.4329
0.73242,2.1415,0.084869,-0.02457,0.028311,7.4288
0.73247,2.1415,0.084871,-0.02454,0.028283,7.4279
0.73253,2.1415,0.084872,-0.024511,0.028249,7.4362
0.73258,2.1415,0.084874,-0.024472,0.028207,7.4302
0.73263,2.1415,0.084875,-0.024425,0.02816,7.4197
0.73268,2.1415,0.084877,-0.024373,0.028115,7.423
0.73274,2.1415,0.084878,-0.02432,0.028072,7.4041
0.73279,2.1415,0.084879,-0.024262,0.028032,7.3972
0.73284,2.1415,0.084881,-0.024202,0.027993,7.4095
0.73289,2.1415,0.084882,-0.024151,0.027959,7.4029
0.73295,2.1415,0.084884,-0.024098,0.027926,7.3965
0.733,2.1415,0.084885,-0.024043,0.027893,7.4033
0.73305,2.1414,0.084887,-0.024001,0.027861,7.4109
0.73311,2.1414,0.084888,-0.02396,0.02783,7.3975
0.73316,2.1414,0.08489,-0.023916,0.0278,7.4015
0.73321,2.1414,0.084891,-0.023862,0.027771,7.4008
0.73326,2.1414,0.084893,-0.023809,0.027743,7.3906
0.73332,2.1414,0.084894,-0.023756,0.027716,7.3883
0.73337,2.1414,0.084896,-0.023692,0.027689,7.4025
0.73342,2.1414,0.084897,-0.023634,0.027663,7.4059
0.73347,2.1414,0.084899,-0.023597,0.027638,7.4076
0.73353,2.1414,0.0849,-0.023559,0.027615,7.4185
0.73358,2.1414,0.084901,-0.023526,0.027592,7.4223
0.73363,2.1414,0.084903,-0.023505,0.027567,7.4178
0.73368,2.1414,0.084904,-0.023479,0.027539,7.4251
0.73374,2.1414,0.084906,-0.023455,0.027506,7.424
0.73379,2.1414,0.084907,-0.023426,0.027471,7.416
0.73384,2.1414,0.084909,-0.023407,0.027435,7.4236
0.73389,2.1414,0.08491,-0.023399,0.027401,7.4287
0.73395,2.1414,0.084912,-0.023384,0.027372,7.4259
0.734,2.1414,0.084913,-0.023368,0.027346,7.4309
0.73405,2.1414,0.084914,-0.023356,0.027323,7.4408
0.73411,2.1414,0.084916,-0.023339,0.027301,7.4323
0.73416,2.1414,0.084917,-0.023325,0.027278,7.4281
0.73421,2.1414,0.084919,-0.023303,0.027256,7.428
0.73426,2.1414,0.08492,-0.023281,0.027235,7.4163
0.73432,2.1414,0.084922,-0.023262,0.027214,7.4063
0.73437,2.1414,0.084923,-0.023238,0.027193,7.4135
0.73442,2.1414,0.084924,-0.023215,0.027173,7.4061
0.73447,2.1414,0.084926,-0.023189,0.027154,7.4011
0.73453,2.1414,0.084927,-0.02317,0.027135,7.4115
0.73458,2.1414,0.084929,-0.023151,0.027117,7.4148
0.73463,2.1414,0.08493,-0.023128,0.027099,7.4069
0.73468,2.1414,0.084932,-0.0231,0.027083,7.4121
0.73474,2.1414,0.084933,-0.023073,0.027065,7.421
0.73479,2.1414,0.084934,-0.023058,0.027051,7.4144
0.73484,2.1414,0.084936,-0.023042,0.027036,7.4159
0.73489,2.1414,0.084937,-0.023025,0.027026,7.4234
0.73495,2.1414,0.084939,-0.02301,0.027017,7.4216
0.735,2.1414,0.08494,-0.022992,0.027009,7.428
0.73505,2.1414,0.084942,-0.022959,0.027001,7.4431
0.73511,2.1414,0.084943,-0.022924,0.026992,7.4387
0.73516,2.1414,0.084944,-0.022884,0.026978,7.4337
0.73521,2.1414,0.084946,-0.022847,0.026963,7.4378
0.73526,2.1414,0.084947,-0.0228,0.026946,7.4364
0.73532,2.1414,0.084949,-0.022755,0.026927,7.4223
0.73537,2.1414,0.08495,-0.022699,0.026908,7.4282
0.73542,2.1414,0.084951,-0.022637,0.026889,7.4329
0.73547,2.1414,0.084953,-0.022563,0.026869,7.4192
0.73553,2.1414,0.084954,-0.022501,0.02685,7.4214
0.73558,2.1414,0.084956,-0.022447,0.026831,7.4294
0.73563,2.1414,0.084957,-0.022412,0.026815,7.423
0.73568,2.1414,0.084959,-0.02239,0.026802,7.4217
0.73574,2.1414,0.08496,-0.022383,0.026789,7.4328
0.73579,2.1414,0.084961,-0.022375,0.026782,7.4175
0.73584,2.1414,0.084963,-0.022353,0.02678,7.4149
0.73589,2.1414,0.084964,-0.022313,0.026777,7.4193
0.73595,2.1414,0.084966,-0.022266,0.026775,7.4138
0.736,2.1414,0.084967,-0.02221,0.026771,7.4119
0.73605,2.1414,0.084968,-0.022161,0.02677,7.4203
0.73611,2.1414,0.08497,-0.022115,0.02677,7.4266
0.73616,2.1414,0.084971,-0.022088,0.026767,7.4212
0.73621,2.1414,0.084973,-0.022081,0.026769,7.4293
0.73626,2.1414,0.084974,-0.022077,0.026773,7.4324
0.73632,2.1414,0.084975,-0.022068,0.026777,7.4308
0.73637,2.1414,0.084977,-0.022048,0.02678,7.4329
0.73642,2.1414,0.084978,-0.022026,0.026783,7.4433
0.73647,2.1414,0.08498,-0.021995,0.026786,7.4391
0.73653,2.1414,0.084981,-0.021962,0.026789,7.4493
0.73658,2.1414,0.084982,-0.021936,0.026787,7.4554
0.73663,2.1414,0.084984,-0.021918,0.026787,7.4594
0.73668,2.1414,0.084985,-0.021905,0.026785,7.448
0.73674,2.1414,0.084987,-0.021893,0.026787,7.4558
0.73679,2.1414,0.084988,-0.021869,0.026791,7.445
0.73684,2.1414,0.08499,-0.021853,0.026799,7.429
0.73689,2.1414,0.084991,-0.02182,0.026806,7.4326
0.73695,2.1414,0.084992,-0.021781,0.026812,7.4273
0.737,2.1414,0.084994,-0.021744,0.026818,7.4119
0.73705,2.1414,0.084995,-0.021716,0.026823,7.4152
0.73711,2.1414,0.084997,-0.0217,0.026825,7.422
0.73716,2.1414,0.084998,-0.021693,0.026828,7.4112
0.73721,2.1414,0.084999,-0.021693,0.026831,7.4121
0.73726,2.1414,0.085001,-0.021712,0.026834,7.4194
0.73732,2.1414,0.085002,-0.021721,0.026836,7.4114
0.73737,2.1414,0.085004,-0.021725,0.026839,7.406
0.73742,2.1414,0.085005,-0.02173,0.026845,7.4053
0.73747,2.1413,0.085006,-0.021738,0.026851,7.4023
0.73753,2.1413,0.085008,-0.021746,0.026858,7.397
0.73758,2.1413,0.085009,-0.021756,0.026865,7.4083
0.73763,2.1413,0.085011,-0.021766,0.026871,7.4132
0.73768,2.1413,0.085012,-0.021777,0.026875,7.4002
0.73774,2.1413,0.085014,-0.02178,0.026877,7.4109
0.73779,2.1413,0.085015,-0.021791,0.02688,7.415
0.73784,2.1413,0.085016,-0.021791,0.026882,7.4068
0.73789,2.1413,0.085018,-0.021784,0.026885,7.4069
0.73795,2.1413,0.085019,-0.021758,0.026887,7.412
0.738,2.1413,0.085021,-0.02172,0.026888,7.4086
0.73805,2.1413,0.085022,-0.021664,0.02689,7.4047
0.73811,2.1413,0.085023,-0.021602,0.026891,7.4154
0.73816,2.1413,0.085025,-0.021546,0.026891,7.4176
0.73821,2.1413,0.085026,-0.021509,0.026892,7.4065
0.73826,2.1413,0.085028,-0.021481,0.026895,7.4152
0.73832,2.1413,0.085029,-0.021456,0.026899,7.4085
0.73837,2.1413,0.085031,-0.021422,0.026901,7.3946
0.73842,2.1413,0.085032,-0.021386,0.026903,7.394
0.73847,2.1413,0.085033,-0.021355,0.026909,7.3877
0.73853,2.1413,0.085035,-0.021327,0.026914,7.3897
0.73858,2.1413,0.085036,-0.021313,0.02692,7.3944
0.73863,2.1413,0.085038,-0.021317,0.026928,7.4003
0.73868,2.1413,0.085039,-0.02134,0.026939,7.3964
0.73874,2.1413,0.08504,-0.021369,0.026947,7.3959
0.73879,2.1413,0.085042,-0.021399,0.026954,7.4076
0.73884,2.1413,0.085043,-0.021426,0.026964,7.3994
0.73889,2.1413,0.085045,-0.021459,0.026976,7.393
0.73895,2.1413,0.085046,-0.0215,0.026985,7.4023
0.739,2.1413,0.085048,-0.021533,0.026995,7.4029
0.73905,2.1413,0.085049,-0.021562,0.027007,7.3968
0.73911,2.1413,0.08505,-0.021587,0.027019,7.4079
0.73916,2.1413,0.085052,-0.021606,0.027031,7.4147
0.73921,2.1413,0.085053,-0.021631,0.027041,7.4132
0.73926,2.1413,0.085055,-0.021674,0.027052,7.4217
0.73932,2.1413,0.085056,-0.021722,0.027061,7.4216
0.73937,2.1413,0.085058,-0.021787,0.027067,7.4127
0.73942,2.1413,0.085059,-0.021845,0.027071,7.4203
0.73947,2.1413,0.08506,-0.021903,0.027077,7.4306
0.73953,2.1413,0.085062,-0.021947,0.027083,7.4193
0.73958,2.1413,0.085063,-0.021983,0.027089,7.4216
0.73963,2.1413,0.085065,-0.022033,0.027093,7.4398
0.73968,2.1413,0.085066,-0.022099,0.027099,7.443
0.73974,2.1413,0.085067,-0.022163,0.027106,7.4387
0.73979,2.1413,0.085069,-0.022246,0.027117,7.4512
0.73984,2.1413,0.08507,-0.022333,0.027132,7.4484
0.73989,2.1413,0.085072,-0.022417,0.027151,7.4395
0.73995,2.1413,0.085073,-0.022494,0.027174,7.4412
0.74,2.1413,0.085075,-0.022567,0.027197,7.4475
0.74005,2.1413,0.085076,-0.022641,0.027219,7.4377
0.74011,2.1413,0.085078,-0.022713,0.02724,7.4441
0.74016,2.1413,0.085079,-0.022768,0.027258,7.4622
0.74021,2.1413,0.08508,-0.022812,0.027273,7.459
0.74026,2.1413,0.085082,-0.022835,0.027284,7.4612
0.74032,2.1413,0.085083,-0.022846,0.027294,7.4789
0.74037,2.1413,0.085085,-0.022852,0.027305,7.4689
0.74042,2.1413,0.085086,-0.022879,0.027318,7.4654
0.74047,2.1413,0.085088,-0.022926,0.027333,7.4796
0.74053,2.1413,0.085089,-0.02298,0.02735,7.4692
0.74058,2.1413,0.08509,-0.023032,0.027369,7.4679
0.74063,2.1413,0.085092,-0.023092,0.027387,7.4789
0.74068,2.1413,0.085093,-0.023148,0.027402,7.4837
0.74074,2.1413,0.085095,-0.023194,0.027417,7.4769
0.74079,2.1413,0.085096,-0.023224,0.027435,7.4797
0.74084,2.1413,0.085098,-0.02325,0.027454,7.4835
0.74089,2.1413,0.085099,-0.023265,0.027472,7.4747
0.74095,2.1413,0.085101,-0.023269,0.02749,7.475
0.741,2.1413,0.085102,-0.023275,0.027505,7.476
0.74105,2.1413,0.085103,-0.023292,0.027518,7.4672
0.74111,2.1413,0.085105,-0.023314,0.027529,7.4681
0.74116,2.1413,0.085106,-0.023335,0.027538,7.4789
0.74121,2.1413,0.085108,-0.023352,0.027548,7.4741
0.74126,2.1413,0.085109,-0.023366,0.027559,7.4676
0.74132,2.1413,0.085111,-0.023382,0.027573,7.4782
0.74137,2.1413,0.085112,-0.023399,0.027586,7.4698
0.74142,2.1413,0.085114,-0.023421,0.027598,7.4613
0.74147,2.1413,0.085115,-0.023447,0.02761,7.4736
0.74153,2.1413,0.085117,-0.023467,0.027618,7.4675
0.74158,2.1413,0.085118,-0.023493,0.027622,7.4571
0.74163,2.1413,0.085119,-0.023525,0.027626,7.4665
0.74168,2.1413,0.085121,-0.023553,0.027626,7.4841
0.74174,2.1413,0.085122,-0.023588,0.027626,7.4705
0.74179,2.1413,0.085124,-0.023628,0.02763,7.476
0.74184,2.1413,0.085125,-0.023669,0.027631,7.4931
0.74189,2.1413,0.085127,-0.023706,0.02763,7.4832
0.74195,2.1412,0.085128,-0.023729,0.027628,7.4786
0.742,2.1412,0.08513,-0.023754,0.027626,7.4879
0.74205,2.1412,0.085131,-0.023776,0.027624,7.4903
0.74211,2.1412,0.085133,-0.023793,0.027616,7.4718
0.74216,2.1412,0.085134,-0.023818,0.027608,7.4837
0.74221,2.1412,0.085135,-0.023852,0.027601,7.4872
0.74226,2.1412,0.085137,-0.023881,0.02759,7.4812
0.74232,2.1412,0.085138,-0.023901,0.027577,7.4845
0.74237,2.1412,0.08514,-0.023911,0.027564,7.4879
0.74242,2.1412,0.085141,-0.023919,0.027556,7.48
0.74247,2.1412,0.085143,-0.023927,0.027553,7.4815
0.74253,2.1412,0.085144,-0.023944,0.027555,7.4783
0.74258,2.1412,0.085146,-0.023965,0.027557,7.4705
0.74263,2.1412,0.085147,-0.023996,0.027559,7.4648
0.74268,2.1412,0.085148,-0.024025,0.027561,7.4819
0.74274,2.1412,0.08515,-0.024059,0.027561,7.47
0.74279,2.1412,0.085151,-0.024094,0.027561,7.4724
0.74284,2.1412,0.085153,-0.024127,0.027564,7.4809
0.74289,2.1412,0.085154,-0.024164,0.027567,7.4804
0.74295,2.1412,0.085156,-0.024206,0.027576,7.471
0.743,2.1412,0.085157,-0.024239,0.027584,7.477
0.74305,2.1412,0.085159,-0.024272,0.027593,7.4815
0.74311,2.1412,0.08516,-0.024301,0.027602,7.4683
0.74316,2.1412,0.085162,-0.024334,0.027611,7.4765
0.74321,2.1412,0.085163,-0.024362,0.027617,7.4855
0.74326,2.1412,0.085164,-0.024388,0.027623,7.4838
0.74332,2.1412,0.085166,-0.024422,0.027629,7.4832
0.74337,2.1412,0.085167,-0.024458,0.027636,7.5003
0.74342,2.1412,0.085169,-0.024486,0.027643,7.4856
0.74347,2.1412,0.08517,-0.024513,0.027648,7.4809
0.74353,2.1412,0.085172,-0.024534,0.027653,7.4907
0.74358,2.1412,0.085173,-0.02455,0.027658,7.4913
0.74363,2.1412,0.085175,-0.024568,0.027662,7.4827
0.74368,2.1412,0.085176,-0.024581,0.027668,7.4918
0.74374,2.1412,0.085178,-0.024599,0.027673,7.4846
0.74379,2.1412,0.085179,-0.024612,0.027677,7.4754
0.74384,2.1412,0.08518,-0.024615,0.02768,7.4838
0.74389,2.1412,0.085182,-0.024623,0.027681,7.4834
0.74395,2.1412,0.085183,-0.024629,0.027683,7.4719
0.744,2.1412,0.085185,-0.024626,0.027686,7.4748
0.74405,2.1412,0.085186,-0.024623,0.027688,7.4722
0.74411,2.1412,0.085188,-0.024613,0.02769,7.4562
0.74416,2.1412,0.085189,-0.024605,0.027692,7.4491
0.74421,2.1412,0.085191,-0.024592,0.027694,7.4556
0.74426,2.1412,0.085192,-0.024577,0.027697,7.4541
0.74432,2.1412,0.085194,-0.02457,0.027699,7.4502
0.74437,2.1412,0.085195,-0.024565,0.027702,7.4611
0.74442,2.1412,0.085196,-0.024554,0.027705,7.4634
0.74447,2.1412,0.085198,-0.024539,0.027708,7.4532
0.74453,2.1412,0.085199,-0.024519,0.027712,7.4595
0.74458,2.1412,0.085201,-0.024507,0.027716,7.4615
0.74463,2.1412,0.085202,-0.024491,0.027721,7.4509
0.74468,2.1412,0.085204,-0.024471,0.027728,7.459
0.74474,2.1412,0.085205,-0.02444,0.027733,7.4725
0.74479,2.1412,0.085207,-0.024411,0.02774,7.4669
0.74484,2.1412,0.085208,-0.024374,0.027745,7.4704
0.74489,2.1412,0.08521,-0.024335,0.027749,7.4883
0.74495,2.1412,0.085211,-0.024294,0.027749,7.4848
0.745,2.1412,0.085213,-0.024269,0.027748,7.4826
0.74505,2.1412,0.085214,-0.02424,0.027749,7.4934
0.74511,2.1412,0.085215,-0.024218,0.027753,7.4871
0.74516,2.1412,0.085217,-0.0242,0.027759,7.4788
0.74521,2.1412,0.085218,-0.024191,0.02777,7.49
0.74526,2.1412,0.08522,-0.024185,0.027786,7.4908
0.74532,2.1412,0.085221,-0.024193,0.0278,7.4882
0.74537,2.1412,0.085223,-0.024209,0.027813,7.496
0.74542,2.1412,0.085224,-0.024232,0.027825,7.5014
0.74547,2.1412,0.085226,-0.024249,0.027838,7.4868
0.74553,2.1412,0.085227,-0.024264,0.027851,7.4895
0.74558,2.1412,0.085229,-0.024262,0.027864,7.4911
0.74563,2.1412,0.08523,-0.024243,0.027878,7.4834
0.74568,2.1412,0.085232,-0.024211,0.027895,7.4811
0.74574,2.1412,0.085233,-0.024177,0.027911,7.4927
0.74579,2.1412,0.085235,-0.024151,0.027927,7.4913
0.74584,2.1412,0.085236,-0.024136,0.027944,7.4906
0.74589,2.1412,0.085237,-0.024133,0.027964,7.5122
0.74595,2.1412,0.085239,-0.024137,0.02798,7.5089
0.746,2.1412,0.08524,-0.024134,0.027994,7.5069
0.74605,2.1411,0.085242,-0.02413,0.028005,7.5124
0.74611,2.1411,0.085243,-0.024111,0.028017,7.5093
0.74616,2.1411,0.085245,-0.024076,0.028027,7.5025
0.74621,2.1411,0.085246,-0.024037,0.028038,7.5067
0.74626,2.1411,0.085248,-0.024003,0.028051,7.5172
0.74632,2.1411,0.085249,-0.023983,0.028064,7.5153
0.74637,2.1411,0.085251,-0.023962,0.028075,7.5146
0.74642,2.1411,0.085252,-0.023958,0.028087,7.5295
0.74647,2.1411,0.085254,-0.02396,0.028099,7.5216
0.74653,2.1411,0.085255,-0.023963,0.028113,7.514
0.74658,2.1411,0.085257,-0.023957,0.028127,7.5214
0.74663,2.1411,0.085258,-0.023944,0.028142,7.5124
0.74668,2.1411,0.08526,-0.023928,0.028156,7.5076
0.74674,2.1411,0.085261,-0.023919,0.028169,7.517
0.74679,2.1411,0.085263,-0.023911,0.02818,7.5111
0.74684,2.1411,0.085264,-0.023917,0.028192,7.5024
0.74689,2.1411,0.085266,-0.023929,0.028205,7.5125
0.74695,2.1411,0.085267,-0.023943,0.028218,7.5103
0.747,2.1411,0.085269,-0.023944,0.028231,7.4964
0.74705,2.1411,0.08527,-0.023938,0.028244,7.4995
0.74711,2.1411,0.085271,-0.023919,0.028258,7.5068
0.74716,2.1411,0.085273,-0.023899,0.028271,7.4948
0.74721,2.1411,0.085274,-0.023877,0.028285,7.4894
0.74726,2.1411,0.085276,-0.023848,0.028299,7.4963
0.74732,2.1411,0.085277,-0.023817,0.028314,7.4848
0.74737,2.1411,0.085279,-0.02378,0.028328,7.4956
0.74742,2.1411,0.08528,-0.023739,0.028343,7.5055
0.74747,2.1411,0.085282,-0.023703,0.028357,7.497
0.74753,2.1411,0.085283,-0.023665,0.028372,7.4887
0.74758,2.1411,0.085285,-0.023624,0.028387,7.5007
0.74763,2.1411,0.085286,-0.023579,0.028402,7.5036
0.74768,2.1411,0.085288,-0.023523,0.028417,7.499
0.74774,2.1411,0.085289,-0.023455,0.028432,7.4943
0.74779,2.1411,0.085291,-0.023385,0.028448,7.495
0.74784,2.1411,0.085292,-0.023322,0.028464,7.4909
0.74789,2.1411,0.085294,-0.023275,0.02848,7.4956
0.74795,2.1411,0.085295,-0.023243,0.028497,7.507
0.748,2.1411,0.085297,-0.023226,0.028514,7.4888
0.74805,2.1411,0.085298,-0.023218,0.028532,7.4845
0.74811,2.1411,0.0853,-0.02322,0.028549,7.4887
0.74816,2.1411,0.085301,-0.023221,0.028567,7.4761
0.74821,2.1411,0.085303,-0.023229,0.028586,7.4656
0.74826,2.1411,0.085304,-0.023245,0.028606,7.475
0.74832,2.1411,0.085306,-0.023272,0.028624,7.4767
0.74837,2.1411,0.085307,-0.023305,0.028641,7.4673
0.74842,2.1411,0.085309,-0.023339,0.028657,7.4711
0.74847,2.1411,0.08531,-0.023376,0.028674,7.4735
0.74853,2.1411,0.085312,-0.023403,0.028691,7.4608
0.74858,2.1411,0.085313,-0.023412,0.02871,7.4658
0.74863,2.1411,0.085315,-0.023412,0.028731,7.4637
0.74868,2.1411,0.085316,-0.023411,0.028753,7.4567
0.74874,2.1411,0.085318,-0.023414,0.028775,7.4515
0.74879,2.1411,0.08532,-0.023433,0.028797,7.4605
0.74884,2.1411,0.085321,-0.02346,0.028819,7.4572
0.74889,2.1411,0.085323,-0.023501,0.028842,7.4561
0.74895,2.1411,0.085324,-0.02355,0.028865,7.4682
0.749,2.1411,0.085326,-0.023601,0.028888,7.4649
0.74905,2.1411,0.085327,-0.023657,0.028911,7.4641
0.74911,2.1411,0.085329,-0.023721,0.028935,7.4731
0.74916,2.1411,0.08533,-0.023788,0.028958,7.4744
0.74921,2.1411,0.085332,-0.023854,0.028982,7.462
0.74926,2.1411,0.085333,-0.023918,0.029007,7.4604
0.74932,2.1411,0.085335,-0.023982,0.029031,7.4674
0.74937,2.1411,0.085336,-0.024034,0.029055,7.4567
0.74942,2.1411,0.085338,-0.024072,0.02908,7.4537
0.74947,2.1411,0.085339,-0.02411,0.029105,7.4651
0.74953,2.1411,0.085341,-0.024148,0.029129,7.4571
0.74958,2.1411,0.085342,-0.024184,0.029154,7.4531
0.74963,2.1411,0.085344,-0.024209,0.02918,7.4577
0.74968,2.1411,0.085345,-0.024232,0.029205,7.4471
0.74974,2.1411,0.085347,-0.024252,0.02923,7.4421
0.74979,2.1411,0.085349,-0.02425,0.029255,7.4536
0.74984,2.1411,0.08535,-0.024232,0.02928,7.4406
0.74989,2.1411,0.085352,-0.024206,0.029305,7.4334
0.74995,2.1411,0.085353,-0.024178,0.02933,7.4452
0.75,2.1411,0.085355,-0.024158,0.029355,7.4539
0.75005,2.1411,0.085356,-0.024149,0.02938,7.4394
0.75011,2.1411,0.085358,-0.024157,0.029404,7.4515
0.75016,2.1411,0.085359,-0.024179,0.029429,7.4535
0.75021,2.1411,0.085361,-0.024206,0.029453,7.4402
0.75026,2.141,0.085362,-0.024228,0.029477,7.4386
0.75032,2.141,0.085364,-0.024254,0.029501,7.4495
0.75037,2.141,0.085366,-0.024279,0.029526,7.4435
0.75042,2.141,0.085367,-0.0243,0.02955,7.4346
0.75047,2.141,0.085369,-0.024321,0.029575,7.4536
0.75053,2.141,0.08537,-0.024348,0.029599,7.4541
0.75058,2.141,0.085372,-0.024371,0.029624,7.4451
0.75063,2.141,0.085373,-0.024385,0.029648,7.4579
0.75068,2.141,0.085375,-0.024402,0.029672,7.456
0.75074,2.141,0.085376,-0.024435,0.029696,7.4527
0.75079,2.141,0.085378,-0.024479,0.02972,7.4527
0.75084,2.141,0.08538,-0.024528,0.029743,7.4583
0.75089,2.141,0.085381,-0.024589,0.029767,7.455
0.75095,2.141,0.085383,-0.024652,0.02979,7.4544
0.751,2.141,0.085384,-0.024703,0.029813,7.4667
0.75105,2.141,0.085386,-0.02473,0.029834,7.4602
0.75111,2.141,0.085387,-0.024742,0.029858,7.4545
0.75116,2.141,0.085389,-0.024737,0.029883,7.4638
0.75121,2.141,0.085391,-0.024723,0.029908,7.4547
0.75126,2.141,0.085392,-0.024707,0.029933,7.4519
0.75132,2.141,0.085394,-0.0247,0.029958,7.4608
0.75137,2.141,0.085395,-0.024701,0.029982,7.4599
0.75142,2.141,0.085397,-0.024719,0.030004,7.4483
0.75147,2.141,0.085398,-0.024759,0.030024,7.4582
0.75153,2.141,0.0854,-0.024801,0.030045,7.4676
0.75158,2.141,0.085402,-0.02483,0.030064,7.4632
0.75163,2.141,0.085403,-0.024847,0.030085,7.4683
0.75168,2.141,0.085405,-0.024852,0.030107,7.4686
0.75174,2.141,0.085406,-0.024849,0.030129,7.464
0.75179,2.141,0.085408,-0.024862,0.030152,7.4674
0.75184,2.141,0.08541,-0.024889,0.030176,7.4787
0.75189,2.141,0.085411,-0.024933,0.030203,7.4746
0.75195,2.141,0.085413,-0.024974,0.030232,7.4698
0.752,2.141,0.085414,-0.025004,0.030262,7.4815
0.75205,2.141,0.085416,-0.025026,0.030296,7.4828
0.75211,2.141,0.085418,-0.025036,0.030332,7.4767
0.75216,2.141,0.085419,-0.025041,0.030365,7.4854
0.75221,2.141,0.085421,-0.025056,0.030396,7.4865
0.75226,2.141,0.085422,-0.025075,0.030425,7.47
0.75232,2.141,0.085424,-0.025109,0.030454,7.4713
0.75237,2.141,0.085426,-0.025148,0.030482,7.4767
0.75242,2.141,0.085427,-0.025182,0.030507,7.4633
0.75247,2.141,0.085429,-0.025214,0.030531,7.4672
0.75253,2.141,0.08543,-0.025251,0.030558,7.4773
0.75258,2.141,0.085432,-0.025277,0.030584,7.4738
0.75263,2.141,0.085434,-0.025303,0.030611,7.469
0.75268,2.141,0.085435,-0.025331,0.030639,7.4782
0.75274,2.141,0.085437,-0.02536,0.030668,7.4728
0.75279,2.141,0.085438,-0.025385,0.030694,7.4626
0.75284,2.141,0.08544,-0.025405,0.030719,7.4696
0.75289,2.141,0.085442,-0.025428,0.030738,7.4704
0.75295,2.141,0.085443,-0.025461,0.030756,7.4634
0.753,2.141,0.085445,-0.025491,0.030772,7.4754
0.75305,2.141,0.085447,-0.025527,0.030787,7.4856
0.75311,2.141,0.085448,-0.025561,0.030801,7.4796
0.75316,2.141,0.08545,-0.025591,0.030817,7.4822
0.75321,2.141,0.085451,-0.025624,0.030831,7.4884
0.75326,2.141,0.085453,-0.025656,0.030845,7.483
0.75332,2.141,0.085455,-0.02569,0.030856,7.4797
0.75337,2.141,0.085456,-0.025725,0.030865,7.4789
0.75342,2.141,0.085458,-0.025761,0.030876,7.4645
0.75347,2.141,0.08546,-0.025806,0.030884,7.4531
0.75353,2.141,0.085461,-0.025852,0.030891,7.4631
0.75358,2.141,0.085463,-0.025896,0.030898,7.4534
0.75363,2.141,0.085464,-0.025943,0.030903,7.4457
0.75368,2.141,0.085466,-0.025988,0.030906,7.4525
0.75374,2.141,0.085468,-0.026029,0.030908,7.4492
0.75379,2.141,0.085469,-0.026055,0.030911,7.4366
0.75384,2.141,0.085471,-0.026078,0.030915,7.4398
0.75389,2.141,0.085473,-0.026102,0.030917,7.4402
0.75395,2.141,0.085474,-0.026122,0.030918,7.4261
0.754,2.141,0.085476,-0.026135,0.030918,7.4331
0.75405,2.141,0.085477,-0.026154,0.030918,7.4385
0.75411,2.141,0.085479,-0.026177,0.030918,7.4389
0.75416,2.141,0.085481,-0.026201,0.030917,7.4308
0.75421,2.1409,0.085482,-0.026217,0.030917,7.4424
0.75426,2.1409,0.085484,-0.026236,0.030915,7.4348
0.75432,2.1409,0.085486,-0.02625,0.030914,7.4284
0.75437,2.1409,0.085487,-0.026264,0.030912,7.4397
0.75442,2.1409,0.085489,-0.026278,0.03091,7.4355
0.75447,2.1409,0.08549,-0.026293,0.030907,7.4264
0.75453,2.1409,0.085492,-0.026299,0.030904,7.4373
0.75458,2.1409,0.085494,-0.026302,0.0309,7.442
0.75463,2.1409,0.085495,-0.026301,0.030896,7.4385
0.75468,2.1409,0.085497,-0.026303,0.030891,7.4452
0.75474,2.1409,0.085499,-0.026307,0.030886,7.4547
0.75479,2.1409,0.0855,-0.026316,0.03088,7.4405
0.75484,2.1409,0.085502,-0.026319,0.030874,7.4472
0.75489,2.1409,0.085503,-0.026316,0.030866,7.4467
0.75495,2.1409,0.085505,-0.026305,0.030858,7.4382
0.755,2.1409,0.085507,-0.026299,0.030848,7.4329
0.75505,2.1409,0.085508,-0.026299,0.030838,7.4428
0.75511,2.1409,0.08551,-0.02631,0.030827,7.4389
0.75516,2.1409,0.085512,-0.026325,0.030816,7.4328
0.75521,2.1409,0.085513,-0.026333,0.030803,7.4456
0.75526,2.1409,0.085515,-0.02633,0.030791,7.4431
0.75532,2.1409,0.085516,-0.026326,0.030778,7.4264
0.75537,2.1409,0.085518,-0.026321,0.030764,7.4316
0.75542,2.1409,0.08552,-0.026314,0.03075,7.4363
0.75547,2.1409,0.085521,-0.026305,0.030736,7.4311
0.75553,2.1409,0.085523,-0.026296,0.03072,7.435
0.75558,2.1409,0.085524,-0.026283,0.030705,7.4511
0.75563,2.1409,0.085526,-0.026265,0.030688,7.4458
0.75568,2.1409,0.085528,-0.026242,0.030672,7.4451
0.75574,2.1409,0.085529,-0.026222,0.030655,7.4627
0.75579,2.1409,0.085531,-0.026205,0.030637,7.4578
0.75584,2.1409,0.085533,-0.02618,0.03062,7.4591
0.75589,2.1409,0.085534,-0.026149,0.030603,7.4683
0.75595,2.1409,0.085536,-0.02612,0.030585,7.4623
0.756,2.1409,0.085537,-0.026085,0.030568,7.4545
0.75605,2.1409,0.085539,-0.026044,0.03055,7.4733
0.75611,2.1409,0.085541,-0.026003,0.030532,7.4767
0.75616,2.1409,0.085542,-0.025969,0.030514,7.4724
0.75621,2.1409,0.085544,-0.025926,0.030495,7.4788
0.75626,2.1409,0.085545,-0.025868,0.030475,7.4869
0.75632,2.1409,0.085547,-0.025808,0.030454,7.4735
0.75637,2.1409,0.085549,-0.025746,0.030434,7.4734
0.75642,2.1409,0.08555,-0.025679,0.030412,7.4781
0.75647,2.1409,0.085552,-0.025605,0.030391,7.4708
0.75653,2.1409,0.085553,-0.025533,0.03037,7.4674
0.75658,2.1409,0.085555,-0.025461,0.030349,7.4836
0.75663,2.1409,0.085557,-0.025374,0.030328,7.4817
0.75668,2.1409,0.085558,-0.025278,0.030307,7.475
0.75674,2.1409,0.08556,-0.025185,0.030285,7.4852
0.75679,2.1409,0.085561,-0.02509,0.030264,7.4831
0.75684,2.1409,0.085563,-0.025001,0.030243,7.4756
0.75689,2.1409,0.085565,-0.024911,0.030222,7.4869
0.75695,2.1409,0.085566,-0.024832,0.030202,7.4882
0.757,2.1409,0.085568,-0.024757,0.030181,7.4803
0.75705,2.1409,0.085569,-0.024687,0.030161,7.4866
0.75711,2.1409,0.085571,-0.024626,0.030141,7.4973
0.75716,2.1409,0.085573,-0.024563,0.030122,7.497
0.75721,2.1409,0.085574,-0.0245,0.030102,7.4976
0.75726,2.1409,0.085576,-0.024455,0.030083,7.5117
0.75732,2.1409,0.085577,-0.024415,0.030064,7.499
0.75737,2.1409,0.085579,-0.024395,0.030046,7.5009
0.75742,2.1409,0.08558,-0.024373,0.030028,7.5068
0.75747,2.1409,0.085582,-0.024364,0.030011,7.5035
0.75753,2.1409,0.085584,-0.02437,0.029994,7.4894
0.75758,2.1409,0.085585,-0.024363,0.029979,7.4973
0.75763,2.1409,0.085587,-0.024353,0.029963,7.5025
0.75768,2.1409,0.085588,-0.024343,0.029949,7.4955
0.75774,2.1409,0.08559,-0.024323,0.029935,7.5037
0.75779,2.1409,0.085591,-0.024302,0.029921,7.5126
0.75784,2.1409,0.085593,-0.024273,0.029909,7.5024
0.75789,2.1409,0.085595,-0.024251,0.029897,7.5041
0.75795,2.1409,0.085596,-0.024229,0.029886,7.5041
0.758,2.1409,0.085598,-0.024201,0.029876,7.4972
0.75805,2.1409,0.085599,-0.024175,0.029867,7.5038
0.75811,2.1409,0.085601,-0.024151,0.029859,7.5127
0.75816,2.1408,0.085602,-0.024128,0.029852,7.5036
0.75821,2.1408,0.085604,-0.024109,0.029845,7.5001
0.75826,2.1408,0.085606,-0.024096,0.029842,7.5096
0.75832,2.1408,0.085607,-0.024091,0.029841,7.5107
0.75837,2.1408,0.085609,-0.024092,0.029842,7.4986
0.75842,2.1408,0.08561,-0.024102,0.029845,7.5063
0.75847,2.1408,0.085612,-0.024125,0.02985,7.5101
0.75853,2.1408,0.085613,-0.024168,0.029856,7.4999
0.75858,2.1408,0.085615,-0.024222,0.029861,7.5003
0.75863,2.1408,0.085617,-0.02429,0.029867,7.5162
0.75868,2.1408,0.085618,-0.024359,0.029875,7.5077
0.75874,2.1408,0.08562,-0.024418,0.029885,7.5145
0.75879,2.1408,0.085621,-0.024468,0.029896,7.5344
0.75884,2.1408,0.085623,-0.024504,0.02991,7.5225
0.75889,2.1408,0.085624,-0.024528,0.029924,7.5162
0.75895,2.1408,0.085626,-0.024553,0.029941,7.5258
0.759,2.1408,0.085628,-0.024577,0.029958,7.5158
0.75905,2.1408,0.085629,-0.024609,0.029978,7.5063
0.75911,2.1408,0.085631,-0.024632,0.029999,7.5133
0.75916,2.1408,0.085632,-0.024644,0.030022,7.5136
0.75921,2.1408,0.085634,-0.024655,0.030046,7.505
0.75926,2.1408,0.085636,-0.024666,0.030073,7.5125
0.75932,2.1408,0.085637,-0.02468,0.030101,7.5157
0.75937,2.1408,0.085639,-0.024705,0.03013,7.5078
0.75942,2.1408,0.08564,-0.024737,0.030162,7.51
0.75947,2.1408,0.085642,-0.024773,0.030195,7.5086
0.75953,2.1408,0.085643,-0.024801,0.03023,7.5029
0.75958,2.1408,0.085645,-0.024827,0.030266,7.4989
0.75963,2.1408,0.085647,-0.024854,0.030304,7.5124
0.75968,2.1408,0.085648,-0.024878,0.030344,7.5048
0.75974,2.1408,0.08565,-0.024915,0.030386,7.5054
0.75979,2.1408,0.085651,-0.02496,0.030429,7.5145
0.75984,2.1408,0.085653,-0.025015,0.030474,7.5171
0.75989,2.1408,0.085655,-0.025075,0.03052,7.5083
0.75995,2.1408,0.085656,-0.025133,0.030569,7.5141
0.76,2.1408,0.085658,-0.025187,0.030618,7.5122
0.76005,2.1408,0.08566,-0.025241,0.03067,7.5084
0.76011,2.1408,0.085661,-0.025291,0.030724,7.5118
0.76016,2.1408,0.085663,-0.025343,0.030779,7.5196
0.76021,2.1408,0.085664,-0.025402,0.030836,7.506
0.76026,2.1408,0.085666,-0.025464,0.030895,7.5129
0.76032,2.1408,0.085668,-0.02553,0.030956,7.526
0.76037,2.1408,0.085669,-0.025598,0.031019,7.5172
0.76042,2.1408,0.085671,-0.025668,0.031083,7.5143
0.76047,2.1408,0.085673,-0.025746,0.031149,7.5258
0.76053,2.1408,0.085674,-0.025828,0.031217,7.5139
0.76058,2.1408,0.085676,-0.025912,0.031286,7.5037
0.76063,2.1408,0.085677,-0.025999,0.031357,7.51
0.76068,2.1408,0.085679,-0.02608,0.03143,7.5093
0.76074,2.1408,0.085681,-0.026155,0.031504,7.5019
0.76079,2.1408,0.085682,-0.026226,0.031579,7.5109
0.76084,2.1408,0.085684,-0.02629,0.031656,7.5221
0.76089,2.1408,0.085686,-0.026356,0.031735,7.5154
0.76095,2.1408,0.085687,-0.026428,0.031814,7.514
0.761,2.1408,0.085689,-0.026515,0.031895,7.5185
0.76105,2.1408,0.085691,-0.026618,0.031977,7.5039
0.76111,2.1408,0.085693,-0.026736,0.03206,7.499
0.76116,2.1408,0.085694,-0.026868,0.032144,7.51
0.76121,2.1408,0.085696,-0.027006,0.03223,7.5042
0.76126,2.1408,0.085698,-0.02714,0.032316,7.5014
0.76132,2.1408,0.085699,-0.027271,0.032403,7.5134
0.76137,2.1408,0.085701,-0.02739,0.032491,7.5095
0.76142,2.1408,0.085703,-0.027496,0.032579,7.5033
0.76147,2.1408,0.085704,-0.0276,0.032668,7.5081
0.76153,2.1408,0.085706,-0.027705,0.032756,7.5072
0.76158,2.1408,0.085708,-0.027819,0.032845,7.4982
0.76163,2.1408,0.08571,-0.027937,0.032934,7.4943
0.76168,2.1408,0.085711,-0.028062,0.033023,7.5043
0.76174,2.1408,0.085713,-0.028174,0.033111,7.4948
0.76179,2.1408,0.085715,-0.028278,0.033198,7.502
0.76184,2.1408,0.085717,-0.028377,0.033286,7.5168
0.76189,2.1408,0.085718,-0.028481,0.033373,7.5184
0.76195,2.1408,0.08572,-0.028593,0.033459,7.5158
0.762,2.1408,0.085722,-0.028716,0.033545,7.5189
0.76205,2.1407,0.085724,-0.028848,0.03363,7.5153
0.76211,2.1407,0.085725,-0.028987,0.033715,7.5096
0.76216,2.1407,0.085727,-0.029119,0.0338,7.5184
0.76221,2.1407,0.085729,-0.029249,0.033883,7.5216
0.76226,2.1407,0.085731,-0.029368,0.033966,7.5114
0.76232,2.1407,0.085733,-0.029486,0.034049,7.5195
0.76237,2.1407,0.085734,-0.029606,0.034131,7.5301
0.76242,2.1407,0.085736,-0.029728,0.034213,7.5249
0.76247,2.1407,0.085738,-0.029847,0.034296,7.5226
0.76253,2.1407,0.08574,-0.029974,0.034378,7.5318
0.76258,2.1407,0.085742,-0.030104,0.034461,7.523
0.76263,2.1407,0.085743,-0.030236,0.034544,7.5245
0.76268,2.1407,0.085745,-0.030367,0.034626,7.5362
0.76274,2.1407,0.085747,-0.030501,0.034709,7.5352
0.76279,2.1407,0.085749,-0.030638,0.03479,7.5384
0.76284,2.1407,0.085751,-0.030771,0.034871,7.5475
0.76289,2.1407,0.085753,-0.030889,0.034951,7.5498
0.76295,2.1407,0.085754,-0.031007,0.03503,7.5468
0.763,2.1407,0.085756,-0.031119,0.035107,7.5511
0.76305,2.1407,0.085758,-0.031234,0.035184,7.5478
0.76311,2.1407,0.08576,-0.031351,0.035259,7.5435
0.76316,2.1407,0.085762,-0.031464,0.035332,7.5484
0.76321,2.1407,0.085764,-0.031577,0.035404,7.5546
0.76326,2.1407,0.085766,-0.031687,0.035475,7.543
0.76332,2.1407,0.085767,-0.031794,0.035545,7.5453
0.76337,2.1407,0.085769,-0.031898,0.035614,7.5563
0.76342,2.1407,0.085771,-0.031993,0.035681,7.5508
0.76347,2.1407,0.085773,-0.03208,0.035748,7.5414
0.76353,2.1407,0.085775,-0.032161,0.035813,7.5519
0.76358,2.1407,0.085777,-0.032233,0.035878,7.5461
0.76363,2.1407,0.085779,-0.032301,0.035942,7.5358
0.76368,2.1407,0.085781,-0.032367,0.036006,7.5382
0.76374,2.1407,0.085783,-0.032447,0.036068,7.5331
0.76379,2.1407,0.085784,-0.032529,0.036131,7.526
0.76384,2.1407,0.085786,-0.032612,0.036192,7.5362
0.76389,2.1407,0.085788,-0.032694,0.036252,7.5468
0.76395,2.1407,0.08579,-0.032779,0.036311,7.5324
0.764,2.1407,0.085792,-0.032855,0.036369,7.5323
0.76405,2.1407,0.085794,-0.032925,0.036425,7.5365
0.76411,2.1407,0.085796,-0.03299,0.036481,7.5236
0.76416,2.1407,0.085798,-0.033058,0.036535,7.5175
0.76421,2.1407,0.0858,-0.033121,0.036588,7.5237
0.76426,2.1407,0.085802,-0.033182,0.03664,7.5144
0.76432,2.1407,0.085804,-0.033243,0.03669,7.5114
0.76437,2.1407,0.085806,-0.033303,0.03674,7.5308
0.76442,2.1407,0.085807,-0.033363,0.036788,7.534
0.76447,2.1407,0.085809,-0.033422,0.036835,7.5255
0.76453,2.1407,0.085811,-0.033482,0.03688,7.5289
0.76458,2.1407,0.085813,-0.033543,0.036925,7.5299
0.76463,2.1407,0.085815,-0.033597,0.036967,7.5216
0.76468,2.1407,0.085817,-0.033643,0.037009,7.5184
0.76474,2.1407,0.085819,-0.033683,0.037049,7.5172
0.76479,2.1407,0.085821,-0.033726,0.037088,7.5072
0.76484,2.1407,0.085823,-0.033774,0.037125,7.5106
0.76489,2.1407,0.085825,-0.033819,0.037161,7.5185
0.76495,2.1407,0.085827,-0.033859,0.037196,7.5123
0.765,2.1407,0.085829,-0.03389,0.03723,7.5034
0.76505,2.1407,0.085831,-0.033903,0.037262,7.5148
0.76511,2.1407,0.085833,-0.033901,0.037292,7.4964
0.76516,2.1406,0.085835,-0.033899,0.037322,7.4883
0.76521,2.1406,0.085837,-0.033903,0.03735,7.4997
0.76526,2.1406,0.085839,-0.033903,0.037376,7.494
0.76532,2.1406,0.085841,-0.033902,0.037402,7.4823
0.76537,2.1406,0.085843,-0.033899,0.037426,7.4881
0.76542,2.1406,0.085845,-0.033896,0.037449,7.4951
0.76547,2.1406,0.085847,-0.033885,0.03747,7.4869
0.76553,2.1406,0.085849,-0.033875,0.037491,7.4861
0.76558,2.1406,0.085851,-0.033861,0.03751,7.4884
0.76563,2.1406,0.085853,-0.033843,0.037528,7.4792
0.76568,2.1406,0.085855,-0.033817,0.037546,7.4778
0.76574,2.1406,0.085857,-0.033789,0.037562,7.4856
0.76579,2.1406,0.085858,-0.033758,0.037577,7.4792
0.76584,2.1406,0.08586,-0.033737,0.037591,7.4818
0.76589,2.1406,0.085862,-0.033711,0.037604,7.4937
0.76595,2.1406,0.085864,-0.033692,0.037615,7.4953
0.766,2.1406,0.085866,-0.033671,0.037626,7.4834
0.76605,2.1406,0.085868,-0.033638,0.037636,7.4894
0.76611,2.1406,0.08587,-0.033588,0.037645,7.4932
0.76616,2.1406,0.085872,-0.033539,0.037654,7.4843
0.76621,2.1406,0.085874,-0.033493,0.037662,7.4802
0.76626,2.1406,0.085876,-0.033449,0.037669,7.4869
0.76632,2.1406,0.085878,-0.033405,0.037676,7.4756
0.76637,2.1406,0.08588,-0.033377,0.037682,7.4799
0.76642,2.1406,0.085882,-0.033366,0.037687,7.4854
0.76647,2.1406,0.085884,-0.033359,0.037692,7.4799
0.76653,2.1406,0.085886,-0.033359,0.037696,7.4761
0.76658,2.1406,0.085888,-0.03338,0.037699,7.4837
0.76663,2.1406,0.08589,-0.033413,0.037702,7.473
0.76668,2.1406,0.085892,-0.03344,0.037704,7.4682
0.76674,2.1406,0.085894,-0.033469,0.037706,7.4758
0.76679,2.1406,0.085896,-0.033487,0.037708,7.4758
0.76684,2.1406,0.085898,-0.033511,0.037708,7.4655
0.76689,2.1406,0.0859,-0.033527,0.037709,7.4768
0.76695,2.1406,0.085902,-0.03354,0.037709,7.4818
0.767,2.1406,0.085904,-0.033561,0.037708,7.4766
0.76705,2.1406,0.085906,-0.033585,0.037708,7.4819
0.76711,2.1406,0.085908,-0.033616,0.037707,7.4905
0.76716,2.1406,0.08591,-0.033658,0.037706,7.4789
0.76721,2.1406,0.085912,-0.033694,0.037705,7.4807
0.76726,2.1406,0.085914,-0.033725,0.037704,7.4905
0.76732,2.1406,0.085916,-0.033719,0.037703,7.4779
0.76737,2.1406,0.085918,-0.033688,0.037702,7.4703
0.76742,2.1406,0.08592,-0.033626,0.037701,7.4894
0.76747,2.1406,0.085922,-0.033531,0.0377,7.4896
0.76753,2.1406,0.085924,-0.033437,0.037699,7.4839
0.76758,2.1406,0.085926,-0.033356,0.037699,7.4856
0.76763,2.1406,0.085928,-0.033295,0.037698,7.4876
0.76768,2.1406,0.08593,-0.033261,0.037698,7.4818
0.76774,2.1406,0.085932,-0.03324,0.037699,7.4839
0.76779,2.1406,0.085934,-0.033238,0.0377,7.4858
0.76784,2.1406,0.085936,-0.033245,0.037701,7.4752
0.76789,2.1406,0.085938,-0.033266,0.037703,7.4779
0.76795,2.1406,0.08594,-0.033306,0.037705,7.4926
0.768,2.1406,0.085942,-0.033354,0.037708,7.4876
0.76805,2.1406,0.085944,-0.033408,0.037711,7.4832
0.76811,2.1406,0.085946,-0.033466,0.037715,7.499
0.76816,2.1405,0.085948,-0.033512,0.03772,7.4933
0.76821,2.1405,0.08595,-0.033552,0.037725,7.4849
0.76826,2.1405,0.085952,-0.033584,0.037731,7.4904
0.76832,2.1405,0.085954,-0.033616,0.037737,7.4949
0.76837,2.1405,0.085956,-0.033654,0.037745,7.484
0.76842,2.1405,0.085958,-0.033689,0.037753,7.4956
0.76847,2.1405,0.08596,-0.033719,0.037761,7.4987
0.76853,2.1405,0.085962,-0.033741,0.037771,7.4901
0.76858,2.1405,0.085964,-0.033745,0.037781,7.4994
0.76863,2.1405,0.085966,-0.033745,0.037791,7.5079
0.76868,2.1405,0.085968,-0.033742,0.037803,7.4971
0.76874,2.1405,0.08597,-0.033745,0.037815,7.5024
0.76879,2.1405,0.085972,-0.033759,0.037828,7.5062
0.76884,2.1405,0.085974,-0.033787,0.037842,7.4948
0.76889,2.1405,0.085976,-0.033818,0.037857,7.4867
0.76895,2.1405,0.085978,-0.033847,0.037872,7.5013
0.769,2.1405,0.08598,-0.033868,0.037889,7.5013
0.76905,2.1405,0.085982,-0.033891,0.037907,7.4985
0.76911,2.1405,0.085984,-0.033917,0.037926,7.5102
0.76916,2.1405,0.085986,-0.033941,0.037945,7.508
0.76921,2.1405,0.085988,-0.033961,0.037966,7.498
0.76926,2.1405,0.08599,-0.033979,0.037988,7.503
0.76932,2.1405,0.085992,-0.03399,0.038011,7.5018
0.76937,2.1405,0.085994,-0.034,0.038035,7.4948
0.76942,2.1405,0.085996,-0.034012,0.03806,7.4982
0.76947,2.1405,0.085998,-0.034031,0.038086,7.5056
0.76953,2.1405,0.086,-0.034063,0.038114,7.4999
0.76958,2.1405,0.086002,-0.034097,0.038142,7.5001
0.76963,2.1405,0.086004,-0.034132,0.038171,7.5155
0.76968,2.1405,0.086006,-0.034162,0.038202,7.506
0.76974,2.1405,0.086008,-0.034198,0.038234,7.5054
0.76979,2.1405,0.08601,-0.034241,0.038267,7.5142
0.76984,2.1405,0.086012,-0.034287,0.038301,7.508
0.76989,2.1405,0.086014,-0.034334,0.038337,7.5005
0.76995,2.1405,0.086016,-0.034386,0.038374,7.5061
0.77,2.1405,0.086018,-0.034434,0.038412,7.5073
0.77005,2.1405,0.08602,-0.034482,0.038452,7.4964
0.77011,2.1405,0.086022,-0.034528,0.038492,7.4993
0.77016,2.1405,0.086024,-0.03458,0.038534,7.5032
0.77021,2.1405,0.086026,-0.034637,0.038576,7.4876
0.77026,2.1405,0.086028,-0.034693,0.03862,7.4793
0.77032,2.1405,0.08603,-0.034751,0.038665,7.4796
0.77037,2.1405,0.086032,-0.034811,0.03871,7.4728
0.77042,2.1405,0.086034,-0.034871,0.038757,7.4599
0.77047,2.1405,0.086036,-0.034928,0.038805,7.467
0.77053,2.1405,0.086038,-0.034981,0.038853,7.4569
0.77058,2.1405,0.08604,-0.035029,0.038903,7.4547
0.77063,2.1405,0.086042,-0.035074,0.038953,7.4611
0.77068,2.1405,0.086044,-0.035116,0.039004,7.4667
0.77074,2.1405,0.086046,-0.03516,0.039056,7.454
0.77079,2.1405,0.086048,-0.035207,0.039109,7.4544
0.77084,2.1405,0.08605,-0.035257,0.039162,7.4583
0.77089,2.1405,0.086052,-0.035308,0.039216,7.4565
0.77095,2.1405,0.086055,-0.035361,0.039271,7.4525
0.771,2.1405,0.086057,-0.035417,0.039327,7.4698
0.77105,2.1404,0.086059,-0.035474,0.039383,7.4641
0.77111,2.1404,0.086061,-0.035532,0.039439,7.4652
0.77116,2.1404,0.086063,-0.035593,0.039496,7.4807
0.77121,2.1404,0.086065,-0.035655,0.039553,7.4721
0.77126,2.1404,0.086067,-0.035719,0.03961,7.4643
0.77132,2.1404,0.086069,-0.035784,0.039668,7.4776
0.77137,2.1404,0.086071,-0.035851,0.039726,7.4714
0.77142,2.1404,0.086073,-0.035919,0.039785,7.4639
0.77147,2.1404,0.086075,-0.035989,0.039844,7.4808
0.77153,2.1404,0.086077,-0.03606,0.039904,7.4842
0.77158,2.1404,0.08608,-0.036133,0.039965,7.4726
0.77163,2.1404,0.086082,-0.036207,0.040026,7.4822
0.77168,2.1404,0.086084,-0.036282,0.040088,7.4915
0.77174,2.1404,0.086086,-0.036358,0.040151,7.4791
0.77179,2.1404,0.086088,-0.036436,0.040215,7.4752
0.77184,2.1404,0.08609,-0.036515,0.040279,7.4835
0.77189,2.1404,0.086092,-0.036595,0.040345,7.4782
0.77195,2.1404,0.086094,-0.036676,0.04041,7.467
0.772,2.1404,0.086096,-0.036758,0.040476,7.4784
0.77205,2.1404,0.086099,-0.036841,0.040543,7.472
0.77211,2.1404,0.086101,-0.036924,0.040611,7.4728
0.77216,2.1404,0.086103,-0.037009,0.04068,7.4796
0.77221,2.1404,0.086105,-0.037095,0.04075,7.4838
0.77226,2.1404,0.086107,-0.037181,0.04082,7.481
0.77232,2.1404,0.086109,-0.037268,0.040892,7.4906
0.77237,2.1404,0.086112,-0.037356,0.040963,7.4863
0.77242,2.1404,0.086114,-0.037447,0.041035,7.4773
0.77247,2.1404,0.086116,-0.037538,0.041106,7.4903
0.77253,2.1404,0.086118,-0.037618,0.041176,7.5018
0.77258,2.1404,0.08612,-0.037698,0.041245,7.4934
0.77263,2.1404,0.086122,-0.037778,0.041314,7.4973
0.77268,2.1404,0.086125,-0.037859,0.041381,7.5114
0.77274,2.1404,0.086127,-0.037943,0.041448,7.5106
0.77279,2.1404,0.086129,-0.038031,0.041515,7.5045
0.77284,2.1404,0.086131,-0.038124,0.041582,7.5117
0.77289,2.1404,0.086133,-0.038216,0.041648,7.5083
0.77295,2.1404,0.086135,-0.038302,0.041715,7.4973
0.773,2.1404,0.086138,-0.03839,0.041781,7.5035
0.77305,2.1404,0.08614,-0.038478,0.041848,7.5039
0.77311,2.1404,0.086142,-0.038566,0.041916,7.5021
0.77316,2.1404,0.086144,-0.038655,0.041983,7.5072
0.77321,2.1404,0.086146,-0.038743,0.042051,7.5133
0.77326,2.1404,0.086149,-0.038829,0.042119,7.4962
0.77332,2.1404,0.086151,-0.038919,0.042187,7.5048
0.77337,2.1404,0.086153,-0.039012,0.042255,7.5042
0.77342,2.1404,0.086155,-0.039107,0.042323,7.4958
0.77347,2.1404,0.086158,-0.039202,0.04239,7.4879
0.77353,2.1404,0.08616,-0.039295,0.042458,7.4981
0.77358,2.1404,0.086162,-0.039386,0.042525,7.4989
0.77363,2.1404,0.086164,-0.03947,0.042592,7.4959
0.77368,2.1404,0.086167,-0.039554,0.042658,7.5036
0.77374,2.1403,0.086169,-0.039641,0.042724,7.5107
0.77379,2.1403,0.086171,-0.039733,0.042789,7.5045
0.77384,2.1403,0.086173,-0.039829,0.042854,7.5176
0.77389,2.1403,0.086176,-0.039924,0.042919,7.5154
0.77395,2.1403,0.086178,-0.040017,0.042983,7.511
0.774,2.1403,0.08618,-0.040104,0.043047,7.5193
0.77405,2.1403,0.086182,-0.040185,0.043111,7.5276
0.77411,2.1403,0.086185,-0.040264,0.043175,7.5205
0.77416,2.1403,0.086187,-0.040335,0.043238,7.5269
0.77421,2.1403,0.086189,-0.04041,0.043301,7.5432
0.77426,2.1403,0.086191,-0.04049,0.043362,7.5437
0.77432,2.1403,0.086194,-0.040575,0.043424,7.5344
0.77437,2.1403,0.086196,-0.040668,0.043484,7.5458
0.77442,2.1403,0.086198,-0.040761,0.043544,7.5446
0.77447,2.1403,0.086201,-0.040857,0.043603,7.5295
0.77453,2.1403,0.086203,-0.040948,0.043662,7.5381
0.77458,2.1403,0.086205,-0.041029,0.04372,7.5342
0.77463,2.1403,0.086208,-0.0411,0.043777,7.5364
0.77468,2.1403,0.08621,-0.041167,0.043833,7.5433
0.77474,2.1403,0.086212,-0.041233,0.043889,7.5458
0.77479,2.1403,0.086214,-0.041298,0.043944,7.5388
0.77484,2.1403,0.086217,-0.041358,0.043998,7.5399
0.77489,2.1403,0.086219,-0.041418,0.044051,7.5532
0.77495,2.1403,0.086221,-0.041473,0.044104,7.5384
0.775,2.1403,0.086224,-0.041527,0.044156,7.5387
0.77505,2.1403,0.086226,-0.041577,0.044208,7.5482
0.77511,2.1403,0.086228,-0.041631,0.044258,7.5454
0.77516,2.1403,0.086231,-0.041684,0.044309,7.5471
0.77521,2.1403,0.086233,-0.041733,0.044358,7.556
0.77526,2.1403,0.086235,-0.041784,0.044407,7.5649
0.77532,2.1403,0.086238,-0.04183,0.044455,7.5502
0.77537,2.1403,0.08624,-0.041878,0.044503,7.5597
0.77542,2.1403,0.086242,-0.041929,0.04455,7.5559
0.77547,2.1403,0.086245,-0.041977,0.044596,7.5515
0.77553,2.1403,0.086247,-0.042025,0.044641,7.5505
0.77558,2.1403,0.086249,-0.042069,0.044686,7.5611
0.77563,2.1403,0.086252,-0.042107,0.044729,7.5537
0.77568,2.1403,0.086254,-0.042142,0.044771,7.5527
0.77574,2.1403,0.086257,-0.042173,0.044812,7.5621
0.77579,2.1403,0.086259,-0.042201,0.044852,7.5565
0.77584,2.1403,0.086261,-0.042232,0.04489,7.5535
0.77589,2.1403,0.086264,-0.042264,0.044928,7.56
0.77595,2.1403,0.086266,-0.042306,0.044964,7.5477
0.776,2.1403,0.086268,-0.042358,0.044999,7.5378
0.77605,2.1403,0.086271,-0.042416,0.045032,7.5415
0.77611,2.1403,0.086273,-0.042473,0.045065,7.537
0.77616,2.1402,0.086276,-0.042529,0.045096,7.5212
0.77621,2.1402,0.086278,-0.042576,0.045126,7.5357
0.77626,2.1402,0.08628,-0.042615,0.045156,7.5423
0.77632,2.1402,0.086283,-0.042647,0.045184,7.5323
0.77637,2.1402,0.086285,-0.04267,0.045211,7.5269
0.77642,2.1402,0.086287,-0.042691,0.045237,7.5339
0.77647,2.1402,0.08629,-0.042712,0.045262,7.5326
0.77653,2.1402,0.086292,-0.042728,0.045286,7.5219
0.77658,2.1402,0.086295,-0.042744,0.045309,7.5334
0.77663,2.1402,0.086297,-0.042761,0.045331,7.5206
0.77668,2.1402,0.086299,-0.042777,0.045353,7.5245
0.77674,2.1402,0.086302,-0.042798,0.045373,7.5352
0.77679,2.1402,0.086304,-0.042813,0.045393,7.5376
0.77684,2.1402,0.086306,-0.042829,0.045412,7.535
0.77689,2.1402,0.086309,-0.042844,0.04543,7.5418
0.77695,2.1402,0.086311,-0.04285,0.045447,7.5362
0.777,2.1402,0.086314,-0.042854,0.045464,7.5274
0.77705,2.1402,0.086316,-0.042848,0.045479,7.5312
0.77711,2.1402,0.086318,-0.042827,0.045494,7.5405
0.77716,2.1402,0.086321,-0.042783,0.045509,7.531
0.77721,2.1402,0.086323,-0.042721,0.045522,7.5327
0.77726,2.1402,0.086326,-0.042663,0.045535,7.5459
0.77732,2.1402,0.086328,-0.042625,0.045548,7.5398
0.77737,2.1402,0.08633,-0.042617,0.045559,7.5412
0.77742,2.1402,0.086333,-0.042646,0.04557,7.5537
0.77747,2.1402,0.086335,-0.042705,0.045581,7.5368
0.77753,2.1402,0.086338,-0.042788,0.045591,7.5276
0.77758,2.1402,0.08634,-0.042864,0.0456,7.5309
0.77763,2.1402,0.086342,-0.042934,0.045609,7.533
0.77768,2.1402,0.086345,-0.043,0.045618,7.5155
0.77774,2.1402,0.086347,-0.043048,0.045626,7.5282
0.77779,2.1402,0.08635,-0.043085,0.045634,7.5395
0.77784,2.1402,0.086352,-0.043104,0.045641,7.5255
0.77789,2.1402,0.086354,-0.043118,0.045648,7.5332
0.77795,2.1402,0.086357,-0.043126,0.045654,7.5356
0.778,2.1402,0.086359,-0.043122,0.04566,7.5267
0.77805,2.1402,0.086362,-0.043111,0.045665,7.5225
0.77811,2.1402,0.086364,-0.043098,0.04567,7.5369
0.77816,2.1402,0.086366,-0.043092,0.045675,7.5356
0.77821,2.1402,0.086369,-0.043086,0.045679,7.5313
0.77826,2.1402,0.086371,-0.043084,0.045684,7.5458
0.77832,2.1402,0.086374,-0.043087,0.045688,7.5502
0.77837,2.1402,0.086376,-0.043091,0.045691,7.5372
0.77842,2.1402,0.086378,-0.043092,0.045695,7.5455
0.77847,2.1401,0.086381,-0.043081,0.045698,7.5484
0.77853,2.1401,0.086383,-0.043079,0.045702,7.5334
0.77858,2.1401,0.086386,-0.043095,0.045705,7.5421
0.77863,2.1401,0.086388,-0.043108,0.045709,7.546
0.77868,2.1401,0.086391,-0.043123,0.045712,7.5459
0.77874,2.1401,0.086393,-0.043145,0.045715,7.555
0.77879,2.1401,0.086395,-0.043156,0.045718,7.5646
0.77884,2.1401,0.086398,-0.043152,0.045721,7.5581
0.77889,2.1401,0.0864,-0.043124,0.045725,7.5659
0.77895,2.1401,0.086403,-0.043091,0.045728,7.5718
0.779,2.1401,0.086405,-0.043068,0.045732,7.5654
0.77905,2.1401,0.086407,-0.043048,0.045736,7.5582
0.77911,2.1401,0.08641,-0.043027,0.04574,7.5681
0.77916,2.1401,0.086412,-0.043032,0.045744,7.5738
0.77921,2.1401,0.086415,-0.043038,0.045748,7.5662
0.77926,2.1401,0.086417,-0.043042,0.045752,7.5711
0.77932,2.1401,0.086419,-0.043041,0.045757,7.5823
0.77937,2.1401,0.086422,-0.043035,0.045762,7.5822
0.77942,2.1401,0.086424,-0.04303,0.045768,7.5791
0.77947,2.1401,0.086427,-0.043013,0.045774,7.5841
0.77953,2.1401,0.086429,-0.042998,0.045781,7.5734
0.77958,2.1401,0.086431,-0.043002,0.045788,7.5707
0.77963,2.1401,0.086434,-0.042999,0.045795,7.5763
0.77968,2.1401,0.086436,-0.043009,0.045804,7.5758
0.77974,2.1401,0.086439,-0.043021,0.045812,7.5728
0.77979,2.1401,0.086441,-0.04303,0.045821,7.5846
0.77984,2.1401,0.086443,-0.043028,0.04583,7.584
0.77989,2.1401,0.086446,-0.043019,0.04584,7.5738
0.77995,2.1401,0.086448,-0.043011,0.04585,7.5785
0.78,2.1401,0.086451,-0.043,0.045861,7.5795
0.78005,2.1401,0.086453,-0.042976,0.045871,7.5687
0.78011,2.1401,0.086456,-0.042958,0.045883,7.5674
0.78016,2.1401,0.086458,-0.042936,0.045895,7.5841
0.78021,2.1401,0.08646,-0.042914,0.045907,7.5695
0.78026,2.1401,0.086463,-0.042886,0.045919,7.567
0.78032,2.1401,0.086465,-0.042864,0.045933,7.5763
0.78037,2.1401,0.086468,-0.042846,0.045946,7.5696
0.78042,2.1401,0.08647,-0.042838,0.045961,7.5665
0.78047,2.1401,0.086472,-0.042841,0.045976,7.5812
0.78053,2.1401,0.086475,-0.04285,0.045991,7.576
0.78058,2.1401,0.086477,-0.042868,0.046008,7.5687
0.78063,2.1401,0.08648,-0.042889,0.046024,7.5655
0.78068,2.1401,0.086482,-0.042911,0.046042,7.5683
0.78074,2.1401,0.086485,-0.042932,0.046059,7.5624
0.78079,2.14,0.086487,-0.042965,0.046078,7.5627
0.78084,2.14,0.086489,-0.043013,0.046096,7.5717
0.78089,2.14,0.086492,-0.043071,0.046116,7.5648
0.78095,2.14,0.086494,-0.043124,0.046136,7.5651
0.781,2.14,0.086497,-0.043181,0.046157,7.5694
0.78105,2.14,0.086499,-0.043232,0.046179,7.5578
0.78111,2.14,0.086502,-0.043279,0.046202,7.5486
0.78116,2.14,0.086504,-0.043323,0.046226,7.5497
0.78121,2.14,0.086506,-0.043369,0.04625,7.547
0.78126,2.14,0.086509,-0.043414,0.046275,7.5416
0.78132,2.14,0.086511,-0.043462,0.046301,7.5487
0.78137,2.14,0.086514,-0.043499,0.046328,7.5463
0.78142,2.14,0.086516,-0.043537,0.046355,7.5344
0.78147,2.14,0.086519,-0.043579,0.046383,7.5383
0.78153,2.14,0.086521,-0.04362,0.046412,7.5351
0.78158,2.14,0.086524,-0.043667,0.046441,7.5223
0.78163,2.14,0.086526,-0.043707,0.046471,7.5228
0.78168,2.14,0.086528,-0.043751,0.046501,7.5251
0.78174,2.14,0.086531,-0.043797,0.046533,7.5146
0.78179,2.14,0.086533,-0.043837,0.046564,7.506
0.78184,2.14,0.086536,-0.043873,0.046597,7.5192
0.78189,2.14,0.086538,-0.043914,0.04663,7.5132
0.78195,2.14,0.086541,-0.043951,0.046664,7.505
0.782,2.14,0.086543,-0.043992,0.046698,7.5241
0.78205,2.14,0.086546,-0.044038,0.046733,7.5146
0.78211,2.14,0.086548,-0.044093,0.046768,7.5133
0.78216,2.14,0.086551,-0.044149,0.046804,7.52
0.78221,2.14,0.086553,-0.044202,0.046839,7.519
0.78226,2.14,0.086555,-0.04425,0.046874,7.5189
0.78232,2.14,0.086558,-0.044296,0.046909,7.525
0.78237,2.14,0.08656,-0.044336,0.046944,7.5325
0.78242,2.14,0.086563,-0.044376,0.046979,7.5294
0.78247,2.14,0.086565,-0.044423,0.047016,7.5279
0.78253,2.14,0.086568,-0.044468,0.047053,7.5351
0.78258,2.14,0.08657,-0.04451,0.047092,7.5229
0.78263,2.14,0.086573,-0.044552,0.047131,7.5211
0.78268,2.14,0.086575,-0.044594,0.047172,7.5247
0.78274,2.14,0.086578,-0.044636,0.047213,7.5157
0.78279,2.14,0.08658,-0.044685,0.047256,7.5086
0.78284,2.14,0.086583,-0.044741,0.047299,7.5163
0.78289,2.14,0.086585,-0.044804,0.047343,7.5141
0.78295,2.14,0.086588,-0.044867,0.047387,7.5092
0.783,2.14,0.08659,-0.04493,0.047432,7.5163
0.78305,2.14,0.086593,-0.044992,0.047477,7.5186
0.78311,2.1399,0.086595,-0.045051,0.047522,7.5035
0.78316,2.1399,0.086598,-0.045108,0.047568,7.5044
0.78321,2.1399,0.0866,-0.045171,0.047615,7.5034
0.78326,2.1399,0.086603,-0.045231,0.047662,7.4998
0.78332,2.1399,0.086605,-0.045289,0.047709,7.502
0.78337,2.1399,0.086608,-0.045345,0.047756,7.5106
0.78342,2.1399,0.08661,-0.045402,0.047805,7.5099
0.78347,2.1399,0.086613,-0.04546,0.047853,7.5109
0.78353,2.1399,0.086615,-0.04552,0.047902,7.5231
0.78358,2.1399,0.086618,-0.045587,0.047952,7.5203
0.78363,2.1399,0.08662,-0.045655,0.048001,7.5203
0.78368,2.1399,0.086623,-0.045721,0.048052,7.5281
0.78374,2.1399,0.086625,-0.045781,0.048103,7.5175
0.78379,2.1399,0.086628,-0.045837,0.048155,7.5098
0.78384,2.1399,0.086631,-0.045892,0.048206,7.5215
0.78389,2.1399,0.086633,-0.045949,0.048258,7.5225
0.78395,2.1399,0.086636,-0.046009,0.04831,7.5149
0.784,2.1399,0.086638,-0.046076,0.048362,7.5174
0.78405,2.1399,0.086641,-0.046145,0.048414,7.5286
0.78411,2.1399,0.086643,-0.046221,0.048466,7.514
0.78416,2.1399,0.086646,-0.046293,0.048517,7.5062
0.78421,2.1399,0.086648,-0.046361,0.048569,7.52
0.78426,2.1399,0.086651,-0.046422,0.048622,7.5078
0.78432,2.1399,0.086653,-0.046473,0.048674,7.5
0.78437,2.1399,0.086656,-0.04652,0.048726,7.5148
0.78442,2.1399,0.086659,-0.046562,0.048778,7.5062
0.78447,2.1399,0.086661,-0.046605,0.04883,7.5035
0.78453,2.1399,0.086664,-0.046655,0.048882,7.5092
0.78458,2.1399,0.086666,-0.046714,0.048934,7.5078
0.78463,2.1399,0.086669,-0.046773,0.048986,7.5049
0.78468,2.1399,0.086671,-0.046833,0.049038,7.5104
0.78474,2.1399,0.086674,-0.046891,0.04909,7.51
0.78479,2.1399,0.086677,-0.046953,0.049142,7.5001
0.78484,2.1399,0.086679,-0.047013,0.049193,7.4959
0.78489,2.1399,0.086682,-0.047074,0.049245,7.5097
0.78495,2.1399,0.086684,-0.047138,0.049296,7.5061
0.785,2.1399,0.086687,-0.047207,0.049347,7.5121
0.78505,2.1399,0.08669,-0.047273,0.049397,7.5242
0.78511,2.1399,0.086692,-0.047339,0.049447,7.5221
0.78516,2.1399,0.086695,-0.047408,0.049496,7.5223
0.78521,2.1399,0.086697,-0.047472,0.049544,7.5272
0.78526,2.1398,0.0867,-0.047535,0.049592,7.5308
0.78532,2.1398,0.086703,-0.047592,0.049639,7.5228
0.78537,2.1398,0.086705,-0.047644,0.049686,7.5291
0.78542,2.1398,0.086708,-0.047693,0.049731,7.537
0.78547,2.1398,0.086711,-0.047743,0.049777,7.5269
0.78553,2.1398,0.086713,-0.047796,0.049821,7.5289
0.78558,2.1398,0.086716,-0.047855,0.049866,7.5405
0.78563,2.1398,0.086718,-0.047913,0.049909,7.5274
0.78568,2.1398,0.086721,-0.047976,0.049953,7.5241
0.78574,2.1398,0.086724,-0.048038,0.049996,7.5309
0.78579,2.1398,0.086726,-0.048098,0.050038,7.5264
0.78584,2.1398,0.086729,-0.048153,0.05008,7.5153
0.78589,2.1398,0.086732,-0.048197,0.050123,7.527
0.78595,2.1398,0.086734,-0.048233,0.050165,7.5231
0.786,2.1398,0.086737,-0.048267,0.050207,7.5209
0.78605,2.1398,0.086739,-0.0483,0.050249,7.5299
0.78611,2.1398,0.086742,-0.048337,0.050291,7.5323
0.78616,2.1398,0.086745,-0.048383,0.050332,7.5198
0.78621,2.1398,0.086747,-0.048433,0.050374,7.5249
0.78626,2.1398,0.08675,-0.048484,0.050415,7.5315
0.78632,2.1398,0.086753,-0.048531,0.050456,7.5256
0.78637,2.1398,0.086755,-0.048578,0.050497,7.5223
0.78642,2.1398,0.086758,-0.048624,0.050537,7.5418
0.78647,2.1398,0.086761,-0.048668,0.050577,7.5365
0.78653,2.1398,0.086763,-0.048712,0.050617,7.5404
0.78658,2.1398,0.086766,-0.048755,0.050656,7.5575
0.78663,2.1398,0.086769,-0.048797,0.050695,7.5491
0.78668,2.1398,0.086771,-0.048837,0.050733,7.5402
0.78674,2.1398,0.086774,-0.048877,0.050771,7.547
0.78679,2.1398,0.086777,-0.048916,0.050809,7.5315
0.78684,2.1398,0.086779,-0.048953,0.050845,7.5195
0.78689,2.1398,0.086782,-0.048989,0.050882,7.5203
0.78695,2.1398,0.086785,-0.049019,0.050917,7.5274
0.787,2.1398,0.086787,-0.049051,0.050952,7.5111
0.78705,2.1398,0.08679,-0.04909,0.050987,7.5152
0.78711,2.1398,0.086793,-0.049142,0.051021,7.5193
0.78716,2.1398,0.086795,-0.049213,0.051055,7.5009
0.78721,2.1398,0.086798,-0.049294,0.051088,7.5019
0.78726,2.1398,0.086801,-0.049377,0.051121,7.4982
0.78732,2.1397,0.086804,-0.049451,0.051153,7.4912
0.78737,2.1397,0.086806,-0.049509,0.051184,7.4804
0.78742,2.1397,0.086809,-0.049552,0.051215,7.4836
0.78747,2.1397,0.086812,-0.049575,0.051246,7.4875
0.78753,2.1397,0.086814,-0.049594,0.051276,7.4803
0.78758,2.1397,0.086817,-0.049609,0.051305,7.4934
0.78763,2.1397,0.08682,-0.049622,0.051334,7.4956
0.78768,2.1397,0.086822,-0.049643,0.051363,7.483
0.78774,2.1397,0.086825,-0.049663,0.05139,7.4888
0.78779,2.1397,0.086828,-0.049692,0.051417,7.4924
0.78784,2.1397,0.086831,-0.049719,0.051444,7.4886
0.78789,2.1397,0.086833,-0.049741,0.051469,7.4911
0.78795,2.1397,0.086836,-0.04977,0.051494,7.4967
0.788,2.1397,0.086839,-0.049799,0.051519,7.4887
0.78805,2.1397,0.086841,-0.049833,0.051543,7.4927
0.78811,2.1397,0.086844,-0.049864,0.051566,7.508
0.78816,2.1397,0.086847,-0.049893,0.051589,7.5039
0.78821,2.1397,0.08685,-0.049918,0.051611,7.5005
0.78826,2.1397,0.086852,-0.04993,0.051632,7.5071
0.78832,2.1397,0.086855,-0.049939,0.051653,7.4971
0.78837,2.1397,0.086858,-0.049948,0.051674,7.4981
0.78842,2.1397,0.08686,-0.049968,0.051694,7.5019
0.78847,2.1397,0.086863,-0.049992,0.051713,7.5015
0.78853,2.1397,0.086866,-0.049998,0.051732,7.4949
0.78858,2.1397,0.086869,-0.050008,0.05175,7.5029
0.78863,2.1397,0.086871,-0.05001,0.051768,7.5053
0.78868,2.1397,0.086874,-0.049998,0.051785,7.5017
0.78874,2.1397,0.086877,-0.049985,0.051802,7.4988
0.78879,2.1397,0.08688,-0.049983,0.051818,7.5074
0.78884,2.1397,0.086882,-0.050005,0.051834,7.5055
0.78889,2.1397,0.086885,-0.050037,0.05185,7.4965
0.78895,2.1397,0.086888,-0.05006,0.051865,7.5027
0.789,2.1397,0.08689,-0.050088,0.051879,7.4995
0.78905,2.1397,0.086893,-0.050117,0.051894,7.5005
0.78911,2.1397,0.086896,-0.050125,0.051907,7.5153
0.78916,2.1397,0.086899,-0.050128,0.051921,7.5151
0.78921,2.1397,0.086901,-0.050131,0.051934,7.5085
0.78926,2.1397,0.086904,-0.050138,0.051946,7.5228
0.78932,2.1396,0.086907,-0.050149,0.051958,7.5292
0.78937,2.1396,0.08691,-0.050158,0.05197,7.5201
0.78942,2.1396,0.086912,-0.050177,0.051981,7.5239
0.78947,2.1396,0.086915,-0.050197,0.051992,7.538
0.78953,2.1396,0.086918,-0.050202,0.052002,7.5319
0.78958,2.1396,0.086921,-0.050214,0.052012,7.5335
0.78963,2.1396,0.086923,-0.050213,0.052022,7.5398
0.78968,2.1396,0.086926,-0.050205,0.052031,7.5414
0.78974,2.1396,0.086929,-0.050202,0.052039,7.5359
0.78979,2.1396,0.086931,-0.050208,0.052048,7.5438
0.78984,2.1396,0.086934,-0.05022,0.052056,7.5401
0.78989,2.1396,0.086937,-0.050233,0.052063,7.5315
0.78995,2.1396,0.08694,-0.05025,0.05207,7.5356
0.79,2.1396,0.086942,-0.050279,0.052077,7.5379
0.79005,2.1396,0.086945,-0.050301,0.052084,7.5215
0.79011,2.1396,0.086948,-0.050325,0.05209,7.5252
0.79016,2.1396,0.086951,-0.050353,0.052096,7.5387
0.79021,2.1396,0.086953,-0.050388,0.052101,7.5354
0.79026,2.1396,0.086956,-0.050417,0.052107,7.5306
0.79032,2.1396,0.086959,-0.050446,0.052112,7.5448
0.79037,2.1396,0.086962,-0.050468,0.052117,7.5391
0.79042,2.1396,0.086964,-0.050486,0.052121,7.532
0.79047,2.1396,0.086967,-0.050506,0.052125,7.5433
0.79053,2.1396,0.08697,-0.050522,0.052128,7.5426
0.79058,2.1396,0.086973,-0.050541,0.052131,7.5401
0.79063,2.1396,0.086975,-0.050562,0.052133,7.5486
0.79068,2.1396,0.086978,-0.050584,0.052135,7.5573
0.79074,2.1396,0.086981,-0.050595,0.052136,7.5503
0.79079,2.1396,0.086984,-0.050591,0.052137,7.5647
0.79084,2.1396,0.086986,-0.050575,0.052138,7.5643
0.79089,2.1396,0.086989,-0.050567,0.052139,7.5511
0.79095,2.1396,0.086992,-0.050546,0.052139,7.5548
0.791,2.1396,0.086995,-0.050522,0.052139,7.5685
0.79105,2.1396,0.086997,-0.050499,0.052138,7.5553
0.79111,2.1396,0.087,-0.050479,0.052138,7.5554
0.79116,2.1396,0.087003,-0.050457,0.052137,7.5712
0.79121,2.1396,0.087006,-0.050445,0.052137,7.5704
0.79126,2.1396,0.087008,-0.050427,0.052136,7.561
0.79132,2.1395,0.087011,-0.050421,0.052135,7.568
0.79137,2.1395,0.087014,-0.050408,0.052133,7.5643
0.79142,2.1395,0.087016,-0.05039,0.052132,7.5603
0.79147,2.1395,0.087019,-0.050375,0.05213,7.5638
0.79153,2.1395,0.087022,-0.050358,0.052128,7.5636
0.79158,2.1395,0.087025,-0.050354,0.052126,7.5541
0.79163,2.1395,0.087027,-0.050355,0.052124,7.5601
0.79168,2.1395,0.08703,-0.050349,0.052122,7.5674
0.79174,2.1395,0.087033,-0.050348,0.052119,7.5619
0.79179,2.1395,0.087036,-0.050353,0.052117,7.5629
0.79184,2.1395,0.087038,-0.050353,0.052115,7.5731
0.79189,2.1395,0.087041,-0.050359,0.052112,7.5623
0.79195,2.1395,0.087044,-0.050362,0.05211,7.5622
0.792,2.1395,0.087047,-0.05036,0.052108,7.5738
0.79205,2.1395,0.087049,-0.050351,0.052106,7.5706
0.79211,2.1395,0.087052,-0.05034,0.052104,7.57
0.79216,2.1395,0.087055,-0.050331,0.052103,7.5832
0.79221,2.1395,0.087058,-0.050333,0.052102,7.588
0.79226,2.1395,0.08706,-0.050328,0.052102,7.5754
0.79232,2.1395,0.087063,-0.050331,0.052102,7.5847
0.79237,2.1395,0.087066,-0.050329,0.052102,7.5834
0.79242,2.1395,0.087069,-0.05031,0.052103,7.5737
0.79247,2.1395,0.087071,-0.050284,0.052105,7.5714
0.79253,2.1395,0.087074,-0.050259,0.052106,7.5772
0.79258,2.1395,0.087077,-0.050241,0.052108,7.5667
0.79263,2.1395,0.08708,-0.050238,0.05211,7.5614
0.79268,2.1395,0.087082,-0.050242,0.052112,7.5698
0.79274,2.1395,0.087085,-0.050256,0.052115,7.5679
0.79279,2.1395,0.087088,-0.050269,0.052118,7.5567
0.79284,2.1395,0.087091,-0.050276,0.052121,7.5642
0.79289,2.1395,0.087093,-0.050281,0.052125,7.5596
0.79295,2.1395,0.087096,-0.050286,0.05213,7.5517
0.793,2.1395,0.087099,-0.050293,0.052134,7.5503
0.79305,2.1395,0.087102,-0.050302,0.052139,7.5553
0.79311,2.1395,0.087104,-0.050316,0.052145,7.5403
0.79316,2.1395,0.087107,-0.050332,0.052151,7.5501
0.79321,2.1395,0.08711,-0.050339,0.052157,7.5617
0.79326,2.1394,0.087113,-0.050341,0.052163,7.5572
0.79332,2.1394,0.087115,-0.050339,0.05217,7.5625
0.79337,2.1394,0.087118,-0.050337,0.052162,7.5694
0.79342,2.1394,0.087121,-0.050337,0.052166,7.5623
0.79347,2.1394,0.087123,-0.050341,0.052211,7.565
0.79353,2.1394,0.087126,-0.05035,0.052267,7.5635
0.79358,2.1394,0.087129,-0.050373,0.052343,7.5648
0.79363,2.1394,0.087132,-0.050387,0.052456,7.5518
0.79368,2.1394,0.087135,-0.050386,0.052577,7.5708
0.79374,2.1394,0.087137,-0.050378,0.052664,7.5771
0.79379,2.1394,0.08714,-0.050365,0.052714,7.5683
0.79384,2.1394,0.087143,-0.050354,0.052779,7.5764
0.79389,2.1394,0.087146,-0.050353,0.052854,7.579
0.79395,2.1394,0.087148,-0.050354,0.052898,7.5614
0.794,2.1394,0.087151,-0.050364,0.052929,7.5582
0.79405,2.1394,0.087154,-0.050373,0.052944,7.5597
0.79411,2.1394,0.087157,-0.050382,0.05294,7.5469
0.79416,2.1394,0.08716,-0.050388,0.052921,7.5478
0.79421,2.1394,0.087162,-0.050385,0.052943,7.5541
0.79426,2.1394,0.087165,-0.050384,0.052993,7.5562
0.79432,2.1394,0.087168,-0.050379,0.053059,7.5419
0.79437,2.1394,0.087171,-0.05037,0.05315,7.5592
0.79442,2.1394,0.087174,-0.050355,0.053217,7.5526
0.79447,2.1394,0.087176,-0.050343,0.053251,7.5476
0.79453,2.1394,0.087179,-0.05035,0.053281,7.5491
0.79458,2.1394,0.087182,-0.050359,0.05332,7.5566
0.79463,2.1394,0.087185,-0.050358,0.053382,7.5527
0.79468,2.1394,0.087188,-0.050364,0.053433,7.5635
0.79474,2.1394,0.08719,-0.05036,0.05351,7.5725
0.79479,2.1394,0.087193,-0.050357,0.053579,7.5672
0.79484,2.1394,0.087196,-0.050355,0.053609,7.5698
0.79489,2.1394,0.087199,-0.050371,0.053638,7.585
0.79495,2.1394,0.087202,-0.050401,0.053649,7.5688
0.795,2.1394,0.087204,-0.050428,0.053632,7.5629
0.79505,2.1394,0.087207,-0.050444,0.053584,7.5716
0.79511,2.1394,0.08721,-0.050445,0.053512,7.5667
0.79516,2.1394,0.087213,-0.050434,0.053426,7.5538
0.79521,2.1394,0.087216,-0.050426,0.053299,7.5724
0.79526,2.1393,0.087219,-0.05043,0.053164,7.5801
0.79532,2.1393,0.087221,-0.050449,0.053033,7.5781
0.79537,2.1393,0.087224,-0.05048,0.052927,7.5888
0.79542,2.1393,0.087227,-0.050523,0.05284,7.5915
0.79547,2.1393,0.08723,-0.050571,0.052763,7.5841
0.79553,2.1393,0.087232,-0.050619,0.05269,7.5857
0.79558,2.1393,0.087235,-0.050682,0.052598,7.5889
0.79563,2.1393,0.087238,-0.050743,0.052506,7.584
0.79568,2.1393,0.087241,-0.050796,0.052424,7.5741
0.79574,2.1393,0.087243,-0.050846,0.052355,7.586
0.79579,2.1393,0.087246,-0.05089,0.05234,7.579
0.79584,2.1393,0.087249,-0.05092,0.052357,7.5767
0.79589,2.1393,0.087252,-0.050949,0.05241,7.5922
0.79595,2.1393,0.087255,-0.050974,0.052441,7.5871
0.796,2.1393,0.087257,-0.050994,0.052433,7.5835
0.79605,2.1393,0.08726,-0.051004,0.05241,7.5802
0.79611,2.1393,0.087263,-0.051018,0.052379,7.5829
0.79616,2.1393,0.087266,-0.051047,0.052361,7.573
0.79621,2.1393,0.087268,-0.051082,0.052324,7.5836
0.79626,2.1393,0.087271,-0.051121,0.052283,7.5941
0.79632,2.1393,0.087274,-0.051171,0.052251,7.5906
0.79637,2.1393,0.087277,-0.051223,0.052196,7.5961
0.79642,2.1393,0.087279,-0.051268,0.052155,7.609
0.79647,2.1393,0.087282,-0.051311,0.052095,7.5988
0.79653,2.1393,0.087285,-0.051352,0.052031,7.5933
0.79658,2.1393,0.087288,-0.051391,0.051976,7.5941
0.79663,2.1393,0.08729,-0.051428,0.051914,7.5951
0.79668,2.1393,0.087293,-0.051463,0.051841,7.5787
0.79674,2.1393,0.087296,-0.051496,0.051747,7.5894
0.79679,2.1393,0.087298,-0.051527,0.051631,7.59
0.79684,2.1393,0.087301,-0.051561,0.051497,7.5817
0.79689,2.1393,0.087304,-0.051585,0.05131,7.5928
0.79695,2.1393,0.087307,-0.051602,0.051099,7.6013
0.797,2.1393,0.087309,-0.051614,0.050882,7.5795
0.79705,2.1393,0.087312,-0.051623,0.050683,7.5816
0.79711,2.1393,0.087315,-0.051633,0.050486,7.5852
0.79716,2.1393,0.087317,-0.05165,0.050292,7.5777
0.79721,2.1392,0.08732,-0.051663,0.050087,7.5771
0.79726,2.1392,0.087322,-0.051676,0.049894,7.5806
0.79732,2.1392,0.087325,-0.05168,0.049746,7.5743
0.79737,2.1392,0.087328,-0.051682,0.049625,7.574
0.79742,2.1392,0.08733,-0.051684,0.049517,7.5935
0.79747,2.1392,0.087333,-0.051693,0.049408,7.5862
0.79753,2.1392,0.087335,-0.051703,0.049284,7.5762
0.79758,2.1392,0.087338,-0.05171,0.049132,7.5886
0.79763,2.1392,0.087341,-0.051694,0.04894,7.5943
0.79768,2.1392,0.087343,-0.051668,0.048727,7.5826
0.79774,2.1392,0.087346,-0.051643,0.048543,7.5895
0.79779,2.1392,0.087348,-0.051613,0.048404,7.5937
0.79784,2.1392,0.087351,-0.051588,0.048292,7.581
0.79789,2.1392,0.087353,-0.051578,0.048194,7.5849
0.79795,2.1392,0.087356,-0.051579,0.04808,7.5903
0.798,2.1392,0.087358,-0.051575,0.047977,7.5767
0.79805,2.1392,0.087361,-0.051563,0.047849,7.5739
0.79811,2.1392,0.087363,-0.051557,0.0477,7.5766
0.79816,2.1392,0.087366,-0.051554,0.047574,7.5624
0.79821,2.1392,0.087368,-0.051537,0.04751,7.5474
0.79826,2.1392,0.087371,-0.051506,0.047464,7.5581
0.79832,2.1392,0.087373,-0.05147,0.047393,7.5593
0.79837,2.1392,0.087376,-0.05144,0.047295,7.55
0.79842,2.1392,0.087378,-0.051408,0.047207,7.5589
0.79847,2.1392,0.087381,-0.051387,0.047102,7.5609
0.79853,2.1392,0.087383,-0.051382,0.047011,7.5454
0.79858,2.1392,0.087386,-0.051385,0.046946,7.5515
0.79863,2.1392,0.087388,-0.051395,0.046932,7.547
0.79868,2.1392,0.087391,-0.051394,0.046914,7.5432
0.79874,2.1392,0.087393,-0.051383,0.046834,7.5392
0.79879,2.1392,0.087396,-0.051358,0.046725,7.5503
0.79884,2.1392,0.087398,-0.051319,0.046615,7.5435
0.79889,2.1392,0.087401,-0.051268,0.046495,7.543
0.79895,2.1392,0.087403,-0.051209,0.046361,7.5505
0.799,2.1392,0.087405,-0.051148,0.046204,7.5518
0.79905,2.1392,0.087408,-0.051089,0.046073,7.5446
0.79911,2.1392,0.08741,-0.051037,0.045918,7.5528
0.79916,2.1391,0.087413,-0.050994,0.045744,7.5501
0.79921,2.1391,0.087415,-0.05096,0.045593,7.538
0.79926,2.1391,0.087418,-0.050933,0.045492,7.5463
0.79932,2.1391,0.08742,-0.050906,0.045419,7.551
0.79937,2.1391,0.087422,-0.050876,0.045378,7.5372
0.79942,2.1391,0.087425,-0.050838,0.045312,7.5409
0.79947,2.1391,0.087427,-0.050784,0.045264,7.5483
0.79953,2.1391,0.087429,-0.050737,0.045165,7.543
0.79958,2.1391,0.087432,-0.050696,0.045056,7.5344
0.79963,2.1391,0.087434,-0.050661,0.04492,7.5311
0.79968,2.1391,0.087437,-0.050628,0.044789,7.5253
0.79974,2.1391,0.087439,-0.050594,0.044661,7.5148
0.79979,2.1391,0.087441,-0.050555,0.044538,7.5221
0.79984,2.1391,0.087444,-0.050515,0.044369,7.5142
0.79989,2.1391,0.087446,-0.05047,0.044208,7.5108
0.79995,2.1391,0.087448,-0.050433,0.044057,7.5238
0.8,2.1391,0.087451,-0.050396,0.043932,7.5265
0.80005,2.1391,0.087453,-0.050361,0.043784,7.5125
0.80011,2.1391,0.087455,-0.050324,0.043679,7.5183
0.80016,2.1391,0.087457,-0.050286,0.043578,7.5265
0.80021,2.1391,0.08746,-0.050245,0.043446,7.5179
0.80026,2.1391,0.087462,-0.050207,0.043289,7.5193
0.80032,2.1391,0.087464,-0.050165,0.043154,7.5286
0.80037,2.1391,0.087467,-0.050133,0.043065,7.5216
0.80042,2.1391,0.087469,-0.050107,0.043003,7.5282
0.80047,2.1391,0.087471,-0.050086,0.042953,7.5436
0.80053,2.1391,0.087473,-0.050065,0.042946,7.5367
0.80058,2.1391,0.087476,-0.050044,0.042945,7.5338
0.80063,2.1391,0.087478,-0.05002,0.042926,7.5473
0.80068,2.1391,0.08748,-0.04999,0.042905,7.5416
0.80074,2.1391,0.087482,-0.049953,0.042883,7.5319
0.80079,2.1391,0.087485,-0.049922,0.042858,7.5337
0.80084,2.1391,0.087487,-0.049887,0.042832,7.5481
0.80089,2.1391,0.087489,-0.049861,0.042804,7.5353
0.80095,2.1391,0.087491,-0.049843,0.042774,7.5385
0.801,2.1391,0.087494,-0.049829,0.042756,7.5501
0.80105,2.1391,0.087496,-0.049817,0.042727,7.5452
0.80111,2.1391,0.087498,-0.049807,0.042655,7.542
0.80116,2.139,0.0875,-0.049789,0.042556,7.5427
0.80121,2.139,0.087503,-0.049774,0.042447,7.5348
0.80126,2.139,0.087505,-0.049759,0.04234,7.526
0.80132,2.139,0.087507,-0.049753,0.042265,7.5373
0.80137,2.139,0.087509,-0.049749,0.042195,7.5352
0.80142,2.139,0.087511,-0.049746,0.042151,7.5264
0.80147,2.139,0.087514,-0.049741,0.042107,7.5352
0.80153,2.139,0.087516,-0.049732,0.042046,7.5449
0.80158,2.139,0.087518,-0.049712,0.04199,7.5438
0.80163,2.139,0.08752,-0.049699,0.041946,7.5469
0.80168,2.139,0.087523,-0.049695,0.04192,7.547
0.80174,2.139,0.087525,-0.049696,0.041917,7.5398
0.80179,2.139,0.087527,-0.0497,0.041902,7.5396
0.80184,2.139,0.087529,-0.049703,0.041888,7.5529
0.80189,2.139,0.087531,-0.049702,0.041874,7.5523
0.80195,2.139,0.087534,-0.0497,0.041862,7.5496
0.802,2.139,0.087536,-0.049691,0.041849,7.5586
0.80205,2.139,0.087538,-0.049685,0.041835,7.5643
0.80211,2.139,0.08754,-0.04969,0.04182,7.558
0.80216,2.139,0.087542,-0.049694,0.041803,7.571
0.80221,2.139,0.087545,-0.049707,0.041789,7.5661
0.80226,2.139,0.087547,-0.049717,0.041774,7.5534
0.80232,2.139,0.087549,-0.049728,0.041762,7.5546
0.80237,2.139,0.087551,-0.04975,0.041751,7.563
0.80242,2.139,0.087553,-0.049779,0.041744,7.5513
0.80247,2.139,0.087556,-0.049814,0.041739,7.5569
0.80253,2.139,0.087558,-0.049849,0.041738,7.5685
0.80258,2.139,0.08756,-0.049873,0.041752,7.5597
0.80263,2.139,0.087562,-0.049893,0.041757,7.5599
0.80268,2.139,0.087564,-0.049898,0.041732,7.5649
0.80274,2.139,0.087567,-0.049895,0.041659,7.55
0.80279,2.139,0.087569,-0.049896,0.041557,7.5445
0.80284,2.139,0.087571,-0.049904,0.041451,7.5545
0.80289,2.139,0.087573,-0.049915,0.041361,7.5509
0.80295,2.139,0.087575,-0.049926,0.04131,7.54
0.803,2.139,0.087577,-0.049934,0.041315,7.5555
0.80305,2.139,0.08758,-0.049945,0.041364,7.5584
0.80311,2.139,0.087582,-0.049951,0.0414,7.5514
0.80316,2.1389,0.087584,-0.049964,0.041421,7.5572
0.80321,2.1389,0.087586,-0.049983,0.041424,7.5636
0.80326,2.1389,0.087588,-0.050008,0.041402,7.5569
0.80332,2.1389,0.08759,-0.05004,0.041366,7.5535
0.80337,2.1389,0.087593,-0.050074,0.041284,7.5592
0.80342,2.1389,0.087595,-0.0501,0.041158,7.5529
0.80347,2.1389,0.087597,-0.050125,0.041051,7.5441
0.80353,2.1389,0.087599,-0.050139,0.040937,7.5584
0.80358,2.1389,0.087601,-0.050162,0.04084,7.5553
0.80363,2.1389,0.087603,-0.050199,0.040768,7.5437
0.80368,2.1389,0.087606,-0.050251,0.04075,7.5489
0.80374,2.1389,0.087608,-0.050315,0.040775,7.5408
0.80379,2.1389,0.08761,-0.05038,0.040768,7.5293
0.80384,2.1389,0.087612,-0.050436,0.040744,7.5284
0.80389,2.1389,0.087614,-0.050496,0.040746,7.5294
0.80395,2.1389,0.087616,-0.050544,0.040753,7.521
0.804,2.1389,0.087618,-0.050587,0.040771,7.5163
0.80405,2.1389,0.087621,-0.050631,0.040807,7.5284
0.80411,2.1389,0.087623,-0.050678,0.040857,7.519
0.80416,2.1389,0.087625,-0.050733,0.040864,7.5157
0.80421,2.1389,0.087627,-0.050789,0.040836,7.5203
0.80426,2.1389,0.087629,-0.050857,0.040785,7.5069
0.80432,2.1389,0.087631,-0.050939,0.040699,7.5026
0.80437,2.1389,0.087633,-0.051018,0.040622,7.5055
0.80442,2.1389,0.087636,-0.051089,0.040569,7.51
0.80447,2.1389,0.087638,-0.051143,0.040511,7.4926
0.80453,2.1389,0.08764,-0.051189,0.040435,7.502
0.80458,2.1389,0.087642,-0.051247,0.040326,7.5124
0.80463,2.1389,0.087644,-0.051306,0.040217,7.5047
0.80468,2.1389,0.087646,-0.051387,0.040071,7.5128
0.80474,2.1389,0.087648,-0.051479,0.03992,7.5191
0.80479,2.1389,0.08765,-0.051575,0.039794,7.5082
0.80484,2.1389,0.087653,-0.051657,0.039657,7.5138
0.80489,2.1389,0.087655,-0.051721,0.039529,7.5169
0.80495,2.1389,0.087657,-0.051779,0.039419,7.5079
0.805,2.1389,0.087659,-0.051838,0.039333,7.5072
0.80505,2.1389,0.087661,-0.051907,0.03927,7.5259
0.80511,2.1389,0.087663,-0.051989,0.039218,7.5245
0.80516,2.1388,0.087665,-0.052068,0.039209,7.521
0.80521,2.1388,0.087667,-0.052144,0.039213,7.5341
0.80526,2.1388,0.087669,-0.052214,0.039218,7.5286
0.80532,2.1388,0.087671,-0.052276,0.039201,7.5206
0.80537,2.1388,0.087673,-0.052329,0.039168,7.517
0.80542,2.1388,0.087675,-0.052367,0.039125,7.5189
0.80547,2.1388,0.087677,-0.052403,0.039078,7.5134
0.80553,2.1388,0.087679,-0.052417,0.039051,7.5211
0.80558,2.1388,0.087681,-0.052422,0.039025,7.5288
0.80563,2.1388,0.087683,-0.052429,0.03899,7.5223
0.80568,2.1388,0.087686,-0.052439,0.038942,7.5266
0.80574,2.1388,0.087688,-0.052452,0.038837,7.5344
0.80579,2.1388,0.08769,-0.052476,0.038691,7.525
0.80584,2.1388,0.087692,-0.052501,0.038497,7.5239
0.80589,2.1388,0.087694,-0.052527,0.03831,7.5284
0.80595,2.1388,0.087696,-0.052558,0.038151,7.5315
0.806,2.1388,0.087698,-0.052599,0.037997,7.5252
0.80605,2.1388,0.0877,-0.052636,0.037844,7.542
0.80611,2.1388,0.087702,-0.052658,0.037667,7.5468
0.80616,2.1388,0.087704,-0.052672,0.037501,7.5399
0.80621,2.1388,0.087706,-0.052679,0.03733,7.5548
0.80626,2.1388,0.087708,-0.052671,0.037142,7.5632
0.80632,2.1388,0.087709,-0.052657,0.036967,7.561
0.80637,2.1388,0.087711,-0.052646,0.03677,7.5604
0.80642,2.1388,0.087713,-0.052633,0.036583,7.5724
0.80647,2.1388,0.087715,-0.052616,0.036392,7.5683
0.80653,2.1388,0.087717,-0.0526,0.036183,7.5658
0.80658,2.1388,0.087719,-0.052585,0.035973,7.5784
0.80663,2.1388,0.087721,-0.052566,0.035765,7.5817
0.80668,2.1388,0.087723,-0.052549,0.035571,7.5764
0.80674,2.1388,0.087725,-0.05253,0.035394,7.5838
0.80679,2.1388,0.087726,-0.052506,0.035233,7.5822
0.80684,2.1388,0.087728,-0.052489,0.035124,7.5778
0.80689,2.1388,0.08773,-0.052472,0.035045,7.5746
0.80695,2.1388,0.087732,-0.052457,0.03498,7.5808
0.807,2.1388,0.087734,-0.052437,0.034904,7.5684
0.80705,2.1387,0.087736,-0.05241,0.03483,7.5705
0.80711,2.1387,0.087738,-0.052379,0.034761,7.5835
0.80716,2.1387,0.087739,-0.052348,0.03471,7.5792
0.80721,2.1387,0.087741,-0.052317,0.034654,7.5738
0.80726,2.1387,0.087743,-0.052291,0.034559,7.5896
0.80732,2.1387,0.087745,-0.052263,0.034437,7.5804
0.80737,2.1387,0.087747,-0.052228,0.034302,7.578
0.80742,2.1387,0.087748,-0.052173,0.034167,7.5832
0.80747,2.1387,0.08775,-0.052115,0.034046,7.5839
0.80753,2.1387,0.087752,-0.052063,0.033954,7.5702
0.80758,2.1387,0.087754,-0.052036,0.033908,7.5866
0.80763,2.1387,0.087756,-0.052021,0.033892,7.5941
0.80768,2.1387,0.087757,-0.052001,0.033856,7.5861
0.80774,2.1387,0.087759,-0.051986,0.033783,7.5877
0.80779,2.1387,0.087761,-0.051964,0.033683,7.5966
0.80784,2.1387,0.087763,-0.051923,0.033571,7.588
0.80789,2.1387,0.087764,-0.051866,0.033474,7.5849
0.80795,2.1387,0.087766,-0.051812,0.033368,7.5897
0.808,2.1387,0.087768,-0.05176,0.033289,7.5849
0.80805,2.1387,0.08777,-0.051701,0.033234,7.5816
0.80811,2.1387,0.087771,-0.051632,0.033161,7.5953
0.80816,2.1387,0.087773,-0.05158,0.033027,7.5938
0.80821,2.1387,0.087775,-0.051548,0.03287,7.5923
0.80826,2.1387,0.087777,-0.051523,0.032734,7.599
0.80832,2.1387,0.087778,-0.051492,0.032623,7.5965
0.80837,2.1387,0.08778,-0.051457,0.032503,7.5875
0.80842,2.1387,0.087782,-0.051407,0.032399,7.5919
0.80847,2.1387,0.087783,-0.051339,0.032282,7.5904
0.80853,2.1387,0.087785,-0.051259,0.032136,7.5744
0.80858,2.1387,0.087787,-0.051172,0.031933,7.5826
0.80863,2.1387,0.087788,-0.051098,0.031725,7.5929
0.80868,2.1387,0.08779,-0.051033,0.031572,7.5793
0.80874,2.1387,0.087792,-0.05098,0.031447,7.5833
0.80879,2.1387,0.087793,-0.050937,0.031322,7.5953
0.80884,2.1387,0.087795,-0.050905,0.031209,7.5863
0.80889,2.1387,0.087797,-0.050881,0.03111,7.5826
0.80895,2.1386,0.087798,-0.050861,0.031039,7.5905
0.809,2.1386,0.0878,-0.05084,0.030946,7.5901
0.80905,2.1386,0.087802,-0.050812,0.030881,7.5834
0.80911,2.1386,0.087803,-0.050777,0.030842,7.5921
0.80916,2.1386,0.087805,-0.050731,0.030787,7.6007
0.80921,2.1386,0.087806,-0.05068,0.030686,7.5982
0.80926,2.1386,0.087808,-0.050622,0.030556,7.5947
0.80932,2.1386,0.08781,-0.050564,0.03039,7.605
0.80937,2.1386,0.087811,-0.05051,0.030245,7.5949
0.80942,2.1386,0.087813,-0.050473,0.030078,7.5935
0.80947,2.1386,0.087814,-0.05043,0.02996,7.5984
0.80953,2.1386,0.087816,-0.050384,0.029852,7.5922
0.80958,2.1386,0.087818,-0.050336,0.029775,7.5858
0.80963,2.1386,0.087819,-0.050291,0.029696,7.5981
0.80968,2.1386,0.087821,-0.050241,0.029619,7.5941
0.80974,2.1386,0.087822,-0.050193,0.02954,7.5839
0.80979,2.1386,0.087824,-0.050146,0.029514,7.6041
0.80984,2.1386,0.087825,-0.050104,0.02949,7.6012
0.80989,2.1386,0.087827,-0.050055,0.029463,7.5916
0.80995,2.1386,0.087828,-0.050008,0.029418,7.5934
0.81,2.1386,0.08783,-0.049963,0.029403,7.5909
0.81005,2.1386,0.087832,-0.049924,0.029352,7.5802
0.81011,2.1386,0.087833,-0.049885,0.029301,7.5851
0.81016,2.1386,0.087835,-0.049849,0.029286,7.5908
0.81021,2.1386,0.087836,-0.049812,0.029305,7.5894
0.81026,2.1386,0.087838,-0.049779,0.029313,7.5908
0.81032,2.1386,0.087839,-0.049739,0.02928,7.606
0.81037,2.1386,0.087841,-0.049692,0.029224,7.5969
0.81042,2.1386,0.087842,-0.049642,0.029157,7.5904
0.81047,2.1386,0.087844,-0.04959,0.029046,7.5952
0.81053,2.1386,0.087845,-0.049539,0.028925,7.5933
0.81058,2.1386,0.087847,-0.04949,0.028818,7.5816
0.81063,2.1386,0.087848,-0.049448,0.02871,7.593
0.81068,2.1386,0.08785,-0.049414,0.028602,7.598
0.81074,2.1386,0.087851,-0.049376,0.028493,7.5946
0.81079,2.1386,0.087853,-0.049338,0.028384,7.6007
0.81084,2.1386,0.087854,-0.049301,0.028274,7.6053
0.81089,2.1386,0.087856,-0.049264,0.028165,7.5871
0.81095,2.1385,0.087857,-0.049227,0.028041,7.588
0.811,2.1385,0.087859,-0.049191,0.027925,7.5853
0.81105,2.1385,0.08786,-0.049155,0.027853,7.5716
0.81111,2.1385,0.087862,-0.04912,0.02781,7.5633
0.81116,2.1385,0.087863,-0.049086,0.027786,7.5759
0.81121,2.1385,0.087865,-0.049052,0.027765,7.5743
0.81126,2.1385,0.087866,-0.049021,0.027719,7.5718
0.81132,2.1385,0.087868,-0.048989,0.027672,7.5859
0.81137,2.1385,0.087869,-0.04895,0.027603,7.583
0.81142,2.1385,0.087871,-0.048909,0.027535,7.5726
0.81147,2.1385,0.087872,-0.048869,0.027487,7.5775
0.81153,2.1385,0.087873,-0.048829,0.027438,7.5853
0.81158,2.1385,0.087875,-0.048788,0.027381,7.5792
0.81163,2.1385,0.087876,-0.048744,0.027307,7.5882
0.81168,2.1385,0.087878,-0.048702,0.02721,7.5938
0.81174,2.1385,0.087879,-0.048659,0.027125,7.585
0.81179,2.1385,0.087881,-0.048617,0.027038,7.5938
0.81184,2.1385,0.087882,-0.048583,0.026951,7.61
0.81189,2.1385,0.087883,-0.048555,0.026863,7.6016
0.81195,2.1385,0.087885,-0.048532,0.026775,7.6035
0.812,2.1385,0.087886,-0.048507,0.026689,7.6147
0.81205,2.1385,0.087888,-0.048473,0.026604,7.6125
0.81211,2.1385,0.087889,-0.048434,0.026521,7.6029
0.81216,2.1385,0.08789,-0.048394,0.026437,7.613
0.81221,2.1385,0.087892,-0.048358,0.026354,7.6149
0.81226,2.1385,0.087893,-0.048329,0.026269,7.6088
0.81232,2.1385,0.087895,-0.048306,0.026184,7.6177
0.81237,2.1385,0.087896,-0.048288,0.026095,7.6295
0.81242,2.1385,0.087897,-0.048269,0.026006,7.6148
0.81247,2.1385,0.087899,-0.048246,0.025914,7.6205
0.81253,2.1385,0.0879,-0.048223,0.025805,7.6239
0.81258,2.1385,0.087901,-0.048202,0.025706,7.6189
0.81263,2.1385,0.087903,-0.048184,0.025637,7.616
0.81268,2.1385,0.087904,-0.048173,0.025624,7.6291
0.81274,2.1385,0.087905,-0.048163,0.025651,7.6185
0.81279,2.1385,0.087907,-0.048148,0.025694,7.615
0.81284,2.1385,0.087908,-0.048133,0.025736,7.6223
0.81289,2.1385,0.087909,-0.048118,0.02575,7.6253
0.81295,2.1385,0.087911,-0.04811,0.025715,7.6204
0.813,2.1385,0.087912,-0.048101,0.025638,7.6219
0.81305,2.1384,0.087914,-0.048087,0.025576,7.6215
0.81311,2.1384,0.087915,-0.048067,0.025532,7.6148
0.81316,2.1384,0.087916,-0.048029,0.025508,7.6181
0.81321,2.1384,0.087918,-0.047987,0.025519,7.6265
0.81326,2.1384,0.087919,-0.04794,0.025572,7.622
0.81332,2.1384,0.08792,-0.047892,0.025681,7.6268
0.81337,2.1384,0.087922,-0.047857,0.025813,7.6285
0.81342,2.1384,0.087923,-0.047825,0.025928,7.6246
0.81347,2.1384,0.087924,-0.047796,0.026037,7.6217
0.81353,2.1384,0.087926,-0.047775,0.026092,7.6234
0.81358,2.1384,0.087927,-0.047752,0.026104,7.6202
0.81363,2.1384,0.087928,-0.047739,0.026084,7.6135
0.81368,2.1384,0.08793,-0.04772,0.02605,7.6168
0.81374,2.1384,0.087931,-0.047703,0.026028,7.6119
0.81379,2.1384,0.087933,-0.047691,0.026004,7.6055
0.81384,2.1384,0.087934,-0.047681,0.025979,7.6127
0.81389,2.1384,0.087935,-0.047684,0.025958,7.6162
0.81395,2.1384,0.087937,-0.047697,0.025938,7.6
0.814,2.1384,0.087938,-0.04771,0.02592,7.5978
0.81405,2.1384,0.087939,-0.047724,0.025905,7.5988
0.81411,2.1384,0.087941,-0.047729,0.025895,7.5955
0.81416,2.1384,0.087942,-0.047731,0.025886,7.5895
0.81421,2.1384,0.087943,-0.04772,0.025876,7.6009
0.81426,2.1384,0.087945,-0.047694,0.025866,7.6023
0.81432,2.1384,0.087946,-0.047675,0.025857,7.5957
0.81437,2.1384,0.087948,-0.047651,0.025848,7.612
0.81442,2.1384,0.087949,-0.047623,0.02584,7.6102
0.81447,2.1384,0.08795,-0.047595,0.025834,7.601
0.81453,2.1384,0.087952,-0.047571,0.025826,7.6141
0.81458,2.1384,0.087953,-0.047546,0.025817,7.6083
0.81463,2.1384,0.087954,-0.047517,0.025805,7.5956
0.81468,2.1384,0.087956,-0.047473,0.025791,7.5909
0.81474,2.1384,0.087957,-0.047431,0.025776,7.5942
0.81479,2.1384,0.087958,-0.047377,0.025758,7.5903
0.81484,2.1384,0.08796,-0.047321,0.025744,7.5964
0.81489,2.1384,0.087961,-0.047265,0.025731,7.6016
0.81495,2.1384,0.087962,-0.047224,0.025715,7.5894
0.815,2.1384,0.087964,-0.047195,0.025703,7.5822
0.81505,2.1384,0.087965,-0.04718,0.025694,7.5857
0.81511,2.1383,0.087967,-0.047175,0.025687,7.5759
0.81516,2.1383,0.087968,-0.047178,0.025684,7.5696
0.81521,2.1383,0.087969,-0.047186,0.025682,7.5717
0.81526,2.1383,0.087971,-0.047196,0.025685,7.5713
0.81532,2.1383,0.087972,-0.047204,0.025688,7.5626
0.81537,2.1383,0.087973,-0.04722,0.02569,7.5682
0.81542,2.1383,0.087975,-0.047231,0.025692,7.5732
0.81547,2.1383,0.087976,-0.047238,0.025694,7.561
0.81553,2.1383,0.087977,-0.047249,0.025696,7.5625
0.81558,2.1383,0.087979,-0.047263,0.025698,7.5685
0.81563,2.1383,0.08798,-0.047268,0.0257,7.5607
0.81568,2.1383,0.087981,-0.047267,0.025702,7.5642
0.81574,2.1383,0.087983,-0.047253,0.025704,7.5689
0.81579,2.1383,0.087984,-0.047238,0.025706,7.5612
0.81584,2.1383,0.087985,-0.047212,0.025708,7.565
0.81589,2.1383,0.087987,-0.047181,0.025711,7.5748
0.81595,2.1383,0.087988,-0.047157,0.025713,7.5753
0.816,2.1383,0.08799,-0.047146,0.025716,7.5659
0.81605,2.1383,0.087991,-0.047137,0.025718,7.5707
0.81611,2.1383,0.087992,-0.047134,0.025721,7.5702
0.81616,2.1383,0.087994,-0.04713,0.025724,7.5614
0.81621,2.1383,0.087995,-0.047137,0.025727,7.5615
0.81626,2.1383,0.087996,-0.047137,0.025731,7.5636
0.81632,2.1383,0.087998,-0.04713,0.025735,7.5596
0.81637,2.1383,0.087999,-0.047114,0.02574,7.5571
0.81642,2.1383,0.088,-0.047104,0.025745,7.5674
0.81647,2.1383,0.088002,-0.047092,0.02575,7.5592
0.81653,2.1383,0.088003,-0.047081,0.025756,7.5564
0.81658,2.1383,0.088004,-0.047074,0.025762,7.5632
0.81663,2.1383,0.088006,-0.047076,0.025768,7.5522
0.81668,2.1383,0.088007,-0.047079,0.025774,7.5483
0.81674,2.1383,0.088009,-0.047077,0.025781,7.5515
0.81679,2.1383,0.08801,-0.047069,0.025788,7.5487
0.81684,2.1383,0.088011,-0.047063,0.025795,7.5356
0.81689,2.1383,0.088013,-0.047066,0.025803,7.5484
0.81695,2.1383,0.088014,-0.047081,0.02581,7.5526
0.817,2.1383,0.088015,-0.047112,0.025818,7.5378
0.81705,2.1383,0.088017,-0.047148,0.025827,7.5472
0.81711,2.1383,0.088018,-0.047183,0.025835,7.5556
0.81716,2.1383,0.088019,-0.047208,0.025843,7.544
0.81721,2.1383,0.088021,-0.04723,0.025853,7.5461
0.81726,2.1382,0.088022,-0.047254,0.02586,7.5599
0.81732,2.1382,0.088023,-0.047283,0.025866,7.5565
0.81737,2.1382,0.088025,-0.047323,0.025873,7.5558
0.81742,2.1382,0.088026,-0.047368,0.025877,7.573
0.81747,2.1382,0.088028,-0.047402,0.025879,7.5786
0.81753,2.1382,0.088029,-0.047428,0.025882,7.5735
0.81758,2.1382,0.08803,-0.047446,0.025887,7.5844
0.81763,2.1382,0.088032,-0.04747,0.025894,7.5838
0.81768,2.1382,0.088033,-0.047497,0.025902,7.5776
0.81774,2.1382,0.088034,-0.047526,0.02591,7.5723
0.81779,2.1382,0.088036,-0.04757,0.025921,7.5707
0.81784,2.1382,0.088037,-0.047608,0.025931,7.5616
0.81789,2.1382,0.088038,-0.04764,0.025941,7.5595
0.81795,2.1382,0.08804,-0.047685,0.025951,7.5718
0.818,2.1382,0.088041,-0.047728,0.025961,7.5654
0.81805,2.1382,0.088043,-0.047771,0.025971,7.5568
0.81811,2.1382,0.088044,-0.047817,0.025981,7.5723
0.81816,2.1382,0.088045,-0.04786,0.025991,7.5631
0.81821,2.1382,0.088047,-0.047902,0.026,7.555
0.81826,2.1382,0.088048,-0.047937,0.026009,7.5639
0.81832,2.1382,0.088049,-0.047984,0.026018,7.565
0.81837,2.1382,0.088051,-0.048054,0.026026,7.5603
0.81842,2.1382,0.088052,-0.04813,0.026033,7.5702
0.81847,2.1382,0.088054,-0.048209,0.026041,7.5786
0.81853,2.1382,0.088055,-0.048294,0.026048,7.5704
0.81858,2.1382,0.088056,-0.04838,0.026054,7.5781
0.81863,2.1382,0.088058,-0.048452,0.02606,7.5883
0.81868,2.1382,0.088059,-0.048509,0.026065,7.5793
0.81874,2.1382,0.08806,-0.048561,0.02607,7.5809
0.81879,2.1382,0.088062,-0.048611,0.026075,7.5878
0.81884,2.1382,0.088063,-0.048647,0.02608,7.5792
0.81889,2.1382,0.088064,-0.048676,0.026085,7.5743
0.81895,2.1382,0.088066,-0.048715,0.02609,7.5901
0.819,2.1382,0.088067,-0.048768,0.026095,7.5963
0.81905,2.1382,0.088069,-0.048826,0.026101,7.5889
0.81911,2.1382,0.08807,-0.048887,0.026106,7.6008
0.81916,2.1382,0.088071,-0.048945,0.026112,7.5962
0.81921,2.1382,0.088073,-0.049014,0.026118,7.5858
0.81926,2.1382,0.088074,-0.049072,0.026123,7.5862
0.81932,2.1381,0.088075,-0.049134,0.026129,7.588
0.81937,2.1381,0.088077,-0.049195,0.026134,7.5713
0.81942,2.1381,0.088078,-0.049254,0.026139,7.5762
0.81947,2.1381,0.08808,-0.049316,0.026144,7.585
0.81953,2.1381,0.088081,-0.049367,0.026149,7.5803
0.81958,2.1381,0.088082,-0.049402,0.026153,7.5699
0.81963,2.1381,0.088084,-0.049439,0.026157,7.5822
0.81968,2.1381,0.088085,-0.049472,0.02616,7.5759
0.81974,2.1381,0.088086,-0.049502,0.026163,7.5678
0.81979,2.1381,0.088088,-0.049535,0.026165,7.5748
0.81984,2.1381,0.088089,-0.049572,0.026167,7.5782
0.81989,2.1381,0.088091,-0.049607,0.026168,7.5664
0.81995,2.1381,0.088092,-0.049629,0.026168,7.5764
0.82,2.1381,0.088093,-0.049637,0.026168,7.5765
0.82005,2.1381,0.088095,-0.049642,0.026167,7.5754
0.82011,2.1381,0.088096,-0.049645,0.026166,7.5743
0.82016,2.1381,0.088097,-0.049649,0.026164,7.5726
0.82021,2.1381,0.088099,-0.049665,0.026163,7.5627
0.82026,2.1381,0.0881,-0.049687,0.026162,7.5548
0.82032,2.1381,0.088102,-0.049712,0.026161,7.5618
0.82037,2.1381,0.088103,-0.049738,0.026159,7.5537
0.82042,2.1381,0.088104,-0.049759,0.026158,7.55
0.82047,2.1381,0.088106,-0.049779,0.026156,7.5644
0.82053,2.1381,0.088107,-0.049795,0.026155,7.5713
0.82058,2.1381,0.088109,-0.049812,0.026154,7.5605
0.82063,2.1381,0.08811,-0.04983,0.026152,7.5711
0.82068,2.1381,0.088111,-0.049853,0.02615,7.5735
0.82074,2.1381,0.088113,-0.049879,0.026148,7.5631
0.82079,2.1381,0.088114,-0.049909,0.026145,7.5652
0.82084,2.1381,0.088115,-0.04994,0.026141,7.564
0.82089,2.1381,0.088117,-0.049974,0.026137,7.5525
0.82095,2.1381,0.088118,-0.049995,0.026131,7.5497
0.821,2.1381,0.08812,-0.050008,0.026126,7.5501
0.82105,2.1381,0.088121,-0.050021,0.026119,7.5451
0.82111,2.1381,0.088122,-0.050029,0.026112,7.5406
0.82116,2.1381,0.088124,-0.050023,0.026105,7.5475
0.82121,2.1381,0.088125,-0.050005,0.026097,7.5437
0.82126,2.1381,0.088126,-0.049974,0.026088,7.5386
0.82132,2.138,0.088128,-0.049948,0.026079,7.5426
0.82137,2.138,0.088129,-0.049906,0.026069,7.5393
0.82142,2.138,0.088131,-0.049858,0.026057,7.5383
0.82147,2.138,0.088132,-0.049821,0.026045,7.5481
0.82153,2.138,0.088133,-0.049781,0.026032,7.5597
0.82158,2.138,0.088135,-0.049743,0.026017,7.5572
0.82163,2.138,0.088136,-0.049707,0.026002,7.5674
0.82168,2.138,0.088137,-0.049671,0.025987,7.5709
0.82174,2.138,0.088139,-0.049639,0.02597,7.5555
0.82179,2.138,0.08814,-0.049599,0.025953,7.5596
0.82184,2.138,0.088141,-0.04956,0.025935,7.5594
0.82189,2.138,0.088143,-0.049522,0.025916,7.551
0.82195,2.138,0.088144,-0.049476,0.025897,7.553
0.822,2.138,0.088146,-0.049436,0.025878,7.5591
0.82205,2.138,0.088147,-0.049403,0.025859,7.5549
0.82211,2.138,0.088148,-0.049375,0.025839,7.5495
0.82216,2.138,0.08815,-0.049347,0.025819,7.5599
0.82221,2.138,0.088151,-0.049327,0.025798,7.5621
0.82226,2.138,0.088152,-0.049319,0.025777,7.5519
0.82232,2.138,0.088154,-0.049312,0.025756,7.5521
0.82237,2.138,0.088155,-0.049304,0.025734,7.5508
0.82242,2.138,0.088156,-0.049291,0.025713,7.5406
0.82247,2.138,0.088158,-0.04928,0.025691,7.5459
0.82253,2.138,0.088159,-0.049271,0.025668,7.5541
0.82258,2.138,0.08816,-0.049255,0.025646,7.5525
0.82263,2.138,0.088162,-0.049241,0.025623,7.5519
0.82268,2.138,0.088163,-0.04923,0.0256,7.5597
0.82274,2.138,0.088164,-0.04921,0.025577,7.556
0.82279,2.138,0.088166,-0.049182,0.025554,7.5531
0.82284,2.138,0.088167,-0.049145,0.025531,7.563
0.82289,2.138,0.088169,-0.049106,0.025508,7.5687
0.82295,2.138,0.08817,-0.049066,0.025485,7.5617
0.823,2.138,0.088171,-0.049037,0.025463,7.5709
0.82305,2.138,0.088173,-0.04903,0.025441,7.5782
0.82311,2.138,0.088174,-0.049039,0.02542,7.5825
0.82316,2.138,0.088175,-0.049042,0.025399,7.5902
0.82321,2.138,0.088177,-0.049033,0.025375,7.6027
0.82326,2.138,0.088178,-0.049025,0.025347,7.5911
0.82332,2.138,0.088179,-0.049016,0.025315,7.5938
0.82337,2.1379,0.088181,-0.049014,0.025283,7.599
0.82342,2.1379,0.088182,-0.049033,0.025252,7.5918
0.82347,2.1379,0.088183,-0.049065,0.025224,7.5877
0.82353,2.1379,0.088185,-0.049103,0.025201,7.6013
0.82358,2.1379,0.088186,-0.049131,0.025182,7.6046
0.82363,2.1379,0.088187,-0.049153,0.025165,7.5937
0.82368,2.1379,0.088189,-0.049163,0.025147,7.6117
0.82374,2.1379,0.08819,-0.049155,0.025131,7.6092
0.82379,2.1379,0.088191,-0.049138,0.025116,7.5965
0.82384,2.1379,0.088192,-0.04911,0.025099,7.6009
0.82389,2.1379,0.088194,-0.049081,0.025083,7.6021
0.82395,2.1379,0.088195,-0.049048,0.025066,7.5957
0.824,2.1379,0.088196,-0.049015,0.025046,7.5959
0.82405,2.1379,0.088198,-0.048985,0.025022,7.6102
0.82411,2.1379,0.088199,-0.048942,0.024998,7.595
0.82416,2.1379,0.0882,-0.048891,0.024975,7.5952
0.82421,2.1379,0.088202,-0.048839,0.024951,7.6121
0.82426,2.1379,0.088203,-0.048784,0.024928,7.6004
0.82432,2.1379,0.088204,-0.048756,0.024909,7.5971
0.82437,2.1379,0.088206,-0.048743,0.024889,7.6086
0.82442,2.1379,0.088207,-0.048741,0.02487,7.6043
0.82447,2.1379,0.088208,-0.048732,0.024853,7.5997
0.82453,2.1379,0.08821,-0.048707,0.024839,7.6114
0.82458,2.1379,0.088211,-0.048676,0.024827,7.6179
0.82463,2.1379,0.088212,-0.048644,0.024816,7.6136
0.82468,2.1379,0.088213,-0.048606,0.024811,7.623
0.82474,2.1379,0.088215,-0.048586,0.024809,7.6316
0.82479,2.1379,0.088216,-0.048585,0.024807,7.6227
0.82484,2.1379,0.088217,-0.048589,0.024806,7.6309
0.82489,2.1379,0.088219,-0.048587,0.024809,7.6329
0.82495,2.1379,0.08822,-0.048579,0.024811,7.6255
0.825,2.1379,0.088221,-0.048563,0.024812,7.6193
0.82505,2.1379,0.088223,-0.048533,0.024811,7.6318
0.82511,2.1379,0.088224,-0.048491,0.024808,7.622
0.82516,2.1379,0.088225,-0.048439,0.024805,7.6147
0.82521,2.1379,0.088227,-0.048384,0.024798,7.622
0.82526,2.1379,0.088228,-0.048321,0.024791,7.626
0.82532,2.1379,0.088229,-0.048256,0.024786,7.6156
0.82537,2.1379,0.08823,-0.048195,0.024781,7.6214
0.82542,2.1378,0.088232,-0.048136,0.024778,7.6221
0.82547,2.1378,0.088233,-0.048067,0.024775,7.6025
0.82553,2.1378,0.088234,-0.048,0.024772,7.6128
0.82558,2.1378,0.088236,-0.047946,0.02477,7.6241
0.82563,2.1378,0.088237,-0.0479,0.024769,7.6162
0.82568,2.1378,0.088238,-0.04787,0.024768,7.6148
0.82574,2.1378,0.08824,-0.047849,0.024769,7.6329
0.82579,2.1378,0.088241,-0.047843,0.024769,7.6246
0.82584,2.1378,0.088242,-0.047842,0.024771,7.6146
0.82589,2.1378,0.088243,-0.047833,0.024773,7.6242
0.82595,2.1378,0.088245,-0.047813,0.024777,7.6202
0.826,2.1378,0.088246,-0.047792,0.02478,7.6145
0.82605,2.1378,0.088247,-0.047767,0.024785,7.6188
0.82611,2.1378,0.088249,-0.047752,0.024789,7.6218
0.82616,2.1378,0.08825,-0.047739,0.024795,7.6209
0.82621,2.1378,0.088251,-0.047747,0.0248,7.6256
0.82626,2.1378,0.088253,-0.047773,0.024806,7.6346
0.82632,2.1378,0.088254,-0.047817,0.024812,7.6181
0.82637,2.1378,0.088255,-0.04786,0.024818,7.6182
0.82642,2.1378,0.088257,-0.047903,0.024825,7.622
0.82647,2.1378,0.088258,-0.047951,0.024831,7.6125
0.82653,2.1378,0.088259,-0.047999,0.024838,7.599
0.82658,2.1378,0.08826,-0.048043,0.024831,7.6046
0.82663,2.1378,0.088262,-0.048087,0.024834,7.6036
0.82668,2.1378,0.088263,-0.048124,0.024879,7.5971
0.82674,2.1378,0.088264,-0.048165,0.024934,7.6109
0.82679,2.1378,0.088266,-0.0482,0.02501,7.6099
0.82684,2.1378,0.088267,-0.048221,0.025108,7.5997
0.82689,2.1378,0.088268,-0.048241,0.025239,7.6094
0.82695,2.1378,0.08827,-0.048254,0.025365,7.6106
0.827,2.1378,0.088271,-0.048266,0.02544,7.6023
0.82705,2.1378,0.088272,-0.048284,0.0255,7.6019
0.82711,2.1378,0.088274,-0.048312,0.02558,7.6114
0.82716,2.1378,0.088275,-0.04835,0.02563,7.6029
0.82721,2.1378,0.088276,-0.048395,0.025666,7.6083
0.82726,2.1378,0.088278,-0.048441,0.02569,7.6206
0.82732,2.1378,0.088279,-0.048487,0.025713,7.6153
0.82737,2.1378,0.08828,-0.048531,0.025708,7.6075
0.82742,2.1378,0.088282,-0.048579,0.025664,7.6158
0.82747,2.1377,0.088283,-0.048631,0.025612,7.6087
0.82753,2.1377,0.088285,-0.048692,0.025576,7.5969
0.82758,2.1377,0.088286,-0.048746,0.025538,7.599
0.82763,2.1377,0.088287,-0.048796,0.025502,7.6097
0.82768,2.1377,0.088289,-0.048841,0.025466,7.5965
0.82774,2.1377,0.08829,-0.048871,0.025429,7.5982
0.82779,2.1377,0.088291,-0.048905,0.025395,7.6114
0.82784,2.1377,0.088293,-0.048943,0.025361,7.6043
0.82789,2.1377,0.088294,-0.048975,0.025329,7.6057
0.82795,2.1377,0.088295,-0.049014,0.025297,7.6097
0.828,2.1377,0.088297,-0.049059,0.025267,7.5976
0.82805,2.1377,0.088298,-0.049105,0.025238,7.5974
0.82811,2.1377,0.088299,-0.049154,0.02521,7.6
0.82816,2.1377,0.088301,-0.049205,0.025182,7.5918
0.82821,2.1377,0.088302,-0.049267,0.025157,7.582
0.82826,2.1377,0.088303,-0.049321,0.025134,7.5986
0.82832,2.1377,0.088304,-0.049359,0.025114,7.6041
0.82837,2.1377,0.088306,-0.049393,0.025093,7.5974
0.82842,2.1377,0.088307,-0.04942,0.025075,7.6071
0.82847,2.1377,0.088308,-0.049445,0.02506,7.6185
0.82853,2.1377,0.08831,-0.049468,0.025046,7.6073
0.82858,2.1377,0.088311,-0.049499,0.025035,7.6154
0.82863,2.1377,0.088312,-0.049541,0.025027,7.6263
0.82868,2.1377,0.088314,-0.049585,0.025021,7.6267
0.82874,2.1377,0.088315,-0.049631,0.025015,7.6309
0.82879,2.1377,0.088316,-0.04969,0.025007,7.645
0.82884,2.1377,0.088318,-0.049754,0.024987,7.6414
0.82889,2.1377,0.088319,-0.049816,0.024995,7.6355
0.82895,2.1377,0.08832,-0.049878,0.025017,7.6441
0.829,2.1377,0.088322,-0.049939,0.025049,7.6376
0.82905,2.1377,0.088323,-0.049997,0.025069,7.6382
0.82911,2.1377,0.088324,-0.050048,0.025096,7.6444
0.82916,2.1377,0.088326,-0.050086,0.025135,7.6451
0.82921,2.1377,0.088327,-0.050134,0.025191,7.6416
0.82926,2.1377,0.088328,-0.050166,0.02526,7.6526
0.82932,2.1377,0.08833,-0.050181,0.025373,7.6583
0.82937,2.1377,0.088331,-0.050193,0.025503,7.6548
0.82942,2.1377,0.088332,-0.050184,0.025634,7.6633
0.82947,2.1377,0.088334,-0.050161,0.025744,7.6652
0.82953,2.1376,0.088335,-0.050128,0.025847,7.6603
0.82958,2.1376,0.088336,-0.050089,0.025943,7.6489
0.82963,2.1376,0.088338,-0.050059,0.02603,7.6617
0.82968,2.1376,0.088339,-0.050021,0.026111,7.6538
0.82974,2.1376,0.08834,-0.049974,0.026188,7.6432
0.82979,2.1376,0.088342,-0.049935,0.026261,7.6532
0.82984,2.1376,0.088343,-0.049906,0.026345,7.6611
0.82989,2.1376,0.088345,-0.049906,0.026415,7.6503
0.82995,2.1376,0.088346,-0.049924,0.026456,7.6551
0.83,2.1376,0.088347,-0.04996,0.026452,7.6579
0.83005,2.1376,0.088349,-0.049998,0.026403,7.6506
0.83011,2.1376,0.08835,-0.050032,0.0263,7.6475
0.83016,2.1376,0.088352,-0.050052,0.026191,7.65
0.83021,2.1376,0.088353,-0.050065,0.026088,7.642
0.83026,2.1376,0.088354,-0.050074,0.026006,7.65
0.83032,2.1376,0.088356,-0.050078,0.025926,7.6572
0.83037,2.1376,0.088357,-0.050079,0.025844,7.6494
0.83042,2.1376,0.088358,-0.050097,0.025739,7.6467
0.83047,2.1376,0.08836,-0.050116,0.025645,7.6586
0.83053,2.1376,0.088361,-0.05013,0.025532,7.644
0.83058,2.1376,0.088362,-0.050147,0.025471,7.634
0.83063,2.1376,0.088364,-0.050162,0.025427,7.6391
0.83068,2.1376,0.088365,-0.050176,0.025386,7.6392
0.83074,2.1376,0.088366,-0.050186,0.025336,7.6307
0.83079,2.1376,0.088368,-0.0502,0.025252,7.6343
0.83084,2.1376,0.088369,-0.050222,0.025159,7.6442
0.83089,2.1376,0.08837,-0.050254,0.02508,7.6356
0.83095,2.1376,0.088372,-0.050279,0.024986,7.6336
0.831,2.1376,0.088373,-0.050305,0.024909,7.6316
0.83105,2.1376,0.088374,-0.050339,0.024826,7.6203
0.83111,2.1376,0.088376,-0.050389,0.024731,7.6149
0.83116,2.1376,0.088377,-0.050437,0.024619,7.6261
0.83121,2.1376,0.088378,-0.050488,0.024488,7.6198
0.83126,2.1376,0.088379,-0.05053,0.024377,7.6061
0.83132,2.1376,0.088381,-0.050579,0.024272,7.619
0.83137,2.1376,0.088382,-0.050623,0.024169,7.6187
0.83142,2.1376,0.088383,-0.050662,0.024065,7.6019
0.83147,2.1376,0.088385,-0.050701,0.023963,7.6142
0.83153,2.1375,0.088386,-0.050752,0.023859,7.6106
0.83158,2.1375,0.088387,-0.050796,0.023756,7.602
0.83163,2.1375,0.088388,-0.050852,0.023655,7.6024
0.83168,2.1375,0.08839,-0.050914,0.023558,7.6044
0.83174,2.1375,0.088391,-0.050997,0.023464,7.5932
0.83179,2.1375,0.088392,-0.051076,0.023378,7.5928
0.83184,2.1375,0.088393,-0.051162,0.023296,7.6016
0.83189,2.1375,0.088394,-0.051242,0.023219,7.6017
0.83195,2.1375,0.088396,-0.05132,0.023146,7.5933
0.832,2.1375,0.088397,-0.051386,0.02308,7.6062
0.83205,2.1375,0.088398,-0.051443,0.023016,7.597
0.83211,2.1375,0.088399,-0.051513,0.022951,7.587
0.83216,2.1375,0.088401,-0.051587,0.022888,7.5875
0.83221,2.1375,0.088402,-0.051655,0.022824,7.5872
0.83226,2.1375,0.088403,-0.051736,0.02276,7.5844
0.83232,2.1375,0.088404,-0.051806,0.022684,7.5908
0.83237,2.1375,0.088405,-0.051864,0.022625,7.5952
0.83242,2.1375,0.088407,-0.051903,0.022614,7.5862
0.83247,2.1375,0.088408,-0.051925,0.022635,7.5917
0.83253,2.1375,0.088409,-0.051944,0.022657,7.5999
0.83258,2.1375,0.08841,-0.051949,0.022688,7.592
0.83263,2.1375,0.088411,-0.051952,0.02273,7.5901
0.83268,2.1375,0.088412,-0.051967,0.022778,7.5952
0.83274,2.1375,0.088414,-0.051992,0.022823,7.5847
0.83279,2.1375,0.088415,-0.052023,0.022892,7.587
0.83284,2.1375,0.088416,-0.052053,0.022998,7.5953
0.83289,2.1375,0.088417,-0.052081,0.023107,7.5974
0.83295,2.1375,0.088419,-0.052107,0.023209,7.5882
0.833,2.1375,0.08842,-0.052121,0.023295,7.6012
0.83305,2.1375,0.088421,-0.05214,0.023349,7.595
0.83311,2.1375,0.088422,-0.052178,0.023347,7.5834
0.83316,2.1375,0.088423,-0.052236,0.023314,7.5893
0.83321,2.1375,0.088425,-0.052298,0.02327,7.5839
0.83326,2.1375,0.088426,-0.052361,0.023251,7.5718
0.83332,2.1375,0.088427,-0.052417,0.023253,7.5758
0.83337,2.1375,0.088428,-0.052452,0.023264,7.5854
0.83342,2.1374,0.08843,-0.052464,0.023285,7.5815
0.83347,2.1374,0.088431,-0.052471,0.02329,7.5793
0.83353,2.1374,0.088432,-0.052469,0.023238,7.5927
0.83358,2.1374,0.088433,-0.052475,0.023188,7.5823
0.83363,2.1374,0.088434,-0.052492,0.023144,7.5735
0.83368,2.1374,0.088436,-0.052518,0.0231,7.5796
0.83374,2.1374,0.088437,-0.052541,0.023068,7.5769
0.83379,2.1374,0.088438,-0.052555,0.023012,7.5659
0.83384,2.1374,0.088439,-0.052558,0.022982,7.5692
0.83389,2.1374,0.088441,-0.05255,0.022965,7.5845
0.83395,2.1374,0.088442,-0.05254,0.022959,7.5733
0.834,2.1374,0.088443,-0.05254,0.023011,7.5756
0.83405,2.1374,0.088444,-0.052557,0.023055,7.5863
0.83411,2.1374,0.088445,-0.052588,0.023096,7.5816
0.83416,2.1374,0.088447,-0.052632,0.023124,7.5819
0.83421,2.1374,0.088448,-0.052684,0.02313,7.5843
0.83426,2.1374,0.088449,-0.052726,0.023119,7.5852
0.83432,2.1374,0.08845,-0.052755,0.023087,7.5793
0.83437,2.1374,0.088451,-0.052788,0.023025,7.5938
0.83442,2.1374,0.088453,-0.052819,0.022984,7.5946
0.83447,2.1374,0.088454,-0.052855,0.022912,7.5897
0.83453,2.1374,0.088455,-0.052898,0.022859,7.6045
0.83458,2.1374,0.088456,-0.052963,0.022814,7.6039
0.83463,2.1374,0.088457,-0.05305,0.022818,7.5904
0.83468,2.1374,0.088459,-0.053136,0.02285,7.594
0.83474,2.1374,0.08846,-0.053206,0.022898,7.5981
0.83479,2.1374,0.088461,-0.053266,0.022959,7.5859
0.83484,2.1374,0.088462,-0.053324,0.023015,7.5883
0.83489,2.1374,0.088464,-0.053367,0.02305,7.5932
0.83495,2.1374,0.088465,-0.05341,0.023048,7.5887
0.835,2.1374,0.088466,-0.053486,0.023038,7.585
0.83505,2.1374,0.088467,-0.053569,0.023011,7.5968
0.83511,2.1374,0.088468,-0.05366,0.022964,7.5866
0.83516,2.1374,0.08847,-0.053752,0.022902,7.5839
0.83521,2.1374,0.088471,-0.05385,0.022822,7.5868
0.83526,2.1374,0.088472,-0.053958,0.02272,7.5918
0.83532,2.1373,0.088473,-0.054063,0.022645,7.5834
0.83537,2.1373,0.088474,-0.054177,0.022586,7.5983
0.83542,2.1373,0.088476,-0.054311,0.022583,7.6066
0.83547,2.1373,0.088477,-0.054418,0.022615,7.5981
0.83553,2.1373,0.088478,-0.054513,0.022671,7.603
0.83558,2.1373,0.088479,-0.054593,0.022733,7.6077
0.83563,2.1373,0.08848,-0.05466,0.022775,7.6003
0.83568,2.1373,0.088482,-0.054708,0.022814,7.5977
0.83574,2.1373,0.088483,-0.054745,0.02285,7.6079
0.83579,2.1373,0.088484,-0.054795,0.022882,7.6038
0.83584,2.1373,0.088485,-0.054867,0.022911,7.593
0.83589,2.1373,0.088486,-0.054948,0.022937,7.6022
0.83595,2.1373,0.088488,-0.055042,0.022959,7.6073
0.836,2.1373,0.088489,-0.055137,0.022979,7.6003
0.83605,2.1373,0.08849,-0.055228,0.022996,7.61
0.83611,2.1373,0.088491,-0.055294,0.02301,7.6177
0.83616,2.1373,0.088492,-0.055332,0.023022,7.6041
0.83621,2.1373,0.088494,-0.055342,0.023032,7.6087
0.83626,2.1373,0.088495,-0.055349,0.023039,7.6134
0.83632,2.1373,0.088496,-0.055355,0.023044,7.5967
0.83637,2.1373,0.088497,-0.055358,0.023046,7.6015
0.83642,2.1373,0.088498,-0.055359,0.023046,7.6137
0.83647,2.1373,0.0885,-0.055364,0.023043,7.6078
0.83653,2.1373,0.088501,-0.055364,0.023054,7.6028
0.83658,2.1373,0.088502,-0.055351,0.023053,7.6152
0.83663,2.1373,0.088503,-0.055329,0.023009,7.6069
0.83668,2.1373,0.088504,-0.055315,0.022947,7.5918
0.83674,2.1373,0.088506,-0.055308,0.022857,7.5982
0.83679,2.1373,0.088507,-0.055316,0.022734,7.5905
0.83684,2.1373,0.088508,-0.055339,0.022566,7.5749
0.83689,2.1373,0.088509,-0.055364,0.022386,7.5778
0.83695,2.1373,0.08851,-0.05538,0.022244,7.584
0.837,2.1373,0.088512,-0.055386,0.022106,7.5771
0.83705,2.1373,0.088513,-0.055377,0.021937,7.5792
0.83711,2.1373,0.088514,-0.055348,0.021786,7.5888
0.83716,2.1372,0.088515,-0.055304,0.021643,7.5784
0.83721,2.1372,0.088516,-0.055273,0.021505,7.5731
0.83726,2.1372,0.088517,-0.055245,0.021362,7.5817
0.83732,2.1372,0.088518,-0.055222,0.021244,7.5708
0.83737,2.1372,0.08852,-0.055198,0.021181,7.5646
0.83742,2.1372,0.088521,-0.055176,0.021102,7.578
0.83747,2.1372,0.088522,-0.055148,0.020992,7.5762
0.83753,2.1372,0.088523,-0.055125,0.020872,7.5751
0.83758,2.1372,0.088524,-0.055106,0.02075,7.5815
0.83763,2.1372,0.088525,-0.055116,0.020633,7.581
0.83768,2.1372,0.088526,-0.05514,0.020527,7.5727
0.83774,2.1372,0.088527,-0.055158,0.020438,7.5734
0.83779,2.1372,0.088528,-0.055183,0.020373,7.5723
0.83784,2.1372,0.088529,-0.055212,0.020293,7.5628
0.83789,2.1372,0.08853,-0.055237,0.020212,7.5679
0.83795,2.1372,0.088531,-0.055271,0.020131,7.5685
0.838,2.1372,0.088532,-0.055308,0.020049,7.5597
0.83805,2.1372,0.088534,-0.055353,0.019967,7.5636
0.83811,2.1372,0.088535,-0.05539,0.019887,7.5723
0.83816,2.1372,0.088536,-0.055412,0.019804,7.5727
0.83821,2.1372,0.088537,-0.055436,0.019721,7.5675
0.83826,2.1372,0.088538,-0.055468,0.019636,7.5706
0.83832,2.1372,0.088539,-0.0555,0.019554,7.5676
0.83837,2.1372,0.08854,-0.055538,0.019471,7.5581
0.83842,2.1372,0.088541,-0.055563,0.019386,7.5627
0.83847,2.1372,0.088542,-0.055577,0.019302,7.5683
0.83853,2.1372,0.088543,-0.055574,0.019216,7.5657
0.83858,2.1372,0.088544,-0.055556,0.01913,7.5779
0.83863,2.1372,0.088545,-0.055525,0.019042,7.5869
0.83868,2.1372,0.088546,-0.055495,0.018957,7.5775
0.83874,2.1372,0.088547,-0.055466,0.018875,7.5781
0.83879,2.1372,0.088548,-0.05544,0.018806,7.5912
0.83884,2.1372,0.088549,-0.055411,0.018712,7.5803
0.83889,2.1372,0.08855,-0.055372,0.018603,7.5774
0.83895,2.1371,0.088551,-0.055318,0.018482,7.5827
0.839,2.1371,0.088552,-0.055254,0.018371,7.575
0.83905,2.1371,0.088553,-0.05519,0.018252,7.5754
0.83911,2.1371,0.088554,-0.055127,0.018118,7.5852
0.83916,2.1371,0.088555,-0.055048,0.017963,7.5888
0.83921,2.1371,0.088555,-0.05497,0.017789,7.5822
0.83926,2.1371,0.088556,-0.054902,0.017561,7.5871
0.83932,2.1371,0.088557,-0.054827,0.017303,7.5849
0.83937,2.1371,0.088558,-0.054749,0.01703,7.5795
0.83942,2.1371,0.088559,-0.054685,0.016763,7.5827
0.83947,2.1371,0.08856,-0.054648,0.016489,7.593
0.83953,2.1371,0.088561,-0.054628,0.016209,7.5913
0.83958,2.1371,0.088562,-0.054601,0.015925,7.5935
0.83963,2.1371,0.088562,-0.054587,0.015634,7.6026
0.83968,2.1371,0.088563,-0.054586,0.015334,7.6005
0.83974,2.1371,0.088564,-0.05457,0.015025,7.6018
0.83979,2.1371,0.088565,-0.054536,0.014692,7.6158
0.83984,2.1371,0.088566,-0.054484,0.014357,7.6105
0.83989,2.1371,0.088566,-0.054434,0.014039,7.5967
0.83995,2.1371,0.088567,-0.054376,0.013756,7.6086
0.84,2.1371,0.088568,-0.054322,0.013514,7.614
0.84005,2.1371,0.088568,-0.054269,0.013326,7.6085
0.84011,2.1371,0.088569,-0.054225,0.013161,7.6144
0.84016,2.1371,0.08857,-0.0542,0.01297,7.6272
0.84021,2.1371,0.088571,-0.05418,0.012745,7.6156
0.84026,2.1371,0.088571,-0.054176,0.01251,7.6172
0.84032,2.1371,0.088572,-0.054193,0.012277,7.6272
0.84037,2.1371,0.088572,-0.054199,0.012075,7.6188
0.84042,2.1371,0.088573,-0.054198,0.011879,7.6132
0.84047,2.1371,0.088574,-0.054194,0.011725,7.6234
0.84053,2.1371,0.088574,-0.054186,0.011546,7.6219
0.84058,2.1371,0.088575,-0.054177,0.011334,7.6138
0.84063,2.1371,0.088576,-0.054149,0.011118,7.6302
0.84068,2.1371,0.088576,-0.054122,0.010909,7.6338
0.84074,2.1371,0.088577,-0.054099,0.010735,7.6266
0.84079,2.137,0.088577,-0.054069,0.010573,7.6329
0.84084,2.137,0.088578,-0.054043,0.010399,7.6298
0.84089,2.137,0.088578,-0.054034,0.010243,7.6273
0.84095,2.137,0.088579,-0.054021,0.010073,7.6255
0.841,2.137,0.088579,-0.053982,0.0099129,7.6323
0.84105,2.137,0.08858,-0.053923,0.0097676,7.6283
0.84111,2.137,0.08858,-0.053864,0.0096462,7.6283
0.84116,2.137,0.088581,-0.05381,0.0095534,7.6449
0.84121,2.137,0.088581,-0.053781,0.0094497,7.6464
0.84126,2.137,0.088582,-0.053776,0.0093476,7.6352
0.84132,2.137,0.088582,-0.053785,0.0092502,7.646
0.84137,2.137,0.088583,-0.053791,0.0091599,7.6412
0.84142,2.137,0.088583,-0.053792,0.0090745,7.6354
0.84147,2.137,0.088584,-0.053785,0.0089971,7.6404
0.84153,2.137,0.088584,-0.05377,0.0089292,7.6472
0.84158,2.137,0.088585,-0.053739,0.0088665,7.6403
0.84163,2.137,0.088585,-0.053705,0.0088118,7.6471
0.84168,2.137,0.088586,-0.053655,0.0087635,7.6532
0.84174,2.137,0.088586,-0.053601,0.0087165,7.6536
0.84179,2.137,0.088587,-0.05354,0.0086752,7.6527
0.84184,2.137,0.088587,-0.053501,0.0086398,7.6552
0.84189,2.137,0.088587,-0.053471,0.0086101,7.6505
0.84195,2.137,0.088588,-0.053446,0.0085845,7.6454
0.842,2.137,0.088588,-0.053429,0.0085652,7.6494
0.84205,2.137,0.088589,-0.053399,0.008558,7.6485
0.84211,2.137,0.088589,-0.05336,0.0085599,7.6503
0.84216,2.137,0.08859,-0.053305,0.0085664,7.6529
0.84221,2.137,0.08859,-0.053231,0.0085808,7.6518
0.84226,2.137,0.088591,-0.053167,0.0086151,7.6459
0.84232,2.137,0.088591,-0.05311,0.0086448,7.6525
0.84237,2.137,0.088592,-0.053065,0.0086308,7.651
0.84242,2.137,0.088592,-0.053038,0.0085882,7.6384
0.84247,2.137,0.088592,-0.053018,0.008547,7.6384
0.84253,2.137,0.088593,-0.053011,0.0084994,7.6498
0.84258,2.137,0.088593,-0.053003,0.0084406,7.6394
0.84263,2.1369,0.088594,-0.052993,0.0083743,7.6369
0.84268,2.1369,0.088594,-0.052978,0.0083111,7.6523
0.84274,2.1369,0.088595,-0.052979,0.0082227,7.6428
0.84279,2.1369,0.088595,-0.052995,0.0080894,7.6316
0.84284,2.1369,0.088595,-0.053013,0.0079448,7.6403
0.84289,2.1369,0.088596,-0.053034,0.0077947,7.6323
0.84295,2.1369,0.088596,-0.053063,0.00765,7.6267
0.843,2.1369,0.088597,-0.053094,0.0075299,7.622
0.84305,2.1369,0.088597,-0.053114,0.0074623,7.6239
0.84311,2.1369,0.088597,-0.053124,0.0074291,7.6184
0.84316,2.1369,0.088598,-0.05314,0.0074128,7.6251
0.84321,2.1369,0.088598,-0.053148,0.0073744,7.64
0.84326,2.1369,0.088599,-0.053143,0.0073176,7.6308
0.84332,2.1369,0.088599,-0.053137,0.0072498,7.6274
0.84337,2.1369,0.088599,-0.053138,0.007169,7.6332
0.84342,2.1369,0.0886,-0.053141,0.0071052,7.6246
0.84347,2.1369,0.0886,-0.053143,0.0070995,7.6217
0.84353,2.1369,0.088601,-0.05315,0.0070976,7.6308
0.84358,2.1369,0.088601,-0.053158,0.0070971,7.6264
0.84363,2.1369,0.088601,-0.05318,0.0070989,7.622
0.84368,2.1369,0.088602,-0.053214,0.0070945,7.6392
0.84374,2.1369,0.088602,-0.053254,0.0071205,7.6481
0.84379,2.1369,0.088602,-0.053307,0.007128,7.6404
0.84384,2.1369,0.088603,-0.053364,0.007128,7.6484
0.84389,2.1369,0.088603,-0.053415,0.0071196,7.6493
0.84395,2.1369,0.088604,-0.053472,0.0070523,7.6357
0.844,2.1369,0.088604,-0.053529,0.0069887,7.6357
0.84405,2.1369,0.088604,-0.053598,0.0069245,7.6443
0.84411,2.1369,0.088605,-0.05367,0.0068705,7.6331
0.84416,2.1369,0.088605,-0.053742,0.0068379,7.6305
0.84421,2.1369,0.088605,-0.05382,0.0068234,7.6444
0.84426,2.1369,0.088606,-0.053897,0.0068315,7.6375
0.84432,2.1369,0.088606,-0.053967,0.0068747,7.6275
0.84437,2.1369,0.088606,-0.054048,0.0069039,7.6455
0.84442,2.1369,0.088607,-0.054137,0.0069697,7.6283
0.84447,2.1369,0.088607,-0.054225,0.007023,7.6267
0.84453,2.1368,0.088608,-0.054294,0.0070747,7.6292
0.84458,2.1368,0.088608,-0.054344,0.0070809,7.6284
0.84463,2.1368,0.088608,-0.054384,0.0070577,7.6173
0.84468,2.1368,0.088609,-0.054424,0.007014,7.6238
0.84474,2.1368,0.088609,-0.054464,0.0069514,7.6364
0.84479,2.1368,0.088609,-0.054513,0.0068868,7.6288
0.84484,2.1368,0.08861,-0.05458,0.006838,7.6286
0.84489,2.1368,0.08861,-0.054644,0.0068234,7.6341
0.84495,2.1368,0.08861,-0.054679,0.0068158,7.6263
0.845,2.1368,0.088611,-0.054706,0.0068262,7.6211
0.84505,2.1368,0.088611,-0.054715,0.0068593,7.636
0.84511,2.1368,0.088612,-0.054712,0.0069125,7.6341
0.84516,2.1368,0.088612,-0.054696,0.0069914,7.6281
0.84521,2.1368,0.088612,-0.054667,0.0071013,7.6408
0.84526,2.1368,0.088613,-0.054638,0.0071933,7.646
0.84532,2.1368,0.088613,-0.054597,0.0072775,7.6444
0.84537,2.1368,0.088613,-0.054525,0.0073099,7.6557
0.84542,2.1368,0.088614,-0.054458,0.0073059,7.6573
0.84547,2.1368,0.088614,-0.054384,0.0072744,7.6469
0.84553,2.1368,0.088615,-0.054321,0.0072316,7.6476
0.84558,2.1368,0.088615,-0.054269,0.0072019,7.6538
0.84563,2.1368,0.088615,-0.054242,0.0071711,7.6445
0.84568,2.1368,0.088616,-0.054237,0.0071392,7.6517
0.84574,2.1368,0.088616,-0.054229,0.0071061,7.6652
0.84579,2.1368,0.088616,-0.054199,0.0070721,7.6628
0.84584,2.1368,0.088617,-0.05416,0.0070373,7.6636
0.84589,2.1368,0.088617,-0.054109,0.0070017,7.6685
0.84595,2.1368,0.088618,-0.054057,0.0069652,7.6713
0.846,2.1368,0.088618,-0.053997,0.0069276,7.663
0.84605,2.1368,0.088618,-0.053942,0.0068887,7.6652
0.84611,2.1368,0.088619,-0.053894,0.0068483,7.6702
0.84616,2.1368,0.088619,-0.053864,0.0068063,7.659
0.84621,2.1368,0.088619,-0.053825,0.0067629,7.666
0.84626,2.1368,0.08862,-0.053784,0.0067182,7.6692
0.84632,2.1368,0.08862,-0.053752,0.0066724,7.666
0.84637,2.1367,0.08862,-0.053715,0.0066254,7.6697
0.84642,2.1367,0.088621,-0.053676,0.0065774,7.6774
0.84647,2.1367,0.088621,-0.053634,0.0065281,7.6675
0.84653,2.1367,0.088621,-0.053607,0.0064776,7.6608
0.84658,2.1367,0.088622,-0.053602,0.0064258,7.6664
0.84663,2.1367,0.088622,-0.053595,0.0063725,7.6635
0.84668,2.1367,0.088622,-0.053589,0.0063176,7.6507
0.84674,2.1367,0.088623,-0.053572,0.0062611,7.6673
0.84679,2.1367,0.088623,-0.053534,0.0062032,7.6728
0.84684,2.1367,0.088623,-0.053489,0.0061437,7.6621
0.84689,2.1367,0.088624,-0.053441,0.0060829,7.6715
0.84695,2.1367,0.088624,-0.053398,0.0060208,7.6762
0.847,2.1367,0.088624,-0.053362,0.0059572,7.6637
0.84705,2.1367,0.088625,-0.053346,0.0058922,7.6635
0.84711,2.1367,0.088625,-0.053343,0.0058255,7.6687
0.84716,2.1367,0.088625,-0.053331,0.0057571,7.6618
0.84721,2.1367,0.088626,-0.053313,0.005687,7.6577
0.84726,2.1367,0.088626,-0.053281,0.0056151,7.6667
0.84732,2.1367,0.088626,-0.053232,0.0055265,7.6685
0.84737,2.1367,0.088626,-0.053167,0.0054606,7.6583
0.84742,2.1367,0.088627,-0.053097,0.0054115,7.67
0.84747,2.1367,0.088627,-0.053035,0.0053731,7.665
0.84753,2.1367,0.088627,-0.052987,0.0053387,7.6562
0.84758,2.1367,0.088628,-0.052937,0.0053015,7.6572
0.84763,2.1367,0.088628,-0.052897,0.0052542,7.6559
0.84768,2.1367,0.088628,-0.052877,0.005189,7.6485
0.84774,2.1367,0.088628,-0.052852,0.0050981,7.6575
0.84779,2.1367,0.088629,-0.052825,0.0050202,7.658
0.84784,2.1367,0.088629,-0.052793,0.0049413,7.6459
0.84789,2.1367,0.088629,-0.052753,0.0048616,7.6479
0.84795,2.1367,0.088629,-0.052703,0.004781,7.6593
0.848,2.1367,0.08863,-0.052637,0.0046997,7.6453
0.84805,2.1367,0.08863,-0.05257,0.0046176,7.6388
0.84811,2.1367,0.08863,-0.052515,0.0045347,7.6436
0.84816,2.1367,0.08863,-0.052454,0.0044508,7.6364
0.84821,2.1367,0.088631,-0.05238,0.0043657,7.624
0.84826,2.1366,0.088631,-0.052301,0.0042795,7.6313
0.84832,2.1366,0.088631,-0.052216,0.004192,7.6343
0.84837,2.1366,0.088631,-0.052124,0.0041033,7.6281
0.84842,2.1366,0.088631,-0.052025,0.0040135,7.6303
0.84847,2.1366,0.088632,-0.051934,0.0039226,7.6309
0.84853,2.1366,0.088632,-0.051855,0.0038309,7.6199
0.84858,2.1366,0.088632,-0.051789,0.0037383,7.6204
0.84863,2.1366,0.088632,-0.051721,0.0036451,7.6146
0.84868,2.1366,0.088632,-0.051651,0.0035513,7.608
0.84874,2.1366,0.088633,-0.051567,0.003457,7.6065
0.84879,2.1366,0.088633,-0.05147,0.0033621,7.6209
0.84884,2.1366,0.088633,-0.051358,0.0032668,7.6203
0.84889,2.1366,0.088633,-0.05124,0.003171,7.6154
0.84895,2.1366,0.088633,-0.051123,0.0030607,7.627
0.849,2.1366,0.088633,-0.051002,0.0029747,7.6241
0.84905,2.1366,0.088634,-0.050873,0.0029051,7.6233
0.84911,2.1366,0.088634,-0.050743,0.0028443,7.6278
0.84916,2.1366,0.088634,-0.050615,0.0027852,7.6218
0.84921,2.1366,0.088634,-0.050486,0.0027067,7.6069
0.84926,2.1366,0.088634,-0.050361,0.002641,7.6157
0.84932,2.1366,0.088634,-0.050251,0.0025598,7.6226
0.84937,2.1366,0.088634,-0.050153,0.0024884,7.6052
0.84942,2.1366,0.088635,-0.050048,0.0024505,7.6108
0.84947,2.1366,0.088635,-0.049941,0.0024168,7.6175
0.84953,2.1366,0.088635,-0.04984,0.0023733,7.6094
0.84958,2.1366,0.088635,-0.049749,0.0023068,7.606
0.84963,2.1366,0.088635,-0.049665,0.0022048,7.6057
0.84968,2.1366,0.088635,-0.049591,0.0020862,7.6035
0.84974,2.1366,0.088635,-0.049537,0.0019689,7.596
0.84979,2.1366,0.088635,-0.049494,0.0018699,7.6044
0.84984,2.1366,0.088636,-0.049448,0.0017911,7.6107
0.84989,2.1366,0.088636,-0.049395,0.0017559,7.6052
0.84995,2.1366,0.088636,-0.049332,0.0017274,7.606
0.85,2.1366,0.088636,-0.049271,0.0017227,7.6075
0.85005,2.1366,0.088636,-0.049205,0.0016841,7.6032
0.85011,2.1366,0.088636,-0.049123,0.0016481,7.6025
0.85016,2.1366,0.088636,-0.049044,0.0016443,7.6009
0.85021,2.1365,0.088636,-0.048969,0.0016413,7.5912
0.85026,2.1365,0.088636,-0.048881,0.0016606,7.5946
0.85032,2.1365,0.088636,-0.048784,0.0017074,7.6114
0.85037,2.1365,0.088636,-0.048695,0.0017416,7.6001
0.85042,2.1365,0.088637,-0.048613,0.0017905,7.6097
0.85047,2.1365,0.088637,-0.048528,0.001768,7.6213
0.85053,2.1365,0.088637,-0.048443,0.0017503,7.6155
0.85058,2.1365,0.088637,-0.048374,0.0016925,7.6127
0.85063,2.1365,0.088637,-0.048303,0.00161,7.6206
0.85068,2.1365,0.088637,-0.048209,0.0015179,7.6158
0.85074,2.1365,0.088637,-0.048096,0.00143,7.6037
0.85079,2.1365,0.088637,-0.047968,0.0013596,7.6082
0.85084,2.1365,0.088637,-0.047821,0.0013192,7.6147
0.85089,2.1365,0.088637,-0.047677,0.0012758,7.6065
0.85095,2.1365,0.088637,-0.047554,0.0012502,7.616
0.851,2.1365,0.088637,-0.047457,0.0012047,7.6264
0.85105,2.1365,0.088637,-0.047383,0.0011507,7.6154
0.85111,2.1365,0.088637,-0.047324,0.001089,7.6112
0.85116,2.1365,0.088638,-0.04726,0.0010202,7.611
0.85121,2.1365,0.088638,-0.047186,0.00094522,7.6099
0.85126,2.1365,0.088638,-0.047101,0.00086475,7.6052
0.85132,2.1365,0.088638,-0.047019,0.00077961,7.6091
0.85137,2.1365,0.088638,-0.046944,0.00069058,7.6094
0.85142,2.1365,0.088638,-0.046858,0.00059858,7.6026
0.85147,2.1365,0.088638,-0.046781,0.00050011,7.6142
0.85153,2.1365,0.088638,-0.046711,0.0003981,7.6134
0.85158,2.1365,0.088638,-0.046642,0.000289,7.603
0.85163,2.1365,0.088638,-0.046575,0.00017353,7.6046
0.85168,2.1365,0.088638,-0.046509,5.3798e-05,7.6088
0.85174,2.1365,0.088638,-0.046436,-7.18e-05,7.5985
0.85179,2.1365,0.088638,-0.046353,-0.00020428,7.5983
0.85184,2.1365,0.088638,-0.046264,-0.00034399,7.6087
0.85189,2.1365,0.088638,-0.046188,-0.00049061,7.6066
0.85195,2.1365,0.088638,-0.046119,-0.00064301,7.609
0.852,2.1365,0.088638,-0.046059,-0.00080379,7.628
0.85205,2.1365,0.088638,-0.046006,-0.00097121,7.6308
0.85211,2.1365,0.088638,-0.04596,-0.001139,7.6202
0.85216,2.1365,0.088637,-0.045905,-0.001309,7.6322
0.85221,2.1365,0.088637,-0.045838,-0.0014815,7.6305
0.85226,2.1365,0.088637,-0.045772,-0.0016587,7.6197
0.85232,2.1365,0.088637,-0.045706,-0.0018376,7.6297
0.85237,2.1364,0.088637,-0.045648,-0.0020193,7.6365
0.85242,2.1364,0.088637,-0.045592,-0.002205,7.6336
0.85247,2.1364,0.088637,-0.045545,-0.002396,7.6355
0.85253,2.1364,0.088637,-0.04551,-0.002589,7.6394
0.85258,2.1364,0.088637,-0.045483,-0.0027857,7.6311
0.85263,2.1364,0.088636,-0.045458,-0.0029867,7.6336
0.85268,2.1364,0.088636,-0.045424,-0.0031925,7.6391
0.85274,2.1364,0.088636,-0.045381,-0.0033993,7.6339
0.85279,2.1364,0.088636,-0.045339,-0.0036099,7.6215
0.85284,2.1364,0.088636,-0.045287,-0.0038205,7.6327
0.85289,2.1364,0.088635,-0.045211,-0.0040315,7.6332
0.85295,2.1364,0.088635,-0.045131,-0.0042435,7.6234
0.853,2.1364,0.088635,-0.045061,-0.0044569,7.6355
0.85305,2.1364,0.088635,-0.045009,-0.0046723,7.6421
0.85311,2.1364,0.088635,-0.044967,-0.0048917,7.6326
0.85316,2.1364,0.088634,-0.044942,-0.0051119,7.6324
0.85321,2.1364,0.088634,-0.044939,-0.0053342,7.6349
0.85326,2.1364,0.088634,-0.044943,-0.0055555,7.6232
0.85332,2.1364,0.088633,-0.044944,-0.0057777,7.6201
0.85337,2.1364,0.088633,-0.044939,-0.0060029,7.6299
0.85342,2.1364,0.088633,-0.044933,-0.0062278,7.6212
0.85347,2.1364,0.088632,-0.044914,-0.0064537,7.6122
0.85353,2.1364,0.088632,-0.044894,-0.0066815,7.6274
0.85358,2.1364,0.088632,-0.044862,-0.0069082,7.6202
0.85363,2.1364,0.088631,-0.04483,-0.0071355,7.6137
0.85368,2.1364,0.088631,-0.04481,-0.007364,7.6189
0.85374,2.1364,0.088631,-0.044812,-0.0075945,7.6098
0.85379,2.1364,0.08863,-0.044827,-0.0078278,7.5991
0.85384,2.1364,0.08863,-0.044844,-0.0080602,7.6055
0.85389,2.1364,0.088629,-0.044846,-0.0082932,7.6027
0.85395,2.1364,0.088629,-0.044848,-0.0085267,7.5988
0.854,2.1364,0.088628,-0.044826,-0.0087606,7.6009
0.85405,2.1364,0.088628,-0.044794,-0.008995,7.605
0.85411,2.1364,0.088627,-0.044769,-0.0092297,7.5984
0.85416,2.1364,0.088627,-0.044739,-0.0094647,7.5915
0.85421,2.1364,0.088626,-0.044717,-0.0097,7.5931
0.85426,2.1364,0.088626,-0.044685,-0.0099353,7.5815
0.85432,2.1364,0.088625,-0.044636,-0.010171,7.5719
0.85437,2.1364,0.088625,-0.04458,-0.010406,7.5791
0.85442,2.1364,0.088624,-0.044523,-0.010641,7.5753
0.85447,2.1364,0.088624,-0.044481,-0.010876,7.5628
0.85453,2.1364,0.088623,-0.044447,-0.01111,7.5752
0.85458,2.1363,0.088622,-0.044408,-0.011344,7.5759
0.85463,2.1363,0.088622,-0.044377,-0.011577,7.5605
0.85468,2.1363,0.088621,-0.044337,-0.011809,7.5663
0.85474,2.1363,0.088621,-0.044285,-0.012041,7.5732
0.85479,2.1363,0.08862,-0.044229,-0.012271,7.5619
0.85484,2.1363,0.088619,-0.044174,-0.0125,7.5691
0.85489,2.1363,0.088619,-0.044123,-0.012727,7.5886
0.85495,2.1363,0.088618,-0.044066,-0.012953,7.5812
0.855,2.1363,0.088617,-0.044002,-0.013178,7.5825
0.85505,2.1363,0.088617,-0.043942,-0.013402,7.6055
0.85511,2.1363,0.088616,-0.04388,-0.013624,7.607
0.85516,2.1363,0.088615,-0.043832,-0.013846,7.5942
0.85521,2.1363,0.088614,-0.043786,-0.014065,7.6089
0.85526,2.1363,0.088614,-0.04374,-0.014283,7.6096
0.85532,2.1363,0.088613,-0.04372,-0.0145,7.6006
0.85537,2.1363,0.088612,-0.043723,-0.014714,7.6093
0.85542,2.1363,0.088611,-0.043744,-0.014927,7.6094
0.85547,2.1363,0.08861,-0.043771,-0.015139,7.6
0.85553,2.1363,0.08861,-0.043803,-0.015348,7.6054
0.85558,2.1363,0.088609,-0.043831,-0.015555,7.6129
0.85563,2.1363,0.088608,-0.043846,-0.01576,7.6079
0.85568,2.1363,0.088607,-0.043846,-0.015964,7.6006
0.85574,2.1363,0.088606,-0.043854,-0.016165,7.6026
0.85579,2.1363,0.088605,-0.043868,-0.016365,7.5919
0.85584,2.1363,0.088605,-0.043895,-0.016563,7.5887
0.85589,2.1363,0.088604,-0.043924,-0.01676,7.6015
0.85595,2.1363,0.088603,-0.043964,-0.016954,7.5969
0.856,2.1363,0.088602,-0.044012,-0.017146,7.591
0.85605,2.1363,0.088601,-0.044063,-0.017336,7.6055
0.85611,2.1363,0.0886,-0.044105,-0.017522,7.615
0.85616,2.1363,0.088599,-0.044154,-0.017706,7.6085
0.85621,2.1363,0.088598,-0.044215,-0.017886,7.6184
0.85626,2.1363,0.088597,-0.044278,-0.018064,7.6272
0.85632,2.1363,0.088596,-0.044342,-0.018239,7.6197
0.85637,2.1363,0.088595,-0.044413,-0.01841,7.6186
0.85642,2.1363,0.088594,-0.044493,-0.018579,7.6316
0.85647,2.1363,0.088593,-0.044572,-0.018745,7.6337
0.85653,2.1363,0.088592,-0.044653,-0.018907,7.6336
0.85658,2.1363,0.088591,-0.04475,-0.019066,7.6496
0.85663,2.1363,0.08859,-0.044856,-0.019221,7.6481
0.85668,2.1363,0.088589,-0.044961,-0.019373,7.6448
0.85674,2.1363,0.088588,-0.04507,-0.019521,7.6538
0.85679,2.1363,0.088587,-0.045172,-0.019666,7.6534
0.85684,2.1362,0.088586,-0.045277,-0.019808,7.6436
0.85689,2.1362,0.088585,-0.045373,-0.019946,7.6457
0.85695,2.1362,0.088584,-0.045467,-0.02008,7.6481
0.857,2.1362,0.088583,-0.045556,-0.02021,7.6389
0.85705,2.1362,0.088582,-0.045635,-0.020336,7.6423
0.85711,2.1362,0.088581,-0.045712,-0.020458,7.6485
0.85716,2.1362,0.08858,-0.045795,-0.020577,7.6404
0.85721,2.1362,0.088579,-0.045872,-0.020691,7.644
0.85726,2.1362,0.088578,-0.045967,-0.020802,7.6457
0.85732,2.1362,0.088577,-0.046062,-0.020924,7.6362
0.85737,2.1362,0.088575,-0.046168,-0.021017,7.6321
0.85742,2.1362,0.088574,-0.04626,-0.02109,7.6353
0.85747,2.1362,0.088573,-0.046332,-0.021149,7.6413
0.85753,2.1362,0.088572,-0.046396,-0.021203,7.6357
0.85758,2.1362,0.088571,-0.046452,-0.021258,7.6458
0.85763,2.1362,0.08857,-0.046502,-0.02132,7.6549
0.85768,2.1362,0.088569,-0.046566,-0.021396,7.6504
0.85774,2.1362,0.088568,-0.046633,-0.021491,7.6596
0.85779,2.1362,0.088566,-0.046713,-0.021566,7.6648
0.85784,2.1362,0.088565,-0.046786,-0.021636,7.6543
0.85789,2.1362,0.088564,-0.046846,-0.021716,7.6554
0.85795,2.1362,0.088563,-0.046901,-0.021767,7.6645
0.858,2.1362,0.088562,-0.046953,-0.021796,7.6559
0.85805,2.1362,0.088561,-0.046994,-0.021812,7.6583
0.85811,2.1362,0.08856,-0.047035,-0.021822,7.6744
0.85816,2.1362,0.088558,-0.047077,-0.021832,7.6779
0.85821,2.1362,0.088557,-0.047123,-0.021848,7.6702
0.85826,2.1362,0.088556,-0.047161,-0.021877,7.6813
0.85832,2.1362,0.088555,-0.047198,-0.021924,7.6754
0.85837,2.1362,0.088554,-0.047233,-0.021951,7.6708
0.85842,2.1362,0.088553,-0.047266,-0.021973,7.6712
0.85847,2.1362,0.088552,-0.047287,-0.021989,7.677
0.85853,2.1362,0.08855,-0.047293,-0.021999,7.6647
0.85858,2.1362,0.088549,-0.047285,-0.022019,7.6695
0.85863,2.1362,0.088548,-0.047271,-0.022008,7.6762
0.85868,2.1362,0.088547,-0.047264,-0.021975,7.6675
0.85874,2.1362,0.088546,-0.047265,-0.021928,7.664
0.85879,2.1362,0.088545,-0.04727,-0.021873,7.6682
0.85884,2.1362,0.088543,-0.047289,-0.021818,7.661
0.85889,2.1362,0.088542,-0.047306,-0.021753,7.6544
0.85895,2.1362,0.088541,-0.047315,-0.021726,7.6563
0.859,2.1361,0.08854,-0.047319,-0.021734,7.6626
0.85905,2.1361,0.088539,-0.047325,-0.021734,7.6574
0.85911,2.1361,0.088538,-0.04734,-0.021733,7.667
0.85916,2.1361,0.088537,-0.047353,-0.02171,7.671
0.85921,2.1361,0.088535,-0.047366,-0.021696,7.6626
0.85926,2.1361,0.088534,-0.047376,-0.021662,7.6773
0.85932,2.1361,0.088533,-0.047377,-0.021634,7.6786
0.85937,2.1361,0.088532,-0.047379,-0.021638,7.6659
0.85942,2.1361,0.088531,-0.047379,-0.021647,7.6691
0.85947,2.1361,0.08853,-0.047386,-0.021646,7.6749
0.85953,2.1361,0.088529,-0.047387,-0.02162,7.6586
0.85958,2.1361,0.088527,-0.047391,-0.021555,7.6498
0.85963,2.1361,0.088526,-0.047394,-0.021481,7.6652
0.85968,2.1361,0.088525,-0.047383,-0.021375,7.658
0.85974,2.1361,0.088524,-0.047369,-0.021264,7.6478
0.85979,2.1361,0.088523,-0.047349,-0.021159,7.6584
0.85984,2.1361,0.088522,-0.047335,-0.021093,7.6524
0.85989,2.1361,0.088521,-0.047331,-0.021041,7.6452
0.85995,2.1361,0.08852,-0.047334,-0.021027,7.6488
0.86,2.1361,0.088519,-0.047353,-0.021016,7.6455
0.86005,2.1361,0.088517,-0.047376,-0.021023,7.6353
0.86011,2.1361,0.088516,-0.047389,-0.021021,7.6439
0.86016,2.1361,0.088515,-0.047386,-0.020969,7.6477
0.86021,2.1361,0.088514,-0.047377,-0.020925,7.6463
0.86026,2.1361,0.088513,-0.047365,-0.020896,7.6491
0.86032,2.1361,0.088512,-0.047352,-0.020848,7.6504
0.86037,2.1361,0.088511,-0.047343,-0.020823,7.6372
0.86042,2.1361,0.08851,-0.047341,-0.020755,7.6381
0.86047,2.1361,0.088509,-0.047343,-0.020695,7.6451
0.86053,2.1361,0.088508,-0.047338,-0.02059,7.6442
0.86058,2.1361,0.088506,-0.047333,-0.020446,7.6361
0.86063,2.1361,0.088505,-0.047338,-0.020315,7.655
0.86068,2.1361,0.088504,-0.047349,-0.020197,7.656
0.86074,2.1361,0.088503,-0.047362,-0.020105,7.6511
0.86079,2.1361,0.088502,-0.047387,-0.020055,7.6564
0.86084,2.1361,0.088501,-0.047407,-0.020016,7.6601
0.86089,2.1361,0.0885,-0.047419,-0.020009,7.6526
0.86095,2.1361,0.088499,-0.047409,-0.019996,7.6525
0.861,2.1361,0.088498,-0.047377,-0.019991,7.6585
0.86105,2.1361,0.088497,-0.047331,-0.019994,7.6461
0.86111,2.136,0.088496,-0.047274,-0.020004,7.6464
0.86116,2.136,0.088495,-0.047218,-0.020022,7.6544
0.86121,2.136,0.088494,-0.047174,-0.020048,7.6499
0.86126,2.136,0.088493,-0.047125,-0.020081,7.651
0.86132,2.136,0.088492,-0.047078,-0.02012,7.6724
0.86137,2.136,0.088491,-0.047042,-0.020166,7.6609
0.86142,2.136,0.08849,-0.046993,-0.020219,7.6579
0.86147,2.136,0.088489,-0.046933,-0.020278,7.6602
0.86153,2.136,0.088487,-0.046865,-0.020343,7.6592
0.86158,2.136,0.088486,-0.046801,-0.020413,7.6483
0.86163,2.136,0.088485,-0.046737,-0.020489,7.6583
0.86168,2.136,0.088484,-0.046671,-0.020571,7.6665
0.86174,2.136,0.088483,-0.046614,-0.020657,7.6573
0.86179,2.136,0.088482,-0.046552,-0.020749,7.6631
0.86184,2.136,0.088481,-0.046468,-0.020846,7.6767
0.86189,2.136,0.08848,-0.046374,-0.020948,7.6697
0.86195,2.136,0.088479,-0.04628,-0.021055,7.6719
0.862,2.136,0.088478,-0.046197,-0.021166,7.687
0.86205,2.136,0.088476,-0.046126,-0.021283,7.6885
0.86211,2.136,0.088475,-0.046071,-0.021404,7.6835
0.86216,2.136,0.088474,-0.046036,-0.021529,7.6993
0.86221,2.136,0.088473,-0.046008,-0.021659,7.7025
0.86226,2.136,0.088472,-0.045979,-0.021793,7.7027
0.86232,2.136,0.088471,-0.045942,-0.02193,7.7119
0.86237,2.136,0.08847,-0.045908,-0.022072,7.7152
0.86242,2.136,0.088468,-0.045868,-0.022219,7.7007
0.86247,2.136,0.088467,-0.045808,-0.02237,7.7041
0.86253,2.136,0.088466,-0.045722,-0.022525,7.6983
0.86258,2.136,0.088465,-0.045635,-0.022685,7.6889
0.86263,2.136,0.088464,-0.045541,-0.022848,7.6813
0.86268,2.136,0.088462,-0.045436,-0.023016,7.6857
0.86274,2.136,0.088461,-0.045334,-0.023187,7.6799
0.86279,2.136,0.08846,-0.045249,-0.023361,7.6705
0.86284,2.136,0.088459,-0.045182,-0.023538,7.6824
0.86289,2.136,0.088458,-0.045114,-0.023718,7.6787
0.86295,2.136,0.088456,-0.045039,-0.023901,7.6691
0.863,2.136,0.088455,-0.044964,-0.024086,7.6791
0.86305,2.136,0.088454,-0.044875,-0.024274,7.6813
0.86311,2.136,0.088452,-0.044778,-0.024465,7.6644
0.86316,2.136,0.088451,-0.044688,-0.024658,7.6702
0.86321,2.136,0.08845,-0.044601,-0.024853,7.6814
0.86326,2.1359,0.088449,-0.044522,-0.025051,7.6811
0.86332,2.1359,0.088447,-0.044459,-0.02525,7.6843
0.86337,2.1359,0.088446,-0.044406,-0.025452,7.6919
0.86342,2.1359,0.088445,-0.044364,-0.025655,7.6858
0.86347,2.1359,0.088443,-0.044318,-0.02586,7.6843
0.86353,2.1359,0.088442,-0.044281,-0.026068,7.6876
0.86358,2.1359,0.08844,-0.044254,-0.026277,7.6948
0.86363,2.1359,0.088439,-0.044227,-0.026489,7.6818
0.86368,2.1359,0.088438,-0.044189,-0.026702,7.6926
0.86374,2.1359,0.088436,-0.044158,-0.026918,7.699
0.86379,2.1359,0.088435,-0.044145,-0.027135,7.6911
0.86384,2.1359,0.088433,-0.044148,-0.027353,7.6958
0.86389,2.1359,0.088432,-0.044146,-0.027573,7.6934
0.86395,2.1359,0.08843,-0.044157,-0.027794,7.6811
0.864,2.1359,0.088429,-0.044169,-0.028016,7.6848
0.86405,2.1359,0.088427,-0.044167,-0.028239,7.6854
0.86411,2.1359,0.088426,-0.044155,-0.028463,7.6732
0.86416,2.1359,0.088424,-0.044133,-0.028688,7.6662
0.86421,2.1359,0.088423,-0.044126,-0.028913,7.6725
0.86426,2.1359,0.088421,-0.044137,-0.029139,7.6729
0.86432,2.1359,0.08842,-0.044158,-0.029366,7.6658
0.86437,2.1359,0.088418,-0.044184,-0.029594,7.6777
0.86442,2.1359,0.088417,-0.044199,-0.029821,7.6722
0.86447,2.1359,0.088415,-0.044197,-0.030049,7.6553
0.86453,2.1359,0.088414,-0.044202,-0.030278,7.6629
0.86458,2.1359,0.088412,-0.044194,-0.030505,7.6615
0.86463,2.1359,0.08841,-0.044209,-0.030733,7.65
0.86468,2.1359,0.088409,-0.044229,-0.030961,7.6559
0.86474,2.1359,0.088407,-0.044245,-0.031188,7.6705
0.86479,2.1359,0.088405,-0.044263,-0.031415,7.6601
0.86484,2.1359,0.088404,-0.04428,-0.031642,7.6661
0.86489,2.1359,0.088402,-0.044298,-0.031868,7.6745
0.86495,2.1359,0.0884,-0.044334,-0.032093,7.6664
0.865,2.1359,0.088399,-0.044389,-0.032317,7.6648
0.86505,2.1359,0.088397,-0.044463,-0.03254,7.668
0.86511,2.1359,0.088395,-0.044518,-0.032762,7.6665
0.86516,2.1359,0.088393,-0.044566,-0.032983,7.6538
0.86521,2.1359,0.088392,-0.044628,-0.033202,7.6592
0.86526,2.1359,0.08839,-0.044689,-0.03342,7.6567
0.86532,2.1359,0.088388,-0.044749,-0.033636,7.6484
0.86537,2.1359,0.088386,-0.044813,-0.03385,7.6537
0.86542,2.1359,0.088385,-0.044893,-0.034062,7.6552
0.86547,2.1359,0.088383,-0.044971,-0.034273,7.6394
0.86553,2.1358,0.088381,-0.045047,-0.034481,7.6425
0.86558,2.1358,0.088379,-0.045126,-0.034688,7.641
0.86563,2.1358,0.088377,-0.045211,-0.034892,7.6245
0.86568,2.1358,0.088375,-0.045288,-0.035094,7.6121
0.86574,2.1358,0.088374,-0.045364,-0.035294,7.6199
0.86579,2.1358,0.088372,-0.045423,-0.035491,7.6165
0.86584,2.1358,0.08837,-0.045484,-0.035685,7.6106
0.86589,2.1358,0.088368,-0.045537,-0.035877,7.6192
0.86595,2.1358,0.088366,-0.045589,-0.036067,7.6187
0.866,2.1358,0.088364,-0.045656,-0.036254,7.6108
0.86605,2.1358,0.088362,-0.045742,-0.036439,7.622
0.86611,2.1358,0.08836,-0.04583,-0.036621,7.6189
0.86616,2.1358,0.088358,-0.045909,-0.036801,7.6112
0.86621,2.1358,0.088356,-0.045983,-0.036978,7.6177
0.86626,2.1358,0.088355,-0.046051,-0.037166,7.6284
0.86632,2.1358,0.088353,-0.046099,-0.037327,7.6256
0.86637,2.1358,0.088351,-0.046123,-0.037483,7.6296
0.86642,2.1358,0.088349,-0.046141,-0.037618,7.6493
0.86647,2.1358,0.088347,-0.046155,-0.037706,7.6436
0.86653,2.1358,0.088345,-0.046144,-0.037787,7.635
0.86658,2.1358,0.088343,-0.046115,-0.037856,7.6461
0.86663,2.1358,0.088341,-0.046099,-0.037918,7.64
0.86668,2.1358,0.088339,-0.046087,-0.037984,7.6282
0.86674,2.1358,0.088337,-0.046085,-0.03801,7.6376
0.86679,2.1358,0.088335,-0.046087,-0.038055,7.6353
0.86684,2.1358,0.088333,-0.046099,-0.038114,7.6275
0.86689,2.1358,0.088331,-0.046115,-0.038188,7.6314
0.86695,2.1358,0.088329,-0.046119,-0.038319,7.6383
0.867,2.1358,0.088327,-0.046112,-0.038487,7.625
0.86705,2.1358,0.088325,-0.046097,-0.038678,7.6255
0.86711,2.1358,0.088322,-0.046067,-0.038888,7.6264
0.86716,2.1358,0.08832,-0.046036,-0.039069,7.6169
0.86721,2.1358,0.088318,-0.046017,-0.039219,7.6158
0.86726,2.1358,0.088316,-0.04603,-0.039314,7.6205
0.86732,2.1358,0.088314,-0.046066,-0.039393,7.6229
0.86737,2.1358,0.088312,-0.046139,-0.039454,7.6279
0.86742,2.1358,0.08831,-0.046241,-0.039503,7.6323
0.86747,2.1358,0.088308,-0.046355,-0.039552,7.6347
0.86753,2.1358,0.088306,-0.046464,-0.03962,7.6346
0.86758,2.1358,0.088304,-0.046556,-0.039682,7.6411
0.86763,2.1358,0.088302,-0.046622,-0.039717,7.6418
0.86768,2.1357,0.0883,-0.046672,-0.039757,7.6376
0.86774,2.1357,0.088298,-0.046689,-0.039831,7.6428
0.86779,2.1357,0.088295,-0.046702,-0.039917,7.6485
0.86784,2.1357,0.088293,-0.04671,-0.039992,7.6441
0.86789,2.1357,0.088291,-0.046719,-0.04009,7.6486
0.86795,2.1357,0.088289,-0.046732,-0.040197,7.6662
0.868,2.1357,0.088287,-0.046749,-0.040286,7.6541
0.86805,2.1357,0.088285,-0.046761,-0.040384,7.6478
0.86811,2.1357,0.088283,-0.046773,-0.040501,7.6539
0.86816,2.1357,0.088281,-0.04677,-0.040645,7.647
0.86821,2.1357,0.088278,-0.046768,-0.040779,7.6406
0.86826,2.1357,0.088276,-0.046759,-0.040904,7.6501
0.86832,2.1357,0.088274,-0.046742,-0.041075,7.6436
0.86837,2.1357,0.088272,-0.04673,-0.04125,7.6368
0.86842,2.1357,0.08827,-0.046731,-0.041401,7.6448
0.86847,2.1357,0.088268,-0.046748,-0.041545,7.6507
0.86853,2.1357,0.088265,-0.04679,-0.041635,7.6364
0.86858,2.1357,0.088263,-0.046842,-0.041735,7.6382
0.86863,2.1357,0.088261,-0.046896,-0.041812,7.6332
0.86868,2.1357,0.088259,-0.046941,-0.041893,7.6204
0.86874,2.1357,0.088257,-0.046979,-0.041995,7.6193
0.86879,2.1357,0.088254,-0.047001,-0.042096,7.634
0.86884,2.1357,0.088252,-0.047023,-0.042189,7.6282
0.86889,2.1357,0.08825,-0.047051,-0.042266,7.6244
0.86895,2.1357,0.088248,-0.047082,-0.042318,7.6394
0.869,2.1357,0.088245,-0.047111,-0.042383,7.6377
0.86905,2.1357,0.088243,-0.047138,-0.042449,7.633
0.86911,2.1357,0.088241,-0.047167,-0.042514,7.6452
0.86916,2.1357,0.088239,-0.047202,-0.042578,7.6471
0.86921,2.1357,0.088237,-0.047242,-0.042642,7.64
0.86926,2.1357,0.088234,-0.047294,-0.042705,7.6495
0.86932,2.1357,0.088232,-0.04734,-0.042766,7.6575
0.86937,2.1357,0.08823,-0.047379,-0.042826,7.6504
0.86942,2.1357,0.088227,-0.04741,-0.042885,7.6587
0.86947,2.1357,0.088225,-0.047428,-0.042942,7.6684
0.86953,2.1357,0.088223,-0.047433,-0.042997,7.6628
0.86958,2.1357,0.088221,-0.047436,-0.043036,7.6573
0.86963,2.1357,0.088218,-0.047449,-0.043082,7.662
0.86968,2.1357,0.088216,-0.047461,-0.043168,7.6561
0.86974,2.1357,0.088214,-0.047474,-0.043267,7.6515
0.86979,2.1357,0.088212,-0.047493,-0.043402,7.6532
0.86984,2.1356,0.088209,-0.047509,-0.04355,7.651
0.86989,2.1356,0.088207,-0.047516,-0.043689,7.6437
0.86995,2.1356,0.088205,-0.047509,-0.043799,7.6476
0.87,2.1356,0.088202,-0.047497,-0.043842,7.6545
0.87005,2.1356,0.0882,-0.047482,-0.043868,7.6387
0.87011,2.1356,0.088198,-0.047459,-0.04393,7.6404
0.87016,2.1356,0.088195,-0.047426,-0.043979,7.6354
0.87021,2.1356,0.088193,-0.047389,-0.044066,7.6275
0.87026,2.1356,0.088191,-0.047345,-0.044181,7.622
0.87032,2.1356,0.088188,-0.04729,-0.044321,7.6327
0.87037,2.1356,0.088186,-0.047222,-0.044476,7.6288
0.87042,2.1356,0.088184,-0.047158,-0.04463,7.6221
0.87047,2.1356,0.088181,-0.047105,-0.044804,7.6398
0.87053,2.1356,0.088179,-0.047053,-0.045006,7.6386
0.87058,2.1356,0.088177,-0.047006,-0.045197,7.6294
0.87063,2.1356,0.088174,-0.046963,-0.045392,7.641
0.87068,2.1356,0.088172,-0.046919,-0.04559,7.6334
0.87074,2.1356,0.088169,-0.046868,-0.045791,7.6235
0.87079,2.1356,0.088167,-0.046814,-0.045995,7.6243
0.87084,2.1356,0.088165,-0.046761,-0.046203,7.6287
0.87089,2.1356,0.088162,-0.046712,-0.046414,7.6135
0.87095,2.1356,0.08816,-0.046662,-0.046627,7.6247
0.871,2.1356,0.088157,-0.046619,-0.046844,7.6326
0.87105,2.1356,0.088155,-0.046573,-0.047063,7.6182
0.87111,2.1356,0.088152,-0.046519,-0.047285,7.6226
0.87116,2.1356,0.08815,-0.046454,-0.047508,7.6275
0.87121,2.1356,0.088147,-0.046385,-0.047734,7.6116
0.87126,2.1356,0.088145,-0.046303,-0.047963,7.6063
0.87132,2.1356,0.088142,-0.046207,-0.048194,7.6089
0.87137,2.1356,0.08814,-0.046118,-0.048428,7.603
0.87142,2.1356,0.088137,-0.046038,-0.048664,7.5949
0.87147,2.1356,0.088135,-0.045966,-0.048902,7.6051
0.87153,2.1356,0.088132,-0.045889,-0.049143,7.6078
0.87158,2.1356,0.088129,-0.045816,-0.049387,7.6016
0.87163,2.1356,0.088127,-0.045757,-0.049633,7.6128
0.87168,2.1356,0.088124,-0.045697,-0.049881,7.6234
0.87174,2.1356,0.088121,-0.045645,-0.050132,7.6114
0.87179,2.1356,0.088119,-0.045602,-0.050385,7.6144
0.87184,2.1356,0.088116,-0.045562,-0.050639,7.6252
0.87189,2.1356,0.088114,-0.04552,-0.050895,7.6123
0.87195,2.1355,0.088111,-0.045466,-0.051152,7.6123
0.872,2.1355,0.088108,-0.045411,-0.051412,7.6244
0.87205,2.1355,0.088105,-0.045354,-0.051673,7.6301
0.87211,2.1355,0.088103,-0.045291,-0.051936,7.6222
0.87216,2.1355,0.0881,-0.045229,-0.052202,7.6339
0.87221,2.1355,0.088097,-0.045159,-0.052469,7.6263
0.87226,2.1355,0.088094,-0.045088,-0.052737,7.6208
0.87232,2.1355,0.088092,-0.045011,-0.053007,7.6252
0.87237,2.1355,0.088089,-0.044936,-0.053277,7.63
0.87242,2.1355,0.088086,-0.04487,-0.053547,7.6267
0.87247,2.1355,0.088083,-0.044821,-0.053817,7.6253
0.87253,2.1355,0.08808,-0.044777,-0.054086,7.6322
0.87258,2.1355,0.088077,-0.044741,-0.054355,7.6418
0.87263,2.1355,0.088075,-0.044713,-0.054622,7.6372
0.87268,2.1355,0.088072,-0.044683,-0.05489,7.6499
0.87274,2.1355,0.088069,-0.044647,-0.055157,7.6351
0.87279,2.1355,0.088066,-0.044611,-0.055424,7.6264
0.87284,2.1355,0.088063,-0.044584,-0.055691,7.6382
0.87289,2.1355,0.08806,-0.044567,-0.055957,7.6355
0.87295,2.1355,0.088057,-0.04454,-0.056223,7.6229
0.873,2.1355,0.088054,-0.044517,-0.056488,7.6369
0.87305,2.1355,0.088051,-0.044497,-0.056753,7.6509
0.87311,2.1355,0.088048,-0.044465,-0.057017,7.645
0.87316,2.1355,0.088045,-0.044433,-0.057279,7.6559
0.87321,2.1355,0.088042,-0.044395,-0.057541,7.6678
0.87326,2.1355,0.088039,-0.04436,-0.057801,7.6601
0.87332,2.1355,0.088036,-0.044324,-0.058061,7.6597
0.87337,2.1355,0.088033,-0.044285,-0.058319,7.6626
0.87342,2.1355,0.08803,-0.044258,-0.058575,7.6581
0.87347,2.1355,0.088027,-0.044237,-0.058829,7.6545
0.87353,2.1355,0.088024,-0.044213,-0.059082,7.6702
0.87358,2.1355,0.08802,-0.044187,-0.059331,7.6667
0.87363,2.1355,0.088017,-0.044146,-0.059579,7.6636
0.87368,2.1355,0.088014,-0.044088,-0.059823,7.6733
0.87374,2.1355,0.088011,-0.044005,-0.060065,7.6669
0.87379,2.1355,0.088008,-0.043907,-0.060304,7.6592
0.87384,2.1355,0.088005,-0.043809,-0.060541,7.661
0.87389,2.1355,0.088001,-0.043707,-0.060775,7.668
0.87395,2.1355,0.087998,-0.04361,-0.061006,7.6566
0.874,2.1355,0.087995,-0.043523,-0.061234,7.6556
0.87405,2.1355,0.087992,-0.043448,-0.061459,7.6673
0.87411,2.1355,0.087988,-0.043377,-0.06168,7.6643
0.87416,2.1355,0.087985,-0.043301,-0.061898,7.6614
0.87421,2.1354,0.087982,-0.043224,-0.062112,7.6696
0.87426,2.1354,0.087979,-0.043143,-0.062323,7.6646
0.87432,2.1354,0.087975,-0.043056,-0.062529,7.6637
0.87437,2.1354,0.087972,-0.042969,-0.062731,7.6693
0.87442,2.1354,0.087969,-0.042891,-0.062929,7.6649
0.87447,2.1354,0.087965,-0.042813,-0.063123,7.6593
0.87453,2.1354,0.087962,-0.042734,-0.063313,7.6748
0.87458,2.1354,0.087959,-0.04265,-0.063498,7.6834
0.87463,2.1354,0.087955,-0.042569,-0.063679,7.6767
0.87468,2.1354,0.087952,-0.04249,-0.063856,7.6873
0.87474,2.1354,0.087949,-0.042408,-0.064028,7.6902
0.87479,2.1354,0.087945,-0.042324,-0.064194,7.6864
0.87484,2.1354,0.087942,-0.042244,-0.064356,7.6842
0.87489,2.1354,0.087939,-0.042162,-0.064512,7.6948
0.87495,2.1354,0.087935,-0.042067,-0.064663,7.688
0.875,2.1354,0.087932,-0.041969,-0.064808,7.6853
0.87505,2.1354,0.087928,-0.041879,-0.064948,7.696
0.87511,2.1354,0.087925,-0.041799,-0.065082,7.6928
0.87516,2.1354,0.087921,-0.04172,-0.065211,7.6869
0.87521,2.1354,0.087918,-0.041643,-0.065335,7.6918
0.87526,2.1354,0.087915,-0.041567,-0.065453,7.6879
0.87532,2.1354,0.087911,-0.041486,-0.065565,7.6784
0.87537,2.1354,0.087908,-0.041393,-0.065672,7.6789
0.87542,2.1354,0.087904,-0.041299,-0.065774,7.6815
0.87547,2.1354,0.087901,-0.041204,-0.065869,7.6741
0.87553,2.1354,0.087897,-0.041115,-0.065958,7.6756
0.87558,2.1354,0.087894,-0.04103,-0.066042,7.6845
0.87563,2.1354,0.08789,-0.040953,-0.066119,7.6797
0.87568,2.1354,0.087887,-0.040875,-0.066189,7.6836
0.87574,2.1354,0.087883,-0.040799,-0.066253,7.6903
0.87579,2.1354,0.08788,-0.040728,-0.066311,7.6827
0.87584,2.1354,0.087876,-0.040655,-0.066361,7.6847
0.87589,2.1354,0.087873,-0.04058,-0.066405,7.6887
0.87595,2.1354,0.087869,-0.040497,-0.066442,7.6884
0.876,2.1354,0.087866,-0.040403,-0.066472,7.6773
0.87605,2.1354,0.087862,-0.040315,-0.066494,7.6881
0.87611,2.1354,0.087859,-0.040233,-0.066509,7.6909
0.87616,2.1354,0.087855,-0.040158,-0.066517,7.6858
0.87621,2.1354,0.087852,-0.040093,-0.066503,7.693
0.87626,2.1354,0.087848,-0.040038,-0.066506,7.7031
0.87632,2.1354,0.087845,-0.039997,-0.066505,7.6898
0.87637,2.1354,0.087841,-0.039958,-0.066518,7.6932
0.87642,2.1354,0.087838,-0.039916,-0.066572,7.696
0.87647,2.1354,0.087834,-0.039885,-0.066633,7.6868
0.87653,2.1354,0.087831,-0.039864,-0.066704,7.682
0.87658,2.1354,0.087827,-0.039837,-0.066783,7.6935
0.87663,2.1353,0.087824,-0.039806,-0.06686,7.6882
0.87668,2.1353,0.08782,-0.039772,-0.066978,7.6785
0.87674,2.1353,0.087817,-0.039735,-0.067083,7.6843
0.87679,2.1353,0.087813,-0.039695,-0.067177,7.6809
0.87684,2.1353,0.08781,-0.039655,-0.067256,7.6689
0.87689,2.1353,0.087806,-0.039629,-0.067277,7.6712
0.87695,2.1353,0.087803,-0.039617,-0.067255,7.6713
0.877,2.1353,0.087799,-0.039621,-0.067198,7.6566
0.87705,2.1353,0.087796,-0.039645,-0.067107,7.6641
0.87711,2.1353,0.087792,-0.039701,-0.067032,7.6717
0.87716,2.1353,0.087788,-0.039771,-0.066976,7.6691
0.87721,2.1353,0.087785,-0.039838,-0.066951,7.6694
0.87726,2.1353,0.087781,-0.039889,-0.066963,7.6854
0.87732,2.1353,0.087778,-0.039906,-0.06701,7.6774
0.87737,2.1353,0.087774,-0.039885,-0.067084,7.6743
0.87742,2.1353,0.087771,-0.039828,-0.067168,7.6764
0.87747,2.1353,0.087767,-0.03975,-0.067237,7.6762
0.87753,2.1353,0.087764,-0.039684,-0.067306,7.6663
0.87758,2.1353,0.08776,-0.039631,-0.06739,7.6763
0.87763,2.1353,0.087757,-0.039594,-0.067449,7.6769
0.87768,2.1353,0.087753,-0.039588,-0.067489,7.6682
0.87774,2.1353,0.08775,-0.039593,-0.067517,7.6744
0.87779,2.1353,0.087746,-0.039618,-0.067539,7.6807
0.87784,2.1353,0.087742,-0.039632,-0.067561,7.6612
0.87789,2.1353,0.087739,-0.039638,-0.067592,7.6633
0.87795,2.1353,0.087735,-0.039644,-0.067654,7.6647
0.878,2.1353,0.087732,-0.03965,-0.067715,7.6592
0.87805,2.1353,0.087728,-0.039652,-0.067758,7.6521
0.87811,2.1353,0.087725,-0.039656,-0.067764,7.6676
0.87816,2.1353,0.087721,-0.039662,-0.067761,7.6673
0.87821,2.1353,0.087717,-0.039675,-0.067738,7.6654
0.87826,2.1353,0.087714,-0.039676,-0.067674,7.6699
0.87832,2.1353,0.08771,-0.039671,-0.067598,7.6725
0.87837,2.1353,0.087707,-0.039657,-0.067535,7.6596
0.87842,2.1353,0.087703,-0.039651,-0.06747,7.6683
0.87847,2.1353,0.0877,-0.039631,-0.067439,7.6673
0.87853,2.1353,0.087696,-0.03959,-0.067418,7.6672
0.87858,2.1353,0.087693,-0.039561,-0.067436,7.6718
0.87863,2.1353,0.087689,-0.039545,-0.067463,7.6883
0.87868,2.1353,0.087686,-0.039528,-0.067476,7.6895
0.87874,2.1353,0.087682,-0.039519,-0.067488,7.6941
0.87879,2.1353,0.087678,-0.039525,-0.0675,7.711
0.87884,2.1353,0.087675,-0.039551,-0.067511,7.7078
0.87889,2.1353,0.087671,-0.039582,-0.067522,7.7105
0.87895,2.1353,0.087668,-0.039593,-0.067532,7.7182
0.879,2.1353,0.087664,-0.039601,-0.067542,7.7189
0.87905,2.1353,0.087661,-0.039611,-0.067551,7.7103
0.87911,2.1353,0.087657,-0.039606,-0.06756,7.7215
0.87916,2.1352,0.087654,-0.039601,-0.067568,7.729
0.87921,2.1352,0.08765,-0.039594,-0.067576,7.7206
0.87926,2.1352,0.087646,-0.0396,-0.067583,7.7231
0.87932,2.1352,0.087643,-0.039614,-0.06759,7.7402
0.87937,2.1352,0.087639,-0.039626,-0.067596,7.7241
0.87942,2.1352,0.087636,-0.039659,-0.067601,7.723
0.87947,2.1352,0.087632,-0.039695,-0.067606,7.7299
0.87953,2.1352,0.087629,-0.039728,-0.06761,7.7215
0.87958,2.1352,0.087625,-0.039763,-0.067629,7.7212
0.87963,2.1352,0.087622,-0.039773,-0.067623,7.7259
0.87968,2.1352,0.087618,-0.039779,-0.067614,7.7158
0.87974,2.1352,0.087614,-0.039772,-0.067567,7.7147
0.87979,2.1352,0.087611,-0.039764,-0.067496,7.7191
0.87984,2.1352,0.087607,-0.039763,-0.067415,7.7232
0.87989,2.1352,0.087604,-0.039751,-0.067336,7.7146
0.87995,2.1352,0.0876,-0.039737,-0.067275,7.7087
0.88,2.1352,0.087597,-0.039733,-0.067246,7.7077
0.88005,2.1352,0.087593,-0.039725,-0.06722,7.7039
0.88011,2.1352,0.08759,-0.03973,-0.067217,7.7066
0.88016,2.1352,0.087586,-0.039742,-0.067201,7.7176
0.88021,2.1352,0.087583,-0.039764,-0.067183,7.7107
0.88026,2.1352,0.087579,-0.039795,-0.067166,7.7125
0.88032,2.1352,0.087575,-0.039833,-0.067148,7.7257
0.88037,2.1352,0.087572,-0.039862,-0.06713,7.7186
0.88042,2.1352,0.087568,-0.039883,-0.067112,7.7207
0.88047,2.1352,0.087565,-0.039902,-0.067094,7.7245
0.88053,2.1352,0.087561,-0.039913,-0.067076,7.7221
0.88058,2.1352,0.087558,-0.03992,-0.067058,7.714
0.88063,2.1352,0.087554,-0.039927,-0.06704,7.7176
0.88068,2.1352,0.087551,-0.039944,-0.067021,7.7214
0.88074,2.1352,0.087547,-0.039952,-0.067003,7.7062
0.88079,2.1352,0.087544,-0.039954,-0.066984,7.7041
0.88084,2.1352,0.08754,-0.039952,-0.066966,7.7075
0.88089,2.1352,0.087537,-0.039958,-0.066948,7.6942
0.88095,2.1352,0.087533,-0.03995,-0.066929,7.6932
0.881,2.1352,0.08753,-0.039936,-0.066911,7.6986
0.88105,2.1352,0.087526,-0.039926,-0.066894,7.6822
0.88111,2.1352,0.087523,-0.039927,-0.066876,7.6744
0.88116,2.1352,0.087519,-0.039927,-0.066859,7.6891
0.88121,2.1352,0.087516,-0.039945,-0.066842,7.6827
0.88126,2.1352,0.087512,-0.039979,-0.066825,7.6717
0.88132,2.1352,0.087508,-0.040029,-0.066808,7.6745
0.88137,2.1352,0.087505,-0.040076,-0.066791,7.6705
0.88142,2.1352,0.087501,-0.040121,-0.066774,7.6627
0.88147,2.1352,0.087498,-0.040168,-0.066757,7.6695
0.88153,2.1352,0.087494,-0.040214,-0.06674,7.6672
0.88158,2.1352,0.087491,-0.040258,-0.066723,7.6642
0.88163,2.1352,0.087487,-0.040304,-0.066706,7.6622
0.88168,2.1351,0.087484,-0.04035,-0.066689,7.6716
0.88174,2.1351,0.08748,-0.040408,-0.066672,7.664
0.88179,2.1351,0.087477,-0.04047,-0.066656,7.663
0.88184,2.1351,0.087473,-0.040531,-0.066639,7.6797
0.88189,2.1351,0.08747,-0.040588,-0.066623,7.6686
0.88195,2.1351,0.087466,-0.040632,-0.066607,7.6649
0.882,2.1351,0.087463,-0.04067,-0.066591,7.6699
0.88205,2.1351,0.087459,-0.0407,-0.066574,7.6672
0.88211,2.1351,0.087456,-0.040724,-0.066557,7.6558
0.88216,2.1351,0.087452,-0.040752,-0.066539,7.6656
0.88221,2.1351,0.087449,-0.040777,-0.06652,7.6618
0.88226,2.1351,0.087445,-0.0408,-0.0665,7.6536
0.88232,2.1351,0.087442,-0.04082,-0.06648,7.6568
0.88237,2.1351,0.087438,-0.040834,-0.06646,7.6617
0.88242,2.1351,0.087435,-0.040851,-0.06644,7.6516
0.88247,2.1351,0.087431,-0.040866,-0.06642,7.6513
0.88253,2.1351,0.087428,-0.040878,-0.066401,7.654
0.88258,2.1351,0.087424,-0.04089,-0.066382,7.6461
0.88263,2.1351,0.087421,-0.040901,-0.066363,7.636
0.88268,2.1351,0.087417,-0.040913,-0.066344,7.6457
0.88274,2.1351,0.087414,-0.040924,-0.066325,7.6371
0.88279,2.1351,0.08741,-0.040933,-0.066306,7.6363
0.88284,2.1351,0.087407,-0.040943,-0.066286,7.6514
0.88289,2.1351,0.087403,-0.040961,-0.066266,7.6531
0.88295,2.1351,0.0874,-0.040983,-0.066246,7.6387
0.883,2.1351,0.087396,-0.041006,-0.066225,7.6527
0.88305,2.1351,0.087393,-0.041032,-0.066205,7.6529
0.88311,2.1351,0.087389,-0.041055,-0.066184,7.649
0.88316,2.1351,0.087386,-0.041079,-0.066164,7.6488
0.88321,2.1351,0.087383,-0.041099,-0.066143,7.6592
0.88326,2.1351,0.087379,-0.041123,-0.066123,7.6508
0.88332,2.1351,0.087376,-0.041152,-0.066103,7.6495
0.88337,2.1351,0.087372,-0.041178,-0.066083,7.6663
0.88342,2.1351,0.087369,-0.041197,-0.066063,7.6622
0.88347,2.1351,0.087365,-0.041209,-0.066044,7.6571
0.88353,2.1351,0.087362,-0.041218,-0.066025,7.6636
0.88358,2.1351,0.087358,-0.041231,-0.066007,7.6597
0.88363,2.1351,0.087355,-0.041249,-0.065989,7.6486
0.88368,2.1351,0.087351,-0.041281,-0.065971,7.6562
0.88374,2.1351,0.087348,-0.041315,-0.065954,7.6591
0.88379,2.1351,0.087344,-0.041351,-0.065937,7.6464
0.88384,2.1351,0.087341,-0.041389,-0.06592,7.6584
0.88389,2.1351,0.087337,-0.041421,-0.065902,7.6543
0.88395,2.1351,0.087334,-0.041448,-0.065885,7.6488
0.884,2.1351,0.08733,-0.041466,-0.065868,7.6559
0.88405,2.1351,0.087327,-0.041483,-0.065851,7.659
0.88411,2.135,0.087323,-0.0415,-0.065835,7.6507
0.88416,2.135,0.08732,-0.041512,-0.065818,7.6467
0.88421,2.135,0.087317,-0.041522,-0.065802,7.6583
0.88426,2.135,0.087313,-0.041534,-0.065786,7.6499
0.88432,2.135,0.08731,-0.041544,-0.06577,7.6475
0.88437,2.135,0.087306,-0.041548,-0.065755,7.6662
0.88442,2.135,0.087303,-0.041545,-0.065739,7.6724
0.88447,2.135,0.087299,-0.041541,-0.065723,7.6619
0.88453,2.135,0.087296,-0.04153,-0.065706,7.6721
0.88458,2.135,0.087292,-0.041517,-0.06569,7.6718
0.88463,2.135,0.087289,-0.041509,-0.065674,7.6665
0.88468,2.135,0.087285,-0.041508,-0.065658,7.6648
0.88474,2.135,0.087282,-0.041518,-0.065642,7.6679
0.88479,2.135,0.087279,-0.041534,-0.065627,7.6586
0.88484,2.135,0.087275,-0.041554,-0.065611,7.6704
0.88489,2.135,0.087272,-0.041575,-0.065596,7.674
0.88495,2.135,0.087268,-0.041593,-0.06558,7.6727
0.885,2.135,0.087265,-0.041614,-0.065565,7.6659
0.88505,2.135,0.087261,-0.041631,-0.06555,7.6704
0.88511,2.135,0.087258,-0.041646,-0.065535,7.6681
0.88516,2.135,0.087254,-0.04166,-0.065521,7.6669
0.88521,2.135,0.087251,-0.041673,-0.065506,7.668
0.88526,2.135,0.087247,-0.041687,-0.065491,7.6622
0.88532,2.135,0.087244,-0.041699,-0.065477,7.6566
0.88537,2.135,0.087241,-0.041711,-0.065463,7.6595
0.88542,2.135,0.087237,-0.041724,-0.065448,7.6642
0.88547,2.135,0.087234,-0.041734,-0.065435,7.6555
0.88553,2.135,0.08723,-0.041743,-0.065421,7.6589
0.88558,2.135,0.087227,-0.041754,-0.065408,7.6703
0.88563,2.135,0.087223,-0.041769,-0.065396,7.6587
0.88568,2.135,0.08722,-0.041789,-0.065384,7.6539
0.88574,2.135,0.087216,-0.041803,-0.065372,7.6665
0.88579,2.135,0.087213,-0.041822,-0.065361,7.6606
0.88584,2.135,0.08721,-0.041845,-0.06535,7.6599
0.88589,2.135,0.087206,-0.041869,-0.06534,7.6703
0.88595,2.135,0.087203,-0.041897,-0.065331,7.674
0.886,2.135,0.087199,-0.041922,-0.065323,7.6651
0.88605,2.135,0.087196,-0.041941,-0.065315,7.6712
0.88611,2.135,0.087192,-0.041956,-0.065308,7.6794
0.88616,2.135,0.087189,-0.041967,-0.065302,7.671
0.88621,2.135,0.087186,-0.04198,-0.065297,7.6689
0.88626,2.135,0.087182,-0.041995,-0.065291,7.671
0.88632,2.135,0.087179,-0.042014,-0.065287,7.6566
0.88637,2.135,0.087175,-0.042037,-0.065282,7.6653
0.88642,2.135,0.087172,-0.042058,-0.065278,7.6794
0.88647,2.135,0.087168,-0.042079,-0.065274,7.6715
0.88653,2.1349,0.087165,-0.0421,-0.065271,7.6645
0.88658,2.1349,0.087161,-0.042121,-0.065269,7.6778
0.88663,2.1349,0.087158,-0.042143,-0.065267,7.6738
0.88668,2.1349,0.087155,-0.042165,-0.065265,7.6587
0.88674,2.1349,0.087151,-0.042187,-0.065264,7.6571
0.88679,2.1349,0.087148,-0.04221,-0.065263,7.6542
0.88684,2.1349,0.087144,-0.042232,-0.065261,7.6389
0.88689,2.1349,0.087141,-0.04226,-0.06526,7.6423
0.88695,2.1349,0.087137,-0.042285,-0.065259,7.6469
0.887,2.1349,0.087134,-0.042301,-0.065258,7.6384
0.88705,2.1349,0.087131,-0.042303,-0.065258,7.6405
0.88711,2.1349,0.087127,-0.042286,-0.065257,7.6501
0.88716,2.1349,0.087124,-0.042257,-0.065257,7.6359
0.88721,2.1349,0.08712,-0.042225,-0.065258,7.6389
0.88726,2.1349,0.087117,-0.0422,-0.065258,7.642
0.88732,2.1349,0.087113,-0.042193,-0.065259,7.64
0.88737,2.1349,0.08711,-0.042198,-0.06526,7.6366
0.88742,2.1349,0.087107,-0.042217,-0.065261,7.6478
0.88747,2.1349,0.087103,-0.042231,-0.065262,7.6559
0.88753,2.1349,0.0871,-0.042239,-0.065264,7.6459
0.88758,2.1349,0.087096,-0.04224,-0.065266,7.6558
0.88763,2.1349,0.087093,-0.042225,-0.065269,7.6553
0.88768,2.1349,0.087089,-0.042203,-0.065271,7.6389
0.88774,2.1349,0.087086,-0.04217,-0.065274,7.6452
0.88779,2.1349,0.087082,-0.042148,-0.065276,7.6488
0.88784,2.1349,0.087079,-0.042129,-0.065279,7.6385
0.88789,2.1349,0.087076,-0.042112,-0.065282,7.6438
0.88795,2.1349,0.087072,-0.042098,-0.065284,7.6512
0.888,2.1349,0.087069,-0.042086,-0.065286,7.6423
0.88805,2.1349,0.087065,-0.042077,-0.065288,7.6479
0.88811,2.1349,0.087062,-0.042068,-0.06529,7.6547
0.88816,2.1349,0.087058,-0.042063,-0.065292,7.6488
0.88821,2.1349,0.087055,-0.042077,-0.065294,7.6449
0.88826,2.1349,0.087052,-0.042099,-0.065295,7.6536
0.88832,2.1349,0.087048,-0.042121,-0.065296,7.6511
0.88837,2.1349,0.087045,-0.04213,-0.065297,7.6394
0.88842,2.1349,0.087041,-0.04214,-0.065298,7.6461
0.88847,2.1349,0.087038,-0.042169,-0.065298,7.6504
0.88853,2.1349,0.087034,-0.042187,-0.065298,7.6442
0.88858,2.1349,0.087031,-0.042205,-0.065298,7.655
0.88863,2.1349,0.087027,-0.042231,-0.065297,7.6629
0.88868,2.1349,0.087024,-0.04226,-0.065296,7.6471
0.88874,2.1349,0.087021,-0.042268,-0.065294,7.6469
0.88879,2.1349,0.087017,-0.042255,-0.065292,7.6571
0.88884,2.1349,0.087014,-0.042238,-0.065288,7.6525
0.88889,2.1348,0.08701,-0.042244,-0.065285,7.6449
0.88895,2.1348,0.087007,-0.042251,-0.06528,7.6596
0.889,2.1348,0.087003,-0.042258,-0.065275,7.654
0.88905,2.1348,0.087,-0.042272,-0.06527,7.648
0.88911,2.1348,0.086997,-0.042287,-0.065264,7.6554
0.88916,2.1348,0.086993,-0.042294,-0.065258,7.657
0.88921,2.1348,0.08699,-0.04229,-0.065251,7.6466
0.88926,2.1348,0.086986,-0.042281,-0.065244,7.6457
0.88932,2.1348,0.086983,-0.042276,-0.065237,7.6517
0.88937,2.1348,0.086979,-0.042259,-0.06523,7.6401
0.88942,2.1348,0.086976,-0.04224,-0.065222,7.6412
0.88947,2.1348,0.086973,-0.04222,-0.065214,7.6511
0.88953,2.1348,0.086969,-0.042193,-0.065206,7.6469
0.88958,2.1348,0.086966,-0.042183,-0.065197,7.6521
0.88963,2.1348,0.086962,-0.042178,-0.065189,7.6712
0.88968,2.1348,0.086959,-0.042171,-0.06518,7.6643
0.88974,2.1348,0.086955,-0.042152,-0.06517,7.6597
0.88979,2.1348,0.086952,-0.042117,-0.065161,7.6734
0.88984,2.1348,0.086949,-0.04208,-0.065151,7.6797
0.88989,2.1348,0.086945,-0.042034,-0.065142,7.6661
0.88995,2.1348,0.086942,-0.041979,-0.065131,7.6767
0.89,2.1348,0.086938,-0.041939,-0.065121,7.6826
0.89005,2.1348,0.086935,-0.041904,-0.06511,7.6811
0.89011,2.1348,0.086931,-0.041872,-0.065099,7.6892
0.89016,2.1348,0.086928,-0.041842,-0.065087,7.6984
0.89021,2.1348,0.086925,-0.041814,-0.065075,7.688
0.89026,2.1348,0.086921,-0.04179,-0.065062,7.6931
0.89032,2.1348,0.086918,-0.041763,-0.065049,7.6938
0.89037,2.1348,0.086914,-0.041747,-0.065036,7.6869
0.89042,2.1348,0.086911,-0.04174,-0.065022,7.6876
0.89047,2.1348,0.086907,-0.041738,-0.065007,7.6917
0.89053,2.1348,0.086904,-0.041739,-0.064992,7.6935
0.89058,2.1348,0.086901,-0.041739,-0.064976,7.6908
0.89063,2.1348,0.086897,-0.041735,-0.06496,7.703
0.89068,2.1348,0.086894,-0.041739,-0.064943,7.7024
0.89074,2.1348,0.08689,-0.041745,-0.064926,7.6887
0.89079,2.1348,0.086887,-0.041763,-0.064908,7.694
0.89084,2.1348,0.086884,-0.041774,-0.06489,7.7025
0.89089,2.1348,0.08688,-0.041801,-0.064872,7.695
0.89095,2.1348,0.086877,-0.041838,-0.064853,7.689
0.891,2.1348,0.086873,-0.041874,-0.064834,7.7063
0.89105,2.1348,0.08687,-0.041907,-0.064815,7.7062
0.89111,2.1348,0.086866,-0.041945,-0.064796,7.708
0.89116,2.1348,0.086863,-0.041973,-0.064776,7.7163
0.89121,2.1348,0.08686,-0.041993,-0.064756,7.7148
0.89126,2.1347,0.086856,-0.042007,-0.064736,7.7072
0.89132,2.1347,0.086853,-0.042043,-0.064715,7.7122
0.89137,2.1347,0.086849,-0.042095,-0.064693,7.7095
0.89142,2.1347,0.086846,-0.042158,-0.064672,7.7022
0.89147,2.1347,0.086843,-0.042232,-0.06465,7.7143
0.89153,2.1347,0.086839,-0.042313,-0.064628,7.722
0.89158,2.1347,0.086836,-0.042388,-0.064605,7.7136
0.89163,2.1347,0.086832,-0.042448,-0.064582,7.7224
0.89168,2.1347,0.086829,-0.0425,-0.064558,7.7324
0.89174,2.1347,0.086826,-0.042545,-0.064535,7.7197
0.89179,2.1347,0.086822,-0.042587,-0.064511,7.7217
0.89184,2.1347,0.086819,-0.042632,-0.064486,7.7217
0.89189,2.1347,0.086815,-0.042684,-0.064461,7.711
0.89195,2.1347,0.086812,-0.042744,-0.064436,7.7008
0.892,2.1347,0.086809,-0.042809,-0.064411,7.7147
0.89205,2.1347,0.086805,-0.042869,-0.064386,7.713
0.89211,2.1347,0.086802,-0.04293,-0.064361,7.6973
0.89216,2.1347,0.086798,-0.042991,-0.064336,7.7122
0.89221,2.1347,0.086795,-0.043059,-0.064311,7.721
0.89226,2.1347,0.086792,-0.04312,-0.064287,7.7054
0.89232,2.1347,0.086788,-0.043181,-0.064262,7.7077
0.89237,2.1347,0.086785,-0.043254,-0.064238,7.7118
0.89242,2.1347,0.086782,-0.043332,-0.064213,7.7033
0.89247,2.1347,0.086778,-0.043414,-0.064188,7.6954
0.89253,2.1347,0.086775,-0.043493,-0.064164,7.7078
0.89258,2.1347,0.086771,-0.043566,-0.064139,7.7064
0.89263,2.1347,0.086768,-0.043635,-0.064115,7.7048
0.89268,2.1347,0.086765,-0.043686,-0.06409,7.7201
0.89274,2.1347,0.086761,-0.043733,-0.064067,7.7119
0.89279,2.1347,0.086758,-0.043783,-0.064043,7.705
0.89284,2.1347,0.086755,-0.043831,-0.06402,7.7165
0.89289,2.1347,0.086751,-0.043876,-0.063997,7.7089
0.89295,2.1347,0.086748,-0.04392,-0.063975,7.6994
0.893,2.1347,0.086744,-0.043965,-0.063952,7.7104
0.89305,2.1347,0.086741,-0.044009,-0.06393,7.7113
0.89311,2.1347,0.086738,-0.044048,-0.063908,7.7008
0.89316,2.1347,0.086734,-0.044092,-0.063886,7.7093
0.89321,2.1347,0.086731,-0.044139,-0.063864,7.7214
0.89326,2.1347,0.086728,-0.044192,-0.063842,7.7095
0.89332,2.1347,0.086724,-0.044238,-0.063806,7.7059
0.89337,2.1347,0.086721,-0.044277,-0.06378,7.71
0.89342,2.1347,0.086718,-0.044313,-0.063796,7.6974
0.89347,2.1347,0.086714,-0.044336,-0.063822,7.6963
0.89353,2.1347,0.086711,-0.04434,-0.063869,7.7063
0.89358,2.1346,0.086708,-0.044343,-0.063952,7.7025
0.89363,2.1346,0.086704,-0.04435,-0.064042,7.698
0.89368,2.1346,0.086701,-0.044366,-0.064098,7.704
0.89374,2.1346,0.086697,-0.044374,-0.064118,7.7121
0.89379,2.1346,0.086694,-0.044378,-0.064152,7.7005
0.89384,2.1346,0.086691,-0.044375,-0.064197,7.7108
0.89389,2.1346,0.086687,-0.044366,-0.064209,7.7138
0.89395,2.1346,0.086684,-0.044362,-0.064209,7.7037
0.894,2.1346,0.08668,-0.044359,-0.064193,7.7063
0.89405,2.1346,0.086677,-0.044363,-0.064158,7.718
0.89411,2.1346,0.086674,-0.04438,-0.064107,7.7151
0.89416,2.1346,0.08667,-0.044411,-0.064097,7.7127
0.89421,2.1346,0.086667,-0.044438,-0.064115,7.7257
0.89426,2.1346,0.086664,-0.04446,-0.064148,7.7208
0.89432,2.1346,0.08666,-0.044474,-0.064207,7.7147
0.89437,2.1346,0.086657,-0.044498,-0.064242,7.719
0.89442,2.1346,0.086653,-0.04451,-0.064243,7.713
0.89447,2.1346,0.08665,-0.044506,-0.064241,7.6983
0.89453,2.1346,0.086647,-0.044503,-0.064249,7.7037
0.89458,2.1346,0.086643,-0.044515,-0.064279,7.6991
0.89463,2.1346,0.08664,-0.044524,-0.064299,7.6907
0.89468,2.1346,0.086637,-0.04455,-0.064344,7.6934
0.89474,2.1346,0.086633,-0.044585,-0.064382,7.7047
0.89479,2.1346,0.08663,-0.044628,-0.064383,7.6924
0.89484,2.1346,0.086626,-0.044667,-0.064382,7.6998
0.89489,2.1346,0.086623,-0.044687,-0.064364,7.7005
0.89495,2.1346,0.08662,-0.044696,-0.064319,7.6913
0.895,2.1346,0.086616,-0.044708,-0.064245,7.683
0.89505,2.1346,0.086613,-0.044717,-0.064146,7.6989
0.89511,2.1346,0.086609,-0.044731,-0.064035,7.7007
0.89516,2.1346,0.086606,-0.044738,-0.063883,7.6944
0.89521,2.1346,0.086603,-0.044737,-0.063725,7.707
0.89526,2.1346,0.086599,-0.04473,-0.06357,7.7113
0.89532,2.1346,0.086596,-0.044712,-0.063442,7.7058
0.89537,2.1346,0.086593,-0.04469,-0.063333,7.7141
0.89542,2.1346,0.086589,-0.044667,-0.063235,7.7194
0.89547,2.1346,0.086586,-0.044645,-0.063141,7.7109
0.89553,2.1346,0.086583,-0.044607,-0.063029,7.7156
0.89558,2.1346,0.086579,-0.044568,-0.062918,7.7298
0.89563,2.1346,0.086576,-0.04454,-0.062817,7.7189
0.89568,2.1346,0.086573,-0.044514,-0.06273,7.7237
0.89574,2.1346,0.08657,-0.044498,-0.062696,7.7387
0.89579,2.1345,0.086566,-0.044504,-0.062697,7.737
0.89584,2.1345,0.086563,-0.044508,-0.062732,7.7318
0.89589,2.1345,0.08656,-0.044517,-0.062747,7.745
0.89595,2.1345,0.086556,-0.044524,-0.062724,7.7392
0.896,2.1345,0.086553,-0.044536,-0.062687,7.7314
0.89605,2.1345,0.08655,-0.044543,-0.062642,7.7369
0.89611,2.1345,0.086546,-0.044537,-0.062611,7.74
0.89616,2.1345,0.086543,-0.044527,-0.062563,7.7302
0.89621,2.1345,0.08654,-0.044521,-0.06251,7.7336
0.89626,2.1345,0.086537,-0.044501,-0.062468,7.7412
0.89632,2.1345,0.086533,-0.044485,-0.062404,7.7327
0.89637,2.1345,0.08653,-0.044472,-0.062354,7.7275
0.89642,2.1345,0.086527,-0.04446,-0.062285,7.7319
0.89647,2.1345,0.086523,-0.044449,-0.062213,7.7224
0.89653,2.1345,0.08652,-0.044442,-0.06215,7.7166
0.89658,2.1345,0.086517,-0.044432,-0.062078,7.7226
0.89663,2.1345,0.086514,-0.04442,-0.061997,7.7231
0.89668,2.1345,0.08651,-0.044408,-0.061895,7.7281
0.89674,2.1345,0.086507,-0.044396,-0.061771,7.7378
0.89679,2.1345,0.086504,-0.044382,-0.061629,7.7454
0.89684,2.1345,0.086501,-0.044379,-0.061435,7.7356
0.89689,2.1345,0.086497,-0.044386,-0.061217,7.742
0.89695,2.1345,0.086494,-0.044401,-0.060993,7.7432
0.897,2.1345,0.086491,-0.044415,-0.060786,7.7351
0.89705,2.1345,0.086488,-0.044427,-0.060583,7.7407
0.89711,2.1345,0.086485,-0.044432,-0.060382,7.7414
0.89716,2.1345,0.086482,-0.044439,-0.06017,7.7312
0.89721,2.1345,0.086478,-0.044445,-0.059971,7.725
0.89726,2.1345,0.086475,-0.04446,-0.059815,7.738
0.89732,2.1345,0.086472,-0.044475,-0.059687,7.7377
0.89737,2.1345,0.086469,-0.04449,-0.059572,7.736
0.89742,2.1345,0.086466,-0.044496,-0.059456,7.741
0.89747,2.1345,0.086463,-0.044501,-0.059324,7.7263
0.89753,2.1345,0.08646,-0.044506,-0.059165,7.723
0.89758,2.1345,0.086456,-0.044535,-0.058966,7.7249
0.89763,2.1345,0.086453,-0.044573,-0.058747,7.7249
0.89768,2.1345,0.08645,-0.044608,-0.058555,7.7137
0.89774,2.1345,0.086447,-0.044646,-0.058408,7.7138
0.89779,2.1345,0.086444,-0.044678,-0.058288,7.721
0.89784,2.1345,0.086441,-0.044696,-0.058181,7.7106
0.89789,2.1345,0.086438,-0.0447,-0.058059,7.7115
0.89795,2.1345,0.086435,-0.044708,-0.057947,7.715
0.898,2.1345,0.086432,-0.044723,-0.05781,7.7037
0.89805,2.1344,0.086429,-0.044731,-0.057653,7.7023
0.89811,2.1344,0.086426,-0.044732,-0.057518,7.709
0.89816,2.1344,0.086423,-0.04475,-0.057444,7.7018
0.89821,2.1344,0.08642,-0.044781,-0.057388,7.6981
0.89826,2.1344,0.086417,-0.044822,-0.057308,7.7069
0.89832,2.1344,0.086414,-0.044862,-0.057201,7.7121
0.89837,2.1344,0.086411,-0.044903,-0.057103,7.7014
0.89842,2.1344,0.086408,-0.044932,-0.056989,7.7098
0.89847,2.1344,0.086405,-0.04494,-0.056888,7.7161
0.89853,2.1344,0.086402,-0.044932,-0.056813,7.6988
0.89858,2.1344,0.086399,-0.044917,-0.056791,7.6989
0.89863,2.1344,0.086396,-0.044906,-0.056763,7.6997
0.89868,2.1344,0.086393,-0.044906,-0.056675,7.6881
0.89874,2.1344,0.08639,-0.044922,-0.056557,7.6903
0.89879,2.1344,0.086387,-0.044946,-0.05644,7.7016
0.89884,2.1344,0.086384,-0.044977,-0.056313,7.6997
0.89889,2.1344,0.086381,-0.045014,-0.056173,7.6927
0.89895,2.1344,0.086378,-0.045053,-0.056011,7.7027
0.899,2.1344,0.086375,-0.045086,-0.055875,7.6924
0.89905,2.1344,0.086372,-0.04511,-0.055715,7.6831
0.89911,2.1344,0.086369,-0.045125,-0.055537,7.6891
0.89916,2.1344,0.086366,-0.045132,-0.055381,7.6915
0.89921,2.1344,0.086363,-0.045131,-0.055275,7.6749
0.89926,2.1344,0.086361,-0.045129,-0.055199,7.6751
0.89932,2.1344,0.086358,-0.045133,-0.055153,7.6828
0.89937,2.1344,0.086355,-0.045147,-0.055084,7.6779
0.89942,2.1344,0.086352,-0.045173,-0.055032,7.6772
0.89947,2.1344,0.086349,-0.04519,-0.05493,7.6803
0.89953,2.1344,0.086346,-0.045198,-0.054821,7.6742
0.89958,2.1344,0.086343,-0.045197,-0.054681,7.6705
0.89963,2.1344,0.08634,-0.045198,-0.054546,7.6734
0.89968,2.1344,0.086337,-0.045211,-0.054414,7.6683
0.89974,2.1344,0.086335,-0.045241,-0.054286,7.6652
0.89979,2.1344,0.086332,-0.045287,-0.054114,7.6783
0.89984,2.1344,0.086329,-0.045348,-0.053949,7.6817
0.89989,2.1344,0.086326,-0.045411,-0.053793,7.6689
0.89995,2.1344,0.086323,-0.045469,-0.053665,7.6792
0.9,2.1344,0.08632,-0.045523,-0.053514,7.682
0.90005,2.1344,0.086318,-0.045578,-0.053404,7.6764
0.90011,2.1344,0.086315,-0.045635,-0.053299,7.6744
0.90016,2.1344,0.086312,-0.045698,-0.053164,7.6784
0.90021,2.1344,0.086309,-0.04576,-0.053004,7.6616
0.90026,2.1343,0.086306,-0.045839,-0.052861,7.6628
0.90032,2.1343,0.086304,-0.045902,-0.052763,7.6749
0.90037,2.1343,0.086301,-0.045947,-0.05269,7.6719
0.90042,2.1343,0.086298,-0.045985,-0.05263,7.6654
0.90047,2.1343,0.086295,-0.04602,-0.05261,7.6721
0.90053,2.1343,0.086293,-0.046064,-0.052598,7.6677
0.90058,2.1343,0.08629,-0.046109,-0.05257,7.6535
0.90063,2.1343,0.086287,-0.046166,-0.05254,7.6596
0.90068,2.1343,0.086284,-0.04624,-0.052509,7.6644
0.90074,2.1343,0.086282,-0.046293,-0.052477,7.6511
0.90079,2.1343,0.086279,-0.046351,-0.052443,7.6604
0.90084,2.1343,0.086276,-0.046401,-0.052407,7.6662
0.90089,2.1343,0.086273,-0.046445,-0.05237,7.6653
0.90095,2.1343,0.08627,-0.046492,-0.052346,7.6702
0.901,2.1343,0.086268,-0.046536,-0.052311,7.6795
0.90105,2.1343,0.086265,-0.04659,-0.052234,7.6741
0.90111,2.1343,0.086262,-0.046658,-0.052131,7.6713
0.90116,2.1343,0.08626,-0.046734,-0.052017,7.687
0.90121,2.1343,0.086257,-0.046815,-0.051907,7.6823
0.90126,2.1343,0.086254,-0.046876,-0.051828,7.6805
0.90132,2.1343,0.086251,-0.046913,-0.051754,7.6972
0.90137,2.1343,0.086249,-0.046929,-0.051707,7.6972
0.90142,2.1343,0.086246,-0.046929,-0.05166,7.6936
0.90147,2.1343,0.086243,-0.046916,-0.051596,7.6995
0.90153,2.1343,0.08624,-0.046906,-0.051537,7.7055
0.90158,2.1343,0.086238,-0.046909,-0.051491,7.6967
0.90163,2.1343,0.086235,-0.04692,-0.051463,7.6922
0.90168,2.1343,0.086232,-0.046935,-0.05146,7.7015
0.90174,2.1343,0.08623,-0.046951,-0.051442,7.6914
0.90179,2.1343,0.086227,-0.046964,-0.051424,7.6903
0.90184,2.1343,0.086224,-0.046971,-0.051407,7.7041
0.90189,2.1343,0.086222,-0.046967,-0.05139,7.6958
0.90195,2.1343,0.086219,-0.046957,-0.051373,7.697
0.902,2.1343,0.086216,-0.046951,-0.051357,7.7111
0.90205,2.1343,0.086213,-0.046943,-0.051342,7.705
0.90211,2.1343,0.086211,-0.046938,-0.051327,7.6996
0.90216,2.1343,0.086208,-0.046925,-0.051314,7.7084
0.90221,2.1343,0.086205,-0.046918,-0.051301,7.7098
0.90226,2.1343,0.086203,-0.046908,-0.051289,7.6958
0.90232,2.1343,0.0862,-0.046885,-0.051279,7.7053
0.90237,2.1343,0.086197,-0.046851,-0.051269,7.7131
0.90242,2.1342,0.086195,-0.046812,-0.051262,7.7071
0.90247,2.1342,0.086192,-0.046771,-0.051255,7.7106
0.90253,2.1342,0.086189,-0.046734,-0.051264,7.7192
0.90258,2.1342,0.086186,-0.046698,-0.051264,7.7149
0.90263,2.1342,0.086184,-0.046677,-0.051239,7.715
0.90268,2.1342,0.086181,-0.046658,-0.051166,7.7197
0.90274,2.1342,0.086178,-0.046634,-0.051068,7.7159
0.90279,2.1342,0.086176,-0.046608,-0.050967,7.7035
0.90284,2.1342,0.086173,-0.046582,-0.050883,7.7198
0.90289,2.1342,0.08617,-0.046554,-0.050837,7.7219
0.90295,2.1342,0.086168,-0.046523,-0.050847,7.7106
0.903,2.1342,0.086165,-0.046492,-0.0509,7.7193
0.90305,2.1342,0.086162,-0.046473,-0.05094,7.7173
0.90311,2.1342,0.08616,-0.046449,-0.050965,7.7007
0.90316,2.1342,0.086157,-0.046419,-0.050973,7.705
0.90321,2.1342,0.086154,-0.046376,-0.050955,7.7041
0.90326,2.1342,0.086152,-0.046339,-0.050924,7.6888
0.90332,2.1342,0.086149,-0.046305,-0.050847,7.6868
0.90337,2.1342,0.086146,-0.046266,-0.050726,7.688
0.90342,2.1342,0.086144,-0.046237,-0.050625,7.6719
0.90347,2.1342,0.086141,-0.046226,-0.050518,7.6625
0.90353,2.1342,0.086138,-0.046212,-0.050427,7.6707
0.90358,2.1342,0.086136,-0.04619,-0.050359,7.6648
0.90363,2.1342,0.086133,-0.046153,-0.050343,7.652
0.90368,2.1342,0.08613,-0.046125,-0.050366,7.659
0.90374,2.1342,0.086128,-0.046101,-0.050355,7.6533
0.90379,2.1342,0.086125,-0.046087,-0.050326,7.6424
0.90384,2.1342,0.086122,-0.046079,-0.050323,7.6511
0.90389,2.1342,0.08612,-0.046069,-0.050328,7.6585
0.90395,2.1342,0.086117,-0.046059,-0.050346,7.6548
0.904,2.1342,0.086114,-0.046043,-0.050382,7.6534
0.90405,2.1342,0.086112,-0.046013,-0.050434,7.6651
0.90411,2.1342,0.086109,-0.045965,-0.050444,7.6559
0.90416,2.1342,0.086106,-0.045918,-0.050422,7.6507
0.90421,2.1342,0.086104,-0.045874,-0.050377,7.6614
0.90426,2.1342,0.086101,-0.045834,-0.050295,7.6547
0.90432,2.1342,0.086098,-0.045786,-0.050228,7.6501
0.90437,2.1342,0.086096,-0.045749,-0.050189,7.6601
0.90442,2.1342,0.086093,-0.045731,-0.050166,7.6551
0.90447,2.1342,0.086091,-0.045715,-0.050104,7.6545
0.90453,2.1342,0.086088,-0.045683,-0.049995,7.6634
0.90458,2.1341,0.086085,-0.045653,-0.049875,7.668
0.90463,2.1341,0.086083,-0.045601,-0.049714,7.6593
0.90468,2.1341,0.08608,-0.045537,-0.049546,7.6603
0.90474,2.1341,0.086077,-0.045458,-0.049415,7.6628
0.90479,2.1341,0.086075,-0.045382,-0.049292,7.6518
0.90484,2.1341,0.086072,-0.045328,-0.049203,7.6513
0.90489,2.1341,0.08607,-0.04529,-0.049119,7.6596
0.90495,2.1341,0.086067,-0.045257,-0.049059,7.6586
0.905,2.1341,0.086065,-0.045228,-0.049022,7.6571
0.90505,2.1341,0.086062,-0.04519,-0.048998,7.6731
0.90511,2.1341,0.086059,-0.045152,-0.049017,7.6726
0.90516,2.1341,0.086057,-0.045112,-0.049048,7.6696
0.90521,2.1341,0.086054,-0.04507,-0.049082,7.6762
0.90526,2.1341,0.086052,-0.045037,-0.049095,7.6762
0.90532,2.1341,0.086049,-0.045009,-0.049092,7.6655
0.90537,2.1341,0.086046,-0.044987,-0.049079,7.6763
0.90542,2.1341,0.086044,-0.044967,-0.049063,7.6856
0.90547,2.1341,0.086041,-0.044966,-0.049066,7.6796
0.90553,2.1341,0.086039,-0.044971,-0.049072,7.679
0.90558,2.1341,0.086036,-0.044969,-0.04907,7.6922
0.90563,2.1341,0.086034,-0.044968,-0.049055,7.6853
0.90568,2.1341,0.086031,-0.044961,-0.048997,7.6865
0.90574,2.1341,0.086028,-0.044932,-0.048874,7.6904
0.90579,2.1341,0.086026,-0.044907,-0.048688,7.6805
0.90584,2.1341,0.086023,-0.044876,-0.048502,7.6701
0.90589,2.1341,0.086021,-0.044848,-0.04834,7.684
0.90595,2.1341,0.086018,-0.044814,-0.04819,7.6845
0.906,2.1341,0.086016,-0.044786,-0.048052,7.68
0.90605,2.1341,0.086013,-0.044772,-0.047913,7.6908
0.90611,2.1341,0.086011,-0.044762,-0.047811,7.6945
0.90616,2.1341,0.086008,-0.044752,-0.047693,7.6878
0.90621,2.1341,0.086006,-0.044757,-0.04756,7.6944
0.90626,2.1341,0.086003,-0.044763,-0.047442,7.6961
0.90632,2.1341,0.086001,-0.044768,-0.047302,7.6909
0.90637,2.1341,0.085998,-0.044775,-0.04717,7.696
0.90642,2.1341,0.085996,-0.044783,-0.047034,7.703
0.90647,2.1341,0.085993,-0.04479,-0.046895,7.6985
0.90653,2.1341,0.085991,-0.044803,-0.046729,7.6992
0.90658,2.1341,0.085988,-0.044826,-0.04656,7.7096
0.90663,2.1341,0.085986,-0.044845,-0.046367,7.7038
0.90668,2.1341,0.085983,-0.04486,-0.046185,7.6983
0.90674,2.1341,0.085981,-0.04488,-0.046004,7.7052
0.90679,2.134,0.085979,-0.04489,-0.045857,7.7079
0.90684,2.134,0.085976,-0.044896,-0.045727,7.7006
0.90689,2.134,0.085974,-0.044898,-0.045612,7.7087
0.90695,2.134,0.085971,-0.044909,-0.045443,7.7128
0.907,2.134,0.085969,-0.044931,-0.045304,7.7101
0.90705,2.134,0.085967,-0.044957,-0.045167,7.7189
0.90711,2.134,0.085964,-0.044982,-0.045082,7.7301
0.90716,2.134,0.085962,-0.045012,-0.044987,7.7291
0.90721,2.134,0.08596,-0.045034,-0.044865,7.7265
0.90726,2.134,0.085957,-0.045056,-0.044753,7.7323
0.90732,2.134,0.085955,-0.04508,-0.044642,7.7224
0.90737,2.134,0.085952,-0.045114,-0.044511,7.7187
0.90742,2.134,0.08595,-0.045153,-0.044437,7.7232
0.90747,2.134,0.085948,-0.045192,-0.044398,7.727
0.90753,2.134,0.085945,-0.045214,-0.044375,7.7191
0.90758,2.134,0.085943,-0.045223,-0.044359,7.7245
0.90763,2.134,0.085941,-0.045219,-0.044347,7.7352
0.90768,2.134,0.085938,-0.045207,-0.044345,7.7203
0.90774,2.134,0.085936,-0.045192,-0.044347,7.7273
0.90779,2.134,0.085934,-0.045184,-0.044354,7.7294
0.90784,2.134,0.085931,-0.045185,-0.04442,7.7251
0.90789,2.134,0.085929,-0.045175,-0.044496,7.7237
0.90795,2.134,0.085927,-0.045172,-0.044567,7.7347
0.908,2.134,0.085924,-0.045179,-0.04463,7.7289
0.90805,2.134,0.085922,-0.045189,-0.044636,7.7335
0.90811,2.134,0.08592,-0.045195,-0.044526,7.7522
0.90816,2.134,0.085917,-0.045183,-0.044371,7.7435
0.90821,2.134,0.085915,-0.045174,-0.044244,7.7416
0.90826,2.134,0.085913,-0.045166,-0.044176,7.7565
0.90832,2.134,0.08591,-0.045158,-0.044158,7.7463
0.90837,2.134,0.085908,-0.045177,-0.044192,7.737
0.90842,2.134,0.085906,-0.045228,-0.04424,7.7386
0.90847,2.134,0.085903,-0.045301,-0.044267,7.7488
0.90853,2.134,0.085901,-0.045391,-0.044234,7.7389
0.90858,2.134,0.085899,-0.045475,-0.044171,7.7422
0.90863,2.134,0.085896,-0.04556,-0.044143,7.7536
0.90868,2.134,0.085894,-0.045626,-0.044133,7.7473
0.90874,2.134,0.085892,-0.045682,-0.04412,7.7415
0.90879,2.134,0.085889,-0.045728,-0.044136,7.7466
0.90884,2.134,0.085887,-0.045766,-0.044152,7.7355
0.90889,2.134,0.085885,-0.045798,-0.044195,7.7254
0.90895,2.134,0.085883,-0.045832,-0.04423,7.731
0.909,2.1339,0.08588,-0.045872,-0.044274,7.7289
0.90905,2.1339,0.085878,-0.045918,-0.044349,7.7195
0.90911,2.1339,0.085876,-0.04597,-0.044415,7.7246
0.90916,2.1339,0.085873,-0.046031,-0.044469,7.7311
0.90921,2.1339,0.085871,-0.046089,-0.044507,7.7208
0.90926,2.1339,0.085868,-0.046136,-0.044467,7.7225
0.90932,2.1339,0.085866,-0.04617,-0.044409,7.7243
0.90937,2.1339,0.085864,-0.046187,-0.04429,7.7133
0.90942,2.1339,0.085861,-0.046211,-0.044184,7.7161
0.90947,2.1339,0.085859,-0.046239,-0.044047,7.7306
0.90953,2.1339,0.085857,-0.046275,-0.043965,7.7182
0.90958,2.1339,0.085855,-0.046314,-0.043921,7.7273
0.90963,2.1339,0.085852,-0.046351,-0.043881,7.7376
0.90968,2.1339,0.08585,-0.046385,-0.043871,7.7384
0.90974,2.1339,0.085848,-0.046416,-0.043913,7.7338
0.90979,2.1339,0.085845,-0.046441,-0.043982,7.7358
0.90984,2.1339,0.085843,-0.046467,-0.044038,7.7362
0.90989,2.1339,0.085841,-0.046495,-0.044081,7.7267
0.90995,2.1339,0.085838,-0.046522,-0.044168,7.7288
0.91,2.1339,0.085836,-0.046545,-0.044238,7.7297
0.91005,2.1339,0.085834,-0.046567,-0.044296,7.7175
0.91011,2.1339,0.085831,-0.046584,-0.044395,7.7237
0.91016,2.1339,0.085829,-0.046599,-0.044498,7.7379
0.91021,2.1339,0.085827,-0.046602,-0.044586,7.7305
0.91026,2.1339,0.085824,-0.046612,-0.044604,7.7297
0.91032,2.1339,0.085822,-0.046632,-0.044602,7.7363
0.91037,2.1339,0.08582,-0.046656,-0.044567,7.7283
0.91042,2.1339,0.085817,-0.046682,-0.044513,7.7188
0.91047,2.1339,0.085815,-0.046703,-0.044454,7.7285
0.91053,2.1339,0.085813,-0.046722,-0.044397,7.7251
0.91058,2.1339,0.08581,-0.046732,-0.044371,7.7181
0.91063,2.1339,0.085808,-0.046731,-0.044352,7.727
0.91068,2.1339,0.085806,-0.046744,-0.044374,7.7354
0.91074,2.1339,0.085803,-0.046759,-0.044419,7.7235
0.91079,2.1339,0.085801,-0.046775,-0.044456,7.7359
0.91084,2.1339,0.085799,-0.046794,-0.044498,7.7425
0.91089,2.1339,0.085796,-0.046811,-0.044531,7.7322
0.91095,2.1339,0.085794,-0.046828,-0.044575,7.7375
0.911,2.1339,0.085792,-0.046837,-0.044699,7.7507
0.91105,2.1339,0.085789,-0.04684,-0.044865,7.7423
0.91111,2.1339,0.085787,-0.046836,-0.045089,7.741
0.91116,2.1338,0.085784,-0.046825,-0.04532,7.753
0.91121,2.1338,0.085782,-0.046813,-0.045504,7.7486
0.91126,2.1338,0.08578,-0.046811,-0.045681,7.7387
0.91132,2.1338,0.085777,-0.046822,-0.045828,7.7496
0.91137,2.1338,0.085775,-0.046844,-0.045971,7.737
0.91142,2.1338,0.085772,-0.046868,-0.046128,7.7307
0.91147,2.1338,0.08577,-0.046899,-0.046282,7.7314
0.91153,2.1338,0.085767,-0.046926,-0.046428,7.7314
0.91158,2.1338,0.085765,-0.046949,-0.046555,7.7154
0.91163,2.1338,0.085763,-0.046966,-0.046655,7.7249
0.91168,2.1338,0.08576,-0.04698,-0.046763,7.731
0.91174,2.1338,0.085758,-0.046994,-0.046867,7.7226
0.91179,2.1338,0.085755,-0.047004,-0.046962,7.7268
0.91184,2.1338,0.085753,-0.04701,-0.047052,7.7365
0.91189,2.1338,0.08575,-0.047023,-0.047138,7.7311
0.91195,2.1338,0.085748,-0.047028,-0.047219,7.7353
0.912,2.1338,0.085745,-0.047027,-0.047292,7.7451
0.91205,2.1338,0.085743,-0.047028,-0.047363,7.7365
0.91211,2.1338,0.08574,-0.047024,-0.047428,7.736
0.91216,2.1338,0.085738,-0.047008,-0.047493,7.7451
0.91221,2.1338,0.085735,-0.046988,-0.047554,7.7544
0.91226,2.1338,0.085733,-0.046975,-0.047613,7.7459
0.91232,2.1338,0.08573,-0.046968,-0.047668,7.755
0.91237,2.1338,0.085728,-0.046952,-0.047716,7.7576
0.91242,2.1338,0.085725,-0.04693,-0.047759,7.7492
0.91247,2.1338,0.085723,-0.046913,-0.047782,7.7531
0.91253,2.1338,0.08572,-0.046897,-0.047824,7.7581
0.91258,2.1338,0.085718,-0.046885,-0.047878,7.7527
0.91263,2.1338,0.085715,-0.046883,-0.047936,7.7489
0.91268,2.1338,0.085713,-0.046889,-0.048014,7.7614
0.91274,2.1338,0.08571,-0.046887,-0.048066,7.7606
0.91279,2.1338,0.085708,-0.046879,-0.048111,7.7485
0.91284,2.1338,0.085705,-0.046865,-0.048108,7.7582
0.91289,2.1338,0.085702,-0.046855,-0.048079,7.7583
0.91295,2.1338,0.0857,-0.046855,-0.048037,7.7518
0.913,2.1338,0.085697,-0.046872,-0.047999,7.758
0.91305,2.1338,0.085695,-0.046906,-0.047935,7.7623
0.91311,2.1338,0.085692,-0.046947,-0.047901,7.7493
0.91316,2.1338,0.08569,-0.046994,-0.047895,7.7588
0.91321,2.1338,0.085687,-0.047028,-0.04798,7.7709
0.91326,2.1338,0.085685,-0.047064,-0.048119,7.7581
0.91332,2.1337,0.085682,-0.047092,-0.048299,7.7647
0.91337,2.1337,0.08568,-0.047102,-0.048447,7.7761
0.91342,2.1337,0.085677,-0.047107,-0.048557,7.766
0.91347,2.1337,0.085675,-0.047115,-0.048565,7.7649
0.91353,2.1337,0.085672,-0.047118,-0.048516,7.7773
0.91358,2.1337,0.085669,-0.047122,-0.048435,7.7755
0.91363,2.1337,0.085667,-0.04711,-0.04836,7.7655
0.91368,2.1337,0.085664,-0.047102,-0.048298,7.7788
0.91374,2.1337,0.085662,-0.047094,-0.048239,7.7799
0.91379,2.1337,0.085659,-0.047082,-0.048183,7.7774
0.91384,2.1337,0.085657,-0.047083,-0.048132,7.7812
0.91389,2.1337,0.085654,-0.047097,-0.048086,7.7765
0.91395,2.1337,0.085652,-0.047117,-0.048047,7.7692
0.914,2.1337,0.085649,-0.047141,-0.048012,7.7744
0.91405,2.1337,0.085647,-0.047172,-0.047979,7.7755
0.91411,2.1337,0.085644,-0.047202,-0.047946,7.7605
0.91416,2.1337,0.085642,-0.047223,-0.047914,7.7561
0.91421,2.1337,0.085639,-0.047233,-0.047871,7.757
0.91426,2.1337,0.085637,-0.047225,-0.047853,7.7564
0.91432,2.1337,0.085634,-0.047209,-0.047852,7.7463
0.91437,2.1337,0.085632,-0.047185,-0.047828,7.7547
0.91442,2.1337,0.085629,-0.047161,-0.047855,7.7445
0.91447,2.1337,0.085627,-0.047141,-0.0479,7.7303
0.91453,2.1337,0.085624,-0.047119,-0.047964,7.7346
0.91458,2.1337,0.085621,-0.047096,-0.048063,7.7355
0.91463,2.1337,0.085619,-0.047073,-0.048162,7.7223
0.91468,2.1337,0.085616,-0.047056,-0.048252,7.726
0.91474,2.1337,0.085614,-0.047048,-0.048313,7.7367
0.91479,2.1337,0.085611,-0.047055,-0.04835,7.7287
0.91484,2.1337,0.085609,-0.047067,-0.048411,7.7237
0.91489,2.1337,0.085606,-0.047063,-0.048441,7.7393
0.91495,2.1337,0.085604,-0.047056,-0.04846,7.7299
0.915,2.1337,0.085601,-0.047035,-0.048477,7.7271
0.91505,2.1337,0.085599,-0.047017,-0.048464,7.7288
0.91511,2.1337,0.085596,-0.047009,-0.048407,7.7232
0.91516,2.1337,0.085593,-0.046996,-0.048343,7.7161
0.91521,2.1337,0.085591,-0.046998,-0.048297,7.7267
0.91526,2.1337,0.085588,-0.046995,-0.048252,7.7227
0.91532,2.1337,0.085586,-0.046983,-0.048211,7.7145
0.91537,2.1337,0.085583,-0.046983,-0.048173,7.7196
0.91542,2.1336,0.085581,-0.046993,-0.048123,7.7236
0.91547,2.1336,0.085578,-0.04701,-0.0481,7.7074
0.91553,2.1336,0.085576,-0.04703,-0.048081,7.7076
0.91558,2.1336,0.085573,-0.04704,-0.048099,7.7113
0.91563,2.1336,0.085571,-0.047049,-0.048105,7.6978
0.91568,2.1336,0.085568,-0.047054,-0.048149,7.6907
0.91574,2.1336,0.085566,-0.047053,-0.048246,7.7004
0.91579,2.1336,0.085563,-0.047061,-0.048358,7.7009
0.91584,2.1336,0.08556,-0.047077,-0.048452,7.6931
0.91589,2.1336,0.085558,-0.04709,-0.048541,7.6995
0.91595,2.1336,0.085555,-0.04711,-0.048577,7.7011
0.916,2.1336,0.085553,-0.047131,-0.048577,7.6984
0.91605,2.1336,0.08555,-0.047156,-0.048505,7.6982
0.91611,2.1336,0.085548,-0.047179,-0.048432,7.6976
0.91616,2.1336,0.085545,-0.047181,-0.048369,7.6932
0.91621,2.1336,0.085543,-0.047169,-0.048303,7.7001
0.91626,2.1336,0.08554,-0.047152,-0.048238,7.7067
0.91632,2.1336,0.085538,-0.04713,-0.048171,7.7074
0.91637,2.1336,0.085535,-0.047109,-0.048105,7.7094
0.91642,2.1336,0.085532,-0.047086,-0.048021,7.7216
0.91647,2.1336,0.08553,-0.047058,-0.047963,7.7089
0.91653,2.1336,0.085527,-0.047022,-0.047911,7.7082
0.91658,2.1336,0.085525,-0.046989,-0.047899,7.7174
0.91663,2.1336,0.085522,-0.046955,-0.047895,7.7167
0.91668,2.1336,0.08552,-0.046938,-0.047911,7.704
0.91674,2.1336,0.085517,-0.046934,-0.047939,7.7171
0.91679,2.1336,0.085515,-0.046936,-0.048018,7.7113
0.91684,2.1336,0.085512,-0.046925,-0.048128,7.7009
0.91689,2.1336,0.08551,-0.046898,-0.048307,7.7126
0.91695,2.1336,0.085507,-0.046858,-0.048477,7.721
0.917,2.1336,0.085505,-0.046811,-0.048659,7.7065
0.91705,2.1336,0.085502,-0.046752,-0.048804,7.7012
0.91711,2.1336,0.085499,-0.046697,-0.048945,7.7063
0.91716,2.1336,0.085497,-0.046645,-0.049058,7.7002
0.91721,2.1336,0.085494,-0.046595,-0.049157,7.6912
0.91726,2.1336,0.085492,-0.046545,-0.049248,7.705
0.91732,2.1336,0.085489,-0.046493,-0.049367,7.7026
0.91737,2.1336,0.085487,-0.046449,-0.049454,7.6982
0.91742,2.1336,0.085484,-0.046411,-0.049544,7.7078
0.91747,2.1336,0.085481,-0.046367,-0.049675,7.7061
0.91753,2.1335,0.085479,-0.046329,-0.049842,7.6994
0.91758,2.1335,0.085476,-0.046298,-0.050003,7.7044
0.91763,2.1335,0.085473,-0.046264,-0.050126,7.7032
0.91768,2.1335,0.085471,-0.046231,-0.050223,7.6958
0.91774,2.1335,0.085468,-0.046194,-0.050298,7.7032
0.91779,2.1335,0.085465,-0.046179,-0.050326,7.7129
0.91784,2.1335,0.085463,-0.046182,-0.050324,7.7099
0.91789,2.1335,0.08546,-0.046183,-0.050345,7.7142
0.91795,2.1335,0.085458,-0.046195,-0.050396,7.7333
0.918,2.1335,0.085455,-0.046221,-0.050487,7.7254
0.91805,2.1335,0.085452,-0.046241,-0.050645,7.7229
0.91811,2.1335,0.08545,-0.04627,-0.050822,7.7246
0.91816,2.1335,0.085447,-0.046285,-0.05103,7.7254
0.91821,2.1335,0.085444,-0.0463,-0.051233,7.7185
0.91826,2.1335,0.085441,-0.046307,-0.051395,7.7225
0.91832,2.1335,0.085439,-0.046292,-0.05152,7.7222
0.91837,2.1335,0.085436,-0.046263,-0.051612,7.7169
0.91842,2.1335,0.085433,-0.046229,-0.051674,7.7252
0.91847,2.1335,0.085431,-0.046191,-0.051717,7.7279
0.91853,2.1335,0.085428,-0.046163,-0.051753,7.7134
0.91858,2.1335,0.085425,-0.046138,-0.051818,7.7152
0.91863,2.1335,0.085422,-0.046124,-0.051894,7.715
0.91868,2.1335,0.08542,-0.046109,-0.051977,7.704
0.91874,2.1335,0.085417,-0.046094,-0.052045,7.7026
0.91879,2.1335,0.085414,-0.046083,-0.052127,7.7167
0.91884,2.1335,0.085411,-0.046073,-0.052207,7.7116
0.91889,2.1335,0.085409,-0.046062,-0.052273,7.7085
0.91895,2.1335,0.085406,-0.046048,-0.052338,7.726
0.919,2.1335,0.085403,-0.046037,-0.052419,7.7221
0.91905,2.1335,0.0854,-0.046025,-0.052506,7.7098
0.91911,2.1335,0.085398,-0.046009,-0.052565,7.7248
0.91916,2.1335,0.085395,-0.045994,-0.052607,7.7221
0.91921,2.1335,0.085392,-0.045986,-0.052682,7.7148
0.91926,2.1335,0.085389,-0.045981,-0.052782,7.7224
0.91932,2.1335,0.085387,-0.045977,-0.052906,7.7337
0.91937,2.1335,0.085384,-0.045972,-0.053045,7.7258
0.91942,2.1335,0.085381,-0.04597,-0.053251,7.7333
0.91947,2.1335,0.085378,-0.04597,-0.053447,7.7436
0.91953,2.1335,0.085375,-0.045969,-0.053613,7.7417
0.91958,2.1335,0.085372,-0.045969,-0.053784,7.7388
0.91963,2.1335,0.08537,-0.045966,-0.053933,7.7429
0.91968,2.1335,0.085367,-0.04596,-0.054084,7.7386
0.91974,2.1334,0.085364,-0.04595,-0.054215,7.7288
0.91979,2.1334,0.085361,-0.045938,-0.054365,7.7378
0.91984,2.1334,0.085358,-0.045936,-0.054513,7.7389
0.91989,2.1334,0.085355,-0.045943,-0.054654,7.7271
0.91995,2.1334,0.085352,-0.045962,-0.054781,7.7349
0.92,2.1334,0.08535,-0.045987,-0.054923,7.7357
0.92005,2.1334,0.085347,-0.046014,-0.05506,7.7182
0.92011,2.1334,0.085344,-0.046037,-0.05523,7.7127
0.92016,2.1334,0.085341,-0.046051,-0.055408,7.7151
0.92021,2.1334,0.085338,-0.046057,-0.055624,7.6979
0.92026,2.1334,0.085335,-0.046057,-0.055847,7.6958
0.92032,2.1334,0.085332,-0.046053,-0.0561,7.7045
0.92037,2.1334,0.085329,-0.04605,-0.056343,7.6956
0.92042,2.1334,0.085326,-0.046049,-0.056591,7.6959
0.92047,2.1334,0.085323,-0.046052,-0.056862,7.7017
0.92053,2.1334,0.08532,-0.046054,-0.057113,7.6996
0.92058,2.1334,0.085317,-0.046049,-0.057362,7.6921
0.92063,2.1334,0.085314,-0.04604,-0.057576,7.6972
0.92068,2.1334,0.085311,-0.04603,-0.057768,7.7028
0.92074,2.1334,0.085308,-0.046022,-0.057969,7.6903
0.92079,2.1334,0.085305,-0.046017,-0.058167,7.6902
0.92084,2.1334,0.085302,-0.046019,-0.058358,7.7009
0.92089,2.1334,0.085299,-0.046029,-0.058545,7.6942
0.92095,2.1334,0.085296,-0.046042,-0.058692,7.6929
0.921,2.1334,0.085293,-0.046049,-0.05882,7.7093
0.92105,2.1334,0.085289,-0.046057,-0.058898,7.6981
0.92111,2.1334,0.085286,-0.046077,-0.058963,7.6971
0.92116,2.1334,0.085283,-0.046105,-0.059039,7.7058
0.92121,2.1334,0.08528,-0.046138,-0.059112,7.6973
0.92126,2.1334,0.085277,-0.046164,-0.059181,7.6892
0.92132,2.1334,0.085274,-0.046184,-0.059248,7.6982
0.92137,2.1334,0.085271,-0.046201,-0.059315,7.6937
0.92142,2.1334,0.085268,-0.046207,-0.059372,7.6847
0.92147,2.1334,0.085264,-0.046214,-0.059418,7.6957
0.92153,2.1334,0.085261,-0.046226,-0.059454,7.6971
0.92158,2.1334,0.085258,-0.046241,-0.059477,7.6834
0.92163,2.1334,0.085255,-0.04626,-0.059494,7.6856
0.92168,2.1334,0.085252,-0.046274,-0.059506,7.6951
0.92174,2.1334,0.085249,-0.046292,-0.059519,7.6877
0.92179,2.1334,0.085246,-0.046315,-0.059531,7.6835
0.92184,2.1334,0.085243,-0.046333,-0.059539,7.6974
0.92189,2.1333,0.085239,-0.046366,-0.059543,7.6886
0.92195,2.1333,0.085236,-0.046399,-0.059541,7.685
0.922,2.1333,0.085233,-0.046426,-0.059532,7.6989
0.92205,2.1333,0.08523,-0.046451,-0.059515,7.7047
0.92211,2.1333,0.085227,-0.046482,-0.059489,7.6972
0.92216,2.1333,0.085224,-0.046514,-0.059455,7.7054
0.92221,2.1333,0.085221,-0.046537,-0.05941,7.7059
0.92226,2.1333,0.085218,-0.046556,-0.059359,7.6987
0.92232,2.1333,0.085214,-0.046589,-0.0593,7.7019
0.92237,2.1333,0.085211,-0.046632,-0.059232,7.7118
0.92242,2.1333,0.085208,-0.046675,-0.059155,7.7082
0.92247,2.1333,0.085205,-0.046721,-0.059056,7.7104
0.92253,2.1333,0.085202,-0.046767,-0.058959,7.7222
0.92258,2.1333,0.085199,-0.046805,-0.058902,7.7189
0.92263,2.1333,0.085196,-0.046831,-0.058857,7.7145
0.92268,2.1333,0.085193,-0.046868,-0.058852,7.7223
0.92274,2.1333,0.08519,-0.046921,-0.058848,7.7144
0.92279,2.1333,0.085186,-0.046991,-0.058863,7.7067
0.92284,2.1333,0.085183,-0.047068,-0.058852,7.7159
0.92289,2.1333,0.08518,-0.04714,-0.058809,7.7167
0.92295,2.1333,0.085177,-0.047187,-0.058772,7.7077
0.923,2.1333,0.085174,-0.047205,-0.058777,7.7206
0.92305,2.1333,0.085171,-0.047207,-0.058775,7.7317
0.92311,2.1333,0.085168,-0.047209,-0.058781,7.7199
0.92316,2.1333,0.085165,-0.047224,-0.058733,7.7236
0.92321,2.1333,0.085162,-0.047236,-0.058677,7.733
0.92326,2.1333,0.085159,-0.047251,-0.058592,7.7263
0.92332,2.1333,0.085156,-0.047273,-0.058514,7.7239
0.92337,2.1333,0.085152,-0.047281,-0.058464,7.7325
0.92342,2.1333,0.085149,-0.04728,-0.058464,7.7266
0.92347,2.1333,0.085146,-0.047281,-0.058489,7.7252
0.92353,2.1333,0.085143,-0.047286,-0.058524,7.7452
0.92358,2.1333,0.08514,-0.047312,-0.058547,7.7444
0.92363,2.1333,0.085137,-0.04734,-0.058576,7.731
0.92368,2.1333,0.085134,-0.04738,-0.058606,7.7503
0.92374,2.1333,0.085131,-0.047429,-0.058638,7.742
0.92379,2.1333,0.085128,-0.047472,-0.058669,7.7438
0.92384,2.1333,0.085125,-0.047501,-0.058714,7.7424
0.92389,2.1333,0.085122,-0.047522,-0.058745,7.7503
0.92395,2.1333,0.085119,-0.047535,-0.058745,7.7422
0.924,2.1332,0.085115,-0.047538,-0.058708,7.7482
0.92405,2.1332,0.085112,-0.047547,-0.058636,7.76
0.92411,2.1332,0.085109,-0.047571,-0.058537,7.754
0.92416,2.1332,0.085106,-0.047609,-0.058434,7.7514
0.92421,2.1332,0.085103,-0.047668,-0.05831,7.7583
0.92426,2.1332,0.0851,-0.047722,-0.058193,7.7504
0.92432,2.1332,0.085097,-0.047785,-0.058088,7.7452
0.92437,2.1332,0.085094,-0.047849,-0.05796,7.7519
0.92442,2.1332,0.085091,-0.047915,-0.057823,7.7466
0.92447,2.1332,0.085088,-0.048001,-0.057696,7.7468
0.92453,2.1332,0.085085,-0.048096,-0.057574,7.7539
0.92458,2.1332,0.085082,-0.048197,-0.057504,7.7626
0.92463,2.1332,0.085079,-0.048291,-0.057446,7.7552
0.92468,2.1332,0.085076,-0.048365,-0.057415,7.7621
0.92474,2.1332,0.085073,-0.048414,-0.057408,7.7675
0.92479,2.1332,0.08507,-0.048452,-0.057367,7.7652
0.92484,2.1332,0.085067,-0.0485,-0.057326,7.7661
0.92489,2.1332,0.085064,-0.04855,-0.057297,7.7813
0.92495,2.1332,0.085061,-0.048611,-0.057299,7.7753
0.925,2.1332,0.085058,-0.048677,-0.057334,7.7746
0.92505,2.1332,0.085055,-0.04874,-0.057393,7.7895
0.92511,2.1332,0.085052,-0.048813,-0.057472,7.7911
0.92516,2.1332,0.085049,-0.048874,-0.057558,7.7816
0.92521,2.1332,0.085046,-0.048947,-0.057636,7.7866
0.92526,2.1332,0.085043,-0.049027,-0.057723,7.7867
0.92532,2.1332,0.08504,-0.049093,-0.057827,7.7787
0.92537,2.1332,0.085036,-0.04915,-0.05797,7.7723
0.92542,2.1332,0.085033,-0.049199,-0.058071,7.7769
0.92547,2.1332,0.08503,-0.049241,-0.058169,7.7749
0.92553,2.1332,0.085027,-0.049285,-0.058228,7.7721
0.92558,2.1332,0.085024,-0.049325,-0.058279,7.7772
0.92563,2.1332,0.085021,-0.049361,-0.05831,7.77
0.92568,2.1332,0.085018,-0.049397,-0.058298,7.7681
0.92574,2.1332,0.085015,-0.049419,-0.058272,7.7743
0.92579,2.1332,0.085012,-0.049431,-0.058272,7.7675
0.92584,2.1332,0.085009,-0.049444,-0.058243,7.7597
0.92589,2.1332,0.085006,-0.04945,-0.058247,7.7668
0.92595,2.1332,0.085003,-0.049451,-0.058244,7.7607
0.926,2.1332,0.085,-0.049443,-0.058256,7.75
0.92605,2.1331,0.084997,-0.049425,-0.058236,7.7649
0.92611,2.1331,0.084994,-0.049411,-0.058187,7.7646
0.92616,2.1331,0.08499,-0.049397,-0.058166,7.7601
0.92621,2.1331,0.084987,-0.049378,-0.058159,7.7633
0.92626,2.1331,0.084984,-0.049356,-0.058158,7.7701
0.92632,2.1331,0.084981,-0.049331,-0.058215,7.7612
0.92637,2.1331,0.084978,-0.049309,-0.058274,7.7569
0.92642,2.1331,0.084975,-0.049291,-0.058329,7.7649
0.92647,2.1331,0.084972,-0.049283,-0.058385,7.7563
0.92653,2.1331,0.084969,-0.049276,-0.058433,7.7586
0.92658,2.1331,0.084966,-0.04928,-0.058482,7.767
0.92663,2.1331,0.084963,-0.049277,-0.058544,7.7672
0.92668,2.1331,0.08496,-0.049263,-0.058638,7.7559
0.92674,2.1331,0.084957,-0.049239,-0.058751,7.767
0.92679,2.1331,0.084954,-0.049225,-0.058866,7.7646
0.92684,2.1331,0.08495,-0.049216,-0.059025,7.7563
0.92689,2.1331,0.084947,-0.049211,-0.059212,7.7562
0.92695,2.1331,0.084944,-0.049206,-0.05937,7.7536
0.927,2.1331,0.084941,-0.049207,-0.059499,7.7423
0.92705,2.1331,0.084938,-0.049202,-0.059639,7.7453
0.92711,2.1331,0.084935,-0.049187,-0.059728,7.7574
0.92716,2.1331,0.084932,-0.049168,-0.059762,7.7496
0.92721,2.1331,0.084929,-0.049154,-0.059779,7.7498
0.92726,2.1331,0.084925,-0.049142,-0.059811,7.7587
0.92732,2.1331,0.084922,-0.049124,-0.059847,7.7427
0.92737,2.1331,0.084919,-0.049097,-0.059895,7.7368
0.92742,2.1331,0.084916,-0.049068,-0.059959,7.7434
0.92747,2.1331,0.084913,-0.049032,-0.060043,7.7465
0.92753,2.1331,0.08491,-0.049004,-0.060109,7.7409
0.92758,2.1331,0.084906,-0.048988,-0.060184,7.7535
0.92763,2.1331,0.084903,-0.048989,-0.060232,7.7591
0.92768,2.1331,0.0849,-0.049013,-0.060263,7.7512
0.92774,2.1331,0.084897,-0.049034,-0.060284,7.7602
0.92779,2.1331,0.084894,-0.049052,-0.06031,7.7594
0.92784,2.1331,0.084891,-0.049067,-0.060345,7.7547
0.92789,2.1331,0.084887,-0.049067,-0.060389,7.7603
0.92795,2.1331,0.084884,-0.049059,-0.06047,7.7641
0.928,2.1331,0.084881,-0.049046,-0.060544,7.7579
0.92805,2.1331,0.084878,-0.049027,-0.060618,7.7559
0.92811,2.133,0.084875,-0.049015,-0.060646,7.7661
0.92816,2.133,0.084871,-0.049009,-0.060623,7.7648
0.92821,2.133,0.084868,-0.049019,-0.060555,7.7638
0.92826,2.133,0.084865,-0.049042,-0.06044,7.7745
0.92832,2.133,0.084862,-0.049072,-0.060333,7.7728
0.92837,2.133,0.084859,-0.049108,-0.060259,7.7568
0.92842,2.133,0.084856,-0.049137,-0.06019,7.7675
0.92847,2.133,0.084852,-0.049154,-0.060161,7.7716
0.92853,2.133,0.084849,-0.04916,-0.060131,7.7589
0.92858,2.133,0.084846,-0.049159,-0.06014,7.7685
0.92863,2.133,0.084843,-0.049159,-0.06016,7.7831
0.92868,2.133,0.08484,-0.049162,-0.060171,7.7784
0.92874,2.133,0.084837,-0.049165,-0.060198,7.7773
0.92879,2.133,0.084833,-0.049167,-0.0602,7.7924
0.92884,2.133,0.08483,-0.049164,-0.060202,7.7888
0.92889,2.133,0.084827,-0.049154,-0.060202,7.7832
0.92895,2.133,0.084824,-0.049133,-0.060185,7.7905
0.929,2.133,0.084821,-0.049106,-0.060161,7.7827
0.92905,2.133,0.084818,-0.049077,-0.060137,7.7809
0.92911,2.133,0.084814,-0.049052,-0.060128,7.7947
0.92916,2.133,0.084811,-0.049022,-0.060142,7.7965
0.92921,2.133,0.084808,-0.049006,-0.060182,7.7997
0.92926,2.133,0.084805,-0.049006,-0.060292,7.8043
0.92932,2.133,0.084802,-0.049011,-0.060453,7.8139
0.92937,2.133,0.084799,-0.049026,-0.060607,7.7956
0.92942,2.133,0.084795,-0.049052,-0.060744,7.7956
0.92947,2.133,0.084792,-0.049088,-0.06088,7.8042
0.92953,2.133,0.084789,-0.049129,-0.061016,7.79
0.92958,2.133,0.084786,-0.04917,-0.061149,7.7902
0.92963,2.133,0.084782,-0.049221,-0.06128,7.8007
0.92968,2.133,0.084779,-0.04928,-0.061409,7.7961
0.92974,2.133,0.084776,-0.049329,-0.061532,7.791
0.92979,2.133,0.084773,-0.049358,-0.061663,7.7959
0.92984,2.133,0.084769,-0.049362,-0.061778,7.8027
0.92989,2.133,0.084766,-0.04935,-0.06186,7.787
0.92995,2.133,0.084763,-0.049319,-0.061902,7.7894
0.93,2.133,0.08476,-0.049285,-0.061902,7.7867
0.93005,2.133,0.084756,-0.049256,-0.061855,7.7768
0.93011,2.133,0.084753,-0.049235,-0.061811,7.7869
0.93016,2.1329,0.08475,-0.049221,-0.061767,7.7997
0.93021,2.1329,0.084747,-0.049213,-0.061777,7.7892
0.93026,2.1329,0.084743,-0.049214,-0.061796,7.7888
0.93032,2.1329,0.08474,-0.049224,-0.061846,7.7944
0.93037,2.1329,0.084737,-0.04922,-0.061893,7.7848
0.93042,2.1329,0.084734,-0.049216,-0.061951,7.785
0.93047,2.1329,0.08473,-0.049213,-0.061979,7.793
0.93053,2.1329,0.084727,-0.049208,-0.062038,7.7846
0.93058,2.1329,0.084724,-0.049205,-0.062083,7.7732
0.93063,2.1329,0.084721,-0.049197,-0.062133,7.7851
0.93068,2.1329,0.084717,-0.049185,-0.062152,7.7907
0.93074,2.1329,0.084714,-0.049159,-0.062152,7.786
0.93079,2.1329,0.084711,-0.049112,-0.062148,7.7878
0.93084,2.1329,0.084708,-0.049057,-0.062162,7.7962
0.93089,2.1329,0.084704,-0.049004,-0.062166,7.7862
0.93095,2.1329,0.084701,-0.048955,-0.062194,7.7908
0.931,2.1329,0.084698,-0.048905,-0.062222,7.7972
0.93105,2.1329,0.084694,-0.048834,-0.062227,7.7814
0.93111,2.1329,0.084691,-0.048768,-0.062244,7.7743
0.93116,2.1329,0.084688,-0.048695,-0.062242,7.7834
0.93121,2.1329,0.084685,-0.048631,-0.062297,7.778
0.93126,2.1329,0.084681,-0.048586,-0.062361,7.7679
0.93132,2.1329,0.084678,-0.048557,-0.062454,7.7734
0.93137,2.1329,0.084675,-0.048543,-0.062559,7.7748
0.93142,2.1329,0.084671,-0.048537,-0.062654,7.7615
0.93147,2.1329,0.084668,-0.048513,-0.06272,7.7578
0.93153,2.1329,0.084665,-0.048494,-0.062786,7.7603
0.93158,2.1329,0.084662,-0.048453,-0.062819,7.7531
0.93163,2.1329,0.084658,-0.048402,-0.062854,7.755
0.93168,2.1329,0.084655,-0.048332,-0.062866,7.7595
0.93174,2.1329,0.084652,-0.048259,-0.062894,7.751
0.93179,2.1329,0.084648,-0.04818,-0.062922,7.7544
0.93184,2.1329,0.084645,-0.048108,-0.062953,7.7663
0.93189,2.1329,0.084642,-0.048035,-0.06299,7.7569
0.93195,2.1329,0.084638,-0.047977,-0.063014,7.7577
0.932,2.1329,0.084635,-0.047922,-0.063069,7.7597
0.93205,2.1329,0.084632,-0.047856,-0.063145,7.7484
0.93211,2.1329,0.084628,-0.047785,-0.063234,7.7451
0.93216,2.1329,0.084625,-0.047714,-0.063328,7.7536
0.93221,2.1328,0.084622,-0.04763,-0.063418,7.7527
0.93226,2.1328,0.084618,-0.047554,-0.063487,7.7409
0.93232,2.1328,0.084615,-0.04749,-0.06355,7.7452
0.93237,2.1328,0.084612,-0.047445,-0.063632,7.7447
0.93242,2.1328,0.084608,-0.047413,-0.063744,7.7378
0.93247,2.1328,0.084605,-0.047387,-0.063865,7.7389
0.93253,2.1328,0.084602,-0.04738,-0.064039,7.7393
0.93258,2.1328,0.084598,-0.047379,-0.064235,7.725
0.93263,2.1328,0.084595,-0.047371,-0.064459,7.7196
0.93268,2.1328,0.084591,-0.047354,-0.064703,7.7318
0.93274,2.1328,0.084588,-0.04733,-0.065009,7.7266
0.93279,2.1328,0.084585,-0.047297,-0.065348,7.7192
0.93284,2.1328,0.084581,-0.047257,-0.065634,7.7274
0.93289,2.1328,0.084578,-0.047216,-0.065914,7.7328
0.93295,2.1328,0.084574,-0.04718,-0.066172,7.7232
0.933,2.1328,0.084571,-0.047145,-0.066348,7.7281
0.93305,2.1328,0.084567,-0.047104,-0.066438,7.73
0.93311,2.1328,0.084564,-0.047053,-0.066463,7.7198
0.93316,2.1328,0.08456,-0.047,-0.066509,7.7223
0.93321,2.1328,0.084557,-0.046949,-0.066562,7.7258
0.93326,2.1328,0.084553,-0.046906,-0.066644,7.7269
0.93332,2.1328,0.08455,-0.046875,-0.06677,7.729
0.93337,2.1328,0.084546,-0.046855,-0.06691,7.7417
0.93342,2.1328,0.084543,-0.046842,-0.06702,7.7336
0.93347,2.1328,0.084539,-0.046839,-0.067048,7.7313
0.93353,2.1328,0.084536,-0.046828,-0.067036,7.7397
0.93358,2.1328,0.084532,-0.046809,-0.067025,7.7325
0.93363,2.1328,0.084528,-0.046778,-0.066972,7.7313
0.93368,2.1328,0.084525,-0.04674,-0.066956,7.7384
0.93374,2.1328,0.084521,-0.046695,-0.066943,7.7305
0.93379,2.1328,0.084518,-0.046652,-0.066978,7.7308
0.93384,2.1328,0.084514,-0.04662,-0.067073,7.7422
0.93389,2.1328,0.084511,-0.046591,-0.06724,7.7424
0.93395,2.1328,0.084507,-0.046558,-0.067524,7.732
0.934,2.1328,0.084504,-0.046513,-0.067847,7.7348
0.93405,2.1328,0.0845,-0.04646,-0.068184,7.7344
0.93411,2.1328,0.084497,-0.0464,-0.068534,7.7284
0.93416,2.1328,0.084493,-0.046338,-0.06887,7.7204
0.93421,2.1328,0.084489,-0.046291,-0.069173,7.7311
0.93426,2.1328,0.084486,-0.046256,-0.069451,7.7279
0.93432,2.1327,0.084482,-0.046217,-0.069699,7.7191
0.93437,2.1327,0.084478,-0.046179,-0.069995,7.7364
0.93442,2.1327,0.084475,-0.046131,-0.070221,7.7456
0.93447,2.1327,0.084471,-0.046075,-0.070416,7.7284
0.93453,2.1327,0.084467,-0.046001,-0.070555,7.7358
0.93458,2.1327,0.084463,-0.045909,-0.070722,7.7425
0.93463,2.1327,0.08446,-0.045817,-0.070899,7.7351
0.93468,2.1327,0.084456,-0.04573,-0.071068,7.7414
0.93474,2.1327,0.084452,-0.04565,-0.071279,7.7481
0.93479,2.1327,0.084448,-0.04557,-0.071532,7.7442
0.93484,2.1327,0.084445,-0.045503,-0.071739,7.751
0.93489,2.1327,0.084441,-0.045439,-0.071869,7.7645
0.93495,2.1327,0.084437,-0.045356,-0.071979,7.7578
0.935,2.1327,0.084433,-0.045264,-0.072087,7.7568
0.93505,2.1327,0.084429,-0.045169,-0.072161,7.759
0.93511,2.1327,0.084426,-0.045072,-0.072192,7.7507
0.93516,2.1327,0.084422,-0.044972,-0.072207,7.746
0.93521,2.1327,0.084418,-0.044857,-0.072182,7.7523
0.93526,2.1327,0.084414,-0.044754,-0.072173,7.7502
0.93532,2.1327,0.08441,-0.044651,-0.072137,7.7442
0.93537,2.1327,0.084407,-0.044537,-0.072133,7.7488
0.93542,2.1327,0.084403,-0.044442,-0.072118,7.75
0.93547,2.1327,0.084399,-0.044356,-0.072076,7.7412
0.93553,2.1327,0.084395,-0.044275,-0.071996,7.7443
0.93558,2.1327,0.084392,-0.044197,-0.071865,7.7442
0.93563,2.1327,0.084388,-0.044124,-0.071718,7.7309
0.93568,2.1327,0.084384,-0.044058,-0.071581,7.7239
0.93574,2.1327,0.08438,-0.043989,-0.071411,7.7357
0.93579,2.1327,0.084376,-0.043909,-0.071288,7.7295
0.93584,2.1327,0.084373,-0.043829,-0.071183,7.7374
0.93589,2.1327,0.084369,-0.043741,-0.071089,7.7499
0.93595,2.1327,0.084365,-0.043648,-0.071052,7.7533
0.936,2.1327,0.084361,-0.043558,-0.071077,7.7489
0.93605,2.1327,0.084358,-0.043483,-0.07112,7.7619
0.93611,2.1327,0.084354,-0.043425,-0.071129,7.7591
0.93616,2.1327,0.08435,-0.043393,-0.071099,7.7513
0.93621,2.1327,0.084347,-0.043376,-0.07106,7.7535
0.93626,2.1327,0.084343,-0.043372,-0.070956,7.7692
0.93632,2.1327,0.084339,-0.043374,-0.070855,7.7586
0.93637,2.1327,0.084335,-0.043384,-0.07081,7.7649
0.93642,2.1327,0.084332,-0.043392,-0.070817,7.7845
0.93647,2.1327,0.084328,-0.0434,-0.07084,7.7759
0.93653,2.1327,0.084324,-0.043408,-0.07087,7.7751
0.93658,2.1326,0.08432,-0.043414,-0.070897,7.7829
0.93663,2.1326,0.084317,-0.043409,-0.07087,7.7747
0.93668,2.1326,0.084313,-0.043405,-0.070764,7.7586
0.93674,2.1326,0.084309,-0.043385,-0.070597,7.7666
0.93679,2.1326,0.084306,-0.043361,-0.07033,7.7544
0.93684,2.1326,0.084302,-0.043333,-0.069991,7.7407
0.93689,2.1326,0.084298,-0.043313,-0.069617,7.7428
0.93695,2.1326,0.084295,-0.043301,-0.06924,7.7394
0.937,2.1326,0.084291,-0.043299,-0.068881,7.728
0.93705,2.1326,0.084287,-0.04331,-0.068637,7.7238
0.93711,2.1326,0.084284,-0.04334,-0.068464,7.732
0.93716,2.1326,0.08428,-0.043356,-0.068306,7.7195
0.93721,2.1326,0.084277,-0.043365,-0.068146,7.7214
0.93726,2.1326,0.084273,-0.043368,-0.068006,7.724
0.93732,2.1326,0.084269,-0.043374,-0.06786,7.7177
0.93737,2.1326,0.084266,-0.04338,-0.067633,7.7154
0.93742,2.1326,0.084262,-0.043395,-0.067348,7.7192
0.93747,2.1326,0.084259,-0.043406,-0.06706,7.724
0.93753,2.1326,0.084255,-0.043414,-0.066704,7.7114
0.93758,2.1326,0.084252,-0.043393,-0.066356,7.7209
0.93763,2.1326,0.084248,-0.043357,-0.066031,7.723
0.93768,2.1326,0.084245,-0.043321,-0.065789,7.714
0.93774,2.1326,0.084241,-0.043283,-0.065591,7.7229
0.93779,2.1326,0.084238,-0.04325,-0.065377,7.7265
0.93784,2.1326,0.084234,-0.043235,-0.065127,7.7175
0.93789,2.1326,0.084231,-0.043225,-0.064824,7.7248
0.93795,2.1326,0.084228,-0.043224,-0.064523,7.7366
0.938,2.1326,0.084224,-0.043222,-0.064244,7.7264
0.93805,2.1326,0.084221,-0.043229,-0.063993,7.7235
0.93811,2.1326,0.084218,-0.043243,-0.063805,7.7297
0.93816,2.1326,0.084214,-0.043253,-0.063641,7.7231
0.93821,2.1326,0.084211,-0.043252,-0.063497,7.7159
0.93826,2.1326,0.084208,-0.043242,-0.063306,7.7098
0.93832,2.1326,0.084204,-0.043223,-0.063082,7.7155
0.93837,2.1326,0.084201,-0.04321,-0.062875,7.7098
0.93842,2.1326,0.084198,-0.043204,-0.062643,7.7204
0.93847,2.1326,0.084194,-0.043205,-0.062413,7.7257
0.93853,2.1326,0.084191,-0.043212,-0.062178,7.7127
0.93858,2.1326,0.084188,-0.043229,-0.061955,7.7176
0.93863,2.1326,0.084185,-0.043238,-0.06174,7.7226
0.93868,2.1326,0.084181,-0.043244,-0.061527,7.7171
0.93874,2.1326,0.084178,-0.043249,-0.06137,7.7159
0.93879,2.1326,0.084175,-0.043259,-0.061246,7.7259
0.93884,2.1326,0.084172,-0.043278,-0.061173,7.7173
0.93889,2.1325,0.084168,-0.043307,-0.061114,7.7196
0.93895,2.1325,0.084165,-0.043346,-0.061091,7.7334
0.939,2.1325,0.084162,-0.043391,-0.061071,7.7345
0.93905,2.1325,0.084159,-0.04344,-0.061015,7.733
0.93911,2.1325,0.084156,-0.043498,-0.06095,7.7398
0.93916,2.1325,0.084152,-0.043546,-0.060851,7.7382
0.93921,2.1325,0.084149,-0.043584,-0.060666,7.7325
0.93926,2.1325,0.084146,-0.04362,-0.060395,7.7422
0.93932,2.1325,0.084143,-0.043645,-0.060078,7.7528
0.93937,2.1325,0.08414,-0.043654,-0.059762,7.7417
0.93942,2.1325,0.084137,-0.043649,-0.05947,7.7487
0.93947,2.1325,0.084133,-0.043631,-0.059181,7.7663
0.93953,2.1325,0.08413,-0.04361,-0.058925,7.7613
0.93958,2.1325,0.084127,-0.043575,-0.058678,7.7564
0.93963,2.1325,0.084124,-0.043529,-0.058432,7.7694
0.93968,2.1325,0.084121,-0.04349,-0.058182,7.7676
0.93974,2.1325,0.084118,-0.043458,-0.057912,7.7595
0.93979,2.1325,0.084115,-0.04344,-0.057635,7.7649
0.93984,2.1325,0.084112,-0.043426,-0.057367,7.7723
0.93989,2.1325,0.084109,-0.04342,-0.057079,7.7575
0.93995,2.1325,0.084106,-0.04341,-0.056785,7.7687
0.94,2.1325,0.084103,-0.043396,-0.056547,7.7747
0.94005,2.1325,0.0841,-0.043384,-0.056343,7.7655
0.94011,2.1325,0.084097,-0.043362,-0.056157,7.7726
0.94016,2.1325,0.084094,-0.043331,-0.055915,7.7802
0.94021,2.1325,0.084091,-0.043289,-0.055644,7.7725
0.94026,2.1325,0.084088,-0.043236,-0.055345,7.7713
0.94032,2.1325,0.084085,-0.043192,-0.055071,7.7806
0.94037,2.1325,0.084083,-0.043148,-0.054813,7.7791
0.94042,2.1325,0.08408,-0.043105,-0.054661,7.7744
0.94047,2.1325,0.084077,-0.043078,-0.054545,7.7887
0.94053,2.1325,0.084074,-0.043046,-0.05447,7.7885
0.94058,2.1325,0.084071,-0.043021,-0.054387,7.7869
0.94063,2.1325,0.084068,-0.043,-0.054294,7.7936
0.94068,2.1325,0.084065,-0.042988,-0.054172,7.7864
0.94074,2.1325,0.084063,-0.042989,-0.054047,7.7811
0.94079,2.1325,0.08406,-0.042985,-0.053881,7.7881
0.94084,2.1325,0.084057,-0.042975,-0.05373,7.7905
0.94089,2.1325,0.084054,-0.042968,-0.053605,7.7801
0.94095,2.1325,0.084051,-0.042974,-0.053529,7.78
0.941,2.1325,0.084048,-0.042991,-0.053491,7.7916
0.94105,2.1325,0.084046,-0.043005,-0.053421,7.788
0.94111,2.1325,0.084043,-0.043017,-0.053352,7.78
0.94116,2.1325,0.08404,-0.043006,-0.053253,7.7954
0.94121,2.1324,0.084037,-0.042965,-0.053148,7.7879
0.94126,2.1324,0.084034,-0.04291,-0.053049,7.7827
0.94132,2.1324,0.084032,-0.042848,-0.052993,7.7836
0.94137,2.1324,0.084029,-0.042789,-0.052976,7.784
0.94142,2.1324,0.084026,-0.042741,-0.053018,7.7799
0.94147,2.1324,0.084023,-0.042697,-0.053042,7.7891
0.94153,2.1324,0.08402,-0.042671,-0.053075,7.7929
0.94158,2.1324,0.084018,-0.042649,-0.053077,7.7863
0.94163,2.1324,0.084015,-0.042646,-0.053055,7.7974
0.94168,2.1324,0.084012,-0.042649,-0.053015,7.8063
0.94174,2.1324,0.084009,-0.042656,-0.052979,7.7944
0.94179,2.1324,0.084006,-0.042644,-0.052958,7.798
0.94184,2.1324,0.084004,-0.04263,-0.052974,7.7968
0.94189,2.1324,0.084001,-0.042606,-0.053015,7.7935
0.94195,2.1324,0.083998,-0.042577,-0.053029,7.788
0.942,2.1324,0.083995,-0.042562,-0.053017,7.804
0.94205,2.1324,0.083993,-0.042558,-0.052978,7.7987
0.94211,2.1324,0.08399,-0.042566,-0.052961,7.7917
0.94216,2.1324,0.083987,-0.042594,-0.052961,7.809
0.94221,2.1324,0.083984,-0.042616,-0.053002,7.8041
0.94226,2.1324,0.083981,-0.042636,-0.053072,7.7888
0.94232,2.1324,0.083979,-0.042644,-0.053143,7.7958
0.94237,2.1324,0.083976,-0.042635,-0.0532,7.7987
0.94242,2.1324,0.083973,-0.042615,-0.053257,7.7898
0.94247,2.1324,0.08397,-0.04258,-0.053271,7.7873
0.94253,2.1324,0.083967,-0.042541,-0.053264,7.7974
0.94258,2.1324,0.083965,-0.042507,-0.053224,7.7967
0.94263,2.1324,0.083962,-0.042476,-0.053159,7.7915
0.94268,2.1324,0.083959,-0.042432,-0.053024,7.7999
0.94274,2.1324,0.083956,-0.042378,-0.05284,7.7964
0.94279,2.1324,0.083953,-0.042325,-0.052697,7.7879
0.94284,2.1324,0.083951,-0.042271,-0.052551,7.7974
0.94289,2.1324,0.083948,-0.042208,-0.052418,7.7906
0.94295,2.1324,0.083945,-0.042141,-0.052362,7.7841
0.943,2.1324,0.083942,-0.04208,-0.052387,7.7937
0.94305,2.1324,0.08394,-0.042026,-0.052483,7.8047
0.94311,2.1324,0.083937,-0.041967,-0.052565,7.7972
0.94316,2.1324,0.083934,-0.041917,-0.052649,7.7983
0.94321,2.1324,0.083931,-0.04188,-0.052707,7.8144
0.94326,2.1324,0.083929,-0.041849,-0.052722,7.7967
0.94332,2.1324,0.083926,-0.041811,-0.052721,7.8017
0.94337,2.1324,0.083923,-0.04177,-0.052747,7.8002
0.94342,2.1324,0.08392,-0.041726,-0.052856,7.7919
0.94347,2.1324,0.083917,-0.041675,-0.053008,7.7858
0.94353,2.1323,0.083915,-0.041626,-0.053169,7.7934
0.94358,2.1323,0.083912,-0.041568,-0.053386,7.7919
0.94363,2.1323,0.083909,-0.041507,-0.053578,7.7868
0.94368,2.1323,0.083906,-0.041452,-0.05378,7.7912
0.94374,2.1323,0.083903,-0.041389,-0.053929,7.7893
0.94379,2.1323,0.0839,-0.041324,-0.054032,7.7785
0.94384,2.1323,0.083898,-0.041262,-0.054089,7.7791
0.94389,2.1323,0.083895,-0.041198,-0.054057,7.7835
0.94395,2.1323,0.083892,-0.041134,-0.054015,7.7677
0.944,2.1323,0.083889,-0.041057,-0.053985,7.7728
0.94405,2.1323,0.083886,-0.040977,-0.053963,7.7854
0.94411,2.1323,0.083883,-0.040894,-0.053957,7.7739
0.94416,2.1323,0.083881,-0.0408,-0.05396,7.7727
0.94421,2.1323,0.083878,-0.040703,-0.053983,7.7861
0.94426,2.1323,0.083875,-0.04061,-0.054034,7.7791
0.94432,2.1323,0.083872,-0.040513,-0.054052,7.7754
0.94437,2.1323,0.083869,-0.04041,-0.05413,7.781
0.94442,2.1323,0.083866,-0.040312,-0.054215,7.7827
0.94447,2.1323,0.083864,-0.040228,-0.054315,7.781
0.94453,2.1323,0.083861,-0.040169,-0.054372,7.7851
0.94458,2.1323,0.083858,-0.040126,-0.054394,7.7913
0.94463,2.1323,0.083855,-0.040091,-0.054385,7.7865
0.94468,2.1323,0.083852,-0.040055,-0.054334,7.7947
0.94474,2.1323,0.083849,-0.040022,-0.054252,7.7985
0.94479,2.1323,0.083846,-0.039974,-0.054201,7.7984
0.94484,2.1323,0.083843,-0.039927,-0.054181,7.7993
0.94489,2.1323,0.083841,-0.039897,-0.054165,7.8025
0.94495,2.1323,0.083838,-0.039883,-0.054157,7.7921
0.945,2.1323,0.083835,-0.039876,-0.054167,7.7806
0.94505,2.1323,0.083832,-0.039875,-0.054191,7.7931
0.94511,2.1323,0.083829,-0.039879,-0.054237,7.7899
0.94516,2.1323,0.083826,-0.039901,-0.054312,7.7859
0.94521,2.1323,0.083824,-0.039912,-0.054355,7.7995
0.94526,2.1323,0.083821,-0.039928,-0.054397,7.8057
0.94532,2.1323,0.083818,-0.039972,-0.054413,7.7941
0.94537,2.1323,0.083815,-0.040015,-0.054431,7.8025
0.94542,2.1323,0.083812,-0.040062,-0.054469,7.8064
0.94547,2.1323,0.083809,-0.040109,-0.054537,7.8024
0.94553,2.1323,0.083806,-0.040159,-0.054652,7.8024
0.94558,2.1323,0.083803,-0.040198,-0.054785,7.8163
0.94563,2.1323,0.083801,-0.04022,-0.054907,7.8104
0.94568,2.1323,0.083798,-0.040244,-0.055045,7.8109
0.94574,2.1323,0.083795,-0.040286,-0.05516,7.8255
0.94579,2.1323,0.083792,-0.040328,-0.055258,7.8182
0.94584,2.1323,0.083789,-0.040379,-0.055364,7.8144
0.94589,2.1323,0.083786,-0.04044,-0.055442,7.8193
0.94595,2.1323,0.083783,-0.040509,-0.055507,7.814
0.946,2.1322,0.08378,-0.040581,-0.055576,7.8045
0.94605,2.1322,0.083777,-0.040655,-0.055655,7.8129
0.94611,2.1322,0.083774,-0.040716,-0.055762,7.8178
0.94616,2.1322,0.083771,-0.040773,-0.05588,7.8131
0.94621,2.1322,0.083768,-0.040819,-0.05601,7.8246
0.94626,2.1322,0.083765,-0.040856,-0.056141,7.8332
0.94632,2.1322,0.083762,-0.040885,-0.056218,7.8245
0.94637,2.1322,0.08376,-0.040908,-0.056238,7.8287
0.94642,2.1322,0.083757,-0.040934,-0.056244,7.8288
0.94647,2.1322,0.083754,-0.040959,-0.056232,7.8253
0.94653,2.1322,0.083751,-0.040977,-0.056203,7.8155
0.94658,2.1322,0.083748,-0.041004,-0.056197,7.8168
0.94663,2.1322,0.083745,-0.04103,-0.056207,7.8179
0.94668,2.1322,0.083742,-0.041066,-0.056242,7.8114
0.94674,2.1322,0.083739,-0.04111,-0.056298,7.8218
0.94679,2.1322,0.083736,-0.04116,-0.056368,7.824
0.94684,2.1322,0.083733,-0.041211,-0.056486,7.8111
0.94689,2.1322,0.08373,-0.041263,-0.056639,7.8182
0.94695,2.1322,0.083727,-0.041312,-0.056775,7.8137
0.947,2.1322,0.083724,-0.041357,-0.05687,7.8053
0.94705,2.1322,0.083721,-0.041387,-0.056934,7.8118
0.94711,2.1322,0.083718,-0.041426,-0.057,7.8143
0.94716,2.1322,0.083715,-0.041476,-0.057053,7.8057
0.94721,2.1322,0.083712,-0.041542,-0.057074,7.8012
0.94726,2.1322,0.083709,-0.041628,-0.057076,7.8169
0.94732,2.1322,0.083706,-0.041728,-0.05713,7.8205
0.94737,2.1322,0.083703,-0.041827,-0.057212,7.813
0.94742,2.1322,0.0837,-0.041925,-0.057304,7.8171
0.94747,2.1322,0.083697,-0.04201,-0.057448,7.8132
0.94753,2.1322,0.083694,-0.042101,-0.057613,7.8071
0.94758,2.1322,0.083691,-0.042194,-0.057779,7.8192
0.94763,2.1322,0.083688,-0.042279,-0.057872,7.8185
0.94768,2.1322,0.083685,-0.04237,-0.057916,7.804
0.94774,2.1322,0.083682,-0.042457,-0.057964,7.8126
0.94779,2.1322,0.083679,-0.042532,-0.058036,7.8239
0.94784,2.1322,0.083676,-0.042601,-0.058121,7.8135
0.94789,2.1322,0.083672,-0.042665,-0.058203,7.8074
0.94795,2.1322,0.083669,-0.042733,-0.058277,7.8093
0.948,2.1322,0.083666,-0.042794,-0.058337,7.8028
0.94805,2.1322,0.083663,-0.042849,-0.058358,7.7945
0.94811,2.1322,0.08366,-0.042908,-0.05838,7.7993
0.94816,2.1322,0.083657,-0.042979,-0.058427,7.7902
0.94821,2.1322,0.083654,-0.04306,-0.058522,7.79
0.94826,2.1322,0.083651,-0.043146,-0.058642,7.7958
0.94832,2.1322,0.083648,-0.043235,-0.058765,7.7992
0.94837,2.1322,0.083645,-0.043321,-0.058932,7.7863
0.94842,2.1321,0.083642,-0.043403,-0.059074,7.792
0.94847,2.1321,0.083639,-0.04348,-0.059177,7.79
0.94853,2.1321,0.083635,-0.043545,-0.059252,7.7711
0.94858,2.1321,0.083632,-0.043614,-0.059331,7.7754
0.94863,2.1321,0.083629,-0.043684,-0.059404,7.7839
0.94868,2.1321,0.083626,-0.043754,-0.059467,7.7706
0.94874,2.1321,0.083623,-0.043824,-0.059517,7.7742
0.94879,2.1321,0.08362,-0.043896,-0.059567,7.7783
0.94884,2.1321,0.083617,-0.043972,-0.059584,7.7776
0.94889,2.1321,0.083613,-0.044046,-0.059538,7.7734
0.94895,2.1321,0.08361,-0.04412,-0.059499,7.7816
0.949,2.1321,0.083607,-0.044191,-0.059485,7.7722
0.94905,2.1321,0.083604,-0.04426,-0.059458,7.761
0.94911,2.1321,0.083601,-0.044325,-0.059438,7.7644
0.94916,2.1321,0.083598,-0.044385,-0.059422,7.7679
0.94921,2.1321,0.083595,-0.044443,-0.059467,7.7555
0.94926,2.1321,0.083592,-0.044501,-0.059528,7.7599
0.94932,2.1321,0.083588,-0.044559,-0.059608,7.775
0.94937,2.1321,0.083585,-0.044618,-0.059696,7.7618
0.94942,2.1321,0.083582,-0.04468,-0.059775,7.7589
0.94947,2.1321,0.083579,-0.044742,-0.059804,7.7673
0.94953,2.1321,0.083576,-0.044803,-0.059789,7.7528
0.94958,2.1321,0.083573,-0.04486,-0.059728,7.7466
0.94963,2.1321,0.08357,-0.044917,-0.059641,7.7579
0.94968,2.1321,0.083566,-0.04497,-0.05955,7.7491
0.94974,2.1321,0.083563,-0.045022,-0.059484,7.7441
0.94979,2.1321,0.08356,-0.045075,-0.059448,7.7637
0.94984,2.1321,0.083557,-0.045129,-0.059505,7.7597
0.94989,2.1321,0.083554,-0.045183,-0.059621,7.7499
0.94995,2.1321,0.083551,-0.045236,-0.059763,7.761
0.95,2.1321,0.083548,-0.045283,-0.059866,7.7609
0.95005,2.1321,0.083544,-0.045339,-0.059944,7.7486
0.95011,2.1321,0.083541,-0.045397,-0.060052,7.7532
0.95016,2.1321,0.083538,-0.045458,-0.060181,7.7619
0.95021,2.1321,0.083535,-0.045518,-0.060333,7.7476
0.95026,2.1321,0.083532,-0.045574,-0.060504,7.7506
0.95032,2.1321,0.083529,-0.045624,-0.060649,7.7632
0.95037,2.1321,0.083525,-0.045667,-0.060749,7.7559
0.95042,2.1321,0.083522,-0.0457,-0.060734,7.7464
0.95047,2.1321,0.083519,-0.045738,-0.060673,7.7569
0.95053,2.1321,0.083516,-0.045776,-0.060565,7.7571
0.95058,2.1321,0.083513,-0.045814,-0.060465,7.7438
0.95063,2.132,0.083509,-0.045855,-0.060404,7.7483
0.95068,2.132,0.083506,-0.045901,-0.060362,7.758
0.95074,2.132,0.083503,-0.045956,-0.060371,7.7577
0.95079,2.132,0.0835,-0.046016,-0.060416,7.7621
0.95084,2.132,0.083497,-0.046073,-0.060421,7.7701
0.95089,2.132,0.083494,-0.046122,-0.060401,7.77
0.95095,2.132,0.08349,-0.046169,-0.060347,7.7701
0.951,2.132,0.083487,-0.046209,-0.060315,7.7769
0.95105,2.132,0.083484,-0.046252,-0.060305,7.7683
0.95111,2.132,0.083481,-0.046309,-0.060274,7.7633
0.95116,2.132,0.083478,-0.046378,-0.060239,7.7776
0.95121,2.132,0.083475,-0.046449,-0.060164,7.7721
0.95126,2.132,0.083471,-0.046509,-0.060024,7.7692
0.95132,2.132,0.083468,-0.046555,-0.059843,7.7883
0.95137,2.132,0.083465,-0.046597,-0.05962,7.7898
0.95142,2.132,0.083462,-0.046629,-0.059408,7.7764
0.95147,2.132,0.083459,-0.046658,-0.059214,7.7808
0.95153,2.132,0.083456,-0.046694,-0.059048,7.786
0.95158,2.132,0.083453,-0.046727,-0.058932,7.7782
0.95163,2.132,0.08345,-0.046753,-0.058824,7.7802
0.95168,2.132,0.083446,-0.046773,-0.058719,7.7848
0.95174,2.132,0.083443,-0.046796,-0.058606,7.7766
0.95179,2.132,0.08344,-0.046823,-0.058478,7.7776
0.95184,2.132,0.083437,-0.046848,-0.058319,7.7929
0.95189,2.132,0.083434,-0.046877,-0.058149,7.788
0.95195,2.132,0.083431,-0.046909,-0.057984,7.7854
0.952,2.132,0.083428,-0.046939,-0.057841,7.7912
0.95205,2.132,0.083425,-0.046961,-0.057688,7.7829
0.95211,2.132,0.083422,-0.046982,-0.057543,7.7755
0.95216,2.132,0.083419,-0.047005,-0.057411,7.7845
0.95221,2.132,0.083416,-0.047019,-0.057312,7.7843
0.95226,2.132,0.083413,-0.04703,-0.057162,7.7768
0.95232,2.132,0.08341,-0.047045,-0.057005,7.7845
0.95237,2.132,0.083407,-0.047059,-0.056809,7.7946
0.95242,2.132,0.083404,-0.047067,-0.056587,7.7884
0.95247,2.132,0.083401,-0.047073,-0.056372,7.7851
0.95253,2.132,0.083398,-0.047071,-0.056158,7.7965
0.95258,2.132,0.083395,-0.047063,-0.055927,7.7859
0.95263,2.132,0.083392,-0.047063,-0.05571,7.7856
0.95268,2.132,0.083389,-0.04707,-0.055499,7.7941
0.95274,2.132,0.083386,-0.047078,-0.055305,7.7872
0.95279,2.1319,0.083383,-0.047089,-0.05508,7.781
0.95284,2.1319,0.083381,-0.047109,-0.054842,7.7914
0.95289,2.1319,0.083378,-0.047136,-0.054605,7.7911
0.95295,2.1319,0.083375,-0.047154,-0.054328,7.7861
0.953,2.1319,0.083372,-0.047165,-0.054037,7.7934
0.95305,2.1319,0.083369,-0.047176,-0.053759,7.7957
0.95311,2.1319,0.083366,-0.047173,-0.05349,7.7883
0.95316,2.1319,0.083364,-0.047155,-0.053254,7.7824
0.95321,2.1319,0.083361,-0.047127,-0.053018,7.7905
0.95326,2.1319,0.083358,-0.047098,-0.052793,7.7822
0.95332,2.1319,0.083355,-0.047072,-0.052584,7.7807
0.95337,2.1319,0.083352,-0.047041,-0.05239,7.7871
0.95342,2.1319,0.08335,-0.047018,-0.05225,7.7812
0.95347,2.1319,0.083347,-0.046992,-0.052131,7.7692
0.95353,2.1319,0.083344,-0.046973,-0.052012,7.7761
0.95358,2.1319,0.083341,-0.046955,-0.051917,7.7636
0.95363,2.1319,0.083339,-0.046926,-0.0518,7.7507
0.95368,2.1319,0.083336,-0.046893,-0.051676,7.7588
0.95374,2.1319,0.083333,-0.046853,-0.051546,7.7511
0.95379,2.1319,0.083331,-0.046813,-0.051412,7.7437
0.95384,2.1319,0.083328,-0.046788,-0.051277,7.7494
0.95389,2.1319,0.083325,-0.04677,-0.051139,7.753
0.95395,2.1319,0.083323,-0.046769,-0.050998,7.7432
0.954,2.1319,0.08332,-0.046772,-0.050854,7.7507
0.95405,2.1319,0.083317,-0.046769,-0.050708,7.7559
0.95411,2.1319,0.083315,-0.046776,-0.050564,7.7402
0.95416,2.1319,0.083312,-0.046774,-0.050419,7.7396
0.95421,2.1319,0.083309,-0.046786,-0.050276,7.745
0.95426,2.1319,0.083307,-0.046814,-0.050133,7.7439
0.95432,2.1319,0.083304,-0.046851,-0.049989,7.7394
0.95437,2.1319,0.083301,-0.046885,-0.049841,7.7478
0.95442,2.1319,0.083299,-0.046906,-0.049686,7.7538
0.95447,2.1319,0.083296,-0.046916,-0.04953,7.7523
0.95453,2.1319,0.083293,-0.046934,-0.049374,7.756
0.95458,2.1319,0.083291,-0.046941,-0.049215,7.7547
0.95463,2.1319,0.083288,-0.046958,-0.049057,7.747
0.95468,2.1319,0.083286,-0.046979,-0.048897,7.744
0.95474,2.1319,0.083283,-0.047002,-0.048748,7.7493
0.95479,2.1319,0.083281,-0.047027,-0.048574,7.7421
0.95484,2.1319,0.083278,-0.047049,-0.048382,7.739
0.95489,2.1318,0.083276,-0.047076,-0.048187,7.7535
0.95495,2.1318,0.083273,-0.047111,-0.047992,7.7537
0.955,2.1318,0.08327,-0.047146,-0.047805,7.7529
0.95505,2.1318,0.083268,-0.047185,-0.047631,7.7666
0.95511,2.1318,0.083265,-0.047217,-0.047473,7.7596
0.95516,2.1318,0.083263,-0.047254,-0.047334,7.7573
0.95521,2.1318,0.083261,-0.047293,-0.047177,7.755
0.95526,2.1318,0.083258,-0.047306,-0.047019,7.751
0.95532,2.1318,0.083256,-0.047298,-0.046859,7.7493
0.95537,2.1318,0.083253,-0.047274,-0.046712,7.7589
0.95542,2.1318,0.083251,-0.047243,-0.046542,7.7583
0.95547,2.1318,0.083248,-0.04721,-0.046355,7.754
0.95553,2.1318,0.083246,-0.047188,-0.046159,7.7571
0.95558,2.1318,0.083243,-0.047183,-0.045963,7.767
0.95563,2.1318,0.083241,-0.047189,-0.045776,7.7619
0.95568,2.1318,0.083239,-0.047184,-0.045601,7.7606
0.95574,2.1318,0.083236,-0.047181,-0.045446,7.7668
0.95579,2.1318,0.083234,-0.047171,-0.045316,7.7582
0.95584,2.1318,0.083231,-0.047157,-0.045184,7.7611
0.95589,2.1318,0.083229,-0.047138,-0.045041,7.7749
0.95595,2.1318,0.083227,-0.047116,-0.044855,7.7772
0.956,2.1318,0.083224,-0.047092,-0.044648,7.7701
0.95605,2.1318,0.083222,-0.047069,-0.044448,7.7826
0.95611,2.1318,0.08322,-0.047047,-0.044244,7.795
0.95616,2.1318,0.083217,-0.047031,-0.044033,7.7802
0.95621,2.1318,0.083215,-0.047013,-0.043817,7.7811
0.95626,2.1318,0.083213,-0.046995,-0.043608,7.7872
0.95632,2.1318,0.08321,-0.046977,-0.043377,7.7834
0.95637,2.1318,0.083208,-0.046956,-0.043111,7.7882
0.95642,2.1318,0.083206,-0.046934,-0.042829,7.7951
0.95647,2.1318,0.083204,-0.046911,-0.042592,7.7955
0.95653,2.1318,0.083201,-0.046887,-0.042382,7.7981
0.95658,2.1318,0.083199,-0.046862,-0.042179,7.8059
0.95663,2.1318,0.083197,-0.046836,-0.042013,7.7989
0.95668,2.1318,0.083195,-0.046809,-0.041859,7.795
0.95674,2.1318,0.083193,-0.046781,-0.041727,7.798
0.95679,2.1318,0.08319,-0.046752,-0.041617,7.8004
0.95684,2.1318,0.083188,-0.046721,-0.041533,7.7941
0.95689,2.1318,0.083186,-0.046688,-0.041473,7.8011
0.95695,2.1318,0.083184,-0.046656,-0.041434,7.8139
0.957,2.1318,0.083182,-0.046625,-0.04138,7.802
0.95705,2.1317,0.08318,-0.046599,-0.04132,7.805
0.95711,2.1317,0.083177,-0.046567,-0.041217,7.8156
0.95716,2.1317,0.083175,-0.046522,-0.041091,7.8069
0.95721,2.1317,0.083173,-0.046455,-0.040938,7.8069
0.95726,2.1317,0.083171,-0.046369,-0.040802,7.813
0.95732,2.1317,0.083169,-0.046274,-0.040676,7.8064
0.95737,2.1317,0.083167,-0.046179,-0.040627,7.7997
0.95742,2.1317,0.083164,-0.046094,-0.040599,7.8123
0.95747,2.1317,0.083162,-0.046024,-0.040607,7.8199
0.95753,2.1317,0.08316,-0.045964,-0.040614,7.813
0.95758,2.1317,0.083158,-0.045908,-0.040622,7.8249
0.95763,2.1317,0.083156,-0.045848,-0.040618,7.8274
0.95768,2.1317,0.083154,-0.045788,-0.040632,7.816
0.95774,2.1317,0.083152,-0.045728,-0.040672,7.8206
0.95779,2.1317,0.08315,-0.045671,-0.040753,7.8226
0.95784,2.1317,0.083147,-0.045624,-0.040821,7.8078
0.95789,2.1317,0.083145,-0.045582,-0.040936,7.8097
0.95795,2.1317,0.083143,-0.04554,-0.041054,7.8209
0.958,2.1317,0.083141,-0.045501,-0.041185,7.8107
0.95805,2.1317,0.083139,-0.045459,-0.041334,7.8149
0.95811,2.1317,0.083137,-0.04541,-0.04147,7.8285
0.95816,2.1317,0.083134,-0.04535,-0.041572,7.8218
0.95821,2.1317,0.083132,-0.045284,-0.041622,7.8133
0.95826,2.1317,0.08313,-0.045216,-0.041614,7.8238
0.95832,2.1317,0.083128,-0.045147,-0.041575,7.8288
0.95837,2.1317,0.083126,-0.045076,-0.041544,7.8088
0.95842,2.1317,0.083123,-0.045006,-0.041533,7.8185
0.95847,2.1317,0.083121,-0.044942,-0.041559,7.8313
0.95853,2.1317,0.083119,-0.044878,-0.041589,7.8224
0.95858,2.1317,0.083117,-0.044815,-0.041655,7.824
0.95863,2.1317,0.083115,-0.044748,-0.041726,7.8337
0.95868,2.1317,0.083112,-0.044677,-0.041828,7.8235
0.95874,2.1317,0.08311,-0.04461,-0.041936,7.8215
0.95879,2.1317,0.083108,-0.044535,-0.042077,7.8242
0.95884,2.1317,0.083106,-0.044458,-0.042223,7.8189
0.95889,2.1317,0.083104,-0.044388,-0.042357,7.8078
0.95895,2.1317,0.083101,-0.044322,-0.042465,7.8195
0.959,2.1317,0.083099,-0.044262,-0.042576,7.8211
0.95905,2.1317,0.083097,-0.044206,-0.042667,7.8194
0.95911,2.1317,0.083095,-0.04415,-0.04278,7.8293
0.95916,2.1317,0.083092,-0.044093,-0.042902,7.8313
0.95921,2.1317,0.08309,-0.044031,-0.043031,7.8259
0.95926,2.1316,0.083088,-0.043962,-0.04317,7.8335
0.95932,2.1316,0.083086,-0.043888,-0.043315,7.8234
0.95937,2.1316,0.083083,-0.04381,-0.043448,7.8152
0.95942,2.1316,0.083081,-0.043732,-0.043613,7.8142
0.95947,2.1316,0.083079,-0.043661,-0.043798,7.8223
0.95953,2.1316,0.083076,-0.043586,-0.044,7.8182
0.95958,2.1316,0.083074,-0.04351,-0.044213,7.8133
0.95963,2.1316,0.083072,-0.043439,-0.044431,7.8269
0.95968,2.1316,0.083069,-0.043363,-0.044665,7.8236
0.95974,2.1316,0.083067,-0.043286,-0.044878,7.8125
0.95979,2.1316,0.083065,-0.043207,-0.045034,7.8205
0.95984,2.1316,0.083062,-0.043124,-0.0452,7.8178
0.95989,2.1316,0.08306,-0.043037,-0.045332,7.8034
0.95995,2.1316,0.083057,-0.042938,-0.045463,7.8185
0.96,2.1316,0.083055,-0.042833,-0.045577,7.8216
0.96005,2.1316,0.083053,-0.042735,-0.045702,7.815
0.96011,2.1316,0.08305,-0.04264,-0.045882,7.8156
0.96016,2.1316,0.083048,-0.042548,-0.046058,7.8268
0.96021,2.1316,0.083045,-0.042464,-0.046231,7.817
0.96026,2.1316,0.083043,-0.042382,-0.046429,7.8246
0.96032,2.1316,0.08304,-0.042299,-0.046607,7.8253
0.96037,2.1316,0.083038,-0.042208,-0.046832,7.82
0.96042,2.1316,0.083035,-0.042111,-0.047053,7.8109
0.96047,2.1316,0.083033,-0.042018,-0.047319,7.8241
0.96053,2.1316,0.08303,-0.041924,-0.047627,7.8216
0.96058,2.1316,0.083028,-0.041825,-0.047925,7.821
0.96063,2.1316,0.083025,-0.041728,-0.048216,7.8221
0.96068,2.1316,0.083023,-0.041632,-0.048484,7.837
0.96074,2.1316,0.08302,-0.041534,-0.048711,7.8267
0.96079,2.1316,0.083018,-0.041439,-0.04893,7.8271
0.96084,2.1316,0.083015,-0.041347,-0.049121,7.8295
0.96089,2.1316,0.083013,-0.041262,-0.049321,7.8216
0.96095,2.1316,0.08301,-0.041185,-0.049517,7.8169
0.961,2.1316,0.083007,-0.041108,-0.049708,7.8201
0.96105,2.1316,0.083005,-0.041027,-0.049892,7.8154
0.96111,2.1316,0.083002,-0.040943,-0.050072,7.8159
0.96116,2.1316,0.082999,-0.040853,-0.050243,7.8254
0.96121,2.1316,0.082997,-0.040771,-0.050404,7.818
0.96126,2.1316,0.082994,-0.040692,-0.050557,7.8155
0.96132,2.1316,0.082991,-0.04061,-0.050701,7.8229
0.96137,2.1316,0.082989,-0.040543,-0.050838,7.8172
0.96142,2.1316,0.082986,-0.040483,-0.050968,7.8092
0.96147,2.1316,0.082983,-0.040428,-0.051091,7.8112
0.96153,2.1316,0.082981,-0.040368,-0.051212,7.8181
0.96158,2.1316,0.082978,-0.040313,-0.051331,7.8109
0.96163,2.1315,0.082975,-0.040272,-0.05145,7.8156
0.96168,2.1315,0.082973,-0.040228,-0.051565,7.8354
0.96174,2.1315,0.08297,-0.040189,-0.051655,7.8219
0.96179,2.1315,0.082967,-0.040162,-0.051766,7.8234
0.96184,2.1315,0.082964,-0.040138,-0.051886,7.8265
0.96189,2.1315,0.082962,-0.040104,-0.052012,7.8279
0.96195,2.1315,0.082959,-0.040055,-0.052133,7.819
0.962,2.1315,0.082956,-0.039994,-0.052247,7.8315
0.96205,2.1315,0.082953,-0.039926,-0.052349,7.8303
0.96211,2.1315,0.082951,-0.039848,-0.052428,7.8336
0.96216,2.1315,0.082948,-0.039769,-0.052462,7.8448
0.96221,2.1315,0.082945,-0.039691,-0.052534,7.8501
0.96226,2.1315,0.082942,-0.039615,-0.052605,7.8425
0.96232,2.1315,0.08294,-0.039533,-0.052709,7.8512
0.96237,2.1315,0.082937,-0.039458,-0.052831,7.8547
0.96242,2.1315,0.082934,-0.039392,-0.052945,7.8436
0.96247,2.1315,0.082931,-0.039343,-0.05306,7.8447
0.96253,2.1315,0.082928,-0.039295,-0.053192,7.8556
0.96258,2.1315,0.082926,-0.039254,-0.053315,7.8492
0.96263,2.1315,0.082923,-0.039226,-0.053431,7.8546
0.96268,2.1315,0.08292,-0.039196,-0.053527,7.8767
0.96274,2.1315,0.082917,-0.039165,-0.05365,7.8658
0.96279,2.1315,0.082914,-0.039137,-0.053781,7.859
0.96284,2.1315,0.082912,-0.039114,-0.05391,7.8677
0.96289,2.1315,0.082909,-0.039096,-0.054082,7.8634
0.96295,2.1315,0.082906,-0.03907,-0.054274,7.8515
0.963,2.1315,0.082903,-0.03905,-0.054463,7.8584
0.96305,2.1315,0.0829,-0.039034,-0.054645,7.861
0.96311,2.1315,0.082897,-0.039005,-0.0548,7.8522
0.96316,2.1315,0.082894,-0.038977,-0.054958,7.8528
0.96321,2.1315,0.082891,-0.038945,-0.055107,7.8608
0.96326,2.1315,0.082888,-0.038901,-0.055241,7.8533
0.96332,2.1315,0.082886,-0.038855,-0.055364,7.8531
0.96337,2.1315,0.082883,-0.038805,-0.055437,7.8612
0.96342,2.1315,0.08288,-0.038766,-0.055487,7.8586
0.96347,2.1315,0.082877,-0.038726,-0.055528,7.8479
0.96353,2.1315,0.082874,-0.03868,-0.055536,7.8554
0.96358,2.1315,0.082871,-0.038636,-0.055554,7.8516
0.96363,2.1315,0.082868,-0.038589,-0.055567,7.8468
0.96368,2.1315,0.082865,-0.038533,-0.055574,7.8687
0.96374,2.1315,0.082862,-0.038458,-0.055575,7.871
0.96379,2.1315,0.082859,-0.038368,-0.055572,7.8552
0.96384,2.1315,0.082856,-0.03828,-0.055563,7.8548
0.96389,2.1315,0.082853,-0.038187,-0.055546,7.8537
0.96395,2.1315,0.08285,-0.0381,-0.05552,7.8483
0.964,2.1315,0.082848,-0.038031,-0.055484,7.8483
0.96405,2.1315,0.082845,-0.037969,-0.055441,7.8564
0.96411,2.1315,0.082842,-0.037922,-0.055388,7.8395
0.96416,2.1314,0.082839,-0.037861,-0.055331,7.8381
0.96421,2.1314,0.082836,-0.037782,-0.055273,7.849
0.96426,2.1314,0.082833,-0.037692,-0.055213,7.8513
0.96432,2.1314,0.08283,-0.037602,-0.055152,7.8434
0.96437,2.1314,0.082827,-0.037525,-0.05509,7.8475
0.96442,2.1314,0.082824,-0.037468,-0.055023,7.8445
0.96447,2.1314,0.082821,-0.037403,-0.054952,7.8328
0.96453,2.1314,0.082819,-0.037355,-0.05487,7.8337
0.96458,2.1314,0.082816,-0.037292,-0.054782,7.8293
0.96463,2.1314,0.082813,-0.037232,-0.054687,7.8152
0.96468,2.1314,0.08281,-0.037178,-0.054574,7.8214
0.96474,2.1314,0.082807,-0.037127,-0.054482,7.8268
0.96479,2.1314,0.082804,-0.037082,-0.054405,7.8114
0.96484,2.1314,0.082801,-0.03704,-0.054333,7.8108
0.96489,2.1314,0.082798,-0.036985,-0.054263,7.8187
0.96495,2.1314,0.082796,-0.03692,-0.054184,7.8076
0.965,2.1314,0.082793,-0.036845,-0.054094,7.8031
0.96505,2.1314,0.08279,-0.036788,-0.053981,7.8073
0.96511,2.1314,0.082787,-0.036735,-0.053839,7.8051
0.96516,2.1314,0.082784,-0.03667,-0.053708,7.7971
0.96521,2.1314,0.082781,-0.036608,-0.05357,7.8099
0.96526,2.1314,0.082779,-0.036549,-0.053428,7.8138
0.96532,2.1314,0.082776,-0.036486,-0.053267,7.8053
0.96537,2.1314,0.082773,-0.036414,-0.053127,7.8112
0.96542,2.1314,0.08277,-0.036344,-0.053003,7.8085
0.96547,2.1314,0.082767,-0.036279,-0.052886,7.7996
0.96553,2.1314,0.082765,-0.036217,-0.052767,7.7993
0.96558,2.1314,0.082762,-0.036154,-0.052641,7.8076
0.96563,2.1314,0.082759,-0.036103,-0.052501,7.798
0.96568,2.1314,0.082756,-0.036055,-0.052339,7.7938
0.96574,2.1314,0.082754,-0.036014,-0.05215,7.8067
0.96579,2.1314,0.082751,-0.035977,-0.051955,7.8066
0.96584,2.1314,0.082748,-0.035941,-0.051779,7.8005
0.96589,2.1314,0.082745,-0.035907,-0.051617,7.7994
0.96595,2.1314,0.082743,-0.035871,-0.051475,7.7969
0.966,2.1314,0.08274,-0.035831,-0.051294,7.7946
0.96605,2.1314,0.082737,-0.03579,-0.0511,7.7954
0.96611,2.1314,0.082735,-0.035755,-0.050931,7.793
0.96616,2.1314,0.082732,-0.035724,-0.050759,7.7777
0.96621,2.1314,0.082729,-0.035699,-0.050595,7.7897
0.96626,2.1314,0.082727,-0.035679,-0.050505,7.7975
0.96632,2.1314,0.082724,-0.035663,-0.050438,7.7859
0.96637,2.1314,0.082721,-0.035647,-0.050417,7.7866
0.96642,2.1314,0.082719,-0.035629,-0.05035,7.7974
0.96647,2.1314,0.082716,-0.035614,-0.050273,7.7874
0.96653,2.1314,0.082713,-0.035605,-0.050243,7.7783
0.96658,2.1314,0.082711,-0.035591,-0.050212,7.7906
0.96663,2.1314,0.082708,-0.03557,-0.050237,7.7928
0.96668,2.1314,0.082706,-0.035548,-0.050339,7.786
0.96674,2.1314,0.082703,-0.035517,-0.050423,7.7959
0.96679,2.1314,0.0827,-0.035485,-0.050433,7.8041
0.96684,2.1314,0.082698,-0.035451,-0.050359,7.7996
0.96689,2.1314,0.082695,-0.035422,-0.050209,7.8047
0.96695,2.1313,0.082692,-0.035399,-0.05001,7.8105
0.967,2.1313,0.08269,-0.035378,-0.049796,7.7999
0.96705,2.1313,0.082687,-0.035361,-0.049632,7.801
0.96711,2.1313,0.082684,-0.035349,-0.049582,7.8001
0.96716,2.1313,0.082682,-0.035333,-0.049589,7.7964
0.96721,2.1313,0.082679,-0.035319,-0.049612,7.7938
0.96726,2.1313,0.082677,-0.035308,-0.049701,7.7964
0.96732,2.1313,0.082674,-0.035293,-0.049769,7.7937
0.96737,2.1313,0.082671,-0.035275,-0.049787,7.7945
0.96742,2.1313,0.082669,-0.035251,-0.049763,7.8045
0.96747,2.1313,0.082666,-0.035223,-0.049747,7.7932
0.96753,2.1313,0.082663,-0.035194,-0.049749,7.783
0.96758,2.1313,0.082661,-0.035167,-0.049751,7.7962
0.96763,2.1313,0.082658,-0.035143,-0.049696,7.7979
0.96768,2.1313,0.082656,-0.03513,-0.049625,7.7837
0.96774,2.1313,0.082653,-0.035111,-0.049491,7.7962
0.96779,2.1313,0.08265,-0.035086,-0.049315,7.8058
0.96784,2.1313,0.082648,-0.035047,-0.049093,7.7974
0.96789,2.1313,0.082645,-0.034997,-0.048928,7.796
0.96795,2.1313,0.082643,-0.034938,-0.048792,7.8133
0.968,2.1313,0.08264,-0.034879,-0.048623,7.8001
0.96805,2.1313,0.082638,-0.034826,-0.048421,7.7991
0.96811,2.1313,0.082635,-0.034788,-0.048217,7.8033
0.96816,2.1313,0.082633,-0.034754,-0.048037,7.7957
0.96821,2.1313,0.08263,-0.034729,-0.04787,7.7947
0.96826,2.1313,0.082628,-0.034706,-0.047692,7.805
0.96832,2.1313,0.082625,-0.034677,-0.047561,7.8132
0.96837,2.1313,0.082623,-0.034644,-0.047472,7.8026
0.96842,2.1313,0.08262,-0.0346,-0.047385,7.8096
0.96847,2.1313,0.082618,-0.034551,-0.047359,7.8244
0.96853,2.1313,0.082615,-0.034496,-0.047327,7.8099
0.96858,2.1313,0.082613,-0.034441,-0.047341,7.8119
0.96863,2.1313,0.08261,-0.034389,-0.047329,7.8218
0.96868,2.1313,0.082608,-0.034334,-0.047281,7.8074
0.96874,2.1313,0.082605,-0.034279,-0.047213,7.8051
0.96879,2.1313,0.082603,-0.034224,-0.047197,7.8157
0.96884,2.1313,0.0826,-0.034164,-0.047201,7.8172
0.96889,2.1313,0.082598,-0.034109,-0.047239,7.8151
0.96895,2.1313,0.082595,-0.034053,-0.047278,7.8212
0.969,2.1313,0.082593,-0.033996,-0.047337,7.819
0.96905,2.1313,0.08259,-0.03394,-0.047392,7.8124
0.96911,2.1313,0.082588,-0.033881,-0.047403,7.8119
0.96916,2.1313,0.082585,-0.033819,-0.047423,7.8142
0.96921,2.1313,0.082583,-0.033753,-0.047479,7.8086
0.96926,2.1313,0.08258,-0.033693,-0.047541,7.8147
0.96932,2.1313,0.082578,-0.033638,-0.047675,7.8227
0.96937,2.1313,0.082575,-0.033585,-0.047814,7.8199
0.96942,2.1313,0.082573,-0.033532,-0.047936,7.826
0.96947,2.1313,0.08257,-0.03349,-0.048062,7.8297
0.96953,2.1313,0.082568,-0.033447,-0.048173,7.8167
0.96958,2.1313,0.082565,-0.033398,-0.048322,7.8169
0.96963,2.1313,0.082562,-0.033349,-0.048426,7.8246
0.96968,2.1313,0.08256,-0.033298,-0.048537,7.8221
0.96974,2.1313,0.082557,-0.033243,-0.04864,7.8134
0.96979,2.1313,0.082555,-0.033191,-0.048679,7.8302
0.96984,2.1312,0.082552,-0.033148,-0.048674,7.8326
0.96989,2.1312,0.08255,-0.033117,-0.048677,7.8292
0.96995,2.1312,0.082547,-0.033087,-0.048746,7.8361
0.97,2.1312,0.082545,-0.033055,-0.048858,7.8361
0.97005,2.1312,0.082542,-0.033026,-0.04894,7.8239
0.97011,2.1312,0.082539,-0.033002,-0.049025,7.8143
0.97016,2.1312,0.082537,-0.032983,-0.049098,7.8147
0.97021,2.1312,0.082534,-0.032972,-0.04915,7.7965
0.97026,2.1312,0.082532,-0.03297,-0.049217,7.7931
0.97032,2.1312,0.082529,-0.032982,-0.049276,7.7944
0.97037,2.1312,0.082526,-0.032992,-0.049369,7.7923
0.97042,2.1312,0.082524,-0.032994,-0.049455,7.7849
0.97047,2.1312,0.082521,-0.032999,-0.0495,7.7894
0.97053,2.1312,0.082519,-0.033003,-0.049509,7.7899
0.97058,2.1312,0.082516,-0.033005,-0.049537,7.7761
0.97063,2.1312,0.082513,-0.033006,-0.049546,7.7818
0.97068,2.1312,0.082511,-0.03301,-0.049566,7.7892
0.97074,2.1312,0.082508,-0.033015,-0.049565,7.7725
0.97079,2.1312,0.082506,-0.033016,-0.049571,7.7749
0.97084,2.1312,0.082503,-0.033011,-0.049565,7.7842
0.97089,2.1312,0.0825,-0.033004,-0.049538,7.7707
0.97095,2.1312,0.082498,-0.032991,-0.049485,7.7788
0.971,2.1312,0.082495,-0.032975,-0.04945,7.7856
0.97105,2.1312,0.082493,-0.032965,-0.049398,7.7754
0.97111,2.1312,0.08249,-0.032964,-0.049378,7.7824
0.97116,2.1312,0.082487,-0.032964,-0.049379,7.7893
0.97121,2.1312,0.082485,-0.032976,-0.049378,7.7866
0.97126,2.1312,0.082482,-0.033001,-0.049409,7.7783
0.97132,2.1312,0.08248,-0.033018,-0.049456,7.7882
0.97137,2.1312,0.082477,-0.033024,-0.049501,7.7891
0.97142,2.1312,0.082474,-0.033018,-0.049516,7.7872
0.97147,2.1312,0.082472,-0.033012,-0.049522,7.7881
0.97153,2.1312,0.082469,-0.032999,-0.049532,7.7961
0.97158,2.1312,0.082467,-0.032971,-0.049554,7.7876
0.97163,2.1312,0.082464,-0.032945,-0.049566,7.7842
0.97168,2.1312,0.082461,-0.032912,-0.049601,7.7916
0.97174,2.1312,0.082459,-0.032871,-0.049626,7.7814
0.97179,2.1312,0.082456,-0.032827,-0.049629,7.7728
0.97184,2.1312,0.082453,-0.032785,-0.049597,7.7825
0.97189,2.1312,0.082451,-0.032752,-0.049566,7.7814
0.97195,2.1312,0.082448,-0.03272,-0.049511,7.7766
0.972,2.1312,0.082446,-0.032688,-0.049471,7.787
0.97205,2.1312,0.082443,-0.032662,-0.049428,7.7927
0.97211,2.1312,0.08244,-0.032633,-0.049386,7.7918
0.97216,2.1312,0.082438,-0.032611,-0.049344,7.7971
0.97221,2.1312,0.082435,-0.032588,-0.049302,7.7905
0.97226,2.1312,0.082433,-0.032572,-0.049261,7.7797
0.97232,2.1312,0.08243,-0.032549,-0.049222,7.7937
0.97237,2.1312,0.082427,-0.032519,-0.049183,7.798
0.97242,2.1312,0.082425,-0.032477,-0.049142,7.7962
0.97247,2.1312,0.082422,-0.032435,-0.049097,7.7968
0.97253,2.1312,0.08242,-0.032386,-0.049053,7.8104
0.97258,2.1312,0.082417,-0.032328,-0.04901,7.8025
0.97263,2.1312,0.082415,-0.032269,-0.048969,7.7993
0.97268,2.1312,0.082412,-0.03221,-0.048926,7.809
0.97274,2.1312,0.082409,-0.032144,-0.048885,7.7987
0.97279,2.1312,0.082407,-0.032069,-0.048848,7.7976
0.97284,2.1312,0.082404,-0.031986,-0.048815,7.8091
0.97289,2.1311,0.082402,-0.031914,-0.048783,7.8052
0.97295,2.1311,0.082399,-0.031838,-0.048751,7.8014
0.973,2.1311,0.082397,-0.031759,-0.04872,7.8164
0.97305,2.1311,0.082394,-0.03169,-0.048689,7.8266
0.97311,2.1311,0.082391,-0.031619,-0.048656,7.8143
0.97316,2.1311,0.082389,-0.031553,-0.048623,7.8141
0.97321,2.1311,0.082386,-0.031483,-0.048592,7.8202
0.97326,2.1311,0.082384,-0.031412,-0.048562,7.8169
0.97332,2.1311,0.082381,-0.031346,-0.04853,7.8089
0.97337,2.1311,0.082379,-0.031271,-0.048497,7.8194
0.97342,2.1311,0.082376,-0.031193,-0.048466,7.8208
0.97347,2.1311,0.082374,-0.031121,-0.048437,7.816
0.97353,2.1311,0.082371,-0.031052,-0.048408,7.8269
0.97358,2.1311,0.082368,-0.031,-0.04838,7.8282
0.97363,2.1311,0.082366,-0.030963,-0.048353,7.8207
0.97368,2.1311,0.082363,-0.030953,-0.048327,7.8341
0.97374,2.1311,0.082361,-0.030957,-0.048301,7.8402
0.97379,2.1311,0.082358,-0.030961,-0.048276,7.8331
0.97384,2.1311,0.082356,-0.030971,-0.048255,7.8385
0.97389,2.1311,0.082353,-0.030976,-0.048238,7.8484
0.97395,2.1311,0.082351,-0.030971,-0.048226,7.8391
0.974,2.1311,0.082348,-0.030955,-0.048219,7.8398
0.97405,2.1311,0.082346,-0.030936,-0.048217,7.8571
0.97411,2.1311,0.082343,-0.030923,-0.048218,7.8497
0.97416,2.1311,0.082341,-0.030911,-0.048216,7.8505
0.97421,2.1311,0.082338,-0.030905,-0.048212,7.8516
0.97426,2.1311,0.082335,-0.030905,-0.048206,7.8502
0.97432,2.1311,0.082333,-0.030905,-0.048196,7.8432
0.97437,2.1311,0.08233,-0.030899,-0.048187,7.8548
0.97442,2.1311,0.082328,-0.030893,-0.048178,7.857
0.97447,2.1311,0.082325,-0.03089,-0.048174,7.8504
0.97453,2.1311,0.082323,-0.030892,-0.048174,7.8612
0.97458,2.1311,0.08232,-0.030893,-0.048175,7.8679
0.97463,2.1311,0.082318,-0.030893,-0.048177,7.855
0.97468,2.1311,0.082315,-0.030896,-0.048177,7.864
0.97474,2.1311,0.082313,-0.030902,-0.048176,7.8678
0.97479,2.1311,0.08231,-0.030905,-0.048177,7.8566
0.97484,2.1311,0.082308,-0.030913,-0.04818,7.8507
0.97489,2.1311,0.082305,-0.030931,-0.048188,7.8634
0.97495,2.1311,0.082302,-0.030951,-0.048195,7.8646
0.975,2.1311,0.0823,-0.030961,-0.048205,7.8598
0.97505,2.1311,0.082297,-0.030961,-0.048216,7.8686
0.97511,2.1311,0.082295,-0.030962,-0.048225,7.873
0.97516,2.1311,0.082292,-0.030964,-0.048235,7.863
0.97521,2.1311,0.08229,-0.030969,-0.048244,7.8693
0.97526,2.1311,0.082287,-0.030987,-0.048252,7.8712
0.97532,2.1311,0.082285,-0.031017,-0.048261,7.8637
0.97537,2.1311,0.082282,-0.031052,-0.048269,7.8579
0.97542,2.1311,0.08228,-0.031087,-0.048278,7.8672
0.97547,2.1311,0.082277,-0.031115,-0.048293,7.8621
0.97553,2.1311,0.082275,-0.031142,-0.048314,7.8609
0.97558,2.1311,0.082272,-0.031166,-0.048338,7.8712
0.97563,2.1311,0.082269,-0.031191,-0.04836,7.861
0.97568,2.1311,0.082267,-0.031217,-0.04838,7.8571
0.97574,2.1311,0.082264,-0.031238,-0.048399,7.8584
0.97579,2.1311,0.082262,-0.031264,-0.048401,7.8553
0.97584,2.1311,0.082259,-0.031293,-0.048425,7.8441
0.97589,2.1311,0.082257,-0.031324,-0.048459,7.8531
0.97595,2.1311,0.082254,-0.031361,-0.048534,7.8445
0.976,2.1311,0.082252,-0.03139,-0.048638,7.8429
0.97605,2.1311,0.082249,-0.031406,-0.048734,7.8568
0.97611,2.131,0.082246,-0.031415,-0.048853,7.8563
0.97616,2.131,0.082244,-0.031414,-0.048968,7.845
0.97621,2.131,0.082241,-0.031411,-0.049045,7.8529
0.97626,2.131,0.082239,-0.031406,-0.049147,7.8526
0.97632,2.131,0.082236,-0.031403,-0.049245,7.838
0.97637,2.131,0.082234,-0.031404,-0.049364,7.8396
0.97642,2.131,0.082231,-0.031398,-0.04949,7.8439
0.97647,2.131,0.082228,-0.031384,-0.04958,7.8416
0.97653,2.131,0.082226,-0.031374,-0.049652,7.8445
0.97658,2.131,0.082223,-0.031369,-0.049667,7.8527
0.97663,2.131,0.08222,-0.031363,-0.049585,7.8497
0.97668,2.131,0.082218,-0.031366,-0.049493,7.8464
0.97674,2.131,0.082215,-0.031372,-0.049438,7.8578
0.97679,2.131,0.082213,-0.031378,-0.049439,7.8586
0.97684,2.131,0.08221,-0.03138,-0.049492,7.849
0.97689,2.131,0.082207,-0.031371,-0.049612,7.8511
0.97695,2.131,0.082205,-0.031357,-0.049766,7.8528
0.977,2.131,0.082202,-0.031338,-0.049932,7.8435
0.97705,2.131,0.0822,-0.03131,-0.050026,7.8528
0.97711,2.131,0.082197,-0.031287,-0.050107,7.858
0.97716,2.131,0.082194,-0.031262,-0.050172,7.8464
0.97721,2.131,0.082192,-0.031235,-0.050174,7.8439
0.97726,2.131,0.082189,-0.031212,-0.050125,7.8486
0.97732,2.131,0.082186,-0.031188,-0.050101,7.8431
0.97737,2.131,0.082184,-0.031171,-0.05008,7.8342
0.97742,2.131,0.082181,-0.031157,-0.050049,7.842
0.97747,2.131,0.082178,-0.031144,-0.05,7.8429
0.97753,2.131,0.082176,-0.031128,-0.049963,7.8353
0.97758,2.131,0.082173,-0.031108,-0.049969,7.8505
0.97763,2.131,0.082171,-0.031075,-0.049966,7.8577
0.97768,2.131,0.082168,-0.031042,-0.049985,7.8449
0.97774,2.131,0.082165,-0.031007,-0.050059,7.852
0.97779,2.131,0.082163,-0.030985,-0.050132,7.8578
0.97784,2.131,0.08216,-0.030971,-0.05014,7.8485
0.97789,2.131,0.082157,-0.03097,-0.050098,7.8537
0.97795,2.131,0.082155,-0.030974,-0.050058,7.8667
0.978,2.131,0.082152,-0.030981,-0.050052,7.8576
0.97805,2.131,0.08215,-0.030981,-0.050078,7.8587
0.97811,2.131,0.082147,-0.030972,-0.050134,7.8724
0.97816,2.131,0.082144,-0.030958,-0.050252,7.872
0.97821,2.131,0.082142,-0.030942,-0.050423,7.8635
0.97826,2.131,0.082139,-0.030931,-0.050596,7.8673
0.97832,2.131,0.082136,-0.030932,-0.050759,7.8645
0.97837,2.131,0.082134,-0.030943,-0.050928,7.8445
0.97842,2.131,0.082131,-0.030961,-0.051067,7.8508
0.97847,2.131,0.082128,-0.030986,-0.051198,7.8536
0.97853,2.131,0.082125,-0.031005,-0.05129,7.8442
0.97858,2.131,0.082123,-0.031011,-0.051376,7.8576
0.97863,2.131,0.08212,-0.031002,-0.05148,7.8679
0.97868,2.131,0.082117,-0.03099,-0.0516,7.8624
0.97874,2.131,0.082115,-0.030968,-0.051694,7.8603
0.97879,2.131,0.082112,-0.030947,-0.051768,7.8746
0.97884,2.131,0.082109,-0.03092,-0.051826,7.8673
0.97889,2.131,0.082106,-0.030901,-0.051878,7.8684
0.97895,2.131,0.082104,-0.030886,-0.051935,7.878
0.979,2.131,0.082101,-0.030871,-0.052008,7.8742
0.97905,2.131,0.082098,-0.030853,-0.052117,7.872
0.97911,2.131,0.082095,-0.030838,-0.052245,7.88
0.97916,2.131,0.082093,-0.03083,-0.052332,7.8898
0.97921,2.131,0.08209,-0.030824,-0.052377,7.882
0.97926,2.131,0.082087,-0.030812,-0.052359,7.8904
0.97932,2.1309,0.082084,-0.030801,-0.052305,7.9006
0.97937,2.1309,0.082082,-0.030781,-0.052263,7.8858
0.97942,2.1309,0.082079,-0.030755,-0.052239,7.8892
0.97947,2.1309,0.082076,-0.030718,-0.052241,7.895
0.97953,2.1309,0.082073,-0.030678,-0.052209,7.8927
0.97958,2.1309,0.082071,-0.030651,-0.052191,7.8983
0.97963,2.1309,0.082068,-0.030624,-0.052175,7.8987
0.97968,2.1309,0.082065,-0.030605,-0.052187,7.8946
0.97974,2.1309,0.082062,-0.03059,-0.052255,7.8916
0.97979,2.1309,0.08206,-0.030576,-0.052388,7.8975
0.97984,2.1309,0.082057,-0.030568,-0.052551,7.896
0.97989,2.1309,0.082054,-0.030571,-0.052708,7.8857
0.97995,2.1309,0.082051,-0.030574,-0.052819,7.8865
0.98,2.1309,0.082049,-0.030579,-0.052926,7.8908
0.98005,2.1309,0.082046,-0.030573,-0.053029,7.8699
0.98011,2.1309,0.082043,-0.030558,-0.053119,7.8735
0.98016,2.1309,0.08204,-0.03053,-0.053204,7.8861
0.98021,2.1309,0.082037,-0.030493,-0.053253,7.8812
0.98026,2.1309,0.082035,-0.030446,-0.053298,7.8742
0.98032,2.1309,0.082032,-0.030405,-0.05331,7.8882
0.98037,2.1309,0.082029,-0.030364,-0.053309,7.8802
0.98042,2.1309,0.082026,-0.030318,-0.053316,7.8701
0.98047,2.1309,0.082023,-0.030274,-0.05337,7.8784
0.98053,2.1309,0.082021,-0.030229,-0.053402,7.8838
0.98058,2.1309,0.082018,-0.030179,-0.053449,7.8753
0.98063,2.1309,0.082015,-0.030126,-0.053493,7.8813
0.98068,2.1309,0.082012,-0.030071,-0.053557,7.8795
0.98074,2.1309,0.082009,-0.030015,-0.053611,7.8758
0.98079,2.1309,0.082006,-0.029959,-0.053673,7.8852
0.98084,2.1309,0.082004,-0.029898,-0.053751,7.8886
0.98089,2.1309,0.082001,-0.029841,-0.053855,7.8816
0.98095,2.1309,0.081998,-0.029789,-0.053943,7.8727
0.981,2.1309,0.081995,-0.029736,-0.054046,7.8791
0.98105,2.1309,0.081992,-0.02968,-0.054123,7.8698
0.98111,2.1309,0.081989,-0.029619,-0.054176,7.868
0.98116,2.1309,0.081987,-0.029544,-0.054235,7.8703
0.98121,2.1309,0.081984,-0.029456,-0.054263,7.8683
0.98126,2.1309,0.081981,-0.029359,-0.054279,7.8564
0.98132,2.1309,0.081978,-0.029259,-0.054296,7.863
0.98137,2.1309,0.081975,-0.029161,-0.054341,7.8515
0.98142,2.1309,0.081972,-0.029065,-0.054388,7.8377
0.98147,2.1309,0.081969,-0.028971,-0.054428,7.8425
0.98153,2.1309,0.081967,-0.028878,-0.054442,7.8362
0.98158,2.1309,0.081964,-0.02878,-0.054459,7.8277
0.98163,2.1309,0.081961,-0.028678,-0.05445,7.83
0.98168,2.1309,0.081958,-0.028563,-0.054445,7.8363
0.98174,2.1309,0.081955,-0.02844,-0.054459,7.8308
0.98179,2.1309,0.081952,-0.028315,-0.054507,7.8257
0.98184,2.1309,0.081949,-0.028195,-0.054558,7.8425
0.98189,2.1309,0.081946,-0.028087,-0.054635,7.8335
0.98195,2.1309,0.081944,-0.027985,-0.054695,7.8334
0.982,2.1309,0.081941,-0.027888,-0.054757,7.8407
0.98205,2.1309,0.081938,-0.027798,-0.054818,7.8361
0.98211,2.1309,0.081935,-0.027703,-0.054875,7.831
0.98216,2.1309,0.081932,-0.027609,-0.054936,7.8453
0.98221,2.1309,0.081929,-0.027517,-0.055,7.845
0.98226,2.1309,0.081926,-0.027428,-0.055069,7.8406
0.98232,2.1309,0.081923,-0.027342,-0.05514,7.8484
0.98237,2.1309,0.08192,-0.027255,-0.055213,7.8514
0.98242,2.1309,0.081918,-0.027169,-0.055284,7.8374
0.98247,2.1309,0.081915,-0.027088,-0.055353,7.839
0.98253,2.1309,0.081912,-0.027006,-0.055422,7.8468
0.98258,2.1309,0.081909,-0.026927,-0.055492,7.8341
0.98263,2.1309,0.081906,-0.026847,-0.055562,7.8278
0.98268,2.1309,0.081903,-0.026768,-0.055634,7.8347
0.98274,2.1308,0.0819,-0.026687,-0.055704,7.8346
0.98279,2.1308,0.081897,-0.026607,-0.055773,7.8313
0.98284,2.1308,0.081894,-0.026518,-0.055839,7.8357
0.98289,2.1308,0.081891,-0.026423,-0.055908,7.834
0.98295,2.1308,0.081888,-0.026327,-0.055981,7.8222
0.983,2.1308,0.081885,-0.02623,-0.056059,7.8235
0.98305,2.1308,0.081882,-0.026138,-0.056136,7.8202
0.98311,2.1308,0.081879,-0.026046,-0.056212,7.8068
0.98316,2.1308,0.081876,-0.025959,-0.056287,7.8189
0.98321,2.1308,0.081873,-0.025871,-0.05636,7.822
0.98326,2.1308,0.08187,-0.025777,-0.056431,7.8135
0.98332,2.1308,0.081868,-0.025684,-0.056498,7.8168
0.98337,2.1308,0.081865,-0.025596,-0.056564,7.8323
0.98342,2.1308,0.081862,-0.025511,-0.056627,7.8251
0.98347,2.1308,0.081859,-0.02543,-0.056687,7.8245
0.98353,2.1308,0.081856,-0.025343,-0.056749,7.8386
0.98358,2.1308,0.081853,-0.025252,-0.056811,7.8369
0.98363,2.1308,0.08185,-0.025148,-0.056874,7.8262
0.98368,2.1308,0.081847,-0.025041,-0.056941,7.8413
0.98374,2.1308,0.081844,-0.024934,-0.057008,7.8467
0.98379,2.1308,0.081841,-0.024824,-0.057076,7.8372
0.98384,2.1308,0.081838,-0.02472,-0.057141,7.8452
0.98389,2.1308,0.081835,-0.024622,-0.057206,7.8439
0.98395,2.1308,0.081832,-0.024533,-0.057268,7.8322
0.984,2.1308,0.081829,-0.024445,-0.057326,7.8297
0.98405,2.1308,0.081826,-0.024357,-0.057383,7.828
0.98411,2.1308,0.081823,-0.024276,-0.057441,7.8219
0.98416,2.1308,0.081819,-0.024196,-0.057499,7.8091
0.98421,2.1308,0.081816,-0.024114,-0.057556,7.816
0.98426,2.1308,0.081813,-0.024036,-0.057614,7.8156
0.98432,2.1308,0.08181,-0.023964,-0.057673,7.8109
0.98437,2.1308,0.081807,-0.023899,-0.057733,7.822
0.98442,2.1308,0.081804,-0.023836,-0.057796,7.8157
0.98447,2.1308,0.081801,-0.023781,-0.057863,7.8102
0.98453,2.1308,0.081798,-0.023727,-0.057929,7.8187
0.98458,2.1308,0.081795,-0.023669,-0.057996,7.8214
0.98463,2.1308,0.081792,-0.023606,-0.05806,7.8076
0.98468,2.1308,0.081789,-0.023534,-0.058126,7.8135
0.98474,2.1308,0.081786,-0.023456,-0.058192,7.8303
0.98479,2.1308,0.081783,-0.023378,-0.058256,7.8259
0.98484,2.1308,0.08178,-0.0233,-0.058314,7.8283
0.98489,2.1308,0.081777,-0.023226,-0.05837,7.8403
0.98495,2.1308,0.081774,-0.023149,-0.058423,7.8362
0.985,2.1308,0.081771,-0.023075,-0.058475,7.8367
0.98505,2.1308,0.081768,-0.023006,-0.058523,7.8426
0.98511,2.1308,0.081764,-0.022939,-0.058573,7.838
0.98516,2.1308,0.081761,-0.022872,-0.058626,7.8294
0.98521,2.1308,0.081758,-0.022806,-0.058679,7.8452
0.98526,2.1308,0.081755,-0.022749,-0.058729,7.8495
0.98532,2.1308,0.081752,-0.022694,-0.05878,7.8415
0.98537,2.1308,0.081749,-0.022636,-0.058833,7.8477
0.98542,2.1308,0.081746,-0.022583,-0.058882,7.8495
0.98547,2.1308,0.081743,-0.022531,-0.05892,7.8346
0.98553,2.1308,0.08174,-0.022476,-0.05895,7.8399
0.98558,2.1308,0.081737,-0.022418,-0.058977,7.8473
0.98563,2.1308,0.081733,-0.022357,-0.059,7.8345
0.98568,2.1308,0.08173,-0.022306,-0.059021,7.8265
0.98574,2.1308,0.081727,-0.022252,-0.059039,7.8425
0.98579,2.1308,0.081724,-0.022196,-0.059063,7.8369
0.98584,2.1308,0.081721,-0.022139,-0.059083,7.832
0.98589,2.1308,0.081718,-0.02208,-0.059102,7.8462
0.98595,2.1308,0.081715,-0.022026,-0.059123,7.8458
0.986,2.1308,0.081712,-0.021976,-0.059148,7.8373
0.98605,2.1308,0.081709,-0.021933,-0.059175,7.8478
0.98611,2.1308,0.081705,-0.021895,-0.059206,7.8514
0.98616,2.1308,0.081702,-0.021856,-0.059235,7.843
0.98621,2.1308,0.081699,-0.021818,-0.059268,7.851
0.98626,2.1308,0.081696,-0.02178,-0.059296,7.861
0.98632,2.1308,0.081693,-0.021739,-0.059323,7.8576
0.98637,2.1308,0.08169,-0.021701,-0.059349,7.8567
0.98642,2.1308,0.081687,-0.021663,-0.059374,7.8722
0.98647,2.1308,0.081684,-0.021627,-0.059396,7.8629
0.98653,2.1308,0.081681,-0.021593,-0.059414,7.8612
0.98658,2.1308,0.081677,-0.021561,-0.059429,7.8745
0.98663,2.1308,0.081674,-0.021531,-0.059443,7.8569
0.98668,2.1308,0.081671,-0.021505,-0.059455,7.8469
0.98674,2.1308,0.081668,-0.02148,-0.059467,7.8516
0.98679,2.1308,0.081665,-0.021456,-0.059479,7.849
0.98684,2.1308,0.081662,-0.021435,-0.059493,7.8356
0.98689,2.1308,0.081659,-0.021415,-0.059504,7.8362
0.98695,2.1307,0.081655,-0.021397,-0.059514,7.8393
0.987,2.1307,0.081652,-0.02138,-0.059523,7.822
0.98705,2.1307,0.081649,-0.021366,-0.059531,7.8223
0.98711,2.1307,0.081646,-0.021354,-0.059538,7.8163
0.98716,2.1307,0.081643,-0.021343,-0.059543,7.8108
0.98721,2.1307,0.08164,-0.021335,-0.059548,7.7945
0.98726,2.1307,0.081637,-0.021329,-0.059552,7.8061
0.98732,2.1307,0.081634,-0.021325,-0.059554,7.797
0.98737,2.1307,0.08163,-0.021323,-0.059558,7.7955
0.98742,2.1307,0.081627,-0.021323,-0.059558,7.81
0.98747,2.1307,0.081624,-0.021325,-0.059556,7.8046
0.98753,2.1307,0.081621,-0.02133,-0.059552,7.7959
0.98758,2.1307,0.081618,-0.021338,-0.059547,7.8055
0.98763,2.1307,0.081615,-0.02135,-0.059542,7.8044
0.98768,2.1307,0.081612,-0.02136,-0.059537,7.7999
0.98774,2.1307,0.081608,-0.021365,-0.059533,7.8037
0.98779,2.1307,0.081605,-0.021372,-0.05953,7.8121
0.98784,2.1307,0.081602,-0.021373,-0.059526,7.8106
0.98789,2.1307,0.081599,-0.021367,-0.059521,7.8116
0.98795,2.1307,0.081596,-0.021358,-0.059516,7.8222
0.988,2.1307,0.081593,-0.021351,-0.05951,7.816
0.98805,2.1307,0.08159,-0.021348,-0.059504,7.8098
0.98811,2.1307,0.081587,-0.02134,-0.059497,7.8175
0.98816,2.1307,0.081583,-0.021333,-0.05949,7.8187
0.98821,2.1307,0.08158,-0.021327,-0.059483,7.8052
0.98826,2.1307,0.081577,-0.021317,-0.059476,7.8103
0.98832,2.1307,0.081574,-0.021302,-0.059468,7.8139
0.98837,2.1307,0.081571,-0.021284,-0.059461,7.8069
0.98842,2.1307,0.081568,-0.021259,-0.059453,7.8105
0.98847,2.1307,0.081565,-0.021234,-0.059445,7.8178
0.98853,2.1307,0.081561,-0.021215,-0.059438,7.8077
0.98858,2.1307,0.081558,-0.021209,-0.05943,7.8127
0.98863,2.1307,0.081555,-0.021206,-0.059423,7.8158
0.98868,2.1307,0.081552,-0.02122,-0.059416,7.8093
0.98874,2.1307,0.081549,-0.021238,-0.05941,7.8025
0.98879,2.1307,0.081546,-0.021256,-0.059404,7.8131
0.98884,2.1307,0.081543,-0.021261,-0.059399,7.8099
0.98889,2.1307,0.08154,-0.021261,-0.059396,7.817
0.98895,2.1307,0.081536,-0.02126,-0.059391,7.8283
0.989,2.1307,0.081533,-0.021264,-0.059385,7.828
0.98905,2.1307,0.08153,-0.02127,-0.059377,7.8185
0.98911,2.1307,0.081527,-0.021281,-0.05937,7.8311
0.98916,2.1307,0.081524,-0.021289,-0.059363,7.8329
0.98921,2.1307,0.081521,-0.021299,-0.059358,7.8229
0.98926,2.1307,0.081518,-0.021306,-0.059354,7.8306
0.98932,2.1307,0.081515,-0.021314,-0.059353,7.8417
0.98937,2.1307,0.081511,-0.021325,-0.059351,7.8334
0.98942,2.1307,0.081508,-0.021346,-0.059349,7.8394
0.98947,2.1307,0.081505,-0.021374,-0.059347,7.8469
0.98953,2.1307,0.081502,-0.021394,-0.059348,7.8439
0.98958,2.1307,0.081499,-0.021415,-0.059346,7.8471
0.98963,2.1307,0.081496,-0.021439,-0.059343,7.8575
0.98968,2.1307,0.081493,-0.021472,-0.05934,7.8475
0.98974,2.1307,0.08149,-0.02151,-0.059338,7.8463
0.98979,2.1307,0.081487,-0.021554,-0.059333,7.8572
0.98984,2.1307,0.081483,-0.021601,-0.059329,7.8573
0.98989,2.1307,0.08148,-0.021648,-0.059325,7.8455
0.98995,2.1307,0.081477,-0.021685,-0.059324,7.8553
0.99,2.1307,0.081474,-0.021717,-0.059322,7.8662
0.99005,2.1307,0.081471,-0.021746,-0.059321,7.861
0.99011,2.1307,0.081468,-0.021773,-0.059324,7.8587
0.99016,2.1307,0.081465,-0.021797,-0.059328,7.8631
0.99021,2.1307,0.081462,-0.021818,-0.05933,7.8556
0.99026,2.1307,0.081458,-0.021841,-0.059331,7.8548
0.99032,2.1307,0.081455,-0.021852,-0.059333,7.86
0.99037,2.1307,0.081452,-0.021856,-0.059337,7.8625
0.99042,2.1307,0.081449,-0.021854,-0.059341,7.8589
0.99047,2.1307,0.081446,-0.021848,-0.059345,7.8716
0.99053,2.1307,0.081443,-0.021845,-0.059349,7.8724
0.99058,2.1307,0.08144,-0.021838,-0.059346,7.8626
0.99063,2.1307,0.081437,-0.021833,-0.059343,7.8769
0.99068,2.1307,0.081433,-0.021832,-0.059337,7.8796
0.99074,2.1307,0.08143,-0.021823,-0.059334,7.8703
0.99079,2.1307,0.081427,-0.021813,-0.059332,7.8673
0.99084,2.1307,0.081424,-0.0218,-0.059333,7.8777
0.99089,2.1307,0.081421,-0.021784,-0.059335,7.8712
0.99095,2.1307,0.081418,-0.02177,-0.05934,7.8815
0.991,2.1307,0.081415,-0.021751,-0.059346,7.8894
0.99105,2.1307,0.081412,-0.02173,-0.059357,7.8861
0.99111,2.1307,0.081408,-0.021711,-0.059368,7.8837
0.99116,2.1307,0.081405,-0.0217,-0.05938,7.8929
0.99121,2.1307,0.081402,-0.021683,-0.059385,7.8821
0.99126,2.1307,0.081399,-0.021654,-0.059388,7.8786
0.99132,2.1307,0.081396,-0.021609,-0.059392,7.8853
0.99137,2.1307,0.081393,-0.021547,-0.059396,7.8805
0.99142,2.1307,0.08139,-0.02147,-0.059399,7.8678
0.99147,2.1307,0.081387,-0.02138,-0.059406,7.8785
0.99153,2.1307,0.081383,-0.021288,-0.059412,7.8935
0.99158,2.1307,0.08138,-0.021216,-0.059418,7.8811
0.99163,2.1306,0.081377,-0.021154,-0.059425,7.8877
0.99168,2.1306,0.081374,-0.021098,-0.059431,7.896
0.99174,2.1306,0.081371,-0.021047,-0.059441,7.8869
0.99179,2.1306,0.081368,-0.020994,-0.059452,7.8829
0.99184,2.1306,0.081365,-0.020935,-0.059463,7.8904
0.99189,2.1306,0.081362,-0.020869,-0.059478,7.882
0.99195,2.1306,0.081358,-0.020799,-0.059493,7.8792
0.992,2.1306,0.081355,-0.020734,-0.059509,7.8933
0.99205,2.1306,0.081352,-0.020669,-0.059528,7.8942
0.99211,2.1306,0.081349,-0.020601,-0.059543,7.8912
0.99216,2.1306,0.081346,-0.020535,-0.059557,7.8951
0.99221,2.1306,0.081343,-0.020476,-0.059566,7.8982
0.99226,2.1306,0.08134,-0.020419,-0.059573,7.8818
0.99232,2.1306,0.081336,-0.020367,-0.05958,7.8793
0.99237,2.1306,0.081333,-0.020314,-0.059593,7.8892
0.99242,2.1306,0.08133,-0.020259,-0.059606,7.8784
0.99247,2.1306,0.081327,-0.020202,-0.05962,7.8842
0.99253,2.1306,0.081324,-0.020137,-0.059635,7.8848
0.99258,2.1306,0.081321,-0.020073,-0.05965,7.8789
0.99263,2.1306,0.081318,-0.020012,-0.059664,7.8787
0.99268,2.1306,0.081314,-0.01995,-0.059677,7.8852
0.99274,2.1306,0.081311,-0.019889,-0.059689,7.8781
0.99279,2.1306,0.081308,-0.019831,-0.059701,7.8683
0.99284,2.1306,0.081305,-0.019773,-0.05971,7.883
0.99289,2.1306,0.081302,-0.019716,-0.059716,7.8763
0.99295,2.1306,0.081299,-0.019658,-0.059719,7.8652
0.993,2.1306,0.081296,-0.019602,-0.059726,7.8764
0.99305,2.1306,0.081292,-0.019549,-0.059734,7.8853
0.99311,2.1306,0.081289,-0.0195,-0.059742,7.8785
0.99316,2.1306,0.081286,-0.019452,-0.059751,7.881
0.99321,2.1306,0.081283,-0.019403,-0.059762,7.8826
0.99326,2.1306,0.08128,-0.019362,-0.059776,7.8822
0.99332,2.1306,0.081277,-0.019327,-0.059793,7.8747
0.99337,2.1306,0.081274,-0.01929,-0.059812,7.882
0.99342,2.1306,0.08127,-0.019263,-0.059834,7.8784
0.99347,2.1306,0.081267,-0.019241,-0.059856,7.8676
0.99353,2.1306,0.081264,-0.019227,-0.059878,7.8819
0.99358,2.1306,0.081261,-0.019221,-0.059898,7.8863
0.99363,2.1306,0.081258,-0.019216,-0.059916,7.8736
0.99368,2.1306,0.081255,-0.019222,-0.059933,7.8822
0.99374,2.1306,0.081252,-0.019234,-0.059949,7.8799
0.99379,2.1306,0.081248,-0.019245,-0.059969,7.8709
0.99384,2.1306,0.081245,-0.019262,-0.059987,7.8665
0.99389,2.1306,0.081242,-0.019268,-0.06001,7.8745
0.99395,2.1306,0.081239,-0.019271,-0.060039,7.8618
0.994,2.1306,0.081236,-0.019267,-0.060072,7.8677
0.99405,2.1306,0.081233,-0.019252,-0.060106,7.8793
0.99411,2.1306,0.081229,-0.019229,-0.060141,7.8726
0.99416,2.1306,0.081226,-0.019207,-0.060176,7.8693
0.99421,2.1306,0.081223,-0.019192,-0.060209,7.8802
0.99426,2.1306,0.08122,-0.019188,-0.060238,7.8721
0.99432,2.1306,0.081217,-0.019181,-0.060265,7.8644
0.99437,2.1306,0.081214,-0.01918,-0.060288,7.8758
0.99442,2.1306,0.08121,-0.019178,-0.060308,7.8707
0.99447,2.1306,0.081207,-0.019173,-0.060327,7.8672
0.99453,2.1306,0.081204,-0.019163,-0.060345,7.8809
0.99458,2.1306,0.081201,-0.019149,-0.060365,7.885
0.99463,2.1306,0.081198,-0.019129,-0.060382,7.8787
0.99468,2.1306,0.081195,-0.019097,-0.060399,7.8819
0.99474,2.1306,0.081191,-0.019059,-0.060414,7.8872
0.99479,2.1306,0.081188,-0.019011,-0.060432,7.8797
0.99484,2.1306,0.081185,-0.018969,-0.060449,7.8742
0.99489,2.1306,0.081182,-0.018943,-0.060467,7.8868
0.99495,2.1306,0.081179,-0.018929,-0.060486,7.8816
0.995,2.1306,0.081175,-0.018928,-0.060506,7.8713
0.99505,2.1306,0.081172,-0.018937,-0.060526,7.8857
0.99511,2.1306,0.081169,-0.018948,-0.060543,7.8938
0.99516,2.1306,0.081166,-0.018963,-0.060559,7.8845
0.99521,2.1306,0.081163,-0.018966,-0.060574,7.8963
0.99526,2.1306,0.081159,-0.018969,-0.060586,7.8921
0.99532,2.1306,0.081156,-0.018971,-0.060593,7.8894
0.99537,2.1306,0.081153,-0.01897,-0.060598,7.8877
0.99542,2.1306,0.08115,-0.01897,-0.060607,7.8954
0.99547,2.1306,0.081147,-0.018976,-0.060619,7.8856
0.99553,2.1306,0.081144,-0.018984,-0.060634,7.8902
0.99558,2.1306,0.08114,-0.018991,-0.060653,7.8999
0.99563,2.1306,0.081137,-0.018992,-0.060673,7.8889
0.99568,2.1306,0.081134,-0.018988,-0.060697,7.8929
0.99574,2.1306,0.081131,-0.018974,-0.06072,7.9054
0.99579,2.1306,0.081128,-0.018964,-0.060746,7.8981
0.99584,2.1306,0.081124,-0.018948,-0.060773,7.8988
0.99589,2.1306,0.081121,-0.018942,-0.060801,7.9039
0.99595,2.1306,0.081118,-0.018939,-0.060828,7.9096
0.996,2.1306,0.081115,-0.018937,-0.060851,7.9021
0.99605,2.1306,0.081112,-0.018933,-0.060871,7.9116
0.99611,2.1306,0.081108,-0.018923,-0.060888,7.9203
0.99616,2.1306,0.081105,-0.018907,-0.060902,7.9205
0.99621,2.1306,0.081102,-0.018887,-0.060916,7.9197
0.99626,2.1306,0.081099,-0.018862,-0.060931,7.9321
0.99632,2.1306,0.081096,-0.018842,-0.060942,7.9258
0.99637,2.1306,0.081092,-0.018822,-0.060951,7.9227
0.99642,2.1306,0.081089,-0.018802,-0.060959,7.9234
0.99647,2.1306,0.081086,-0.018779,-0.060967,7.9172
0.99653,2.1306,0.081083,-0.018759,-0.060975,7.9082
0.99658,2.1306,0.081079,-0.018741,-0.060984,7.9149
0.99663,2.1306,0.081076,-0.018723,-0.060995,7.9157
0.99668,2.1306,0.081073,-0.018706,-0.061007,7.9082
0.99674,2.1306,0.08107,-0.018688,-0.061018,7.9179
0.99679,2.1305,0.081067,-0.018667,-0.061029,7.909
0.99684,2.1305,0.081063,-0.018643,-0.061039,7.8974
0.99689,2.1305,0.08106,-0.018614,-0.06105,7.8994
0.99695,2.1305,0.081057,-0.018588,-0.06106,7.8989
0.997,2.1305,0.081054,-0.018562,-0.06107,7.8901
0.99705,2.1305,0.081051,-0.018535,-0.06108,7.894
0.99711,2.1305,0.081047,-0.018509,-0.061091,7.9025
0.99716,2.1305,0.081044,-0.018483,-0.061101,7.9013
0.99721,2.1305,0.081041,-0.018457,-0.061111,7.9046
0.99726,2.1305,0.081038,-0.01843,-0.061121,7.913
0.99732,2.1305,0.081034,-0.018404,-0.06113,7.9086
0.99737,2.1305,0.081031,-0.018378,-0.061141,7.9055
0.99742,2.1305,0.081028,-0.018352,-0.061153,7.9134
0.99747,2.1305,0.081025,-0.018326,-0.061166,7.9093
0.99753,2.1305,0.081022,-0.0183,-0.06118,7.9007
0.99758,2.1305,0.081018,-0.018274,-0.061194,7.9141
0.99763,2.1305,0.081015,-0.018251,-0.061208,7.9173
0.99768,2.1305,0.081012,-0.01823,-0.061219,7.9099
0.99774,2.1305,0.081009,-0.018209,-0.061229,7.9139
0.99779,2.1305,0.081005,-0.018191,-0.06124,7.9159
0.99784,2.1305,0.081002,-0.018173,-0.061252,7.9071
0.99789,2.1305,0.080999,-0.018154,-0.061263,7.9038
0.99795,2.1305,0.080996,-0.018134,-0.061275,7.9045
0.998,2.1305,0.080993,-0.018114,-0.061287,7.8953
0.99805,2.1305,0.080989,-0.018099,-0.061299,7.8866
0.99811,2.1305,0.080986,-0.018079,-0.061312,7.8884
0.99816,2.1305,0.080983,-0.018059,-0.061324,7.8855
0.99821,2.1305,0.08098,-0.018033,-0.061337,7.8771
0.99826,2.1305,0.080976,-0.018003,-0.061349,7.884
0.99832,2.1305,0.080973,-0.017971,-0.061362,7.8828
0.99837,2.1305,0.08097,-0.017938,-0.061376,7.8653
0.99842,2.1305,0.080967,-0.01791,-0.061388,7.8697
0.99847,2.1305,0.080964,-0.017888,-0.061399,7.8638
0.99853,2.1305,0.08096,-0.017868,-0.061408,7.8466
0.99858,2.1305,0.080957,-0.017853,-0.061418,7.8503
0.99863,2.1305,0.080954,-0.017835,-0.061427,7.8565
0.99868,2.1305,0.080951,-0.017816,-0.061437,7.8509
0.99874,2.1305,0.080947,-0.017802,-0.061449,7.8516
0.99879,2.1305,0.080944,-0.017792,-0.061462,7.87
0.99884,2.1305,0.080941,-0.017784,-0.061474,7.8587
0.99889,2.1305,0.080938,-0.017775,-0.061485,7.8567
0.99895,2.1305,0.080934,-0.01777,-0.061496,7.8658
0.999,2.1305,0.080931,-0.017766,-0.061506,7.8651
0.99905,2.1305,0.080928,-0.017762,-0.061517,7.855
0.99911,2.1305,0.080925,-0.017755,-0.061527,7.8668
0.99916,2.1305,0.080921,-0.01775,-0.061537,7.8678
0.99921,2.1305,0.080918,-0.017744,-0.061548,7.8587
0.99926,2.1305,0.080915,-0.017736,-0.061558,7.8635
0.99932,2.1305,0.080912,-0.017724,-0.061568,7.8679
0.99937,2.1305,0.080909,-0.017716,-0.061577,7.8552
0.99942,2.1305,0.080905,-0.01771,-0.061587,7.8567
0.99947,2.1305,0.080902,-0.017707,-0.061596,7.8531
0.99953,2.1305,0.080899,-0.017706,-0.061605,7.8488
0.99958,2.1305,0.080896,-0.0177,-0.061614,7.8402
0.99963,2.1305,0.080892,-0.017683,-0.061622,7.8515
0.99968,2.1305,0.080889,-0.017654,-0.061632,7.8487
0.99974,2.1305,0.080886,-0.01761,-0.061641,7.8442
0.99979,2.1305,0.080883,-0.017554,-0.061651,7.8505
0.99984,2.1305,0.080879,-0.017488,-0.061661,7.8494
0.99989,2.1305,0.080876,-0.017426,-0.061671,7.8412
0.99995,2.1305,0.080873,-0.017367,-0.061681,7.8476
1,2.1305,0.08087,-0.017308,-0.061691,7.845
1.0001,2.1305,0.080866,-0.017248,-0.061701,7.8388
1.0001,2.1305,0.080863,-0.017185,-0.061711,7.8378
1.0002,2.1305,0.08086,-0.017118,-0.06172,7.8463
1.0002,2.1305,0.080857,-0.017039,-0.061729,7.8428
1.0003,2.1305,0.080853,-0.016966,-0.061738,7.8469
1.0003,2.1305,0.08085,-0.016903,-0.061747,7.8637
1.0004,2.1305,0.080847,-0.016845,-0.061755,7.8596
1.0004,2.1305,0.080844,-0.016787,-0.061764,7.8595
1.0005,2.1305,0.08084,-0.01672,-0.061772,7.8707
1.0005,2.1305,0.080837,-0.016656,-0.06178,7.8663
1.0006,2.1305,0.080834,-0.016583,-0.061787,7.8591
1.0006,2.1305,0.080831,-0.016502,-0.061795,7.8681
1.0007,2.1305,0.080827,-0.016435,-0.061802,7.8718
1.0007,2.1305,0.080824,-0.016367,-0.061809,7.8623
1.0008,2.1305,0.080821,-0.016299,-0.061816,7.8669
1.0008,2.1305,0.080818,-0.016233,-0.061823,7.8774
1.0009,2.1305,0.080814,-0.016161,-0.061829,7.8615
1.0009,2.1305,0.080811,-0.01609,-0.061836,7.8569
1.001,2.1305,0.080808,-0.016008,-0.061845,7.8637
1.0011,2.1305,0.080805,-0.015917,-0.061855,7.8557
1.0011,2.1305,0.080801,-0.015812,-0.061865,7.8439
1.0012,2.1305,0.080798,-0.015703,-0.061874,7.8555
1.0012,2.1305,0.080795,-0.015606,-0.061883,7.8529
1.0013,2.1305,0.080792,-0.015534,-0.061889,7.8524
1.0013,2.1305,0.080788,-0.015484,-0.061893,7.8635
1.0014,2.1305,0.080785,-0.015456,-0.0619,7.8604
1.0014,2.1305,0.080782,-0.015445,-0.061909,7.8524
1.0015,2.1305,0.080778,-0.015437,-0.061917,7.8688
1.0015,2.1305,0.080775,-0.015413,-0.061928,7.8649
1.0016,2.1305,0.080772,-0.015383,-0.061941,7.8539
1.0016,2.1305,0.080769,-0.015354,-0.061953,7.8508
1.0017,2.1305,0.080765,-0.015327,-0.061964,7.8657
1.0017,2.1305,0.080762,-0.015304,-0.061972,7.8612
1.0018,2.1305,0.080759,-0.015291,-0.061981,7.8669
1.0018,2.1305,0.080756,-0.015286,-0.061988,7.8776
1.0019,2.1305,0.080752,-0.015285,-0.061993,7.871
1.0019,2.1305,0.080749,-0.015279,-0.062001,7.8698
1.002,2.1305,0.080746,-0.01527,-0.062012,7.883
1.0021,2.1305,0.080743,-0.015264,-0.062022,7.8763
1.0021,2.1305,0.080739,-0.015255,-0.062033,7.8744
1.0022,2.1305,0.080736,-0.015239,-0.062062,7.8801
1.0022,2.1305,0.080733,-0.01522,-0.062083,7.8828
1.0023,2.1305,0.08073,-0.015198,-0.062063,7.8752
1.0023,2.1305,0.080726,-0.015176,-0.062016,7.8804
1.0024,2.1305,0.080723,-0.015156,-0.061973,7.8886
1.0024,2.1305,0.08072,-0.015137,-0.061907,7.8784
1.0025,2.1305,0.080717,-0.015125,-0.061839,7.8769
1.0025,2.1305,0.080713,-0.015114,-0.061792,7.8828
1.0026,2.1305,0.08071,-0.0151,-0.061802,7.8625
1.0026,2.1304,0.080707,-0.01509,-0.061801,7.8581
1.0027,2.1304,0.080703,-0.01508,-0.061798,7.8677
1.0027,2.1304,0.0807,-0.015071,-0.061781,7.868
1.0028,2.1304,0.080697,-0.015065,-0.061773,7.864
1.0028,2.1304,0.080694,-0.015059,-0.061749,7.8731
1.0029,2.1304,0.08069,-0.01506,-0.061741,7.8806
1.0029,2.1304,0.080687,-0.015056,-0.061757,7.8725
1.003,2.1304,0.080684,-0.015046,-0.06181,7.8814
1.0031,2.1304,0.080681,-0.015031,-0.061863,7.8851
1.0031,2.1304,0.080677,-0.015016,-0.061942,7.8782
1.0032,2.1304,0.080674,-0.015009,-0.062001,7.8832
1.0032,2.1304,0.080671,-0.014994,-0.06206,7.8921
1.0033,2.1304,0.080668,-0.014975,-0.06212,7.8829
1.0033,2.1304,0.080664,-0.014964,-0.062182,7.8778
1.0034,2.1304,0.080661,-0.014947,-0.062244,7.886
1.0034,2.1304,0.080658,-0.014925,-0.062311,7.8786
1.0035,2.1304,0.080655,-0.0149,-0.062375,7.8692
1.0035,2.1304,0.080651,-0.014872,-0.062439,7.87
1.0036,2.1304,0.080648,-0.014848,-0.062501,7.8609
1.0036,2.1304,0.080645,-0.014808,-0.062561,7.8436
1.0037,2.1304,0.080641,-0.01476,-0.062621,7.8477
1.0037,2.1304,0.080638,-0.01471,-0.062682,7.8505
1.0038,2.1304,0.080635,-0.01465,-0.062745,7.8338
1.0038,2.1304,0.080631,-0.014597,-0.062807,7.8403
1.0039,2.1304,0.080628,-0.014545,-0.062867,7.8483
1.0039,2.1304,0.080625,-0.014498,-0.062923,7.843
1.004,2.1304,0.080622,-0.014462,-0.062976,7.8413
1.0041,2.1304,0.080618,-0.014436,-0.063027,7.8466
1.0041,2.1304,0.080615,-0.014411,-0.063078,7.8339
1.0042,2.1304,0.080612,-0.01438,-0.06313,7.8252
1.0042,2.1304,0.080608,-0.014338,-0.063186,7.8384
1.0043,2.1304,0.080605,-0.014297,-0.063241,7.8359
1.0043,2.1304,0.080602,-0.014246,-0.063295,7.8313
1.0044,2.1304,0.080598,-0.014192,-0.063328,7.839
1.0044,2.1304,0.080595,-0.014137,-0.063383,7.844
1.0045,2.1304,0.080592,-0.014085,-0.063454,7.8377
1.0045,2.1304,0.080588,-0.014039,-0.063534,7.8453
1.0046,2.1304,0.080585,-0.014002,-0.063618,7.8424
1.0046,2.1304,0.080582,-0.013979,-0.063702,7.8327
1.0047,2.1304,0.080578,-0.013963,-0.063775,7.8331
1.0047,2.1304,0.080575,-0.013958,-0.063832,7.8407
1.0048,2.1304,0.080571,-0.013947,-0.063863,7.8337
1.0048,2.1304,0.080568,-0.013923,-0.063908,7.8416
1.0049,2.1304,0.080565,-0.01389,-0.063954,7.8496
1.0049,2.1304,0.080561,-0.013844,-0.064,7.8465
1.005,2.1304,0.080558,-0.013791,-0.064046,7.8441
1.0051,2.1304,0.080555,-0.013736,-0.064093,7.8445
1.0051,2.1304,0.080551,-0.013675,-0.064139,7.8368
1.0052,2.1304,0.080548,-0.013621,-0.064186,7.8308
1.0052,2.1304,0.080545,-0.013563,-0.064233,7.8406
1.0053,2.1304,0.080541,-0.013506,-0.064281,7.8395
1.0053,2.1304,0.080538,-0.013451,-0.064328,7.8344
1.0054,2.1304,0.080534,-0.013393,-0.064377,7.8418
1.0054,2.1304,0.080531,-0.013328,-0.064425,7.8477
1.0055,2.1304,0.080528,-0.013258,-0.064474,7.8439
1.0055,2.1304,0.080524,-0.013186,-0.064524,7.8467
1.0056,2.1304,0.080521,-0.013114,-0.064575,7.8554
1.0056,2.1304,0.080517,-0.013046,-0.064612,7.8469
1.0057,2.1304,0.080514,-0.012985,-0.064672,7.8363
1.0057,2.1304,0.080511,-0.012921,-0.064744,7.8508
1.0058,2.1304,0.080507,-0.01286,-0.064822,7.8538
1.0058,2.1304,0.080504,-0.01279,-0.064897,7.8555
1.0059,2.1304,0.0805,-0.012715,-0.064966,7.8687
1.0059,2.1304,0.080497,-0.012639,-0.06502,7.8689
1.006,2.1304,0.080493,-0.012563,-0.065056,7.8649
1.0061,2.1304,0.08049,-0.01249,-0.065064,7.8735
1.0061,2.1304,0.080487,-0.012423,-0.065084,7.8755
1.0062,2.1304,0.080483,-0.012356,-0.065101,7.8672
1.0062,2.1304,0.08048,-0.012294,-0.065115,7.8679
1.0063,2.1304,0.080476,-0.012229,-0.065132,7.8799
1.0063,2.1304,0.080473,-0.012164,-0.065153,7.8728
1.0064,2.1304,0.080469,-0.012099,-0.065175,7.8762
1.0064,2.1304,0.080466,-0.012038,-0.065182,7.8854
1.0065,2.1304,0.080463,-0.011971,-0.065216,7.8872
1.0065,2.1304,0.080459,-0.011897,-0.065253,7.8815
1.0066,2.1304,0.080456,-0.01183,-0.065327,7.8954
1.0066,2.1304,0.080452,-0.011767,-0.065403,7.8845
1.0067,2.1304,0.080449,-0.011707,-0.065497,7.8784
1.0067,2.1304,0.080445,-0.01165,-0.065607,7.8851
1.0068,2.1304,0.080442,-0.011594,-0.065729,7.8857
1.0068,2.1304,0.080438,-0.011539,-0.06585,7.8769
1.0069,2.1304,0.080435,-0.011475,-0.066013,7.8843
1.0069,2.1304,0.080432,-0.011403,-0.066149,7.8965
1.007,2.1304,0.080428,-0.011337,-0.066286,7.887
1.0071,2.1304,0.080425,-0.011272,-0.066389,7.8913
1.0071,2.1304,0.080421,-0.011207,-0.066496,7.8955
1.0072,2.1304,0.080418,-0.011142,-0.066591,7.888
1.0072,2.1304,0.080414,-0.011078,-0.066652,7.8915
1.0073,2.1304,0.080411,-0.011014,-0.066698,7.9011
1.0073,2.1304,0.080407,-0.010952,-0.066764,7.8951
1.0074,2.1304,0.080403,-0.010889,-0.066787,7.8938
1.0074,2.1304,0.0804,-0.010827,-0.066802,7.8981
1.0075,2.1304,0.080396,-0.010761,-0.066844,7.906
1.0075,2.1304,0.080393,-0.0107,-0.066904,7.8975
1.0076,2.1304,0.080389,-0.010652,-0.066946,7.9023
1.0076,2.1304,0.080386,-0.01061,-0.06694,7.9068
1.0077,2.1304,0.080382,-0.010574,-0.066903,7.8941
1.0077,2.1304,0.080379,-0.010548,-0.066849,7.8954
1.0078,2.1304,0.080375,-0.010528,-0.066755,7.8938
1.0078,2.1304,0.080372,-0.010516,-0.066642,7.8828
1.0079,2.1304,0.080368,-0.010493,-0.066559,7.8905
1.0079,2.1304,0.080365,-0.010468,-0.066503,7.8985
1.008,2.1304,0.080361,-0.010447,-0.066488,7.8952
1.0081,2.1304,0.080358,-0.010419,-0.066524,7.8967
1.0081,2.1304,0.080354,-0.010396,-0.066582,7.9086
1.0082,2.1304,0.080351,-0.010367,-0.06663,7.9005
1.0082,2.1304,0.080347,-0.010341,-0.066663,7.898
1.0083,2.1304,0.080344,-0.010316,-0.066611,7.9076
1.0083,2.1304,0.08034,-0.010275,-0.066502,7.9117
1.0084,2.1304,0.080337,-0.010223,-0.06636,7.8991
1.0084,2.1304,0.080333,-0.01016,-0.066212,7.909
1.0085,2.1304,0.08033,-0.010092,-0.066073,7.9197
1.0085,2.1304,0.080326,-0.010024,-0.065974,7.9186
1.0086,2.1304,0.080323,-0.0099496,-0.065907,7.9215
1.0086,2.1304,0.080319,-0.0098844,-0.065871,7.9306
1.0087,2.1304,0.080316,-0.0098165,-0.065816,7.9257
1.0087,2.1304,0.080312,-0.0097469,-0.065736,7.9182
1.0088,2.1304,0.080309,-0.0096768,-0.065668,7.9233
1.0088,2.1304,0.080306,-0.00961,-0.065598,7.9212
1.0089,2.1304,0.080302,-0.0095409,-0.065515,7.918
1.0089,2.1304,0.080299,-0.0094717,-0.065448,7.9228
1.009,2.1304,0.080295,-0.009405,-0.065392,7.9271
1.0091,2.1304,0.080292,-0.0093435,-0.065299,7.919
1.0091,2.1304,0.080288,-0.0092766,-0.065173,7.928
1.0092,2.1304,0.080285,-0.0092214,-0.064999,7.9233
1.0092,2.1304,0.080282,-0.0091766,-0.06485,7.9165
1.0093,2.1304,0.080278,-0.0091409,-0.064738,7.9141
1.0093,2.1304,0.080275,-0.009105,-0.064676,7.9165
1.0094,2.1304,0.080271,-0.0090692,-0.06469,7.9006
1.0094,2.1304,0.080268,-0.0090312,-0.064768,7.9055
1.0095,2.1304,0.080265,-0.008989,-0.064781,7.9145
1.0095,2.1304,0.080261,-0.0089407,-0.064752,7.913
1.0096,2.1304,0.080258,-0.0088994,-0.064692,7.9092
1.0096,2.1304,0.080254,-0.0088602,-0.064603,7.9235
1.0097,2.1304,0.080251,-0.0088231,-0.064544,7.9173
1.0097,2.1304,0.080248,-0.0087882,-0.064479,7.9101
1.0098,2.1304,0.080244,-0.0087581,-0.064426,7.9122
1.0098,2.1304,0.080241,-0.0087258,-0.064359,7.9087
1.0099,2.1304,0.080237,-0.0086924,-0.064238,7.9039
1.0099,2.1304,0.080234,-0.008659,-0.064072,7.9145
1.01,2.1304,0.080231,-0.008627,-0.063881,7.918
1.0101,2.1304,0.080227,-0.0085974,-0.063686,7.91
1.0101,2.1304,0.080224,-0.0085717,-0.06356,7.9116
1.0102,2.1304,0.080221,-0.0085539,-0.063465,7.9144
1.0102,2.1304,0.080217,-0.0085386,-0.063425,7.9065
1.0103,2.1304,0.080214,-0.0085197,-0.06344,7.9042
1.0103,2.1304,0.080211,-0.0085011,-0.063504,7.9096
1.0104,2.1304,0.080207,-0.0084839,-0.063554,7.9021
1.0104,2.1304,0.080204,-0.0084721,-0.063581,7.8896
1.0105,2.1304,0.080201,-0.00846,-0.063615,7.9032
1.0105,2.1304,0.080197,-0.0084527,-0.063616,7.9031
1.0106,2.1304,0.080194,-0.0084485,-0.063607,7.8975
1.0106,2.1304,0.08019,-0.0084356,-0.063569,7.906
1.0107,2.1304,0.080187,-0.0084227,-0.063481,7.9022
1.0107,2.1304,0.080184,-0.0084092,-0.063382,7.8901
1.0108,2.1304,0.08018,-0.0083928,-0.063266,7.8862
1.0108,2.1304,0.080177,-0.0083797,-0.063158,7.8802
1.0109,2.1304,0.080174,-0.0083681,-0.063023,7.8714
1.0109,2.1304,0.080171,-0.0083656,-0.062842,7.8698
1.011,2.1304,0.080167,-0.0083695,-0.062656,7.8846
1.0111,2.1304,0.080164,-0.0083807,-0.06245,7.8799
1.0111,2.1304,0.080161,-0.0084003,-0.062229,7.8823
1.0112,2.1304,0.080157,-0.0084195,-0.06204,7.8928
1.0112,2.1304,0.080154,-0.0084317,-0.061875,7.8947
1.0113,2.1303,0.080151,-0.0084386,-0.061742,7.8901
1.0113,2.1303,0.080148,-0.0084404,-0.061596,7.8943
1.0114,2.1303,0.080144,-0.0084387,-0.061465,7.9092
1.0114,2.1303,0.080141,-0.0084382,-0.061323,7.9039
1.0115,2.1303,0.080138,-0.0084405,-0.061149,7.9113
1.0115,2.1303,0.080135,-0.0084409,-0.06094,7.9188
1.0116,2.1303,0.080132,-0.008438,-0.060693,7.9131
1.0116,2.1303,0.080128,-0.0084313,-0.060406,7.9156
1.0117,2.1303,0.080125,-0.0084208,-0.060115,7.9192
1.0117,2.1303,0.080122,-0.0084076,-0.059856,7.912
1.0118,2.1303,0.080119,-0.0083936,-0.059658,7.9122
1.0118,2.1303,0.080116,-0.0083768,-0.059526,7.9189
1.0119,2.1303,0.080113,-0.0083685,-0.059409,7.9152
1.0119,2.1303,0.08011,-0.0083662,-0.05932,7.9112
1.012,2.1303,0.080106,-0.0083624,-0.059222,7.9275
1.0121,2.1303,0.080103,-0.0083629,-0.059082,7.9225
1.0121,2.1303,0.0801,-0.0083757,-0.058892,7.9243
1.0122,2.1303,0.080097,-0.0083933,-0.058687,7.9288
1.0122,2.1303,0.080094,-0.0084036,-0.058509,7.9375
1.0123,2.1303,0.080091,-0.0084083,-0.058372,7.921
1.0123,2.1303,0.080088,-0.0084215,-0.058224,7.9308
1.0124,2.1303,0.080085,-0.0084415,-0.058134,7.9387
1.0124,2.1303,0.080082,-0.0084566,-0.058066,7.9295
1.0125,2.1303,0.080079,-0.0084707,-0.057982,7.933
1.0125,2.1303,0.080076,-0.0084799,-0.057868,7.9343
1.0126,2.1303,0.080073,-0.0084809,-0.057824,7.9347
1.0126,2.1303,0.08007,-0.0084729,-0.057808,7.9398
1.0127,2.1303,0.080067,-0.008473,-0.057846,7.9552
1.0127,2.1303,0.080064,-0.0084794,-0.0579,7.9552
1.0128,2.1303,0.08006,-0.008493,-0.058044,7.9555
1.0128,2.1303,0.080057,-0.008499,-0.058187,7.9599
1.0129,2.1303,0.080054,-0.0084951,-0.058299,7.9625
1.0129,2.1303,0.080051,-0.0084809,-0.058386,7.9548
1.013,2.1303,0.080048,-0.0084586,-0.058492,7.9577
1.0131,2.1303,0.080045,-0.0084453,-0.058549,7.9624
1.0131,2.1303,0.080042,-0.0084365,-0.058634,7.953
1.0132,2.1303,0.080039,-0.0084421,-0.058673,7.9573
1.0132,2.1303,0.080036,-0.0084483,-0.058763,7.9599
1.0133,2.1303,0.080033,-0.0084547,-0.058832,7.9494
1.0133,2.1303,0.08003,-0.0084711,-0.058921,7.9424
1.0134,2.1303,0.080027,-0.0084861,-0.05904,7.9516
1.0134,2.1303,0.080023,-0.0084949,-0.059205,7.9356
1.0135,2.1303,0.08002,-0.008508,-0.059411,7.9233
1.0135,2.1303,0.080017,-0.0085152,-0.059658,7.928
1.0136,2.1303,0.080014,-0.0085379,-0.059903,7.9187
1.0136,2.1303,0.080011,-0.008554,-0.060145,7.9181
1.0137,2.1303,0.080008,-0.0085653,-0.060364,7.9276
1.0137,2.1303,0.080004,-0.0085709,-0.060541,7.93
1.0138,2.1303,0.080001,-0.0085569,-0.060692,7.9172
1.0138,2.1303,0.079998,-0.0085303,-0.060846,7.9265
1.0139,2.1303,0.079995,-0.0084954,-0.060976,7.9309
1.0139,2.1303,0.079992,-0.0084582,-0.061108,7.9214
1.014,2.1303,0.079988,-0.0084222,-0.061275,7.9169
1.0141,2.1303,0.079985,-0.0083906,-0.061417,7.9273
1.0141,2.1303,0.079982,-0.008369,-0.061568,7.9256
1.0142,2.1303,0.079979,-0.0083602,-0.061716,7.925
1.0142,2.1303,0.079975,-0.0083648,-0.061866,7.9362
1.0143,2.1303,0.079972,-0.008381,-0.062015,7.9292
1.0143,2.1303,0.079969,-0.0084046,-0.062154,7.924
1.0144,2.1303,0.079966,-0.0084294,-0.062223,7.938
1.0144,2.1303,0.079962,-0.0084473,-0.062258,7.9314
1.0145,2.1303,0.079959,-0.0084634,-0.06221,7.9152
1.0145,2.1303,0.079956,-0.0084777,-0.062128,7.9147
1.0146,2.1303,0.079953,-0.0084951,-0.062046,7.9221
1.0146,2.1303,0.079949,-0.0085025,-0.062012,7.9079
1.0147,2.1303,0.079946,-0.0085074,-0.062053,7.9095
1.0147,2.1303,0.079943,-0.0084994,-0.062129,7.9107
1.0148,2.1303,0.079939,-0.0084838,-0.062193,7.8968
1.0148,2.1303,0.079936,-0.0084703,-0.062311,7.8958
1.0149,2.1303,0.079933,-0.0084505,-0.062416,7.8937
1.0149,2.1303,0.07993,-0.0084365,-0.062531,7.883
1.015,2.1303,0.079926,-0.008422,-0.062676,7.8714
1.0151,2.1303,0.079923,-0.0084011,-0.062854,7.8843
1.0151,2.1303,0.07992,-0.0083905,-0.063049,7.8799
1.0152,2.1303,0.079916,-0.0083688,-0.063211,7.8743
1.0152,2.1303,0.079913,-0.0083529,-0.063385,7.892
1.0153,2.1303,0.07991,-0.0083414,-0.063581,7.8963
1.0153,2.1303,0.079906,-0.0083201,-0.063767,7.8815
1.0154,2.1303,0.079903,-0.0082906,-0.063981,7.8887
1.0154,2.1303,0.0799,-0.0082546,-0.064187,7.891
1.0155,2.1303,0.079896,-0.0082135,-0.06437,7.882
1.0155,2.1303,0.079893,-0.008184,-0.064514,7.8848
1.0156,2.1303,0.079889,-0.0081538,-0.064665,7.8967
1.0156,2.1303,0.079886,-0.0081264,-0.064775,7.8926
1.0157,2.1303,0.079883,-0.0081052,-0.064829,7.8934
1.0157,2.1303,0.079879,-0.008083,-0.064864,7.9051
1.0158,2.1303,0.079876,-0.0080529,-0.064928,7.8977
1.0158,2.1303,0.079872,-0.0080236,-0.064968,7.8923
1.0159,2.1303,0.079869,-0.0079859,-0.065041,7.8979
1.0159,2.1303,0.079865,-0.0079506,-0.065152,7.885
1.016,2.1303,0.079862,-0.0079059,-0.065321,7.8763
1.0161,2.1303,0.079859,-0.007858,-0.065465,7.876
1.0161,2.1303,0.079855,-0.0078257,-0.065571,7.8785
1.0162,2.1303,0.079852,-0.0078119,-0.065659,7.8671
1.0162,2.1303,0.079848,-0.0078037,-0.065721,7.8682
1.0163,2.1303,0.079845,-0.0078022,-0.065758,7.8782
1.0163,2.1303,0.079841,-0.0078057,-0.06583,7.8662
1.0164,2.1303,0.079838,-0.0078107,-0.06595,7.8669
1.0164,2.1303,0.079834,-0.0078161,-0.066082,7.8678
1.0165,2.1303,0.079831,-0.0078211,-0.066225,7.8648
1.0165,2.1303,0.079827,-0.0078175,-0.066324,7.8519
1.0166,2.1303,0.079824,-0.0078166,-0.066391,7.8658
1.0166,2.1303,0.07982,-0.0077965,-0.066393,7.8643
1.0167,2.1303,0.079817,-0.0077698,-0.066367,7.8588
1.0167,2.1303,0.079813,-0.0077437,-0.066291,7.8717
1.0168,2.1303,0.07981,-0.0077251,-0.066164,7.882
1.0168,2.1303,0.079806,-0.0077212,-0.065988,7.8775
1.0169,2.1303,0.079803,-0.0077235,-0.065809,7.8801
1.0169,2.1303,0.0798,-0.0077261,-0.065648,7.8809
1.017,2.1303,0.079796,-0.007736,-0.065543,7.8743
1.0171,2.1303,0.079793,-0.0077399,-0.065456,7.8708
1.0171,2.1303,0.079789,-0.0077428,-0.0654,7.885
1.0172,2.1303,0.079786,-0.0077448,-0.065353,7.8756
1.0172,2.1303,0.079782,-0.007746,-0.065305,7.8788
1.0173,2.1303,0.079779,-0.0077511,-0.065214,7.8882
1.0173,2.1303,0.079775,-0.0077471,-0.065134,7.8838
1.0174,2.1303,0.079772,-0.0077368,-0.06507,7.8803
1.0174,2.1303,0.079769,-0.0077279,-0.06497,7.8839
1.0175,2.1303,0.079765,-0.0077147,-0.064839,7.8762
1.0175,2.1303,0.079762,-0.0076882,-0.064715,7.8687
1.0176,2.1303,0.079758,-0.0076599,-0.06463,7.8739
1.0176,2.1303,0.079755,-0.007628,-0.064574,7.8821
1.0177,2.1303,0.079752,-0.0075929,-0.064539,7.8655
1.0177,2.1303,0.079748,-0.0075421,-0.064551,7.8772
1.0178,2.1303,0.079745,-0.0074787,-0.064593,7.8875
1.0178,2.1303,0.079741,-0.0074219,-0.064615,7.88
1.0179,2.1303,0.079738,-0.0073623,-0.064612,7.8805
1.0179,2.1303,0.079735,-0.007295,-0.064568,7.885
1.018,2.1303,0.079731,-0.0072308,-0.064462,7.8849
1.0181,2.1303,0.079728,-0.0071551,-0.064339,7.8762
1.0181,2.1303,0.079724,-0.007083,-0.064186,7.8848
1.0182,2.1303,0.079721,-0.0070078,-0.06402,7.8804
1.0182,2.1303,0.079718,-0.006937,-0.06392,7.8795
1.0183,2.1303,0.079714,-0.0068835,-0.063876,7.8951
1.0183,2.1303,0.079711,-0.0068404,-0.063864,7.9053
1.0184,2.1303,0.079708,-0.0068033,-0.063908,7.903
1.0184,2.1303,0.079704,-0.0067657,-0.063985,7.907
1.0185,2.1303,0.079701,-0.0067186,-0.064065,7.9044
1.0185,2.1303,0.079698,-0.0066744,-0.064103,7.8973
1.0186,2.1303,0.079694,-0.0066233,-0.064103,7.8957
1.0186,2.1303,0.079691,-0.0065746,-0.064102,7.9004
1.0187,2.1303,0.079687,-0.0065255,-0.064101,7.8812
1.0187,2.1303,0.079684,-0.0064761,-0.064065,7.878
1.0188,2.1303,0.079681,-0.0064265,-0.064047,7.8903
1.0188,2.1303,0.079677,-0.0063766,-0.064043,7.884
1.0189,2.1303,0.079674,-0.0063265,-0.064041,7.8785
1.0189,2.1303,0.079671,-0.0062762,-0.064006,7.8844
1.019,2.1303,0.079667,-0.0062257,-0.063978,7.878
1.0191,2.1303,0.079664,-0.0061803,-0.064002,7.8627
1.0191,2.1303,0.07966,-0.0061265,-0.064097,7.8659
1.0192,2.1303,0.079657,-0.0060665,-0.064188,7.8712
1.0192,2.1303,0.079654,-0.0060023,-0.064263,7.8616
1.0193,2.1303,0.07965,-0.0059362,-0.064301,7.8733
1.0193,2.1303,0.079647,-0.0058706,-0.06426,7.8856
1.0194,2.1303,0.079644,-0.005808,-0.064118,7.8828
1.0194,2.1303,0.07964,-0.0057511,-0.064031,7.8872
1.0195,2.1303,0.079637,-0.0057025,-0.064029,7.9005
1.0195,2.1303,0.079633,-0.0056492,-0.064092,7.8911
1.0196,2.1303,0.07963,-0.0055961,-0.064211,7.8882
1.0196,2.1303,0.079627,-0.0055431,-0.064319,7.8954
1.0197,2.1303,0.079623,-0.0054904,-0.064428,7.8964
1.0197,2.1303,0.07962,-0.0054379,-0.064495,7.8902
1.0198,2.1303,0.079616,-0.0053883,-0.06456,7.9034
1.0198,2.1303,0.079613,-0.0053345,-0.064668,7.9107
1.0199,2.1303,0.07961,-0.0052782,-0.064813,7.9033
1.0199,2.1303,0.079606,-0.0052232,-0.064983,7.9134
1.02,2.1303,0.079603,-0.005164,-0.065159,7.9091
1.0201,2.1303,0.079599,-0.0051032,-0.065267,7.8985
1.0201,2.1303,0.079596,-0.0050435,-0.065342,7.8876
1.0202,2.1303,0.079592,-0.0049873,-0.065354,7.8917
1.0202,2.1303,0.079589,-0.0049369,-0.065298,7.8715
1.0203,2.1303,0.079586,-0.0048866,-0.065186,7.8675
1.0203,2.1303,0.079582,-0.0048401,-0.065054,7.874
1.0204,2.1303,0.079579,-0.004801,-0.064896,7.8646
1.0204,2.1303,0.079575,-0.004753,-0.064671,7.861
1.0205,2.1303,0.079572,-0.0047045,-0.064419,7.8669
1.0205,2.1303,0.079569,-0.0046624,-0.064114,7.8629
1.0206,2.1303,0.079565,-0.0046278,-0.063825,7.852
1.0206,2.1303,0.079562,-0.0045924,-0.063588,7.8552
1.0207,2.1303,0.079559,-0.0045562,-0.063382,7.8642
1.0207,2.1303,0.079555,-0.0045219,-0.063191,7.852
1.0208,2.1303,0.079552,-0.0044853,-0.06299,7.8586
1.0208,2.1303,0.079549,-0.0044354,-0.062803,7.8671
1.0209,2.1303,0.079545,-0.0043805,-0.062644,7.8633
1.0209,2.1303,0.079542,-0.004326,-0.062475,7.8678
1.021,2.1303,0.079539,-0.0042711,-0.062349,7.8767
1.0211,2.1303,0.079535,-0.004206,-0.062232,7.8727
1.0211,2.1303,0.079532,-0.0041479,-0.062119,7.8691
1.0212,2.1303,0.079529,-0.0041002,-0.062007,7.8732
1.0212,2.1303,0.079526,-0.0040673,-0.06188,7.873
1.0213,2.1303,0.079522,-0.0040467,-0.061769,7.862
1.0213,2.1303,0.079519,-0.0040348,-0.061634,7.8807
1.0214,2.1303,0.079516,-0.0040271,-0.061503,7.8792
1.0214,2.1303,0.079513,-0.0040178,-0.061391,7.8687
1.0215,2.1303,0.07951,-0.0040005,-0.0613,7.8726
1.0215,2.1303,0.079506,-0.0039837,-0.06128,7.876
1.0216,2.1303,0.079503,-0.0039639,-0.061321,7.8602
1.0216,2.1303,0.0795,-0.0039479,-0.061391,7.8661
1.0217,2.1303,0.079497,-0.0039333,-0.061448,7.8652
1.0217,2.1303,0.079493,-0.0039199,-0.061458,7.849
1.0218,2.1303,0.07949,-0.003913,-0.061418,7.8429
1.0218,2.1303,0.079487,-0.0038992,-0.061369,7.8552
1.0219,2.1303,0.079484,-0.0038806,-0.061299,7.8487
1.0219,2.1303,0.07948,-0.0038619,-0.061245,7.8393
1.022,2.1303,0.079477,-0.0038414,-0.061242,7.8544
1.0221,2.1303,0.079474,-0.0038132,-0.061284,7.8505
1.0221,2.1303,0.079471,-0.0037855,-0.061367,7.8429
1.0222,2.1303,0.079468,-0.0037706,-0.061485,7.842
1.0222,2.1303,0.079464,-0.0037691,-0.061617,7.8491
1.0223,2.1303,0.079461,-0.00376,-0.061786,7.8447
1.0223,2.1303,0.079458,-0.0037353,-0.061955,7.8609
1.0224,2.1303,0.079455,-0.0037051,-0.062138,7.8685
1.0224,2.1303,0.079451,-0.0036738,-0.06235,7.8619
1.0225,2.1303,0.079448,-0.0036407,-0.062564,7.8697
1.0225,2.1303,0.079445,-0.003614,-0.062744,7.8874
1.0226,2.1303,0.079441,-0.0035987,-0.062918,7.88
1.0226,2.1303,0.079438,-0.0035816,-0.063073,7.8809
1.0227,2.1303,0.079435,-0.0035586,-0.063223,7.8871
1.0227,2.1303,0.079431,-0.0035251,-0.063318,7.881
1.0228,2.1303,0.079428,-0.0034966,-0.063414,7.8781
1.0228,2.1303,0.079425,-0.0034819,-0.06353,7.891
1.0229,2.1303,0.079421,-0.0034816,-0.063643,7.8949
1.0229,2.1303,0.079418,-0.0034958,-0.063742,7.8892
1.023,2.1303,0.079415,-0.0035058,-0.06387,7.8969
1.0231,2.1303,0.079411,-0.0035102,-0.063995,7.8963
1.0231,2.1303,0.079408,-0.0035029,-0.064173,7.8856
1.0232,2.1303,0.079404,-0.0034957,-0.064309,7.8889
1.0232,2.1303,0.079401,-0.0034806,-0.064472,7.8911
1.0233,2.1303,0.079398,-0.0034479,-0.064622,7.8771
1.0233,2.1303,0.079394,-0.0034104,-0.064743,7.8796
1.0234,2.1303,0.079391,-0.0033665,-0.064822,7.8909
1.0234,2.1303,0.079387,-0.0033096,-0.064854,7.8835
1.0235,2.1303,0.079384,-0.003253,-0.064841,7.8808
1.0235,2.1303,0.079381,-0.0031867,-0.064819,7.8961
1.0236,2.1303,0.079377,-0.0031365,-0.064789,7.8947
1.0236,2.1303,0.079374,-0.0030908,-0.064771,7.8858
1.0237,2.1303,0.07937,-0.0030501,-0.064785,7.896
1.0237,2.1303,0.079367,-0.0030276,-0.064819,7.9055
1.0238,2.1303,0.079364,-0.0030176,-0.064832,7.899
1.0238,2.1303,0.07936,-0.003014,-0.064877,7.9148
1.0239,2.1303,0.079357,-0.0030141,-0.064949,7.926
1.0239,2.1303,0.079353,-0.0030171,-0.065019,7.9228
1.024,2.1303,0.07935,-0.0030221,-0.065147,7.9267
1.0241,2.1303,0.079346,-0.0030197,-0.065292,7.9406
1.0241,2.1303,0.079343,-0.0030027,-0.065453,7.9308
1.0242,2.1303,0.07934,-0.0029744,-0.065608,7.9332
1.0242,2.1303,0.079336,-0.0029333,-0.065734,7.9351
1.0243,2.1303,0.079333,-0.0028737,-0.065877,7.9286
1.0243,2.1303,0.079329,-0.0028036,-0.066063,7.9192
1.0244,2.1303,0.079326,-0.0027297,-0.066275,7.9359
1.0244,2.1303,0.079322,-0.0026536,-0.066547,7.9288
1.0245,2.1303,0.079319,-0.002584,-0.06682,7.9238
1.0245,2.1303,0.079315,-0.0025094,-0.067053,7.9338
1.0246,2.1303,0.079312,-0.0024473,-0.067242,7.9311
1.0246,2.1303,0.079308,-0.0023854,-0.067362,7.9137
1.0247,2.1303,0.079304,-0.00233,-0.067448,7.9187
1.0247,2.1303,0.079301,-0.0022815,-0.067556,7.9183
1.0248,2.1303,0.079297,-0.0022267,-0.067638,7.9074
1.0248,2.1303,0.079294,-0.0021788,-0.06773,7.9054
1.0249,2.1303,0.07929,-0.002129,-0.067781,7.913
1.0249,2.1303,0.079287,-0.0020791,-0.067796,7.9114
1.025,2.1303,0.079283,-0.0020344,-0.067797,7.9091
1.0251,2.1303,0.07928,-0.0019766,-0.067766,7.9268
1.0251,2.1303,0.079276,-0.0019264,-0.067741,7.926
1.0252,2.1303,0.079272,-0.0018739,-0.067709,7.9211
1.0252,2.1303,0.079269,-0.0018175,-0.067637,7.9243
1.0253,2.1303,0.079265,-0.0017715,-0.067549,7.9291
1.0253,2.1303,0.079262,-0.0017354,-0.067401,7.9295
1.0254,2.1303,0.079258,-0.0017082,-0.067265,7.9329
1.0254,2.1303,0.079255,-0.0016893,-0.067142,7.9452
1.0255,2.1303,0.079251,-0.0016618,-0.067054,7.9374
1.0255,2.1303,0.079248,-0.0016375,-0.066968,7.9431
1.0256,2.1303,0.079244,-0.0016128,-0.066897,7.9481
1.0256,2.1303,0.079241,-0.001584,-0.066863,7.9401
1.0257,2.1303,0.079237,-0.001558,-0.066839,7.931
1.0257,2.1303,0.079234,-0.0015423,-0.066768,7.9358
1.0258,2.1303,0.07923,-0.0015284,-0.066745,7.9222
1.0258,2.1303,0.079226,-0.0015265,-0.066701,7.9139
1.0259,2.1303,0.079223,-0.0015232,-0.066656,7.9265
1.0259,2.1303,0.079219,-0.0015381,-0.066604,7.914
1.026,2.1303,0.079216,-0.0015644,-0.066606,7.9081
1.0261,2.1303,0.079212,-0.0015812,-0.066661,7.9128
1.0261,2.1303,0.079209,-0.001583,-0.066711,7.9157
1.0262,2.1303,0.079205,-0.0015799,-0.066776,7.9027
1.0262,2.1303,0.079202,-0.0015693,-0.066868,7.9051
1.0263,2.1303,0.079198,-0.0015509,-0.066871,7.9126
1.0263,2.1303,0.079195,-0.001527,-0.066846,7.9004
1.0264,2.1303,0.079191,-0.0015055,-0.066786,7.8977
1.0264,2.1303,0.079188,-0.0014871,-0.066704,7.9122
1.0265,2.1303,0.079184,-0.0014742,-0.066616,7.9082
1.0265,2.1303,0.079181,-0.0014554,-0.066559,7.9106
1.0266,2.1303,0.079177,-0.001451,-0.066575,7.9316
1.0266,2.1303,0.079174,-0.0014575,-0.066589,7.9289
1.0267,2.1303,0.07917,-0.0014675,-0.06661,7.9191
1.0267,2.1303,0.079167,-0.0014738,-0.066677,7.9316
1.0268,2.1303,0.079163,-0.0014687,-0.066718,7.9303
1.0268,2.1303,0.07916,-0.0014599,-0.066746,7.9253
1.0269,2.1303,0.079156,-0.001448,-0.066728,7.9321
1.0269,2.1303,0.079153,-0.001426,-0.066708,7.9413
1.027,2.1303,0.079149,-0.0014055,-0.066687,7.9287
1.0271,2.1303,0.079146,-0.0013883,-0.066684,7.9342
1.0271,2.1303,0.079142,-0.0013713,-0.066724,7.9456
1.0272,2.1303,0.079139,-0.0013541,-0.066777,7.9288
1.0272,2.1303,0.079135,-0.0013314,-0.066833,7.9256
1.0273,2.1303,0.079132,-0.0013152,-0.06688,7.9293
1.0273,2.1303,0.079128,-0.001308,-0.066861,7.921
1.0274,2.1303,0.079125,-0.0013064,-0.066819,7.91
1.0274,2.1303,0.079121,-0.0013078,-0.066776,7.916
1.0275,2.1303,0.079118,-0.0013093,-0.066752,7.9117
1.0275,2.1303,0.079114,-0.0013081,-0.066722,7.9048
1.0276,2.1303,0.079111,-0.0013012,-0.066722,7.9119
1.0276,2.1303,0.079107,-0.0012856,-0.066743,7.9161
1.0277,2.1303,0.079104,-0.0012739,-0.066775,7.9034
1.0277,2.1303,0.0791,-0.0012637,-0.066805,7.9092
1.0278,2.1303,0.079097,-0.0012533,-0.066828,7.9086
1.0278,2.1303,0.079093,-0.0012448,-0.066845,7.894
1.0279,2.1303,0.07909,-0.0012379,-0.066828,7.8916
1.0279,2.1303,0.079086,-0.001232,-0.066819,7.9012
1.028,2.1303,0.079082,-0.0012295,-0.066813,7.9017
1.0281,2.1303,0.079079,-0.0012256,-0.066856,7.9072
1.0281,2.1303,0.079075,-0.0012166,-0.066951,7.9195
1.0282,2.1303,0.079072,-0.0011973,-0.067094,7.9185
1.0282,2.1303,0.079068,-0.0011708,-0.067287,7.9168
1.0283,2.1303,0.079065,-0.0011401,-0.067489,7.9287
1.0283,2.1303,0.079061,-0.0011153,-0.067637,7.9323
1.0284,2.1303,0.079058,-0.0010961,-0.067764,7.9208
1.0284,2.1303,0.079054,-0.0010924,-0.067843,7.9235
1.0285,2.1303,0.079051,-0.0010971,-0.06792,7.9274
1.0285,2.1303,0.079047,-0.0011048,-0.067963,7.9205
1.0286,2.1303,0.079043,-0.0011085,-0.068005,7.9282
1.0286,2.1303,0.07904,-0.0011077,-0.068077,7.9432
1.0287,2.1303,0.079036,-0.0011024,-0.068159,7.9339
1.0287,2.1303,0.079033,-0.0010979,-0.06824,7.9362
1.0288,2.1303,0.079029,-0.0010877,-0.068349,7.941
1.0288,2.1303,0.079025,-0.0010826,-0.068479,7.933
1.0289,2.1303,0.079022,-0.0010825,-0.068637,7.9228
1.0289,2.1303,0.079018,-0.0010904,-0.068807,7.9342
1.029,2.1303,0.079015,-0.0011014,-0.068961,7.9322
1.0291,2.1303,0.079011,-0.0011178,-0.069098,7.9276
1.0291,2.1303,0.079007,-0.0011361,-0.06922,7.9442
1.0292,2.1303,0.079004,-0.0011503,-0.069324,7.9459
1.0292,2.1303,0.079,-0.0011551,-0.06941,7.9398
1.0293,2.1303,0.078996,-0.001154,-0.06949,7.9555
1.0293,2.1303,0.078993,-0.0011486,-0.069589,7.9512
1.0294,2.1303,0.078989,-0.0011394,-0.069681,7.9457
1.0294,2.1303,0.078985,-0.0011291,-0.069715,7.9514
1.0295,2.1303,0.078982,-0.0011286,-0.069699,7.9564
1.0295,2.1303,0.078978,-0.0011339,-0.069637,7.9605
1.0296,2.1303,0.078974,-0.0011415,-0.069536,7.9664
1.0296,2.1303,0.078971,-0.0011522,-0.069415,7.9787
1.0297,2.1303,0.078967,-0.0011658,-0.069298,7.979
1.0297,2.1303,0.078963,-0.001178,-0.069174,7.9774
1.0298,2.1303,0.07896,-0.0011932,-0.069043,7.98
1.0298,2.1303,0.078956,-0.0012146,-0.068904,7.973
1.0299,2.1303,0.078953,-0.0012399,-0.068758,7.9609
1.0299,2.1303,0.078949,-0.0012708,-0.068601,7.957
1.03,2.1303,0.078945,-0.0013021,-0.068434,7.9686
1.0301,2.1303,0.078942,-0.0013359,-0.068255,7.9501
1.0301,2.1303,0.078938,-0.0013652,-0.068077,7.9489
1.0302,2.1303,0.078935,-0.0013818,-0.067863,7.9582
1.0302,2.1303,0.078931,-0.0013941,-0.067621,7.9426
1.0303,2.1303,0.078927,-0.0014011,-0.067345,7.9409
1.0303,2.1303,0.078924,-0.0014002,-0.067068,7.9464
1.0304,2.1303,0.07892,-0.0014129,-0.066819,7.9343
1.0304,2.1303,0.078917,-0.001433,-0.066617,7.9242
1.0305,2.1303,0.078913,-0.0014551,-0.066485,7.934
1.0305,2.1303,0.07891,-0.0014703,-0.06639,7.9251
1.0306,2.1303,0.078906,-0.0014835,-0.066288,7.9172
1.0306,2.1303,0.078903,-0.0014978,-0.066183,7.9316
1.0307,2.1303,0.078899,-0.001511,-0.066056,7.9377
1.0307,2.1303,0.078896,-0.0015279,-0.065927,7.9333
1.0308,2.1303,0.078893,-0.0015601,-0.065804,7.9358
1.0308,2.1303,0.078889,-0.0016002,-0.065695,7.9357
1.0309,2.1303,0.078886,-0.0016439,-0.065607,7.9328
1.0309,2.1303,0.078882,-0.0016859,-0.065501,7.929
1.031,2.1303,0.078879,-0.0017321,-0.065424,7.9441
1.0311,2.1303,0.078875,-0.0017689,-0.065297,7.9288
1.0311,2.1303,0.078872,-0.0017958,-0.065149,7.9301
1.0312,2.1303,0.078868,-0.0018107,-0.064951,7.9402
1.0312,2.1303,0.078865,-0.0018162,-0.064743,7.9387
1.0313,2.1303,0.078862,-0.0018195,-0.06451,7.923
1.0313,2.1303,0.078858,-0.0018276,-0.064279,7.9308
1.0314,2.1303,0.078855,-0.0018347,-0.064077,7.9237
1.0314,2.1303,0.078852,-0.0018467,-0.063933,7.911
1.0315,2.1303,0.078848,-0.0018587,-0.06378,7.911
1.0315,2.1303,0.078845,-0.0018769,-0.063663,7.9078
1.0316,2.1303,0.078841,-0.0018918,-0.063549,7.8978
1.0316,2.1303,0.078838,-0.0019027,-0.06346,7.8979
1.0317,2.1303,0.078835,-0.0019119,-0.063361,7.9067
1.0317,2.1303,0.078831,-0.0019215,-0.063264,7.8929
1.0318,2.1303,0.078828,-0.0019282,-0.063167,7.8921
1.0318,2.1303,0.078825,-0.0019378,-0.06307,7.8993
1.0319,2.1303,0.078821,-0.0019528,-0.062988,7.8855
1.0319,2.1303,0.078818,-0.0019718,-0.06288,7.8824
1.032,2.1303,0.078815,-0.0019883,-0.062754,7.8911
1.0321,2.1303,0.078812,-0.0019979,-0.06262,7.8893
1.0321,2.1303,0.078808,-0.0020013,-0.062484,7.8866
1.0322,2.1303,0.078805,-0.0019959,-0.062357,7.9021
1.0322,2.1303,0.078802,-0.0019893,-0.062242,7.9069
1.0323,2.1303,0.078798,-0.0019827,-0.062145,7.9036
1.0323,2.1303,0.078795,-0.0019781,-0.062075,7.9033
1.0324,2.1303,0.078792,-0.0019712,-0.062005,7.9104
1.0324,2.1303,0.078789,-0.0019657,-0.061924,7.9074
1.0325,2.1303,0.078785,-0.0019597,-0.061801,7.907
1.0325,2.1303,0.078782,-0.0019509,-0.061668,7.9145
1.0326,2.1303,0.078779,-0.001937,-0.061517,7.9024
1.0326,2.1303,0.078776,-0.0019236,-0.061343,7.9044
1.0327,2.1303,0.078772,-0.0019071,-0.061133,7.9157
1.0327,2.1303,0.078769,-0.0018868,-0.060927,7.9051
1.0328,2.1303,0.078766,-0.0018615,-0.060779,7.8982
1.0328,2.1303,0.078763,-0.0018366,-0.060632,7.9062
1.0329,2.1303,0.07876,-0.0018083,-0.060492,7.8939
1.0329,2.1303,0.078757,-0.0017805,-0.060404,7.8848
1.033,2.1303,0.078753,-0.0017444,-0.060348,7.8844
1.0331,2.1303,0.07875,-0.0017023,-0.060327,7.8842
1.0331,2.1303,0.078747,-0.0016537,-0.060277,7.8669
1.0332,2.1303,0.078744,-0.0016126,-0.060245,7.8696
1.0332,2.1303,0.078741,-0.0015715,-0.060206,7.8788
1.0333,2.1303,0.078738,-0.001522,-0.060134,7.8748
1.0333,2.1303,0.078734,-0.0014693,-0.060059,7.8714
1.0334,2.1303,0.078731,-0.0014125,-0.059998,7.8827
1.0334,2.1303,0.078728,-0.0013471,-0.059966,7.88
1.0335,2.1303,0.078725,-0.0012804,-0.059974,7.8749
1.0335,2.1303,0.078722,-0.0012151,-0.059988,7.8838
1.0336,2.1303,0.078719,-0.0011715,-0.060046,7.8833
1.0336,2.1303,0.078715,-0.0011366,-0.060079,7.8801
1.0337,2.1303,0.078712,-0.0011059,-0.060084,7.8956
1.0337,2.1303,0.078709,-0.0010761,-0.060069,7.8963
1.0338,2.1303,0.078706,-0.0010399,-0.060008,7.8915
1.0338,2.1303,0.078703,-0.00099954,-0.059885,7.9039
1.0339,2.1303,0.0787,-0.0009537,-0.059703,7.9015
1.0339,2.1303,0.078696,-0.00090321,-0.059475,7.8929
1.034,2.1303,0.078693,-0.0008535,-0.059231,7.8921
1.0341,2.1303,0.07869,-0.00081003,-0.058961,7.9007
1.0341,2.1303,0.078687,-0.00076986,-0.058682,7.889
1.0342,2.1303,0.078684,-0.0007288,-0.05842,7.8894
1.0342,2.1303,0.078681,-0.00069157,-0.058163,7.9017
1.0343,2.1303,0.078678,-0.00065923,-0.057906,7.8959
1.0343,2.1303,0.078675,-0.00063419,-0.057622,7.8867
1.0344,2.1303,0.078672,-0.00061049,-0.057377,7.896
1.0344,2.1303,0.078669,-0.00057915,-0.057183,7.8922
1.0345,2.1303,0.078666,-0.00054636,-0.057053,7.8807
1.0345,2.1303,0.078663,-0.00050748,-0.056943,7.8808
1.0346,2.1303,0.07866,-0.00046752,-0.056851,7.8843
1.0346,2.1303,0.078657,-0.00043173,-0.056784,7.8711
1.0347,2.1303,0.078654,-0.00039579,-0.056687,7.8836
1.0347,2.1303,0.078651,-0.0003636,-0.056544,7.8885
1.0348,2.1303,0.078648,-0.00033559,-0.056425,7.8844
1.0348,2.1303,0.078645,-0.00030032,-0.056345,7.8852
1.0349,2.1303,0.078642,-0.00025121,-0.056278,7.9007
1.0349,2.1303,0.078639,-0.00019492,-0.056195,7.8926
1.035,2.1303,0.078636,-0.00014275,-0.056126,7.8972
1.0351,2.1303,0.078633,-9.2682e-05,-0.056084,7.8998
1.0351,2.1303,0.07863,-3.6826e-05,-0.05604,7.9049
1.0352,2.1303,0.078627,2.0884e-05,-0.056013,7.9021
1.0352,2.1303,0.078624,7.601e-05,-0.055998,7.9179
1.0353,2.1303,0.078621,0.00013937,-0.056025,7.9239
1.0353,2.1303,0.078618,0.00021601,-0.056075,7.9119
1.0354,2.1303,0.078616,0.00029514,-0.056172,7.922
1.0354,2.1303,0.078613,0.00037428,-0.056319,7.9183
1.0355,2.1303,0.07861,0.00044371,-0.056508,7.9123
1.0355,2.1303,0.078607,0.0005045,-0.056729,7.9107
1.0356,2.1303,0.078604,0.00055773,-0.056962,7.9106
1.0356,2.1303,0.078601,0.00060439,-0.05718,7.899
1.0357,2.1303,0.078598,0.00064803,-0.057428,7.8958
1.0357,2.1303,0.078595,0.00069158,-0.057625,7.9048
1.0358,2.1303,0.078592,0.00073822,-0.057801,7.8969
1.0358,2.1303,0.078588,0.00078863,-0.057962,7.8945
1.0359,2.1303,0.078585,0.00083489,-0.058061,7.9102
1.0359,2.1303,0.078582,0.00088246,-0.058096,7.9048
1.036,2.1303,0.078579,0.00093118,-0.058108,7.8942
1.0361,2.1303,0.078576,0.00098038,-0.058152,7.9044
1.0361,2.1303,0.078573,0.0010289,-0.058232,7.902
1.0362,2.1303,0.07857,0.0010751,-0.058317,7.8894
1.0362,2.1303,0.078567,0.001117,-0.058464,7.8957
1.0363,2.1303,0.078564,0.0011521,-0.058605,7.9055
1.0363,2.1303,0.078561,0.0011859,-0.058687,7.903
1.0364,2.1303,0.078558,0.0012148,-0.058712,7.9015
1.0364,2.1303,0.078555,0.0012446,-0.058734,7.9158
1.0365,2.1303,0.078552,0.0012732,-0.058735,7.9114
1.0365,2.1303,0.078548,0.0012963,-0.058695,7.9152
1.0366,2.1303,0.078545,0.0013198,-0.05869,7.9222
1.0366,2.1303,0.078542,0.0013416,-0.058735,7.9191
1.0367,2.1303,0.078539,0.0013601,-0.058807,7.9087
1.0367,2.1303,0.078536,0.0013737,-0.058933,7.9115
1.0368,2.1303,0.078533,0.0013804,-0.059118,7.9087
1.0368,2.1303,0.07853,0.0013871,-0.059375,7.8997
1.0369,2.1303,0.078527,0.0013896,-0.059637,7.9052
1.0369,2.1303,0.078524,0.0013861,-0.059848,7.8992
1.037,2.1303,0.07852,0.0013824,-0.059961,7.8853
1.0371,2.1303,0.078517,0.0013777,-0.060009,7.8791
1.0371,2.1303,0.078514,0.0013712,-0.060046,7.879
1.0372,2.1303,0.078511,0.0013619,-0.060079,7.8641
1.0372,2.1303,0.078508,0.0013482,-0.060115,7.8548
1.0373,2.1303,0.078505,0.0013342,-0.06021,7.8648
1.0373,2.1303,0.078501,0.0013183,-0.06037,7.8552
1.0374,2.1303,0.078498,0.0012998,-0.060555,7.8519
1.0374,2.1303,0.078495,0.001278,-0.060731,7.8631
1.0375,2.1303,0.078492,0.0012548,-0.060973,7.864
1.0375,2.1303,0.078489,0.0012289,-0.061209,7.8565
1.0376,2.1303,0.078485,0.0011998,-0.061432,7.8583
1.0376,2.1303,0.078482,0.0011672,-0.061589,7.8594
1.0377,2.1303,0.078479,0.0011332,-0.061724,7.8587
1.0377,2.1303,0.078476,0.0010962,-0.061858,7.8625
1.0378,2.1303,0.078472,0.0010585,-0.062026,7.8778
1.0378,2.1303,0.078469,0.0010197,-0.062246,7.874
1.0379,2.1303,0.078466,0.00097941,-0.062462,7.8736
1.0379,2.1303,0.078463,0.00093736,-0.062655,7.8854
1.038,2.1303,0.078459,0.00089312,-0.062818,7.8805
1.0381,2.1303,0.078456,0.00084628,-0.062918,7.8724
1.0381,2.1303,0.078453,0.0007964,-0.062992,7.8815
1.0382,2.1303,0.078449,0.00074304,-0.063045,7.8842
1.0382,2.1303,0.078446,0.00068574,-0.063146,7.8734
1.0383,2.1303,0.078443,0.00063072,-0.063279,7.8818
1.0383,2.1303,0.078439,0.00057425,-0.063394,7.8858
1.0384,2.1303,0.078436,0.00052226,-0.063535,7.88
1.0384,2.1303,0.078433,0.00047253,-0.063675,7.8757
1.0385,2.1303,0.078429,0.00042272,-0.063818,7.88
1.0385,2.1303,0.078426,0.00037034,-0.063951,7.8704
1.0386,2.1303,0.078422,0.00031193,-0.064075,7.8715
1.0386,2.1303,0.078419,0.000247,-0.064198,7.872
1.0387,2.1303,0.078416,0.00018078,-0.06428,7.8632
1.0387,2.1303,0.078412,0.00010623,-0.064305,7.8516
1.0388,2.1303,0.078409,3.4279e-05,-0.064262,7.8641
1.0388,2.1303,0.078406,-3.4737e-05,-0.064193,7.8629
1.0389,2.1303,0.078402,-9.7221e-05,-0.064097,7.8658
1.0389,2.1303,0.078399,-0.00015737,-0.063993,7.8769
1.039,2.1303,0.078395,-0.00021249,-0.063907,7.8754
1.0391,2.1303,0.078392,-0.00026547,-0.063807,7.8701
1.0391,2.1303,0.078389,-0.00032509,-0.063721,7.884
1.0392,2.1303,0.078385,-0.00039011,-0.063665,7.8914
1.0392,2.1303,0.078382,-0.00045952,-0.063661,7.8827
1.0393,2.1303,0.078379,-0.00053349,-0.063685,7.8875
1.0393,2.1303,0.078375,-0.00061346,-0.063714,7.9002
1.0394,2.1303,0.078372,-0.0006981,-0.063713,7.9015
1.0394,2.1303,0.078369,-0.00077988,-0.0637,7.9053
1.0395,2.1303,0.078365,-0.00085629,-0.063648,7.9201
1.0395,2.1303,0.078362,-0.00093288,-0.06358,7.9165
1.0396,2.1303,0.078359,-0.0010027,-0.063505,7.9174
1.0396,2.1303,0.078355,-0.0010699,-0.063427,7.9223
1.0397,2.1303,0.078352,-0.0011368,-0.063348,7.9139
1.0397,2.1303,0.078349,-0.0012073,-0.063277,7.9088
1.0398,2.1303,0.078345,-0.0012781,-0.063219,7.9157
1.0398,2.1303,0.078342,-0.0013483,-0.063214,7.9103
1.0399,2.1303,0.078339,-0.0014146,-0.063254,7.8991
1.0399,2.1303,0.078335,-0.0014827,-0.063291,7.9024
1.04,2.1303,0.078332,-0.001548,-0.063312,7.9132
1.0401,2.1303,0.078329,-0.0016149,-0.063287,7.8989
1.0401,2.1303,0.078325,-0.0016894,-0.063279,7.9018
1.0402,2.1303,0.078322,-0.0017692,-0.063289,7.901
1.0402,2.1303,0.078319,-0.0018521,-0.06333,7.8959
1.0403,2.1303,0.078315,-0.0019365,-0.06338,7.8929
1.0403,2.1303,0.078312,-0.0020175,-0.063423,7.9049
1.0404,2.1303,0.078309,-0.0020927,-0.063402,7.9063
1.0404,2.1303,0.078305,-0.0021597,-0.063325,7.9055
1.0405,2.1303,0.078302,-0.0022253,-0.063172,7.928
1.0405,2.1303,0.078299,-0.0022926,-0.06302,7.924
1.0406,2.1303,0.078295,-0.0023586,-0.062886,7.9212
1.0406,2.1303,0.078292,-0.002423,-0.062819,7.9369
1.0407,2.1303,0.078289,-0.0024849,-0.062767,7.9404
1.0407,2.1303,0.078285,-0.0025445,-0.062746,7.9301
1.0408,2.1303,0.078282,-0.0026045,-0.062726,7.9382
1.0408,2.1303,0.078279,-0.0026571,-0.062666,7.9505
1.0409,2.1303,0.078276,-0.0027103,-0.062562,7.9427
1.0409,2.1303,0.078272,-0.0027707,-0.062436,7.9431
1.041,2.1303,0.078269,-0.0028374,-0.062363,7.9601
1.0411,2.1303,0.078266,-0.0029089,-0.062319,7.9575
1.0411,2.1303,0.078262,-0.0029829,-0.062296,7.9507
1.0412,2.1303,0.078259,-0.0030617,-0.062284,7.9511
1.0412,2.1302,0.078256,-0.0031371,-0.062273,7.946
1.0413,2.1302,0.078253,-0.0031953,-0.062223,7.936
1.0413,2.1302,0.078249,-0.0032459,-0.062139,7.9422
1.0414,2.1302,0.078246,-0.003297,-0.062001,7.9443
1.0414,2.1302,0.078243,-0.0033427,-0.061887,7.9352
1.0415,2.1302,0.07824,-0.0033857,-0.061768,7.9392
1.0415,2.1302,0.078236,-0.003436,-0.061687,7.944
1.0416,2.1302,0.078233,-0.0034949,-0.061636,7.9376
1.0416,2.1302,0.07823,-0.0035606,-0.061607,7.9421
1.0417,2.1302,0.078227,-0.0036261,-0.061582,7.9439
1.0417,2.1302,0.078223,-0.0036899,-0.061547,7.9369
1.0418,2.1302,0.07822,-0.0037497,-0.061482,7.9359
1.0418,2.1302,0.078217,-0.0037993,-0.061398,7.9448
1.0419,2.1302,0.078214,-0.00384,-0.061347,7.9439
1.0419,2.1302,0.07821,-0.0038778,-0.061329,7.9452
1.042,2.1302,0.078207,-0.0039112,-0.061345,7.9583
1.0421,2.1302,0.078204,-0.003945,-0.061344,7.9651
1.0421,2.1302,0.078201,-0.0039767,-0.061333,7.955
1.0422,2.1302,0.078197,-0.0040039,-0.061301,7.9641
1.0422,2.1302,0.078194,-0.0040347,-0.061239,7.9687
1.0423,2.1302,0.078191,-0.0040694,-0.06114,7.9574
1.0423,2.1302,0.078188,-0.004105,-0.061032,7.9567
1.0424,2.1302,0.078185,-0.0041427,-0.060927,7.9646
1.0424,2.1302,0.078181,-0.0041783,-0.06086,7.9557
1.0425,2.1302,0.078178,-0.0042169,-0.060804,7.9543
1.0425,2.1302,0.078175,-0.0042529,-0.060772,7.9609
1.0426,2.1302,0.078172,-0.0042872,-0.060769,7.9514
1.0426,2.1302,0.078169,-0.0043306,-0.06081,7.9479
1.0427,2.1302,0.078165,-0.0043759,-0.060857,7.9501
1.0427,2.1302,0.078162,-0.0044189,-0.060852,7.9368
1.0428,2.1302,0.078159,-0.0044571,-0.060848,7.9269
1.0428,2.1302,0.078156,-0.0044884,-0.060838,7.9325
1.0429,2.1302,0.078153,-0.0045137,-0.060777,7.9271
1.0429,2.1302,0.078149,-0.004537,-0.060688,7.918
1.043,2.1302,0.078146,-0.0045625,-0.060562,7.9248
1.0431,2.1302,0.078143,-0.0045926,-0.060463,7.9272
1.0431,2.1302,0.07814,-0.0046122,-0.060342,7.9289
1.0432,2.1302,0.078137,-0.0046388,-0.060228,7.9273
1.0432,2.1302,0.078134,-0.0046823,-0.060149,7.9316
1.0433,2.1302,0.07813,-0.0047387,-0.060072,7.9252
1.0433,2.1302,0.078127,-0.0048112,-0.059983,7.9216
1.0434,2.1302,0.078124,-0.0048979,-0.059871,7.9423
1.0434,2.1302,0.078121,-0.0049817,-0.059719,7.9386
1.0435,2.1302,0.078118,-0.005053,-0.059559,7.9382
1.0435,2.1302,0.078115,-0.0050999,-0.059347,7.9547
1.0436,2.1302,0.078112,-0.0051416,-0.059153,7.9545
1.0436,2.1302,0.078108,-0.0051798,-0.058979,7.95
1.0437,2.1302,0.078105,-0.0052158,-0.058837,7.9587
1.0437,2.1302,0.078102,-0.0052652,-0.058732,7.9548
1.0438,2.1302,0.078099,-0.005321,-0.058666,7.9443
1.0438,2.1302,0.078096,-0.0053708,-0.058631,7.9438
1.0439,2.1302,0.078093,-0.0054155,-0.05861,7.9445
1.0439,2.1302,0.07809,-0.0054566,-0.058575,7.934
1.044,2.1302,0.078087,-0.0054855,-0.058543,7.9387
1.0441,2.1302,0.078084,-0.0055023,-0.058515,7.9428
1.0441,2.1302,0.078081,-0.0055174,-0.058496,7.9367
1.0442,2.1302,0.078078,-0.0055306,-0.05848,7.9266
1.0442,2.1302,0.078075,-0.0055433,-0.058469,7.9356
1.0443,2.1302,0.078071,-0.0055507,-0.058479,7.9282
1.0443,2.1302,0.078068,-0.0055581,-0.058465,7.916
1.0444,2.1302,0.078065,-0.0055701,-0.058431,7.92
1.0444,2.1302,0.078062,-0.0055741,-0.058381,7.9192
1.0445,2.1302,0.078059,-0.0055778,-0.058329,7.9143
1.0445,2.1302,0.078056,-0.0055791,-0.058283,7.9313
1.0446,2.1302,0.078053,-0.0055669,-0.058248,7.9356
1.0446,2.1302,0.07805,-0.0055478,-0.058236,7.9278
1.0447,2.1302,0.078047,-0.0055282,-0.058253,7.933
1.0447,2.1302,0.078044,-0.0054999,-0.058257,7.9411
1.0448,2.1302,0.078041,-0.0054783,-0.058263,7.9351
1.0448,2.1302,0.078038,-0.005467,-0.058274,7.9396
1.0449,2.1302,0.078035,-0.0054625,-0.058294,7.9453
1.0449,2.1302,0.078032,-0.0054536,-0.058319,7.939
1.045,2.1302,0.078028,-0.0054433,-0.058351,7.9363
1.0451,2.1302,0.078025,-0.0054419,-0.058387,7.9509
1.0451,2.1302,0.078022,-0.005445,-0.058425,7.9581
1.0452,2.1302,0.078019,-0.0054474,-0.058478,7.9543
1.0452,2.1302,0.078016,-0.0054597,-0.058523,7.9686
1.0453,2.1302,0.078013,-0.0054877,-0.058543,7.9633
1.0453,2.1302,0.07801,-0.0055156,-0.058525,7.956
1.0454,2.1302,0.078007,-0.0055436,-0.05846,7.9568
1.0454,2.1302,0.078004,-0.0055599,-0.058353,7.9657
1.0455,2.1302,0.078001,-0.005574,-0.058211,7.9548
1.0455,2.1302,0.077998,-0.0055799,-0.058051,7.9603
1.0456,2.1302,0.077995,-0.00558,-0.057901,7.9698
1.0456,2.1302,0.077992,-0.0055796,-0.057733,7.9652
1.0457,2.1302,0.077989,-0.0055858,-0.057587,7.9612
1.0457,2.1302,0.077986,-0.005597,-0.057456,7.9647
1.0458,2.1302,0.077983,-0.0056149,-0.057317,7.9659
1.0458,2.1302,0.07798,-0.0056224,-0.057204,7.9538
1.0459,2.1302,0.077977,-0.0056316,-0.057103,7.962
1.0459,2.1302,0.077974,-0.0056371,-0.056996,7.9658
1.046,2.1302,0.077971,-0.0056455,-0.056879,7.9513
1.0461,2.1302,0.077968,-0.0056627,-0.056731,7.9664
1.0461,2.1302,0.077965,-0.0056845,-0.05657,7.972
1.0462,2.1302,0.077962,-0.0057091,-0.056397,7.9639
1.0462,2.1302,0.077959,-0.0057318,-0.056222,7.9763
1.0463,2.1302,0.077956,-0.0057569,-0.056099,7.9787
1.0463,2.1302,0.077953,-0.0057835,-0.056033,7.9766
1.0464,2.1302,0.07795,-0.0058078,-0.05598,7.9752
1.0464,2.1302,0.077947,-0.0058345,-0.055943,7.9875
1.0465,2.1302,0.077944,-0.0058588,-0.055922,7.9821
1.0465,2.1302,0.077941,-0.0058768,-0.055878,7.9776
1.0466,2.1302,0.077938,-0.0058918,-0.055815,7.9899
1.0466,2.1302,0.077935,-0.0059086,-0.055726,7.9888
1.0467,2.1302,0.077932,-0.00593,-0.055613,7.9716
1.0467,2.1302,0.077929,-0.0059588,-0.055486,7.9856
1.0468,2.1302,0.077926,-0.0059902,-0.055309,7.9802
1.0468,2.1302,0.077923,-0.0060204,-0.055096,7.968
1.0469,2.1302,0.077921,-0.0060459,-0.054898,7.9697
1.0469,2.1302,0.077918,-0.0060622,-0.054741,7.969
1.047,2.1302,0.077915,-0.0060765,-0.054613,7.9612
1.0471,2.1302,0.077912,-0.0060916,-0.054482,7.9609
1.0471,2.1302,0.077909,-0.0061034,-0.054363,7.9646
1.0472,2.1302,0.077906,-0.0061186,-0.054275,7.9582
1.0472,2.1302,0.077903,-0.0061315,-0.05419,7.96
1.0473,2.1302,0.077901,-0.006146,-0.054075,7.9654
1.0473,2.1302,0.077898,-0.0061647,-0.053949,7.9546
1.0474,2.1302,0.077895,-0.0061911,-0.053825,7.9455
1.0474,2.1302,0.077892,-0.0062234,-0.053653,7.9493
1.0475,2.1302,0.077889,-0.0062567,-0.053457,7.9515
1.0475,2.1302,0.077886,-0.0062874,-0.053251,7.9425
1.0476,2.1302,0.077884,-0.0063119,-0.0531,7.9497
1.0476,2.1302,0.077881,-0.0063269,-0.052973,7.9564
1.0477,2.1302,0.077878,-0.0063371,-0.052855,7.9529
1.0477,2.1302,0.077875,-0.0063459,-0.052713,7.9583
1.0478,2.1302,0.077873,-0.0063576,-0.052555,7.9613
1.0478,2.1302,0.07787,-0.0063694,-0.052402,7.9555
1.0479,2.1302,0.077867,-0.0063815,-0.052255,7.9574
1.0479,2.1302,0.077864,-0.0063936,-0.052123,7.9577
1.048,2.1302,0.077862,-0.006406,-0.052028,7.9396
1.0481,2.1302,0.077859,-0.0064184,-0.051933,7.937
1.0481,2.1302,0.077856,-0.006431,-0.051812,7.946
1.0482,2.1302,0.077853,-0.0064436,-0.051643,7.9425
1.0482,2.1302,0.077851,-0.0064563,-0.051448,7.93
1.0483,2.1302,0.077848,-0.0064691,-0.051249,7.9363
1.0483,2.1302,0.077845,-0.0064819,-0.051005,7.9332
1.0484,2.1302,0.077843,-0.0064947,-0.050785,7.9219
1.0484,2.1302,0.07784,-0.0065076,-0.050603,7.9191
1.0485,2.1302,0.077837,-0.0065204,-0.050448,7.9203
1.0485,2.1302,0.077835,-0.0065332,-0.050289,7.9118
1.0486,2.1302,0.077832,-0.006546,-0.050136,7.9124
1.0486,2.1302,0.077829,-0.0065587,-0.049993,7.9178
1.0487,2.1302,0.077827,-0.0065713,-0.049861,7.9124
1.0487,2.1302,0.077824,-0.0065839,-0.049729,7.9118
1.0488,2.1302,0.077822,-0.0065963,-0.04963,7.9199
1.0488,2.1302,0.077819,-0.0066086,-0.04958,7.9095
1.0489,2.1302,0.077816,-0.0066208,-0.049547,7.8998
1.0489,2.1302,0.077814,-0.0066329,-0.049505,7.9097
1.049,2.1302,0.077811,-0.0066447,-0.049485,7.9106
1.0491,2.1302,0.077808,-0.0066537,-0.049461,7.9023
1.0491,2.1302,0.077806,-0.0066668,-0.049413,7.9139
1.0492,2.1302,0.077803,-0.006683,-0.049317,7.9184
1.0492,2.1302,0.077801,-0.0067012,-0.04919,7.9111
1.0493,2.1302,0.077798,-0.0067201,-0.049054,7.9202
1.0493,2.1302,0.077796,-0.0067385,-0.048944,7.9227
1.0494,2.1302,0.077793,-0.0067524,-0.048847,7.9167
1.0494,2.1302,0.07779,-0.0067673,-0.048791,7.916
1.0495,2.1302,0.077788,-0.0067809,-0.048756,7.9223
1.0495,2.1302,0.077785,-0.0067964,-0.048732,7.9126
1.0496,2.1302,0.077783,-0.0068144,-0.048718,7.9065
1.0496,2.1302,0.07778,-0.0068365,-0.048709,7.9187
1.0497,2.1302,0.077778,-0.0068631,-0.048695,7.9151
1.0497,2.1302,0.077775,-0.006893,-0.048671,7.9071
1.0498,2.1302,0.077772,-0.0069237,-0.048596,7.914
1.0498,2.1302,0.07777,-0.0069601,-0.04847,7.9083
1.0499,2.1302,0.077767,-0.0069962,-0.048341,7.8989
1.0499,2.1302,0.077765,-0.0070277,-0.048219,7.8971
1.05,2.1302,0.077762,-0.0070574,-0.048124,7.9001
1.0501,2.1302,0.07776,-0.0070851,-0.048031,7.8913
1.0501,2.1302,0.077757,-0.007111,-0.047919,7.8954
1.0502,2.1302,0.077755,-0.007135,-0.047806,7.908
1.0502,2.1302,0.077752,-0.0071571,-0.047702,7.9134
1.0503,2.1302,0.07775,-0.0071799,-0.047612,7.9124
1.0503,2.1302,0.077747,-0.0071964,-0.047581,7.9218
1.0504,2.1302,0.077745,-0.0072106,-0.047595,7.9153
1.0504,2.1302,0.077742,-0.0072169,-0.04766,7.916
1.0505,2.1302,0.07774,-0.0072182,-0.047733,7.9171
1.0505,2.1302,0.077737,-0.007217,-0.047774,7.9131
1.0506,2.1302,0.077735,-0.0072159,-0.047765,7.9111
1.0506,2.1302,0.077732,-0.0072197,-0.047743,7.9212
1.0507,2.1302,0.07773,-0.0072262,-0.047686,7.9232
1.0507,2.1302,0.077727,-0.0072214,-0.047624,7.918
1.0508,2.1302,0.077725,-0.0072188,-0.047599,7.9248
1.0508,2.1302,0.077722,-0.0072132,-0.047618,7.929
1.0509,2.1302,0.07772,-0.0072085,-0.047649,7.9222
1.0509,2.1302,0.077717,-0.007206,-0.047652,7.9213
1.051,2.1302,0.077715,-0.0072068,-0.047627,7.9272
1.0511,2.1302,0.077712,-0.0072143,-0.047617,7.914
1.0511,2.1302,0.07771,-0.0072115,-0.047605,7.905
1.0512,2.1302,0.077707,-0.007201,-0.047628,7.9201
1.0512,2.1302,0.077705,-0.0071926,-0.04771,7.9142
1.0513,2.1302,0.077702,-0.0071845,-0.047829,7.9084
1.0513,2.1302,0.0777,-0.0071747,-0.047985,7.913
1.0514,2.1302,0.077697,-0.0071731,-0.048124,7.9118
1.0514,2.1302,0.077694,-0.0071743,-0.048241,7.9043
1.0515,2.1302,0.077692,-0.0071711,-0.048325,7.9118
1.0515,2.1302,0.077689,-0.0071588,-0.048355,7.9121
1.0516,2.1302,0.077687,-0.0071411,-0.048372,7.8961
1.0516,2.1302,0.077684,-0.0071155,-0.048381,7.9029
1.0517,2.1302,0.077682,-0.0070917,-0.048394,7.916
1.0517,2.1302,0.077679,-0.0070688,-0.048417,7.9129
1.0518,2.1302,0.077677,-0.0070605,-0.048466,7.9188
1.0518,2.1302,0.077674,-0.0070644,-0.048523,7.926
1.0519,2.1302,0.077671,-0.0070707,-0.04857,7.9196
1.0519,2.1302,0.077669,-0.0070865,-0.048591,7.926
1.052,2.1302,0.077666,-0.0070973,-0.048618,7.9342
1.0521,2.1302,0.077664,-0.007105,-0.048634,7.9299
1.0521,2.1302,0.077661,-0.0071161,-0.048633,7.9224
1.0522,2.1302,0.077659,-0.0071261,-0.048595,7.9303
1.0522,2.1302,0.077656,-0.00714,-0.048603,7.9337
1.0523,2.1302,0.077654,-0.0071626,-0.048615,7.9288
1.0523,2.1302,0.077651,-0.0071836,-0.048663,7.9369
1.0524,2.1302,0.077648,-0.0072066,-0.048733,7.9454
1.0524,2.1302,0.077646,-0.0072158,-0.048791,7.9322
1.0525,2.1302,0.077643,-0.0072176,-0.048844,7.9332
1.0525,2.1302,0.077641,-0.0072096,-0.048912,7.9326
1.0526,2.1302,0.077638,-0.0071893,-0.048962,7.9246
1.0526,2.1302,0.077636,-0.0071633,-0.049003,7.9133
1.0527,2.1302,0.077633,-0.0071396,-0.049024,7.9235
1.0527,2.1302,0.07763,-0.0071167,-0.049074,7.9142
1.0528,2.1302,0.077628,-0.0071056,-0.049134,7.917
1.0528,2.1302,0.077625,-0.0070981,-0.04919,7.93
1.0529,2.1302,0.077623,-0.007105,-0.049284,7.9248
1.0529,2.1302,0.07762,-0.0071155,-0.04939,7.9155
1.053,2.1302,0.077617,-0.0071297,-0.04948,7.919
1.0531,2.1302,0.077615,-0.0071462,-0.049559,7.9224
1.0531,2.1302,0.077612,-0.0071612,-0.049603,7.9183
1.0532,2.1302,0.07761,-0.0071708,-0.049645,7.9227
1.0532,2.1302,0.077607,-0.0071821,-0.049674,7.9361
1.0533,2.1302,0.077604,-0.0071831,-0.049685,7.9299
1.0533,2.1302,0.077602,-0.0071806,-0.049679,7.9306
1.0534,2.1302,0.077599,-0.0071724,-0.049619,7.9376
1.0534,2.1302,0.077597,-0.0071694,-0.049535,7.9305
1.0535,2.1302,0.077594,-0.0071634,-0.04945,7.92
1.0535,2.1302,0.077591,-0.0071566,-0.049339,7.926
1.0536,2.1302,0.077589,-0.0071534,-0.049249,7.9176
1.0536,2.1302,0.077586,-0.0071489,-0.049166,7.9086
1.0537,2.1302,0.077584,-0.0071408,-0.049086,7.9107
1.0537,2.1302,0.077581,-0.0071242,-0.049009,7.9108
1.0538,2.1302,0.077578,-0.00711,-0.048933,7.904
1.0538,2.1302,0.077576,-0.007101,-0.048859,7.9008
1.0539,2.1302,0.077573,-0.0070889,-0.048786,7.9082
1.0539,2.1302,0.077571,-0.007087,-0.048716,7.8933
1.054,2.1302,0.077568,-0.007091,-0.048647,7.8958
1.0541,2.1302,0.077566,-0.0070844,-0.048576,7.8958
1.0541,2.1302,0.077563,-0.0070781,-0.048505,7.8824
1.0542,2.1302,0.077561,-0.0070641,-0.048433,7.8756
1.0542,2.1302,0.077558,-0.0070521,-0.04836,7.8824
1.0543,2.1302,0.077555,-0.0070395,-0.048289,7.8806
1.0543,2.1302,0.077553,-0.0070257,-0.048221,7.8772
1.0544,2.1302,0.07755,-0.0070186,-0.048161,7.8847
1.0544,2.1302,0.077548,-0.007006,-0.048102,7.8884
1.0545,2.1302,0.077545,-0.0069867,-0.048043,7.8802
1.0545,2.1302,0.077543,-0.0069765,-0.047986,7.8866
1.0546,2.1302,0.07754,-0.0069706,-0.04793,7.8871
1.0546,2.1302,0.077538,-0.0069639,-0.047875,7.8782
1.0547,2.1302,0.077535,-0.0069609,-0.04781,7.8852
1.0547,2.1302,0.077533,-0.0069573,-0.047772,7.8988
1.0548,2.1302,0.07753,-0.0069491,-0.047751,7.8992
1.0548,2.1302,0.077528,-0.0069332,-0.047734,7.9018
1.0549,2.1302,0.077525,-0.0069143,-0.047718,7.9164
1.0549,2.1302,0.077523,-0.0068959,-0.047694,7.913
1.055,2.1302,0.07752,-0.0068715,-0.047657,7.9066
1.0551,2.1302,0.077518,-0.0068492,-0.047605,7.911
1.0551,2.1302,0.077515,-0.0068248,-0.047534,7.912
1.0552,2.1302,0.077513,-0.0068024,-0.047482,7.9033
1.0552,2.1302,0.07751,-0.0067781,-0.047433,7.9072
1.0553,2.1302,0.077508,-0.0067552,-0.047385,7.9057
1.0553,2.1302,0.077505,-0.0067358,-0.047327,7.8955
1.0554,2.1302,0.077503,-0.0067259,-0.047293,7.9055
1.0554,2.1302,0.0775,-0.006711,-0.047276,7.9138
1.0555,2.1302,0.077498,-0.0066999,-0.047271,7.8979
1.0555,2.1302,0.077495,-0.0066852,-0.047267,7.8975
1.0556,2.1302,0.077493,-0.006669,-0.047257,7.9022
1.0556,2.1302,0.07749,-0.006648,-0.047235,7.8883
1.0557,2.1302,0.077488,-0.0066309,-0.047196,7.8851
1.0557,2.1302,0.077485,-0.0066169,-0.047135,7.9025
1.0558,2.1302,0.077483,-0.0066069,-0.047077,7.8999
1.0558,2.1302,0.07748,-0.0065868,-0.047033,7.8998
1.0559,2.1302,0.077478,-0.0065629,-0.047034,7.9139
1.0559,2.1302,0.077475,-0.0065351,-0.047058,7.92
1.056,2.1302,0.077473,-0.0065027,-0.047079,7.9129
1.0561,2.1302,0.07747,-0.0064741,-0.047105,7.9249
1.0561,2.1302,0.077468,-0.0064576,-0.047143,7.9228
1.0562,2.1302,0.077465,-0.0064467,-0.047186,7.9217
1.0562,2.1302,0.077463,-0.0064348,-0.047227,7.9278
1.0563,2.1302,0.07746,-0.0064225,-0.047292,7.9376
1.0563,2.1302,0.077458,-0.0064094,-0.047397,7.929
1.0564,2.1302,0.077455,-0.0063935,-0.04752,7.934
1.0564,2.1302,0.077453,-0.00638,-0.047602,7.9495
1.0565,2.1302,0.07745,-0.0063764,-0.047659,7.9457
1.0565,2.1302,0.077448,-0.0063739,-0.047714,7.9386
1.0566,2.1302,0.077445,-0.0063651,-0.047735,7.9505
1.0566,2.1302,0.077443,-0.0063474,-0.047749,7.9468
1.0567,2.1302,0.07744,-0.0063172,-0.047744,7.9348
1.0567,2.1302,0.077438,-0.0062774,-0.047722,7.9387
1.0568,2.1302,0.077435,-0.0062303,-0.047677,7.9363
1.0568,2.1302,0.077433,-0.0061887,-0.047613,7.9299
1.0569,2.1302,0.07743,-0.0061559,-0.047531,7.9373
1.0569,2.1302,0.077428,-0.006127,-0.047468,7.9396
1.057,2.1302,0.077425,-0.0061076,-0.047415,7.9297
1.0571,2.1302,0.077423,-0.006102,-0.04741,7.934
1.0571,2.1302,0.07742,-0.0060979,-0.047432,7.942
1.0572,2.1302,0.077418,-0.0060929,-0.047485,7.9306
1.0572,2.1302,0.077415,-0.0060823,-0.047511,7.9271
1.0573,2.1302,0.077413,-0.0060718,-0.047555,7.939
1.0573,2.1302,0.07741,-0.0060477,-0.047544,7.9433
1.0574,2.1302,0.077408,-0.0060155,-0.047523,7.945
1.0574,2.1302,0.077405,-0.0059769,-0.047473,7.9545
1.0575,2.1301,0.077403,-0.005942,-0.047424,7.9584
1.0575,2.1301,0.0774,-0.0059151,-0.047367,7.9556
1.0576,2.1301,0.077398,-0.0058956,-0.04731,7.963
1.0576,2.1301,0.077395,-0.0058825,-0.047217,7.9659
1.0577,2.1301,0.077393,-0.0058746,-0.047118,7.9539
1.0577,2.1301,0.07739,-0.0058648,-0.046985,7.9625
1.0578,2.1301,0.077388,-0.0058472,-0.046855,7.9683
1.0578,2.1301,0.077386,-0.0058231,-0.046709,7.9643
1.0579,2.1301,0.077383,-0.005791,-0.046582,7.9671
1.0579,2.1301,0.077381,-0.0057621,-0.046457,7.979
1.058,2.1301,0.077378,-0.0057389,-0.046321,7.9817
1.0581,2.1301,0.077376,-0.0057254,-0.046198,7.9753
1.0581,2.1301,0.077373,-0.0057237,-0.046104,7.9808
1.0582,2.1301,0.077371,-0.0057398,-0.046051,7.9745
1.0582,2.1301,0.077369,-0.005753,-0.046039,7.9638
1.0583,2.1301,0.077366,-0.005771,-0.046078,7.9665
1.0583,2.1301,0.077364,-0.0057728,-0.046117,7.9714
1.0584,2.1301,0.077361,-0.0057685,-0.046141,7.9538
1.0584,2.1301,0.077359,-0.0057632,-0.046136,7.959
1.0585,2.1301,0.077356,-0.0057664,-0.046119,7.9689
1.0585,2.1301,0.077354,-0.0057742,-0.046098,7.962
1.0586,2.1301,0.077352,-0.0057806,-0.046096,7.9653
1.0586,2.1301,0.077349,-0.0057845,-0.046078,7.9641
1.0587,2.1301,0.077347,-0.0057897,-0.046062,7.9602
1.0587,2.1301,0.077344,-0.0057824,-0.046015,7.9606
1.0588,2.1301,0.077342,-0.0057642,-0.045975,7.9703
1.0588,2.1301,0.077339,-0.0057523,-0.045909,7.965
1.0589,2.1301,0.077337,-0.0057476,-0.045835,7.9678
1.0589,2.1301,0.077335,-0.0057416,-0.045768,7.9794
1.059,2.1301,0.077332,-0.0057369,-0.045723,7.9814
1.0591,2.1301,0.07733,-0.0057536,-0.045679,7.9763
1.0591,2.1301,0.077327,-0.0057729,-0.045619,7.9842
1.0592,2.1301,0.077325,-0.005795,-0.045572,7.984
1.0592,2.1301,0.077323,-0.00582,-0.04551,7.9747
1.0593,2.1301,0.07732,-0.0058542,-0.045411,7.972
1.0593,2.1301,0.077318,-0.0058872,-0.04532,7.9819
1.0594,2.1301,0.077315,-0.0059136,-0.045209,7.9714
1.0594,2.1301,0.077313,-0.0059307,-0.045103,7.9662
1.0595,2.1301,0.077311,-0.0059509,-0.045021,7.9738
1.0595,2.1301,0.077308,-0.0059643,-0.044937,7.9677
1.0596,2.1301,0.077306,-0.0059796,-0.044882,7.964
1.0596,2.1301,0.077304,-0.0060015,-0.044817,7.9635
1.0597,2.1301,0.077301,-0.0060347,-0.044769,7.9577
1.0597,2.1301,0.077299,-0.0060617,-0.044738,7.9531
1.0598,2.1301,0.077297,-0.0060727,-0.044686,7.9536
1.0598,2.1301,0.077294,-0.0060704,-0.044631,7.9533
1.0599,2.1301,0.077292,-0.0060699,-0.044575,7.9399
1.0599,2.1301,0.07729,-0.0060549,-0.04452,7.9485
1.06,2.1301,0.077287,-0.0060356,-0.044464,7.9583
1.0601,2.1301,0.077285,-0.0060265,-0.044404,7.9461
1.0601,2.1301,0.077282,-0.0060285,-0.04434,7.9486
1.0602,2.1301,0.07728,-0.0060241,-0.044267,7.952
1.0602,2.1301,0.077278,-0.0060059,-0.044189,7.9537
1.0603,2.1301,0.077276,-0.0059914,-0.044108,7.9526
1.0603,2.1301,0.077273,-0.005967,-0.044025,7.9644
1.0604,2.1301,0.077271,-0.0059292,-0.043938,7.9598
1.0604,2.1301,0.077269,-0.0058992,-0.043852,7.9546
1.0605,2.1301,0.077266,-0.0058897,-0.043762,7.97
1.0605,2.1301,0.077264,-0.0059021,-0.043671,7.9725
1.0606,2.1301,0.077262,-0.0059244,-0.043576,7.9658
1.0606,2.1301,0.077259,-0.0059437,-0.043477,7.9804
1.0607,2.1301,0.077257,-0.0059625,-0.043378,7.9758
1.0607,2.1301,0.077255,-0.005973,-0.043278,7.9624
1.0608,2.1301,0.077253,-0.0059749,-0.043173,7.9617
1.0608,2.1301,0.07725,-0.0059805,-0.043067,7.9615
1.0609,2.1301,0.077248,-0.0059835,-0.042957,7.9469
1.0609,2.1301,0.077246,-0.0059926,-0.042844,7.9499
1.061,2.1301,0.077244,-0.0059982,-0.042731,7.9611
1.0611,2.1301,0.077241,-0.0060111,-0.042615,7.9595
1.0611,2.1301,0.077239,-0.0060284,-0.042502,7.9625
1.0612,2.1301,0.077237,-0.0060648,-0.042389,7.9669
1.0612,2.1301,0.077235,-0.0061056,-0.042279,7.9582
1.0613,2.1301,0.077232,-0.0061441,-0.04217,7.9489
1.0613,2.1301,0.07723,-0.006171,-0.042061,7.9541
1.0614,2.1301,0.077228,-0.0061885,-0.041953,7.9559
1.0614,2.1301,0.077226,-0.0061952,-0.041844,7.9457
1.0615,2.1301,0.077224,-0.0061993,-0.041731,7.9536
1.0615,2.1301,0.077221,-0.0062002,-0.041613,7.9619
1.0616,2.1301,0.077219,-0.0062117,-0.04149,7.9522
1.0616,2.1301,0.077217,-0.0062224,-0.041364,7.9566
1.0617,2.1301,0.077215,-0.0062312,-0.041255,7.9643
1.0617,2.1301,0.077213,-0.0062394,-0.041121,7.9555
1.0618,2.1301,0.077211,-0.006234,-0.04097,7.9596
1.0618,2.1301,0.077208,-0.006224,-0.040808,7.9725
1.0619,2.1301,0.077206,-0.0062086,-0.040644,7.9748
1.0619,2.1301,0.077204,-0.0061979,-0.040482,7.9711
1.062,2.1301,0.077202,-0.0061976,-0.040327,7.9886
1.0621,2.1301,0.0772,-0.0061968,-0.040187,7.9985
1.0621,2.1301,0.077198,-0.0062033,-0.040088,7.9936
1.0622,2.1301,0.077196,-0.00621,-0.039946,7.995
1.0622,2.1301,0.077194,-0.0062039,-0.039799,7.9923
1.0623,2.1301,0.077191,-0.0061935,-0.039614,7.9849
1.0623,2.1301,0.077189,-0.0061819,-0.039405,7.9826
1.0624,2.1301,0.077187,-0.006182,-0.0392,7.9855
1.0624,2.1301,0.077185,-0.0061984,-0.03899,7.9735
1.0625,2.1301,0.077183,-0.0062193,-0.038757,7.9766
1.0625,2.1301,0.077181,-0.0062521,-0.038528,7.9842
1.0626,2.1301,0.077179,-0.0062904,-0.038302,7.9859
1.0626,2.1301,0.077177,-0.0063265,-0.038091,7.984
1.0627,2.1301,0.077175,-0.0063641,-0.037848,7.9933
1.0627,2.1301,0.077173,-0.0064012,-0.037592,7.9843
1.0628,2.1301,0.077171,-0.0064439,-0.037334,7.9779
1.0628,2.1301,0.077169,-0.0064885,-0.037028,7.9866
1.0629,2.1301,0.077167,-0.006534,-0.036698,7.9833
1.0629,2.1301,0.077165,-0.0065794,-0.036366,7.9764
1.063,2.1301,0.077164,-0.0066239,-0.036037,7.9862
1.0631,2.1301,0.077162,-0.006667,-0.035731,7.9941
1.0631,2.1301,0.07716,-0.0067134,-0.035418,7.9942
1.0632,2.1301,0.077158,-0.0067602,-0.035111,8.0013
1.0632,2.1301,0.077156,-0.0068136,-0.034814,8.0093
1.0633,2.1301,0.077154,-0.0068693,-0.034524,7.9976
1.0633,2.1301,0.077153,-0.0069355,-0.03428,8.0063
1.0634,2.1301,0.077151,-0.0069993,-0.034056,8.0109
1.0634,2.1301,0.077149,-0.0070687,-0.033839,7.9999
1.0635,2.1301,0.077147,-0.0071333,-0.03365,7.9879
1.0635,2.1301,0.077145,-0.0071909,-0.033447,8.0057
1.0636,2.1301,0.077144,-0.0072476,-0.033247,8.0061
1.0636,2.1301,0.077142,-0.0073,-0.033049,7.9963
1.0637,2.1301,0.07714,-0.0073555,-0.032854,8.0012
1.0637,2.1301,0.077138,-0.007415,-0.032661,7.9939
1.0638,2.1301,0.077137,-0.007472,-0.032471,7.9886
1.0638,2.1301,0.077135,-0.0075309,-0.032286,7.9888
1.0639,2.1301,0.077133,-0.0075839,-0.032108,7.9863
1.0639,2.1301,0.077132,-0.0076326,-0.031936,7.9755
1.064,2.1301,0.07713,-0.0076884,-0.031771,7.9789
1.0641,2.1301,0.077128,-0.0077451,-0.031611,7.9858
1.0641,2.1301,0.077127,-0.0078075,-0.031454,7.9852
1.0642,2.1301,0.077125,-0.0078703,-0.031295,7.9758
1.0642,2.1301,0.077123,-0.0079312,-0.031136,7.9882
1.0643,2.1301,0.077122,-0.0079847,-0.030976,7.9823
1.0643,2.1301,0.07712,-0.0080349,-0.030815,7.9743
1.0644,2.1301,0.077119,-0.0080863,-0.030657,7.9796
1.0644,2.1301,0.077117,-0.0081421,-0.030502,7.9817
1.0645,2.1301,0.077115,-0.0081986,-0.030356,7.9668
1.0645,2.1301,0.077114,-0.0082544,-0.030215,7.9715
1.0646,2.1301,0.077112,-0.0083083,-0.030078,7.9839
1.0646,2.1301,0.077111,-0.0083589,-0.02996,7.976
1.0647,2.1301,0.077109,-0.0084019,-0.029818,7.9758
1.0647,2.1301,0.077107,-0.0084486,-0.02966,7.9861
1.0648,2.1301,0.077106,-0.0085025,-0.029496,7.9725
1.0648,2.1301,0.077104,-0.0085613,-0.02933,7.9706
1.0649,2.1301,0.077103,-0.0086227,-0.029171,7.9661
1.0649,2.1301,0.077101,-0.0086843,-0.029024,7.9522
1.065,2.1301,0.0771,-0.0087407,-0.0289,7.943
1.0651,2.1301,0.077098,-0.0087964,-0.028805,7.95
1.0651,2.1301,0.077097,-0.0088473,-0.028699,7.9449
1.0652,2.1301,0.077095,-0.0088979,-0.0286,7.9412
1.0652,2.1301,0.077094,-0.0089514,-0.028507,7.9433
1.0653,2.1301,0.077092,-0.0090038,-0.028433,7.9366
1.0653,2.1301,0.077091,-0.0090513,-0.028338,7.9244
1.0654,2.1301,0.077089,-0.0090993,-0.02823,7.923
1.0654,2.1301,0.077088,-0.0091454,-0.028116,7.9227
1.0655,2.1301,0.077086,-0.0091954,-0.028004,7.9099
1.0655,2.1301,0.077085,-0.0092455,-0.027901,7.9136
1.0656,2.1301,0.077083,-0.0092944,-0.027814,7.9251
1.0656,2.1301,0.077082,-0.0093382,-0.027749,7.9161
1.0657,2.1301,0.07708,-0.0093797,-0.027713,7.921
1.0657,2.1301,0.077079,-0.0094208,-0.027685,7.9301
1.0658,2.1301,0.077078,-0.0094705,-0.027638,7.9238
1.0658,2.1301,0.077076,-0.00953,-0.02758,7.9236
1.0659,2.1301,0.077075,-0.0095946,-0.027504,7.9329
1.0659,2.1301,0.077073,-0.0096603,-0.027468,7.927
1.066,2.1301,0.077072,-0.0097197,-0.027446,7.9195
1.0661,2.1301,0.07707,-0.0097653,-0.027402,7.9272
1.0661,2.1301,0.077069,-0.0098072,-0.027362,7.932
1.0662,2.1301,0.077067,-0.0098463,-0.027302,7.9213
1.0662,2.1301,0.077066,-0.0098849,-0.027196,7.9271
1.0663,2.1301,0.077065,-0.0099266,-0.02707,7.9462
1.0663,2.1301,0.077063,-0.0099677,-0.026919,7.9304
1.0664,2.1301,0.077062,-0.010007,-0.026859,7.9296
1.0664,2.1301,0.07706,-0.010039,-0.026818,7.9368
1.0665,2.1301,0.077059,-0.01007,-0.02674,7.9262
1.0665,2.1301,0.077058,-0.010102,-0.026672,7.9146
1.0666,2.1301,0.077056,-0.010137,-0.026543,7.9214
1.0666,2.1301,0.077055,-0.010176,-0.026375,7.9233
1.0667,2.1301,0.077053,-0.010221,-0.026207,7.9166
1.0667,2.1301,0.077052,-0.010273,-0.026099,7.9227
1.0668,2.1301,0.077051,-0.010325,-0.026061,7.9281
1.0668,2.1301,0.077049,-0.010376,-0.026042,7.9163
1.0669,2.1301,0.077048,-0.010428,-0.026038,7.9234
1.0669,2.1301,0.077047,-0.010471,-0.026025,7.9259
1.067,2.1301,0.077045,-0.010505,-0.025944,7.9239
1.0671,2.1301,0.077044,-0.010534,-0.025778,7.9324
1.0671,2.1301,0.077042,-0.010565,-0.025587,7.9428
1.0672,2.1301,0.077041,-0.0106,-0.025435,7.9412
1.0672,2.1301,0.07704,-0.010629,-0.025235,7.9439
1.0673,2.1301,0.077038,-0.010662,-0.025074,7.9593
1.0673,2.1301,0.077037,-0.010696,-0.024975,7.9529
1.0674,2.1301,0.077036,-0.010734,-0.024921,7.9492
1.0674,2.1301,0.077035,-0.010769,-0.024842,7.9567
1.0675,2.1301,0.077033,-0.010799,-0.02475,7.9504
1.0675,2.1301,0.077032,-0.01083,-0.024686,7.939
1.0676,2.1301,0.077031,-0.010858,-0.024677,7.9491
1.0676,2.1301,0.077029,-0.010882,-0.02465,7.957
1.0677,2.1301,0.077028,-0.010904,-0.024676,7.938
1.0677,2.1301,0.077027,-0.010935,-0.024755,7.9488
1.0678,2.1301,0.077025,-0.010978,-0.02486,7.9605
1.0678,2.1301,0.077024,-0.011031,-0.024898,7.9467
1.0679,2.1301,0.077023,-0.011076,-0.024927,7.9459
1.0679,2.1301,0.077021,-0.011112,-0.02498,7.9475
1.068,2.1301,0.07702,-0.011139,-0.02505,7.9367
1.0681,2.1301,0.077019,-0.011155,-0.025095,7.9336
1.0681,2.1301,0.077018,-0.011155,-0.025128,7.941
1.0682,2.1301,0.077016,-0.011163,-0.025158,7.9334
1.0682,2.1301,0.077015,-0.011172,-0.025154,7.9228
1.0683,2.1301,0.077014,-0.0112,-0.025101,7.9358
1.0683,2.1301,0.077012,-0.01123,-0.025031,7.9435
1.0684,2.1301,0.077011,-0.011261,-0.024966,7.9248
1.0684,2.1301,0.07701,-0.011285,-0.024897,7.9356
1.0685,2.1301,0.077008,-0.011303,-0.024823,7.936
1.0685,2.1301,0.077007,-0.011322,-0.024728,7.9308
1.0686,2.1301,0.077006,-0.011343,-0.024656,7.9345
1.0686,2.1301,0.077004,-0.011363,-0.024599,7.9475
1.0687,2.1301,0.077003,-0.011396,-0.024565,7.9398
1.0687,2.1301,0.077002,-0.011442,-0.024489,7.9446
1.0688,2.1301,0.077001,-0.011485,-0.024412,7.9612
1.0688,2.1301,0.076999,-0.011522,-0.024325,7.9525
1.0689,2.1301,0.076998,-0.011562,-0.024226,7.9487
1.0689,2.1301,0.076997,-0.011604,-0.024108,7.9575
1.069,2.1301,0.076995,-0.011625,-0.023996,7.9527
1.0691,2.1301,0.076994,-0.011644,-0.02393,7.9445
1.0691,2.1301,0.076993,-0.01166,-0.023858,7.9439
1.0692,2.1301,0.076992,-0.011672,-0.023751,7.9465
1.0692,2.1301,0.07699,-0.011675,-0.023641,7.9355
1.0693,2.1301,0.076989,-0.011678,-0.023463,7.9463
1.0693,2.1301,0.076988,-0.011686,-0.023282,7.9518
1.0694,2.1301,0.076987,-0.011704,-0.023121,7.9422
1.0694,2.1301,0.076986,-0.011722,-0.02296,7.945
1.0695,2.1301,0.076984,-0.011748,-0.022832,7.9497
1.0695,2.1301,0.076983,-0.011767,-0.02266,7.9448
1.0696,2.1301,0.076982,-0.011772,-0.022493,7.9315
1.0696,2.1301,0.076981,-0.011754,-0.02231,7.9461
1.0697,2.1301,0.07698,-0.011729,-0.0221,7.9418
1.0697,2.1301,0.076978,-0.011711,-0.021942,7.9391
1.0698,2.1301,0.076977,-0.0117,-0.021838,7.9485
1.0698,2.13,0.076976,-0.011689,-0.021757,7.9547
1.0699,2.13,0.076975,-0.011694,-0.021677,7.9462
1.0699,2.13,0.076974,-0.011706,-0.021573,7.9563
1.07,2.13,0.076973,-0.011708,-0.021464,7.954
1.0701,2.13,0.076972,-0.011699,-0.021367,7.9501
1.0701,2.13,0.076971,-0.011693,-0.021244,7.9405
1.0702,2.13,0.076969,-0.011696,-0.021116,7.948
1.0702,2.13,0.076968,-0.011697,-0.020949,7.942
1.0703,2.13,0.076967,-0.011709,-0.020775,7.9415
1.0703,2.13,0.076966,-0.011745,-0.02057,7.9553
1.0704,2.13,0.076965,-0.01178,-0.020353,7.9493
1.0704,2.13,0.076964,-0.011799,-0.02015,7.9437
1.0705,2.13,0.076963,-0.011797,-0.019995,7.9476
1.0705,2.13,0.076962,-0.011777,-0.019819,7.9382
1.0706,2.13,0.076961,-0.011753,-0.019659,7.9263
1.0706,2.13,0.07696,-0.011734,-0.019487,7.9234
1.0707,2.13,0.076959,-0.011726,-0.019334,7.9273
1.0707,2.13,0.076958,-0.01173,-0.019171,7.9179
1.0708,2.13,0.076957,-0.011723,-0.019018,7.9181
1.0708,2.13,0.076956,-0.011713,-0.018883,7.9264
1.0709,2.13,0.076955,-0.011689,-0.018773,7.9121
1.0709,2.13,0.076954,-0.01166,-0.018642,7.913
1.071,2.13,0.076953,-0.01163,-0.018526,7.9154
1.0711,2.13,0.076952,-0.011597,-0.018377,7.9073
1.0711,2.13,0.076951,-0.011551,-0.018204,7.9036
1.0712,2.13,0.07695,-0.011504,-0.018032,7.9101
1.0712,2.13,0.076949,-0.011457,-0.017826,7.9079
1.0713,2.13,0.076948,-0.011417,-0.017603,7.9016
1.0713,2.13,0.076947,-0.011386,-0.017379,7.9136
1.0714,2.13,0.076946,-0.011369,-0.017185,7.9219
1.0714,2.13,0.076945,-0.011367,-0.016997,7.9199
1.0715,2.13,0.076945,-0.011367,-0.016804,7.925
1.0715,2.13,0.076944,-0.011365,-0.016599,7.9267
1.0716,2.13,0.076943,-0.011367,-0.0164,7.9167
1.0716,2.13,0.076942,-0.011371,-0.016178,7.9256
1.0717,2.13,0.076941,-0.01137,-0.015966,7.9341
1.0717,2.13,0.07694,-0.011375,-0.015774,7.923
1.0718,2.13,0.076939,-0.011385,-0.015617,7.9301
1.0718,2.13,0.076939,-0.011399,-0.015458,7.943
1.0719,2.13,0.076938,-0.011414,-0.015323,7.9388
1.0719,2.13,0.076937,-0.011424,-0.015172,7.9358
1.072,2.13,0.076936,-0.011435,-0.015022,7.9382
1.0721,2.13,0.076936,-0.011441,-0.014872,7.9315
1.0721,2.13,0.076935,-0.011446,-0.014721,7.924
1.0722,2.13,0.076934,-0.011455,-0.014568,7.9326
1.0722,2.13,0.076933,-0.011472,-0.014415,7.9285
1.0723,2.13,0.076932,-0.011493,-0.014259,7.9171
1.0723,2.13,0.076932,-0.011514,-0.014104,7.9213
1.0724,2.13,0.076931,-0.01153,-0.013951,7.9331
1.0724,2.13,0.07693,-0.011551,-0.0138,7.9329
1.0725,2.13,0.07693,-0.01157,-0.01365,7.9278
1.0725,2.13,0.076929,-0.011589,-0.013498,7.9285
1.0726,2.13,0.076928,-0.011612,-0.013345,7.9237
1.0726,2.13,0.076927,-0.011639,-0.013194,7.922
1.0727,2.13,0.076927,-0.011666,-0.013042,7.9347
1.0727,2.13,0.076926,-0.011686,-0.012885,7.932
1.0728,2.13,0.076925,-0.011702,-0.012727,7.928
1.0728,2.13,0.076925,-0.011716,-0.012567,7.9506
1.0729,2.13,0.076924,-0.011726,-0.01241,7.9612
1.0729,2.13,0.076923,-0.011737,-0.012251,7.9544
1.073,2.13,0.076923,-0.011751,-0.012095,7.9665
1.0731,2.13,0.076922,-0.011766,-0.011941,7.9742
1.0731,2.13,0.076922,-0.011782,-0.011789,7.9637
1.0732,2.13,0.076921,-0.011799,-0.011636,7.9659
1.0732,2.13,0.07692,-0.011818,-0.011485,7.9745
1.0733,2.13,0.07692,-0.011836,-0.011335,7.9728
1.0733,2.13,0.076919,-0.01185,-0.011189,7.9777
1.0734,2.13,0.076919,-0.011862,-0.011042,7.9829
1.0734,2.13,0.076918,-0.011872,-0.010897,7.9825
1.0735,2.13,0.076917,-0.01188,-0.010752,7.9771
1.0735,2.13,0.076917,-0.011888,-0.010609,7.9855
1.0736,2.13,0.076916,-0.011896,-0.010466,7.9737
1.0736,2.13,0.076916,-0.011905,-0.010325,7.965
1.0737,2.13,0.076915,-0.011914,-0.010187,7.9663
1.0737,2.13,0.076915,-0.011922,-0.010049,7.9619
1.0738,2.13,0.076914,-0.011931,-0.0099099,7.9494
1.0738,2.13,0.076914,-0.01194,-0.0097688,7.9532
1.0739,2.13,0.076913,-0.011949,-0.009625,7.9642
1.0739,2.13,0.076913,-0.011958,-0.009479,7.9536
1.074,2.13,0.076912,-0.011967,-0.0093303,7.9593
1.0741,2.13,0.076912,-0.011977,-0.0091825,7.9677
1.0741,2.13,0.076911,-0.011986,-0.0090398,7.9576
1.0742,2.13,0.076911,-0.011995,-0.008902,7.9587
1.0742,2.13,0.07691,-0.012004,-0.0087696,7.9702
1.0743,2.13,0.07691,-0.012013,-0.0086438,7.968
1.0743,2.13,0.076909,-0.012023,-0.0085205,7.9708
1.0744,2.13,0.076909,-0.012032,-0.0084001,7.9836
1.0744,2.13,0.076909,-0.012041,-0.0082774,7.9897
1.0745,2.13,0.076908,-0.01205,-0.0081549,7.9935
1.0745,2.13,0.076908,-0.012064,-0.008034,8.0025
1.0746,2.13,0.076907,-0.012072,-0.0079162,8.0072
1.0746,2.13,0.076907,-0.012073,-0.0078043,7.9988
1.0747,2.13,0.076906,-0.012065,-0.0076964,7.9998
1.0747,2.13,0.076906,-0.012052,-0.0075915,8.0012
1.0748,2.13,0.076906,-0.01204,-0.0074888,7.9929
1.0748,2.13,0.076905,-0.012038,-0.0073862,7.9961
1.0749,2.13,0.076905,-0.01204,-0.0072875,8.0024
1.0749,2.13,0.076904,-0.012048,-0.0071908,7.9987
1.075,2.13,0.076904,-0.012052,-0.0070978,7.9923
1.0751,2.13,0.076904,-0.012057,-0.0070106,7.9998
1.0751,2.13,0.076903,-0.012046,-0.0069271,7.9871
1.0752,2.13,0.076903,-0.012026,-0.0068496,7.9773
1.0752,2.13,0.076903,-0.012006,-0.0067767,7.9838
1.0753,2.13,0.076902,-0.011989,-0.006707,7.9802
1.0753,2.13,0.076902,-0.011978,-0.0066432,7.9679
1.0754,2.13,0.076902,-0.011974,-0.0065818,7.9806
1.0754,2.13,0.076901,-0.011978,-0.0065199,7.9864
1.0755,2.13,0.076901,-0.01199,-0.0064567,7.9761
1.0755,2.13,0.076901,-0.011996,-0.0063957,7.9852
1.0756,2.13,0.0769,-0.012004,-0.0063413,7.9977
1.0756,2.13,0.0769,-0.012002,-0.0062945,7.9924
1.0757,2.13,0.0769,-0.011992,-0.0062527,7.984
1.0757,2.13,0.076899,-0.011978,-0.0062338,7.9939
1.0758,2.13,0.076899,-0.011959,-0.0061981,7.9936
1.0758,2.13,0.076899,-0.011937,-0.0061581,7.9866
1.0759,2.13,0.076898,-0.011914,-0.0060817,7.9963
1.0759,2.13,0.076898,-0.011897,-0.0059835,8.0032
1.076,2.13,0.076898,-0.01189,-0.0058977,7.9954
1.0761,2.13,0.076897,-0.011883,-0.0057965,8.0016
1.0761,2.13,0.076897,-0.011878,-0.0057189,8.0058
1.0762,2.13,0.076897,-0.011876,-0.0056617,7.9908
1.0762,2.13,0.076896,-0.011876,-0.0055816,7.9925
1.0763,2.13,0.076896,-0.011877,-0.005491,7.9952
1.0763,2.13,0.076896,-0.011878,-0.0053367,7.984
1.0764,2.13,0.076896,-0.011882,-0.0051681,7.9752
1.0764,2.13,0.076895,-0.011889,-0.0050225,7.9873
1.0765,2.13,0.076895,-0.011897,-0.0048873,7.9859
1.0765,2.13,0.076895,-0.011907,-0.0048096,7.9785
1.0766,2.13,0.076895,-0.01192,-0.0047873,7.9888
1.0766,2.13,0.076894,-0.011934,-0.0047869,7.9833
1.0767,2.13,0.076894,-0.01195,-0.0047579,7.9738
1.0767,2.13,0.076894,-0.011968,-0.0046874,7.981
1.0768,2.13,0.076894,-0.011987,-0.0046207,7.979
1.0768,2.13,0.076893,-0.012008,-0.0045292,7.9736
1.0769,2.13,0.076893,-0.012031,-0.0044367,7.9753
1.0769,2.13,0.076893,-0.012056,-0.0043639,7.9842
1.077,2.13,0.076893,-0.012082,-0.0043477,7.9793
1.0771,2.13,0.076892,-0.012108,-0.0043233,7.9841
1.0771,2.13,0.076892,-0.012139,-0.0042824,7.9937
1.0772,2.13,0.076892,-0.012175,-0.0042669,7.983
1.0772,2.13,0.076892,-0.012213,-0.0042662,7.9793
1.0773,2.13,0.076892,-0.012253,-0.0042123,7.987
1.0773,2.13,0.076891,-0.012292,-0.0041442,7.9861
1.0774,2.13,0.076891,-0.012333,-0.0040981,7.981
1.0774,2.13,0.076891,-0.012372,-0.00407,7.9914
1.0775,2.13,0.076891,-0.01241,-0.0040137,7.9975
1.0775,2.13,0.07689,-0.012453,-0.0039372,7.9876
1.0776,2.13,0.07689,-0.012499,-0.0038868,7.9919
1.0776,2.13,0.07689,-0.012547,-0.0038255,7.9919
1.0777,2.13,0.07689,-0.012596,-0.0037144,7.9763
1.0777,2.13,0.07689,-0.012642,-0.0036025,7.9756
1.0778,2.13,0.07689,-0.01269,-0.0035458,7.9782
1.0778,2.13,0.076889,-0.012746,-0.0035069,7.9659
1.0779,2.13,0.076889,-0.012809,-0.0034663,7.9654
1.0779,2.13,0.076889,-0.012876,-0.003407,7.9734
1.078,2.13,0.076889,-0.012946,-0.0033524,7.9709
1.0781,2.13,0.076889,-0.013015,-0.0032747,7.9742
1.0781,2.13,0.076888,-0.013079,-0.0031551,7.9821
1.0782,2.13,0.076888,-0.013137,-0.0030209,7.9738
1.0782,2.13,0.076888,-0.013192,-0.0028964,7.9658
1.0783,2.1299,0.076888,-0.013251,-0.0027667,7.977
1.0783,2.1299,0.076888,-0.013311,-0.0026328,7.9836
1.0784,2.1299,0.076888,-0.013372,-0.0024949,7.971
1.0784,2.1299,0.076888,-0.013433,-0.002354,7.9786
1.0785,2.1299,0.076887,-0.013496,-0.0022116,7.9896
1.0785,2.1299,0.076887,-0.013559,-0.0020645,7.9864
1.0786,2.1299,0.076887,-0.013625,-0.0019141,7.9923
1.0786,2.1299,0.076887,-0.013687,-0.0017464,8.0107
1.0787,2.1299,0.076887,-0.013747,-0.0016051,8.0049
1.0787,2.1299,0.076887,-0.013806,-0.0014836,8.0078
1.0788,2.1299,0.076887,-0.013865,-0.0013769,8.0118
1.0788,2.1299,0.076887,-0.013926,-0.0012755,8.0111
1.0789,2.1299,0.076887,-0.013989,-0.0011694,7.9995
1.0789,2.1299,0.076887,-0.014056,-0.0010465,8.0101
1.079,2.1299,0.076887,-0.01413,-0.00088747,8.0179
1.0791,2.1299,0.076887,-0.0142,-0.0007103,8.01
1.0791,2.1299,0.076887,-0.014265,-0.00057397,8.0212
1.0792,2.1299,0.076887,-0.014325,-0.0004784,8.019
1.0792,2.1299,0.076887,-0.014378,-0.00044753,8.0128
1.0793,2.1299,0.076887,-0.014425,-0.00045146,8.0207
1.0793,2.1299,0.076887,-0.014469,-0.00044356,8.0144
1.0794,2.1299,0.076887,-0.01451,-0.00041841,8.0043
1.0794,2.1299,0.076887,-0.014557,-0.0003669,8.0008
1.0795,2.1299,0.076886,-0.014613,-0.00033438,8.0081
1.0795,2.1299,0.076886,-0.014676,-0.00031137,8.0037
1.0796,2.1299,0.076886,-0.014745,-0.00029087,7.9997
1.0796,2.1299,0.076886,-0.014817,-0.00027765,8.0134
1.0797,2.1299,0.076886,-0.01489,-0.00023314,8.0177
1.0797,2.1299,0.076886,-0.014961,-0.00013422,8.0098
1.0798,2.1299,0.076886,-0.015027,-3.0914e-06,8.0158
1.0798,2.1299,0.076886,-0.015089,0.00014109,8.022
1.0799,2.1299,0.076886,-0.015153,0.00027047,8.014
1.0799,2.1299,0.076886,-0.015219,0.00039944,8.0208
1.08,2.1299,0.076886,-0.015285,0.00054721,8.0292
1.0801,2.1299,0.076887,-0.015351,0.00066906,8.023
1.0801,2.1299,0.076887,-0.015424,0.00078441,8.0245
1.0802,2.1299,0.076887,-0.015504,0.00086368,8.0354
1.0802,2.1299,0.076887,-0.015587,0.0009376,8.0279
1.0803,2.1299,0.076887,-0.015669,0.00097866,8.0222
1.0803,2.1299,0.076887,-0.015755,0.0010066,8.0253
1.0804,2.1299,0.076887,-0.015843,0.0010411,8.0131
1.0804,2.1299,0.076887,-0.01593,0.0011227,8.0016
1.0805,2.1299,0.076887,-0.016014,0.0011821,8.0156
1.0805,2.1299,0.076887,-0.016102,0.0012567,8.0125
1.0806,2.1299,0.076887,-0.016187,0.001327,8.0072
1.0806,2.1299,0.076887,-0.016268,0.0014172,8.0172
1.0807,2.1299,0.076887,-0.016347,0.0014969,8.0216
1.0807,2.1299,0.076887,-0.016438,0.0015838,8.0099
1.0808,2.1299,0.076887,-0.016534,0.0016865,8.01
1.0808,2.1299,0.076888,-0.016636,0.0018142,8.0103
1.0809,2.1299,0.076888,-0.016737,0.0019245,7.9955
1.0809,2.1299,0.076888,-0.016834,0.0020496,8.0001
1.081,2.1299,0.076888,-0.01693,0.0021477,8.0175
1.0811,2.1299,0.076888,-0.017023,0.0022216,8.0102
1.0811,2.1299,0.076888,-0.017117,0.0022993,8.0014
1.0812,2.1299,0.076888,-0.017216,0.002345,8.013
1.0812,2.1299,0.076888,-0.017316,0.0023781,8.0088
1.0813,2.1299,0.076888,-0.017414,0.00241,7.9954
1.0813,2.1299,0.076889,-0.017507,0.0024691,7.9989
1.0814,2.1299,0.076889,-0.017592,0.0025294,7.9961
1.0814,2.1299,0.076889,-0.017679,0.0025803,7.9902
1.0815,2.1299,0.076889,-0.017765,0.0026055,7.9906
1.0815,2.1299,0.076889,-0.017852,0.0026317,7.9933
1.0816,2.1299,0.076889,-0.017942,0.0026308,7.9876
1.0816,2.1299,0.076889,-0.018035,0.0026323,7.9924
1.0817,2.1299,0.07689,-0.018129,0.0026525,8.0018
1.0817,2.1299,0.07689,-0.018224,0.0027056,7.9861
1.0818,2.1299,0.07689,-0.018318,0.0027596,7.9831
1.0818,2.1299,0.07689,-0.018412,0.0028397,7.9817
1.0819,2.1299,0.07689,-0.018506,0.0029013,7.9736
1.0819,2.1299,0.07689,-0.018599,0.0029627,7.9564
1.082,2.1299,0.07689,-0.018692,0.0030222,7.9671
1.0821,2.1299,0.076891,-0.018785,0.0030776,7.9601
1.0821,2.1299,0.076891,-0.018878,0.0031345,7.9548
1.0822,2.1299,0.076891,-0.01897,0.0031931,7.9654
1.0822,2.1299,0.076891,-0.019062,0.0032554,7.965
1.0823,2.1299,0.076891,-0.019155,0.0033195,7.9559
1.0823,2.1299,0.076891,-0.019245,0.0033834,7.9633
1.0824,2.1299,0.076892,-0.019335,0.0034442,7.9648
1.0824,2.1299,0.076892,-0.019422,0.0035037,7.9565
1.0825,2.1299,0.076892,-0.019507,0.0035593,7.9522
1.0825,2.1299,0.076892,-0.01959,0.0036128,7.9626
1.0826,2.1299,0.076892,-0.019672,0.0036653,7.9529
1.0826,2.1299,0.076893,-0.019753,0.0037196,7.9535
1.0827,2.1299,0.076893,-0.019835,0.0037688,7.9642
1.0827,2.1299,0.076893,-0.019916,0.0038162,7.9616
1.0828,2.1299,0.076893,-0.019996,0.0038611,7.9589
1.0828,2.1299,0.076893,-0.020076,0.0039068,7.9613
1.0829,2.1299,0.076894,-0.020155,0.0039522,7.9603
1.0829,2.1299,0.076894,-0.020231,0.0039987,7.9496
1.083,2.1299,0.076894,-0.020304,0.0040431,7.9565
1.0831,2.1299,0.076894,-0.020374,0.0040865,7.9627
1.0831,2.1299,0.076894,-0.020441,0.0041266,7.9462
1.0832,2.1299,0.076895,-0.020504,0.0041667,7.9537
1.0832,2.1299,0.076895,-0.020566,0.0042046,7.9631
1.0833,2.1299,0.076895,-0.02063,0.0042401,7.9458
1.0833,2.1299,0.076895,-0.020694,0.0042737,7.9469
1.0834,2.1299,0.076896,-0.020759,0.0043051,7.9541
1.0834,2.1299,0.076896,-0.020824,0.0043354,7.9382
1.0835,2.1299,0.076896,-0.020888,0.0043668,7.9348
1.0835,2.1299,0.076896,-0.020949,0.0043996,7.9427
1.0836,2.1299,0.076896,-0.021009,0.0044339,7.9463
1.0836,2.1299,0.076897,-0.021067,0.0044719,7.9393
1.0837,2.1299,0.076897,-0.021123,0.0045114,7.9462
1.0837,2.1299,0.076897,-0.021178,0.0045507,7.9623
1.0838,2.1299,0.076897,-0.02123,0.0045879,7.949
1.0838,2.1299,0.076898,-0.021281,0.0046255,7.9601
1.0839,2.1299,0.076898,-0.02133,0.004661,7.9657
1.0839,2.1299,0.076898,-0.021377,0.0046933,7.9565
1.084,2.1299,0.076898,-0.021421,0.0047256,7.9636
1.0841,2.1298,0.076899,-0.021464,0.0047598,7.9708
1.0841,2.1298,0.076899,-0.021504,0.0047945,7.9636
1.0842,2.1298,0.076899,-0.021543,0.0048281,7.9654
1.0842,2.1298,0.076899,-0.021579,0.0048642,7.9751
1.0843,2.1298,0.0769,-0.021612,0.0049005,7.9734
1.0843,2.1298,0.0769,-0.021644,0.0049386,7.9697
1.0844,2.1298,0.0769,-0.021673,0.0049793,7.9773
1.0844,2.1298,0.0769,-0.021699,0.0050241,7.9697
1.0845,2.1298,0.076901,-0.021723,0.0050692,7.9649
1.0845,2.1298,0.076901,-0.021743,0.0051143,7.9682
1.0846,2.1298,0.076901,-0.021761,0.0051585,7.9679
1.0846,2.1298,0.076902,-0.021784,0.0052043,7.9582
1.0847,2.1298,0.076902,-0.021811,0.0052516,7.957
1.0847,2.1298,0.076902,-0.021843,0.0052964,7.9734
1.0848,2.1298,0.076902,-0.021865,0.005337,7.9641
1.0848,2.1298,0.076903,-0.021875,0.0053759,7.9604
1.0849,2.1298,0.076903,-0.021882,0.0054128,7.9657
1.0849,2.1298,0.076903,-0.021882,0.0054488,7.9567
1.085,2.1298,0.076904,-0.021872,0.005483,7.9568
1.0851,2.1298,0.076904,-0.021873,0.0055187,7.9591
1.0851,2.1298,0.076904,-0.02188,0.0055591,7.9586
1.0852,2.1298,0.076904,-0.021892,0.0056006,7.9504
1.0852,2.1298,0.076905,-0.021892,0.0056399,7.9604
1.0853,2.1298,0.076905,-0.021877,0.0056816,7.9686
1.0853,2.1298,0.076905,-0.021871,0.0057264,7.962
1.0854,2.1298,0.076906,-0.021866,0.0057682,7.9754
1.0854,2.1298,0.076906,-0.021856,0.0058014,7.985
1.0855,2.1298,0.076906,-0.021854,0.0058289,7.9711
1.0855,2.1298,0.076907,-0.021849,0.0058544,7.9703
1.0856,2.1298,0.076907,-0.021848,0.0058774,7.9858
1.0856,2.1298,0.076907,-0.021851,0.0058994,7.9778
1.0857,2.1298,0.076907,-0.021851,0.0059211,7.9768
1.0857,2.1298,0.076908,-0.021867,0.0059487,7.9878
1.0858,2.1298,0.076908,-0.02189,0.0059749,7.9874
1.0858,2.1298,0.076908,-0.021917,0.0060009,7.9796
1.0859,2.1298,0.076909,-0.021945,0.0060307,7.9881
1.0859,2.1298,0.076909,-0.02197,0.0060663,7.9902
1.086,2.1298,0.076909,-0.022,0.0061053,7.9718
1.0861,2.1298,0.07691,-0.022032,0.0061491,7.9744
1.0861,2.1298,0.07691,-0.022065,0.0061936,7.9793
1.0862,2.1298,0.07691,-0.022099,0.0062425,7.9674
1.0862,2.1298,0.076911,-0.022133,0.0062889,7.9707
1.0863,2.1298,0.076911,-0.022169,0.0063368,7.9833
1.0863,2.1298,0.076911,-0.022208,0.0063826,7.9686
1.0864,2.1298,0.076912,-0.022249,0.0064284,7.9705
1.0864,2.1298,0.076912,-0.022292,0.0064713,7.9812
1.0865,2.1298,0.076912,-0.022335,0.0065125,7.9707
1.0865,2.1298,0.076913,-0.02238,0.0065532,7.9617
1.0866,2.1298,0.076913,-0.022424,0.0065945,7.9687
1.0866,2.1298,0.076913,-0.022469,0.0066377,7.9668
1.0867,2.1298,0.076914,-0.022515,0.0066839,7.9576
1.0867,2.1298,0.076914,-0.022563,0.0067303,7.9632
1.0868,2.1298,0.076914,-0.022612,0.0067791,7.9626
1.0868,2.1298,0.076915,-0.022662,0.0068269,7.9591
1.0869,2.1298,0.076915,-0.022713,0.0068748,7.9598
1.0869,2.1298,0.076916,-0.022765,0.0069231,7.9671
1.087,2.1298,0.076916,-0.022821,0.0069729,7.9536
1.0871,2.1298,0.076916,-0.022873,0.0070222,7.9556
1.0871,2.1298,0.076917,-0.022924,0.0070694,7.9597
1.0872,2.1298,0.076917,-0.022973,0.0071137,7.9512
1.0872,2.1298,0.076917,-0.023023,0.0071552,7.9484
1.0873,2.1298,0.076918,-0.023073,0.0071929,7.9624
1.0873,2.1298,0.076918,-0.023125,0.0072315,7.957
1.0874,2.1298,0.076919,-0.023181,0.0072707,7.9456
1.0874,2.1298,0.076919,-0.023241,0.0073142,7.9585
1.0875,2.1298,0.076919,-0.023299,0.0073615,7.9459
1.0875,2.1298,0.07692,-0.023357,0.0074127,7.932
1.0876,2.1298,0.07692,-0.023416,0.0074675,7.9338
1.0876,2.1298,0.076921,-0.023477,0.0075247,7.9339
1.0877,2.1298,0.076921,-0.023541,0.007584,7.9238
1.0877,2.1298,0.076921,-0.023604,0.0076451,7.9316
1.0878,2.1298,0.076922,-0.023669,0.0077017,7.9394
1.0878,2.1298,0.076922,-0.023735,0.0077579,7.9378
1.0879,2.1298,0.076923,-0.023799,0.0078128,7.9393
1.0879,2.1298,0.076923,-0.02386,0.0078661,7.9455
1.088,2.1298,0.076923,-0.023921,0.0079183,7.9356
1.0881,2.1298,0.076924,-0.023984,0.0079692,7.9371
1.0881,2.1298,0.076924,-0.024046,0.0080224,7.9397
1.0882,2.1298,0.076925,-0.024107,0.008079,7.9461
1.0882,2.1298,0.076925,-0.024168,0.0081369,7.9359
1.0883,2.1298,0.076926,-0.024229,0.0081983,7.9434
1.0883,2.1298,0.076926,-0.024288,0.0082607,7.9494
1.0884,2.1298,0.076926,-0.024345,0.0083228,7.9409
1.0884,2.1298,0.076927,-0.024403,0.0083823,7.946
1.0885,2.1297,0.076927,-0.024461,0.0084402,7.9508
1.0885,2.1297,0.076928,-0.024516,0.0085023,7.9394
1.0886,2.1297,0.076928,-0.024574,0.0085694,7.9459
1.0886,2.1297,0.076929,-0.024641,0.0086386,7.9494
1.0887,2.1297,0.076929,-0.024705,0.0087089,7.9385
1.0887,2.1297,0.07693,-0.024761,0.0087789,7.9367
1.0888,2.1297,0.07693,-0.024799,0.0088475,7.9536
1.0888,2.1297,0.07693,-0.024826,0.008915,7.9534
1.0889,2.1297,0.076931,-0.024848,0.0089809,7.9449
1.0889,2.1297,0.076931,-0.024867,0.0090478,7.9515
1.089,2.1297,0.076932,-0.024902,0.009115,7.9441
1.0891,2.1297,0.076932,-0.02496,0.0091818,7.942
1.0891,2.1297,0.076933,-0.025033,0.0092524,7.947
1.0892,2.1297,0.076933,-0.025116,0.0093268,7.9502
1.0892,2.1297,0.076934,-0.025203,0.0094047,7.9387
1.0893,2.1297,0.076934,-0.025292,0.0094863,7.9431
1.0893,2.1297,0.076935,-0.025385,0.0095671,7.9562
1.0894,2.1297,0.076935,-0.025468,0.0096479,7.9554
1.0894,2.1297,0.076936,-0.02554,0.009728,7.9607
1.0895,2.1297,0.076936,-0.025607,0.0098079,7.9758
1.0895,2.1297,0.076937,-0.025673,0.0098878,7.9742
1.0896,2.1297,0.076937,-0.025743,0.0099668,7.9738
1.0896,2.1297,0.076938,-0.025821,0.010046,7.9817
1.0897,2.1297,0.076939,-0.025905,0.010126,7.9835
1.0897,2.1297,0.076939,-0.026,0.010205,7.9846
1.0898,2.1297,0.07694,-0.026095,0.010284,8.0004
1.0898,2.1297,0.07694,-0.026186,0.010365,8
1.0899,2.1297,0.076941,-0.026278,0.010447,7.9901
1.0899,2.1297,0.076941,-0.026373,0.010529,7.9999
1.09,2.1297,0.076942,-0.026468,0.010613,8.0117
1.0901,2.1297,0.076942,-0.026555,0.0107,7.9997
1.0901,2.1297,0.076943,-0.026631,0.010787,7.9987
1.0902,2.1297,0.076943,-0.026698,0.010872,7.9991
1.0902,2.1297,0.076944,-0.026762,0.010955,7.9891
1.0903,2.1297,0.076945,-0.026818,0.011038,7.9887
1.0903,2.1297,0.076945,-0.026871,0.011123,7.9983
1.0904,2.1297,0.076946,-0.026929,0.011207,7.9979
1.0904,2.1297,0.076946,-0.026992,0.01129,7.9946
1.0905,2.1297,0.076947,-0.027053,0.011372,8.0044
1.0905,2.1297,0.076948,-0.027118,0.011447,7.9952
1.0906,2.1297,0.076948,-0.027186,0.01152,7.9912
1.0906,2.1297,0.076949,-0.027259,0.011591,7.9992
1.0907,2.1297,0.076949,-0.02733,0.011662,7.9987
1.0907,2.1297,0.07695,-0.027402,0.011735,7.9837
1.0908,2.1297,0.076951,-0.027479,0.011809,7.9931
1.0908,2.1297,0.076951,-0.027555,0.011884,8.0043
1.0909,2.1297,0.076952,-0.027632,0.011961,8.0013
1.0909,2.1297,0.076953,-0.02771,0.012037,8.0121
1.091,2.1297,0.076953,-0.027785,0.012117,8.0154
1.0911,2.1297,0.076954,-0.027856,0.012197,8.0129
1.0911,2.1297,0.076955,-0.02792,0.012276,8.0095
1.0912,2.1297,0.076955,-0.027979,0.012348,8.0183
1.0912,2.1297,0.076956,-0.028044,0.012417,8.017
1.0913,2.1297,0.076956,-0.028108,0.012485,8.0102
1.0913,2.1297,0.076957,-0.028174,0.012553,8.0171
1.0914,2.1297,0.076958,-0.028247,0.012619,8.0185
1.0914,2.1297,0.076958,-0.028325,0.012687,8.0118
1.0915,2.1297,0.076959,-0.028406,0.012754,8.0226
1.0915,2.1297,0.07696,-0.028492,0.012819,8.0251
1.0916,2.1297,0.07696,-0.028579,0.012883,8.0096
1.0916,2.1297,0.076961,-0.028674,0.012947,8.0136
1.0917,2.1297,0.076962,-0.028771,0.013012,8.0165
1.0917,2.1297,0.076963,-0.028859,0.013078,7.9957
1.0918,2.1297,0.076963,-0.028945,0.013143,7.9936
1.0918,2.1297,0.076964,-0.029027,0.013209,8.0048
1.0919,2.1297,0.076965,-0.029109,0.013276,7.9982
1.0919,2.1297,0.076965,-0.02919,0.013342,7.9965
1.092,2.1297,0.076966,-0.029271,0.013409,8.0078
1.0921,2.1297,0.076967,-0.029354,0.013472,8.0026
1.0921,2.1297,0.076967,-0.02944,0.013532,7.9998
1.0922,2.1297,0.076968,-0.029526,0.013586,8.0013
1.0922,2.1296,0.076969,-0.029612,0.013637,8.0063
1.0923,2.1296,0.07697,-0.029691,0.013688,8.0004
1.0923,2.1296,0.07697,-0.029765,0.013742,8.0065
1.0924,2.1296,0.076971,-0.029839,0.013795,8.0171
1.0924,2.1296,0.076972,-0.029905,0.013851,8.0154
1.0925,2.1296,0.076973,-0.029973,0.013905,8.0242
1.0925,2.1296,0.076973,-0.030038,0.013959,8.0336
1.0926,2.1296,0.076974,-0.030109,0.014009,8.0279
1.0926,2.1296,0.076975,-0.030178,0.014059,8.0268
1.0927,2.1296,0.076975,-0.030243,0.014107,8.0288
1.0927,2.1296,0.076976,-0.03031,0.014152,8.0223
1.0928,2.1296,0.076977,-0.030383,0.014193,8.0131
1.0928,2.1296,0.076978,-0.030456,0.014235,8.0186
1.0929,2.1296,0.076978,-0.030535,0.014276,8.0177
1.0929,2.1296,0.076979,-0.030611,0.014323,8.0061
1.093,2.1296,0.07698,-0.030688,0.014374,8.0129
1.0931,2.1296,0.076981,-0.030761,0.014431,8.0207
1.0931,2.1296,0.076981,-0.030832,0.014487,8.0075
1.0932,2.1296,0.076982,-0.030903,0.014542,8.007
1.0932,2.1296,0.076983,-0.030969,0.014598,8.0075
1.0933,2.1296,0.076984,-0.031029,0.014654,7.9965
1.0933,2.1296,0.076985,-0.031086,0.014709,7.9911
1.0934,2.1296,0.076985,-0.03114,0.014763,8.0041
1.0934,2.1296,0.076986,-0.031194,0.014816,8.0003
1.0935,2.1296,0.076987,-0.031248,0.014868,7.9965
1.0935,2.1296,0.076988,-0.031311,0.014917,8.0088
1.0936,2.1296,0.076988,-0.031368,0.014965,8.0081
1.0936,2.1296,0.076989,-0.031414,0.015012,8.0045
1.0937,2.1296,0.07699,-0.031451,0.01506,8.0179
1.0937,2.1296,0.076991,-0.031484,0.01511,8.0207
1.0938,2.1296,0.076992,-0.03152,0.015159,8.0074
1.0938,2.1296,0.076992,-0.031551,0.015213,8.0111
1.0939,2.1296,0.076993,-0.031579,0.015271,8.0235
1.0939,2.1296,0.076994,-0.031602,0.015333,8.0198
1.094,2.1296,0.076995,-0.031607,0.015396,8.0207
1.0941,2.1296,0.076996,-0.0316,0.015459,8.0321
1.0941,2.1296,0.076997,-0.031581,0.015524,8.0188
1.0942,2.1296,0.076997,-0.031565,0.015586,8.0161
1.0942,2.1296,0.076998,-0.031564,0.015645,8.019
1.0943,2.1296,0.076999,-0.031576,0.015702,8.0078
1.0943,2.1296,0.077,-0.031601,0.015756,7.9976
1.0944,2.1296,0.077001,-0.031636,0.015806,8.0045
1.0944,2.1296,0.077001,-0.031676,0.015857,8.0038
1.0945,2.1296,0.077002,-0.031717,0.015908,7.998
1.0945,2.1296,0.077003,-0.031755,0.015959,8.0076
1.0946,2.1296,0.077004,-0.031782,0.016009,8.0081
1.0946,2.1296,0.077005,-0.031807,0.016059,7.9925
1.0947,2.1296,0.077006,-0.031818,0.016109,7.9981
1.0947,2.1296,0.077007,-0.031822,0.016161,7.9944
1.0948,2.1296,0.077007,-0.031827,0.016214,7.9827
1.0948,2.1296,0.077008,-0.031823,0.016269,7.9781
1.0949,2.1296,0.077009,-0.031818,0.016325,7.9967
1.0949,2.1296,0.07701,-0.031815,0.016384,7.9953
1.095,2.1296,0.077011,-0.031819,0.016444,7.9949
1.0951,2.1296,0.077012,-0.031839,0.016502,8.0081
1.0951,2.1296,0.077013,-0.031859,0.016559,8.003
1.0952,2.1296,0.077013,-0.031893,0.016617,8.0048
1.0952,2.1296,0.077014,-0.031955,0.016672,8.0253
1.0953,2.1296,0.077015,-0.03201,0.016723,8.0286
1.0953,2.1296,0.077016,-0.032056,0.016772,8.0209
1.0954,2.1296,0.077017,-0.03209,0.016826,8.03
1.0954,2.1295,0.077018,-0.032122,0.016882,8.0374
1.0955,2.1295,0.077019,-0.032147,0.016943,8.0338
1.0955,2.1295,0.07702,-0.032164,0.017007,8.0422
1.0956,2.1295,0.077021,-0.032187,0.017073,8.0431
1.0956,2.1295,0.077021,-0.032225,0.017143,8.038
1.0957,2.1295,0.077022,-0.03226,0.017212,8.0377
1.0957,2.1295,0.077023,-0.032296,0.017285,8.0453
1.0958,2.1295,0.077024,-0.032335,0.01736,8.0374
1.0958,2.1295,0.077025,-0.032373,0.017435,8.0261
1.0959,2.1295,0.077026,-0.032412,0.017509,8.044
1.0959,2.1295,0.077027,-0.032452,0.017581,8.0402
1.096,2.1295,0.077028,-0.032493,0.017649,8.0312
1.0961,2.1295,0.077029,-0.032535,0.017715,8.0413
1.0961,2.1295,0.07703,-0.032574,0.017779,8.0407
1.0962,2.1295,0.077031,-0.032625,0.017843,8.0268
1.0962,2.1295,0.077032,-0.032682,0.017905,8.0327
1.0963,2.1295,0.077033,-0.032742,0.017966,8.0401
1.0963,2.1295,0.077034,-0.032802,0.018027,8.032
1.0964,2.1295,0.077034,-0.032861,0.018087,8.0283
1.0964,2.1295,0.077035,-0.032918,0.018146,8.0416
1.0965,2.1295,0.077036,-0.032969,0.018205,8.0357
1.0965,2.1295,0.077037,-0.033015,0.018263,8.0424
1.0966,2.1295,0.077038,-0.033067,0.018321,8.0588
1.0966,2.1295,0.077039,-0.03312,0.018378,8.057
1.0967,2.1295,0.07704,-0.033174,0.018434,8.0508
1.0967,2.1295,0.077041,-0.033228,0.018489,8.0569
1.0968,2.1295,0.077042,-0.033279,0.018544,8.0517
1.0968,2.1295,0.077043,-0.033338,0.018599,8.0409
1.0969,2.1295,0.077044,-0.033404,0.018652,8.0481
1.0969,2.1295,0.077045,-0.033473,0.018703,8.0519
1.097,2.1295,0.077046,-0.033543,0.018755,8.0401
1.0971,2.1295,0.077047,-0.033612,0.018808,8.0416
1.0971,2.1295,0.077048,-0.033678,0.018864,8.0518
1.0972,2.1295,0.077049,-0.033738,0.018924,8.0406
1.0972,2.1295,0.07705,-0.03379,0.018989,8.036
1.0973,2.1295,0.077051,-0.033847,0.019054,8.0426
1.0973,2.1295,0.077052,-0.033905,0.01912,8.0314
1.0974,2.1295,0.077053,-0.033963,0.019183,8.0207
1.0974,2.1295,0.077054,-0.034022,0.019242,8.0218
1.0975,2.1295,0.077055,-0.034082,0.019299,8.0224
1.0975,2.1295,0.077056,-0.034141,0.019352,8.017
1.0976,2.1295,0.077057,-0.034198,0.019402,8.0259
1.0976,2.1295,0.077058,-0.034254,0.01945,8.0265
1.0977,2.1295,0.077059,-0.034309,0.019495,8.0159
1.0977,2.1295,0.07706,-0.034363,0.019545,8.0229
1.0978,2.1295,0.077061,-0.034416,0.019596,8.0269
1.0978,2.1295,0.077062,-0.03447,0.019648,8.0129
1.0979,2.1295,0.077063,-0.034527,0.019703,8.0113
1.0979,2.1295,0.077064,-0.034583,0.019759,8.028
1.098,2.1295,0.077065,-0.034637,0.019819,8.0197
1.0981,2.1295,0.077067,-0.034692,0.019877,8.0155
1.0981,2.1295,0.077068,-0.034747,0.019933,8.0277
1.0982,2.1295,0.077069,-0.034801,0.019988,8.0324
1.0982,2.1295,0.07707,-0.034856,0.020041,8.0212
1.0983,2.1295,0.077071,-0.034911,0.020093,8.0278
1.0983,2.1295,0.077072,-0.034967,0.020147,8.0221
1.0984,2.1294,0.077073,-0.035021,0.020203,8.0117
1.0984,2.1294,0.077074,-0.035078,0.020261,8.008
1.0985,2.1294,0.077075,-0.035132,0.020314,8.0077
1.0985,2.1294,0.077076,-0.03518,0.020364,7.9983
1.0986,2.1294,0.077077,-0.035218,0.020412,7.9955
1.0986,2.1294,0.077078,-0.035257,0.020462,8.0057
1.0987,2.1294,0.077079,-0.035305,0.020513,7.9935
1.0987,2.1294,0.07708,-0.035374,0.020569,7.9894
1.0988,2.1294,0.077081,-0.035461,0.020627,7.995
1.0988,2.1294,0.077083,-0.035555,0.020688,7.9891
1.0989,2.1294,0.077084,-0.035645,0.020744,7.9776
1.0989,2.1294,0.077085,-0.035723,0.020798,7.9819
1.099,2.1294,0.077086,-0.035782,0.020854,7.9805
1.0991,2.1294,0.077087,-0.035834,0.020906,7.9687
1.0991,2.1294,0.077088,-0.035883,0.020953,7.9781
1.0992,2.1294,0.077089,-0.035928,0.020996,7.9845
1.0992,2.1294,0.07709,-0.03598,0.021036,7.9759
1.0993,2.1294,0.077091,-0.036025,0.021074,7.9824
1.0993,2.1294,0.077092,-0.036072,0.021112,7.9866
1.0994,2.1294,0.077094,-0.03612,0.02115,7.9784
1.0994,2.1294,0.077095,-0.036166,0.021196,7.9772
1.0995,2.1294,0.077096,-0.036212,0.021243,7.9853
1.0995,2.1294,0.077097,-0.036257,0.021289,7.9866
1.0996,2.1294,0.077098,-0.036297,0.021337,7.9839
1.0996,2.1294,0.077099,-0.036345,0.021384,7.9948
1.0997,2.1294,0.0771,-0.036394,0.02143,7.9929
1.0997,2.1294,0.077101,-0.036445,0.021477,7.9867
1.0998,2.1294,0.077103,-0.036493,0.021523,7.9916
1.0998,2.1294,0.077104,-0.036537,0.021569,7.9859
1.0999,2.1294,0.077105,-0.036577,0.021613,7.9759
1.0999,2.1294,0.077106,-0.036617,0.021653,7.9819
1.1,2.1294,0.077107,-0.036656,0.021692,7.9777
1.1001,2.1294,0.077108,-0.036701,0.02173,7.9644
1.1001,2.1294,0.077109,-0.036754,0.021767,7.9649
1.1002,2.1294,0.077111,-0.036806,0.021805,7.9716
1.1002,2.1294,0.077112,-0.036861,0.021847,7.9636
1.1003,2.1294,0.077113,-0.036915,0.021891,7.9561
1.1003,2.1294,0.077114,-0.036967,0.021939,7.9674
1.1004,2.1294,0.077115,-0.037018,0.02199,7.9597
1.1004,2.1294,0.077116,-0.037072,0.022043,7.9508
1.1005,2.1294,0.077117,-0.037132,0.022096,7.9659
1.1005,2.1294,0.077119,-0.037195,0.022147,7.9711
1.1006,2.1294,0.07712,-0.037258,0.022198,7.9622
1.1006,2.1294,0.077121,-0.03732,0.022246,7.9776
1.1007,2.1294,0.077122,-0.037377,0.022291,7.9938
1.1007,2.1294,0.077123,-0.037425,0.022337,7.9836
1.1008,2.1294,0.077125,-0.037472,0.02238,7.9958
1.1008,2.1294,0.077126,-0.037523,0.022419,8.0048
1.1009,2.1294,0.077127,-0.037572,0.022458,7.9977
1.1009,2.1294,0.077128,-0.037625,0.022496,7.9986
1.101,2.1294,0.077129,-0.037685,0.022532,8.0036
1.1011,2.1294,0.07713,-0.037752,0.022566,8.0024
1.1011,2.1293,0.077132,-0.037827,0.022597,8.0001
1.1012,2.1293,0.077133,-0.037899,0.022628,8.0165
1.1012,2.1293,0.077134,-0.037973,0.022658,8.0089
1.1013,2.1293,0.077135,-0.038048,0.022687,8.0034
1.1013,2.1293,0.077136,-0.038117,0.022723,8.012
1.1014,2.1293,0.077138,-0.038183,0.022766,8.0097
1.1014,2.1293,0.077139,-0.038246,0.022808,8.0001
1.1015,2.1293,0.07714,-0.038305,0.022853,7.9937
1.1015,2.1293,0.077141,-0.038364,0.0229,7.9998
1.1016,2.1293,0.077142,-0.038414,0.022943,7.9871
1.1016,2.1293,0.077144,-0.038458,0.022982,7.9888
1.1017,2.1293,0.077145,-0.038512,0.023015,7.9975
1.1017,2.1293,0.077146,-0.038566,0.023047,7.9892
1.1018,2.1293,0.077147,-0.03862,0.023078,7.9888
1.1018,2.1293,0.077148,-0.03867,0.023101,8.0037
1.1019,2.1293,0.07715,-0.038717,0.023129,8.0032
1.1019,2.1293,0.077151,-0.038762,0.023161,7.9965
1.102,2.1293,0.077152,-0.038801,0.023193,8.0043
1.1021,2.1293,0.077153,-0.038834,0.023225,8.0059
1.1021,2.1293,0.077155,-0.038861,0.023272,7.9978
1.1022,2.1293,0.077156,-0.038883,0.02331,8.0121
1.1022,2.1293,0.077157,-0.038909,0.023305,8.0215
1.1023,2.1293,0.077158,-0.038941,0.02327,8.0192
1.1023,2.1293,0.077159,-0.038976,0.02324,8.0224
1.1024,2.1293,0.077161,-0.039025,0.023186,8.0283
1.1024,2.1293,0.077162,-0.039077,0.023131,8.0179
1.1025,2.1293,0.077163,-0.039139,0.023099,8.0136
1.1025,2.1293,0.077164,-0.039194,0.023125,8.0138
1.1026,2.1293,0.077166,-0.039252,0.023138,8.0109
1.1026,2.1293,0.077167,-0.039314,0.02315,8.0057
1.1027,2.1293,0.077168,-0.039373,0.023149,8.0118
1.1027,2.1293,0.077169,-0.039424,0.023158,8.007
1.1028,2.1293,0.07717,-0.039471,0.02315,7.9978
1.1028,2.1293,0.077172,-0.039505,0.023158,8.0071
1.1029,2.1293,0.077173,-0.039543,0.023189,7.9991
1.1029,2.1293,0.077174,-0.039578,0.023254,7.9883
1.103,2.1293,0.077175,-0.039614,0.023314,7.9881
1.1031,2.1293,0.077177,-0.03965,0.023401,7.9891
1.1031,2.1293,0.077178,-0.039683,0.023468,7.9764
1.1032,2.1293,0.077179,-0.039718,0.023537,7.9762
1.1032,2.1293,0.07718,-0.039757,0.023608,7.9878
1.1033,2.1293,0.077182,-0.039796,0.023685,7.9847
1.1033,2.1293,0.077183,-0.039837,0.023765,7.9884
1.1034,2.1293,0.077184,-0.039876,0.023851,7.9935
1.1034,2.1293,0.077185,-0.039911,0.023936,7.983
1.1035,2.1293,0.077187,-0.039935,0.024022,7.973
1.1035,2.1293,0.077188,-0.039962,0.024105,7.9845
1.1036,2.1293,0.077189,-0.039996,0.024188,7.9802
1.1036,2.1293,0.07719,-0.040036,0.02427,7.971
1.1037,2.1292,0.077192,-0.040079,0.024353,7.9759
1.1037,2.1292,0.077193,-0.040117,0.024439,7.9841
1.1038,2.1292,0.077194,-0.040157,0.024525,7.9719
1.1038,2.1292,0.077196,-0.040198,0.024608,7.9795
1.1039,2.1292,0.077197,-0.040243,0.024689,7.987
1.1039,2.1292,0.077198,-0.040305,0.024767,7.9695
1.104,2.1292,0.077199,-0.040379,0.024844,7.9727
1.1041,2.1292,0.077201,-0.040467,0.024921,7.976
1.1041,2.1292,0.077202,-0.040554,0.024999,7.9644
1.1042,2.1292,0.077203,-0.040627,0.02508,7.9508
1.1042,2.1292,0.077205,-0.040687,0.025161,7.96
1.1043,2.1292,0.077206,-0.040732,0.025244,7.9568
1.1043,2.1292,0.077207,-0.040764,0.025325,7.9481
1.1044,2.1292,0.077209,-0.040779,0.025406,7.9548
1.1044,2.1292,0.07721,-0.040797,0.025486,7.9562
1.1045,2.1292,0.077211,-0.040819,0.025566,7.9435
1.1045,2.1292,0.077213,-0.040852,0.025646,7.9524
1.1046,2.1292,0.077214,-0.040885,0.025725,7.9504
1.1046,2.1292,0.077215,-0.040922,0.025804,7.9416
1.1047,2.1292,0.077217,-0.040966,0.025883,7.9461
1.1047,2.1292,0.077218,-0.041015,0.025962,7.9559
1.1048,2.1292,0.07722,-0.041065,0.02604,7.9576
1.1048,2.1292,0.077221,-0.041127,0.026118,7.9623
1.1049,2.1292,0.077222,-0.041196,0.026195,7.9801
1.1049,2.1292,0.077224,-0.041265,0.026273,7.9763
1.105,2.1292,0.077225,-0.041324,0.026349,7.9746
1.1051,2.1292,0.077226,-0.041383,0.026426,7.9863
1.1051,2.1292,0.077228,-0.041439,0.026502,7.9817
1.1052,2.1292,0.077229,-0.04148,0.026578,7.9695
1.1052,2.1292,0.077231,-0.041515,0.026654,7.9869
1.1053,2.1292,0.077232,-0.041549,0.026729,7.9899
1.1053,2.1292,0.077234,-0.041591,0.026804,7.9877
1.1054,2.1292,0.077235,-0.041631,0.026879,7.9891
1.1054,2.1292,0.077236,-0.04168,0.026954,7.9953
1.1055,2.1292,0.077238,-0.041743,0.027028,7.9818
1.1055,2.1292,0.077239,-0.041809,0.027104,7.9792
1.1056,2.1292,0.077241,-0.041871,0.027178,7.9836
1.1056,2.1292,0.077242,-0.041933,0.02725,7.9737
1.1057,2.1292,0.077243,-0.041995,0.027318,7.9675
1.1057,2.1292,0.077245,-0.042056,0.027381,7.9726
1.1058,2.1292,0.077246,-0.042118,0.027441,7.9725
1.1058,2.1292,0.077248,-0.04218,0.027496,7.9688
1.1059,2.1292,0.077249,-0.042242,0.02755,7.9788
1.1059,2.1292,0.077251,-0.042303,0.027604,7.9747
1.106,2.1292,0.077252,-0.042365,0.027657,7.969
1.1061,2.1292,0.077254,-0.042431,0.027708,7.9853
1.1061,2.1291,0.077255,-0.04249,0.027759,7.9885
1.1062,2.1291,0.077257,-0.042541,0.027808,7.9785
1.1062,2.1291,0.077258,-0.042589,0.027857,7.9911
1.1063,2.1291,0.077259,-0.042634,0.027908,8.0044
1.1063,2.1291,0.077261,-0.042679,0.027958,8.0032
1.1064,2.1291,0.077262,-0.042727,0.028008,8.0091
1.1064,2.1291,0.077264,-0.042781,0.028057,8.0204
1.1065,2.1291,0.077265,-0.042842,0.028104,8.0254
1.1065,2.1291,0.077267,-0.042898,0.028149,8.0244
1.1066,2.1291,0.077268,-0.042954,0.02819,8.03
1.1066,2.1291,0.07727,-0.043009,0.028231,8.021
1.1067,2.1291,0.077271,-0.043066,0.028271,8.0096
1.1067,2.1291,0.077273,-0.043124,0.028312,8.0174
1.1068,2.1291,0.077274,-0.04317,0.028349,8.0276
1.1068,2.1291,0.077276,-0.04321,0.028384,8.0159
1.1069,2.1291,0.077277,-0.043241,0.028418,8.0301
1.1069,2.1291,0.077279,-0.043267,0.02845,8.0371
1.107,2.1291,0.07728,-0.043297,0.028478,8.0197
1.1071,2.1291,0.077282,-0.043327,0.028503,8.027
1.1071,2.1291,0.077283,-0.043365,0.028528,8.0253
1.1072,2.1291,0.077285,-0.043408,0.028554,8.0184
1.1072,2.1291,0.077286,-0.043449,0.028576,8.0115
1.1073,2.1291,0.077288,-0.043494,0.028596,8.0218
1.1073,2.1291,0.077289,-0.043538,0.028614,8.0184
1.1074,2.1291,0.077291,-0.043584,0.02863,8.0114
1.1074,2.1291,0.077292,-0.043634,0.028644,8.0228
1.1075,2.1291,0.077294,-0.04368,0.028655,8.0272
1.1075,2.1291,0.077295,-0.043725,0.028672,8.0194
1.1076,2.1291,0.077297,-0.04377,0.02869,8.0251
1.1076,2.1291,0.077298,-0.043813,0.028706,8.0319
1.1077,2.1291,0.0773,-0.043853,0.028723,8.0283
1.1077,2.1291,0.077301,-0.043896,0.028742,8.0329
1.1078,2.1291,0.077303,-0.043943,0.028761,8.0453
1.1078,2.1291,0.077304,-0.043986,0.028779,8.0402
1.1079,2.1291,0.077306,-0.044026,0.028792,8.0519
1.1079,2.1291,0.077307,-0.044062,0.028807,8.064
1.108,2.1291,0.077309,-0.044097,0.028818,8.0543
1.1081,2.1291,0.07731,-0.044127,0.028824,8.0467
1.1081,2.1291,0.077312,-0.044147,0.02883,8.0601
1.1082,2.1291,0.077314,-0.044169,0.028851,8.0512
1.1082,2.1291,0.077315,-0.044191,0.028844,8.0364
1.1083,2.1291,0.077317,-0.044205,0.028819,8.051
1.1083,2.1291,0.077318,-0.044215,0.028787,8.0488
1.1084,2.1291,0.07732,-0.044217,0.028757,8.039
1.1084,2.129,0.077321,-0.044223,0.028734,8.0477
1.1085,2.129,0.077323,-0.044237,0.028725,8.0519
1.1085,2.129,0.077324,-0.044258,0.02873,8.0377
1.1086,2.129,0.077326,-0.044291,0.028756,8.0371
1.1086,2.129,0.077327,-0.04433,0.028759,8.0414
1.1087,2.129,0.077329,-0.04437,0.028756,8.0357
1.1087,2.129,0.07733,-0.044408,0.028751,8.0212
1.1088,2.129,0.077332,-0.044437,0.028743,8.0351
1.1088,2.129,0.077333,-0.044458,0.028738,8.0305
1.1089,2.129,0.077335,-0.04448,0.028735,8.0209
1.1089,2.129,0.077336,-0.044497,0.028744,8.0358
1.109,2.129,0.077338,-0.044503,0.028729,8.0336
1.1091,2.129,0.077339,-0.04451,0.028715,8.03
1.1091,2.129,0.077341,-0.04452,0.028672,8.0327
1.1092,2.129,0.077342,-0.04453,0.028614,8.0328
1.1092,2.129,0.077344,-0.044544,0.028558,8.0314
1.1093,2.129,0.077345,-0.044556,0.028518,8.0341
1.1093,2.129,0.077347,-0.044571,0.028519,8.0399
1.1094,2.129,0.077348,-0.044591,0.028543,8.0328
1.1094,2.129,0.07735,-0.044609,0.028522,8.0402
1.1095,2.129,0.077351,-0.044628,0.0285,8.0483
1.1095,2.129,0.077353,-0.04465,0.028448,8.0446
1.1096,2.129,0.077354,-0.044666,0.028401,8.0341
1.1096,2.129,0.077356,-0.044671,0.028387,8.0435
1.1097,2.129,0.077357,-0.044676,0.028393,8.0376
1.1097,2.129,0.077359,-0.044679,0.028401,8.0256
1.1098,2.129,0.07736,-0.044686,0.028405,8.0306
1.1098,2.129,0.077362,-0.044691,0.028372,8.0308
1.1099,2.129,0.077363,-0.044695,0.028316,8.0268
1.1099,2.129,0.077365,-0.044705,0.028225,8.0322
1.11,2.129,0.077366,-0.044712,0.028139,8.0372
1.1101,2.129,0.077368,-0.044712,0.028095,8.0191
1.1101,2.129,0.077369,-0.04472,0.028076,8.0246
1.1102,2.129,0.077371,-0.044727,0.028077,8.0326
1.1102,2.129,0.077372,-0.044733,0.028133,8.0276
1.1103,2.129,0.077374,-0.044742,0.028213,8.0159
1.1103,2.129,0.077375,-0.044754,0.028299,8.033
1.1104,2.129,0.077377,-0.044763,0.028363,8.0265
1.1104,2.129,0.077378,-0.044765,0.028425,8.0238
1.1105,2.129,0.07738,-0.044766,0.028486,8.0413
1.1105,2.129,0.077381,-0.044766,0.028544,8.0439
1.1106,2.129,0.077383,-0.044767,0.028616,8.0372
1.1106,2.1289,0.077384,-0.044773,0.028664,8.0465
1.1107,2.1289,0.077386,-0.044785,0.028693,8.0473
1.1107,2.1289,0.077387,-0.044798,0.028714,8.0359
1.1108,2.1289,0.077389,-0.04481,0.028749,8.0418
1.1108,2.1289,0.07739,-0.044821,0.028764,8.0549
1.1109,2.1289,0.077392,-0.044833,0.028773,8.0426
1.1109,2.1289,0.077393,-0.044845,0.028792,8.0488
1.111,2.1289,0.077395,-0.044857,0.028835,8.058
1.1111,2.1289,0.077396,-0.044868,0.028869,8.0508
1.1111,2.1289,0.077398,-0.04488,0.028915,8.0478
1.1112,2.1289,0.077399,-0.044887,0.028979,8.0487
1.1112,2.1289,0.077401,-0.044902,0.029067,8.0385
1.1113,2.1289,0.077402,-0.044922,0.029132,8.0237
1.1113,2.1289,0.077404,-0.044945,0.029203,8.0255
1.1114,2.1289,0.077405,-0.044969,0.029261,8.0162
1.1114,2.1289,0.077407,-0.044991,0.029288,8.0075
1.1115,2.1289,0.077408,-0.045005,0.029274,8.0173
1.1115,2.1289,0.07741,-0.045015,0.029225,8.0233
1.1116,2.1289,0.077412,-0.045018,0.029132,8.0174
1.1116,2.1289,0.077413,-0.045026,0.029034,8.0207
1.1117,2.1289,0.077415,-0.045031,0.028961,8.0337
1.1117,2.1289,0.077416,-0.045035,0.028946,8.0247
1.1118,2.1289,0.077418,-0.045043,0.028998,8.0268
1.1118,2.1289,0.077419,-0.045054,0.029058,8.0421
1.1119,2.1289,0.077421,-0.045068,0.029137,8.0414
1.1119,2.1289,0.077422,-0.045088,0.029205,8.0397
1.112,2.1289,0.077424,-0.045115,0.029227,8.0552
1.1121,2.1289,0.077425,-0.045153,0.029202,8.0588
1.1121,2.1289,0.077427,-0.045196,0.029158,8.0538
1.1122,2.1289,0.077428,-0.045239,0.029143,8.0617
1.1122,2.1289,0.07743,-0.04528,0.029166,8.0564
1.1123,2.1289,0.077431,-0.045318,0.029173,8.0537
1.1123,2.1289,0.077433,-0.045351,0.029233,8.0545
1.1124,2.1289,0.077435,-0.045381,0.029311,8.0597
1.1124,2.1289,0.077436,-0.045409,0.029385,8.0543
1.1125,2.1289,0.077438,-0.045439,0.029413,8.0539
1.1125,2.1289,0.077439,-0.045473,0.029462,8.0615
1.1126,2.1289,0.077441,-0.045504,0.029525,8.0592
1.1126,2.1289,0.077442,-0.045535,0.0296,8.0511
1.1127,2.1289,0.077444,-0.045567,0.029689,8.0631
1.1127,2.1289,0.077445,-0.045603,0.029848,8.0549
1.1128,2.1289,0.077447,-0.045642,0.030031,8.0485
1.1128,2.1289,0.077449,-0.04568,0.030211,8.0557
1.1129,2.1288,0.07745,-0.045718,0.030359,8.0517
1.1129,2.1288,0.077452,-0.045756,0.030481,8.0412
1.113,2.1288,0.077453,-0.045794,0.030562,8.0544
1.1131,2.1288,0.077455,-0.045832,0.030666,8.0617
1.1131,2.1288,0.077457,-0.045871,0.030778,8.0467
1.1132,2.1288,0.077458,-0.04591,0.030945,8.0573
1.1132,2.1288,0.07746,-0.045949,0.031112,8.0653
1.1133,2.1288,0.077462,-0.045988,0.031285,8.0592
1.1133,2.1288,0.077463,-0.046028,0.031457,8.0609
1.1134,2.1288,0.077465,-0.046067,0.031622,8.0738
1.1134,2.1288,0.077467,-0.046107,0.031807,8.0703
1.1135,2.1288,0.077468,-0.046146,0.032027,8.0706
1.1135,2.1288,0.07747,-0.046186,0.032262,8.0833
1.1136,2.1288,0.077472,-0.046226,0.032493,8.0844
1.1136,2.1288,0.077473,-0.046265,0.032702,8.0721
1.1137,2.1288,0.077475,-0.046305,0.032873,8.0755
1.1137,2.1288,0.077477,-0.046345,0.033021,8.0767
1.1138,2.1288,0.077479,-0.046385,0.033177,8.0734
1.1138,2.1288,0.07748,-0.046427,0.033316,8.0677
1.1139,2.1288,0.077482,-0.046465,0.033459,8.0635
1.1139,2.1288,0.077484,-0.046501,0.03364,8.0487
1.114,2.1288,0.077486,-0.046535,0.033794,8.0499
1.1141,2.1288,0.077487,-0.046569,0.033958,8.0609
1.1141,2.1288,0.077489,-0.046604,0.034106,8.0541
1.1142,2.1288,0.077491,-0.046643,0.034281,8.0453
1.1142,2.1288,0.077493,-0.04668,0.034472,8.052
1.1143,2.1288,0.077495,-0.046717,0.034629,8.0448
1.1143,2.1288,0.077497,-0.046751,0.034764,8.0377
1.1144,2.1288,0.077498,-0.046784,0.034883,8.0385
1.1144,2.1288,0.0775,-0.046818,0.034937,8.0397
1.1145,2.1288,0.077502,-0.046857,0.034993,8.0361
1.1145,2.1288,0.077504,-0.046894,0.035045,8.0424
1.1146,2.1288,0.077506,-0.046934,0.035135,8.0432
1.1146,2.1288,0.077508,-0.046966,0.035271,8.0353
1.1147,2.1288,0.077509,-0.046995,0.035417,8.0367
1.1147,2.1288,0.077511,-0.047026,0.035574,8.0431
1.1148,2.1288,0.077513,-0.047057,0.035754,8.031
1.1148,2.1288,0.077515,-0.047087,0.035906,8.0325
1.1149,2.1288,0.077517,-0.047116,0.036067,8.0435
1.1149,2.1288,0.077519,-0.047135,0.036226,8.0319
1.115,2.1287,0.077521,-0.047155,0.036372,8.0279
1.1151,2.1287,0.077523,-0.047172,0.036527,8.0414
1.1151,2.1287,0.077525,-0.047196,0.036666,8.0368
1.1152,2.1287,0.077527,-0.047229,0.036816,8.0261
1.1152,2.1287,0.077529,-0.047269,0.036991,8.035
1.1153,2.1287,0.07753,-0.047317,0.037158,8.0234
1.1153,2.1287,0.077532,-0.04736,0.037338,8.0042
1.1154,2.1287,0.077534,-0.047397,0.037537,7.9994
1.1154,2.1287,0.077536,-0.047431,0.037717,8.0076
1.1155,2.1287,0.077538,-0.047464,0.037891,7.9893
1.1155,2.1287,0.07754,-0.047498,0.038061,7.9909
1.1156,2.1287,0.077542,-0.047534,0.038225,7.9981
1.1156,2.1287,0.077544,-0.047572,0.038384,7.9973
1.1157,2.1287,0.077546,-0.047615,0.038538,8.0011
1.1157,2.1287,0.077549,-0.047654,0.038701,8.0061
1.1158,2.1287,0.077551,-0.047692,0.038834,7.9976
1.1158,2.1287,0.077553,-0.04773,0.038946,7.9964
1.1159,2.1287,0.077555,-0.047767,0.039058,8.0015
1.1159,2.1287,0.077557,-0.047803,0.039154,8.0033
1.116,2.1287,0.077559,-0.047838,0.039223,7.9967
1.1161,2.1287,0.077561,-0.047872,0.039263,8.007
1.1161,2.1287,0.077563,-0.047908,0.03928,8.0127
1.1162,2.1287,0.077565,-0.047939,0.03927,8.0064
1.1162,2.1287,0.077567,-0.047968,0.03923,8.0136
1.1163,2.1287,0.077569,-0.04799,0.039226,8.0145
1.1163,2.1287,0.077571,-0.048009,0.03925,8.0065
1.1164,2.1287,0.077573,-0.048029,0.039313,8.0117
1.1164,2.1287,0.077575,-0.048047,0.03939,8.0114
1.1165,2.1287,0.077577,-0.048064,0.039462,8.0058
1.1165,2.1287,0.077579,-0.048076,0.039507,8.0012
1.1166,2.1287,0.077582,-0.048081,0.039507,8.0092
1.1166,2.1287,0.077584,-0.048087,0.039488,8.0073
1.1167,2.1287,0.077586,-0.048096,0.039466,8.0035
1.1167,2.1287,0.077588,-0.048115,0.039425,8.0125
1.1168,2.1287,0.07759,-0.048144,0.039403,8.0112
1.1168,2.1287,0.077592,-0.048182,0.039368,7.9953
1.1169,2.1287,0.077594,-0.048227,0.039362,7.9998
1.1169,2.1287,0.077596,-0.048264,0.039377,7.9958
1.117,2.1287,0.077598,-0.048296,0.039406,7.9834
1.1171,2.1287,0.0776,-0.048315,0.039437,7.9854
1.1171,2.1286,0.077602,-0.048334,0.039463,7.9948
1.1172,2.1286,0.077604,-0.048345,0.039483,7.9913
1.1172,2.1286,0.077606,-0.048349,0.039487,7.9893
1.1173,2.1286,0.077609,-0.048357,0.039471,8.0084
1.1173,2.1286,0.077611,-0.048371,0.039473,8.0009
1.1174,2.1286,0.077613,-0.048383,0.039479,7.9991
1.1174,2.1286,0.077615,-0.048395,0.03949,8.0123
1.1175,2.1286,0.077617,-0.0484,0.039498,8.0132
1.1175,2.1286,0.077619,-0.048403,0.039504,8.0038
1.1176,2.1286,0.077621,-0.048398,0.039514,8.0151
1.1176,2.1286,0.077623,-0.048391,0.039523,8.0203
1.1177,2.1286,0.077625,-0.04838,0.039531,8.0158
1.1177,2.1286,0.077627,-0.048365,0.039539,8.0297
1.1178,2.1286,0.077629,-0.048353,0.039548,8.0351
1.1178,2.1286,0.077631,-0.048344,0.039562,8.0253
1.1179,2.1286,0.077634,-0.048336,0.039574,8.0254
1.1179,2.1286,0.077636,-0.048329,0.03959,8.0338
1.118,2.1286,0.077638,-0.048326,0.039611,8.0238
1.1181,2.1286,0.07764,-0.048332,0.039633,8.0141
1.1181,2.1286,0.077642,-0.048337,0.039638,8.03
1.1182,2.1286,0.077644,-0.048341,0.039671,8.0222
1.1182,2.1286,0.077646,-0.048354,0.039722,8.0094
1.1183,2.1286,0.077648,-0.048371,0.039772,8.0209
1.1183,2.1286,0.07765,-0.048395,0.03985,8.0155
1.1184,2.1286,0.077652,-0.048418,0.039942,8.0021
1.1184,2.1286,0.077654,-0.04844,0.040031,8.0066
1.1185,2.1286,0.077657,-0.04846,0.040108,8.0107
1.1185,2.1286,0.077659,-0.048471,0.040155,7.9989
1.1186,2.1286,0.077661,-0.048476,0.040211,7.996
1.1186,2.1286,0.077663,-0.048477,0.040252,8.0059
1.1187,2.1286,0.077665,-0.048474,0.040272,8.0079
1.1187,2.1286,0.077667,-0.048474,0.040309,8.0123
1.1188,2.1286,0.077669,-0.048482,0.040345,8.031
1.1188,2.1286,0.077671,-0.048491,0.040381,8.0291
1.1189,2.1286,0.077673,-0.048503,0.040403,8.0265
1.1189,2.1286,0.077676,-0.048522,0.040437,8.0269
1.119,2.1286,0.077678,-0.048542,0.040496,8.0318
1.1191,2.1286,0.07768,-0.048562,0.040608,8.0257
1.1191,2.1286,0.077682,-0.04858,0.040751,8.0328
1.1192,2.1285,0.077684,-0.048601,0.040903,8.0409
1.1192,2.1285,0.077686,-0.048624,0.041043,8.0412
1.1193,2.1285,0.077689,-0.048655,0.041119,8.0443
1.1193,2.1285,0.077691,-0.048686,0.041161,8.0523
1.1194,2.1285,0.077693,-0.048726,0.041248,8.036
1.1194,2.1285,0.077695,-0.048765,0.041392,8.0358
1.1195,2.1285,0.077697,-0.048805,0.041607,8.0364
1.1195,2.1285,0.077699,-0.048844,0.041856,8.0296
1.1196,2.1285,0.077702,-0.048883,0.042096,8.0216
1.1196,2.1285,0.077704,-0.048918,0.042318,8.0267
1.1197,2.1285,0.077706,-0.048948,0.042519,8.0225
1.1197,2.1285,0.077708,-0.048966,0.042715,8.017
1.1198,2.1285,0.077711,-0.048985,0.042947,8.0246
1.1198,2.1285,0.077713,-0.049002,0.043205,8.0231
1.1199,2.1285,0.077715,-0.049019,0.043502,8.0156
1.1199,2.1285,0.077717,-0.049044,0.043801,8.0164
1.12,2.1285,0.07772,-0.04908,0.044065,8.0195
1.1201,2.1285,0.077722,-0.049119,0.044303,7.9991
1.1201,2.1285,0.077724,-0.049156,0.044518,7.9987
1.1202,2.1285,0.077727,-0.049196,0.044671,8.0023
1.1202,2.1285,0.077729,-0.049229,0.0448,7.998
1.1203,2.1285,0.077732,-0.04926,0.044898,7.9962
1.1203,2.1285,0.077734,-0.049278,0.044977,8.0118
1.1204,2.1285,0.077736,-0.049303,0.045012,8.0042
1.1204,2.1285,0.077739,-0.049327,0.045001,8.0009
1.1205,2.1285,0.077741,-0.049354,0.044936,8.011
1.1205,2.1285,0.077743,-0.049378,0.044852,8.0062
1.1206,2.1285,0.077746,-0.049411,0.0448,7.998
1.1206,2.1285,0.077748,-0.049441,0.044789,8.0041
1.1207,2.1285,0.07775,-0.049473,0.044792,8.0143
1.1207,2.1285,0.077753,-0.049499,0.044779,8.0018
1.1208,2.1285,0.077755,-0.049538,0.044776,8.0004
1.1208,2.1285,0.077758,-0.049579,0.044764,8.0109
1.1209,2.1285,0.07776,-0.049625,0.044723,7.9969
1.1209,2.1285,0.077762,-0.049665,0.044677,7.9914
1.121,2.1285,0.077765,-0.049719,0.04463,7.9935
1.1211,2.1285,0.077767,-0.049767,0.044598,7.9855
1.1211,2.1285,0.077769,-0.049817,0.044565,7.975
1.1212,2.1285,0.077772,-0.04985,0.044516,7.9801
1.1212,2.1284,0.077774,-0.049875,0.044481,7.9796
1.1213,2.1284,0.077776,-0.049894,0.044424,7.9786
1.1213,2.1284,0.077779,-0.049909,0.044363,7.9903
1.1214,2.1284,0.077781,-0.049925,0.04431,7.9922
1.1214,2.1284,0.077783,-0.049953,0.044271,7.9817
1.1215,2.1284,0.077786,-0.049988,0.04429,7.9865
1.1215,2.1284,0.077788,-0.050035,0.044367,7.9868
1.1216,2.1284,0.07779,-0.050071,0.044468,7.9783
1.1216,2.1284,0.077793,-0.050112,0.044558,7.9763
1.1217,2.1284,0.077795,-0.050157,0.044601,7.9917
1.1217,2.1284,0.077797,-0.050203,0.044591,7.9909
1.1218,2.1284,0.0778,-0.050251,0.044568,7.9931
1.1218,2.1284,0.077802,-0.050298,0.04452,8.0067
1.1219,2.1284,0.077804,-0.050346,0.044482,8.0038
1.1219,2.1284,0.077807,-0.050389,0.04449,8.0005
1.122,2.1284,0.077809,-0.050423,0.044534,8.0092
1.1221,2.1284,0.077811,-0.05045,0.044612,8.0059
1.1221,2.1284,0.077814,-0.050475,0.044716,8.002
1.1222,2.1284,0.077816,-0.050495,0.044829,8.0097
1.1222,2.1284,0.077818,-0.050515,0.044972,8.0036
1.1223,2.1284,0.077821,-0.050543,0.045107,7.9967
1.1223,2.1284,0.077823,-0.050579,0.045248,8.0085
1.1224,2.1284,0.077826,-0.050614,0.045396,8.0183
1.1224,2.1284,0.077828,-0.050651,0.04555,8.0008
1.1225,2.1284,0.07783,-0.050685,0.04571,7.9967
1.1225,2.1284,0.077833,-0.050718,0.045876,7.9993
1.1226,2.1284,0.077835,-0.050745,0.046063,7.9904
1.1226,2.1284,0.077838,-0.050771,0.046247,7.9884
1.1227,2.1284,0.07784,-0.050798,0.046394,7.9996
1.1227,2.1284,0.077843,-0.050823,0.046516,7.9921
1.1228,2.1284,0.077845,-0.050844,0.046626,7.9941
1.1228,2.1284,0.077848,-0.050867,0.046738,8.0129
1.1229,2.1284,0.07785,-0.050895,0.046881,8.0148
1.1229,2.1284,0.077852,-0.050926,0.047045,8.0096
1.123,2.1284,0.077855,-0.05096,0.047213,8.0252
1.1231,2.1284,0.077857,-0.050995,0.047382,8.027
1.1231,2.1284,0.07786,-0.051028,0.0475,8.0154
1.1232,2.1284,0.077862,-0.05106,0.047616,8.0167
1.1232,2.1283,0.077865,-0.051095,0.047726,8.0274
1.1233,2.1283,0.077867,-0.051133,0.047834,8.0245
1.1233,2.1283,0.07787,-0.051183,0.04795,8.0329
1.1234,2.1283,0.077873,-0.051237,0.048044,8.0455
1.1234,2.1283,0.077875,-0.05129,0.048103,8.0429
1.1235,2.1283,0.077878,-0.051338,0.048141,8.0355
1.1235,2.1283,0.07788,-0.051374,0.048175,8.0541
1.1236,2.1283,0.077883,-0.051407,0.048223,8.0499
1.1236,2.1283,0.077885,-0.051438,0.048304,8.0396
1.1237,2.1283,0.077888,-0.051472,0.048406,8.0493
1.1237,2.1283,0.07789,-0.051503,0.048499,8.0548
1.1238,2.1283,0.077893,-0.051534,0.04861,8.047
1.1238,2.1283,0.077895,-0.051567,0.048718,8.0473
1.1239,2.1283,0.077898,-0.051601,0.048785,8.0568
1.1239,2.1283,0.077901,-0.051635,0.048877,8.0404
1.124,2.1283,0.077903,-0.05167,0.048957,8.0482
1.1241,2.1283,0.077906,-0.051711,0.04905,8.0519
1.1241,2.1283,0.077908,-0.051749,0.049114,8.0403
1.1242,2.1283,0.077911,-0.051786,0.049158,8.0354
1.1242,2.1283,0.077913,-0.05183,0.04923,8.043
1.1243,2.1283,0.077916,-0.051884,0.049322,8.045
1.1243,2.1283,0.077919,-0.051946,0.04943,8.0385
1.1244,2.1283,0.077921,-0.052008,0.049607,8.0527
1.1244,2.1283,0.077924,-0.05206,0.049791,8.0617
1.1245,2.1283,0.077927,-0.052111,0.049987,8.056
1.1245,2.1283,0.077929,-0.052145,0.050151,8.0633
1.1246,2.1283,0.077932,-0.052183,0.050272,8.0664
1.1246,2.1283,0.077934,-0.052227,0.050383,8.0581
1.1247,2.1283,0.077937,-0.05227,0.05048,8.065
1.1247,2.1283,0.07794,-0.05232,0.05055,8.0718
1.1248,2.1283,0.077942,-0.052375,0.050644,8.0604
1.1248,2.1283,0.077945,-0.052434,0.050726,8.0721
1.1249,2.1283,0.077948,-0.052505,0.050805,8.0848
1.1249,2.1283,0.07795,-0.052576,0.050894,8.0792
1.125,2.1283,0.077953,-0.052655,0.050971,8.0716
1.1251,2.1283,0.077956,-0.052729,0.05106,8.0802
1.1251,2.1282,0.077959,-0.052786,0.051134,8.0732
1.1252,2.1282,0.077961,-0.052834,0.051178,8.0626
1.1252,2.1282,0.077964,-0.052873,0.051222,8.0723
1.1253,2.1282,0.077967,-0.052918,0.051244,8.0734
1.1253,2.1282,0.077969,-0.052964,0.051237,8.0607
1.1254,2.1282,0.077972,-0.053004,0.051239,8.0709
1.1254,2.1282,0.077975,-0.053042,0.051235,8.0744
1.1255,2.1282,0.077977,-0.053073,0.051226,8.0636
1.1255,2.1282,0.07798,-0.053103,0.051211,8.0563
1.1256,2.1282,0.077983,-0.053134,0.051191,8.0645
1.1256,2.1282,0.077985,-0.053168,0.051165,8.051
1.1257,2.1282,0.077988,-0.053208,0.051119,8.0388
1.1257,2.1282,0.077991,-0.053234,0.051091,8.0516
1.1258,2.1282,0.077994,-0.053241,0.051075,8.0515
1.1258,2.1282,0.077996,-0.053241,0.051051,8.0487
1.1259,2.1282,0.077999,-0.053229,0.051035,8.0547
1.1259,2.1282,0.078002,-0.053211,0.05104,8.0618
1.126,2.1282,0.078004,-0.053189,0.05107,8.0543
1.1261,2.1282,0.078007,-0.05317,0.051123,8.0632
1.1261,2.1282,0.07801,-0.053158,0.051204,8.0597
1.1262,2.1282,0.078012,-0.053151,0.05132,8.045
1.1262,2.1282,0.078015,-0.053163,0.051405,8.0493
1.1263,2.1282,0.078018,-0.053189,0.051462,8.0535
1.1263,2.1282,0.078021,-0.053214,0.05148,8.045
1.1264,2.1282,0.078023,-0.053252,0.051477,8.0376
1.1264,2.1282,0.078026,-0.053285,0.051475,8.0506
1.1265,2.1282,0.078029,-0.053315,0.051494,8.0507
1.1265,2.1282,0.078031,-0.053345,0.051558,8.0477
1.1266,2.1282,0.078034,-0.053358,0.051643,8.0533
1.1266,2.1282,0.078037,-0.053365,0.051732,8.0472
1.1267,2.1282,0.07804,-0.053354,0.051848,8.0376
1.1267,2.1282,0.078042,-0.053333,0.051951,8.0417
1.1268,2.1282,0.078045,-0.053316,0.052072,8.0508
1.1268,2.1282,0.078048,-0.053294,0.052171,8.0326
1.1269,2.1282,0.078051,-0.053281,0.052254,8.0439
1.1269,2.1282,0.078053,-0.053277,0.052326,8.0473
1.127,2.1281,0.078056,-0.053282,0.052396,8.0444
1.1271,2.1281,0.078059,-0.053291,0.052468,8.0462
1.1271,2.1281,0.078062,-0.053308,0.052552,8.0564
1.1272,2.1281,0.078064,-0.053328,0.052653,8.045
1.1272,2.1281,0.078067,-0.053347,0.052781,8.0423
1.1273,2.1281,0.07807,-0.053356,0.052897,8.0476
1.1273,2.1281,0.078073,-0.053364,0.053015,8.0453
1.1274,2.1281,0.078075,-0.053373,0.053134,8.0371
1.1274,2.1281,0.078078,-0.05339,0.053256,8.0548
1.1275,2.1281,0.078081,-0.05341,0.053379,8.0563
1.1275,2.1281,0.078084,-0.053438,0.053504,8.0503
1.1276,2.1281,0.078087,-0.053472,0.053632,8.0596
1.1276,2.1281,0.07809,-0.053508,0.053761,8.065
1.1277,2.1281,0.078092,-0.053543,0.053892,8.0493
1.1277,2.1281,0.078095,-0.05358,0.054025,8.0565
1.1278,2.1281,0.078098,-0.053618,0.05416,8.0645
1.1278,2.1281,0.078101,-0.053657,0.054297,8.0517
1.1279,2.1281,0.078104,-0.053698,0.054436,8.0522
1.1279,2.1281,0.078107,-0.053739,0.054577,8.0666
1.128,2.1281,0.07811,-0.053782,0.05472,8.0672
1.1281,2.1281,0.078112,-0.053823,0.054865,8.0602
1.1281,2.1281,0.078115,-0.053869,0.055012,8.0727
1.1282,2.1281,0.078118,-0.053918,0.055161,8.0607
1.1282,2.1281,0.078121,-0.053973,0.055327,8.0581
1.1283,2.1281,0.078124,-0.054032,0.055471,8.0682
1.1283,2.1281,0.078127,-0.054097,0.055599,8.0683
1.1284,2.1281,0.07813,-0.054157,0.055717,8.0534
1.1284,2.1281,0.078133,-0.054214,0.055832,8.0665
1.1285,2.1281,0.078136,-0.054264,0.055949,8.0787
1.1285,2.1281,0.078139,-0.054313,0.056078,8.0834
1.1286,2.1281,0.078142,-0.054351,0.056226,8.0802
1.1286,2.1281,0.078145,-0.054392,0.0564,8.0926
1.1287,2.1281,0.078148,-0.054437,0.056562,8.0903
1.1287,2.1281,0.078151,-0.054501,0.056726,8.0892
1.1288,2.1281,0.078154,-0.054563,0.056893,8.1006
1.1288,2.128,0.078157,-0.054625,0.057062,8.0924
1.1289,2.128,0.07816,-0.054677,0.057248,8.0884
1.1289,2.128,0.078163,-0.054723,0.057412,8.106
1.129,2.128,0.078166,-0.054754,0.05756,8.1073
1.1291,2.128,0.078169,-0.054784,0.057698,8.1023
1.1291,2.128,0.078172,-0.054817,0.057833,8.1042
1.1292,2.128,0.078175,-0.054869,0.057972,8.1073
1.1292,2.128,0.078178,-0.054921,0.058137,8.0998
1.1293,2.128,0.078181,-0.054972,0.058312,8.0927
1.1293,2.128,0.078184,-0.055018,0.058486,8.0979
1.1294,2.128,0.078187,-0.055065,0.058609,8.0801
1.1294,2.128,0.07819,-0.055096,0.058689,8.0738
1.1295,2.128,0.078193,-0.055123,0.058727,8.085
1.1295,2.128,0.078196,-0.055151,0.058733,8.0813
1.1296,2.128,0.078199,-0.055184,0.058722,8.0767
1.1296,2.128,0.078203,-0.055222,0.058718,8.0864
1.1297,2.128,0.078206,-0.055272,0.058708,8.0788
1.1297,2.128,0.078209,-0.055318,0.058692,8.0749
1.1298,2.128,0.078212,-0.055362,0.058669,8.0805
1.1298,2.128,0.078215,-0.055398,0.05864,8.0797
1.1299,2.128,0.078218,-0.055427,0.058604,8.0683
1.1299,2.128,0.078221,-0.055457,0.058562,8.078
1.13,2.128,0.078224,-0.055478,0.058513,8.0913
1.1301,2.128,0.078227,-0.055505,0.058457,8.0891
1.1301,2.128,0.07823,-0.055544,0.058394,8.0939
1.1302,2.128,0.078233,-0.05559,0.058309,8.1014
1.1302,2.128,0.078236,-0.055643,0.058226,8.0903
1.1303,2.128,0.07824,-0.055712,0.058163,8.0919
1.1303,2.128,0.078243,-0.055778,0.058132,8.0926
1.1304,2.128,0.078246,-0.055844,0.058139,8.0894
1.1304,2.128,0.078249,-0.055895,0.058197,8.0799
1.1305,2.128,0.078252,-0.055946,0.058259,8.0926
1.1305,2.128,0.078255,-0.05599,0.058313,8.0871
1.1306,2.128,0.078258,-0.056037,0.058341,8.0793
1.1306,2.128,0.078261,-0.056087,0.058366,8.0894
1.1307,2.1279,0.078264,-0.056145,0.058392,8.0881
1.1307,2.1279,0.078267,-0.056196,0.058429,8.0789
1.1308,2.1279,0.07827,-0.056248,0.058482,8.0733
1.1308,2.1279,0.078273,-0.056293,0.058561,8.0822
1.1309,2.1279,0.078276,-0.056343,0.058626,8.0734
1.1309,2.1279,0.078279,-0.056385,0.058707,8.0696
1.131,2.1279,0.078283,-0.056434,0.058763,8.0774
1.1311,2.1279,0.078286,-0.056483,0.058802,8.0709
1.1311,2.1279,0.078289,-0.05654,0.058828,8.0664
1.1312,2.1279,0.078292,-0.056598,0.05885,8.0725
1.1312,2.1279,0.078295,-0.056659,0.058874,8.0662
1.1313,2.1279,0.078298,-0.056714,0.058907,8.0604
1.1313,2.1279,0.078301,-0.056774,0.058957,8.0639
1.1314,2.1279,0.078304,-0.05683,0.059034,8.061
1.1314,2.1279,0.078307,-0.056885,0.059096,8.0451
1.1315,2.1279,0.07831,-0.056932,0.05916,8.054
1.1315,2.1279,0.078314,-0.056983,0.059224,8.0684
1.1316,2.1279,0.078317,-0.057044,0.059289,8.0622
1.1316,2.1279,0.07832,-0.057109,0.059355,8.0641
1.1317,2.1279,0.078323,-0.057174,0.059421,8.0765
1.1317,2.1279,0.078326,-0.057242,0.059487,8.0669
1.1318,2.1279,0.078329,-0.057307,0.059554,8.058
1.1318,2.1279,0.078332,-0.057363,0.05962,8.0569
1.1319,2.1279,0.078336,-0.057411,0.059688,8.0498
1.1319,2.1279,0.078339,-0.057457,0.059755,8.0423
1.132,2.1279,0.078342,-0.057519,0.059823,8.0457
1.1321,2.1279,0.078345,-0.057593,0.059891,8.0435
1.1321,2.1279,0.078348,-0.057678,0.059959,8.0358
1.1322,2.1279,0.078351,-0.057767,0.060028,8.0442
1.1322,2.1279,0.078354,-0.057855,0.060096,8.049
1.1323,2.1279,0.078358,-0.057936,0.060165,8.0363
1.1323,2.1279,0.078361,-0.058019,0.060233,8.0325
1.1324,2.1279,0.078364,-0.058099,0.060302,8.0319
1.1324,2.1278,0.078367,-0.058187,0.060371,8.0254
1.1325,2.1278,0.07837,-0.058282,0.06044,8.0204
1.1325,2.1278,0.078374,-0.058382,0.060508,8.0315
1.1326,2.1278,0.078377,-0.058479,0.060577,8.0251
1.1326,2.1278,0.07838,-0.058574,0.060646,8.0268
1.1327,2.1278,0.078383,-0.058665,0.060716,8.0364
1.1327,2.1278,0.078386,-0.058758,0.060785,8.0248
1.1328,2.1278,0.078389,-0.058853,0.060854,8.0169
1.1328,2.1278,0.078393,-0.058948,0.060923,8.029
1.1329,2.1278,0.078396,-0.059038,0.060993,8.0238
1.1329,2.1278,0.078399,-0.059132,0.061062,8.0147
1.133,2.1278,0.078402,-0.059228,0.061131,8.019
1.1331,2.1278,0.078406,-0.059328,0.061201,8.0309
1.1331,2.1278,0.078409,-0.059421,0.06127,8.0274
1.1332,2.1278,0.078412,-0.059519,0.06134,8.0308
1.1332,2.1278,0.078415,-0.059631,0.061409,8.04
1.1333,2.1278,0.078418,-0.059743,0.061479,8.0322
1.1333,2.1278,0.078422,-0.059858,0.061549,8.0314
1.1334,2.1278,0.078425,-0.059975,0.061619,8.0382
1.1334,2.1278,0.078428,-0.060094,0.06169,8.0304
1.1335,2.1278,0.078431,-0.060211,0.06176,8.0179
1.1335,2.1278,0.078435,-0.060307,0.06183,8.0292
1.1336,2.1278,0.078438,-0.060395,0.0619,8.0284
1.1336,2.1278,0.078441,-0.060478,0.06197,8.0182
1.1337,2.1278,0.078444,-0.060563,0.06204,8.0296
1.1337,2.1278,0.078448,-0.060658,0.06211,8.0233
1.1338,2.1278,0.078451,-0.06075,0.062179,8.01
1.1338,2.1278,0.078454,-0.060846,0.062249,8.0109
1.1339,2.1278,0.078458,-0.060944,0.062319,8.0098
1.1339,2.1278,0.078461,-0.061038,0.062389,8.0035
1.134,2.1278,0.078464,-0.061122,0.062458,8.008
1.1341,2.1278,0.078467,-0.0612,0.062527,8.0235
1.1341,2.1277,0.078471,-0.061282,0.062596,8.0155
1.1342,2.1277,0.078474,-0.061363,0.062664,8.0251
1.1342,2.1277,0.078477,-0.061435,0.062732,8.035
1.1343,2.1277,0.078481,-0.061498,0.062801,8.0292
1.1343,2.1277,0.078484,-0.061558,0.062868,8.0279
1.1344,2.1277,0.078487,-0.061619,0.062936,8.0369
1.1344,2.1277,0.078491,-0.061685,0.063003,8.041
1.1345,2.1277,0.078494,-0.061765,0.06307,8.0269
1.1345,2.1277,0.078497,-0.06185,0.063136,8.0357
1.1346,2.1277,0.078501,-0.061932,0.063201,8.0407
1.1346,2.1277,0.078504,-0.062014,0.063266,8.0329
1.1347,2.1277,0.078507,-0.062086,0.06333,8.0388
1.1347,2.1277,0.078511,-0.062138,0.063393,8.0467
1.1348,2.1277,0.078514,-0.062183,0.063456,8.041
1.1348,2.1277,0.078517,-0.062236,0.063518,8.0391
1.1349,2.1277,0.078521,-0.062294,0.063579,8.0421
1.1349,2.1277,0.078524,-0.062347,0.063639,8.0349
1.135,2.1277,0.078527,-0.062404,0.063698,8.0245
1.1351,2.1277,0.078531,-0.062479,0.063757,8.0366
1.1351,2.1277,0.078534,-0.062556,0.063814,8.0334
1.1352,2.1277,0.078537,-0.062632,0.063871,8.0306
1.1352,2.1277,0.078541,-0.062715,0.063926,8.0366
1.1353,2.1277,0.078544,-0.062816,0.063981,8.0418
1.1353,2.1277,0.078547,-0.062927,0.064036,8.0268
1.1354,2.1277,0.078551,-0.063036,0.064089,8.0364
1.1354,2.1277,0.078554,-0.063133,0.064142,8.0412
1.1355,2.1277,0.078558,-0.063217,0.064194,8.0306
1.1355,2.1277,0.078561,-0.063274,0.064245,8.0342
1.1356,2.1277,0.078564,-0.063312,0.064295,8.0409
1.1356,2.1277,0.078568,-0.063338,0.064344,8.0348
1.1357,2.1276,0.078571,-0.063375,0.064392,8.0424
1.1357,2.1276,0.078575,-0.063433,0.064439,8.0522
1.1358,2.1276,0.078578,-0.063497,0.064485,8.0572
1.1358,2.1276,0.078581,-0.063563,0.06453,8.0498
1.1359,2.1276,0.078585,-0.063638,0.064574,8.0602
1.1359,2.1276,0.078588,-0.063721,0.064616,8.0552
1.136,2.1276,0.078592,-0.063794,0.064658,8.0465
1.1361,2.1276,0.078595,-0.063866,0.064699,8.0503
1.1361,2.1276,0.078598,-0.063921,0.064738,8.0538
1.1362,2.1276,0.078602,-0.063958,0.064776,8.0439
1.1362,2.1276,0.078605,-0.063982,0.064813,8.0518
1.1363,2.1276,0.078609,-0.063994,0.064849,8.06
1.1363,2.1276,0.078612,-0.06399,0.064883,8.0518
1.1364,2.1276,0.078615,-0.063991,0.064916,8.049
1.1364,2.1276,0.078619,-0.063989,0.064948,8.0587
1.1365,2.1276,0.078622,-0.063996,0.064978,8.0531
1.1365,2.1276,0.078626,-0.064007,0.065006,8.0487
1.1366,2.1276,0.078629,-0.064022,0.065034,8.0519
1.1366,2.1276,0.078632,-0.064051,0.06506,8.0439
1.1367,2.1276,0.078636,-0.064072,0.065085,8.0382
1.1367,2.1276,0.078639,-0.064077,0.065109,8.0442
1.1368,2.1276,0.078643,-0.064078,0.065132,8.0412
1.1368,2.1276,0.078646,-0.064075,0.065153,8.0282
1.1369,2.1276,0.07865,-0.064066,0.065173,8.0301
1.1369,2.1276,0.078653,-0.064064,0.065191,8.0277
1.137,2.1276,0.078657,-0.06407,0.065208,8.0151
1.1371,2.1276,0.07866,-0.064083,0.065223,8.0148
1.1371,2.1276,0.078663,-0.064104,0.065237,8.0211
1.1372,2.1276,0.078667,-0.064128,0.06525,8.0099
1.1372,2.1276,0.07867,-0.064155,0.065261,8.0136
1.1373,2.1275,0.078674,-0.064179,0.065271,8.0295
1.1373,2.1275,0.078677,-0.064195,0.06528,8.0255
1.1374,2.1275,0.078681,-0.064212,0.065288,8.0177
1.1374,2.1275,0.078684,-0.064227,0.065295,8.0217
1.1375,2.1275,0.078687,-0.064241,0.065301,8.0136
1.1375,2.1275,0.078691,-0.064253,0.065305,8.005
1.1376,2.1275,0.078694,-0.06426,0.065309,8.0037
1.1376,2.1275,0.078698,-0.064271,0.065312,8.0024
1.1377,2.1275,0.078701,-0.064284,0.065314,7.9938
1.1377,2.1275,0.078705,-0.064297,0.065315,7.995
1.1378,2.1275,0.078708,-0.064307,0.065316,8.0054
1.1378,2.1275,0.078711,-0.064318,0.065315,7.9968
1.1379,2.1275,0.078715,-0.064328,0.065313,8.0029
1.1379,2.1275,0.078718,-0.064336,0.065311,8.0107
1.138,2.1275,0.078722,-0.064339,0.065307,8.0013
1.1381,2.1275,0.078725,-0.064339,0.065303,7.9954
1.1381,2.1275,0.078729,-0.064341,0.065297,8.0071
1.1382,2.1275,0.078732,-0.064331,0.06529,8.0007
1.1382,2.1275,0.078736,-0.064312,0.065283,7.9971
1.1383,2.1275,0.078739,-0.064285,0.065275,8.012
1.1383,2.1275,0.078742,-0.064262,0.065266,8.0146
1.1384,2.1275,0.078746,-0.064242,0.065258,8.0066
1.1384,2.1275,0.078749,-0.064228,0.065248,8.0146
1.1385,2.1275,0.078753,-0.064215,0.065238,8.0134
1.1385,2.1275,0.078756,-0.064216,0.065228,8.0023
1.1386,2.1275,0.07876,-0.064215,0.065216,8.0031
1.1386,2.1275,0.078763,-0.064204,0.065204,8.0129
1.1387,2.1275,0.078766,-0.064174,0.065191,8.0067
1.1387,2.1275,0.07877,-0.064142,0.065177,8.0098
1.1388,2.1274,0.078773,-0.064101,0.065163,8.0316
1.1388,2.1274,0.078777,-0.064067,0.065148,8.024
1.1389,2.1274,0.07878,-0.064032,0.065132,8.0172
1.1389,2.1274,0.078784,-0.064009,0.065115,8.0306
1.139,2.1274,0.078787,-0.063985,0.065098,8.0244
1.1391,2.1274,0.07879,-0.063953,0.06508,8.0151
1.1391,2.1274,0.078794,-0.063912,0.065061,8.016
1.1392,2.1274,0.078797,-0.063865,0.065042,8.0217
1.1392,2.1274,0.078801,-0.063814,0.065021,8.0172
1.1393,2.1274,0.078804,-0.063764,0.065,8.0217
1.1393,2.1274,0.078808,-0.06371,0.064978,8.0324
1.1394,2.1274,0.078811,-0.063661,0.064955,8.0247
1.1394,2.1274,0.078814,-0.063621,0.064931,8.0281
1.1395,2.1274,0.078818,-0.063585,0.064907,8.046
1.1395,2.1274,0.078821,-0.063561,0.064882,8.0435
1.1396,2.1274,0.078825,-0.063537,0.064855,8.0422
1.1396,2.1274,0.078828,-0.063508,0.064828,8.0565
1.1397,2.1274,0.078831,-0.063477,0.064801,8.0551
1.1397,2.1274,0.078835,-0.063439,0.064772,8.0502
1.1398,2.1274,0.078838,-0.063401,0.064742,8.0616
1.1398,2.1274,0.078842,-0.063368,0.064711,8.0711
1.1399,2.1274,0.078845,-0.063333,0.06468,8.0566
1.1399,2.1274,0.078848,-0.063309,0.064648,8.0616
1.14,2.1274,0.078852,-0.063286,0.064615,8.0616
1.1401,2.1274,0.078855,-0.063253,0.064581,8.0569
1.1401,2.1274,0.078859,-0.063221,0.064547,8.0534
1.1402,2.1274,0.078862,-0.063178,0.064513,8.0555
1.1402,2.1274,0.078865,-0.063129,0.064478,8.0591
1.1403,2.1274,0.078869,-0.063073,0.064444,8.0547
1.1403,2.1274,0.078872,-0.063019,0.06441,8.0638
1.1404,2.1273,0.078876,-0.062979,0.064376,8.0674
1.1404,2.1273,0.078879,-0.062944,0.064343,8.0648
1.1405,2.1273,0.078882,-0.062905,0.064309,8.0755
1.1405,2.1273,0.078886,-0.062869,0.064275,8.0719
1.1406,2.1273,0.078889,-0.062825,0.06424,8.0605
1.1406,2.1273,0.078893,-0.062777,0.064206,8.0573
1.1407,2.1273,0.078896,-0.06272,0.06417,8.0611
1.1407,2.1273,0.078899,-0.062659,0.064135,8.0517
1.1408,2.1273,0.078903,-0.062608,0.064099,8.0584
1.1408,2.1273,0.078906,-0.062559,0.064063,8.0624
1.1409,2.1273,0.078909,-0.062503,0.064027,8.0555
1.1409,2.1273,0.078913,-0.062453,0.063991,8.0566
1.141,2.1273,0.078916,-0.062407,0.063956,8.0681
1.1411,2.1273,0.07892,-0.062365,0.06392,8.0582
1.1411,2.1273,0.078923,-0.062319,0.063885,8.0594
1.1412,2.1273,0.078926,-0.062277,0.063849,8.0715
1.1412,2.1273,0.07893,-0.062253,0.063814,8.0706
1.1413,2.1273,0.078933,-0.062234,0.063778,8.0635
1.1413,2.1273,0.078936,-0.062214,0.063741,8.0837
1.1414,2.1273,0.07894,-0.062198,0.063704,8.0882
1.1414,2.1273,0.078943,-0.062181,0.063667,8.0868
1.1415,2.1273,0.078946,-0.062153,0.063629,8.0904
1.1415,2.1273,0.07895,-0.062106,0.063591,8.0991
1.1416,2.1273,0.078953,-0.062046,0.063552,8.0869
1.1416,2.1273,0.078956,-0.061987,0.063513,8.09
1.1417,2.1273,0.07896,-0.061935,0.063474,8.0916
1.1417,2.1273,0.078963,-0.061889,0.063435,8.0838
1.1418,2.1273,0.078966,-0.061857,0.063395,8.0777
1.1418,2.1273,0.07897,-0.061836,0.063355,8.0813
1.1419,2.1273,0.078973,-0.061826,0.063314,8.0878
1.1419,2.1273,0.078976,-0.061809,0.063273,8.0796
1.142,2.1272,0.07898,-0.061788,0.063231,8.0854
1.1421,2.1272,0.078983,-0.061766,0.063189,8.078
1.1421,2.1272,0.078986,-0.061749,0.063147,8.0658
1.1422,2.1272,0.07899,-0.061724,0.063105,8.0699
1.1422,2.1272,0.078993,-0.061701,0.063063,8.0728
1.1423,2.1272,0.078996,-0.061672,0.063021,8.0625
1.1423,2.1272,0.079,-0.061638,0.062979,8.0744
1.1424,2.1272,0.079003,-0.061597,0.062936,8.0772
1.1424,2.1272,0.079006,-0.061545,0.062894,8.0746
1.1425,2.1272,0.07901,-0.061489,0.062852,8.0728
1.1425,2.1272,0.079013,-0.061431,0.062809,8.0826
1.1426,2.1272,0.079016,-0.061363,0.062767,8.0792
1.1426,2.1272,0.079019,-0.061299,0.062724,8.074
1.1427,2.1272,0.079023,-0.061231,0.062682,8.085
1.1427,2.1272,0.079026,-0.061167,0.06264,8.083
1.1428,2.1272,0.079029,-0.061111,0.062597,8.0753
1.1428,2.1272,0.079033,-0.061058,0.062555,8.089
1.1429,2.1272,0.079036,-0.061012,0.062512,8.0876
1.1429,2.1272,0.079039,-0.06097,0.06247,8.0784
1.143,2.1272,0.079043,-0.060928,0.062428,8.0858
1.1431,2.1272,0.079046,-0.0609,0.062386,8.0894
1.1431,2.1272,0.079049,-0.060868,0.062344,8.071
1.1432,2.1272,0.079052,-0.060818,0.062302,8.0778
1.1432,2.1272,0.079056,-0.06075,0.062259,8.0792
1.1433,2.1272,0.079059,-0.060661,0.062217,8.0621
1.1433,2.1272,0.079062,-0.060563,0.062175,8.0564
1.1434,2.1272,0.079065,-0.06047,0.062133,8.0604
1.1434,2.1272,0.079069,-0.060391,0.062091,8.0546
1.1435,2.1272,0.079072,-0.060333,0.062049,8.053
1.1435,2.1272,0.079075,-0.060282,0.062007,8.0611
1.1436,2.1272,0.079079,-0.06023,0.061966,8.0588
1.1436,2.1271,0.079082,-0.060176,0.061924,8.0465
1.1437,2.1271,0.079085,-0.060107,0.061883,8.046
1.1437,2.1271,0.079088,-0.06004,0.061842,8.0541
1.1438,2.1271,0.079092,-0.05998,0.061801,8.0431
1.1438,2.1271,0.079095,-0.059928,0.06176,8.0518
1.1439,2.1271,0.079098,-0.059874,0.061719,8.0641
1.1439,2.1271,0.079101,-0.059826,0.061678,8.0599
1.144,2.1271,0.079105,-0.059784,0.061637,8.0584
1.1441,2.1271,0.079108,-0.059735,0.061596,8.0725
1.1441,2.1271,0.079111,-0.059682,0.061555,8.0684
1.1442,2.1271,0.079114,-0.05963,0.061514,8.069
1.1442,2.1271,0.079118,-0.059578,0.061474,8.0863
1.1443,2.1271,0.079121,-0.05953,0.061433,8.0773
1.1443,2.1271,0.079124,-0.059483,0.061392,8.0698
1.1444,2.1271,0.079127,-0.059446,0.061352,8.0825
1.1444,2.1271,0.07913,-0.059411,0.061311,8.0813
1.1445,2.1271,0.079134,-0.059382,0.061272,8.0769
1.1445,2.1271,0.079137,-0.05937,0.061232,8.0806
1.1446,2.1271,0.07914,-0.059361,0.061193,8.0798
1.1446,2.1271,0.079143,-0.059346,0.061155,8.0695
1.1447,2.1271,0.079147,-0.059346,0.061117,8.0731
1.1447,2.1271,0.07915,-0.05934,0.061079,8.0697
1.1448,2.1271,0.079153,-0.059323,0.061041,8.0584
1.1448,2.1271,0.079156,-0.059303,0.061004,8.0542
1.1449,2.1271,0.079159,-0.05929,0.060967,8.064
1.1449,2.1271,0.079163,-0.059281,0.06093,8.0588
1.145,2.1271,0.079166,-0.059254,0.060894,8.0554
1.1451,2.1271,0.079169,-0.059214,0.060859,8.0698
1.1451,2.1271,0.079172,-0.059171,0.060823,8.0717
1.1452,2.1271,0.079175,-0.059103,0.060788,8.0673
1.1452,2.1271,0.079179,-0.05901,0.060754,8.0772
1.1453,2.1271,0.079182,-0.058913,0.060719,8.0873
1.1453,2.127,0.079185,-0.058821,0.060684,8.0787
1.1454,2.127,0.079188,-0.05875,0.06065,8.0901
1.1454,2.127,0.079191,-0.058687,0.060615,8.1024
1.1455,2.127,0.079195,-0.05864,0.060581,8.1018
1.1455,2.127,0.079198,-0.058605,0.060546,8.1054
1.1456,2.127,0.079201,-0.058569,0.060512,8.1179
1.1456,2.127,0.079204,-0.058524,0.060477,8.1123
1.1457,2.127,0.079207,-0.058471,0.060443,8.1085
1.1457,2.127,0.07921,-0.058418,0.060408,8.1182
1.1458,2.127,0.079214,-0.058376,0.060373,8.1091
1.1458,2.127,0.079217,-0.058325,0.060338,8.1044
1.1459,2.127,0.07922,-0.058264,0.060302,8.1118
1.1459,2.127,0.079223,-0.058202,0.060267,8.1126
1.146,2.127,0.079226,-0.058129,0.060231,8.0984
1.1461,2.127,0.07923,-0.058063,0.060196,8.0992
1.1461,2.127,0.079233,-0.058003,0.060161,8.102
1.1462,2.127,0.079236,-0.057953,0.060125,8.0885
1.1462,2.127,0.079239,-0.05791,0.06009,8.0885
1.1463,2.127,0.079242,-0.057872,0.060055,8.0815
1.1463,2.127,0.079245,-0.057829,0.06002,8.0711
1.1464,2.127,0.079248,-0.05779,0.059985,8.0661
1.1464,2.127,0.079252,-0.057751,0.05995,8.0796
1.1465,2.127,0.079255,-0.057719,0.059915,8.0727
1.1465,2.127,0.079258,-0.057693,0.05988,8.0677
1.1466,2.127,0.079261,-0.057662,0.059845,8.0816
1.1466,2.127,0.079264,-0.057634,0.059809,8.0841
1.1467,2.127,0.079267,-0.057606,0.059774,8.0862
1.1467,2.127,0.079271,-0.057577,0.059739,8.0883
1.1468,2.127,0.079274,-0.057551,0.059704,8.0879
1.1468,2.127,0.079277,-0.057534,0.05967,8.0861
1.1469,2.127,0.07928,-0.05752,0.059636,8.0925
1.1469,2.127,0.079283,-0.057507,0.059603,8.105
1.147,2.127,0.079286,-0.057488,0.05957,8.0962
1.1471,2.1269,0.079289,-0.057468,0.059539,8.1021
1.1471,2.1269,0.079292,-0.05744,0.059509,8.1154
1.1472,2.1269,0.079296,-0.057413,0.059479,8.1029
1.1472,2.1269,0.079299,-0.057383,0.059451,8.0994
1.1473,2.1269,0.079302,-0.05736,0.059423,8.1076
1.1473,2.1269,0.079305,-0.05733,0.059396,8.102
1.1474,2.1269,0.079308,-0.057298,0.059371,8.089
1.1474,2.1269,0.079311,-0.057266,0.059345,8.0993
1.1475,2.1269,0.079314,-0.057239,0.059321,8.0936
1.1475,2.1269,0.079317,-0.05722,0.059297,8.0876
1.1476,2.1269,0.079321,-0.057205,0.059273,8.0993
1.1476,2.1269,0.079324,-0.057188,0.05925,8.0975
1.1477,2.1269,0.079327,-0.057175,0.059227,8.077
1.1477,2.1269,0.07933,-0.057161,0.059205,8.0808
1.1478,2.1269,0.079333,-0.057145,0.059183,8.081
1.1478,2.1269,0.079336,-0.057128,0.059162,8.071
1.1479,2.1269,0.079339,-0.057112,0.059142,8.062
1.1479,2.1269,0.079342,-0.057103,0.059122,8.0676
1.148,2.1269,0.079346,-0.057091,0.059104,8.0619
1.1481,2.1269,0.079349,-0.057076,0.059087,8.0634
1.1481,2.1269,0.079352,-0.057064,0.05907,8.0744
1.1482,2.1269,0.079355,-0.057056,0.059055,8.07
1.1482,2.1269,0.079358,-0.057049,0.05904,8.0696
1.1483,2.1269,0.079361,-0.05704,0.059025,8.0831
1.1483,2.1269,0.079364,-0.05703,0.059012,8.0844
1.1484,2.1269,0.079367,-0.057021,0.058998,8.0718
1.1484,2.1269,0.07937,-0.057008,0.058986,8.0798
1.1485,2.1269,0.079373,-0.05699,0.058973,8.0899
1.1485,2.1269,0.079377,-0.056971,0.058962,8.0768
1.1486,2.1269,0.07938,-0.056955,0.058951,8.0799
1.1486,2.1269,0.079383,-0.056937,0.058941,8.0864
1.1487,2.1269,0.079386,-0.05692,0.058932,8.071
1.1487,2.1269,0.079389,-0.056911,0.058924,8.0673
1.1488,2.1268,0.079392,-0.056904,0.058916,8.0675
1.1488,2.1268,0.079395,-0.056902,0.058909,8.055
1.1489,2.1268,0.079398,-0.056905,0.058902,8.0474
1.1489,2.1268,0.079401,-0.056913,0.058897,8.0484
1.149,2.1268,0.079404,-0.056932,0.058892,8.0468
1.1491,2.1268,0.079408,-0.056944,0.058888,8.0323
1.1491,2.1268,0.079411,-0.056948,0.058885,8.0378
1.1492,2.1268,0.079414,-0.056945,0.058882,8.036
1.1492,2.1268,0.079417,-0.056927,0.05888,8.0211
1.1493,2.1268,0.07942,-0.056901,0.058879,8.0231
1.1493,2.1268,0.079423,-0.056871,0.058879,8.0227
1.1494,2.1268,0.079426,-0.056835,0.058879,8.0132
1.1494,2.1268,0.079429,-0.056801,0.05888,8.0037
1.1495,2.1268,0.079432,-0.056754,0.058883,8.0188
1.1495,2.1268,0.079435,-0.056711,0.058886,8.0188
1.1496,2.1268,0.079439,-0.056676,0.058891,8.0158
1.1496,2.1268,0.079442,-0.056644,0.058897,8.0298
1.1497,2.1268,0.079445,-0.056619,0.058904,8.0328
1.1497,2.1268,0.079448,-0.056597,0.058913,8.0279
1.1498,2.1268,0.079451,-0.056569,0.058922,8.0364
1.1498,2.1268,0.079454,-0.056533,0.058933,8.0368
1.1499,2.1268,0.079457,-0.056489,0.058945,8.0319
1.1499,2.1268,0.07946,-0.056452,0.058958,8.0417
1.15,2.1268,0.079463,-0.056418,0.058973,8.044
1.1501,2.1268,0.079467,-0.056383,0.058988,8.0477
1.1501,2.1268,0.07947,-0.056358,0.059005,8.0468
1.1502,2.1268,0.079473,-0.056339,0.059022,8.0525
1.1502,2.1268,0.079476,-0.056324,0.05904,8.047
1.1503,2.1268,0.079479,-0.056318,0.059058,8.0443
1.1503,2.1268,0.079482,-0.056314,0.059078,8.0502
1.1504,2.1268,0.079485,-0.056319,0.059098,8.0399
1.1504,2.1268,0.079488,-0.056335,0.059119,8.0296
1.1505,2.1268,0.079491,-0.056355,0.059142,8.0388
1.1505,2.1267,0.079494,-0.056382,0.059165,8.033
1.1506,2.1267,0.079498,-0.056411,0.059189,8.0303
1.1506,2.1267,0.079501,-0.056446,0.059215,8.0447
1.1507,2.1267,0.079504,-0.056493,0.059242,8.0491
1.1507,2.1267,0.079507,-0.056537,0.05927,8.0307
1.1508,2.1267,0.07951,-0.056591,0.059298,8.0352
1.1508,2.1267,0.079513,-0.056647,0.059328,8.0497
1.1509,2.1267,0.079516,-0.056699,0.059359,8.04
1.1509,2.1267,0.079519,-0.056745,0.05939,8.0358
1.151,2.1267,0.079523,-0.056783,0.059422,8.052
1.1511,2.1267,0.079526,-0.056827,0.059455,8.0524
1.1511,2.1267,0.079529,-0.056877,0.059489,8.0525
1.1512,2.1267,0.079532,-0.056934,0.059523,8.0683
1.1512,2.1267,0.079535,-0.057006,0.059559,8.0684
1.1513,2.1267,0.079538,-0.057091,0.059596,8.0693
1.1513,2.1267,0.079541,-0.057182,0.059633,8.08
1.1514,2.1267,0.079545,-0.057288,0.059672,8.0773
1.1514,2.1267,0.079548,-0.057395,0.059712,8.0675
1.1515,2.1267,0.079551,-0.057509,0.059753,8.0649
1.1515,2.1267,0.079554,-0.05762,0.059795,8.0708
1.1516,2.1267,0.079557,-0.05773,0.059838,8.0599
1.1516,2.1267,0.07956,-0.057836,0.059882,8.0622
1.1517,2.1267,0.079563,-0.057932,0.059927,8.0612
1.1517,2.1267,0.079567,-0.058015,0.059972,8.0527
1.1518,2.1267,0.07957,-0.058099,0.060019,8.0494
1.1518,2.1267,0.079573,-0.058174,0.060066,8.0592
1.1519,2.1267,0.079576,-0.05824,0.060114,8.0439
1.1519,2.1267,0.079579,-0.058295,0.060163,8.0279
1.152,2.1267,0.079582,-0.058343,0.060213,8.0305
1.1521,2.1267,0.079586,-0.058375,0.060264,8.0306
1.1521,2.1267,0.079589,-0.058405,0.060316,8.0192
1.1522,2.1267,0.079592,-0.058432,0.060369,8.0346
1.1522,2.1267,0.079595,-0.058458,0.060423,8.0406
1.1523,2.1267,0.079598,-0.058498,0.060478,8.0405
1.1523,2.1266,0.079601,-0.058541,0.060533,8.0455
1.1524,2.1266,0.079605,-0.058599,0.06059,8.0496
1.1524,2.1266,0.079608,-0.058663,0.060647,8.0418
1.1525,2.1266,0.079611,-0.058733,0.060705,8.0394
1.1525,2.1266,0.079614,-0.05882,0.060763,8.0571
1.1526,2.1266,0.079617,-0.058911,0.060823,8.0576
1.1526,2.1266,0.079621,-0.058999,0.060883,8.0565
1.1527,2.1266,0.079624,-0.059097,0.060945,8.0669
1.1527,2.1266,0.079627,-0.059179,0.061007,8.0685
1.1528,2.1266,0.07963,-0.05926,0.06107,8.0611
1.1528,2.1266,0.079633,-0.059325,0.061134,8.0715
1.1529,2.1266,0.079637,-0.059382,0.061198,8.0653
1.1529,2.1266,0.07964,-0.059436,0.061263,8.0546
1.153,2.1266,0.079643,-0.059487,0.061329,8.0563
1.1531,2.1266,0.079646,-0.059536,0.061396,8.0594
1.1531,2.1266,0.07965,-0.059594,0.061464,8.0404
1.1532,2.1266,0.079653,-0.059652,0.061533,8.0495
1.1532,2.1266,0.079656,-0.059727,0.061602,8.0603
1.1533,2.1266,0.079659,-0.059805,0.061673,8.055
1.1533,2.1266,0.079663,-0.059886,0.061744,8.0397
1.1534,2.1266,0.079666,-0.05996,0.061816,8.0464
1.1534,2.1266,0.079669,-0.060038,0.061889,8.0327
1.1535,2.1266,0.079672,-0.060113,0.061962,8.0209
1.1535,2.1266,0.079676,-0.060185,0.062036,8.0246
1.1536,2.1266,0.079679,-0.060261,0.06211,8.0243
1.1536,2.1266,0.079682,-0.06034,0.062185,8.0117
1.1537,2.1266,0.079685,-0.060425,0.062261,8.0292
1.1537,2.1266,0.079689,-0.060507,0.062337,8.036
1.1538,2.1266,0.079692,-0.060582,0.062414,8.0217
1.1538,2.1266,0.079695,-0.060665,0.06249,8.036
1.1539,2.1266,0.079699,-0.060742,0.062568,8.0377
1.1539,2.1265,0.079702,-0.060819,0.062646,8.0325
1.154,2.1265,0.079705,-0.060911,0.062725,8.0347
1.1541,2.1265,0.079709,-0.061007,0.062804,8.0345
1.1541,2.1265,0.079712,-0.061112,0.062884,8.0325
1.1542,2.1265,0.079715,-0.061222,0.062964,8.0323
1.1542,2.1265,0.079718,-0.061329,0.063045,8.0363
1.1543,2.1265,0.079722,-0.061434,0.063126,8.0371
1.1543,2.1265,0.079725,-0.061528,0.063207,8.0308
1.1544,2.1265,0.079728,-0.061621,0.063287,8.0356
1.1544,2.1265,0.079732,-0.061715,0.063367,8.0357
1.1545,2.1265,0.079735,-0.061793,0.063446,8.0217
1.1545,2.1265,0.079738,-0.061866,0.063525,8.0235
1.1546,2.1265,0.079742,-0.061948,0.063603,8.0248
1.1546,2.1265,0.079745,-0.062027,0.063681,8.0078
1.1547,2.1265,0.079749,-0.062113,0.063759,8.0116
1.1547,2.1265,0.079752,-0.062205,0.063835,8.0152
1.1548,2.1265,0.079755,-0.062305,0.063912,8.0114
1.1548,2.1265,0.079759,-0.062404,0.063987,8.0106
1.1549,2.1265,0.079762,-0.062493,0.064062,8.0183
1.1549,2.1265,0.079765,-0.062585,0.064136,8.0108
1.155,2.1265,0.079769,-0.062683,0.064208,8.01
1.1551,2.1265,0.079772,-0.062777,0.064279,8.0128
1.1551,2.1265,0.079775,-0.062874,0.06435,8.015
1.1552,2.1265,0.079779,-0.062976,0.064419,8.0108
1.1552,2.1265,0.079782,-0.063075,0.064487,8.0271
1.1553,2.1265,0.079786,-0.063168,0.064554,8.0353
1.1553,2.1265,0.079789,-0.063244,0.064619,8.0296
1.1554,2.1265,0.079792,-0.063324,0.064684,8.0397
1.1554,2.1265,0.079796,-0.063401,0.064747,8.0445
1.1555,2.1265,0.079799,-0.063474,0.06481,8.0322
1.1555,2.1265,0.079803,-0.06355,0.064871,8.0338
1.1556,2.1264,0.079806,-0.063629,0.064932,8.0414
1.1556,2.1264,0.07981,-0.063702,0.064992,8.0327
1.1557,2.1264,0.079813,-0.063769,0.065051,8.0285
1.1557,2.1264,0.079816,-0.063832,0.06511,8.0386
1.1558,2.1264,0.07982,-0.063907,0.065168,8.0378
1.1558,2.1264,0.079823,-0.063992,0.065224,8.0301
1.1559,2.1264,0.079827,-0.064085,0.06528,8.0389
1.1559,2.1264,0.07983,-0.064181,0.065335,8.0363
1.156,2.1264,0.079834,-0.064274,0.065389,8.0216
1.1561,2.1264,0.079837,-0.064352,0.065442,8.0279
1.1561,2.1264,0.07984,-0.064417,0.065494,8.0289
1.1562,2.1264,0.079844,-0.064478,0.065545,8.0164
1.1562,2.1264,0.079847,-0.064534,0.065596,8.0258
1.1563,2.1264,0.079851,-0.064593,0.065647,8.0406
1.1563,2.1264,0.079854,-0.064652,0.065697,8.0372
1.1564,2.1264,0.079858,-0.064704,0.065747,8.0421
1.1564,2.1264,0.079861,-0.06475,0.065797,8.0586
1.1565,2.1264,0.079865,-0.06479,0.065847,8.0542
1.1565,2.1264,0.079868,-0.064841,0.065896,8.0521
1.1566,2.1264,0.079872,-0.064904,0.065945,8.0577
1.1566,2.1264,0.079875,-0.064981,0.065994,8.0617
1.1567,2.1264,0.079879,-0.065072,0.066042,8.0575
1.1567,2.1264,0.079882,-0.065172,0.06609,8.0744
1.1568,2.1264,0.079886,-0.065263,0.066137,8.085
1.1568,2.1264,0.079889,-0.065345,0.066184,8.0816
1.1569,2.1264,0.079892,-0.065416,0.06623,8.0886
1.1569,2.1264,0.079896,-0.065478,0.066275,8.0942
1.157,2.1264,0.079899,-0.065525,0.066319,8.0843
1.1571,2.1264,0.079903,-0.06557,0.066362,8.0825
1.1571,2.1263,0.079906,-0.065615,0.066403,8.0859
1.1572,2.1263,0.07991,-0.065666,0.066444,8.0794
1.1572,2.1263,0.079913,-0.065712,0.066483,8.0689
1.1573,2.1263,0.079917,-0.065767,0.066521,8.0839
1.1573,2.1263,0.07992,-0.065827,0.066558,8.0808
1.1574,2.1263,0.079924,-0.065891,0.066594,8.0682
1.1574,2.1263,0.079927,-0.065951,0.066629,8.0808
1.1575,2.1263,0.079931,-0.066002,0.066663,8.0799
1.1575,2.1263,0.079934,-0.066047,0.066697,8.0645
1.1576,2.1263,0.079938,-0.066087,0.066731,8.0662
1.1576,2.1263,0.079942,-0.066119,0.066763,8.0652
1.1577,2.1263,0.079945,-0.066151,0.066796,8.0592
1.1577,2.1263,0.079949,-0.066191,0.066828,8.07
1.1578,2.1263,0.079952,-0.066232,0.066859,8.078
1.1578,2.1263,0.079956,-0.066278,0.066889,8.0741
1.1579,2.1263,0.079959,-0.066317,0.066919,8.0794
1.1579,2.1263,0.079963,-0.066348,0.066948,8.0973
1.158,2.1263,0.079966,-0.066369,0.066976,8.0911
1.1581,2.1263,0.07997,-0.066378,0.067004,8.0901
1.1581,2.1263,0.079973,-0.06637,0.06703,8.0994
1.1582,2.1263,0.079977,-0.066367,0.067056,8.1009
1.1582,2.1263,0.07998,-0.066354,0.067081,8.0937
1.1583,2.1263,0.079984,-0.066356,0.067106,8.1017
1.1583,2.1263,0.079987,-0.066362,0.067129,8.1088
1.1584,2.1263,0.079991,-0.066367,0.067152,8.1061
1.1584,2.1263,0.079994,-0.066362,0.067175,8.1084
1.1585,2.1263,0.079998,-0.06635,0.067197,8.1153
1.1585,2.1263,0.080001,-0.066337,0.067218,8.1009
1.1586,2.1263,0.080005,-0.066324,0.067238,8.097
1.1586,2.1262,0.080009,-0.066308,0.067258,8.1023
1.1587,2.1262,0.080012,-0.066302,0.067277,8.0892
1.1587,2.1262,0.080016,-0.066305,0.067296,8.0778
1.1588,2.1262,0.080019,-0.066302,0.067313,8.0851
1.1588,2.1262,0.080023,-0.066287,0.06733,8.0793
1.1589,2.1262,0.080026,-0.066268,0.067347,8.0766
1.1589,2.1262,0.08003,-0.066234,0.067363,8.0786
1.159,2.1262,0.080033,-0.066174,0.067378,8.0779
1.1591,2.1262,0.080037,-0.066112,0.067392,8.069
1.1591,2.1262,0.08004,-0.066059,0.067407,8.0729
1.1592,2.1262,0.080044,-0.066016,0.067421,8.08
1.1592,2.1262,0.080048,-0.06598,0.067434,8.0619
1.1593,2.1262,0.080051,-0.065967,0.067447,8.0744
1.1593,2.1262,0.080055,-0.065968,0.067459,8.0843
1.1594,2.1262,0.080058,-0.065979,0.067471,8.0785
1.1594,2.1262,0.080062,-0.065994,0.067482,8.0803
1.1595,2.1262,0.080065,-0.066009,0.067492,8.0929
1.1595,2.1262,0.080069,-0.066018,0.067501,8.0931
1.1596,2.1262,0.080072,-0.066008,0.06751,8.0894
1.1596,2.1262,0.080076,-0.065979,0.067519,8.1013
1.1597,2.1262,0.08008,-0.065957,0.067526,8.0964
1.1597,2.1262,0.080083,-0.065947,0.067533,8.0954
1.1598,2.1262,0.080087,-0.065954,0.06754,8.1033
1.1598,2.1262,0.08009,-0.065965,0.067546,8.1048
1.1599,2.1262,0.080094,-0.065994,0.067551,8.0934
1.1599,2.1262,0.080097,-0.066031,0.067556,8.0962
1.16,2.1262,0.080101,-0.066061,0.06756,8.1015
1.1601,2.1262,0.080104,-0.066082,0.067564,8.0851
1.1601,2.1262,0.080108,-0.06611,0.067568,8.0857
1.1602,2.1261,0.080112,-0.066151,0.067571,8.0824
1.1602,2.1261,0.080115,-0.066186,0.067574,8.0702
1.1603,2.1261,0.080119,-0.066229,0.067576,8.0623
1.1603,2.1261,0.080122,-0.066289,0.067577,8.0744
1.1604,2.1261,0.080126,-0.066342,0.067579,8.0702
1.1604,2.1261,0.080129,-0.066376,0.067579,8.0677
1.1605,2.1261,0.080133,-0.06639,0.06758,8.0772
1.1605,2.1261,0.080136,-0.066395,0.06758,8.0742
1.1606,2.1261,0.08014,-0.066405,0.067579,8.0613
1.1606,2.1261,0.080144,-0.066416,0.067578,8.0711
1.1607,2.1261,0.080147,-0.066438,0.067576,8.0766
1.1607,2.1261,0.080151,-0.066469,0.067575,8.0714
1.1608,2.1261,0.080154,-0.066495,0.067572,8.0702
1.1608,2.1261,0.080158,-0.066529,0.06757,8.0802
1.1609,2.1261,0.080161,-0.066561,0.067567,8.0797
1.1609,2.1261,0.080165,-0.066599,0.067564,8.0816
1.161,2.1261,0.080168,-0.066635,0.067561,8.0949
1.1611,2.1261,0.080172,-0.066665,0.067558,8.0879
1.1611,2.1261,0.080176,-0.066666,0.067555,8.0826
1.1612,2.1261,0.080179,-0.066647,0.067551,8.0898
1.1612,2.1261,0.080183,-0.066613,0.067546,8.0852
1.1613,2.1261,0.080186,-0.066579,0.067541,8.0773
1.1613,2.1261,0.08019,-0.066538,0.067536,8.0816
1.1614,2.1261,0.080193,-0.066511,0.06753,8.0839
1.1614,2.1261,0.080197,-0.066491,0.067524,8.078
1.1615,2.1261,0.0802,-0.066485,0.067517,8.0835
1.1615,2.1261,0.080204,-0.066474,0.06751,8.0869
1.1616,2.1261,0.080208,-0.06646,0.067503,8.0767
1.1616,2.126,0.080211,-0.066454,0.067495,8.0726
1.1617,2.126,0.080215,-0.066447,0.067488,8.0744
1.1617,2.126,0.080218,-0.066438,0.067481,8.0634
1.1618,2.126,0.080222,-0.066434,0.067474,8.0657
1.1618,2.126,0.080225,-0.066435,0.067467,8.0745
1.1619,2.126,0.080229,-0.066452,0.06746,8.0767
1.1619,2.126,0.080232,-0.066469,0.067453,8.0783
1.162,2.126,0.080236,-0.066501,0.067445,8.0921
1.1621,2.126,0.080239,-0.066533,0.067438,8.0986
1.1621,2.126,0.080243,-0.066562,0.06743,8.0924
1.1622,2.126,0.080247,-0.066599,0.067422,8.1079
1.1622,2.126,0.08025,-0.066628,0.067413,8.1125
1.1623,2.126,0.080254,-0.066657,0.067405,8.1035
1.1623,2.126,0.080257,-0.066676,0.067396,8.1078
1.1624,2.126,0.080261,-0.066678,0.067387,8.1192
1.1624,2.126,0.080264,-0.066682,0.067378,8.1183
1.1625,2.126,0.080268,-0.066664,0.06737,8.1254
1.1625,2.126,0.080271,-0.066641,0.067361,8.1393
1.1626,2.126,0.080275,-0.066625,0.067352,8.1355
1.1626,2.126,0.080279,-0.066599,0.067342,8.1232
1.1627,2.126,0.080282,-0.06658,0.067333,8.1342
1.1627,2.126,0.080286,-0.066559,0.067323,8.1286
1.1628,2.126,0.080289,-0.066539,0.067313,8.1118
1.1628,2.126,0.080293,-0.066518,0.067303,8.1198
1.1629,2.126,0.080296,-0.066498,0.067293,8.1173
1.1629,2.126,0.0803,-0.066477,0.067283,8.1065
1.163,2.126,0.080303,-0.066458,0.067273,8.1087
1.1631,2.126,0.080307,-0.066435,0.067263,8.1159
1.1631,2.126,0.08031,-0.066415,0.067252,8.1041
1.1632,2.1259,0.080314,-0.066388,0.06724,8.0988
1.1632,2.1259,0.080317,-0.066359,0.067229,8.1049
1.1633,2.1259,0.080321,-0.066325,0.067217,8.0948
1.1633,2.1259,0.080325,-0.066294,0.067205,8.0888
1.1634,2.1259,0.080328,-0.066256,0.067192,8.0995
1.1634,2.1259,0.080332,-0.066225,0.06718,8.1021
1.1635,2.1259,0.080335,-0.066198,0.067167,8.1009
1.1635,2.1259,0.080339,-0.066168,0.067154,8.1115
1.1636,2.1259,0.080342,-0.066137,0.067141,8.1151
1.1636,2.1259,0.080346,-0.066101,0.067127,8.1085
1.1637,2.1259,0.080349,-0.066064,0.067113,8.122
1.1637,2.1259,0.080353,-0.06603,0.067099,8.1216
1.1638,2.1259,0.080356,-0.065999,0.067085,8.1085
1.1638,2.1259,0.08036,-0.065966,0.067071,8.1095
1.1639,2.1259,0.080363,-0.065932,0.067057,8.1212
1.1639,2.1259,0.080367,-0.065888,0.067042,8.1142
1.164,2.1259,0.08037,-0.065843,0.067026,8.112
1.1641,2.1259,0.080374,-0.065794,0.06701,8.1221
1.1641,2.1259,0.080378,-0.065749,0.066993,8.1102
1.1642,2.1259,0.080381,-0.065713,0.066974,8.109
1.1642,2.1259,0.080385,-0.065692,0.066955,8.1164
1.1643,2.1259,0.080388,-0.06567,0.066936,8.1027
1.1643,2.1259,0.080392,-0.065646,0.066915,8.087
1.1644,2.1259,0.080395,-0.065618,0.066895,8.0959
1.1644,2.1259,0.080399,-0.06559,0.066874,8.0931
1.1645,2.1259,0.080402,-0.065563,0.066854,8.0817
1.1645,2.1259,0.080406,-0.065537,0.066833,8.0809
1.1646,2.1259,0.080409,-0.065515,0.066811,8.0851
1.1646,2.1259,0.080413,-0.065498,0.066789,8.0762
1.1647,2.1258,0.080416,-0.065481,0.066766,8.0727
1.1647,2.1258,0.08042,-0.065458,0.066742,8.0709
1.1648,2.1258,0.080423,-0.065435,0.066718,8.0627
1.1648,2.1258,0.080427,-0.065411,0.066694,8.0548
1.1649,2.1258,0.08043,-0.065388,0.066669,8.0641
1.1649,2.1258,0.080434,-0.065366,0.066644,8.0557
1.165,2.1258,0.080437,-0.065345,0.066619,8.0588
1.1651,2.1258,0.080441,-0.065326,0.066594,8.0741
1.1651,2.1258,0.080444,-0.065309,0.066568,8.0733
1.1652,2.1258,0.080448,-0.065286,0.066542,8.0695
1.1652,2.1258,0.080451,-0.065266,0.066517,8.0833
1.1653,2.1258,0.080455,-0.06525,0.066492,8.0751
1.1653,2.1258,0.080458,-0.06523,0.066467,8.0682
1.1654,2.1258,0.080462,-0.065211,0.066442,8.0677
1.1654,2.1258,0.080465,-0.065189,0.066417,8.0702
1.1655,2.1258,0.080469,-0.065159,0.066392,8.0653
1.1655,2.1258,0.080472,-0.065127,0.066367,8.0642
1.1656,2.1258,0.080476,-0.065098,0.066342,8.0711
1.1656,2.1258,0.080479,-0.065071,0.066317,8.0633
1.1657,2.1258,0.080483,-0.065048,0.066292,8.0563
1.1657,2.1258,0.080486,-0.065023,0.066267,8.0634
1.1658,2.1258,0.08049,-0.064992,0.066242,8.0589
1.1658,2.1258,0.080493,-0.064953,0.066217,8.0478
1.1659,2.1258,0.080497,-0.064911,0.066192,8.0506
1.1659,2.1258,0.0805,-0.064873,0.066167,8.0497
1.166,2.1258,0.080504,-0.06485,0.066142,8.0414
1.1661,2.1258,0.080507,-0.064828,0.066118,8.0494
1.1661,2.1258,0.080511,-0.064809,0.066093,8.0547
1.1662,2.1258,0.080514,-0.064793,0.066068,8.043
1.1662,2.1257,0.080518,-0.064772,0.066043,8.0497
1.1663,2.1257,0.080521,-0.064755,0.066018,8.0517
1.1663,2.1257,0.080525,-0.064741,0.065992,8.0427
1.1664,2.1257,0.080528,-0.064732,0.065966,8.036
1.1664,2.1257,0.080531,-0.064725,0.06594,8.0495
1.1665,2.1257,0.080535,-0.064703,0.065915,8.0479
1.1665,2.1257,0.080538,-0.064667,0.06589,8.0439
1.1666,2.1257,0.080542,-0.064625,0.065865,8.0625
1.1666,2.1257,0.080545,-0.064579,0.06584,8.0684
1.1667,2.1257,0.080549,-0.064528,0.065815,8.06
1.1667,2.1257,0.080552,-0.064484,0.065791,8.0688
1.1668,2.1257,0.080556,-0.064446,0.065768,8.0722
1.1668,2.1257,0.080559,-0.064409,0.065745,8.0623
1.1669,2.1257,0.080563,-0.064381,0.065722,8.0578
1.1669,2.1257,0.080566,-0.064358,0.0657,8.0613
1.167,2.1257,0.08057,-0.064344,0.06568,8.0469
1.1671,2.1257,0.080573,-0.06433,0.06566,8.0489
1.1671,2.1257,0.080576,-0.064314,0.065641,8.0516
1.1672,2.1257,0.08058,-0.064316,0.065623,8.0493
1.1672,2.1257,0.080583,-0.064313,0.065605,8.0461
1.1673,2.1257,0.080587,-0.064295,0.06559,8.0503
1.1673,2.1257,0.08059,-0.064268,0.065575,8.0427
1.1674,2.1257,0.080594,-0.064237,0.065561,8.0419
1.1674,2.1257,0.080597,-0.06421,0.065548,8.0464
1.1675,2.1257,0.080601,-0.064187,0.065536,8.0449
1.1675,2.1257,0.080604,-0.064174,0.065525,8.0407
1.1676,2.1257,0.080608,-0.064179,0.065514,8.0496
1.1676,2.1257,0.080611,-0.064187,0.065505,8.0534
1.1677,2.1257,0.080614,-0.064178,0.065496,8.0449
1.1677,2.1256,0.080618,-0.064165,0.065488,8.0492
1.1678,2.1256,0.080621,-0.064141,0.06548,8.0602
1.1678,2.1256,0.080625,-0.064125,0.065474,8.0503
1.1679,2.1256,0.080628,-0.064112,0.065468,8.0492
1.1679,2.1256,0.080632,-0.064105,0.065462,8.058
1.168,2.1256,0.080635,-0.06411,0.065458,8.0525
1.1681,2.1256,0.080639,-0.064123,0.065454,8.0553
1.1681,2.1256,0.080642,-0.06412,0.06545,8.0717
1.1682,2.1256,0.080645,-0.064119,0.065447,8.0706
1.1682,2.1256,0.080649,-0.064097,0.065445,8.0671
1.1683,2.1256,0.080652,-0.064069,0.065444,8.0811
1.1683,2.1256,0.080656,-0.06404,0.065443,8.0788
1.1684,2.1256,0.080659,-0.064023,0.065443,8.0634
1.1684,2.1256,0.080663,-0.06402,0.065443,8.0617
1.1685,2.1256,0.080666,-0.064003,0.065444,8.0675
1.1685,2.1256,0.08067,-0.063984,0.065445,8.0531
1.1686,2.1256,0.080673,-0.06396,0.065447,8.0558
1.1686,2.1256,0.080676,-0.063926,0.06545,8.0618
1.1687,2.1256,0.08068,-0.063872,0.065453,8.0593
1.1687,2.1256,0.080683,-0.063822,0.065456,8.0526
1.1688,2.1256,0.080687,-0.063779,0.06546,8.0632
1.1688,2.1256,0.08069,-0.063737,0.065464,8.0512
1.1689,2.1256,0.080694,-0.063699,0.065468,8.0499
1.1689,2.1256,0.080697,-0.063697,0.065473,8.0632
1.169,2.1256,0.080701,-0.063704,0.065479,8.0603
1.1691,2.1256,0.080704,-0.063723,0.065484,8.0486
1.1691,2.1256,0.080707,-0.063743,0.06549,8.061
1.1692,2.1256,0.080711,-0.063769,0.065496,8.0663
1.1692,2.1256,0.080714,-0.063783,0.065503,8.0582
1.1693,2.1256,0.080718,-0.063782,0.06551,8.0699
1.1693,2.1255,0.080721,-0.06377,0.065518,8.081
1.1694,2.1255,0.080725,-0.063756,0.065526,8.075
1.1694,2.1255,0.080728,-0.063733,0.065535,8.0721
1.1695,2.1255,0.080732,-0.063715,0.065544,8.0821
1.1695,2.1255,0.080735,-0.063717,0.065553,8.076
1.1696,2.1255,0.080738,-0.063747,0.065563,8.0721
1.1696,2.1255,0.080742,-0.063782,0.065574,8.0866
1.1697,2.1255,0.080745,-0.063817,0.065585,8.0883
1.1697,2.1255,0.080749,-0.063848,0.065596,8.0796
1.1698,2.1255,0.080752,-0.063885,0.065608,8.0819
1.1698,2.1255,0.080756,-0.063902,0.06562,8.0799
1.1699,2.1255,0.080759,-0.063913,0.065632,8.066
1.1699,2.1255,0.080763,-0.063933,0.065646,8.0627
1.17,2.1255,0.080766,-0.063966,0.065659,8.0615
1.1701,2.1255,0.08077,-0.063994,0.065673,8.0439
1.1701,2.1255,0.080773,-0.064015,0.065688,8.0429
1.1702,2.1255,0.080776,-0.064039,0.065703,8.0439
1.1702,2.1255,0.08078,-0.064057,0.065718,8.0403
1.1703,2.1255,0.080783,-0.064051,0.065734,8.0323
1.1703,2.1255,0.080787,-0.064048,0.06575,8.0387
1.1704,2.1255,0.08079,-0.064059,0.065767,8.0322
1.1704,2.1255,0.080794,-0.06409,0.065784,8.0255
1.1705,2.1255,0.080797,-0.064137,0.065802,8.0368
1.1705,2.1255,0.080801,-0.064189,0.06582,8.0391
1.1706,2.1255,0.080804,-0.064238,0.065838,8.0297
1.1706,2.1255,0.080808,-0.06428,0.065857,8.0409
1.1707,2.1255,0.080811,-0.064313,0.065877,8.0439
1.1707,2.1255,0.080815,-0.064364,0.065897,8.0472
1.1708,2.1255,0.080818,-0.064414,0.065917,8.0488
1.1708,2.1255,0.080821,-0.064474,0.065937,8.0582
1.1709,2.1254,0.080825,-0.064541,0.065958,8.0487
1.1709,2.1254,0.080828,-0.064609,0.065978,8.0449
1.171,2.1254,0.080832,-0.064681,0.066,8.0509
1.1711,2.1254,0.080835,-0.064769,0.066021,8.0467
1.1711,2.1254,0.080839,-0.06486,0.066044,8.036
1.1712,2.1254,0.080842,-0.064955,0.066066,8.05
1.1712,2.1254,0.080846,-0.065041,0.06609,8.0476
1.1713,2.1254,0.080849,-0.065118,0.066113,8.0331
1.1713,2.1254,0.080853,-0.065185,0.066138,8.0414
1.1714,2.1254,0.080856,-0.065241,0.066163,8.0404
1.1714,2.1254,0.08086,-0.065296,0.066188,8.0293
1.1715,2.1254,0.080863,-0.065353,0.066214,8.0294
1.1715,2.1254,0.080867,-0.065406,0.066241,8.0357
1.1716,2.1254,0.08087,-0.065453,0.066267,8.0224
1.1716,2.1254,0.080874,-0.065504,0.066294,8.0188
1.1717,2.1254,0.080877,-0.065547,0.066322,8.0316
1.1717,2.1254,0.080881,-0.065589,0.066349,8.0267
1.1718,2.1254,0.080884,-0.065626,0.066377,8.0253
1.1718,2.1254,0.080888,-0.065655,0.066405,8.0422
1.1719,2.1254,0.080891,-0.065686,0.066434,8.0355
1.1719,2.1254,0.080895,-0.06571,0.066463,8.0315
1.172,2.1254,0.080898,-0.065737,0.066493,8.0373
1.1721,2.1254,0.080902,-0.065765,0.066523,8.042
1.1721,2.1254,0.080905,-0.065789,0.066554,8.0364
1.1722,2.1254,0.080909,-0.065807,0.066585,8.0422
1.1722,2.1254,0.080912,-0.065808,0.066617,8.0493
1.1723,2.1254,0.080916,-0.065802,0.06665,8.0462
1.1723,2.1254,0.080919,-0.065802,0.066683,8.0512
1.1724,2.1254,0.080923,-0.065794,0.066717,8.0562
1.1724,2.1253,0.080926,-0.065794,0.06675,8.0453
1.1725,2.1253,0.08093,-0.065799,0.066784,8.0479
1.1725,2.1253,0.080933,-0.065807,0.066819,8.0504
1.1726,2.1253,0.080937,-0.065811,0.066854,8.0437
1.1726,2.1253,0.08094,-0.06581,0.06689,8.0402
1.1727,2.1253,0.080944,-0.065817,0.066927,8.0453
1.1727,2.1253,0.080947,-0.065831,0.066964,8.0406
1.1728,2.1253,0.080951,-0.065846,0.067001,8.0322
1.1728,2.1253,0.080954,-0.065867,0.067039,8.0503
1.1729,2.1253,0.080958,-0.06589,0.067077,8.0551
1.1729,2.1253,0.080961,-0.065909,0.067116,8.0347
1.173,2.1253,0.080965,-0.065927,0.067155,8.0522
1.1731,2.1253,0.080969,-0.065945,0.067195,8.0513
1.1731,2.1253,0.080972,-0.065965,0.067236,8.0483
1.1732,2.1253,0.080976,-0.065985,0.067276,8.0537
1.1732,2.1253,0.080979,-0.066001,0.067317,8.0606
1.1733,2.1253,0.080983,-0.066016,0.067358,8.0564
1.1733,2.1253,0.080986,-0.066033,0.0674,8.0655
1.1734,2.1253,0.08099,-0.066045,0.067441,8.0861
1.1734,2.1253,0.080993,-0.066065,0.067483,8.0804
1.1735,2.1253,0.080997,-0.066091,0.067525,8.0746
1.1735,2.1253,0.081,-0.066127,0.067567,8.0894
1.1736,2.1253,0.081004,-0.066165,0.067609,8.0897
1.1736,2.1253,0.081008,-0.0662,0.067652,8.0793
1.1737,2.1253,0.081011,-0.066234,0.067693,8.0989
1.1737,2.1253,0.081015,-0.066261,0.067735,8.0968
1.1738,2.1253,0.081018,-0.066292,0.067776,8.0939
1.1738,2.1253,0.081022,-0.066333,0.067816,8.0992
1.1739,2.1253,0.081025,-0.066378,0.067856,8.1096
1.1739,2.1252,0.081029,-0.066426,0.067895,8.1037
1.174,2.1252,0.081033,-0.066475,0.067935,8.1006
1.1741,2.1252,0.081036,-0.06652,0.067974,8.1038
1.1741,2.1252,0.08104,-0.066561,0.068014,8.0882
1.1742,2.1252,0.081043,-0.066594,0.068053,8.0802
1.1742,2.1252,0.081047,-0.066632,0.068092,8.0927
1.1743,2.1252,0.08105,-0.066671,0.068131,8.091
1.1743,2.1252,0.081054,-0.06671,0.068169,8.0818
1.1744,2.1252,0.081058,-0.06675,0.068207,8.0972
1.1744,2.1252,0.081061,-0.06679,0.068244,8.101
1.1745,2.1252,0.081065,-0.066825,0.068281,8.0859
1.1745,2.1252,0.081068,-0.066866,0.068318,8.0958
1.1746,2.1252,0.081072,-0.066918,0.068354,8.1042
1.1746,2.1252,0.081076,-0.066976,0.06839,8.0942
1.1747,2.1252,0.081079,-0.067039,0.068426,8.0984
1.1747,2.1252,0.081083,-0.067097,0.068462,8.1082
1.1748,2.1252,0.081086,-0.067141,0.068497,8.1074
1.1748,2.1252,0.08109,-0.067181,0.068532,8.1134
1.1749,2.1252,0.081094,-0.067215,0.068567,8.1284
1.1749,2.1252,0.081097,-0.067257,0.068601,8.1208
1.175,2.1252,0.081101,-0.067304,0.068635,8.1195
1.1751,2.1252,0.081104,-0.067367,0.068668,8.1267
1.1751,2.1252,0.081108,-0.067441,0.068701,8.1275
1.1752,2.1252,0.081112,-0.067513,0.068734,8.1186
1.1752,2.1252,0.081115,-0.06758,0.068765,8.1245
1.1753,2.1252,0.081119,-0.067641,0.068797,8.1209
1.1753,2.1252,0.081123,-0.067692,0.068827,8.1156
1.1754,2.1252,0.081126,-0.067734,0.068857,8.12
1.1754,2.1251,0.08113,-0.067774,0.068887,8.125
1.1755,2.1251,0.081133,-0.067823,0.068916,8.1063
1.1755,2.1251,0.081137,-0.067871,0.068944,8.1052
1.1756,2.1251,0.081141,-0.067927,0.068972,8.1056
1.1756,2.1251,0.081144,-0.067992,0.069,8.0898
1.1757,2.1251,0.081148,-0.068053,0.069027,8.0782
1.1757,2.1251,0.081152,-0.068116,0.069053,8.0868
1.1758,2.1251,0.081155,-0.068183,0.069079,8.0809
1.1758,2.1251,0.081159,-0.068253,0.069105,8.074
1.1759,2.1251,0.081163,-0.06832,0.06913,8.0819
1.1759,2.1251,0.081166,-0.068374,0.069155,8.0842
1.176,2.1251,0.08117,-0.068431,0.069179,8.0787
1.1761,2.1251,0.081173,-0.068485,0.069203,8.0896
1.1761,2.1251,0.081177,-0.068534,0.069227,8.0912
1.1762,2.1251,0.081181,-0.068583,0.069251,8.0834
1.1762,2.1251,0.081184,-0.068627,0.069274,8.0882
1.1763,2.1251,0.081188,-0.068668,0.069297,8.102
1.1763,2.1251,0.081192,-0.068707,0.06932,8.0897
1.1764,2.1251,0.081195,-0.068747,0.069342,8.1022
1.1764,2.1251,0.081199,-0.068793,0.069364,8.1177
1.1765,2.1251,0.081203,-0.068845,0.069385,8.1155
1.1765,2.1251,0.081206,-0.068897,0.069405,8.1054
1.1766,2.1251,0.08121,-0.068946,0.069425,8.1157
1.1766,2.1251,0.081214,-0.068991,0.069445,8.1073
1.1767,2.1251,0.081217,-0.06903,0.069463,8.0994
1.1767,2.1251,0.081221,-0.069067,0.069482,8.1022
1.1768,2.1251,0.081225,-0.069103,0.069499,8.1047
1.1768,2.1251,0.081228,-0.069129,0.069516,8.0919
1.1769,2.125,0.081232,-0.069154,0.069533,8.0908
1.1769,2.125,0.081236,-0.069171,0.069549,8.1014
1.177,2.125,0.081239,-0.069187,0.069564,8.0856
1.1771,2.125,0.081243,-0.069198,0.069579,8.092
1.1771,2.125,0.081247,-0.069197,0.069593,8.0912
1.1772,2.125,0.08125,-0.069197,0.069606,8.083
1.1772,2.125,0.081254,-0.06921,0.069618,8.0707
1.1773,2.125,0.081258,-0.069225,0.069629,8.0817
1.1773,2.125,0.081261,-0.069252,0.069639,8.0801
1.1774,2.125,0.081265,-0.069273,0.069648,8.0739
1.1774,2.125,0.081269,-0.069286,0.069655,8.0908
1.1775,2.125,0.081272,-0.069282,0.069661,8.1014
1.1775,2.125,0.081276,-0.069261,0.069666,8.0951
1.1776,2.125,0.08128,-0.069235,0.06967,8.1038
1.1776,2.125,0.081283,-0.069216,0.069672,8.1052
1.1777,2.125,0.081287,-0.069201,0.069673,8.1008
1.1777,2.125,0.081291,-0.069193,0.069673,8.1008
1.1778,2.125,0.081294,-0.06917,0.069671,8.113
1.1778,2.125,0.081298,-0.069145,0.069669,8.1057
1.1779,2.125,0.081302,-0.069118,0.069665,8.1143
1.1779,2.125,0.081305,-0.069089,0.069659,8.1216
1.178,2.125,0.081309,-0.069056,0.069652,8.1143
1.1781,2.125,0.081313,-0.069026,0.069644,8.1085
1.1781,2.125,0.081316,-0.068997,0.069635,8.1192
1.1782,2.125,0.08132,-0.068976,0.069624,8.1111
1.1782,2.125,0.081324,-0.068947,0.069612,8.1002
1.1783,2.125,0.081327,-0.06892,0.069598,8.1015
1.1783,2.1249,0.081331,-0.068888,0.069583,8.1005
1.1784,2.1249,0.081334,-0.068843,0.069567,8.0893
1.1784,2.1249,0.081338,-0.068788,0.069549,8.1014
1.1785,2.1249,0.081342,-0.068727,0.06953,8.1105
1.1785,2.1249,0.081345,-0.068672,0.06951,8.0998
1.1786,2.1249,0.081349,-0.068632,0.069488,8.1026
1.1786,2.1249,0.081353,-0.068607,0.069466,8.1111
1.1787,2.1249,0.081356,-0.068599,0.069442,8.1003
1.1787,2.1249,0.08136,-0.068604,0.069418,8.1025
1.1788,2.1249,0.081364,-0.068601,0.069392,8.1112
1.1788,2.1249,0.081367,-0.068586,0.069365,8.1004
1.1789,2.1249,0.081371,-0.068559,0.069337,8.1021
1.1789,2.1249,0.081375,-0.068521,0.069308,8.1135
1.179,2.1249,0.081378,-0.068468,0.069279,8.1203
1.1791,2.1249,0.081382,-0.068415,0.069248,8.1125
1.1791,2.1249,0.081386,-0.068372,0.069216,8.1254
1.1792,2.1249,0.081389,-0.068352,0.069183,8.1314
1.1792,2.1249,0.081393,-0.068337,0.069149,8.1265
1.1793,2.1249,0.081397,-0.068323,0.069113,8.1285
1.1793,2.1249,0.0814,-0.068313,0.069077,8.1383
1.1794,2.1249,0.081404,-0.068281,0.06904,8.1268
1.1794,2.1249,0.081407,-0.068232,0.069002,8.1334
1.1795,2.1249,0.081411,-0.068175,0.068962,8.1443
1.1795,2.1249,0.081415,-0.068116,0.068922,8.1336
1.1796,2.1249,0.081418,-0.068063,0.068882,8.1294
1.1796,2.1249,0.081422,-0.06801,0.06884,8.1445
1.1797,2.1249,0.081426,-0.067962,0.068798,8.1376
1.1797,2.1249,0.081429,-0.067918,0.068756,8.1308
1.1798,2.1248,0.081433,-0.067869,0.068712,8.1303
1.1798,2.1248,0.081436,-0.06782,0.068669,8.1296
1.1799,2.1248,0.08144,-0.067775,0.068624,8.1213
1.1799,2.1248,0.081444,-0.067728,0.068579,8.1231
1.18,2.1248,0.081447,-0.067686,0.068533,8.1282
1.1801,2.1248,0.081451,-0.067639,0.068487,8.12
1.1801,2.1248,0.081454,-0.067593,0.06844,8.1239
1.1802,2.1248,0.081458,-0.067545,0.068394,8.1263
1.1802,2.1248,0.081462,-0.067493,0.068347,8.1199
1.1803,2.1248,0.081465,-0.067426,0.0683,8.1126
1.1803,2.1248,0.081469,-0.067364,0.068253,8.1172
1.1804,2.1248,0.081472,-0.067298,0.068206,8.1197
1.1804,2.1248,0.081476,-0.067238,0.068158,8.1253
1.1805,2.1248,0.08148,-0.067178,0.068111,8.1323
1.1805,2.1248,0.081483,-0.067123,0.068063,8.1331
1.1806,2.1248,0.081487,-0.067077,0.068016,8.1224
1.1806,2.1248,0.08149,-0.067031,0.067969,8.1296
1.1807,2.1248,0.081494,-0.066973,0.067922,8.1354
1.1807,2.1248,0.081497,-0.066917,0.067876,8.131
1.1808,2.1248,0.081501,-0.066855,0.06783,8.1249
1.1808,2.1248,0.081505,-0.066793,0.067785,8.1238
1.1809,2.1248,0.081508,-0.066735,0.067741,8.1143
1.1809,2.1248,0.081512,-0.066678,0.067698,8.1151
1.181,2.1248,0.081515,-0.066624,0.067655,8.1205
1.1811,2.1248,0.081519,-0.06657,0.067614,8.1117
1.1811,2.1248,0.081522,-0.066513,0.067573,8.1069
1.1812,2.1248,0.081526,-0.066457,0.067533,8.1173
1.1812,2.1248,0.08153,-0.066402,0.067494,8.0985
1.1813,2.1247,0.081533,-0.066349,0.067457,8.0859
1.1813,2.1247,0.081537,-0.066302,0.06742,8.0874
1.1814,2.1247,0.08154,-0.066252,0.067384,8.0848
1.1814,2.1247,0.081544,-0.066201,0.06735,8.0763
1.1815,2.1247,0.081547,-0.066151,0.067317,8.0751
1.1815,2.1247,0.081551,-0.066102,0.067285,8.0923
1.1816,2.1247,0.081554,-0.066054,0.067254,8.0823
1.1816,2.1247,0.081558,-0.066007,0.067226,8.0811
1.1817,2.1247,0.081561,-0.065952,0.067198,8.0873
1.1817,2.1247,0.081565,-0.065888,0.067172,8.0765
1.1818,2.1247,0.081568,-0.065817,0.067147,8.0737
1.1818,2.1247,0.081572,-0.065739,0.067124,8.0791
1.1819,2.1247,0.081576,-0.065662,0.067102,8.0727
1.1819,2.1247,0.081579,-0.065582,0.067082,8.0678
1.182,2.1247,0.081583,-0.065507,0.067063,8.0797
1.1821,2.1247,0.081586,-0.065433,0.067045,8.0828
1.1821,2.1247,0.08159,-0.065359,0.067029,8.0757
1.1822,2.1247,0.081593,-0.065291,0.067015,8.0854
1.1822,2.1247,0.081597,-0.065237,0.067002,8.0863
1.1823,2.1247,0.0816,-0.065198,0.06699,8.0767
1.1823,2.1247,0.081604,-0.065174,0.06698,8.0814
1.1824,2.1247,0.081607,-0.065151,0.066971,8.0821
1.1824,2.1247,0.081611,-0.065129,0.066965,8.0707
1.1825,2.1247,0.081614,-0.065106,0.066963,8.066
1.1825,2.1247,0.081618,-0.065079,0.066963,8.0786
1.1826,2.1247,0.081621,-0.065049,0.066964,8.0767
1.1826,2.1247,0.081625,-0.065025,0.066968,8.068
1.1827,2.1247,0.081628,-0.065006,0.066972,8.0754
1.1827,2.1247,0.081632,-0.064995,0.066979,8.0725
1.1828,2.1246,0.081636,-0.064986,0.066987,8.0601
1.1828,2.1246,0.081639,-0.064983,0.067002,8.0656
1.1829,2.1246,0.081643,-0.064987,0.067021,8.062
1.1829,2.1246,0.081646,-0.064991,0.067043,8.0535
1.183,2.1246,0.08165,-0.064998,0.067065,8.0675
1.1831,2.1246,0.081653,-0.065008,0.067091,8.0702
1.1831,2.1246,0.081657,-0.065021,0.067116,8.0621
1.1832,2.1246,0.08166,-0.065036,0.067142,8.0665
1.1832,2.1246,0.081664,-0.065055,0.067168,8.0784
1.1833,2.1246,0.081667,-0.065077,0.067194,8.0682
1.1833,2.1246,0.081671,-0.065106,0.067222,8.0693
1.1834,2.1246,0.081674,-0.065132,0.067249,8.0739
1.1834,2.1246,0.081678,-0.065154,0.067277,8.0751
1.1835,2.1246,0.081681,-0.065172,0.067305,8.0593
1.1835,2.1246,0.081685,-0.065186,0.067334,8.0748
1.1836,2.1246,0.081689,-0.065198,0.067363,8.0813
1.1836,2.1246,0.081692,-0.065213,0.067392,8.0653
1.1837,2.1246,0.081696,-0.065232,0.067422,8.0736
1.1837,2.1246,0.081699,-0.065263,0.067453,8.0804
1.1838,2.1246,0.081703,-0.065295,0.067485,8.0633
1.1838,2.1246,0.081706,-0.065331,0.067517,8.0687
1.1839,2.1246,0.08171,-0.065371,0.06755,8.0655
1.1839,2.1246,0.081713,-0.065415,0.067583,8.0575
1.184,2.1246,0.081717,-0.065461,0.067617,8.0579
1.1841,2.1246,0.081721,-0.065513,0.067652,8.0666
1.1841,2.1246,0.081724,-0.065575,0.067687,8.0614
1.1842,2.1246,0.081728,-0.065644,0.067723,8.0621
1.1842,2.1246,0.081731,-0.065719,0.06776,8.076
1.1843,2.1246,0.081735,-0.065798,0.067798,8.0669
1.1843,2.1245,0.081738,-0.065877,0.067837,8.0702
1.1844,2.1245,0.081742,-0.065957,0.067877,8.0745
1.1844,2.1245,0.081745,-0.066034,0.067917,8.0758
1.1845,2.1245,0.081749,-0.066116,0.067958,8.0612
1.1845,2.1245,0.081753,-0.066202,0.067998,8.0761
1.1846,2.1245,0.081756,-0.066284,0.068039,8.0815
1.1846,2.1245,0.08176,-0.066362,0.06808,8.077
1.1847,2.1245,0.081763,-0.066435,0.068122,8.079
1.1847,2.1245,0.081767,-0.066519,0.068164,8.0887
1.1848,2.1245,0.081771,-0.066616,0.068207,8.0774
1.1848,2.1245,0.081774,-0.066717,0.06825,8.074
1.1849,2.1245,0.081778,-0.066827,0.068293,8.0833
1.1849,2.1245,0.081781,-0.066947,0.068337,8.0691
1.185,2.1245,0.081785,-0.067058,0.068381,8.0655
1.1851,2.1245,0.081789,-0.067164,0.068426,8.0795
1.1851,2.1245,0.081792,-0.067265,0.06847,8.0824
1.1852,2.1245,0.081796,-0.067374,0.068515,8.0759
1.1852,2.1245,0.081799,-0.067498,0.06856,8.0829
1.1853,2.1245,0.081803,-0.067614,0.068604,8.0869
1.1853,2.1245,0.081807,-0.067731,0.068649,8.0718
1.1854,2.1245,0.08181,-0.067855,0.068693,8.0839
1.1854,2.1245,0.081814,-0.067971,0.068736,8.0855
1.1855,2.1245,0.081817,-0.068093,0.068779,8.0716
1.1855,2.1245,0.081821,-0.06821,0.068822,8.0696
1.1856,2.1245,0.081825,-0.06832,0.068865,8.0818
1.1856,2.1245,0.081828,-0.068431,0.068907,8.0755
1.1857,2.1245,0.081832,-0.068529,0.068949,8.0793
1.1857,2.1245,0.081836,-0.068618,0.068991,8.0917
1.1858,2.1245,0.081839,-0.068704,0.069032,8.0896
1.1858,2.1244,0.081843,-0.068788,0.069072,8.089
1.1859,2.1244,0.081846,-0.068876,0.069113,8.0977
1.1859,2.1244,0.08185,-0.068961,0.069153,8.0972
1.186,2.1244,0.081854,-0.069043,0.069192,8.0882
1.1861,2.1244,0.081857,-0.069122,0.06923,8.0999
1.1861,2.1244,0.081861,-0.0692,0.069269,8.1011
1.1862,2.1244,0.081865,-0.069276,0.069306,8.0958
1.1862,2.1244,0.081868,-0.069349,0.069341,8.1016
1.1863,2.1244,0.081872,-0.06942,0.069378,8.1076
1.1863,2.1244,0.081876,-0.069489,0.069416,8.0992
1.1864,2.1244,0.081879,-0.069556,0.069454,8.1
1.1864,2.1244,0.081883,-0.06962,0.069492,8.1063
1.1865,2.1244,0.081887,-0.069683,0.069528,8.0959
1.1865,2.1244,0.08189,-0.069743,0.069563,8.0829
1.1866,2.1244,0.081894,-0.0698,0.069594,8.0933
1.1866,2.1244,0.081898,-0.069856,0.069623,8.0867
1.1867,2.1244,0.081901,-0.069907,0.069652,8.0763
1.1867,2.1244,0.081905,-0.069957,0.069681,8.0735
1.1868,2.1244,0.081909,-0.070011,0.069708,8.0757
1.1868,2.1244,0.081912,-0.070067,0.069734,8.0568
1.1869,2.1244,0.081916,-0.070124,0.069758,8.0591
1.1869,2.1244,0.08192,-0.070176,0.06978,8.0603
1.187,2.1244,0.081923,-0.070228,0.069801,8.0403
1.1871,2.1244,0.081927,-0.070277,0.069824,8.0442
1.1871,2.1244,0.081931,-0.07032,0.069848,8.0517
1.1872,2.1244,0.081934,-0.07036,0.069875,8.0484
1.1872,2.1244,0.081938,-0.070399,0.069905,8.0494
1.1873,2.1243,0.081942,-0.07043,0.069934,8.0649
1.1873,2.1243,0.081945,-0.070463,0.06996,8.0585
1.1874,2.1243,0.081949,-0.070499,0.069978,8.0567
1.1874,2.1243,0.081953,-0.070537,0.06999,8.0617
1.1875,2.1243,0.081956,-0.07057,0.069998,8.0615
1.1875,2.1243,0.08196,-0.070594,0.07,8.0521
1.1876,2.1243,0.081964,-0.070605,0.070001,8.0612
1.1876,2.1243,0.081967,-0.070603,0.07,8.0603
1.1877,2.1243,0.081971,-0.070585,0.069998,8.0585
1.1877,2.1243,0.081975,-0.070572,0.069999,8.0573
1.1878,2.1243,0.081979,-0.070562,0.07,8.0673
1.1878,2.1243,0.081982,-0.070554,0.070002,8.0527
1.1879,2.1243,0.081986,-0.070545,0.070004,8.0517
1.1879,2.1243,0.08199,-0.070548,0.070007,8.0519
1.188,2.1243,0.081993,-0.070561,0.070011,8.0513
1.1881,2.1243,0.081997,-0.070581,0.070011,8.0442
1.1881,2.1243,0.082001,-0.070592,0.070007,8.0445
1.1882,2.1243,0.082004,-0.070609,0.070001,8.0473
1.1882,2.1243,0.082008,-0.070618,0.06999,8.0396
1.1883,2.1243,0.082012,-0.070625,0.069978,8.0466
1.1883,2.1243,0.082015,-0.070634,0.069965,8.0526
1.1884,2.1243,0.082019,-0.070664,0.069955,8.0465
1.1884,2.1243,0.082023,-0.070705,0.069945,8.0553
1.1885,2.1243,0.082026,-0.07075,0.069931,8.0556
1.1885,2.1243,0.08203,-0.070775,0.06991,8.0501
1.1886,2.1243,0.082034,-0.070786,0.069886,8.0487
1.1886,2.1243,0.082037,-0.070778,0.06986,8.06
1.1887,2.1242,0.082041,-0.070764,0.069833,8.056
1.1887,2.1242,0.082045,-0.070767,0.069807,8.0625
1.1888,2.1242,0.082048,-0.070782,0.069784,8.0823
1.1888,2.1242,0.082052,-0.070795,0.069759,8.0764
1.1889,2.1242,0.082056,-0.070809,0.06973,8.0677
1.1889,2.1242,0.082059,-0.070814,0.069699,8.0823
1.189,2.1242,0.082063,-0.070797,0.069668,8.0871
1.1891,2.1242,0.082067,-0.070759,0.069632,8.0746
1.1891,2.1242,0.08207,-0.070696,0.069592,8.0797
1.1892,2.1242,0.082074,-0.070629,0.069549,8.0808
1.1892,2.1242,0.082078,-0.07056,0.069504,8.0758
1.1893,2.1242,0.082081,-0.070493,0.069458,8.0882
1.1893,2.1242,0.082085,-0.070459,0.069412,8.0951
1.1894,2.1242,0.082089,-0.070449,0.069366,8.075
1.1894,2.1242,0.082092,-0.070445,0.069321,8.0785
1.1895,2.1242,0.082096,-0.070436,0.069274,8.0882
1.1895,2.1242,0.0821,-0.070407,0.069225,8.0754
1.1896,2.1242,0.082103,-0.070365,0.069175,8.0695
1.1896,2.1242,0.082107,-0.070312,0.069123,8.081
1.1897,2.1242,0.082111,-0.070248,0.069071,8.0854
1.1897,2.1242,0.082114,-0.070195,0.069017,8.0821
1.1898,2.1242,0.082118,-0.070141,0.068962,8.0872
1.1898,2.1242,0.082122,-0.070083,0.068905,8.0942
1.1899,2.1242,0.082125,-0.070022,0.068848,8.0861
1.1899,2.1242,0.082129,-0.069954,0.06879,8.0919
1.19,2.1242,0.082132,-0.069894,0.068732,8.0952
1.1901,2.1242,0.082136,-0.069836,0.068673,8.0867
1.1901,2.1241,0.08214,-0.069785,0.068613,8.0937
1.1902,2.1241,0.082143,-0.069742,0.068553,8.1005
1.1902,2.1241,0.082147,-0.069718,0.068493,8.0964
1.1903,2.1241,0.08215,-0.069696,0.068433,8.1063
1.1903,2.1241,0.082154,-0.06968,0.068373,8.1184
1.1904,2.1241,0.082158,-0.06966,0.068314,8.1278
1.1904,2.1241,0.082161,-0.069641,0.068254,8.1217
1.1905,2.1241,0.082165,-0.069617,0.068194,8.1304
1.1905,2.1241,0.082168,-0.069586,0.068134,8.1283
1.1906,2.1241,0.082172,-0.069548,0.068075,8.114
1.1906,2.1241,0.082176,-0.069511,0.068015,8.1164
1.1907,2.1241,0.082179,-0.06947,0.067956,8.123
1.1907,2.1241,0.082183,-0.069428,0.067897,8.1167
1.1908,2.1241,0.082186,-0.069389,0.067838,8.1177
1.1908,2.1241,0.08219,-0.069349,0.06778,8.1251
1.1909,2.1241,0.082193,-0.069305,0.067722,8.1181
1.1909,2.1241,0.082197,-0.069262,0.067665,8.1177
1.191,2.1241,0.082201,-0.06922,0.067608,8.123
1.1911,2.1241,0.082204,-0.069181,0.067552,8.1131
1.1911,2.1241,0.082208,-0.069147,0.067496,8.1118
1.1912,2.1241,0.082211,-0.069108,0.067441,8.1197
1.1912,2.1241,0.082215,-0.069071,0.067386,8.1148
1.1913,2.1241,0.082218,-0.069034,0.067333,8.1125
1.1913,2.1241,0.082222,-0.06899,0.06728,8.1244
1.1914,2.1241,0.082225,-0.06894,0.067228,8.1363
1.1914,2.1241,0.082229,-0.068884,0.067177,8.1268
1.1915,2.1241,0.082232,-0.068823,0.067127,8.1289
1.1915,2.124,0.082236,-0.068755,0.067078,8.1334
1.1916,2.124,0.082239,-0.068678,0.067029,8.129
1.1916,2.124,0.082243,-0.068605,0.066982,8.131
1.1917,2.124,0.082247,-0.068548,0.066935,8.1401
1.1917,2.124,0.08225,-0.068501,0.06689,8.1364
1.1918,2.124,0.082254,-0.068463,0.066845,8.1366
1.1918,2.124,0.082257,-0.068429,0.066802,8.1488
1.1919,2.124,0.082261,-0.068398,0.066759,8.1515
1.1919,2.124,0.082264,-0.068363,0.066719,8.1481
1.192,2.124,0.082268,-0.068324,0.066679,8.1528
1.1921,2.124,0.082271,-0.068284,0.066641,8.1484
1.1921,2.124,0.082275,-0.06825,0.066603,8.1426
1.1922,2.124,0.082278,-0.068209,0.066568,8.1402
1.1922,2.124,0.082282,-0.068166,0.066533,8.1359
1.1923,2.124,0.082285,-0.068117,0.0665,8.1247
1.1923,2.124,0.082289,-0.068073,0.066469,8.1288
1.1924,2.124,0.082292,-0.068035,0.066436,8.1293
1.1924,2.124,0.082296,-0.067998,0.066405,8.1174
1.1925,2.124,0.082299,-0.067972,0.066375,8.1137
1.1925,2.124,0.082303,-0.067952,0.066349,8.1204
1.1926,2.124,0.082306,-0.06793,0.06632,8.1032
1.1926,2.124,0.08231,-0.067911,0.066294,8.1015
1.1927,2.124,0.082313,-0.067886,0.06627,8.1097
1.1927,2.124,0.082317,-0.067857,0.066248,8.1077
1.1928,2.124,0.08232,-0.067825,0.06622,8.1046
1.1928,2.124,0.082324,-0.067784,0.06619,8.1142
1.1929,2.124,0.082327,-0.067746,0.066157,8.128
1.1929,2.124,0.08233,-0.067704,0.066121,8.1113
1.193,2.1239,0.082334,-0.067666,0.066077,8.1242
1.1931,2.1239,0.082337,-0.067628,0.066037,8.1246
1.1931,2.1239,0.082341,-0.067589,0.065999,8.1183
1.1932,2.1239,0.082344,-0.067554,0.065964,8.1222
1.1932,2.1239,0.082348,-0.067523,0.065932,8.1287
1.1933,2.1239,0.082351,-0.067492,0.065903,8.1166
1.1933,2.1239,0.082355,-0.067464,0.065878,8.1102
1.1934,2.1239,0.082358,-0.06744,0.065855,8.1269
1.1934,2.1239,0.082362,-0.06742,0.065832,8.1301
1.1935,2.1239,0.082365,-0.0674,0.065812,8.1221
1.1935,2.1239,0.082369,-0.067392,0.06579,8.1294
1.1936,2.1239,0.082372,-0.067399,0.065768,8.123
1.1936,2.1239,0.082376,-0.067412,0.065746,8.1153
1.1937,2.1239,0.082379,-0.067425,0.065723,8.1204
1.1937,2.1239,0.082382,-0.067435,0.065701,8.1184
1.1938,2.1239,0.082386,-0.067446,0.065679,8.1023
1.1938,2.1239,0.082389,-0.067462,0.065657,8.1103
1.1939,2.1239,0.082393,-0.067484,0.065635,8.1181
1.1939,2.1239,0.082396,-0.067529,0.065613,8.1017
1.194,2.1239,0.0824,-0.067585,0.065577,8.1001
1.1941,2.1239,0.082403,-0.067649,0.065565,8.1117
1.1941,2.1239,0.082407,-0.067708,0.065568,8.1066
1.1942,2.1239,0.08241,-0.067749,0.06558,8.1007
1.1942,2.1239,0.082414,-0.067778,0.065592,8.1097
1.1943,2.1239,0.082417,-0.067796,0.065598,8.1087
1.1943,2.1239,0.08242,-0.067807,0.065592,8.1059
1.1944,2.1239,0.082424,-0.067817,0.065568,8.1259
1.1944,2.1239,0.082427,-0.067829,0.065519,8.1341
1.1945,2.1238,0.082431,-0.067841,0.065484,8.125
1.1945,2.1238,0.082434,-0.067863,0.06545,8.1381
1.1946,2.1238,0.082438,-0.067887,0.065416,8.1335
1.1946,2.1238,0.082441,-0.067924,0.065381,8.1263
1.1947,2.1238,0.082445,-0.06797,0.065345,8.1261
1.1947,2.1238,0.082448,-0.068013,0.065309,8.1334
1.1948,2.1238,0.082451,-0.068063,0.065273,8.1205
1.1948,2.1238,0.082455,-0.068111,0.065236,8.1212
1.1949,2.1238,0.082458,-0.068155,0.065198,8.131
1.1949,2.1238,0.082462,-0.068189,0.06516,8.1313
1.195,2.1238,0.082465,-0.068205,0.065121,8.1232
1.1951,2.1238,0.082469,-0.068223,0.065082,8.131
1.1951,2.1238,0.082472,-0.068229,0.065043,8.126
1.1952,2.1238,0.082475,-0.068206,0.065003,8.1175
1.1952,2.1238,0.082479,-0.06819,0.064962,8.1278
1.1953,2.1238,0.082482,-0.06818,0.064922,8.127
1.1953,2.1238,0.082486,-0.068182,0.064881,8.1205
1.1954,2.1238,0.082489,-0.068184,0.06484,8.1301
1.1954,2.1238,0.082493,-0.068193,0.064799,8.1345
1.1955,2.1238,0.082496,-0.068211,0.064744,8.1309
1.1955,2.1238,0.082499,-0.068225,0.064712,8.1327
1.1956,2.1238,0.082503,-0.068223,0.064698,8.1444
1.1956,2.1238,0.082506,-0.068223,0.064691,8.1361
1.1957,2.1238,0.08251,-0.068221,0.064686,8.1372
1.1957,2.1238,0.082513,-0.068216,0.064675,8.1475
1.1958,2.1238,0.082516,-0.06821,0.064652,8.1457
1.1958,2.1238,0.08252,-0.068201,0.06461,8.1443
1.1959,2.1238,0.082523,-0.06819,0.064544,8.1614
1.1959,2.1237,0.082527,-0.068176,0.064493,8.1687
1.196,2.1237,0.08253,-0.068161,0.064442,8.1609
1.1961,2.1237,0.082533,-0.068148,0.06439,8.1677
1.1961,2.1237,0.082537,-0.068125,0.064339,8.1665
1.1962,2.1237,0.08254,-0.068094,0.064289,8.1589
1.1962,2.1237,0.082543,-0.068058,0.064223,8.1617
1.1963,2.1237,0.082547,-0.068019,0.064179,8.1656
1.1963,2.1237,0.08255,-0.06798,0.06415,8.1601
1.1964,2.1237,0.082554,-0.067944,0.064116,8.1553
1.1964,2.1237,0.082557,-0.067912,0.064093,8.1575
1.1965,2.1237,0.08256,-0.067885,0.064092,8.1486
1.1965,2.1237,0.082564,-0.067852,0.064115,8.1421
1.1966,2.1237,0.082567,-0.067817,0.06416,8.1481
1.1966,2.1237,0.08257,-0.06778,0.06421,8.1453
1.1967,2.1237,0.082574,-0.067742,0.064294,8.1448
1.1967,2.1237,0.082577,-0.067706,0.064393,8.1505
1.1968,2.1237,0.082581,-0.06766,0.064445,8.1491
1.1968,2.1237,0.082584,-0.067606,0.064473,8.1338
1.1969,2.1237,0.082587,-0.067548,0.064485,8.1525
1.1969,2.1237,0.082591,-0.067488,0.064487,8.1579
1.197,2.1237,0.082594,-0.067428,0.064484,8.1534
1.1971,2.1237,0.082598,-0.06737,0.064481,8.1517
1.1971,2.1237,0.082601,-0.067317,0.064485,8.1631
1.1972,2.1237,0.082604,-0.06727,0.064513,8.1546
1.1972,2.1237,0.082608,-0.067217,0.064491,8.1461
1.1973,2.1237,0.082611,-0.067162,0.064446,8.1537
1.1973,2.1237,0.082615,-0.067102,0.06439,8.1614
1.1974,2.1237,0.082618,-0.067043,0.064329,8.158
1.1974,2.1236,0.082621,-0.066987,0.064269,8.1605
1.1975,2.1236,0.082625,-0.066937,0.064218,8.1599
1.1975,2.1236,0.082628,-0.066893,0.064179,8.152
1.1976,2.1236,0.082631,-0.066855,0.064158,8.1644
1.1976,2.1236,0.082635,-0.066825,0.064114,8.1588
1.1977,2.1236,0.082638,-0.066793,0.06406,8.1428
1.1977,2.1236,0.082642,-0.066757,0.063997,8.1459
1.1978,2.1236,0.082645,-0.066719,0.063925,8.1486
1.1978,2.1236,0.082648,-0.066674,0.063843,8.1275
1.1979,2.1236,0.082652,-0.066623,0.063752,8.1183
1.1979,2.1236,0.082655,-0.066566,0.063652,8.1245
1.198,2.1236,0.082658,-0.066501,0.063545,8.1238
1.1981,2.1236,0.082662,-0.06644,0.063434,8.1159
1.1981,2.1236,0.082665,-0.066376,0.063317,8.1171
1.1982,2.1236,0.082668,-0.066316,0.063197,8.1132
1.1982,2.1236,0.082672,-0.066255,0.06307,8.1025
1.1983,2.1236,0.082675,-0.066194,0.062935,8.1076
1.1983,2.1236,0.082678,-0.06613,0.06279,8.1028
1.1984,2.1236,0.082682,-0.06606,0.062636,8.089
1.1984,2.1236,0.082685,-0.065986,0.062479,8.0956
1.1985,2.1236,0.082688,-0.06592,0.06232,8.1047
1.1985,2.1236,0.082691,-0.065862,0.062157,8.0951
1.1986,2.1236,0.082695,-0.065801,0.061989,8.1023
1.1986,2.1236,0.082698,-0.065727,0.061814,8.115
1.1987,2.1236,0.082701,-0.065632,0.061632,8.1019
1.1987,2.1236,0.082704,-0.065526,0.06144,8.1093
1.1988,2.1236,0.082708,-0.065413,0.06124,8.1136
1.1988,2.1236,0.082711,-0.065307,0.06104,8.1109
1.1989,2.1236,0.082714,-0.065218,0.060836,8.0951
1.1989,2.1235,0.082717,-0.06515,0.060626,8.1078
1.199,2.1235,0.08272,-0.065092,0.060416,8.1009
1.1991,2.1235,0.082724,-0.06504,0.060205,8.0954
1.1991,2.1235,0.082727,-0.064991,0.059995,8.1017
1.1992,2.1235,0.08273,-0.064936,0.059783,8.1009
1.1992,2.1235,0.082733,-0.064877,0.059569,8.0852
1.1993,2.1235,0.082736,-0.064805,0.059351,8.0889
1.1993,2.1235,0.082739,-0.064727,0.059128,8.0909
1.1994,2.1235,0.082742,-0.064649,0.058893,8.0744
1.1994,2.1235,0.082745,-0.064574,0.058653,8.0703
1.1995,2.1235,0.082749,-0.06451,0.058409,8.0919
1.1995,2.1235,0.082752,-0.064456,0.05816,8.0797
1.1996,2.1235,0.082755,-0.0644,0.057909,8.0784
1.1996,2.1235,0.082758,-0.064343,0.057655,8.0906
1.1997,2.1235,0.082761,-0.064281,0.057396,8.0877
1.1997,2.1235,0.082764,-0.064222,0.057136,8.0849
1.1998,2.1235,0.082767,-0.064168,0.056872,8.0874
1.1998,2.1235,0.08277,-0.064117,0.056607,8.0895
1.1999,2.1235,0.082773,-0.06407,0.056344,8.0795
1.1999,2.1235,0.082776,-0.064026,0.056078,8.0928
1.2,2.1235,0.082779,-0.063978,0.055812,8.095
1.2001,2.1235,0.082781,-0.063925,0.055543,8.0951
1.2001,2.1235,0.082784,-0.063874,0.055271,8.1013
1.2002,2.1235,0.082787,-0.063819,0.054993,8.1105
1.2002,2.1235,0.08279,-0.063763,0.054709,8.1029
1.2003,2.1235,0.082793,-0.06371,0.054419,8.105
1.2003,2.1235,0.082796,-0.063657,0.054123,8.1118
1.2004,2.1235,0.082799,-0.063602,0.053823,8.101
1.2004,2.1235,0.082802,-0.063542,0.053522,8.0974
1.2005,2.1234,0.082804,-0.063479,0.053221,8.1122
1.2005,2.1234,0.082807,-0.063418,0.052918,8.1063
1.2006,2.1234,0.08281,-0.063357,0.052617,8.0906
1.2006,2.1234,0.082813,-0.063298,0.052318,8.1079
1.2007,2.1234,0.082815,-0.063248,0.052017,8.1042
1.2007,2.1234,0.082818,-0.063195,0.051717,8.0937
1.2008,2.1234,0.082821,-0.063138,0.05142,8.0955
1.2008,2.1234,0.082823,-0.063083,0.051125,8.0992
1.2009,2.1234,0.082826,-0.063026,0.050831,8.0876
1.2009,2.1234,0.082829,-0.062966,0.050539,8.0838
1.201,2.1234,0.082831,-0.0629,0.05025,8.0983
1.2011,2.1234,0.082834,-0.062828,0.049962,8.0937
1.2011,2.1234,0.082837,-0.062756,0.049674,8.094
1.2012,2.1234,0.082839,-0.062679,0.049384,8.1061
1.2012,2.1234,0.082842,-0.0626,0.04909,8.1044
1.2013,2.1234,0.082844,-0.062523,0.048794,8.0962
1.2013,2.1234,0.082847,-0.06245,0.048491,8.1147
1.2014,2.1234,0.08285,-0.062383,0.048188,8.1108
1.2014,2.1234,0.082852,-0.062319,0.047885,8.1002
1.2015,2.1234,0.082855,-0.06225,0.047582,8.111
1.2015,2.1234,0.082857,-0.062187,0.047283,8.1189
1.2016,2.1234,0.08286,-0.062125,0.046987,8.1141
1.2016,2.1234,0.082862,-0.062052,0.046697,8.1204
1.2017,2.1234,0.082864,-0.061976,0.046408,8.1266
1.2017,2.1234,0.082867,-0.061901,0.046119,8.1186
1.2018,2.1234,0.082869,-0.061833,0.045837,8.1196
1.2018,2.1234,0.082872,-0.06177,0.045553,8.124
1.2019,2.1234,0.082874,-0.061711,0.045268,8.1109
1.2019,2.1234,0.082876,-0.06166,0.044984,8.0988
1.202,2.1234,0.082879,-0.061616,0.044703,8.1069
1.2021,2.1234,0.082881,-0.061579,0.044426,8.1023
1.2021,2.1233,0.082883,-0.061545,0.044151,8.0918
1.2022,2.1233,0.082886,-0.061507,0.043879,8.0979
1.2022,2.1233,0.082888,-0.061464,0.043611,8.1
1.2023,2.1233,0.08289,-0.061419,0.043343,8.0903
1.2023,2.1233,0.082893,-0.061365,0.043079,8.0922
1.2024,2.1233,0.082895,-0.061307,0.042815,8.0926
1.2024,2.1233,0.082897,-0.061244,0.042551,8.083
1.2025,2.1233,0.082899,-0.061187,0.042288,8.0888
1.2025,2.1233,0.082902,-0.061126,0.042029,8.101
1.2026,2.1233,0.082904,-0.061062,0.041771,8.0994
1.2026,2.1233,0.082906,-0.061,0.041513,8.1024
1.2027,2.1233,0.082908,-0.060946,0.041256,8.1143
1.2027,2.1233,0.08291,-0.060897,0.041003,8.1162
1.2028,2.1233,0.082912,-0.060858,0.040751,8.114
1.2028,2.1233,0.082915,-0.060818,0.040504,8.1217
1.2029,2.1233,0.082917,-0.060784,0.040262,8.121
1.2029,2.1233,0.082919,-0.060749,0.040029,8.1097
1.203,2.1233,0.082921,-0.060716,0.039798,8.1219
1.2031,2.1233,0.082923,-0.060687,0.039569,8.1284
1.2031,2.1233,0.082925,-0.060656,0.039342,8.1249
1.2032,2.1233,0.082927,-0.060623,0.039114,8.133
1.2032,2.1233,0.082929,-0.06059,0.038886,8.1409
1.2033,2.1233,0.082931,-0.060558,0.038659,8.1296
1.2033,2.1233,0.082933,-0.060528,0.038432,8.1253
1.2034,2.1233,0.082935,-0.060501,0.038208,8.1233
1.2034,2.1233,0.082937,-0.060484,0.037985,8.1095
1.2035,2.1233,0.082939,-0.060464,0.037767,8.0912
1.2035,2.1233,0.082941,-0.060438,0.037553,8.0972
1.2036,2.1233,0.082943,-0.06041,0.037342,8.0866
1.2036,2.1233,0.082945,-0.060382,0.037135,8.079
1.2037,2.1233,0.082947,-0.060362,0.036931,8.0831
1.2037,2.1232,0.082949,-0.060344,0.036732,8.0873
1.2038,2.1232,0.082951,-0.060324,0.036536,8.075
1.2038,2.1232,0.082953,-0.060301,0.036344,8.0765
1.2039,2.1232,0.082955,-0.06026,0.036156,8.0832
1.2039,2.1232,0.082957,-0.060206,0.035987,8.0717
1.204,2.1232,0.082958,-0.060138,0.035798,8.0716
1.2041,2.1232,0.08296,-0.060069,0.035596,8.0825
1.2041,2.1232,0.082962,-0.060013,0.035386,8.0769
1.2042,2.1232,0.082964,-0.059971,0.035175,8.0761
1.2042,2.1232,0.082966,-0.059943,0.03497,8.0869
1.2043,2.1232,0.082968,-0.05993,0.034778,8.0923
1.2043,2.1232,0.08297,-0.059933,0.034608,8.0819
1.2044,2.1232,0.082971,-0.059934,0.034467,8.0933
1.2044,2.1232,0.082973,-0.059931,0.034317,8.0943
1.2045,2.1232,0.082975,-0.059919,0.034173,8.0853
1.2045,2.1232,0.082977,-0.059906,0.034033,8.0924
1.2046,2.1232,0.082979,-0.059889,0.033899,8.0914
1.2046,2.1232,0.08298,-0.059867,0.033771,8.0801
1.2047,2.1232,0.082982,-0.05984,0.033648,8.0898
1.2047,2.1232,0.082984,-0.059811,0.033531,8.0889
1.2048,2.1232,0.082986,-0.059771,0.033419,8.0823
1.2048,2.1232,0.082987,-0.059725,0.033314,8.0816
1.2049,2.1232,0.082989,-0.059678,0.033214,8.0855
1.2049,2.1232,0.082991,-0.059643,0.033121,8.0735
1.205,2.1232,0.082993,-0.059606,0.033034,8.0668
1.2051,2.1232,0.082994,-0.059575,0.032939,8.0716
1.2051,2.1232,0.082996,-0.059557,0.032875,8.0637
1.2052,2.1232,0.082998,-0.059547,0.03282,8.0496
1.2052,2.1232,0.082999,-0.059537,0.032805,8.0646
1.2053,2.1232,0.083001,-0.059521,0.0328,8.0757
1.2053,2.1232,0.083003,-0.059506,0.03283,8.0663
1.2054,2.1232,0.083005,-0.059482,0.032858,8.0693
1.2054,2.1231,0.083006,-0.059445,0.032918,8.0759
1.2055,2.1231,0.083008,-0.059404,0.032942,8.0714
1.2055,2.1231,0.08301,-0.059368,0.032941,8.0767
1.2056,2.1231,0.083012,-0.059332,0.03291,8.0929
1.2056,2.1231,0.083013,-0.059297,0.032914,8.0849
1.2057,2.1231,0.083015,-0.059261,0.032916,8.0873
1.2057,2.1231,0.083017,-0.059226,0.032927,8.1082
1.2058,2.1231,0.083019,-0.059191,0.032959,8.1081
1.2058,2.1231,0.08302,-0.059156,0.033023,8.1035
1.2059,2.1231,0.083022,-0.059122,0.033084,8.1146
1.2059,2.1231,0.083024,-0.059087,0.033129,8.1117
1.206,2.1231,0.083025,-0.059048,0.033162,8.104
1.2061,2.1231,0.083027,-0.059017,0.033232,8.1087
1.2061,2.1231,0.083029,-0.058993,0.033304,8.1124
1.2062,2.1231,0.083031,-0.058974,0.033373,8.1002
1.2062,2.1231,0.083033,-0.058956,0.033424,8.1018
1.2063,2.1231,0.083034,-0.058937,0.033436,8.1148
1.2063,2.1231,0.083036,-0.058914,0.033463,8.1077
1.2064,2.1231,0.083038,-0.058887,0.033467,8.1041
1.2064,2.1231,0.08304,-0.058851,0.03343,8.1146
1.2065,2.1231,0.083041,-0.058822,0.033386,8.111
1.2065,2.1231,0.083043,-0.058794,0.033323,8.1066
1.2066,2.1231,0.083045,-0.058768,0.03325,8.1125
1.2066,2.1231,0.083047,-0.058739,0.033137,8.1082
1.2067,2.1231,0.083048,-0.058709,0.032998,8.1016
1.2067,2.1231,0.08305,-0.058692,0.032902,8.115
1.2068,2.1231,0.083052,-0.05868,0.032812,8.1211
1.2068,2.1231,0.083053,-0.058677,0.032745,8.118
1.2069,2.1231,0.083055,-0.058678,0.032727,8.1298
1.2069,2.1231,0.083057,-0.058677,0.032723,8.1368
1.207,2.1231,0.083059,-0.058674,0.032733,8.1304
1.2071,2.1231,0.08306,-0.058665,0.032764,8.1335
1.2071,2.123,0.083062,-0.058649,0.03275,8.1453
1.2072,2.123,0.083064,-0.058634,0.03277,8.1391
1.2072,2.123,0.083066,-0.058614,0.032791,8.1396
1.2073,2.123,0.083067,-0.058595,0.032834,8.1522
1.2073,2.123,0.083069,-0.058574,0.032904,8.1435
1.2074,2.123,0.083071,-0.05855,0.032978,8.1357
1.2074,2.123,0.083072,-0.058531,0.033028,8.1518
1.2075,2.123,0.083074,-0.058514,0.033074,8.148
1.2075,2.123,0.083076,-0.058496,0.033052,8.1336
1.2076,2.123,0.083078,-0.058478,0.033012,8.1311
1.2076,2.123,0.083079,-0.058462,0.032919,8.1369
1.2077,2.123,0.083081,-0.058443,0.032821,8.1225
1.2077,2.123,0.083083,-0.05842,0.032705,8.1267
1.2078,2.123,0.083085,-0.058403,0.032605,8.1366
1.2078,2.123,0.083086,-0.058388,0.032512,8.1288
1.2079,2.123,0.083088,-0.058377,0.032465,8.1295
1.2079,2.123,0.08309,-0.058365,0.032446,8.1359
1.208,2.123,0.083091,-0.058358,0.032444,8.1301
1.2081,2.123,0.083093,-0.058362,0.03244,8.1259
1.2081,2.123,0.083095,-0.058361,0.032455,8.136
1.2082,2.123,0.083097,-0.05836,0.032451,8.1278
1.2082,2.123,0.083098,-0.058364,0.032439,8.1283
1.2083,2.123,0.0831,-0.058371,0.032421,8.1435
1.2083,2.123,0.083102,-0.058386,0.032397,8.146
1.2084,2.123,0.083103,-0.058397,0.032368,8.1403
1.2084,2.123,0.083105,-0.058403,0.032332,8.1489
1.2085,2.123,0.083107,-0.058403,0.032291,8.1643
1.2085,2.123,0.083108,-0.058391,0.032244,8.1555
1.2086,2.123,0.08311,-0.058372,0.032192,8.1567
1.2086,2.123,0.083112,-0.058347,0.032134,8.1663
1.2087,2.123,0.083114,-0.058325,0.032071,8.1574
1.2087,2.123,0.083115,-0.058311,0.032004,8.1566
1.2088,2.1229,0.083117,-0.058304,0.031929,8.171
1.2088,2.1229,0.083119,-0.058296,0.031848,8.1673
1.2089,2.1229,0.08312,-0.058293,0.031762,8.1589
1.2089,2.1229,0.083122,-0.058301,0.031669,8.1605
1.209,2.1229,0.083124,-0.058309,0.031568,8.1614
1.2091,2.1229,0.083125,-0.058313,0.03146,8.1509
1.2091,2.1229,0.083127,-0.058316,0.031343,8.15
1.2092,2.1229,0.083129,-0.058317,0.031218,8.1514
1.2092,2.1229,0.08313,-0.058318,0.031086,8.1383
1.2093,2.1229,0.083132,-0.058316,0.030949,8.1364
1.2093,2.1229,0.083133,-0.058309,0.030811,8.1438
1.2094,2.1229,0.083135,-0.058304,0.030671,8.1382
1.2094,2.1229,0.083137,-0.058298,0.030526,8.138
1.2095,2.1229,0.083138,-0.058289,0.030378,8.1492
1.2095,2.1229,0.08314,-0.058286,0.030224,8.1386
1.2096,2.1229,0.083141,-0.058293,0.030066,8.1342
1.2096,2.1229,0.083143,-0.0583,0.029906,8.1437
1.2097,2.1229,0.083145,-0.058308,0.029739,8.1399
1.2097,2.1229,0.083146,-0.058314,0.02957,8.1293
1.2098,2.1229,0.083148,-0.058319,0.029394,8.1435
1.2098,2.1229,0.083149,-0.058326,0.02921,8.1526
1.2099,2.1229,0.083151,-0.058326,0.029022,8.1499
1.2099,2.1229,0.083152,-0.05833,0.028828,8.1551
1.21,2.1229,0.083154,-0.058339,0.028629,8.163
1.2101,2.1229,0.083155,-0.058341,0.028427,8.1508
1.2101,2.1229,0.083157,-0.058343,0.028225,8.1495
1.2102,2.1229,0.083158,-0.058346,0.028023,8.1525
1.2102,2.1229,0.08316,-0.058344,0.027822,8.1433
1.2103,2.1229,0.083161,-0.05834,0.027623,8.1383
1.2103,2.1229,0.083163,-0.058338,0.027424,8.1462
1.2104,2.1229,0.083164,-0.058342,0.027224,8.1434
1.2104,2.1229,0.083165,-0.058348,0.02702,8.1311
1.2105,2.1229,0.083167,-0.058354,0.026816,8.145
1.2105,2.1228,0.083168,-0.058357,0.026607,8.1352
1.2106,2.1228,0.08317,-0.058356,0.026395,8.1282
1.2106,2.1228,0.083171,-0.058348,0.026181,8.1201
1.2107,2.1228,0.083172,-0.058338,0.025963,8.1174
1.2107,2.1228,0.083174,-0.058329,0.025742,8.1034
1.2108,2.1228,0.083175,-0.05832,0.025516,8.1099
1.2108,2.1228,0.083176,-0.05831,0.025285,8.1224
1.2109,2.1228,0.083178,-0.058299,0.025051,8.1169
1.2109,2.1228,0.083179,-0.058288,0.024811,8.119
1.211,2.1228,0.08318,-0.058276,0.024568,8.135
1.2111,2.1228,0.083182,-0.058263,0.024323,8.1245
1.2111,2.1228,0.083183,-0.058255,0.024077,8.1252
1.2112,2.1228,0.083184,-0.058237,0.023832,8.1332
1.2112,2.1228,0.083185,-0.058214,0.02359,8.128
1.2113,2.1228,0.083187,-0.058187,0.023353,8.13
1.2113,2.1228,0.083188,-0.058156,0.023116,8.1462
1.2114,2.1228,0.083189,-0.058131,0.02288,8.1434
1.2114,2.1228,0.08319,-0.058114,0.022644,8.1382
1.2115,2.1228,0.083191,-0.0581,0.022406,8.1467
1.2115,2.1228,0.083193,-0.058089,0.022164,8.1529
1.2116,2.1228,0.083194,-0.058072,0.021918,8.1381
1.2116,2.1228,0.083195,-0.058064,0.021671,8.1438
1.2117,2.1228,0.083196,-0.058058,0.021425,8.1458
1.2117,2.1228,0.083197,-0.058047,0.021173,8.1422
1.2118,2.1228,0.083198,-0.058037,0.020923,8.1408
1.2118,2.1228,0.083199,-0.058028,0.020677,8.1517
1.2119,2.1228,0.0832,-0.058015,0.02043,8.1496
1.2119,2.1228,0.083201,-0.057998,0.020183,8.1472
1.212,2.1228,0.083202,-0.057972,0.019934,8.1582
1.2121,2.1228,0.083203,-0.057944,0.019685,8.156
1.2121,2.1228,0.083205,-0.057918,0.019435,8.1562
1.2122,2.1228,0.083206,-0.057893,0.019183,8.1543
1.2122,2.1228,0.083207,-0.05787,0.018933,8.1573
1.2123,2.1227,0.083207,-0.057848,0.018683,8.1495
1.2123,2.1227,0.083208,-0.057825,0.018434,8.1476
1.2124,2.1227,0.083209,-0.057804,0.018186,8.1562
1.2124,2.1227,0.08321,-0.057776,0.017939,8.1511
1.2125,2.1227,0.083211,-0.057748,0.017692,8.1597
1.2125,2.1227,0.083212,-0.05773,0.017447,8.1718
1.2126,2.1227,0.083213,-0.05772,0.017203,8.1698
1.2126,2.1227,0.083214,-0.057717,0.01696,8.1773
1.2127,2.1227,0.083215,-0.05771,0.016718,8.1823
1.2127,2.1227,0.083216,-0.057692,0.016478,8.1806
1.2128,2.1227,0.083217,-0.057669,0.016239,8.1725
1.2128,2.1227,0.083217,-0.057639,0.016002,8.1815
1.2129,2.1227,0.083218,-0.057604,0.015767,8.1858
1.2129,2.1227,0.083219,-0.057564,0.015534,8.1767
1.213,2.1227,0.08322,-0.057525,0.015303,8.1872
1.2131,2.1227,0.083221,-0.057489,0.015074,8.1874
1.2131,2.1227,0.083221,-0.057454,0.014848,8.1751
1.2132,2.1227,0.083222,-0.05742,0.014624,8.1727
1.2132,2.1227,0.083223,-0.057387,0.014403,8.1775
1.2133,2.1227,0.083224,-0.057355,0.014185,8.1643
1.2133,2.1227,0.083224,-0.057325,0.01397,8.1542
1.2134,2.1227,0.083225,-0.057295,0.013758,8.1677
1.2134,2.1227,0.083226,-0.057267,0.01355,8.1601
1.2135,2.1227,0.083227,-0.05724,0.013344,8.1518
1.2135,2.1227,0.083227,-0.057213,0.013143,8.1602
1.2136,2.1227,0.083228,-0.057188,0.012944,8.1595
1.2136,2.1227,0.083229,-0.057164,0.012749,8.1533
1.2137,2.1227,0.083229,-0.057141,0.012557,8.1617
1.2137,2.1227,0.08323,-0.057118,0.012369,8.1586
1.2138,2.1227,0.083231,-0.057095,0.012185,8.1569
1.2138,2.1227,0.083231,-0.057077,0.012004,8.1571
1.2139,2.1227,0.083232,-0.057062,0.011828,8.1649
1.2139,2.1227,0.083233,-0.057049,0.011656,8.1579
1.214,2.1226,0.083233,-0.057037,0.011489,8.1602
1.2141,2.1226,0.083234,-0.057026,0.011326,8.1767
1.2141,2.1226,0.083234,-0.057011,0.011167,8.1678
1.2142,2.1226,0.083235,-0.056999,0.011014,8.1724
1.2142,2.1226,0.083235,-0.056988,0.010865,8.1792
1.2143,2.1226,0.083236,-0.056981,0.010721,8.1755
1.2143,2.1226,0.083237,-0.056975,0.010582,8.1597
1.2144,2.1226,0.083237,-0.056969,0.010449,8.1687
1.2144,2.1226,0.083238,-0.05696,0.01032,8.1658
1.2145,2.1226,0.083238,-0.056953,0.010198,8.1593
1.2145,2.1226,0.083239,-0.056943,0.01008,8.1587
1.2146,2.1226,0.083239,-0.056942,0.0099686,8.154
1.2146,2.1226,0.08324,-0.056945,0.0098627,8.1388
1.2147,2.1226,0.08324,-0.056946,0.0097626,8.1374
1.2147,2.1226,0.083241,-0.056949,0.0096684,8.1322
1.2148,2.1226,0.083241,-0.056953,0.0095801,8.1309
1.2148,2.1226,0.083242,-0.056958,0.0094979,8.1186
1.2149,2.1226,0.083242,-0.056973,0.0094218,8.1264
1.2149,2.1226,0.083243,-0.056989,0.0093519,8.117
1.215,2.1226,0.083243,-0.057007,0.0093035,8.1187
1.2151,2.1226,0.083244,-0.05702,0.0092373,8.1273
1.2151,2.1226,0.083244,-0.057024,0.0091745,8.127
1.2152,2.1226,0.083245,-0.057021,0.009082,8.1163
1.2152,2.1226,0.083245,-0.057012,0.0089874,8.1264
1.2153,2.1226,0.083246,-0.057007,0.0088647,8.1237
1.2153,2.1226,0.083246,-0.057009,0.0087487,8.1098
1.2154,2.1226,0.083247,-0.057014,0.008621,8.1142
1.2154,2.1226,0.083247,-0.05702,0.0085097,8.1214
1.2155,2.1226,0.083247,-0.057026,0.0084119,8.1175
1.2155,2.1226,0.083248,-0.05703,0.0083396,8.1171
1.2156,2.1226,0.083248,-0.057032,0.0082355,8.1306
1.2156,2.1226,0.083249,-0.05703,0.0081412,8.1217
1.2157,2.1226,0.083249,-0.057032,0.0080538,8.1219
1.2157,2.1225,0.08325,-0.057034,0.0079698,8.1243
1.2158,2.1225,0.08325,-0.057038,0.0078857,8.1134
1.2158,2.1225,0.08325,-0.057043,0.0077979,8.1064
1.2159,2.1225,0.083251,-0.057049,0.0077203,8.1114
1.2159,2.1225,0.083251,-0.057055,0.007675,8.1149
1.216,2.1225,0.083252,-0.057063,0.0076428,8.1028
1.2161,2.1225,0.083252,-0.057069,0.007643,8.1069
1.2161,2.1225,0.083252,-0.05708,0.0076819,8.1063
1.2162,2.1225,0.083253,-0.057093,0.0077211,8.0931
1.2162,2.1225,0.083253,-0.057114,0.0077763,8.0947
1.2163,2.1225,0.083254,-0.05714,0.0078033,8.0942
1.2163,2.1225,0.083254,-0.057165,0.0078121,8.0816
1.2164,2.1225,0.083255,-0.05719,0.0078441,8.0777
1.2164,2.1225,0.083255,-0.057218,0.0078851,8.0919
1.2165,2.1225,0.083255,-0.057249,0.0079343,8.0831
1.2165,2.1225,0.083256,-0.057285,0.0079919,8.0858
1.2166,2.1225,0.083256,-0.057322,0.008058,8.1022
1.2166,2.1225,0.083257,-0.057355,0.0081343,8.0997
1.2167,2.1225,0.083257,-0.057378,0.0082167,8.0953
1.2167,2.1225,0.083257,-0.057391,0.008321,8.1058
1.2168,2.1225,0.083258,-0.057395,0.0084254,8.1168
1.2168,2.1225,0.083258,-0.057391,0.0084946,8.1027
1.2169,2.1225,0.083259,-0.057396,0.0085531,8.1067
1.2169,2.1225,0.083259,-0.057405,0.0085931,8.1183
1.217,2.1225,0.08326,-0.057425,0.0085944,8.1046
1.2171,2.1225,0.08326,-0.057447,0.0085986,8.1139
1.2171,2.1225,0.083261,-0.057479,0.0086057,8.1224
1.2172,2.1225,0.083261,-0.057517,0.0086291,8.1195
1.2172,2.1225,0.083262,-0.057551,0.0086404,8.1243
1.2173,2.1225,0.083262,-0.057578,0.0086266,8.1268
1.2173,2.1225,0.083262,-0.057606,0.0086025,8.1174
1.2174,2.1225,0.083263,-0.057633,0.0085871,8.1073
1.2174,2.1225,0.083263,-0.057665,0.0085534,8.1123
1.2175,2.1224,0.083264,-0.0577,0.0085568,8.1142
1.2175,2.1224,0.083264,-0.057744,0.0085778,8.1098
1.2176,2.1224,0.083265,-0.057789,0.0086637,8.1147
1.2176,2.1224,0.083265,-0.05784,0.0087879,8.1176
1.2177,2.1224,0.083266,-0.057893,0.0089719,8.1019
1.2177,2.1224,0.083266,-0.057941,0.0091836,8.1076
1.2178,2.1224,0.083267,-0.057987,0.0094256,8.117
1.2178,2.1224,0.083267,-0.058029,0.0096447,8.1014
1.2179,2.1224,0.083268,-0.058073,0.0098354,8.0943
1.2179,2.1224,0.083268,-0.058111,0.0099955,8.1161
1.218,2.1224,0.083269,-0.058139,0.010121,8.1071
1.2181,2.1224,0.083269,-0.05817,0.010196,8.1093
1.2181,2.1224,0.08327,-0.058202,0.010266,8.1212
1.2182,2.1224,0.08327,-0.058226,0.010329,8.1252
1.2182,2.1224,0.083271,-0.058248,0.010388,8.1238
1.2183,2.1224,0.083271,-0.058262,0.010452,8.1361
1.2183,2.1224,0.083272,-0.058277,0.010526,8.1355
1.2184,2.1224,0.083273,-0.058289,0.010617,8.1266
1.2184,2.1224,0.083273,-0.058301,0.010685,8.1269
1.2185,2.1224,0.083274,-0.058323,0.010746,8.1386
1.2185,2.1224,0.083274,-0.05835,0.010798,8.1308
1.2186,2.1224,0.083275,-0.058383,0.010844,8.1322
1.2186,2.1224,0.083275,-0.058422,0.010882,8.1474
1.2187,2.1224,0.083276,-0.058456,0.010913,8.1384
1.2187,2.1224,0.083277,-0.058485,0.010936,8.1312
1.2188,2.1224,0.083277,-0.05851,0.010953,8.1341
1.2188,2.1224,0.083278,-0.058532,0.010962,8.1266
1.2189,2.1224,0.083278,-0.058547,0.010964,8.1202
1.2189,2.1224,0.083279,-0.05856,0.010959,8.1213
1.219,2.1224,0.083279,-0.058573,0.010948,8.1135
1.2191,2.1224,0.08328,-0.058588,0.01093,8.1056
1.2191,2.1224,0.083281,-0.058599,0.010904,8.1119
1.2192,2.1224,0.083281,-0.058607,0.010888,8.1162
1.2192,2.1223,0.083282,-0.058607,0.010854,8.1046
1.2193,2.1223,0.083282,-0.058606,0.010785,8.1106
1.2193,2.1223,0.083283,-0.058596,0.010669,8.1185
1.2194,2.1223,0.083283,-0.058586,0.010507,8.1076
1.2194,2.1223,0.083284,-0.058574,0.010302,8.1111
1.2195,2.1223,0.083284,-0.058563,0.010071,8.1225
1.2195,2.1223,0.083285,-0.05855,0.0098349,8.1188
1.2196,2.1223,0.083285,-0.058542,0.0096079,8.1263
1.2196,2.1223,0.083286,-0.058537,0.0093978,8.1409
1.2197,2.1223,0.083286,-0.058541,0.0092348,8.1428
1.2197,2.1223,0.083287,-0.058549,0.0091017,8.135
1.2198,2.1223,0.083287,-0.05856,0.0089818,8.1459
1.2198,2.1223,0.083288,-0.058569,0.0088443,8.1455
1.2199,2.1223,0.083288,-0.058575,0.0087158,8.1329
1.2199,2.1223,0.083289,-0.05857,0.0085614,8.1286
1.22,2.1223,0.083289,-0.058561,0.0084,8.1355
1.2201,2.1223,0.08329,-0.05855,0.0082354,8.1178
1.2201,2.1223,0.08329,-0.05853,0.0081014,8.109
1.2202,2.1223,0.083291,-0.058517,0.0079855,8.1188
1.2202,2.1223,0.083291,-0.058502,0.0078833,8.1079
1.2203,2.1223,0.083291,-0.058491,0.0077838,8.0973
1.2203,2.1223,0.083292,-0.05848,0.0077144,8.0997
1.2204,2.1223,0.083292,-0.058473,0.0076423,8.0899
1.2204,2.1223,0.083293,-0.058462,0.0075884,8.0812
1.2205,2.1223,0.083293,-0.058452,0.0075137,8.0868
1.2205,2.1223,0.083293,-0.058438,0.0074331,8.0831
1.2206,2.1223,0.083294,-0.058421,0.0073467,8.076
1.2206,2.1223,0.083294,-0.058395,0.0072547,8.0876
1.2207,2.1223,0.083294,-0.058371,0.0071571,8.0906
1.2207,2.1223,0.083295,-0.058341,0.007054,8.0816
1.2208,2.1223,0.083295,-0.058309,0.0069454,8.0871
1.2208,2.1223,0.083296,-0.058273,0.0068313,8.0978
1.2209,2.1222,0.083296,-0.058245,0.0067119,8.0853
1.2209,2.1222,0.083296,-0.058215,0.0065873,8.0923
1.221,2.1222,0.083297,-0.058185,0.0064575,8.1014
1.2211,2.1222,0.083297,-0.058148,0.0063229,8.0964
1.2211,2.1222,0.083297,-0.058123,0.0061834,8.0995
1.2212,2.1222,0.083298,-0.058105,0.0060392,8.1149
1.2212,2.1222,0.083298,-0.058087,0.0058906,8.1166
1.2213,2.1222,0.083298,-0.058072,0.0057376,8.1053
1.2213,2.1222,0.083298,-0.058056,0.0055804,8.112
1.2214,2.1222,0.083299,-0.058033,0.0054192,8.1102
1.2214,2.1222,0.083299,-0.058007,0.0052542,8.0994
1.2215,2.1222,0.083299,-0.057979,0.0050853,8.1005
1.2215,2.1222,0.0833,-0.057963,0.0049127,8.1073
1.2216,2.1222,0.0833,-0.05794,0.0047363,8.0886
1.2216,2.1222,0.0833,-0.057912,0.0045578,8.082
1.2217,2.1222,0.0833,-0.057882,0.0043729,8.092
1.2217,2.1222,0.083301,-0.057846,0.0041826,8.0864
1.2218,2.1222,0.083301,-0.057806,0.003989,8.0788
1.2218,2.1222,0.083301,-0.057764,0.0037891,8.0888
1.2219,2.1222,0.083301,-0.05772,0.0035844,8.0767
1.2219,2.1222,0.083301,-0.057678,0.0033768,8.0779
1.222,2.1222,0.083301,-0.05763,0.0031678,8.0866
1.2221,2.1222,0.083302,-0.057576,0.002959,8.0836
1.2221,2.1222,0.083302,-0.057518,0.0027473,8.0814
1.2222,2.1222,0.083302,-0.057456,0.0025349,8.0966
1.2222,2.1222,0.083302,-0.057394,0.0023226,8.0969
1.2223,2.1222,0.083302,-0.057337,0.0021064,8.0914
1.2223,2.1222,0.083302,-0.057281,0.001888,8.1002
1.2224,2.1222,0.083302,-0.057232,0.0016675,8.1149
1.2224,2.1222,0.083302,-0.057184,0.0014464,8.1136
1.2225,2.1222,0.083302,-0.057126,0.0012224,8.1133
1.2225,2.1222,0.083303,-0.057058,0.00099403,8.1209
1.2226,2.1222,0.083303,-0.05698,0.00076043,8.1201
1.2226,2.1221,0.083303,-0.0569,0.0005216,8.1258
1.2227,2.1221,0.083303,-0.056825,0.00027823,8.1413
1.2227,2.1221,0.083303,-0.056755,3.1654e-05,8.1338
1.2228,2.1221,0.083303,-0.056694,-0.00021611,8.129
1.2228,2.1221,0.083303,-0.056634,-0.00046247,8.1401
1.2229,2.1221,0.083303,-0.056576,-0.00070889,8.1364
1.2229,2.1221,0.083302,-0.056518,-0.00095529,8.1292
1.223,2.1221,0.083302,-0.056456,-0.001203,8.1274
1.2231,2.1221,0.083302,-0.056395,-0.0014495,8.1316
1.2231,2.1221,0.083302,-0.056336,-0.0016929,8.1136
1.2232,2.1221,0.083302,-0.056279,-0.0019306,8.1124
1.2232,2.1221,0.083302,-0.056227,-0.0021664,8.1224
1.2233,2.1221,0.083302,-0.056172,-0.0024,8.113
1.2233,2.1221,0.083302,-0.056117,-0.0026317,8.1071
1.2234,2.1221,0.083302,-0.056064,-0.002861,8.1261
1.2234,2.1221,0.083301,-0.056009,-0.0030937,8.1171
1.2235,2.1221,0.083301,-0.05595,-0.0033265,8.1124
1.2235,2.1221,0.083301,-0.055884,-0.0035581,8.1256
1.2236,2.1221,0.083301,-0.055809,-0.003787,8.1279
1.2236,2.1221,0.083301,-0.05573,-0.0040149,8.1259
1.2237,2.1221,0.0833,-0.055653,-0.0042422,8.1411
1.2237,2.1221,0.0833,-0.055586,-0.0044713,8.1557
1.2238,2.1221,0.0833,-0.055522,-0.0046999,8.1512
1.2238,2.1221,0.0833,-0.05546,-0.0049289,8.1606
1.2239,2.1221,0.083299,-0.055401,-0.0051577,8.1657
1.2239,2.1221,0.083299,-0.05534,-0.0053881,8.1571
1.224,2.1221,0.083299,-0.055277,-0.0056156,8.1668
1.2241,2.1221,0.083299,-0.055214,-0.0058412,8.1673
1.2241,2.1221,0.083298,-0.05515,-0.0060661,8.1599
1.2242,2.1221,0.083298,-0.05509,-0.0062904,8.1515
1.2242,2.1221,0.083298,-0.055026,-0.006509,8.1695
1.2243,2.1221,0.083297,-0.054965,-0.0067239,8.1677
1.2243,2.1221,0.083297,-0.054911,-0.006937,8.1574
1.2244,2.1221,0.083296,-0.05486,-0.0071493,8.1646
1.2244,2.122,0.083296,-0.054814,-0.0073563,8.1639
1.2245,2.122,0.083296,-0.054775,-0.0075639,8.1496
1.2245,2.122,0.083295,-0.054733,-0.0077713,8.148
1.2246,2.122,0.083295,-0.05469,-0.0079801,8.1499
1.2246,2.122,0.083294,-0.054647,-0.0081857,8.1361
1.2247,2.122,0.083294,-0.054601,-0.0083938,8.1403
1.2247,2.122,0.083294,-0.054549,-0.008598,8.1513
1.2248,2.122,0.083293,-0.05449,-0.0087996,8.1451
1.2248,2.122,0.083293,-0.054418,-0.0089933,8.1478
1.2249,2.122,0.083292,-0.054348,-0.009183,8.1574
1.2249,2.122,0.083292,-0.054272,-0.0093708,8.1539
1.225,2.122,0.083291,-0.054205,-0.0095601,8.1546
1.2251,2.122,0.083291,-0.05415,-0.0097443,8.1615
1.2251,2.122,0.08329,-0.054104,-0.0099269,8.1572
1.2252,2.122,0.08329,-0.054066,-0.010105,8.1561
1.2252,2.122,0.083289,-0.054021,-0.010282,8.1718
1.2253,2.122,0.083288,-0.053974,-0.010455,8.1747
1.2253,2.122,0.083288,-0.053932,-0.010624,8.1654
1.2254,2.122,0.083287,-0.053891,-0.010787,8.178
1.2254,2.122,0.083287,-0.053857,-0.010947,8.1877
1.2255,2.122,0.083286,-0.053823,-0.011098,8.1786
1.2255,2.122,0.083286,-0.053786,-0.011243,8.174
1.2256,2.122,0.083285,-0.053747,-0.011381,8.185
1.2256,2.122,0.083284,-0.053701,-0.011512,8.17
1.2257,2.122,0.083284,-0.05367,-0.011641,8.1598
1.2257,2.122,0.083283,-0.053656,-0.011767,8.1781
1.2258,2.122,0.083283,-0.053646,-0.011891,8.1681
1.2258,2.122,0.083282,-0.053636,-0.012,8.1578
1.2259,2.122,0.083281,-0.053624,-0.012118,8.1642
1.2259,2.122,0.083281,-0.053603,-0.012277,8.1596
1.226,2.122,0.08328,-0.053581,-0.012462,8.1514
1.2261,2.122,0.083279,-0.053551,-0.012657,8.1508
1.2261,2.122,0.083279,-0.053529,-0.012848,8.1464
1.2262,2.122,0.083278,-0.053495,-0.013023,8.1364
1.2262,2.122,0.083277,-0.053451,-0.013168,8.1371
1.2263,2.1219,0.083277,-0.053404,-0.013266,8.1471
1.2263,2.1219,0.083276,-0.053352,-0.01335,8.1384
1.2264,2.1219,0.083275,-0.053296,-0.013445,8.139
1.2264,2.1219,0.083274,-0.053243,-0.013536,8.1604
1.2265,2.1219,0.083274,-0.053193,-0.01362,8.1523
1.2265,2.1219,0.083273,-0.053162,-0.013698,8.1458
1.2266,2.1219,0.083272,-0.053136,-0.013771,8.1584
1.2266,2.1219,0.083272,-0.053129,-0.013836,8.1619
1.2267,2.1219,0.083271,-0.053137,-0.013892,8.1549
1.2267,2.1219,0.08327,-0.053149,-0.013942,8.1618
1.2268,2.1219,0.083269,-0.053163,-0.013985,8.1669
1.2268,2.1219,0.083269,-0.053174,-0.014023,8.158
1.2269,2.1219,0.083268,-0.053175,-0.014055,8.1639
1.2269,2.1219,0.083267,-0.053163,-0.014083,8.1769
1.227,2.1219,0.083266,-0.053144,-0.014107,8.1606
1.2271,2.1219,0.083266,-0.05311,-0.014122,8.1588
1.2271,2.1219,0.083265,-0.053072,-0.014131,8.1573
1.2272,2.1219,0.083264,-0.053034,-0.014134,8.1479
1.2272,2.1219,0.083263,-0.053004,-0.014129,8.138
1.2273,2.1219,0.083263,-0.052974,-0.014118,8.1422
1.2273,2.1219,0.083262,-0.052942,-0.014099,8.1364
1.2274,2.1219,0.083261,-0.052904,-0.014074,8.1302
1.2274,2.1219,0.08326,-0.052864,-0.014055,8.1415
1.2275,2.1219,0.08326,-0.052817,-0.014005,8.142
1.2275,2.1219,0.083259,-0.052771,-0.013915,8.1294
1.2276,2.1219,0.083258,-0.052727,-0.013835,8.1335
1.2276,2.1219,0.083257,-0.052687,-0.013752,8.1309
1.2277,2.1219,0.083257,-0.052647,-0.013711,8.1224
1.2277,2.1219,0.083256,-0.052609,-0.013689,8.1271
1.2278,2.1219,0.083255,-0.052567,-0.013705,8.1364
1.2278,2.1219,0.083255,-0.052523,-0.01377,8.1327
1.2279,2.1219,0.083254,-0.05248,-0.013872,8.1364
1.2279,2.1219,0.083253,-0.052432,-0.013935,8.1497
1.228,2.1219,0.083252,-0.052384,-0.014002,8.1451
1.2281,2.1219,0.083252,-0.052328,-0.014054,8.1466
1.2281,2.1219,0.083251,-0.052264,-0.014127,8.1551
1.2282,2.1218,0.08325,-0.05219,-0.014192,8.1555
1.2282,2.1218,0.083249,-0.052104,-0.014278,8.1479
1.2283,2.1218,0.083249,-0.052009,-0.014399,8.1599
1.2283,2.1218,0.083248,-0.051914,-0.01457,8.1582
1.2284,2.1218,0.083247,-0.051815,-0.014712,8.1598
1.2284,2.1218,0.083246,-0.051725,-0.014855,8.1665
1.2285,2.1218,0.083246,-0.05164,-0.015,8.1758
1.2285,2.1218,0.083245,-0.051576,-0.01516,8.1655
1.2286,2.1218,0.083244,-0.051523,-0.015295,8.1733
1.2286,2.1218,0.083243,-0.051475,-0.015413,8.1786
1.2287,2.1218,0.083242,-0.05142,-0.015537,8.1712
1.2287,2.1218,0.083241,-0.051368,-0.015636,8.1651
1.2288,2.1218,0.083241,-0.051313,-0.01574,8.178
1.2288,2.1218,0.08324,-0.051256,-0.015826,8.1696
1.2289,2.1218,0.083239,-0.051202,-0.015915,8.169
1.2289,2.1218,0.083238,-0.051158,-0.016028,8.1753
1.229,2.1218,0.083237,-0.051115,-0.016137,8.1792
1.2291,2.1218,0.083236,-0.051072,-0.016271,8.1722
1.2291,2.1218,0.083236,-0.051021,-0.016459,8.1807
1.2292,2.1218,0.083235,-0.050976,-0.01664,8.1863
1.2292,2.1218,0.083234,-0.050934,-0.016833,8.1757
1.2293,2.1218,0.083233,-0.050901,-0.01694,8.1899
1.2293,2.1218,0.083232,-0.050872,-0.016996,8.194
1.2294,2.1218,0.083231,-0.050844,-0.016966,8.1931
1.2294,2.1218,0.08323,-0.050813,-0.016895,8.1954
1.2295,2.1218,0.083229,-0.05078,-0.016776,8.1997
1.2295,2.1218,0.083228,-0.050742,-0.016647,8.2004
1.2296,2.1218,0.083228,-0.050697,-0.016539,8.1999
1.2296,2.1218,0.083227,-0.050645,-0.016507,8.2052
1.2297,2.1218,0.083226,-0.050595,-0.01651,8.2007
1.2297,2.1218,0.083225,-0.050543,-0.016565,8.1854
1.2298,2.1218,0.083224,-0.050493,-0.016602,8.1928
1.2298,2.1218,0.083223,-0.050442,-0.016668,8.1905
1.2299,2.1218,0.083222,-0.050393,-0.016699,8.1821
1.2299,2.1218,0.083221,-0.050351,-0.016686,8.1828
1.23,2.1218,0.083221,-0.050307,-0.016647,8.1903
1.2301,2.1218,0.08322,-0.050265,-0.016638,8.1757
1.2301,2.1218,0.083219,-0.050223,-0.016618,8.1831
1.2302,2.1217,0.083218,-0.050177,-0.016604,8.1919
1.2302,2.1217,0.083217,-0.05012,-0.016616,8.1756
1.2303,2.1217,0.083216,-0.050055,-0.016653,8.163
1.2303,2.1217,0.083215,-0.049984,-0.016705,8.1654
1.2304,2.1217,0.083214,-0.049922,-0.016771,8.1641
1.2304,2.1217,0.083214,-0.04986,-0.016843,8.1673
1.2305,2.1217,0.083213,-0.049802,-0.016946,8.1735
1.2305,2.1217,0.083212,-0.049747,-0.017043,8.1705
1.2306,2.1217,0.083211,-0.049698,-0.017172,8.1564
1.2306,2.1217,0.08321,-0.049645,-0.017318,8.171
1.2307,2.1217,0.083209,-0.04959,-0.017418,8.1771
1.2307,2.1217,0.083208,-0.049531,-0.017478,8.1739
1.2308,2.1217,0.083207,-0.049472,-0.017485,8.173
1.2308,2.1217,0.083206,-0.049398,-0.017486,8.1712
1.2309,2.1217,0.083205,-0.049324,-0.017486,8.1716
1.2309,2.1217,0.083204,-0.049259,-0.017489,8.1754
1.231,2.1217,0.083204,-0.049202,-0.017516,8.1866
1.2311,2.1217,0.083203,-0.049144,-0.017544,8.1774
1.2311,2.1217,0.083202,-0.049086,-0.017566,8.1796
1.2312,2.1217,0.083201,-0.049028,-0.017573,8.1843
1.2312,2.1217,0.0832,-0.048967,-0.017562,8.1724
1.2313,2.1217,0.083199,-0.048901,-0.017577,8.1566
1.2313,2.1217,0.083198,-0.04884,-0.017599,8.1602
1.2314,2.1217,0.083197,-0.048784,-0.017629,8.1577
1.2314,2.1217,0.083196,-0.048728,-0.017653,8.1419
1.2315,2.1217,0.083195,-0.04867,-0.017694,8.1482
1.2315,2.1217,0.083194,-0.048607,-0.017784,8.1576
1.2316,2.1217,0.083193,-0.048541,-0.017894,8.1458
1.2316,2.1217,0.083192,-0.048472,-0.018028,8.1445
1.2317,2.1217,0.083191,-0.048402,-0.018189,8.1466
1.2317,2.1217,0.08319,-0.048331,-0.018375,8.1375
1.2318,2.1217,0.083189,-0.048261,-0.01857,8.1353
1.2318,2.1217,0.083188,-0.048192,-0.01876,8.1381
1.2319,2.1217,0.083187,-0.048129,-0.018965,8.1301
1.2319,2.1217,0.083186,-0.048058,-0.019193,8.1277
1.232,2.1217,0.083185,-0.047984,-0.019408,8.1411
1.2321,2.1217,0.083184,-0.047908,-0.019618,8.1462
1.2321,2.1217,0.083183,-0.04783,-0.019831,8.1362
1.2322,2.1216,0.083182,-0.047753,-0.020046,8.1462
1.2322,2.1216,0.083181,-0.047678,-0.020257,8.1427
1.2323,2.1216,0.08318,-0.047605,-0.020483,8.1367
1.2323,2.1216,0.083179,-0.04753,-0.020682,8.1406
1.2324,2.1216,0.083178,-0.047444,-0.020881,8.1492
1.2324,2.1216,0.083177,-0.047354,-0.021044,8.1361
1.2325,2.1216,0.083176,-0.047265,-0.021197,8.1369
1.2325,2.1216,0.083175,-0.047174,-0.02133,8.1429
1.2326,2.1216,0.083174,-0.047087,-0.021422,8.1413
1.2326,2.1216,0.083172,-0.047008,-0.02152,8.1355
1.2327,2.1216,0.083171,-0.046931,-0.021629,8.1304
1.2327,2.1216,0.08317,-0.046852,-0.021712,8.126
1.2328,2.1216,0.083169,-0.046775,-0.021803,8.1157
1.2328,2.1216,0.083168,-0.046703,-0.021852,8.1178
1.2329,2.1216,0.083167,-0.046635,-0.021919,8.1085
1.2329,2.1216,0.083166,-0.046567,-0.021999,8.0983
1.233,2.1216,0.083164,-0.046499,-0.022113,8.1081
1.2331,2.1216,0.083163,-0.046432,-0.022266,8.1123
1.2331,2.1216,0.083162,-0.046362,-0.022445,8.0973
1.2332,2.1216,0.083161,-0.046285,-0.022654,8.1007
1.2332,2.1216,0.08316,-0.046207,-0.022857,8.1041
1.2333,2.1216,0.083158,-0.046129,-0.023017,8.0959
1.2333,2.1216,0.083157,-0.04605,-0.023137,8.0962
1.2334,2.1216,0.083156,-0.045969,-0.023242,8.1112
1.2334,2.1216,0.083155,-0.045893,-0.023364,8.1099
1.2335,2.1216,0.083153,-0.045826,-0.023486,8.1032
1.2335,2.1216,0.083152,-0.045773,-0.023657,8.1144
1.2336,2.1216,0.083151,-0.045725,-0.023856,8.1231
1.2336,2.1216,0.08315,-0.04568,-0.024077,8.1143
1.2337,2.1216,0.083148,-0.04563,-0.024283,8.1279
1.2337,2.1216,0.083147,-0.045584,-0.024427,8.1246
1.2338,2.1216,0.083146,-0.045536,-0.024548,8.1168
1.2338,2.1216,0.083145,-0.045484,-0.02468,8.1187
1.2339,2.1216,0.083143,-0.045437,-0.024818,8.1254
1.2339,2.1216,0.083142,-0.045392,-0.024969,8.1193
1.234,2.1216,0.083141,-0.045351,-0.025097,8.1166
1.2341,2.1216,0.083139,-0.045308,-0.025227,8.1301
1.2341,2.1216,0.083138,-0.04526,-0.025315,8.1287
1.2342,2.1216,0.083137,-0.045218,-0.025393,8.1215
1.2342,2.1216,0.083135,-0.045173,-0.025486,8.1236
1.2343,2.1216,0.083134,-0.045123,-0.025607,8.1209
1.2343,2.1216,0.083133,-0.045079,-0.025718,8.1103
1.2344,2.1215,0.083131,-0.045026,-0.025843,8.1117
1.2344,2.1215,0.08313,-0.044967,-0.025998,8.1099
1.2345,2.1215,0.083128,-0.044903,-0.026149,8.1018
1.2345,2.1215,0.083127,-0.044837,-0.02631,8.1148
1.2346,2.1215,0.083126,-0.04477,-0.026503,8.1209
1.2346,2.1215,0.083124,-0.04471,-0.026671,8.1192
1.2347,2.1215,0.083123,-0.044664,-0.026839,8.123
1.2347,2.1215,0.083121,-0.044633,-0.026964,8.1294
1.2348,2.1215,0.08312,-0.044607,-0.02711,8.1253
1.2348,2.1215,0.083119,-0.044581,-0.027275,8.1265
1.2349,2.1215,0.083117,-0.044557,-0.027407,8.1378
1.2349,2.1215,0.083116,-0.044525,-0.027552,8.1306
1.235,2.1215,0.083114,-0.044481,-0.027705,8.1347
1.2351,2.1215,0.083113,-0.044435,-0.027872,8.1456
1.2351,2.1215,0.083111,-0.04439,-0.028052,8.1503
1.2352,2.1215,0.08311,-0.044347,-0.028238,8.1491
1.2352,2.1215,0.083108,-0.044297,-0.028427,8.1574
1.2353,2.1215,0.083107,-0.044237,-0.028617,8.1549
1.2353,2.1215,0.083105,-0.044176,-0.028761,8.1394
1.2354,2.1215,0.083104,-0.044111,-0.028893,8.146
1.2354,2.1215,0.083102,-0.044046,-0.029038,8.1533
1.2355,2.1215,0.083101,-0.044002,-0.029216,8.1409
1.2355,2.1215,0.083099,-0.043975,-0.0294,8.1467
1.2356,2.1215,0.083098,-0.043957,-0.029618,8.1497
1.2356,2.1215,0.083096,-0.043925,-0.029833,8.144
1.2357,2.1215,0.083094,-0.043873,-0.030066,8.1309
1.2357,2.1215,0.083093,-0.04382,-0.030277,8.14
1.2358,2.1215,0.083091,-0.043769,-0.030478,8.1376
1.2358,2.1215,0.08309,-0.043718,-0.030669,8.1265
1.2359,2.1215,0.083088,-0.043671,-0.030865,8.1252
1.2359,2.1215,0.083086,-0.043636,-0.031044,8.125
1.236,2.1215,0.083085,-0.043602,-0.031193,8.1119
1.2361,2.1215,0.083083,-0.043571,-0.031304,8.1236
1.2361,2.1215,0.083081,-0.043547,-0.031358,8.1305
1.2362,2.1215,0.08308,-0.043531,-0.0314,8.1248
1.2362,2.1215,0.083078,-0.043526,-0.031433,8.1274
1.2363,2.1215,0.083076,-0.043529,-0.031467,8.1383
1.2363,2.1215,0.083075,-0.043531,-0.031517,8.1328
1.2364,2.1215,0.083073,-0.043536,-0.031547,8.1362
1.2364,2.1215,0.083071,-0.04353,-0.031593,8.15
1.2365,2.1215,0.08307,-0.043516,-0.031639,8.1447
1.2365,2.1215,0.083068,-0.043498,-0.031669,8.1418
1.2366,2.1215,0.083066,-0.043464,-0.03172,8.156
1.2366,2.1214,0.083065,-0.043432,-0.031769,8.1492
1.2367,2.1214,0.083063,-0.043404,-0.031809,8.138
1.2367,2.1214,0.083061,-0.043382,-0.031832,8.145
1.2368,2.1214,0.08306,-0.043357,-0.031833,8.1327
1.2368,2.1214,0.083058,-0.043336,-0.031835,8.1215
1.2369,2.1214,0.083056,-0.043307,-0.03186,8.1201
1.2369,2.1214,0.083055,-0.043272,-0.031901,8.1181
1.237,2.1214,0.083053,-0.043235,-0.031953,8.0975
1.2371,2.1214,0.083051,-0.043191,-0.032007,8.0991
1.2371,2.1214,0.08305,-0.043143,-0.032056,8.1021
1.2372,2.1214,0.083048,-0.043094,-0.032094,8.0943
1.2372,2.1214,0.083046,-0.043048,-0.032114,8.0909
1.2373,2.1214,0.083045,-0.043009,-0.032111,8.0992
1.2373,2.1214,0.083043,-0.042969,-0.032124,8.0928
1.2374,2.1214,0.083041,-0.042929,-0.032122,8.0842
1.2374,2.1214,0.08304,-0.042888,-0.03213,8.0866
1.2375,2.1214,0.083038,-0.042841,-0.032181,8.0832
1.2375,2.1214,0.083036,-0.042793,-0.032247,8.0776
1.2376,2.1214,0.083034,-0.042736,-0.032356,8.0825
1.2376,2.1214,0.083033,-0.042674,-0.032472,8.0919
1.2377,2.1214,0.083031,-0.042607,-0.032616,8.0914
1.2377,2.1214,0.083029,-0.042542,-0.032761,8.0964
1.2378,2.1214,0.083028,-0.042475,-0.032877,8.1111
1.2378,2.1214,0.083026,-0.042404,-0.032965,8.1098
1.2379,2.1214,0.083024,-0.042337,-0.033074,8.1136
1.2379,2.1214,0.083022,-0.042275,-0.033167,8.1213
1.238,2.1214,0.083021,-0.042217,-0.033268,8.1126
1.2381,2.1214,0.083019,-0.042162,-0.033346,8.1079
1.2381,2.1214,0.083017,-0.04212,-0.033439,8.1197
1.2382,2.1214,0.083015,-0.042096,-0.033522,8.1217
1.2382,2.1214,0.083014,-0.042084,-0.033588,8.1155
1.2383,2.1214,0.083012,-0.042074,-0.033629,8.1211
1.2383,2.1214,0.08301,-0.04207,-0.033684,8.1218
1.2384,2.1214,0.083008,-0.042061,-0.033737,8.1095
1.2384,2.1214,0.083006,-0.042049,-0.03379,8.1107
1.2385,2.1214,0.083005,-0.042014,-0.033825,8.1136
1.2385,2.1214,0.083003,-0.041969,-0.033885,8.0995
1.2386,2.1214,0.083001,-0.041925,-0.033964,8.0972
1.2386,2.1214,0.082999,-0.041885,-0.03404,8.1132
1.2387,2.1214,0.082998,-0.041846,-0.034144,8.1069
1.2387,2.1214,0.082996,-0.041817,-0.034249,8.103
1.2388,2.1214,0.082994,-0.041791,-0.034378,8.1101
1.2388,2.1214,0.082992,-0.041768,-0.034511,8.1019
1.2389,2.1214,0.08299,-0.04174,-0.034626,8.0981
1.2389,2.1213,0.082988,-0.041714,-0.034751,8.1051
1.239,2.1213,0.082987,-0.041688,-0.034857,8.1088
1.2391,2.1213,0.082985,-0.041667,-0.034927,8.1002
1.2391,2.1213,0.082983,-0.041648,-0.034993,8.1033
1.2392,2.1213,0.082981,-0.041629,-0.035015,8.1167
1.2392,2.1213,0.082979,-0.041606,-0.035076,8.116
1.2393,2.1213,0.082977,-0.04158,-0.035139,8.1286
1.2393,2.1213,0.082976,-0.041555,-0.035238,8.1364
1.2394,2.1213,0.082974,-0.04153,-0.035345,8.1303
1.2394,2.1213,0.082972,-0.0415,-0.035488,8.131
1.2395,2.1213,0.08297,-0.041465,-0.035645,8.1378
1.2395,2.1213,0.082968,-0.04143,-0.035793,8.1331
1.2396,2.1213,0.082966,-0.0414,-0.035908,8.1341
1.2396,2.1213,0.082964,-0.041367,-0.036015,8.1497
1.2397,2.1213,0.082962,-0.041339,-0.036081,8.1455
1.2397,2.1213,0.08296,-0.041315,-0.036143,8.1392
1.2398,2.1213,0.082959,-0.041292,-0.036177,8.1464
1.2398,2.1213,0.082957,-0.041268,-0.036212,8.1475
1.2399,2.1213,0.082955,-0.041236,-0.036274,8.1375
1.2399,2.1213,0.082953,-0.041202,-0.036352,8.1397
1.24,2.1213,0.082951,-0.04117,-0.036426,8.138
1.2401,2.1213,0.082949,-0.04113,-0.036528,8.128
1.2401,2.1213,0.082947,-0.041102,-0.03664,8.127
1.2402,2.1213,0.082945,-0.041083,-0.036734,8.1343
1.2402,2.1213,0.082943,-0.041074,-0.036838,8.1413
1.2403,2.1213,0.082941,-0.04107,-0.03693,8.1382
1.2403,2.1213,0.082939,-0.041056,-0.037036,8.1505
1.2404,2.1213,0.082937,-0.041041,-0.037124,8.1505
1.2404,2.1213,0.082935,-0.04103,-0.037179,8.1431
1.2405,2.1213,0.082933,-0.041014,-0.037238,8.1591
1.2405,2.1213,0.082931,-0.041007,-0.037262,8.1568
1.2406,2.1213,0.08293,-0.041006,-0.037263,8.1509
1.2406,2.1213,0.082928,-0.041017,-0.037304,8.1611
1.2407,2.1213,0.082926,-0.041033,-0.037384,8.1699
1.2407,2.1213,0.082924,-0.04105,-0.037523,8.1686
1.2408,2.1213,0.082922,-0.041079,-0.037674,8.1754
1.2408,2.1213,0.08292,-0.041113,-0.037837,8.1816
1.2409,2.1213,0.082918,-0.041133,-0.038005,8.1717
1.2409,2.1213,0.082916,-0.041142,-0.038158,8.1746
1.241,2.1213,0.082914,-0.041143,-0.038317,8.1756
1.2411,2.1213,0.082912,-0.04114,-0.038491,8.1701
1.2411,2.1213,0.08291,-0.041134,-0.038691,8.1632
1.2412,2.1213,0.082907,-0.041125,-0.03892,8.1704
1.2412,2.1213,0.082905,-0.041121,-0.039138,8.1693
1.2413,2.1213,0.082903,-0.041112,-0.03936,8.1537
1.2413,2.1213,0.082901,-0.041099,-0.039585,8.1691
1.2414,2.1212,0.082899,-0.041092,-0.03983,8.17
1.2414,2.1212,0.082897,-0.041088,-0.04007,8.1589
1.2415,2.1212,0.082895,-0.041093,-0.040271,8.1558
1.2415,2.1212,0.082893,-0.041104,-0.040461,8.1577
1.2416,2.1212,0.082891,-0.041116,-0.040628,8.1547
1.2416,2.1212,0.082889,-0.041124,-0.040767,8.1526
1.2417,2.1212,0.082886,-0.041129,-0.040881,8.1623
1.2417,2.1212,0.082884,-0.041133,-0.040979,8.1569
1.2418,2.1212,0.082882,-0.041136,-0.041077,8.1585
1.2418,2.1212,0.08288,-0.041131,-0.041155,8.1752
1.2419,2.1212,0.082878,-0.041134,-0.041203,8.1687
1.2419,2.1212,0.082876,-0.041139,-0.04126,8.1684
1.242,2.1212,0.082873,-0.041144,-0.041315,8.1705
1.2421,2.1212,0.082871,-0.041147,-0.041361,8.1626
1.2421,2.1212,0.082869,-0.041153,-0.041402,8.1594
1.2422,2.1212,0.082867,-0.041155,-0.041437,8.1633
1.2422,2.1212,0.082865,-0.04116,-0.041449,8.1717
1.2423,2.1212,0.082862,-0.041168,-0.041481,8.1665
1.2423,2.1212,0.08286,-0.041187,-0.041507,8.1691
1.2424,2.1212,0.082858,-0.041214,-0.041563,8.179
1.2424,2.1212,0.082856,-0.041247,-0.041625,8.1637
1.2425,2.1212,0.082854,-0.041285,-0.0417,8.1679
1.2425,2.1212,0.082852,-0.041324,-0.041812,8.1723
1.2426,2.1212,0.082849,-0.041358,-0.041917,8.1654
1.2426,2.1212,0.082847,-0.041396,-0.042009,8.1535
1.2427,2.1212,0.082845,-0.041435,-0.042127,8.1612
1.2427,2.1212,0.082843,-0.041473,-0.042242,8.1556
1.2428,2.1212,0.08284,-0.041511,-0.042418,8.1511
1.2428,2.1212,0.082838,-0.041545,-0.042557,8.158
1.2429,2.1212,0.082836,-0.041574,-0.042671,8.1547
1.2429,2.1212,0.082834,-0.0416,-0.042746,8.145
1.243,2.1212,0.082831,-0.041621,-0.042797,8.1555
1.2431,2.1212,0.082829,-0.041635,-0.042804,8.1565
1.2431,2.1212,0.082827,-0.04165,-0.042773,8.1445
1.2432,2.1212,0.082825,-0.041674,-0.042752,8.1485
1.2432,2.1212,0.082822,-0.041704,-0.042794,8.1609
1.2433,2.1212,0.08282,-0.041733,-0.042869,8.1606
1.2433,2.1212,0.082818,-0.041761,-0.042971,8.1591
1.2434,2.1212,0.082816,-0.04179,-0.043075,8.1694
1.2434,2.1212,0.082813,-0.041817,-0.043207,8.171
1.2435,2.1212,0.082811,-0.041839,-0.043277,8.1708
1.2435,2.1212,0.082809,-0.041864,-0.043315,8.1761
1.2436,2.1212,0.082807,-0.04189,-0.043324,8.1722
1.2436,2.1212,0.082804,-0.041917,-0.043338,8.1623
1.2437,2.1212,0.082802,-0.041933,-0.043408,8.1658
1.2437,2.1212,0.0828,-0.041949,-0.043501,8.1665
1.2438,2.1211,0.082797,-0.041962,-0.043581,8.1601
1.2438,2.1211,0.082795,-0.041979,-0.043652,8.1705
1.2439,2.1211,0.082793,-0.042001,-0.04371,8.1739
1.2439,2.1211,0.082791,-0.04203,-0.04379,8.1653
1.244,2.1211,0.082788,-0.042067,-0.043867,8.1582
1.2441,2.1211,0.082786,-0.042112,-0.043987,8.1678
1.2441,2.1211,0.082784,-0.042156,-0.044139,8.1557
1.2442,2.1211,0.082781,-0.042208,-0.044261,8.1476
1.2442,2.1211,0.082779,-0.042256,-0.044356,8.1564
1.2443,2.1211,0.082777,-0.042296,-0.044429,8.1528
1.2443,2.1211,0.082774,-0.042332,-0.04448,8.155
1.2444,2.1211,0.082772,-0.042366,-0.044495,8.1595
1.2444,2.1211,0.08277,-0.042395,-0.044538,8.1571
1.2445,2.1211,0.082767,-0.04242,-0.04458,8.1462
1.2445,2.1211,0.082765,-0.04245,-0.044596,8.1543
1.2446,2.1211,0.082762,-0.042485,-0.044596,8.1549
1.2446,2.1211,0.08276,-0.042513,-0.044566,8.1519
1.2447,2.1211,0.082758,-0.042536,-0.04454,8.1465
1.2447,2.1211,0.082755,-0.042557,-0.04452,8.153
1.2448,2.1211,0.082753,-0.042575,-0.04449,8.1471
1.2448,2.1211,0.082751,-0.042591,-0.044534,8.1462
1.2449,2.1211,0.082748,-0.042606,-0.04459,8.1622
1.2449,2.1211,0.082746,-0.042627,-0.044664,8.1581
1.245,2.1211,0.082744,-0.042656,-0.044732,8.1526
1.2451,2.1211,0.082741,-0.042683,-0.044794,8.1668
1.2451,2.1211,0.082739,-0.042722,-0.044836,8.1575
1.2452,2.1211,0.082737,-0.042768,-0.044872,8.153
1.2452,2.1211,0.082734,-0.04282,-0.044877,8.1611
1.2453,2.1211,0.082732,-0.042871,-0.044921,8.171
1.2453,2.1211,0.08273,-0.042917,-0.044978,8.1548
1.2454,2.1211,0.082727,-0.042959,-0.045034,8.1637
1.2454,2.1211,0.082725,-0.042993,-0.045072,8.1787
1.2455,2.1211,0.082722,-0.043016,-0.045123,8.1692
1.2455,2.1211,0.08272,-0.043045,-0.045118,8.1717
1.2456,2.1211,0.082718,-0.04308,-0.045103,8.1863
1.2456,2.1211,0.082715,-0.04312,-0.045055,8.1774
1.2457,2.1211,0.082713,-0.043155,-0.045012,8.1645
1.2457,2.1211,0.082711,-0.043184,-0.044961,8.1746
1.2458,2.1211,0.082708,-0.043214,-0.044901,8.169
1.2458,2.1211,0.082706,-0.043255,-0.044817,8.1667
1.2459,2.1211,0.082703,-0.043289,-0.044734,8.182
1.2459,2.1211,0.082701,-0.043329,-0.044669,8.1902
1.246,2.1211,0.082699,-0.043363,-0.044635,8.1809
1.2461,2.1211,0.082696,-0.043395,-0.044652,8.1958
1.2461,2.1211,0.082694,-0.043421,-0.044681,8.1927
1.2462,2.121,0.082692,-0.043436,-0.044717,8.1824
1.2462,2.121,0.082689,-0.043449,-0.044751,8.182
1.2463,2.121,0.082687,-0.043472,-0.044764,8.1931
1.2463,2.121,0.082685,-0.043485,-0.044793,8.185
1.2464,2.121,0.082682,-0.043498,-0.044807,8.1925
1.2464,2.121,0.08268,-0.04351,-0.044818,8.1933
1.2465,2.121,0.082678,-0.043517,-0.04484,8.1948
1.2465,2.121,0.082675,-0.043524,-0.044842,8.1926
1.2466,2.121,0.082673,-0.043522,-0.044845,8.2059
1.2466,2.121,0.082671,-0.043515,-0.044856,8.2031
1.2467,2.121,0.082668,-0.043509,-0.044883,8.1904
1.2467,2.121,0.082666,-0.043501,-0.044934,8.1913
1.2468,2.121,0.082663,-0.04349,-0.044985,8.1865
1.2468,2.121,0.082661,-0.043484,-0.045012,8.181
1.2469,2.121,0.082659,-0.043478,-0.045021,8.1893
1.2469,2.121,0.082656,-0.043475,-0.045017,8.1968
1.247,2.121,0.082654,-0.043476,-0.045007,8.1893
1.2471,2.121,0.082652,-0.043481,-0.044999,8.1937
1.2471,2.121,0.082649,-0.043489,-0.044999,8.1965
1.2472,2.121,0.082647,-0.043497,-0.045016,8.1847
1.2472,2.121,0.082644,-0.043493,-0.045057,8.1776
1.2473,2.121,0.082642,-0.043488,-0.045083,8.1838
1.2473,2.121,0.08264,-0.043479,-0.04511,8.1782
1.2474,2.121,0.082637,-0.04347,-0.045136,8.1657
1.2474,2.121,0.082635,-0.043459,-0.045161,8.1814
1.2475,2.121,0.082633,-0.043445,-0.045187,8.1857
1.2475,2.121,0.08263,-0.043438,-0.045212,8.1761
1.2476,2.121,0.082628,-0.043434,-0.045236,8.187
1.2476,2.121,0.082625,-0.043433,-0.045261,8.1833
1.2477,2.121,0.082623,-0.043433,-0.045284,8.1727
1.2477,2.121,0.082621,-0.043436,-0.045308,8.1692
1.2478,2.121,0.082618,-0.04344,-0.045331,8.1685
1.2478,2.121,0.082616,-0.043444,-0.045354,8.1642
1.2479,2.121,0.082614,-0.043442,-0.045391,8.1643
1.2479,2.121,0.082611,-0.043439,-0.045403,8.1736
1.248,2.121,0.082609,-0.043438,-0.045398,8.1615
1.2481,2.121,0.082606,-0.043437,-0.045385,8.1481
1.2481,2.121,0.082604,-0.043428,-0.045384,8.1588
1.2482,2.121,0.082602,-0.043416,-0.045364,8.1466
1.2482,2.121,0.082599,-0.043407,-0.04534,8.1369
1.2483,2.121,0.082597,-0.043403,-0.045325,8.1334
1.2483,2.121,0.082594,-0.043402,-0.045333,8.1357
1.2484,2.121,0.082592,-0.043404,-0.045331,8.1269
1.2484,2.1209,0.08259,-0.043411,-0.04534,8.1352
1.2485,2.1209,0.082587,-0.043416,-0.045368,8.1387
1.2485,2.1209,0.082585,-0.043416,-0.045419,8.1289
1.2486,2.1209,0.082582,-0.043413,-0.045456,8.1311
1.2486,2.1209,0.08258,-0.043412,-0.045492,8.1359
1.2487,2.1209,0.082578,-0.043406,-0.045528,8.1289
1.2487,2.1209,0.082575,-0.043398,-0.045564,8.1227
1.2488,2.1209,0.082573,-0.043387,-0.0456,8.1313
1.2488,2.1209,0.08257,-0.04337,-0.045635,8.1308
1.2489,2.1209,0.082568,-0.043347,-0.045671,8.124
1.2489,2.1209,0.082566,-0.043316,-0.045706,8.1367
1.249,2.1209,0.082563,-0.043288,-0.045741,8.1394
1.2491,2.1209,0.082561,-0.043264,-0.045775,8.1293
1.2491,2.1209,0.082558,-0.043246,-0.045809,8.1369
1.2492,2.1209,0.082556,-0.043242,-0.045843,8.1391
1.2492,2.1209,0.082554,-0.043245,-0.045876,8.1294
1.2493,2.1209,0.082551,-0.043257,-0.045908,8.1325
1.2493,2.1209,0.082549,-0.043274,-0.04594,8.1378
1.2494,2.1209,0.082546,-0.04329,-0.045972,8.1276
1.2494,2.1209,0.082544,-0.043315,-0.046003,8.1293
1.2495,2.1209,0.082542,-0.043332,-0.046034,8.1415
1.2495,2.1209,0.082539,-0.043336,-0.046065,8.1304
1.2496,2.1209,0.082537,-0.043331,-0.046096,8.1259
1.2496,2.1209,0.082534,-0.043314,-0.046126,8.1355
1.2497,2.1209,0.082532,-0.043295,-0.046157,8.125
1.2497,2.1209,0.082529,-0.043279,-0.046186,8.1225
1.2498,2.1209,0.082527,-0.043271,-0.046216,8.1236
1.2498,2.1209,0.082525,-0.043278,-0.046245,8.1211
1.2499,2.1209,0.082522,-0.043282,-0.046275,8.1132
1.2499,2.1209,0.08252,-0.043283,-0.046304,8.1214
1.25,2.1209,0.082517,-0.043287,-0.046332,8.131
1.2501,2.1209,0.082515,-0.043282,-0.046361,8.1238
1.2501,2.1209,0.082512,-0.043269,-0.046389,8.1333
1.2502,2.1209,0.08251,-0.043252,-0.046431,8.1362
1.2502,2.1209,0.082507,-0.043231,-0.046448,8.1297
1.2503,2.1209,0.082505,-0.043209,-0.046448,8.1227
1.2503,2.1209,0.082503,-0.043187,-0.046439,8.1361
1.2504,2.1209,0.0825,-0.043159,-0.046428,8.1318
1.2504,2.1209,0.082498,-0.043133,-0.046423,8.1186
1.2505,2.1209,0.082495,-0.043098,-0.046429,8.1354
1.2505,2.1209,0.082493,-0.043055,-0.046452,8.1359
1.2506,2.1209,0.08249,-0.043006,-0.0465,8.1291
1.2506,2.1209,0.082488,-0.042957,-0.046532,8.1422
1.2507,2.1209,0.082485,-0.042908,-0.046563,8.1443
1.2507,2.1208,0.082483,-0.042853,-0.046609,8.1326
1.2508,2.1208,0.082481,-0.042794,-0.046629,8.1297
1.2508,2.1208,0.082478,-0.042738,-0.046632,8.1407
1.2509,2.1208,0.082476,-0.042683,-0.046641,8.1254
1.2509,2.1208,0.082473,-0.04263,-0.046623,8.1217
1.251,2.1208,0.082471,-0.042585,-0.046608,8.1362
1.2511,2.1208,0.082468,-0.042542,-0.046586,8.127
1.2511,2.1208,0.082466,-0.042489,-0.046553,8.1273
1.2512,2.1208,0.082463,-0.04242,-0.0465,8.1345
1.2512,2.1208,0.082461,-0.042338,-0.046417,8.1282
1.2513,2.1208,0.082458,-0.042244,-0.046361,8.1222
1.2513,2.1208,0.082456,-0.042131,-0.046334,8.127
1.2514,2.1208,0.082454,-0.042023,-0.046287,8.1291
1.2514,2.1208,0.082451,-0.041918,-0.046269,8.1125
1.2515,2.1208,0.082449,-0.041822,-0.046267,8.1265
1.2515,2.1208,0.082446,-0.041733,-0.046277,8.1349
1.2516,2.1208,0.082444,-0.041647,-0.046289,8.1298
1.2516,2.1208,0.082441,-0.04157,-0.046331,8.1362
1.2517,2.1208,0.082439,-0.041492,-0.046428,8.147
1.2517,2.1208,0.082437,-0.0414,-0.046522,8.1346
1.2518,2.1208,0.082434,-0.041315,-0.046575,8.1353
1.2518,2.1208,0.082432,-0.041229,-0.046576,8.1446
1.2519,2.1208,0.082429,-0.041159,-0.04655,8.1399
1.2519,2.1208,0.082427,-0.0411,-0.046533,8.1331
1.252,2.1208,0.082424,-0.041053,-0.04652,8.1478
1.2521,2.1208,0.082422,-0.041009,-0.046515,8.1478
1.2521,2.1208,0.082419,-0.040964,-0.046528,8.1385
1.2522,2.1208,0.082417,-0.040912,-0.046531,8.1506
1.2522,2.1208,0.082414,-0.040847,-0.04651,8.1534
1.2523,2.1208,0.082412,-0.040778,-0.046453,8.1437
1.2523,2.1208,0.08241,-0.040707,-0.046394,8.1447
1.2524,2.1208,0.082407,-0.040636,-0.046357,8.1461
1.2524,2.1208,0.082405,-0.040566,-0.046326,8.1327
1.2525,2.1208,0.082402,-0.04049,-0.046303,8.1274
1.2525,2.1208,0.0824,-0.040415,-0.046285,8.1366
1.2526,2.1208,0.082397,-0.040343,-0.046275,8.1368
1.2526,2.1208,0.082395,-0.040261,-0.04627,8.1347
1.2527,2.1208,0.082393,-0.040185,-0.046271,8.147
1.2527,2.1208,0.08239,-0.040106,-0.046264,8.1432
1.2528,2.1208,0.082388,-0.040027,-0.046286,8.1322
1.2528,2.1208,0.082385,-0.039951,-0.046333,8.1426
1.2529,2.1208,0.082383,-0.039872,-0.046397,8.1432
1.2529,2.1208,0.08238,-0.039795,-0.046457,8.1307
1.253,2.1208,0.082378,-0.03972,-0.046546,8.1397
1.2531,2.1208,0.082375,-0.039646,-0.04665,8.1462
1.2531,2.1208,0.082373,-0.03957,-0.046754,8.1438
1.2532,2.1207,0.08237,-0.039489,-0.046845,8.1491
1.2532,2.1207,0.082368,-0.039408,-0.046954,8.153
1.2533,2.1207,0.082366,-0.039331,-0.04706,8.1402
1.2533,2.1207,0.082363,-0.039254,-0.047154,8.1336
1.2534,2.1207,0.082361,-0.039177,-0.047214,8.1421
1.2534,2.1207,0.082358,-0.039104,-0.047301,8.1277
1.2535,2.1207,0.082356,-0.039034,-0.047437,8.1163
1.2535,2.1207,0.082353,-0.038963,-0.047604,8.1194
1.2536,2.1207,0.082351,-0.038895,-0.047786,8.1151
1.2536,2.1207,0.082348,-0.038833,-0.047968,8.1089
1.2537,2.1207,0.082346,-0.038769,-0.048136,8.1161
1.2537,2.1207,0.082343,-0.038709,-0.048277,8.1129
1.2538,2.1207,0.08234,-0.038643,-0.048377,8.1011
1.2538,2.1207,0.082338,-0.038574,-0.04847,8.1007
1.2539,2.1207,0.082335,-0.038497,-0.048583,8.0977
1.2539,2.1207,0.082333,-0.038416,-0.048686,8.0918
1.254,2.1207,0.08233,-0.03833,-0.048817,8.0896
1.2541,2.1207,0.082328,-0.03824,-0.048954,8.0976
1.2541,2.1207,0.082325,-0.038141,-0.049127,8.0915
1.2542,2.1207,0.082322,-0.038044,-0.049307,8.0941
1.2542,2.1207,0.08232,-0.03795,-0.049522,8.1077
1.2543,2.1207,0.082317,-0.037863,-0.049736,8.1047
1.2543,2.1207,0.082315,-0.037781,-0.04997,8.1011
1.2544,2.1207,0.082312,-0.037706,-0.050181,8.1142
1.2544,2.1207,0.082309,-0.037635,-0.050408,8.1136
1.2545,2.1207,0.082307,-0.037565,-0.050634,8.1079
1.2545,2.1207,0.082304,-0.037486,-0.050894,8.1175
1.2546,2.1207,0.082301,-0.037405,-0.051179,8.1213
1.2546,2.1207,0.082299,-0.037322,-0.051498,8.1099
1.2547,2.1207,0.082296,-0.037238,-0.051788,8.119
1.2547,2.1207,0.082293,-0.037153,-0.052098,8.129
1.2548,2.1207,0.08229,-0.03707,-0.052364,8.1177
1.2548,2.1207,0.082288,-0.036994,-0.052619,8.1146
1.2549,2.1207,0.082285,-0.036923,-0.052896,8.1227
1.2549,2.1207,0.082282,-0.036843,-0.053188,8.1179
1.255,2.1207,0.082279,-0.03677,-0.053482,8.1081
1.2551,2.1207,0.082276,-0.036696,-0.053782,8.1158
1.2551,2.1207,0.082273,-0.036619,-0.05406,8.1156
1.2552,2.1207,0.082271,-0.036536,-0.054335,8.1154
1.2552,2.1207,0.082268,-0.036451,-0.054575,8.1248
1.2553,2.1207,0.082265,-0.03637,-0.054792,8.1264
1.2553,2.1207,0.082262,-0.036298,-0.055042,8.1123
1.2554,2.1207,0.082259,-0.036217,-0.055292,8.1112
1.2554,2.1207,0.082256,-0.03615,-0.055528,8.1158
1.2555,2.1207,0.082253,-0.036076,-0.055781,8.108
1.2555,2.1207,0.08225,-0.035998,-0.05603,8.0978
1.2556,2.1207,0.082247,-0.035917,-0.056252,8.1112
1.2556,2.1207,0.082244,-0.035842,-0.05647,8.1035
1.2557,2.1207,0.082241,-0.035776,-0.056707,8.1061
1.2557,2.1207,0.082238,-0.03572,-0.056986,8.1238
1.2558,2.1207,0.082235,-0.03566,-0.05726,8.1234
1.2558,2.1206,0.082232,-0.035606,-0.057558,8.1204
1.2559,2.1206,0.082229,-0.035548,-0.057855,8.1304
1.2559,2.1206,0.082226,-0.035488,-0.058131,8.1394
1.256,2.1206,0.082223,-0.03543,-0.058349,8.1364
1.2561,2.1206,0.08222,-0.035382,-0.058579,8.1384
1.2561,2.1206,0.082217,-0.035337,-0.058827,8.1394
1.2562,2.1206,0.082214,-0.035288,-0.059065,8.1376
1.2562,2.1206,0.082211,-0.035233,-0.059278,8.1437
1.2563,2.1206,0.082208,-0.035178,-0.059503,8.1528
1.2563,2.1206,0.082204,-0.035133,-0.059718,8.1363
1.2564,2.1206,0.082201,-0.035084,-0.059915,8.1426
1.2564,2.1206,0.082198,-0.03504,-0.060088,8.1507
1.2565,2.1206,0.082195,-0.034997,-0.060263,8.1403
1.2565,2.1206,0.082192,-0.034944,-0.060463,8.1262
1.2566,2.1206,0.082189,-0.034882,-0.06068,8.1381
1.2566,2.1206,0.082185,-0.034816,-0.060891,8.1334
1.2567,2.1206,0.082182,-0.03475,-0.061128,8.1319
1.2567,2.1206,0.082179,-0.034692,-0.061376,8.1408
1.2568,2.1206,0.082176,-0.034641,-0.061621,8.1448
1.2568,2.1206,0.082172,-0.034606,-0.061849,8.1367
1.2569,2.1206,0.082169,-0.034572,-0.062047,8.147
1.2569,2.1206,0.082166,-0.034537,-0.062233,8.1455
1.257,2.1206,0.082163,-0.0345,-0.062424,8.1358
1.2571,2.1206,0.082159,-0.03446,-0.062593,8.138
1.2571,2.1206,0.082156,-0.034413,-0.062809,8.153
1.2572,2.1206,0.082153,-0.034372,-0.063027,8.1458
1.2572,2.1206,0.082149,-0.034344,-0.063258,8.1542
1.2573,2.1206,0.082146,-0.034324,-0.063518,8.1683
1.2573,2.1206,0.082143,-0.034311,-0.063777,8.1709
1.2574,2.1206,0.082139,-0.034302,-0.06401,8.1694
1.2574,2.1206,0.082136,-0.034295,-0.064234,8.1717
1.2575,2.1206,0.082132,-0.034285,-0.064402,8.1745
1.2575,2.1206,0.082129,-0.034278,-0.064577,8.1728
1.2576,2.1206,0.082126,-0.034275,-0.064724,8.1713
1.2576,2.1206,0.082122,-0.034274,-0.064871,8.1745
1.2577,2.1206,0.082119,-0.034261,-0.065032,8.1702
1.2577,2.1206,0.082115,-0.034248,-0.065186,8.1771
1.2578,2.1206,0.082112,-0.034239,-0.065327,8.1872
1.2578,2.1206,0.082109,-0.034228,-0.065434,8.174
1.2579,2.1206,0.082105,-0.034221,-0.065539,8.1746
1.2579,2.1206,0.082102,-0.034223,-0.065675,8.179
1.258,2.1206,0.082098,-0.034224,-0.065822,8.1708
1.2581,2.1206,0.082095,-0.034226,-0.065958,8.1595
1.2581,2.1206,0.082091,-0.034228,-0.066115,8.1697
1.2582,2.1206,0.082088,-0.034235,-0.06628,8.1697
1.2582,2.1206,0.082084,-0.034244,-0.066438,8.164
1.2583,2.1206,0.082081,-0.034251,-0.066562,8.1755
1.2583,2.1206,0.082077,-0.034264,-0.066705,8.1831
1.2584,2.1206,0.082074,-0.034281,-0.066881,8.173
1.2584,2.1206,0.08207,-0.034295,-0.067065,8.18
1.2585,2.1206,0.082067,-0.034308,-0.067219,8.1845
1.2585,2.1206,0.082063,-0.034321,-0.067391,8.179
1.2586,2.1206,0.08206,-0.034327,-0.067584,8.1778
1.2586,2.1206,0.082056,-0.034329,-0.067767,8.1867
1.2587,2.1206,0.082052,-0.034331,-0.067914,8.1817
1.2587,2.1205,0.082049,-0.034341,-0.068043,8.1798
1.2588,2.1205,0.082045,-0.034362,-0.068168,8.1902
1.2588,2.1205,0.082042,-0.034396,-0.068245,8.1919
1.2589,2.1205,0.082038,-0.034451,-0.068304,8.1851
1.2589,2.1205,0.082034,-0.034513,-0.068369,8.1931
1.259,2.1205,0.082031,-0.034572,-0.068457,8.1868
1.2591,2.1205,0.082027,-0.034609,-0.068544,8.1809
1.2591,2.1205,0.082024,-0.034627,-0.068622,8.1784
1.2592,2.1205,0.08202,-0.034623,-0.068684,8.1816
1.2592,2.1205,0.082016,-0.034595,-0.068723,8.1699
1.2593,2.1205,0.082013,-0.034556,-0.068733,8.1708
1.2593,2.1205,0.082009,-0.034522,-0.068756,8.1781
1.2594,2.1205,0.082006,-0.034483,-0.068776,8.166
1.2594,2.1205,0.082002,-0.034452,-0.068792,8.1619
1.2595,2.1205,0.081998,-0.034429,-0.068806,8.1677
1.2595,2.1205,0.081995,-0.034421,-0.068816,8.1573
1.2596,2.1205,0.081991,-0.034422,-0.068822,8.1456
1.2596,2.1205,0.081987,-0.03442,-0.068825,8.1536
1.2597,2.1205,0.081984,-0.034425,-0.068824,8.1518
1.2597,2.1205,0.08198,-0.034429,-0.06882,8.149
1.2598,2.1205,0.081977,-0.034428,-0.068812,8.1617
1.2598,2.1205,0.081973,-0.034421,-0.0688,8.1613
1.2599,2.1205,0.081969,-0.034411,-0.068783,8.1537
1.2599,2.1205,0.081966,-0.034398,-0.068748,8.1639
1.26,2.1205,0.081962,-0.034384,-0.068719,8.1734
1.2601,2.1205,0.081958,-0.034365,-0.068712,8.1649
1.2601,2.1205,0.081955,-0.034347,-0.068721,8.1618
1.2602,2.1205,0.081951,-0.034331,-0.068786,8.1696
1.2602,2.1205,0.081948,-0.03432,-0.068897,8.1701
1.2603,2.1205,0.081944,-0.034309,-0.069033,8.1693
1.2603,2.1205,0.08194,-0.034297,-0.069187,8.1848
1.2604,2.1205,0.081937,-0.034278,-0.069304,8.1784
1.2604,2.1205,0.081933,-0.034263,-0.069374,8.1731
1.2605,2.1205,0.081929,-0.034241,-0.069379,8.1794
1.2605,2.1205,0.081926,-0.03421,-0.069311,8.1753
1.2606,2.1205,0.081922,-0.034177,-0.069211,8.1673
1.2606,2.1205,0.081918,-0.034146,-0.069078,8.1716
1.2607,2.1205,0.081915,-0.034127,-0.068914,8.1718
1.2607,2.1205,0.081911,-0.034108,-0.068786,8.158
1.2608,2.1205,0.081908,-0.034086,-0.068671,8.165
1.2608,2.1205,0.081904,-0.034066,-0.068549,8.1675
1.2609,2.1205,0.0819,-0.034046,-0.068452,8.1572
1.2609,2.1205,0.081897,-0.034015,-0.068352,8.1553
1.261,2.1205,0.081893,-0.033989,-0.06826,8.1725
1.2611,2.1205,0.08189,-0.033976,-0.06818,8.1616
1.2611,2.1205,0.081886,-0.033985,-0.068123,8.1593
1.2612,2.1205,0.081882,-0.034009,-0.068089,8.1624
1.2612,2.1205,0.081879,-0.034045,-0.068059,8.1634
1.2613,2.1205,0.081875,-0.034097,-0.068021,8.1568
1.2613,2.1205,0.081872,-0.034145,-0.068002,8.1719
1.2614,2.1205,0.081868,-0.034188,-0.067985,8.1774
1.2614,2.1205,0.081865,-0.034221,-0.067966,8.1699
1.2615,2.1205,0.081861,-0.034251,-0.067932,8.1787
1.2615,2.1205,0.081857,-0.03428,-0.06788,8.182
1.2616,2.1205,0.081854,-0.034303,-0.067755,8.1719
1.2616,2.1204,0.08185,-0.034323,-0.06758,8.1657
1.2617,2.1204,0.081847,-0.034354,-0.06741,8.1772
1.2617,2.1204,0.081843,-0.034385,-0.067305,8.169
1.2618,2.1204,0.08184,-0.034418,-0.067279,8.1741
1.2618,2.1204,0.081836,-0.034435,-0.067301,8.1876
1.2619,2.1204,0.081833,-0.03445,-0.067346,8.1833
1.2619,2.1204,0.081829,-0.03445,-0.067378,8.1782
1.262,2.1204,0.081825,-0.034442,-0.067343,8.1913
1.2621,2.1204,0.081822,-0.034427,-0.067283,8.182
1.2621,2.1204,0.081818,-0.034411,-0.067226,8.1692
1.2622,2.1204,0.081815,-0.034401,-0.067191,8.1746
1.2622,2.1204,0.081811,-0.034389,-0.067143,8.1716
1.2623,2.1204,0.081808,-0.034375,-0.06712,8.1617
1.2623,2.1204,0.081804,-0.034367,-0.067103,8.1679
1.2624,2.1204,0.081801,-0.034357,-0.067079,8.1748
1.2624,2.1204,0.081797,-0.034361,-0.067018,8.1715
1.2625,2.1204,0.081794,-0.034366,-0.066996,8.1764
1.2625,2.1204,0.08179,-0.034367,-0.066982,8.1883
1.2626,2.1204,0.081787,-0.034376,-0.066962,8.1833
1.2626,2.1204,0.081783,-0.034379,-0.066922,8.182
1.2627,2.1204,0.08178,-0.03438,-0.066895,8.1875
1.2627,2.1204,0.081776,-0.034382,-0.066859,8.1888
1.2628,2.1204,0.081773,-0.034387,-0.066809,8.1832
1.2628,2.1204,0.081769,-0.034394,-0.066738,8.1987
1.2629,2.1204,0.081765,-0.034407,-0.066685,8.2058
1.2629,2.1204,0.081762,-0.03442,-0.066636,8.2047
1.263,2.1204,0.081758,-0.034433,-0.06659,8.2074
1.2631,2.1204,0.081755,-0.034443,-0.066548,8.2162
1.2631,2.1204,0.081751,-0.034455,-0.06651,8.2075
1.2632,2.1204,0.081748,-0.034468,-0.066475,8.2048
1.2632,2.1204,0.081744,-0.034476,-0.066444,8.2092
1.2633,2.1204,0.081741,-0.034487,-0.066416,8.203
1.2633,2.1204,0.081737,-0.0345,-0.066406,8.1991
1.2634,2.1204,0.081734,-0.034513,-0.066393,8.2056
1.2634,2.1204,0.081731,-0.034526,-0.066323,8.2078
1.2635,2.1204,0.081727,-0.034542,-0.066249,8.2053
1.2635,2.1204,0.081724,-0.03456,-0.066176,8.2082
1.2636,2.1204,0.08172,-0.034581,-0.066111,8.2035
1.2636,2.1204,0.081717,-0.034603,-0.06606,8.1928
1.2637,2.1204,0.081713,-0.034632,-0.066034,8.1928
1.2637,2.1204,0.08171,-0.034663,-0.066042,8.1875
1.2638,2.1204,0.081706,-0.034705,-0.066047,8.1815
1.2638,2.1204,0.081703,-0.03476,-0.066002,8.1866
1.2639,2.1204,0.081699,-0.034821,-0.065999,8.1933
1.2639,2.1204,0.081696,-0.034881,-0.066002,8.1941
1.264,2.1204,0.081692,-0.034938,-0.066039,8.1882
1.2641,2.1204,0.081689,-0.034987,-0.066078,8.1962
1.2641,2.1204,0.081685,-0.03503,-0.066145,8.1899
1.2642,2.1204,0.081682,-0.035064,-0.066219,8.1894
1.2642,2.1204,0.081678,-0.035098,-0.06628,8.1885
1.2643,2.1204,0.081675,-0.035138,-0.066294,8.189
1.2643,2.1204,0.081671,-0.035168,-0.066325,8.1881
1.2644,2.1204,0.081668,-0.035197,-0.066323,8.2003
1.2644,2.1204,0.081664,-0.03522,-0.066347,8.199
1.2645,2.1204,0.081661,-0.035244,-0.066347,8.1845
1.2645,2.1203,0.081657,-0.035271,-0.066395,8.1939
1.2646,2.1203,0.081654,-0.035308,-0.066451,8.1977
1.2646,2.1203,0.08165,-0.035343,-0.066497,8.1791
1.2647,2.1203,0.081647,-0.035373,-0.066513,8.1798
1.2647,2.1203,0.081643,-0.035383,-0.066524,8.1772
1.2648,2.1203,0.08164,-0.035381,-0.066516,8.1604
1.2648,2.1203,0.081636,-0.035367,-0.066481,8.1518
1.2649,2.1203,0.081633,-0.035351,-0.066401,8.1557
1.2649,2.1203,0.081629,-0.03533,-0.066326,8.1454
1.265,2.1203,0.081626,-0.035314,-0.066245,8.1382
1.2651,2.1203,0.081622,-0.035299,-0.066167,8.1466
1.2651,2.1203,0.081619,-0.035293,-0.066099,8.1425
1.2652,2.1203,0.081615,-0.035291,-0.066051,8.1269
1.2652,2.1203,0.081612,-0.035294,-0.066049,8.1308
1.2653,2.1203,0.081609,-0.035296,-0.066011,8.1248
1.2653,2.1203,0.081605,-0.035303,-0.06596,8.1154
1.2654,2.1203,0.081602,-0.035308,-0.065901,8.1244
1.2654,2.1203,0.081598,-0.035319,-0.06584,8.1302
1.2655,2.1203,0.081595,-0.035337,-0.065785,8.1248
1.2655,2.1203,0.081591,-0.035361,-0.065759,8.1207
1.2656,2.1203,0.081588,-0.035383,-0.065743,8.1394
1.2656,2.1203,0.081584,-0.035399,-0.06571,8.1343
1.2657,2.1203,0.081581,-0.035401,-0.065636,8.1308
1.2657,2.1203,0.081577,-0.0354,-0.065564,8.137
1.2658,2.1203,0.081574,-0.035396,-0.065466,8.1363
1.2658,2.1203,0.08157,-0.035399,-0.065362,8.1323
1.2659,2.1203,0.081567,-0.035402,-0.065276,8.1424
1.2659,2.1203,0.081564,-0.035401,-0.06523,8.1415
1.266,2.1203,0.08156,-0.0354,-0.065201,8.1375
1.2661,2.1203,0.081557,-0.035401,-0.065172,8.1417
1.2661,2.1203,0.081553,-0.035407,-0.065161,8.145
1.2662,2.1203,0.08155,-0.035422,-0.065177,8.1273
1.2662,2.1203,0.081546,-0.035437,-0.065161,8.1278
1.2663,2.1203,0.081543,-0.035449,-0.06517,8.1325
1.2663,2.1203,0.08154,-0.035462,-0.065197,8.1188
1.2664,2.1203,0.081536,-0.035474,-0.065234,8.1137
1.2664,2.1203,0.081533,-0.035497,-0.065295,8.128
1.2665,2.1203,0.081529,-0.03554,-0.065313,8.1232
1.2665,2.1203,0.081526,-0.035591,-0.06533,8.1159
1.2666,2.1203,0.081522,-0.03564,-0.065335,8.1282
1.2666,2.1203,0.081519,-0.035687,-0.065309,8.1339
1.2667,2.1203,0.081516,-0.03572,-0.065333,8.1252
1.2667,2.1203,0.081512,-0.035744,-0.065363,8.1306
1.2668,2.1203,0.081509,-0.035759,-0.065417,8.1361
1.2668,2.1203,0.081505,-0.035773,-0.065506,8.1319
1.2669,2.1203,0.081502,-0.035796,-0.065616,8.1397
1.2669,2.1203,0.081498,-0.035818,-0.065735,8.1499
1.267,2.1203,0.081495,-0.035843,-0.065837,8.1491
1.2671,2.1203,0.081491,-0.035873,-0.065849,8.1585
1.2671,2.1203,0.081488,-0.035891,-0.065861,8.1628
1.2672,2.1203,0.081484,-0.035904,-0.065816,8.1602
1.2672,2.1203,0.081481,-0.035926,-0.065715,8.1631
1.2673,2.1203,0.081478,-0.035949,-0.065582,8.1677
1.2673,2.1203,0.081474,-0.035976,-0.065506,8.1656
1.2674,2.1202,0.081471,-0.036001,-0.065438,8.1567
1.2674,2.1202,0.081467,-0.036021,-0.065414,8.1641
1.2675,2.1202,0.081464,-0.03603,-0.065356,8.1631
1.2675,2.1202,0.08146,-0.036019,-0.065335,8.1536
1.2676,2.1202,0.081457,-0.036002,-0.065303,8.1584
1.2676,2.1202,0.081453,-0.036002,-0.065236,8.1643
1.2677,2.1202,0.08145,-0.036001,-0.065149,8.1457
1.2677,2.1202,0.081447,-0.036001,-0.065091,8.1397
1.2678,2.1202,0.081443,-0.036005,-0.065054,8.1406
1.2678,2.1202,0.08144,-0.036014,-0.065046,8.1278
1.2679,2.1202,0.081436,-0.036022,-0.065028,8.1306
1.2679,2.1202,0.081433,-0.036024,-0.065015,8.1324
1.268,2.1202,0.081429,-0.036035,-0.065007,8.1236
1.2681,2.1202,0.081426,-0.036057,-0.065003,8.1233
1.2681,2.1202,0.081423,-0.036072,-0.065002,8.1317
1.2682,2.1202,0.081419,-0.036087,-0.065006,8.1299
1.2682,2.1202,0.081416,-0.036103,-0.065019,8.119
1.2683,2.1202,0.081412,-0.036112,-0.065042,8.1309
1.2683,2.1202,0.081409,-0.036115,-0.065071,8.1341
1.2684,2.1202,0.081406,-0.036113,-0.065099,8.1273
1.2684,2.1202,0.081402,-0.036129,-0.065137,8.1348
1.2685,2.1202,0.081399,-0.036152,-0.065158,8.1415
1.2685,2.1202,0.081395,-0.036186,-0.065127,8.1344
1.2686,2.1202,0.081392,-0.036224,-0.065062,8.1449
1.2686,2.1202,0.081388,-0.036268,-0.064964,8.1601
1.2687,2.1202,0.081385,-0.036306,-0.064897,8.1579
1.2687,2.1202,0.081382,-0.036335,-0.064862,8.1526
1.2688,2.1202,0.081378,-0.036351,-0.064867,8.1579
1.2688,2.1202,0.081375,-0.036351,-0.064918,8.1513
1.2689,2.1202,0.081371,-0.036332,-0.064959,8.144
1.2689,2.1202,0.081368,-0.036306,-0.064997,8.1557
1.269,2.1202,0.081364,-0.036281,-0.065035,8.1559
1.2691,2.1202,0.081361,-0.036262,-0.065057,8.1518
1.2691,2.1202,0.081358,-0.036253,-0.065097,8.1536
1.2692,2.1202,0.081354,-0.036262,-0.065135,8.1548
1.2692,2.1202,0.081351,-0.036276,-0.065164,8.1408
1.2693,2.1202,0.081347,-0.03629,-0.065178,8.1452
1.2693,2.1202,0.081344,-0.036302,-0.065168,8.1377
1.2694,2.1202,0.08134,-0.036317,-0.065175,8.129
1.2694,2.1202,0.081337,-0.036331,-0.065186,8.1226
1.2695,2.1202,0.081334,-0.036333,-0.065199,8.1322
1.2695,2.1202,0.08133,-0.036322,-0.065198,8.1287
1.2696,2.1202,0.081327,-0.03631,-0.065214,8.1338
1.2696,2.1202,0.081323,-0.03629,-0.065278,8.1463
1.2697,2.1202,0.08132,-0.036264,-0.065374,8.1493
1.2697,2.1202,0.081316,-0.036234,-0.06547,8.1465
1.2698,2.1202,0.081313,-0.036211,-0.065577,8.1551
1.2698,2.1202,0.08131,-0.036193,-0.065712,8.1618
1.2699,2.1202,0.081306,-0.036177,-0.065848,8.1521
1.2699,2.1202,0.081303,-0.03616,-0.065971,8.1588
1.27,2.1202,0.081299,-0.036154,-0.066077,8.171
1.2701,2.1202,0.081296,-0.036152,-0.066158,8.1512
1.2701,2.1201,0.081292,-0.036149,-0.066168,8.151
1.2702,2.1201,0.081289,-0.036145,-0.066073,8.1619
1.2702,2.1201,0.081285,-0.036136,-0.065935,8.1513
1.2703,2.1201,0.081282,-0.036124,-0.065803,8.153
1.2703,2.1201,0.081278,-0.036121,-0.065674,8.1512
1.2704,2.1201,0.081275,-0.036114,-0.065618,8.1397
1.2704,2.1201,0.081271,-0.036112,-0.065609,8.1317
1.2705,2.1201,0.081268,-0.036117,-0.06562,8.1315
1.2705,2.1201,0.081264,-0.03612,-0.065665,8.1282
1.2706,2.1201,0.081261,-0.036111,-0.065709,8.1198
1.2706,2.1201,0.081258,-0.036086,-0.065744,8.1253
1.2707,2.1201,0.081254,-0.036059,-0.065774,8.1331
1.2707,2.1201,0.081251,-0.036038,-0.06582,8.1154
1.2708,2.1201,0.081247,-0.036015,-0.065897,8.1097
1.2708,2.1201,0.081244,-0.035995,-0.065967,8.1151
1.2709,2.1201,0.08124,-0.035978,-0.065994,8.0975
1.2709,2.1201,0.081237,-0.035955,-0.066044,8.0905
1.271,2.1201,0.081233,-0.035918,-0.066067,8.1015
1.2711,2.1201,0.08123,-0.035871,-0.066085,8.0961
1.2711,2.1201,0.081226,-0.03582,-0.066133,8.1004
1.2712,2.1201,0.081223,-0.035769,-0.06617,8.1107
1.2712,2.1201,0.081219,-0.035727,-0.066196,8.1208
1.2713,2.1201,0.081216,-0.03569,-0.066233,8.1175
1.2713,2.1201,0.081212,-0.035655,-0.066259,8.1284
1.2714,2.1201,0.081209,-0.035616,-0.066297,8.1343
1.2714,2.1201,0.081205,-0.035573,-0.066314,8.1229
1.2715,2.1201,0.081202,-0.035535,-0.066345,8.1277
1.2715,2.1201,0.081198,-0.035491,-0.066384,8.1331
1.2716,2.1201,0.081195,-0.035457,-0.066359,8.1203
1.2716,2.1201,0.081191,-0.035432,-0.066298,8.1345
1.2717,2.1201,0.081188,-0.035407,-0.066198,8.1458
1.2717,2.1201,0.081184,-0.035381,-0.066079,8.1349
1.2718,2.1201,0.081181,-0.035353,-0.065934,8.1305
1.2718,2.1201,0.081177,-0.035316,-0.065753,8.1378
1.2719,2.1201,0.081174,-0.035286,-0.065572,8.1337
1.2719,2.1201,0.081171,-0.03525,-0.065444,8.1215
1.272,2.1201,0.081167,-0.035224,-0.065306,8.1261
1.2721,2.1201,0.081164,-0.035196,-0.065199,8.125
1.2721,2.1201,0.08116,-0.035181,-0.065095,8.1157
1.2722,2.1201,0.081157,-0.035186,-0.06508,8.1224
1.2722,2.1201,0.081153,-0.035203,-0.065072,8.1275
1.2723,2.1201,0.08115,-0.03522,-0.065033,8.1189
1.2723,2.1201,0.081147,-0.035242,-0.065018,8.121
1.2724,2.1201,0.081143,-0.035259,-0.065035,8.1248
1.2724,2.1201,0.08114,-0.03527,-0.064975,8.113
1.2725,2.1201,0.081136,-0.035273,-0.064932,8.1224
1.2725,2.1201,0.081133,-0.035281,-0.064884,8.1369
1.2726,2.1201,0.08113,-0.035295,-0.06487,8.1328
1.2726,2.1201,0.081126,-0.035305,-0.064831,8.1323
1.2727,2.1201,0.081123,-0.03532,-0.064774,8.1483
1.2727,2.1201,0.081119,-0.035338,-0.06474,8.154
1.2728,2.1201,0.081116,-0.035358,-0.064716,8.1505
1.2728,2.1201,0.081112,-0.035376,-0.064658,8.1627
1.2729,2.1201,0.081109,-0.035398,-0.064618,8.1596
1.2729,2.12,0.081106,-0.035421,-0.064582,8.1617
1.273,2.12,0.081102,-0.035443,-0.064534,8.1637
1.2731,2.12,0.081099,-0.035459,-0.064517,8.1671
1.2731,2.12,0.081095,-0.03548,-0.064521,8.1618
1.2732,2.12,0.081092,-0.035507,-0.064539,8.1679
1.2732,2.12,0.081089,-0.035536,-0.064546,8.177
1.2733,2.12,0.081085,-0.035565,-0.064577,8.1699
1.2733,2.12,0.081082,-0.0356,-0.064618,8.1643
1.2734,2.12,0.081078,-0.035629,-0.064666,8.1663
1.2734,2.12,0.081075,-0.035653,-0.064669,8.1558
1.2735,2.12,0.081072,-0.035672,-0.064669,8.1503
1.2735,2.12,0.081068,-0.035688,-0.064646,8.1577
1.2736,2.12,0.081065,-0.035703,-0.064602,8.151
1.2736,2.12,0.081061,-0.035715,-0.064536,8.1504
1.2737,2.12,0.081058,-0.035729,-0.064498,8.1565
1.2737,2.12,0.081055,-0.035734,-0.06448,8.1608
1.2738,2.12,0.081051,-0.035721,-0.064505,8.1558
1.2738,2.12,0.081048,-0.035698,-0.06451,8.162
1.2739,2.12,0.081045,-0.035673,-0.06449,8.1668
1.2739,2.12,0.081041,-0.035647,-0.064422,8.1615
1.274,2.12,0.081038,-0.035626,-0.06434,8.1587
1.2741,2.12,0.081034,-0.035606,-0.06422,8.1689
1.2741,2.12,0.081031,-0.035594,-0.064088,8.1676
1.2742,2.12,0.081028,-0.035579,-0.063986,8.1688
1.2742,2.12,0.081024,-0.035556,-0.063923,8.1812
1.2743,2.12,0.081021,-0.03554,-0.063849,8.1835
1.2743,2.12,0.081018,-0.035523,-0.063781,8.1804
1.2744,2.12,0.081014,-0.035509,-0.063679,8.1922
1.2744,2.12,0.081011,-0.035494,-0.063601,8.189
1.2745,2.12,0.081007,-0.035473,-0.063486,8.1796
1.2745,2.12,0.081004,-0.035439,-0.063373,8.188
1.2746,2.12,0.081001,-0.035404,-0.063294,8.1897
1.2746,2.12,0.080997,-0.03537,-0.063232,8.1764
1.2747,2.12,0.080994,-0.035355,-0.063194,8.1792
1.2747,2.12,0.080991,-0.03535,-0.063168,8.1902
1.2748,2.12,0.080988,-0.035359,-0.063127,8.1841
1.2748,2.12,0.080984,-0.035372,-0.063103,8.1791
1.2749,2.12,0.080981,-0.03539,-0.06306,8.191
1.2749,2.12,0.080978,-0.035398,-0.063017,8.1797
1.275,2.12,0.080974,-0.035406,-0.062988,8.1714
1.2751,2.12,0.080971,-0.035412,-0.062978,8.1732
1.2751,2.12,0.080968,-0.03542,-0.062999,8.1758
1.2752,2.12,0.080964,-0.035428,-0.063008,8.1634
1.2752,2.12,0.080961,-0.035438,-0.063021,8.1764
1.2753,2.12,0.080958,-0.03545,-0.063035,8.188
1.2753,2.12,0.080954,-0.035461,-0.063052,8.1813
1.2754,2.12,0.080951,-0.035466,-0.063069,8.1865
1.2754,2.12,0.080948,-0.035467,-0.063091,8.199
1.2755,2.12,0.080944,-0.035465,-0.063116,8.1968
1.2755,2.12,0.080941,-0.035463,-0.063145,8.1888
1.2756,2.12,0.080938,-0.035464,-0.063176,8.1987
1.2756,2.12,0.080934,-0.035472,-0.063213,8.2002
1.2757,2.12,0.080931,-0.035483,-0.063256,8.1953
1.2757,2.1199,0.080928,-0.035493,-0.063303,8.2056
1.2758,2.1199,0.080924,-0.0355,-0.063353,8.203
1.2758,2.1199,0.080921,-0.035507,-0.063407,8.1953
1.2759,2.1199,0.080918,-0.035517,-0.063479,8.2052
1.2759,2.1199,0.080914,-0.035525,-0.063527,8.1983
1.276,2.1199,0.080911,-0.035533,-0.063556,8.1857
1.2761,2.1199,0.080908,-0.035544,-0.063577,8.1904
1.2761,2.1199,0.080904,-0.035553,-0.063596,8.1887
1.2762,2.1199,0.080901,-0.035565,-0.063637,8.1779
1.2762,2.1199,0.080898,-0.035577,-0.063664,8.1738
1.2763,2.1199,0.080894,-0.035589,-0.063694,8.1841
1.2763,2.1199,0.080891,-0.035601,-0.063744,8.1781
1.2764,2.1199,0.080888,-0.035602,-0.063779,8.1744
1.2764,2.1199,0.080884,-0.03559,-0.06384,8.182
1.2765,2.1199,0.080881,-0.03557,-0.063892,8.1684
1.2765,2.1199,0.080878,-0.035546,-0.063963,8.1607
1.2766,2.1199,0.080874,-0.035523,-0.064028,8.1682
1.2766,2.1199,0.080871,-0.035507,-0.064049,8.1676
1.2767,2.1199,0.080867,-0.035496,-0.064075,8.1589
1.2767,2.1199,0.080864,-0.035492,-0.064092,8.1691
1.2768,2.1199,0.080861,-0.0355,-0.064097,8.1805
1.2768,2.1199,0.080857,-0.035508,-0.064078,8.1714
1.2769,2.1199,0.080854,-0.03552,-0.064021,8.184
1.2769,2.1199,0.080851,-0.035533,-0.063979,8.1935
1.277,2.1199,0.080847,-0.035544,-0.063945,8.1825
1.2771,2.1199,0.080844,-0.035564,-0.063915,8.1865
1.2771,2.1199,0.08084,-0.035579,-0.06392,8.1883
1.2772,2.1199,0.080837,-0.035578,-0.063945,8.1915
1.2772,2.1199,0.080834,-0.035574,-0.063994,8.182
1.2773,2.1199,0.08083,-0.035558,-0.064007,8.1927
1.2773,2.1199,0.080827,-0.035549,-0.064013,8.1916
1.2774,2.1199,0.080824,-0.035551,-0.064029,8.1802
1.2774,2.1199,0.08082,-0.035564,-0.064066,8.1863
1.2775,2.1199,0.080817,-0.035592,-0.064093,8.176
1.2775,2.1199,0.080813,-0.035623,-0.064131,8.1692
1.2776,2.1199,0.08081,-0.035646,-0.064191,8.1759
1.2776,2.1199,0.080807,-0.035665,-0.06428,8.1701
1.2777,2.1199,0.080803,-0.035674,-0.064356,8.1574
1.2777,2.1199,0.0808,-0.035687,-0.064436,8.1622
1.2778,2.1199,0.080797,-0.035695,-0.064517,8.1671
1.2778,2.1199,0.080793,-0.035703,-0.064602,8.1673
1.2779,2.1199,0.08079,-0.035706,-0.064688,8.1695
1.2779,2.1199,0.080786,-0.035713,-0.064778,8.1795
1.278,2.1199,0.080783,-0.035713,-0.064869,8.1698
1.2781,2.1199,0.080779,-0.035718,-0.064966,8.1711
1.2781,2.1199,0.080776,-0.035708,-0.065064,8.1731
1.2782,2.1199,0.080773,-0.035702,-0.065173,8.1742
1.2782,2.1199,0.080769,-0.035693,-0.065267,8.1624
1.2783,2.1199,0.080766,-0.035693,-0.065311,8.1808
1.2783,2.1199,0.080762,-0.035706,-0.065324,8.184
1.2784,2.1199,0.080759,-0.035734,-0.065322,8.1838
1.2784,2.1199,0.080755,-0.035769,-0.065325,8.1946
1.2785,2.1199,0.080752,-0.035795,-0.065351,8.2084
1.2785,2.1199,0.080749,-0.035802,-0.065412,8.2075
1.2786,2.1198,0.080745,-0.035789,-0.065536,8.2137
1.2786,2.1198,0.080742,-0.035751,-0.065646,8.2235
1.2787,2.1198,0.080738,-0.035691,-0.065723,8.2166
1.2787,2.1198,0.080735,-0.035637,-0.065807,8.2084
1.2788,2.1198,0.080731,-0.035593,-0.06586,8.2202
1.2788,2.1198,0.080728,-0.035566,-0.065914,8.2157
1.2789,2.1198,0.080724,-0.035546,-0.065942,8.2095
1.2789,2.1198,0.080721,-0.035546,-0.065962,8.215
1.279,2.1198,0.080717,-0.035547,-0.065998,8.2034
1.2791,2.1198,0.080714,-0.03554,-0.066025,8.2003
1.2791,2.1198,0.08071,-0.035511,-0.066072,8.2019
1.2792,2.1198,0.080707,-0.035483,-0.066155,8.199
1.2792,2.1198,0.080703,-0.035453,-0.066244,8.1899
1.2793,2.1198,0.0807,-0.035428,-0.066363,8.1886
1.2793,2.1198,0.080696,-0.03542,-0.066458,8.1965
1.2794,2.1198,0.080693,-0.035421,-0.06658,8.1931
1.2794,2.1198,0.080689,-0.035423,-0.066723,8.1912
1.2795,2.1198,0.080686,-0.035428,-0.066896,8.2031
1.2795,2.1198,0.080682,-0.035425,-0.067062,8.1991
1.2796,2.1198,0.080679,-0.035421,-0.067179,8.1933
1.2796,2.1198,0.080675,-0.035415,-0.067254,8.2094
1.2797,2.1198,0.080672,-0.035414,-0.06731,8.2054
1.2797,2.1198,0.080668,-0.035422,-0.06733,8.1953
1.2798,2.1198,0.080665,-0.035428,-0.067334,8.2143
1.2798,2.1198,0.080661,-0.03543,-0.067348,8.2189
1.2799,2.1198,0.080658,-0.035437,-0.067364,8.2207
1.2799,2.1198,0.080654,-0.035434,-0.067367,8.2286
1.28,2.1198,0.080651,-0.035424,-0.067349,8.2298
1.2801,2.1198,0.080647,-0.035409,-0.067355,8.2206
1.2801,2.1198,0.080643,-0.035387,-0.067422,8.2162
1.2802,2.1198,0.08064,-0.035376,-0.067502,8.218
1.2802,2.1198,0.080636,-0.035372,-0.067544,8.2098
1.2803,2.1198,0.080633,-0.035353,-0.067596,8.2087
1.2803,2.1198,0.080629,-0.035338,-0.067593,8.2114
1.2804,2.1198,0.080626,-0.035322,-0.067568,8.2075
1.2804,2.1198,0.080622,-0.035303,-0.067554,8.1965
1.2805,2.1198,0.080619,-0.035281,-0.067539,8.2033
1.2805,2.1198,0.080615,-0.035263,-0.06755,8.2032
1.2806,2.1198,0.080611,-0.03525,-0.067583,8.189
1.2806,2.1198,0.080608,-0.035231,-0.067605,8.1914
1.2807,2.1198,0.080604,-0.035199,-0.067611,8.1893
1.2807,2.1198,0.080601,-0.035167,-0.067582,8.1821
1.2808,2.1198,0.080597,-0.035133,-0.067557,8.1847
1.2808,2.1198,0.080594,-0.0351,-0.067574,8.1986
1.2809,2.1198,0.08059,-0.035075,-0.067566,8.193
1.2809,2.1198,0.080587,-0.035064,-0.067585,8.1951
1.281,2.1198,0.080583,-0.035064,-0.067611,8.2169
1.2811,2.1198,0.080579,-0.03507,-0.067623,8.2028
1.2811,2.1198,0.080576,-0.035085,-0.067621,8.1984
1.2812,2.1198,0.080572,-0.035086,-0.067612,8.2076
1.2812,2.1198,0.080569,-0.035067,-0.067592,8.208
1.2813,2.1198,0.080565,-0.035037,-0.067551,8.2035
1.2813,2.1198,0.080562,-0.035004,-0.067475,8.2067
1.2814,2.1197,0.080558,-0.034968,-0.067409,8.2036
1.2814,2.1197,0.080555,-0.034935,-0.067335,8.2
1.2815,2.1197,0.080551,-0.034901,-0.067288,8.2034
1.2815,2.1197,0.080547,-0.034865,-0.067291,8.2092
1.2816,2.1197,0.080544,-0.034823,-0.067322,8.1934
1.2816,2.1197,0.08054,-0.034791,-0.067364,8.1863
1.2817,2.1197,0.080537,-0.034766,-0.067392,8.189
1.2817,2.1197,0.080533,-0.034761,-0.067422,8.1777
1.2818,2.1197,0.08053,-0.034764,-0.067452,8.1685
1.2818,2.1197,0.080526,-0.034767,-0.067484,8.1715
1.2819,2.1197,0.080523,-0.034761,-0.067515,8.1635
1.2819,2.1197,0.080519,-0.034753,-0.067563,8.1472
1.282,2.1197,0.080516,-0.034754,-0.067587,8.1539
1.2821,2.1197,0.080512,-0.034757,-0.067608,8.1495
1.2821,2.1197,0.080508,-0.034745,-0.067594,8.1373
1.2822,2.1197,0.080505,-0.034729,-0.067557,8.143
1.2822,2.1197,0.080501,-0.034708,-0.067525,8.1453
1.2823,2.1197,0.080498,-0.03468,-0.067473,8.1368
1.2823,2.1197,0.080494,-0.03466,-0.067421,8.1402
1.2824,2.1197,0.080491,-0.034649,-0.067405,8.1505
1.2824,2.1197,0.080487,-0.034648,-0.067363,8.1495
1.2825,2.1197,0.080484,-0.034651,-0.067329,8.1503
1.2825,2.1197,0.08048,-0.034656,-0.067278,8.1636
1.2826,2.1197,0.080476,-0.034665,-0.067238,8.159
1.2826,2.1197,0.080473,-0.034683,-0.067225,8.1582
1.2827,2.1197,0.080469,-0.034696,-0.067207,8.1617
1.2827,2.1197,0.080466,-0.034703,-0.067205,8.1602
1.2828,2.1197,0.080462,-0.034688,-0.067229,8.1435
1.2828,2.1197,0.080459,-0.034656,-0.06724,8.1545
1.2829,2.1197,0.080455,-0.034615,-0.06725,8.1563
1.2829,2.1197,0.080452,-0.03457,-0.067278,8.1427
1.283,2.1197,0.080448,-0.034527,-0.06728,8.1531
1.2831,2.1197,0.080445,-0.034489,-0.067262,8.1571
1.2831,2.1197,0.080441,-0.034452,-0.067231,8.1447
1.2832,2.1197,0.080438,-0.034417,-0.067211,8.138
1.2832,2.1197,0.080434,-0.034383,-0.067167,8.138
1.2833,2.1197,0.08043,-0.034347,-0.067111,8.1312
1.2833,2.1197,0.080427,-0.034315,-0.067061,8.121
1.2834,2.1197,0.080423,-0.034293,-0.067032,8.1275
1.2834,2.1197,0.08042,-0.034288,-0.066988,8.1235
1.2835,2.1197,0.080416,-0.034295,-0.066953,8.1211
1.2835,2.1197,0.080413,-0.034307,-0.066936,8.1285
1.2836,2.1197,0.080409,-0.034326,-0.066947,8.1356
1.2836,2.1197,0.080406,-0.034343,-0.066942,8.1283
1.2837,2.1197,0.080402,-0.034351,-0.066938,8.1375
1.2837,2.1197,0.080399,-0.034353,-0.066935,8.1413
1.2838,2.1197,0.080395,-0.034354,-0.066932,8.1332
1.2838,2.1197,0.080392,-0.034355,-0.066932,8.1479
1.2839,2.1197,0.080388,-0.034354,-0.066929,8.1594
1.2839,2.1197,0.080385,-0.03435,-0.066926,8.1528
1.284,2.1197,0.080381,-0.034348,-0.066921,8.1657
1.2841,2.1197,0.080378,-0.03434,-0.066915,8.1812
1.2841,2.1197,0.080374,-0.034329,-0.066914,8.1778
1.2842,2.1197,0.080371,-0.034316,-0.066912,8.1662
1.2842,2.1197,0.080367,-0.034305,-0.066913,8.1825
1.2843,2.1196,0.080364,-0.034296,-0.06692,8.1779
1.2843,2.1196,0.08036,-0.034292,-0.066927,8.1642
1.2844,2.1196,0.080356,-0.034295,-0.066936,8.1706
1.2844,2.1196,0.080353,-0.034299,-0.066942,8.1709
1.2845,2.1196,0.080349,-0.034302,-0.066942,8.1567
1.2845,2.1196,0.080346,-0.034304,-0.066941,8.1658
1.2846,2.1196,0.080342,-0.034307,-0.066937,8.1654
1.2846,2.1196,0.080339,-0.034311,-0.066932,8.1581
1.2847,2.1196,0.080335,-0.034314,-0.066931,8.1587
1.2847,2.1196,0.080332,-0.034318,-0.066932,8.1643
1.2848,2.1196,0.080328,-0.034322,-0.066934,8.1487
1.2848,2.1196,0.080325,-0.034326,-0.066932,8.1415
1.2849,2.1196,0.080321,-0.034331,-0.066932,8.1568
1.2849,2.1196,0.080318,-0.034336,-0.066927,8.1486
1.285,2.1196,0.080314,-0.034341,-0.066924,8.1435
1.2851,2.1196,0.080311,-0.034346,-0.066923,8.1563
1.2851,2.1196,0.080307,-0.034352,-0.066925,8.1619
1.2852,2.1196,0.080304,-0.034358,-0.066932,8.1554
1.2852,2.1196,0.0803,-0.034364,-0.066939,8.1657
1.2853,2.1196,0.080297,-0.034371,-0.066947,8.1651
1.2853,2.1196,0.080293,-0.034378,-0.066957,8.162
1.2854,2.1196,0.08029,-0.034385,-0.066962,8.1647
1.2854,2.1196,0.080286,-0.034392,-0.066966,8.1719
1.2855,2.1196,0.080283,-0.0344,-0.066968,8.1703
1.2855,2.1196,0.080279,-0.034408,-0.066968,8.1796
1.2856,2.1196,0.080275,-0.034416,-0.066969,8.1906
1.2856,2.1196,0.080272,-0.034424,-0.066964,8.1858
1.2857,2.1196,0.080268,-0.034433,-0.066961,8.1834
1.2857,2.1196,0.080265,-0.034442,-0.066958,8.1913
1.2858,2.1196,0.080261,-0.034451,-0.066961,8.1823
1.2858,2.1196,0.080258,-0.034461,-0.066968,8.1703
1.2859,2.1196,0.080254,-0.034471,-0.066979,8.1724
1.2859,2.1196,0.080251,-0.034481,-0.066993,8.1726
1.286,2.1196,0.080247,-0.034491,-0.067007,8.1661
1.2861,2.1196,0.080244,-0.034503,-0.067019,8.1722
1.2861,2.1196,0.08024,-0.034516,-0.067031,8.1747
1.2862,2.1196,0.080237,-0.034526,-0.067044,8.1631
1.2862,2.1196,0.080233,-0.03453,-0.067056,8.1613
1.2863,2.1196,0.08023,-0.034526,-0.067065,8.1661
1.2863,2.1196,0.080226,-0.034516,-0.06707,8.1534
1.2864,2.1196,0.080223,-0.034507,-0.06707,8.1506
1.2864,2.1196,0.080219,-0.034502,-0.067066,8.159
1.2865,2.1196,0.080215,-0.034509,-0.067059,8.1563
1.2865,2.1196,0.080212,-0.034526,-0.067065,8.155
1.2866,2.1196,0.080208,-0.034544,-0.067047,8.1649
1.2866,2.1196,0.080205,-0.034562,-0.067011,8.166
1.2867,2.1196,0.080201,-0.034567,-0.066962,8.1509
1.2867,2.1196,0.080198,-0.034561,-0.066906,8.1593
1.2868,2.1196,0.080194,-0.034551,-0.066851,8.1556
1.2868,2.1196,0.080191,-0.034547,-0.066804,8.1435
1.2869,2.1196,0.080187,-0.034548,-0.066771,8.1493
1.2869,2.1196,0.080184,-0.034556,-0.066763,8.1549
1.287,2.1196,0.08018,-0.034571,-0.066743,8.1481
1.2871,2.1196,0.080177,-0.03459,-0.066723,8.1498
1.2871,2.1196,0.080173,-0.0346,-0.066702,8.1615
1.2872,2.1195,0.08017,-0.034606,-0.066682,8.1519
1.2872,2.1195,0.080166,-0.03462,-0.066659,8.1494
1.2873,2.1195,0.080163,-0.034634,-0.066635,8.1518
1.2873,2.1195,0.080159,-0.034643,-0.066607,8.1373
1.2874,2.1195,0.080156,-0.034659,-0.06658,8.1293
1.2874,2.1195,0.080152,-0.034684,-0.066553,8.1249
1.2875,2.1195,0.080149,-0.034718,-0.066525,8.1215
1.2875,2.1195,0.080145,-0.034758,-0.066496,8.106
1.2876,2.1195,0.080142,-0.034811,-0.066465,8.1118
1.2876,2.1195,0.080138,-0.034877,-0.066434,8.1187
1.2877,2.1195,0.080135,-0.034936,-0.066403,8.1087
1.2877,2.1195,0.080131,-0.03499,-0.06637,8.1159
1.2878,2.1195,0.080128,-0.035038,-0.066337,8.1206
1.2878,2.1195,0.080124,-0.035088,-0.066303,8.1126
1.2879,2.1195,0.080121,-0.035124,-0.066269,8.1117
1.2879,2.1195,0.080117,-0.035155,-0.066235,8.1224
1.288,2.1195,0.080114,-0.03518,-0.0662,8.1224
1.2881,2.1195,0.08011,-0.035216,-0.066165,8.1234
1.2881,2.1195,0.080107,-0.03524,-0.066134,8.1403
1.2882,2.1195,0.080103,-0.035267,-0.066108,8.1402
1.2882,2.1195,0.0801,-0.035283,-0.066085,8.1365
1.2883,2.1195,0.080096,-0.035296,-0.066065,8.1468
1.2883,2.1195,0.080093,-0.035277,-0.066044,8.1455
1.2884,2.1195,0.080089,-0.035244,-0.06602,8.1412
1.2884,2.1195,0.080086,-0.035203,-0.065991,8.1403
1.2885,2.1195,0.080083,-0.035185,-0.065959,8.1415
1.2885,2.1195,0.080079,-0.035176,-0.065925,8.1331
1.2886,2.1195,0.080076,-0.035195,-0.065893,8.1369
1.2886,2.1195,0.080072,-0.035231,-0.06586,8.1466
1.2887,2.1195,0.080069,-0.035274,-0.065826,8.1415
1.2887,2.1195,0.080065,-0.035315,-0.065793,8.1342
1.2888,2.1195,0.080062,-0.035356,-0.065759,8.1415
1.2888,2.1195,0.080058,-0.035392,-0.065725,8.1324
1.2889,2.1195,0.080055,-0.035426,-0.065691,8.1258
1.2889,2.1195,0.080051,-0.03546,-0.065657,8.1285
1.289,2.1195,0.080048,-0.035496,-0.065623,8.1268
1.2891,2.1195,0.080044,-0.03555,-0.065589,8.1181
1.2891,2.1195,0.080041,-0.035608,-0.065556,8.1308
1.2892,2.1195,0.080038,-0.035669,-0.065522,8.1407
1.2892,2.1195,0.080034,-0.035722,-0.065489,8.1361
1.2893,2.1195,0.080031,-0.035744,-0.06547,8.1373
1.2893,2.1195,0.080027,-0.03575,-0.065428,8.1481
1.2894,2.1195,0.080024,-0.035756,-0.065368,8.1423
1.2894,2.1195,0.08002,-0.035768,-0.065296,8.1468
1.2895,2.1195,0.080017,-0.035806,-0.065219,8.153
1.2895,2.1195,0.080013,-0.03586,-0.065143,8.163
1.2896,2.1195,0.08001,-0.035927,-0.065076,8.1652
1.2896,2.1195,0.080007,-0.03599,-0.065025,8.1745
1.2897,2.1195,0.080003,-0.036032,-0.065,8.1825
1.2897,2.1195,0.08,-0.036062,-0.06496,8.181
1.2898,2.1195,0.079996,-0.036087,-0.06492,8.1962
1.2898,2.1195,0.079993,-0.0361,-0.06488,8.1932
1.2899,2.1195,0.07999,-0.036115,-0.06484,8.1849
1.2899,2.1195,0.079986,-0.036129,-0.064801,8.1852
1.29,2.1194,0.079983,-0.036149,-0.064761,8.1873
1.2901,2.1194,0.079979,-0.036174,-0.064723,8.1777
1.2901,2.1194,0.079976,-0.036193,-0.064684,8.1822
1.2902,2.1194,0.079972,-0.036202,-0.064646,8.1933
1.2902,2.1194,0.079969,-0.036216,-0.064609,8.1869
1.2903,2.1194,0.079966,-0.036222,-0.064572,8.1864
1.2903,2.1194,0.079962,-0.03622,-0.064535,8.1902
1.2904,2.1194,0.079959,-0.036217,-0.064499,8.19
1.2904,2.1194,0.079956,-0.036219,-0.064464,8.1808
1.2905,2.1194,0.079952,-0.036232,-0.064429,8.1833
1.2905,2.1194,0.079949,-0.036255,-0.064395,8.1803
1.2906,2.1194,0.079945,-0.036281,-0.064361,8.1746
1.2906,2.1194,0.079942,-0.036317,-0.064328,8.1846
1.2907,2.1194,0.079939,-0.036353,-0.064297,8.1898
1.2907,2.1194,0.079935,-0.036382,-0.064266,8.1859
1.2908,2.1194,0.079932,-0.036406,-0.064235,8.1916
1.2908,2.1194,0.079928,-0.036421,-0.064205,8.2032
1.2909,2.1194,0.079925,-0.036426,-0.064176,8.1936
1.2909,2.1194,0.079922,-0.036419,-0.064148,8.1907
1.291,2.1194,0.079918,-0.036401,-0.06412,8.2058
1.2911,2.1194,0.079915,-0.036373,-0.064092,8.1977
1.2911,2.1194,0.079912,-0.03635,-0.064066,8.1955
1.2912,2.1194,0.079908,-0.036339,-0.06404,8.206
1.2912,2.1194,0.079905,-0.036337,-0.064015,8.2093
1.2913,2.1194,0.079901,-0.03634,-0.063991,8.2041
1.2913,2.1194,0.079898,-0.03635,-0.063967,8.2113
1.2914,2.1194,0.079895,-0.036355,-0.063945,8.2095
1.2914,2.1194,0.079891,-0.036369,-0.063925,8.1978
1.2915,2.1194,0.079888,-0.036383,-0.063905,8.1977
1.2915,2.1194,0.079885,-0.036399,-0.063886,8.1929
1.2916,2.1194,0.079881,-0.036404,-0.063868,8.1849
1.2916,2.1194,0.079878,-0.036404,-0.063851,8.1845
1.2917,2.1194,0.079875,-0.036387,-0.063836,8.1898
1.2917,2.1194,0.079871,-0.036366,-0.063822,8.1865
1.2918,2.1194,0.079868,-0.036343,-0.063809,8.1808
1.2918,2.1194,0.079864,-0.036337,-0.063797,8.1925
1.2919,2.1194,0.079861,-0.036336,-0.063786,8.1818
1.2919,2.1194,0.079858,-0.036337,-0.063777,8.1798
1.292,2.1194,0.079854,-0.036333,-0.063769,8.1865
1.2921,2.1194,0.079851,-0.036336,-0.06376,8.1846
1.2921,2.1194,0.079848,-0.036342,-0.063754,8.1734
1.2922,2.1194,0.079844,-0.036349,-0.063753,8.1887
1.2922,2.1194,0.079841,-0.03636,-0.063755,8.1966
1.2923,2.1194,0.079838,-0.036363,-0.063761,8.1907
1.2923,2.1194,0.079834,-0.036357,-0.06377,8.2043
1.2924,2.1194,0.079831,-0.036346,-0.063777,8.2099
1.2924,2.1194,0.079828,-0.036325,-0.063785,8.2023
1.2925,2.1194,0.079824,-0.036296,-0.06379,8.2006
1.2925,2.1194,0.079821,-0.036265,-0.063795,8.2069
1.2926,2.1194,0.079817,-0.036218,-0.0638,8.2053
1.2926,2.1194,0.079814,-0.036169,-0.063803,8.1959
1.2927,2.1194,0.079811,-0.036121,-0.063806,8.2038
1.2927,2.1194,0.079807,-0.036091,-0.063808,8.2012
1.2928,2.1193,0.079804,-0.036078,-0.063808,8.1974
1.2928,2.1193,0.079801,-0.036076,-0.06381,8.2043
1.2929,2.1193,0.079797,-0.036089,-0.063812,8.2001
1.2929,2.1193,0.079794,-0.036097,-0.063815,8.1894
1.293,2.1193,0.079791,-0.036096,-0.063817,8.1918
1.2931,2.1193,0.079787,-0.036093,-0.063822,8.1892
1.2931,2.1193,0.079784,-0.03609,-0.063829,8.173
1.2932,2.1193,0.079781,-0.036094,-0.063841,8.1805
1.2932,2.1193,0.079777,-0.036103,-0.063859,8.1888
1.2933,2.1193,0.079774,-0.036105,-0.063879,8.1821
1.2933,2.1193,0.07977,-0.036103,-0.0639,8.1865
1.2934,2.1193,0.079767,-0.036079,-0.063923,8.2013
1.2934,2.1193,0.079764,-0.036051,-0.063941,8.1969
1.2935,2.1193,0.07976,-0.036018,-0.063961,8.1935
1.2935,2.1193,0.079757,-0.035978,-0.063978,8.2051
1.2936,2.1193,0.079754,-0.035932,-0.063998,8.2018
1.2936,2.1193,0.07975,-0.035883,-0.064016,8.193
1.2937,2.1193,0.079747,-0.035839,-0.064034,8.2005
1.2937,2.1193,0.079744,-0.035793,-0.064053,8.202
1.2938,2.1193,0.07974,-0.035758,-0.064072,8.1999
1.2938,2.1193,0.079737,-0.035732,-0.064088,8.2091
1.2939,2.1193,0.079733,-0.035715,-0.064104,8.2186
1.2939,2.1193,0.07973,-0.035696,-0.064101,8.2107
1.294,2.1193,0.079727,-0.035671,-0.064125,8.215
1.2941,2.1193,0.079723,-0.035647,-0.064165,8.2146
1.2941,2.1193,0.07972,-0.035619,-0.064217,8.2048
1.2942,2.1193,0.079717,-0.035586,-0.064271,8.1891
1.2942,2.1193,0.079713,-0.035566,-0.064317,8.196
1.2943,2.1193,0.07971,-0.035542,-0.064347,8.1953
1.2943,2.1193,0.079706,-0.03553,-0.064355,8.1881
1.2944,2.1193,0.079703,-0.035514,-0.064336,8.1947
1.2944,2.1193,0.0797,-0.035496,-0.064338,8.1934
1.2945,2.1193,0.079696,-0.035478,-0.064343,8.1775
1.2945,2.1193,0.079693,-0.035449,-0.064351,8.1764
1.2946,2.1193,0.079689,-0.035416,-0.064358,8.1809
1.2946,2.1193,0.079686,-0.035382,-0.064362,8.1672
1.2947,2.1193,0.079683,-0.03534,-0.064364,8.1694
1.2947,2.1193,0.079679,-0.035297,-0.064365,8.1739
1.2948,2.1193,0.079676,-0.035242,-0.064369,8.181
1.2948,2.1193,0.079672,-0.035182,-0.064375,8.1825
1.2949,2.1193,0.079669,-0.035138,-0.064383,8.1951
1.2949,2.1193,0.079666,-0.035098,-0.064389,8.1901
1.295,2.1193,0.079662,-0.035073,-0.06439,8.186
1.2951,2.1193,0.079659,-0.035059,-0.064386,8.1998
1.2951,2.1193,0.079656,-0.035049,-0.064376,8.2005
1.2952,2.1193,0.079652,-0.035036,-0.064365,8.1905
1.2952,2.1193,0.079649,-0.035018,-0.064352,8.2059
1.2953,2.1193,0.079645,-0.034985,-0.064339,8.223
1.2953,2.1193,0.079642,-0.034962,-0.064327,8.21
1.2954,2.1193,0.079639,-0.034936,-0.064315,8.225
1.2954,2.1193,0.079635,-0.034928,-0.06429,8.2279
1.2955,2.1193,0.079632,-0.034934,-0.064291,8.2167
1.2955,2.1193,0.079628,-0.034955,-0.064306,8.2236
1.2956,2.1192,0.079625,-0.034982,-0.064331,8.2224
1.2956,2.1192,0.079622,-0.035005,-0.064355,8.2203
1.2957,2.1192,0.079618,-0.035013,-0.064371,8.2109
1.2957,2.1192,0.079615,-0.035013,-0.064368,8.221
1.2958,2.1192,0.079612,-0.035,-0.064343,8.2224
1.2958,2.1192,0.079608,-0.034984,-0.064289,8.2098
1.2959,2.1192,0.079605,-0.034968,-0.064249,8.2214
1.2959,2.1192,0.079601,-0.034958,-0.064204,8.2231
1.296,2.1192,0.079598,-0.034951,-0.06416,8.2091
1.2961,2.1192,0.079595,-0.034936,-0.064113,8.2206
1.2961,2.1192,0.079591,-0.034922,-0.064065,8.218
1.2962,2.1192,0.079588,-0.034922,-0.064001,8.2094
1.2962,2.1192,0.079585,-0.034939,-0.06396,8.2105
1.2963,2.1192,0.079581,-0.034968,-0.063933,8.2237
1.2963,2.1192,0.079578,-0.035,-0.063899,8.2149
1.2964,2.1192,0.079574,-0.035042,-0.063874,8.2219
1.2964,2.1192,0.079571,-0.035083,-0.06387,8.2336
1.2965,2.1192,0.079568,-0.035116,-0.063886,8.2331
1.2965,2.1192,0.079564,-0.035154,-0.06392,8.229
1.2966,2.1192,0.079561,-0.035203,-0.063958,8.2388
1.2966,2.1192,0.079558,-0.035267,-0.06403,8.2326
1.2967,2.1192,0.079554,-0.035335,-0.064115,8.2207
1.2967,2.1192,0.079551,-0.035398,-0.064151,8.2362
1.2968,2.1192,0.079547,-0.03547,-0.064161,8.2341
1.2968,2.1192,0.079544,-0.035536,-0.064153,8.2288
1.2969,2.1192,0.079541,-0.035601,-0.064134,8.2403
1.2969,2.1192,0.079537,-0.035671,-0.064111,8.2431
1.297,2.1192,0.079534,-0.035751,-0.064091,8.2332
1.2971,2.1192,0.079531,-0.035845,-0.06408,8.224
1.2971,2.1192,0.079527,-0.035944,-0.064098,8.2295
1.2972,2.1192,0.079524,-0.036041,-0.064067,8.2188
1.2972,2.1192,0.07952,-0.036137,-0.064009,8.206
1.2973,2.1192,0.079517,-0.036227,-0.063936,8.2129
1.2973,2.1192,0.079514,-0.036307,-0.063854,8.2041
1.2974,2.1192,0.07951,-0.036382,-0.06377,8.2021
1.2974,2.1192,0.079507,-0.036452,-0.063689,8.2088
1.2975,2.1192,0.079504,-0.03652,-0.063615,8.2115
1.2975,2.1192,0.0795,-0.036579,-0.063557,8.2008
1.2976,2.1192,0.079497,-0.036633,-0.063479,8.201
1.2976,2.1192,0.079494,-0.036684,-0.063392,8.2065
1.2977,2.1192,0.07949,-0.036739,-0.063299,8.199
1.2977,2.1192,0.079487,-0.036798,-0.063199,8.2013
1.2978,2.1192,0.079484,-0.036857,-0.063092,8.2052
1.2978,2.1192,0.07948,-0.036927,-0.062974,8.1982
1.2979,2.1192,0.079477,-0.037006,-0.062843,8.2026
1.2979,2.1192,0.079474,-0.03709,-0.062704,8.2141
1.298,2.1192,0.07947,-0.037177,-0.062561,8.2107
1.2981,2.1192,0.079467,-0.037271,-0.062412,8.2066
1.2981,2.1192,0.079464,-0.037367,-0.062257,8.2122
1.2982,2.1192,0.079461,-0.037467,-0.062101,8.2063
1.2982,2.1192,0.079457,-0.037564,-0.061939,8.1897
1.2983,2.1192,0.079454,-0.037667,-0.061766,8.1913
1.2983,2.1192,0.079451,-0.037775,-0.061582,8.1977
1.2984,2.1191,0.079448,-0.037894,-0.06139,8.1968
1.2984,2.1191,0.079444,-0.038014,-0.061206,8.1943
1.2985,2.1191,0.079441,-0.038142,-0.061003,8.2005
1.2985,2.1191,0.079438,-0.038274,-0.060752,8.181
1.2986,2.1191,0.079435,-0.038419,-0.060471,8.1774
1.2986,2.1191,0.079432,-0.038556,-0.060171,8.1809
1.2987,2.1191,0.079429,-0.038694,-0.059863,8.1659
1.2987,2.1191,0.079425,-0.038827,-0.05957,8.1569
1.2988,2.1191,0.079422,-0.038965,-0.059303,8.1581
1.2988,2.1191,0.079419,-0.039096,-0.059076,8.1564
1.2989,2.1191,0.079416,-0.03923,-0.058856,8.1581
1.2989,2.1191,0.079413,-0.039367,-0.05862,8.1646
1.299,2.1191,0.07941,-0.03951,-0.058379,8.1737
1.2991,2.1191,0.079407,-0.039643,-0.058133,8.1597
1.2991,2.1191,0.079404,-0.039778,-0.057882,8.1705
1.2992,2.1191,0.079401,-0.039913,-0.057627,8.1694
1.2992,2.1191,0.079398,-0.04006,-0.057366,8.157
1.2993,2.1191,0.079395,-0.040213,-0.057102,8.1615
1.2993,2.1191,0.079392,-0.040371,-0.056836,8.1718
1.2994,2.1191,0.079389,-0.040526,-0.056565,8.1607
1.2994,2.1191,0.079386,-0.040672,-0.056286,8.1688
1.2995,2.1191,0.079383,-0.040802,-0.056002,8.1738
1.2995,2.1191,0.07938,-0.040919,-0.055714,8.175
1.2996,2.1191,0.079377,-0.04103,-0.055422,8.1702
1.2996,2.1191,0.079374,-0.041148,-0.055127,8.1715
1.2997,2.1191,0.079371,-0.041275,-0.054831,8.1645
1.2997,2.1191,0.079368,-0.04141,-0.054533,8.1539
1.2998,2.1191,0.079366,-0.041551,-0.054231,8.159
1.2998,2.1191,0.079363,-0.041693,-0.053927,8.1553
1.2999,2.1191,0.07936,-0.041839,-0.053619,8.1421
1.2999,2.1191,0.079357,-0.041988,-0.053308,8.1487
1.3,2.1191,0.079354,-0.042134,-0.053011,8.158
1.3001,2.1191,0.079351,-0.042273,-0.052699,8.1474
1.3001,2.1191,0.079349,-0.042409,-0.052339,8.1501
1.3002,2.1191,0.079346,-0.042541,-0.05195,8.1574
1.3002,2.1191,0.079343,-0.042671,-0.051562,8.147
1.3003,2.1191,0.079341,-0.042802,-0.05115,8.14
1.3003,2.1191,0.079338,-0.04294,-0.050753,8.1558
1.3004,2.1191,0.079335,-0.043078,-0.050351,8.1518
1.3004,2.1191,0.079333,-0.043211,-0.049974,8.1452
1.3005,2.1191,0.07933,-0.043331,-0.049602,8.1643
1.3005,2.1191,0.079327,-0.043449,-0.049238,8.1689
1.3006,2.1191,0.079325,-0.043565,-0.048888,8.1647
1.3006,2.1191,0.079322,-0.043678,-0.04853,8.173
1.3007,2.1191,0.07932,-0.043794,-0.048146,8.1754
1.3007,2.1191,0.079317,-0.043912,-0.047777,8.1731
1.3008,2.119,0.079315,-0.044031,-0.047394,8.1707
1.3008,2.119,0.079312,-0.044158,-0.047029,8.1852
1.3009,2.119,0.07931,-0.044281,-0.046697,8.1775
1.3009,2.119,0.079307,-0.044402,-0.046411,8.1822
1.301,2.119,0.079305,-0.044508,-0.046135,8.1888
1.3011,2.119,0.079303,-0.044601,-0.045841,8.1873
1.3011,2.119,0.0793,-0.044691,-0.045546,8.1837
1.3012,2.119,0.079298,-0.044791,-0.045252,8.1898
1.3012,2.119,0.079295,-0.044894,-0.044956,8.182
1.3013,2.119,0.079293,-0.045008,-0.044661,8.1689
1.3013,2.119,0.079291,-0.045127,-0.044365,8.1751
1.3014,2.119,0.079288,-0.045248,-0.044069,8.1775
1.3014,2.119,0.079286,-0.045369,-0.043773,8.1666
1.3015,2.119,0.079284,-0.045484,-0.043477,8.1717
1.3015,2.119,0.079282,-0.045599,-0.043181,8.1745
1.3016,2.119,0.079279,-0.045717,-0.042886,8.1686
1.3016,2.119,0.079277,-0.045827,-0.042591,8.173
1.3017,2.119,0.079275,-0.045938,-0.042296,8.1817
1.3017,2.119,0.079273,-0.046051,-0.042001,8.1695
1.3018,2.119,0.07927,-0.046168,-0.041722,8.1661
1.3018,2.119,0.079268,-0.046296,-0.041418,8.1739
1.3019,2.119,0.079266,-0.046409,-0.041099,8.1715
1.3019,2.119,0.079264,-0.046519,-0.040787,8.1647
1.302,2.119,0.079262,-0.04662,-0.040451,8.1842
1.3021,2.119,0.07926,-0.04671,-0.040118,8.1903
1.3021,2.119,0.079258,-0.046787,-0.039761,8.1765
1.3022,2.119,0.079256,-0.046853,-0.039418,8.1872
1.3022,2.119,0.079253,-0.046912,-0.039069,8.1907
1.3023,2.119,0.079251,-0.04697,-0.038712,8.1827
1.3023,2.119,0.079249,-0.047021,-0.038364,8.1837
1.3024,2.119,0.079247,-0.047076,-0.038023,8.1912
1.3024,2.119,0.079245,-0.047131,-0.037658,8.1762
1.3025,2.119,0.079243,-0.047187,-0.037294,8.1766
1.3025,2.119,0.079242,-0.047242,-0.036903,8.1892
1.3026,2.119,0.07924,-0.047297,-0.036523,8.1852
1.3026,2.119,0.079238,-0.047351,-0.036116,8.1834
1.3027,2.119,0.079236,-0.047406,-0.035747,8.192
1.3027,2.119,0.079234,-0.047459,-0.035421,8.1852
1.3028,2.119,0.079232,-0.04751,-0.035152,8.1709
1.3028,2.119,0.07923,-0.047555,-0.03492,8.1755
1.3029,2.119,0.079228,-0.047605,-0.034689,8.1748
1.3029,2.1189,0.079227,-0.047661,-0.034478,8.167
1.303,2.1189,0.079225,-0.04772,-0.034257,8.1715
1.3031,2.1189,0.079223,-0.047782,-0.033998,8.176
1.3031,2.1189,0.079221,-0.047838,-0.03372,8.1746
1.3032,2.1189,0.079219,-0.047894,-0.033431,8.178
1.3032,2.1189,0.079218,-0.047958,-0.033154,8.1886
1.3033,2.1189,0.079216,-0.048023,-0.032854,8.1737
1.3033,2.1189,0.079214,-0.048096,-0.032562,8.1682
1.3034,2.1189,0.079213,-0.048164,-0.032316,8.1734
1.3034,2.1189,0.079211,-0.04823,-0.032075,8.163
1.3035,2.1189,0.079209,-0.048295,-0.031872,8.1583
1.3035,2.1189,0.079208,-0.048363,-0.031688,8.16
1.3036,2.1189,0.079206,-0.048437,-0.031513,8.1647
1.3036,2.1189,0.079204,-0.048515,-0.031331,8.1542
1.3037,2.1189,0.079203,-0.048597,-0.03113,8.1658
1.3037,2.1189,0.079201,-0.04867,-0.030943,8.1709
1.3038,2.1189,0.079199,-0.048735,-0.030749,8.1575
1.3038,2.1189,0.079198,-0.048792,-0.030541,8.1606
1.3039,2.1189,0.079196,-0.048849,-0.030377,8.1583
1.3039,2.1189,0.079195,-0.048918,-0.030198,8.1536
1.304,2.1189,0.079193,-0.048991,-0.030011,8.154
1.3041,2.1189,0.079191,-0.04907,-0.029806,8.1592
1.3041,2.1189,0.07919,-0.049158,-0.029614,8.1541
1.3042,2.1189,0.079188,-0.049232,-0.029461,8.1508
1.3042,2.1189,0.079187,-0.049307,-0.029376,8.157
1.3043,2.1189,0.079185,-0.049364,-0.029345,8.1503
1.3043,2.1189,0.079184,-0.049421,-0.029356,8.1467
1.3044,2.1189,0.079182,-0.049482,-0.029345,8.1479
1.3044,2.1189,0.079181,-0.049542,-0.029304,8.1493
1.3045,2.1189,0.079179,-0.049613,-0.029217,8.1392
1.3045,2.1189,0.079178,-0.04969,-0.029109,8.1506
1.3046,2.1189,0.079176,-0.049768,-0.029001,8.1576
1.3046,2.1189,0.079174,-0.049855,-0.028918,8.1456
1.3047,2.1189,0.079173,-0.049947,-0.028846,8.1487
1.3047,2.1189,0.079171,-0.050053,-0.028784,8.1593
1.3048,2.1189,0.07917,-0.050169,-0.028732,8.1586
1.3048,2.1189,0.079168,-0.050273,-0.02869,8.1588
1.3049,2.1189,0.079167,-0.050376,-0.028657,8.1658
1.3049,2.1189,0.079165,-0.050466,-0.028635,8.1622
1.305,2.1188,0.079164,-0.050547,-0.028608,8.151
1.3051,2.1188,0.079162,-0.050625,-0.028616,8.1627
1.3051,2.1188,0.079161,-0.050705,-0.028636,8.1651
1.3052,2.1188,0.079159,-0.050792,-0.028699,8.1581
1.3052,2.1188,0.079158,-0.050896,-0.028776,8.1689
1.3053,2.1188,0.079156,-0.050994,-0.02889,8.1709
1.3053,2.1188,0.079155,-0.051096,-0.029005,8.1559
1.3054,2.1188,0.079153,-0.051182,-0.029156,8.1557
1.3054,2.1188,0.079152,-0.051255,-0.029273,8.1578
1.3055,2.1188,0.07915,-0.051312,-0.029368,8.147
1.3055,2.1188,0.079149,-0.051361,-0.029437,8.1466
1.3056,2.1188,0.079147,-0.051411,-0.029542,8.1535
1.3056,2.1188,0.079146,-0.051475,-0.029647,8.1463
1.3057,2.1188,0.079144,-0.051546,-0.029764,8.1436
1.3057,2.1188,0.079142,-0.051631,-0.029904,8.1597
1.3058,2.1188,0.079141,-0.051722,-0.030079,8.1597
1.3058,2.1188,0.079139,-0.051815,-0.030252,8.1557
1.3059,2.1188,0.079138,-0.051904,-0.030411,8.1562
1.3059,2.1188,0.079136,-0.05199,-0.030561,8.1543
1.306,2.1188,0.079134,-0.052081,-0.03075,8.152
1.3061,2.1188,0.079133,-0.052175,-0.030943,8.1676
1.3061,2.1188,0.079131,-0.052266,-0.031134,8.1729
1.3062,2.1188,0.079129,-0.052352,-0.031311,8.1707
1.3062,2.1188,0.079128,-0.052436,-0.031451,8.1793
1.3063,2.1188,0.079126,-0.052527,-0.031607,8.193
1.3063,2.1188,0.079124,-0.052618,-0.031742,8.1834
1.3064,2.1188,0.079123,-0.052707,-0.031837,8.1869
1.3064,2.1188,0.079121,-0.0528,-0.031927,8.1989
1.3065,2.1188,0.079119,-0.05289,-0.031999,8.1923
1.3065,2.1188,0.079118,-0.052971,-0.032063,8.1822
1.3066,2.1188,0.079116,-0.053048,-0.032088,8.1944
1.3066,2.1188,0.079114,-0.053124,-0.032091,8.1959
1.3067,2.1188,0.079113,-0.053208,-0.032134,8.1925
1.3067,2.1188,0.079111,-0.053284,-0.032183,8.2021
1.3068,2.1188,0.079109,-0.053364,-0.032257,8.2093
1.3068,2.1188,0.079108,-0.053443,-0.032379,8.1977
1.3069,2.1188,0.079106,-0.053516,-0.032513,8.2056
1.3069,2.1187,0.079104,-0.053586,-0.03266,8.2032
1.307,2.1187,0.079102,-0.053654,-0.032829,8.1978
1.3071,2.1187,0.079101,-0.053723,-0.032954,8.1923
1.3071,2.1187,0.079099,-0.053794,-0.033109,8.2018
1.3072,2.1187,0.079097,-0.053863,-0.033267,8.1942
1.3072,2.1187,0.079095,-0.05394,-0.033445,8.1992
1.3073,2.1187,0.079094,-0.054017,-0.033651,8.2102
1.3073,2.1187,0.079092,-0.054088,-0.03386,8.2077
1.3074,2.1187,0.07909,-0.054159,-0.034047,8.2014
1.3074,2.1187,0.079088,-0.054227,-0.034236,8.2096
1.3075,2.1187,0.079086,-0.054302,-0.034361,8.2097
1.3075,2.1187,0.079085,-0.054379,-0.034464,8.2014
1.3076,2.1187,0.079083,-0.054461,-0.034517,8.2072
1.3076,2.1187,0.079081,-0.054542,-0.034562,8.2167
1.3077,2.1187,0.079079,-0.054624,-0.034587,8.2153
1.3077,2.1187,0.079077,-0.054708,-0.03463,8.2237
1.3078,2.1187,0.079076,-0.054788,-0.03468,8.2297
1.3078,2.1187,0.079074,-0.054864,-0.034783,8.2275
1.3079,2.1187,0.079072,-0.05494,-0.034913,8.2259
1.3079,2.1187,0.07907,-0.055012,-0.035055,8.2329
1.308,2.1187,0.079068,-0.055085,-0.035192,8.2242
1.3081,2.1187,0.079066,-0.055156,-0.035345,8.2187
1.3081,2.1187,0.079064,-0.055231,-0.03547,8.2336
1.3082,2.1187,0.079063,-0.055311,-0.035586,8.2277
1.3082,2.1187,0.079061,-0.055392,-0.035698,8.2214
1.3083,2.1187,0.079059,-0.055473,-0.035808,8.239
1.3083,2.1187,0.079057,-0.055551,-0.035911,8.2344
1.3084,2.1187,0.079055,-0.055625,-0.035994,8.2163
1.3084,2.1187,0.079053,-0.055696,-0.036081,8.2162
1.3085,2.1187,0.079051,-0.055764,-0.036205,8.2222
1.3085,2.1187,0.079049,-0.055833,-0.036353,8.2072
1.3086,2.1187,0.079047,-0.055904,-0.036515,8.2031
1.3086,2.1187,0.079045,-0.055975,-0.036681,8.2172
1.3087,2.1187,0.079044,-0.056046,-0.036829,8.205
1.3087,2.1186,0.079042,-0.056115,-0.036944,8.2018
1.3088,2.1186,0.07904,-0.056181,-0.037011,8.2126
1.3088,2.1186,0.079038,-0.056237,-0.037057,8.2094
1.3089,2.1186,0.079036,-0.056297,-0.037107,8.1976
1.3089,2.1186,0.079034,-0.056346,-0.03715,8.2082
1.309,2.1186,0.079032,-0.056388,-0.037185,8.2082
1.3091,2.1186,0.07903,-0.056425,-0.037215,8.1988
1.3091,2.1186,0.079028,-0.056462,-0.037237,8.2087
1.3092,2.1186,0.079026,-0.056503,-0.037252,8.2149
1.3092,2.1186,0.079024,-0.056553,-0.03726,8.2162
1.3093,2.1186,0.079022,-0.056605,-0.037257,8.2224
1.3093,2.1186,0.07902,-0.056654,-0.037248,8.2316
1.3094,2.1186,0.079018,-0.056688,-0.037235,8.2215
1.3094,2.1186,0.079016,-0.056722,-0.037217,8.2233
1.3095,2.1186,0.079014,-0.056752,-0.037192,8.233
1.3095,2.1186,0.079012,-0.056776,-0.03716,8.2185
1.3096,2.1186,0.07901,-0.056792,-0.03712,8.213
1.3096,2.1186,0.079008,-0.056813,-0.037071,8.2251
1.3097,2.1186,0.079006,-0.056833,-0.037012,8.2203
1.3097,2.1186,0.079004,-0.05685,-0.036948,8.2171
1.3098,2.1186,0.079003,-0.056879,-0.036876,8.2213
1.3098,2.1186,0.079001,-0.056925,-0.036797,8.221
1.3099,2.1186,0.078999,-0.056969,-0.036711,8.2115
1.3099,2.1186,0.078997,-0.056994,-0.036601,8.2114
1.31,2.1186,0.078995,-0.057011,-0.036494,8.2111
1.3101,2.1186,0.078993,-0.057017,-0.036426,8.1998
1.3101,2.1186,0.078991,-0.057025,-0.036384,8.1971
1.3102,2.1186,0.078989,-0.05703,-0.036338,8.21
1.3102,2.1186,0.078987,-0.057046,-0.036316,8.2013
1.3103,2.1186,0.078985,-0.057067,-0.036278,8.2055
1.3103,2.1186,0.078983,-0.05708,-0.036246,8.2109
1.3104,2.1186,0.078981,-0.057077,-0.036189,8.2132
1.3104,2.1186,0.07898,-0.057071,-0.036124,8.2114
1.3105,2.1186,0.078978,-0.057052,-0.036048,8.2201
1.3105,2.1185,0.078976,-0.057032,-0.035956,8.2187
1.3106,2.1185,0.078974,-0.057003,-0.035867,8.2116
1.3106,2.1185,0.078972,-0.05698,-0.035802,8.2185
1.3107,2.1185,0.07897,-0.056959,-0.035723,8.2273
1.3107,2.1185,0.078968,-0.05694,-0.035657,8.2257
1.3108,2.1185,0.078966,-0.056917,-0.035573,8.2259
1.3108,2.1185,0.078964,-0.056897,-0.035454,8.2365
1.3109,2.1185,0.078963,-0.056887,-0.035283,8.2244
1.3109,2.1185,0.078961,-0.056894,-0.035094,8.2278
1.311,2.1185,0.078959,-0.056915,-0.034913,8.2319
1.3111,2.1185,0.078957,-0.056937,-0.034725,8.2134
1.3111,2.1185,0.078955,-0.056949,-0.03453,8.201
1.3112,2.1185,0.078953,-0.05696,-0.034327,8.2055
1.3112,2.1185,0.078952,-0.056959,-0.034118,8.204
1.3113,2.1185,0.07895,-0.056948,-0.033901,8.1941
1.3113,2.1185,0.078948,-0.056929,-0.033678,8.2018
1.3114,2.1185,0.078946,-0.056905,-0.033447,8.2063
1.3114,2.1185,0.078945,-0.056891,-0.033209,8.1935
1.3115,2.1185,0.078943,-0.056886,-0.032963,8.1965
1.3115,2.1185,0.078941,-0.056884,-0.032711,8.1988
1.3116,2.1185,0.078939,-0.056891,-0.032451,8.1844
1.3116,2.1185,0.078938,-0.056895,-0.032199,8.1878
1.3117,2.1185,0.078936,-0.056895,-0.031914,8.1985
1.3117,2.1185,0.078934,-0.056877,-0.031592,8.1937
1.3118,2.1185,0.078933,-0.056841,-0.031277,8.1997
1.3118,2.1185,0.078931,-0.056815,-0.030973,8.2137
1.3119,2.1185,0.07893,-0.056792,-0.030663,8.2179
1.3119,2.1185,0.078928,-0.056774,-0.030389,8.2236
1.312,2.1185,0.078926,-0.056762,-0.030127,8.2292
1.3121,2.1185,0.078925,-0.05676,-0.02991,8.2377
1.3121,2.1185,0.078923,-0.056769,-0.029664,8.2266
1.3122,2.1185,0.078922,-0.056781,-0.02942,8.235
1.3122,2.1185,0.07892,-0.056803,-0.029184,8.2423
1.3123,2.1184,0.078919,-0.056844,-0.028943,8.2389
1.3123,2.1184,0.078917,-0.056891,-0.028698,8.2534
1.3124,2.1184,0.078916,-0.056946,-0.028483,8.2595
1.3124,2.1184,0.078914,-0.057002,-0.028288,8.2564
1.3125,2.1184,0.078913,-0.057058,-0.028119,8.2585
1.3125,2.1184,0.078911,-0.057105,-0.027912,8.2696
1.3126,2.1184,0.07891,-0.05714,-0.02772,8.2555
1.3126,2.1184,0.078908,-0.057172,-0.027509,8.2441
1.3127,2.1184,0.078907,-0.05721,-0.027263,8.2494
1.3127,2.1184,0.078905,-0.057255,-0.026942,8.2403
1.3128,2.1184,0.078904,-0.057304,-0.026593,8.2321
1.3128,2.1184,0.078903,-0.05736,-0.026275,8.2428
1.3129,2.1184,0.078901,-0.057425,-0.025968,8.2417
1.3129,2.1184,0.0789,-0.057491,-0.025663,8.2311
1.313,2.1184,0.078899,-0.057552,-0.025386,8.2419
1.3131,2.1184,0.078897,-0.057616,-0.025163,8.2513
1.3131,2.1184,0.078896,-0.057682,-0.024943,8.2421
1.3132,2.1184,0.078895,-0.057747,-0.024681,8.2396
1.3132,2.1184,0.078893,-0.057816,-0.024421,8.2521
1.3133,2.1184,0.078892,-0.057888,-0.02418,8.2418
1.3133,2.1184,0.078891,-0.057959,-0.023922,8.2449
1.3134,2.1184,0.07889,-0.058028,-0.023692,8.2528
1.3134,2.1184,0.078888,-0.058093,-0.023422,8.2551
1.3135,2.1184,0.078887,-0.058159,-0.023174,8.25
1.3135,2.1184,0.078886,-0.058223,-0.022948,8.2641
1.3136,2.1184,0.078885,-0.058282,-0.022769,8.2622
1.3136,2.1184,0.078883,-0.058343,-0.022616,8.2541
1.3137,2.1184,0.078882,-0.058407,-0.022467,8.2504
1.3137,2.1184,0.078881,-0.058472,-0.022307,8.2487
1.3138,2.1184,0.07888,-0.058539,-0.022162,8.2402
1.3138,2.1184,0.078879,-0.058611,-0.021961,8.2507
1.3139,2.1184,0.078878,-0.058688,-0.021743,8.2568
1.3139,2.1184,0.078877,-0.058769,-0.021526,8.2406
1.314,2.1183,0.078875,-0.058853,-0.021348,8.2371
1.3141,2.1183,0.078874,-0.058935,-0.02117,8.2449
1.3141,2.1183,0.078873,-0.059016,-0.020959,8.2323
1.3142,2.1183,0.078872,-0.059088,-0.02073,8.2247
1.3142,2.1183,0.078871,-0.059152,-0.020477,8.22
1.3143,2.1183,0.07887,-0.059213,-0.020251,8.2145
1.3143,2.1183,0.078869,-0.05927,-0.020059,8.2024
1.3144,2.1183,0.078868,-0.059328,-0.019892,8.2111
1.3144,2.1183,0.078867,-0.059396,-0.019799,8.2148
1.3145,2.1183,0.078866,-0.059464,-0.019736,8.2024
1.3145,2.1183,0.078865,-0.059533,-0.019652,8.2028
1.3146,2.1183,0.078864,-0.059602,-0.019588,8.2023
1.3146,2.1183,0.078863,-0.059673,-0.019521,8.1942
1.3147,2.1183,0.078862,-0.059743,-0.019476,8.1932
1.3147,2.1183,0.078861,-0.059811,-0.019426,8.2018
1.3148,2.1183,0.07886,-0.059878,-0.019356,8.197
1.3148,2.1183,0.078859,-0.059942,-0.019301,8.1923
1.3149,2.1183,0.078858,-0.059999,-0.019238,8.2057
1.3149,2.1183,0.078857,-0.06005,-0.019176,8.2059
1.315,2.1183,0.078856,-0.060096,-0.019117,8.1975
1.3151,2.1183,0.078855,-0.060142,-0.019065,8.2101
1.3151,2.1183,0.078854,-0.060191,-0.018988,8.2038
1.3152,2.1183,0.078853,-0.060243,-0.018914,8.1955
1.3152,2.1183,0.078852,-0.060301,-0.018816,8.1956
1.3153,2.1183,0.078851,-0.060359,-0.018714,8.1941
1.3153,2.1183,0.07885,-0.060417,-0.01863,8.18
1.3154,2.1183,0.078849,-0.060467,-0.018582,8.1894
1.3154,2.1183,0.078848,-0.060513,-0.018561,8.1975
1.3155,2.1183,0.078847,-0.060559,-0.018571,8.1886
1.3155,2.1183,0.078846,-0.060605,-0.018548,8.1869
1.3156,2.1183,0.078845,-0.060647,-0.018527,8.1917
1.3156,2.1183,0.078844,-0.06069,-0.018499,8.1869
1.3157,2.1182,0.078843,-0.06073,-0.018455,8.1804
1.3157,2.1182,0.078842,-0.060768,-0.018429,8.1852
1.3158,2.1182,0.078841,-0.0608,-0.018404,8.181
1.3158,2.1182,0.07884,-0.060835,-0.018393,8.1721
1.3159,2.1182,0.078839,-0.060871,-0.018418,8.1821
1.3159,2.1182,0.078838,-0.060909,-0.01846,8.1856
1.316,2.1182,0.078837,-0.060949,-0.018537,8.1776
1.3161,2.1182,0.078836,-0.060989,-0.018657,8.1883
1.3161,2.1182,0.078835,-0.061027,-0.018781,8.1915
1.3162,2.1182,0.078834,-0.061064,-0.018924,8.1793
1.3162,2.1182,0.078833,-0.061099,-0.019042,8.1816
1.3163,2.1182,0.078832,-0.061134,-0.019146,8.1896
1.3163,2.1182,0.078831,-0.06117,-0.019276,8.1806
1.3164,2.1182,0.07883,-0.061209,-0.019419,8.1827
1.3164,2.1182,0.078829,-0.061249,-0.019574,8.1938
1.3165,2.1182,0.078828,-0.061289,-0.01974,8.1975
1.3165,2.1182,0.078827,-0.061328,-0.019918,8.189
1.3166,2.1182,0.078826,-0.061367,-0.020107,8.2023
1.3166,2.1182,0.078825,-0.061403,-0.020307,8.2001
1.3167,2.1182,0.078824,-0.061443,-0.020534,8.1873
1.3167,2.1182,0.078823,-0.061483,-0.020764,8.1883
1.3168,2.1182,0.078821,-0.061522,-0.020963,8.1874
1.3168,2.1182,0.07882,-0.061565,-0.021158,8.1766
1.3169,2.1182,0.078819,-0.061607,-0.021338,8.1793
1.3169,2.1182,0.078818,-0.061651,-0.021484,8.1875
1.317,2.1182,0.078817,-0.061692,-0.021636,8.1796
1.3171,2.1182,0.078816,-0.06173,-0.021797,8.1834
1.3171,2.1182,0.078815,-0.061774,-0.02198,8.1833
1.3172,2.1182,0.078813,-0.061818,-0.022154,8.1743
1.3172,2.1182,0.078812,-0.061859,-0.022305,8.1778
1.3173,2.1182,0.078811,-0.061899,-0.02245,8.1717
1.3173,2.1181,0.07881,-0.06193,-0.022605,8.1777
1.3174,2.1181,0.078809,-0.061958,-0.022741,8.171
1.3174,2.1181,0.078808,-0.061973,-0.022914,8.1856
1.3175,2.1181,0.078806,-0.061983,-0.023109,8.1892
1.3175,2.1181,0.078805,-0.061991,-0.023369,8.183
1.3176,2.1181,0.078804,-0.061998,-0.02367,8.1949
1.3176,2.1181,0.078803,-0.062004,-0.024033,8.1978
1.3177,2.1181,0.078801,-0.062011,-0.024424,8.1875
1.3177,2.1181,0.0788,-0.062018,-0.024848,8.187
1.3178,2.1181,0.078799,-0.062023,-0.02525,8.1916
1.3178,2.1181,0.078797,-0.062028,-0.025626,8.1761
1.3179,2.1181,0.078796,-0.062032,-0.025976,8.1735
1.3179,2.1181,0.078795,-0.062035,-0.026293,8.1884
1.318,2.1181,0.078793,-0.062034,-0.026563,8.1851
1.3181,2.1181,0.078792,-0.062036,-0.026832,8.1801
1.3181,2.1181,0.07879,-0.06204,-0.027094,8.1856
1.3182,2.1181,0.078789,-0.062043,-0.027354,8.1802
1.3182,2.1181,0.078787,-0.062046,-0.027619,8.1708
1.3183,2.1181,0.078786,-0.062048,-0.027896,8.18
1.3183,2.1181,0.078784,-0.062049,-0.028191,8.1819
1.3184,2.1181,0.078783,-0.062046,-0.028464,8.1728
1.3184,2.1181,0.078781,-0.062038,-0.02873,8.1726
1.3185,2.1181,0.07878,-0.06203,-0.028989,8.1821
1.3185,2.1181,0.078778,-0.062019,-0.029242,8.1781
1.3186,2.1181,0.078777,-0.062004,-0.029489,8.1832
1.3186,2.1181,0.078775,-0.061988,-0.029728,8.1997
1.3187,2.1181,0.078774,-0.061967,-0.029962,8.1863
1.3187,2.1181,0.078772,-0.061943,-0.030188,8.1834
1.3188,2.1181,0.07877,-0.061916,-0.030408,8.1905
1.3188,2.1181,0.078769,-0.06188,-0.030621,8.188
1.3189,2.118,0.078767,-0.061848,-0.030827,8.1803
1.3189,2.118,0.078766,-0.061821,-0.031026,8.1969
1.319,2.118,0.078764,-0.061796,-0.031218,8.2043
1.3191,2.118,0.078762,-0.061774,-0.031402,8.1987
1.3191,2.118,0.078761,-0.061752,-0.031595,8.2105
1.3192,2.118,0.078759,-0.06172,-0.03177,8.2155
1.3192,2.118,0.078757,-0.061682,-0.031909,8.2011
1.3193,2.118,0.078756,-0.061648,-0.032001,8.2044
1.3193,2.118,0.078754,-0.061626,-0.032046,8.2105
1.3194,2.118,0.078752,-0.061601,-0.032048,8.2043
1.3194,2.118,0.078751,-0.061578,-0.032022,8.1971
1.3195,2.118,0.078749,-0.061559,-0.031991,8.2108
1.3195,2.118,0.078747,-0.061548,-0.031968,8.2032
1.3196,2.118,0.078746,-0.061531,-0.03196,8.206
1.3196,2.118,0.078744,-0.061513,-0.031998,8.2127
1.3197,2.118,0.078742,-0.061498,-0.032064,8.2144
1.3197,2.118,0.07874,-0.061472,-0.032141,8.2049
1.3198,2.118,0.078739,-0.061422,-0.0322,8.2144
1.3198,2.118,0.078737,-0.061366,-0.032265,8.2118
1.3199,2.118,0.078735,-0.061319,-0.032302,8.1993
1.3199,2.118,0.078734,-0.061281,-0.032331,8.2011
1.32,2.118,0.078732,-0.061255,-0.032354,8.2035
1.3201,2.118,0.07873,-0.061228,-0.032406,8.1939
1.3201,2.118,0.078729,-0.061209,-0.032474,8.1963
1.3202,2.118,0.078727,-0.06118,-0.032553,8.2009
1.3202,2.118,0.078725,-0.06114,-0.032633,8.1878
1.3203,2.118,0.078723,-0.061103,-0.032741,8.1857
1.3203,2.118,0.078722,-0.061076,-0.032843,8.1859
1.3204,2.118,0.07872,-0.061054,-0.032961,8.1783
1.3204,2.118,0.078718,-0.061044,-0.033056,8.1699
1.3205,2.118,0.078716,-0.061033,-0.033142,8.1815
1.3205,2.1179,0.078715,-0.061037,-0.03322,8.1779
1.3206,2.1179,0.078713,-0.061038,-0.033289,8.1758
1.3206,2.1179,0.078711,-0.061039,-0.03335,8.1849
1.3207,2.1179,0.078709,-0.061036,-0.033402,8.1905
1.3207,2.1179,0.078708,-0.061036,-0.033446,8.1747
1.3208,2.1179,0.078706,-0.061037,-0.033482,8.1743
1.3208,2.1179,0.078704,-0.061035,-0.033509,8.1737
1.3209,2.1179,0.078702,-0.06103,-0.033528,8.1627
1.3209,2.1179,0.078701,-0.061026,-0.033538,8.1562
1.321,2.1179,0.078699,-0.061023,-0.03354,8.1665
1.3211,2.1179,0.078697,-0.06102,-0.033534,8.159
1.3211,2.1179,0.078695,-0.061012,-0.03352,8.1575
1.3212,2.1179,0.078694,-0.06101,-0.033497,8.1708
1.3212,2.1179,0.078692,-0.061013,-0.033465,8.1612
1.3213,2.1179,0.07869,-0.061023,-0.033425,8.1511
1.3213,2.1179,0.078688,-0.061038,-0.033377,8.1615
1.3214,2.1179,0.078687,-0.061051,-0.03332,8.1579
1.3214,2.1179,0.078685,-0.061055,-0.033254,8.1526
1.3215,2.1179,0.078683,-0.061052,-0.03318,8.1602
1.3215,2.1179,0.078681,-0.061045,-0.033097,8.1655
1.3216,2.1179,0.07868,-0.061039,-0.032992,8.1647
1.3216,2.1179,0.078678,-0.061033,-0.0329,8.1711
1.3217,2.1179,0.078676,-0.061039,-0.032816,8.1759
1.3217,2.1179,0.078674,-0.06105,-0.032736,8.1675
1.3218,2.1179,0.078673,-0.061062,-0.032649,8.1713
1.3218,2.1179,0.078671,-0.061075,-0.032552,8.1801
1.3219,2.1179,0.078669,-0.061088,-0.032437,8.1727
1.3219,2.1179,0.078668,-0.061108,-0.032299,8.1614
1.322,2.1179,0.078666,-0.06113,-0.032146,8.1741
1.3221,2.1179,0.078664,-0.061155,-0.031972,8.1765
1.3221,2.1179,0.078662,-0.061187,-0.03179,8.1687
1.3222,2.1178,0.078661,-0.061214,-0.031569,8.1789
1.3222,2.1178,0.078659,-0.061232,-0.031319,8.1795
1.3223,2.1178,0.078658,-0.061242,-0.031057,8.1683
1.3223,2.1178,0.078656,-0.061245,-0.030797,8.1731
1.3224,2.1178,0.078654,-0.061246,-0.030539,8.1792
1.3224,2.1178,0.078653,-0.061249,-0.030316,8.1732
1.3225,2.1178,0.078651,-0.061261,-0.030142,8.1686
1.3225,2.1178,0.07865,-0.061288,-0.029985,8.1793
1.3226,2.1178,0.078648,-0.061319,-0.029788,8.1716
1.3226,2.1178,0.078646,-0.061348,-0.029583,8.1783
1.3227,2.1178,0.078645,-0.061374,-0.029398,8.1895
1.3227,2.1178,0.078643,-0.0614,-0.029216,8.1796
1.3228,2.1178,0.078642,-0.061422,-0.029016,8.1763
1.3228,2.1178,0.07864,-0.061437,-0.028805,8.1898
1.3229,2.1178,0.078639,-0.06145,-0.028625,8.1908
1.3229,2.1178,0.078637,-0.061469,-0.028437,8.1856
1.323,2.1178,0.078636,-0.061485,-0.028218,8.2015
1.3231,2.1178,0.078634,-0.061498,-0.02801,8.209
1.3231,2.1178,0.078633,-0.061512,-0.02786,8.2052
1.3232,2.1178,0.078631,-0.061522,-0.027724,8.2135
1.3232,2.1178,0.07863,-0.06153,-0.027576,8.2248
1.3233,2.1178,0.078629,-0.061537,-0.027388,8.2192
1.3233,2.1178,0.078627,-0.061544,-0.027165,8.2149
1.3234,2.1178,0.078626,-0.061558,-0.026951,8.2295
1.3234,2.1178,0.078624,-0.061575,-0.026714,8.2185
1.3235,2.1178,0.078623,-0.061601,-0.026477,8.2087
1.3235,2.1178,0.078621,-0.061641,-0.026243,8.222
1.3236,2.1178,0.07862,-0.061682,-0.026011,8.2203
1.3236,2.1178,0.078619,-0.061722,-0.025789,8.211
1.3237,2.1178,0.078617,-0.061757,-0.025579,8.2241
1.3237,2.1178,0.078616,-0.061784,-0.025396,8.2247
1.3238,2.1177,0.078615,-0.061803,-0.025238,8.2163
1.3238,2.1177,0.078613,-0.06181,-0.02509,8.2227
1.3239,2.1177,0.078612,-0.061813,-0.024942,8.2224
1.3239,2.1177,0.078611,-0.061809,-0.024781,8.2161
1.324,2.1177,0.07861,-0.061804,-0.024628,8.2154
1.3241,2.1177,0.078608,-0.061801,-0.024502,8.2259
1.3241,2.1177,0.078607,-0.061802,-0.024371,8.2206
1.3242,2.1177,0.078606,-0.061812,-0.024266,8.2184
1.3242,2.1177,0.078604,-0.061819,-0.024114,8.2326
1.3243,2.1177,0.078603,-0.061825,-0.02394,8.2274
1.3243,2.1177,0.078602,-0.061828,-0.023771,8.2243
1.3244,2.1177,0.078601,-0.061818,-0.023587,8.2379
1.3244,2.1177,0.078599,-0.061809,-0.023401,8.2365
1.3245,2.1177,0.078598,-0.061798,-0.023251,8.2272
1.3245,2.1177,0.078597,-0.061784,-0.023073,8.2311
1.3246,2.1177,0.078596,-0.061769,-0.022904,8.2452
1.3246,2.1177,0.078595,-0.061752,-0.022716,8.2349
1.3247,2.1177,0.078593,-0.061735,-0.022541,8.2387
1.3247,2.1177,0.078592,-0.061718,-0.022395,8.2559
1.3248,2.1177,0.078591,-0.061702,-0.022251,8.2429
1.3248,2.1177,0.07859,-0.061692,-0.022126,8.239
1.3249,2.1177,0.078589,-0.061687,-0.022028,8.2439
1.3249,2.1177,0.078588,-0.061687,-0.021914,8.2367
1.325,2.1177,0.078586,-0.061687,-0.021805,8.2305
1.3251,2.1177,0.078585,-0.061684,-0.021697,8.2299
1.3251,2.1177,0.078584,-0.061677,-0.021594,8.2298
1.3252,2.1177,0.078583,-0.061664,-0.021492,8.2248
1.3252,2.1177,0.078582,-0.061648,-0.021408,8.2344
1.3253,2.1177,0.078581,-0.061632,-0.021303,8.2363
1.3253,2.1177,0.07858,-0.061621,-0.021187,8.2324
1.3254,2.1177,0.078579,-0.061614,-0.021075,8.2403
1.3254,2.1176,0.078577,-0.061606,-0.020955,8.241
1.3255,2.1176,0.078576,-0.061598,-0.020803,8.2271
1.3255,2.1176,0.078575,-0.061593,-0.020639,8.227
1.3256,2.1176,0.078574,-0.061585,-0.020489,8.2384
1.3256,2.1176,0.078573,-0.061577,-0.020368,8.2295
1.3257,2.1176,0.078572,-0.061574,-0.020254,8.2305
1.3257,2.1176,0.078571,-0.061579,-0.020172,8.2426
1.3258,2.1176,0.07857,-0.061588,-0.020146,8.2395
1.3258,2.1176,0.078569,-0.061604,-0.020135,8.2311
1.3259,2.1176,0.078568,-0.061629,-0.020057,8.24
1.3259,2.1176,0.078567,-0.061652,-0.019911,8.235
1.326,2.1176,0.078566,-0.061676,-0.01973,8.2239
1.3261,2.1176,0.078565,-0.06169,-0.019542,8.2281
1.3261,2.1176,0.078564,-0.0617,-0.019373,8.2379
1.3262,2.1176,0.078563,-0.06171,-0.019267,8.2227
1.3262,2.1176,0.078562,-0.06172,-0.019211,8.2287
1.3263,2.1176,0.078561,-0.061725,-0.019209,8.2368
1.3263,2.1176,0.07856,-0.061734,-0.019171,8.2268
1.3264,2.1176,0.078559,-0.061739,-0.019118,8.2333
1.3264,2.1176,0.078558,-0.061743,-0.019043,8.2356
1.3265,2.1176,0.078557,-0.06174,-0.018982,8.2291
1.3265,2.1176,0.078556,-0.061734,-0.018929,8.2217
1.3266,2.1176,0.078555,-0.061733,-0.018878,8.2258
1.3266,2.1176,0.078554,-0.061724,-0.018818,8.2253
1.3267,2.1176,0.078553,-0.061708,-0.018789,8.2141
1.3267,2.1176,0.078552,-0.061695,-0.018774,8.2218
1.3268,2.1176,0.078551,-0.061678,-0.018805,8.226
1.3268,2.1176,0.07855,-0.061665,-0.018855,8.218
1.3269,2.1176,0.078549,-0.06165,-0.018951,8.2257
1.3269,2.1176,0.078548,-0.06164,-0.019059,8.2322
1.327,2.1176,0.078547,-0.061637,-0.019173,8.2237
1.3271,2.1175,0.078546,-0.061625,-0.019282,8.2266
1.3271,2.1175,0.078545,-0.061608,-0.019356,8.2394
1.3272,2.1175,0.078544,-0.061595,-0.019425,8.2262
1.3272,2.1175,0.078543,-0.061584,-0.019479,8.2312
1.3273,2.1175,0.078542,-0.061577,-0.019502,8.2451
1.3273,2.1175,0.078541,-0.061572,-0.019523,8.2464
1.3274,2.1175,0.078539,-0.061576,-0.019556,8.2399
1.3274,2.1175,0.078538,-0.061582,-0.019681,8.2487
1.3275,2.1175,0.078537,-0.061576,-0.019846,8.2387
1.3275,2.1175,0.078536,-0.061565,-0.019999,8.2255
1.3276,2.1175,0.078535,-0.061551,-0.020201,8.2313
1.3276,2.1175,0.078534,-0.061537,-0.020343,8.2412
1.3277,2.1175,0.078533,-0.061515,-0.02044,8.2285
1.3277,2.1175,0.078532,-0.061497,-0.020513,8.2376
1.3278,2.1175,0.078531,-0.06148,-0.020543,8.2469
1.3278,2.1175,0.07853,-0.06146,-0.020524,8.2392
1.3279,2.1175,0.078529,-0.061445,-0.020513,8.2355
1.3279,2.1175,0.078528,-0.061434,-0.020505,8.2424
1.328,2.1175,0.078527,-0.061422,-0.020553,8.2306
1.3281,2.1175,0.078526,-0.061413,-0.020571,8.2211
1.3281,2.1175,0.078524,-0.061406,-0.020599,8.2298
1.3282,2.1175,0.078523,-0.061405,-0.020597,8.2245
1.3282,2.1175,0.078522,-0.061405,-0.020541,8.2164
1.3283,2.1175,0.078521,-0.061407,-0.020414,8.2227
1.3283,2.1175,0.07852,-0.061416,-0.020329,8.235
1.3284,2.1175,0.078519,-0.061429,-0.020292,8.2198
1.3284,2.1175,0.078518,-0.061436,-0.020283,8.2286
1.3285,2.1175,0.078517,-0.06144,-0.020265,8.242
1.3285,2.1175,0.078516,-0.061437,-0.020286,8.2353
1.3286,2.1175,0.078515,-0.061426,-0.020296,8.243
1.3286,2.1175,0.078514,-0.061409,-0.020262,8.2504
1.3287,2.1174,0.078513,-0.061386,-0.020238,8.2491
1.3287,2.1174,0.078512,-0.061363,-0.020214,8.248
1.3288,2.1174,0.078511,-0.061341,-0.020236,8.259
1.3288,2.1174,0.07851,-0.06132,-0.020255,8.2579
1.3289,2.1174,0.078508,-0.0613,-0.020278,8.252
1.3289,2.1174,0.078507,-0.061279,-0.020346,8.2638
1.329,2.1174,0.078506,-0.061259,-0.020411,8.2564
1.3291,2.1174,0.078505,-0.061239,-0.020381,8.2481
1.3291,2.1174,0.078504,-0.061219,-0.020352,8.2548
1.3292,2.1174,0.078503,-0.061198,-0.020277,8.2531
1.3292,2.1174,0.078502,-0.061176,-0.020267,8.2446
1.3293,2.1174,0.078501,-0.061151,-0.020303,8.2501
1.3293,2.1174,0.0785,-0.061129,-0.020448,8.2537
1.3294,2.1174,0.078499,-0.061111,-0.02063,8.2522
1.3294,2.1174,0.078498,-0.061096,-0.020892,8.2527
1.3295,2.1174,0.078497,-0.061083,-0.021133,8.2572
1.3295,2.1174,0.078495,-0.061069,-0.021356,8.2479
1.3296,2.1174,0.078494,-0.061056,-0.021482,8.2453
1.3296,2.1174,0.078493,-0.061039,-0.021582,8.2501
1.3297,2.1174,0.078492,-0.061019,-0.021652,8.2532
1.3297,2.1174,0.078491,-0.061001,-0.021788,8.2419
1.3298,2.1174,0.07849,-0.060983,-0.021886,8.2552
1.3298,2.1174,0.078489,-0.060967,-0.022016,8.2621
1.3299,2.1174,0.078487,-0.060949,-0.02212,8.2583
1.3299,2.1174,0.078486,-0.060931,-0.02222,8.2677
1.33,2.1174,0.078485,-0.060912,-0.022296,8.2718
1.3301,2.1174,0.078484,-0.060892,-0.022386,8.2612
1.3301,2.1174,0.078483,-0.060876,-0.022477,8.2655
1.3302,2.1174,0.078482,-0.060863,-0.022546,8.2734
1.3302,2.1174,0.07848,-0.060853,-0.022605,8.267
1.3303,2.1174,0.078479,-0.060845,-0.022641,8.2637
1.3303,2.1173,0.078478,-0.060834,-0.022634,8.2744
1.3304,2.1173,0.078477,-0.060824,-0.022605,8.2703
1.3304,2.1173,0.078476,-0.060815,-0.022583,8.2638
1.3305,2.1173,0.078474,-0.0608,-0.022576,8.2758
1.3305,2.1173,0.078473,-0.060782,-0.022534,8.2754
1.3306,2.1173,0.078472,-0.060764,-0.022443,8.2579
1.3306,2.1173,0.078471,-0.06075,-0.022423,8.2565
1.3307,2.1173,0.07847,-0.060736,-0.022462,8.2566
1.3307,2.1173,0.078468,-0.060724,-0.02259,8.2458
1.3308,2.1173,0.078467,-0.060722,-0.022716,8.2481
1.3308,2.1173,0.078466,-0.060724,-0.022879,8.2574
1.3309,2.1173,0.078465,-0.060719,-0.023052,8.2463
1.3309,2.1173,0.078464,-0.06071,-0.023219,8.2494
1.331,2.1173,0.078462,-0.0607,-0.023361,8.2597
1.3311,2.1173,0.078461,-0.060691,-0.023477,8.247
1.3311,2.1173,0.07846,-0.060675,-0.023597,8.2404
1.3312,2.1173,0.078459,-0.060658,-0.023745,8.2446
1.3312,2.1173,0.078457,-0.060641,-0.023853,8.2472
1.3313,2.1173,0.078456,-0.060623,-0.023967,8.2311
1.3313,2.1173,0.078455,-0.060598,-0.024099,8.2413
1.3314,2.1173,0.078454,-0.060581,-0.024277,8.2476
1.3314,2.1173,0.078452,-0.060567,-0.024442,8.2372
1.3315,2.1173,0.078451,-0.060555,-0.024539,8.2387
1.3315,2.1173,0.07845,-0.060543,-0.024627,8.2389
1.3316,2.1173,0.078448,-0.060532,-0.024676,8.2258
1.3316,2.1173,0.078447,-0.060518,-0.024666,8.2232
1.3317,2.1173,0.078446,-0.060502,-0.024591,8.2308
1.3317,2.1173,0.078445,-0.060482,-0.024451,8.2182
1.3318,2.1173,0.078443,-0.060463,-0.024308,8.2029
1.3318,2.1173,0.078442,-0.060446,-0.02414,8.2189
1.3319,2.1173,0.078441,-0.060435,-0.023949,8.2099
1.3319,2.1172,0.07844,-0.06043,-0.023773,8.2035
1.332,2.1172,0.078438,-0.060432,-0.02362,8.215
1.3321,2.1172,0.078437,-0.060442,-0.023439,8.2003
1.3321,2.1172,0.078436,-0.060455,-0.023287,8.1969
1.3322,2.1172,0.078435,-0.060464,-0.023185,8.1948
1.3322,2.1172,0.078433,-0.06046,-0.023127,8.1978
1.3323,2.1172,0.078432,-0.060454,-0.023111,8.1902
1.3323,2.1172,0.078431,-0.060444,-0.023081,8.1959
1.3324,2.1172,0.07843,-0.060429,-0.023041,8.1988
1.3324,2.1172,0.078429,-0.060417,-0.022968,8.1981
1.3325,2.1172,0.078427,-0.060411,-0.022873,8.2044
1.3325,2.1172,0.078426,-0.060408,-0.022845,8.2142
1.3326,2.1172,0.078425,-0.060403,-0.022827,8.2056
1.3326,2.1172,0.078424,-0.060393,-0.022815,8.1984
1.3327,2.1172,0.078423,-0.060385,-0.022871,8.2079
1.3327,2.1172,0.078421,-0.060373,-0.022939,8.2057
1.3328,2.1172,0.07842,-0.060355,-0.02303,8.1934
1.3328,2.1172,0.078419,-0.060339,-0.023087,8.2025
1.3329,2.1172,0.078418,-0.060324,-0.023157,8.2042
1.3329,2.1172,0.078416,-0.060311,-0.023201,8.1978
1.333,2.1172,0.078415,-0.060298,-0.023215,8.2031
1.3331,2.1172,0.078414,-0.060284,-0.023188,8.2136
1.3331,2.1172,0.078413,-0.060274,-0.02319,8.1953
1.3332,2.1172,0.078412,-0.060268,-0.023186,8.1982
1.3332,2.1172,0.07841,-0.060264,-0.023211,8.1978
1.3333,2.1172,0.078409,-0.060263,-0.023265,8.1881
1.3333,2.1172,0.078408,-0.060258,-0.023314,8.1877
1.3334,2.1172,0.078407,-0.060252,-0.023325,8.193
1.3334,2.1172,0.078405,-0.060239,-0.023315,8.1888
1.3335,2.1172,0.078404,-0.060212,-0.023198,8.1883
1.3335,2.1172,0.078403,-0.060187,-0.023068,8.203
1.3336,2.1172,0.078402,-0.060161,-0.022892,8.1999
1.3336,2.1171,0.078401,-0.060143,-0.022748,8.1952
1.3337,2.1171,0.078399,-0.060131,-0.022653,8.2021
1.3337,2.1171,0.078398,-0.060124,-0.022609,8.2015
1.3338,2.1171,0.078397,-0.060128,-0.022577,8.1958
1.3338,2.1171,0.078396,-0.060132,-0.02255,8.2016
1.3339,2.1171,0.078395,-0.060132,-0.022518,8.2108
1.3339,2.1171,0.078393,-0.060131,-0.02251,8.2053
1.334,2.1171,0.078392,-0.060129,-0.022493,8.2092
1.3341,2.1171,0.078391,-0.060126,-0.022504,8.2217
1.3341,2.1171,0.07839,-0.060116,-0.022499,8.2146
1.3342,2.1171,0.078389,-0.0601,-0.022496,8.2107
1.3342,2.1171,0.078388,-0.060085,-0.022463,8.2164
1.3343,2.1171,0.078386,-0.060069,-0.022437,8.2189
1.3343,2.1171,0.078385,-0.060059,-0.022396,8.206
1.3344,2.1171,0.078384,-0.060055,-0.022327,8.2153
1.3344,2.1171,0.078383,-0.060058,-0.022263,8.2184
1.3345,2.1171,0.078382,-0.060059,-0.022191,8.2089
1.3345,2.1171,0.078381,-0.060056,-0.022089,8.2227
1.3346,2.1171,0.078379,-0.060048,-0.022016,8.2202
1.3346,2.1171,0.078378,-0.060041,-0.021946,8.2026
1.3347,2.1171,0.078377,-0.060039,-0.021918,8.208
1.3347,2.1171,0.078376,-0.06004,-0.021874,8.2067
1.3348,2.1171,0.078375,-0.060043,-0.02181,8.1965
1.3348,2.1171,0.078374,-0.060041,-0.021776,8.1844
1.3349,2.1171,0.078372,-0.06003,-0.02173,8.2005
1.3349,2.1171,0.078371,-0.060014,-0.021673,8.1961
1.335,2.1171,0.07837,-0.059994,-0.021601,8.1887
1.3351,2.1171,0.078369,-0.059971,-0.021515,8.2002
1.3351,2.1171,0.078368,-0.05995,-0.021427,8.1964
1.3352,2.1171,0.078367,-0.05993,-0.021336,8.1927
1.3352,2.1171,0.078366,-0.059911,-0.021244,8.2035
1.3353,2.117,0.078365,-0.059893,-0.021196,8.208
1.3353,2.117,0.078363,-0.05988,-0.021145,8.1997
1.3354,2.117,0.078362,-0.059873,-0.021084,8.2067
1.3354,2.117,0.078361,-0.059864,-0.02103,8.2149
1.3355,2.117,0.07836,-0.059856,-0.020997,8.2095
1.3355,2.117,0.078359,-0.059856,-0.02095,8.2192
1.3356,2.117,0.078358,-0.059869,-0.020907,8.2336
1.3356,2.117,0.078357,-0.059893,-0.02084,8.2259
1.3357,2.117,0.078356,-0.059914,-0.020774,8.2236
1.3357,2.117,0.078355,-0.059931,-0.02068,8.2343
1.3358,2.117,0.078354,-0.05994,-0.020569,8.2234
1.3358,2.117,0.078352,-0.059932,-0.020473,8.2119
1.3359,2.117,0.078351,-0.05992,-0.020437,8.2247
1.3359,2.117,0.07835,-0.059907,-0.02046,8.2238
1.336,2.117,0.078349,-0.059905,-0.02054,8.2263
1.3361,2.117,0.078348,-0.059913,-0.020681,8.2322
1.3361,2.117,0.078347,-0.059917,-0.020813,8.2378
1.3362,2.117,0.078346,-0.059919,-0.020952,8.2217
1.3362,2.117,0.078345,-0.059925,-0.021049,8.2232
1.3363,2.117,0.078344,-0.059928,-0.021156,8.2259
1.3363,2.117,0.078343,-0.059931,-0.021302,8.2099
1.3364,2.117,0.078341,-0.059933,-0.021464,8.2074
1.3364,2.117,0.07834,-0.05994,-0.021623,8.2191
1.3365,2.117,0.078339,-0.059949,-0.021799,8.211
1.3365,2.117,0.078338,-0.059956,-0.021968,8.2093
1.3366,2.117,0.078337,-0.059965,-0.022165,8.2208
1.3366,2.117,0.078336,-0.059979,-0.022355,8.2184
1.3367,2.117,0.078335,-0.059988,-0.022564,8.2089
1.3367,2.117,0.078333,-0.059997,-0.022758,8.2142
1.3368,2.117,0.078332,-0.060001,-0.022938,8.2095
1.3368,2.117,0.078331,-0.060004,-0.023052,8.198
1.3369,2.117,0.07833,-0.059997,-0.023136,8.1961
1.3369,2.1169,0.078328,-0.059981,-0.023204,8.2036
1.337,2.1169,0.078327,-0.059962,-0.023275,8.1958
1.3371,2.1169,0.078326,-0.059942,-0.023391,8.1989
1.3371,2.1169,0.078325,-0.05992,-0.023531,8.2129
1.3372,2.1169,0.078324,-0.059896,-0.023711,8.2038
1.3372,2.1169,0.078322,-0.059874,-0.023956,8.198
1.3373,2.1169,0.078321,-0.059853,-0.0242,8.2047
1.3373,2.1169,0.07832,-0.059826,-0.024446,8.2018
1.3374,2.1169,0.078318,-0.059798,-0.024626,8.186
1.3374,2.1169,0.078317,-0.059776,-0.024768,8.1876
1.3375,2.1169,0.078316,-0.059758,-0.024902,8.1888
1.3375,2.1169,0.078314,-0.059741,-0.024947,8.1728
1.3376,2.1169,0.078313,-0.059725,-0.025005,8.1817
1.3376,2.1169,0.078312,-0.059716,-0.025062,8.19
1.3377,2.1169,0.078311,-0.059704,-0.025101,8.1741
1.3377,2.1169,0.078309,-0.05969,-0.025164,8.174
1.3378,2.1169,0.078308,-0.059679,-0.025266,8.1712
1.3378,2.1169,0.078307,-0.059664,-0.025381,8.1591
1.3379,2.1169,0.078305,-0.059648,-0.025508,8.153
1.3379,2.1169,0.078304,-0.059628,-0.02559,8.1568
1.338,2.1169,0.078302,-0.059597,-0.02571,8.1551
1.3381,2.1169,0.078301,-0.059553,-0.025819,8.1592
1.3381,2.1169,0.0783,-0.059496,-0.025951,8.1721
1.3382,2.1169,0.078298,-0.059434,-0.026125,8.1801
1.3382,2.1169,0.078297,-0.059374,-0.026351,8.1744
1.3383,2.1169,0.078296,-0.059315,-0.026553,8.1828
1.3383,2.1169,0.078294,-0.059257,-0.026711,8.1874
1.3384,2.1169,0.078293,-0.059192,-0.02684,8.1851
1.3384,2.1169,0.078291,-0.059112,-0.026974,8.1868
1.3385,2.1169,0.07829,-0.059018,-0.027067,8.1973
1.3385,2.1169,0.078289,-0.058909,-0.027164,8.1935
1.3386,2.1169,0.078287,-0.0588,-0.027296,8.2025
1.3386,2.1168,0.078286,-0.058704,-0.027414,8.2123
1.3387,2.1168,0.078284,-0.058631,-0.027527,8.2046
1.3387,2.1168,0.078283,-0.058566,-0.027591,8.201
1.3388,2.1168,0.078281,-0.058512,-0.027651,8.2093
1.3388,2.1168,0.07828,-0.058465,-0.027701,8.2069
1.3389,2.1168,0.078278,-0.058425,-0.027701,8.2026
1.3389,2.1168,0.078277,-0.058386,-0.02769,8.2007
1.339,2.1168,0.078275,-0.058359,-0.02774,8.2011
1.3391,2.1168,0.078274,-0.058339,-0.02779,8.195
1.3391,2.1168,0.078273,-0.058311,-0.027914,8.2065
1.3392,2.1168,0.078271,-0.058278,-0.028016,8.2125
1.3392,2.1168,0.07827,-0.058241,-0.028122,8.1987
1.3393,2.1168,0.078268,-0.058193,-0.028165,8.2032
1.3393,2.1168,0.078267,-0.058135,-0.028201,8.2095
1.3394,2.1168,0.078265,-0.058068,-0.028163,8.2051
1.3394,2.1168,0.078264,-0.058012,-0.028136,8.2076
1.3395,2.1168,0.078262,-0.057953,-0.028112,8.2115
1.3395,2.1168,0.078261,-0.057886,-0.028146,8.2049
1.3396,2.1168,0.078259,-0.057837,-0.028179,8.2127
1.3396,2.1168,0.078258,-0.057797,-0.028229,8.2217
1.3397,2.1168,0.078256,-0.057761,-0.028231,8.2364
1.3397,2.1168,0.078255,-0.057726,-0.02826,8.2335
1.3398,2.1168,0.078253,-0.057688,-0.028278,8.2442
1.3398,2.1168,0.078252,-0.057653,-0.028337,8.2493
1.3399,2.1168,0.07825,-0.057616,-0.028408,8.2408
1.3399,2.1168,0.078249,-0.057573,-0.028481,8.2441
1.34,2.1168,0.078247,-0.057538,-0.028523,8.2525
1.3401,2.1168,0.078246,-0.057503,-0.028549,8.2479
1.3401,2.1168,0.078244,-0.057469,-0.028595,8.2448
1.3402,2.1168,0.078243,-0.057433,-0.028619,8.255
1.3402,2.1168,0.078241,-0.057397,-0.028662,8.2525
1.3403,2.1168,0.07824,-0.057361,-0.028728,8.2421
1.3403,2.1168,0.078238,-0.057329,-0.028833,8.2504
1.3404,2.1167,0.078237,-0.057296,-0.028931,8.2436
1.3404,2.1167,0.078235,-0.057272,-0.029011,8.2287
1.3405,2.1167,0.078234,-0.057253,-0.029126,8.2309
1.3405,2.1167,0.078232,-0.057233,-0.029296,8.2295
1.3406,2.1167,0.078231,-0.057211,-0.029404,8.2181
1.3406,2.1167,0.078229,-0.057189,-0.029458,8.2294
1.3407,2.1167,0.078227,-0.057162,-0.029422,8.2358
1.3407,2.1167,0.078226,-0.057128,-0.02938,8.2289
1.3408,2.1167,0.078224,-0.057089,-0.029306,8.2355
1.3408,2.1167,0.078223,-0.057057,-0.029194,8.2382
1.3409,2.1167,0.078221,-0.057024,-0.029037,8.2309
1.3409,2.1167,0.07822,-0.057,-0.028849,8.2334
1.341,2.1167,0.078218,-0.056992,-0.028614,8.2354
1.3411,2.1167,0.078217,-0.056999,-0.028336,8.2348
1.3411,2.1167,0.078215,-0.057013,-0.028015,8.2341
1.3412,2.1167,0.078214,-0.05703,-0.02775,8.2543
1.3412,2.1167,0.078212,-0.057054,-0.027526,8.2596
1.3413,2.1167,0.078211,-0.057082,-0.027307,8.2536
1.3413,2.1167,0.07821,-0.057097,-0.02705,8.2648
1.3414,2.1167,0.078208,-0.05711,-0.026792,8.268
1.3414,2.1167,0.078207,-0.057121,-0.026564,8.2587
1.3415,2.1167,0.078205,-0.057134,-0.026317,8.2618
1.3415,2.1167,0.078204,-0.057144,-0.026088,8.2699
1.3416,2.1167,0.078203,-0.057158,-0.025902,8.2598
1.3416,2.1167,0.078201,-0.057181,-0.025772,8.2587
1.3417,2.1167,0.0782,-0.057211,-0.025708,8.2629
1.3417,2.1167,0.078199,-0.057242,-0.025649,8.2607
1.3418,2.1167,0.078197,-0.057274,-0.025622,8.2555
1.3418,2.1167,0.078196,-0.057303,-0.025621,8.261
1.3419,2.1167,0.078194,-0.057328,-0.025588,8.252
1.3419,2.1167,0.078193,-0.057345,-0.025561,8.251
1.342,2.1167,0.078192,-0.057354,-0.025567,8.2482
1.3421,2.1167,0.07819,-0.057362,-0.025589,8.252
1.3421,2.1166,0.078189,-0.057375,-0.025598,8.2406
1.3422,2.1166,0.078188,-0.057399,-0.025578,8.2484
1.3422,2.1166,0.078186,-0.05743,-0.02552,8.2555
1.3423,2.1166,0.078185,-0.057468,-0.02546,8.2454
1.3423,2.1166,0.078184,-0.057515,-0.025377,8.253
1.3424,2.1166,0.078182,-0.057562,-0.025313,8.2651
1.3424,2.1166,0.078181,-0.057603,-0.025274,8.2574
1.3425,2.1166,0.07818,-0.057643,-0.025208,8.2554
1.3425,2.1166,0.078178,-0.057686,-0.025152,8.2667
1.3426,2.1166,0.078177,-0.057732,-0.025092,8.2574
1.3426,2.1166,0.078176,-0.05778,-0.024961,8.2565
1.3427,2.1166,0.078174,-0.057835,-0.024799,8.2709
1.3427,2.1166,0.078173,-0.057898,-0.024571,8.2672
1.3428,2.1166,0.078172,-0.057964,-0.024365,8.26
1.3428,2.1166,0.078171,-0.05803,-0.024165,8.2667
1.3429,2.1166,0.078169,-0.0581,-0.023989,8.271
1.3429,2.1166,0.078168,-0.058171,-0.023818,8.2614
1.343,2.1166,0.078167,-0.058247,-0.023678,8.2616
1.3431,2.1166,0.078166,-0.058322,-0.023527,8.2592
1.3431,2.1166,0.078164,-0.058397,-0.023366,8.2417
1.3432,2.1166,0.078163,-0.05847,-0.02318,8.2456
1.3432,2.1166,0.078162,-0.058548,-0.022987,8.2531
1.3433,2.1166,0.078161,-0.058633,-0.022793,8.2493
1.3433,2.1166,0.07816,-0.058718,-0.022611,8.2446
1.3434,2.1166,0.078158,-0.05881,-0.022404,8.2526
1.3434,2.1166,0.078157,-0.058909,-0.0223,8.2413
1.3435,2.1166,0.078156,-0.059006,-0.022186,8.2355
1.3435,2.1166,0.078155,-0.059097,-0.022081,8.2384
1.3436,2.1166,0.078154,-0.05918,-0.021957,8.2377
1.3436,2.1166,0.078153,-0.059262,-0.021775,8.2261
1.3437,2.1166,0.078151,-0.05934,-0.021571,8.2333
1.3437,2.1166,0.07815,-0.059408,-0.021385,8.244
1.3438,2.1166,0.078149,-0.059479,-0.021228,8.2382
1.3438,2.1165,0.078148,-0.059553,-0.021109,8.2454
1.3439,2.1165,0.078147,-0.059625,-0.020952,8.2567
1.3439,2.1165,0.078146,-0.059693,-0.020796,8.2424
1.344,2.1165,0.078145,-0.059763,-0.020597,8.2405
1.3441,2.1165,0.078144,-0.059836,-0.020371,8.2454
1.3441,2.1165,0.078143,-0.059915,-0.020175,8.2451
1.3442,2.1165,0.078142,-0.060002,-0.020006,8.2429
1.3442,2.1165,0.078141,-0.060097,-0.019859,8.2491
1.3443,2.1165,0.07814,-0.060195,-0.019736,8.2521
1.3443,2.1165,0.078139,-0.060285,-0.019645,8.2454
1.3444,2.1165,0.078137,-0.060372,-0.019528,8.2513
1.3444,2.1165,0.078136,-0.060464,-0.019408,8.248
1.3445,2.1165,0.078135,-0.060557,-0.019313,8.2408
1.3445,2.1165,0.078134,-0.060654,-0.019231,8.2451
1.3446,2.1165,0.078133,-0.06075,-0.019179,8.2466
1.3446,2.1165,0.078132,-0.060846,-0.019121,8.2339
1.3447,2.1165,0.078131,-0.060939,-0.019055,8.2328
1.3447,2.1165,0.07813,-0.061026,-0.018999,8.2472
1.3448,2.1165,0.078129,-0.061117,-0.018875,8.234
1.3448,2.1165,0.078128,-0.061218,-0.018735,8.2387
1.3449,2.1165,0.078127,-0.061326,-0.018581,8.2463
1.3449,2.1165,0.078126,-0.061438,-0.018433,8.2431
1.345,2.1165,0.078126,-0.061553,-0.018291,8.2406
1.3451,2.1165,0.078125,-0.06167,-0.018167,8.2468
1.3451,2.1165,0.078124,-0.061787,-0.018047,8.2498
1.3452,2.1165,0.078123,-0.061904,-0.01796,8.2436
1.3452,2.1165,0.078122,-0.06202,-0.017832,8.2555
1.3453,2.1165,0.078121,-0.062133,-0.017693,8.2676
1.3453,2.1165,0.07812,-0.062247,-0.01756,8.2692
1.3454,2.1165,0.078119,-0.062362,-0.017448,8.2797
1.3454,2.1165,0.078118,-0.062478,-0.017327,8.2869
1.3455,2.1164,0.078117,-0.062584,-0.017261,8.2875
1.3455,2.1164,0.078116,-0.062678,-0.017224,8.2874
1.3456,2.1164,0.078115,-0.062759,-0.017189,8.2861
1.3456,2.1164,0.078114,-0.062837,-0.017127,8.2837
1.3457,2.1164,0.078114,-0.062916,-0.017076,8.2822
1.3457,2.1164,0.078113,-0.063001,-0.017023,8.2966
1.3458,2.1164,0.078112,-0.063093,-0.016955,8.2881
1.3458,2.1164,0.078111,-0.063191,-0.01689,8.2809
1.3459,2.1164,0.07811,-0.063287,-0.016787,8.2852
1.3459,2.1164,0.078109,-0.063375,-0.016682,8.2825
1.346,2.1164,0.078108,-0.06345,-0.016489,8.2719
1.3461,2.1164,0.078107,-0.063516,-0.016295,8.2739
1.3461,2.1164,0.078107,-0.063577,-0.016135,8.2705
1.3462,2.1164,0.078106,-0.06363,-0.016016,8.2618
1.3462,2.1164,0.078105,-0.063683,-0.015898,8.2629
1.3463,2.1164,0.078104,-0.06375,-0.015804,8.2653
1.3463,2.1164,0.078103,-0.063823,-0.015695,8.2638
1.3464,2.1164,0.078102,-0.063895,-0.015596,8.2635
1.3464,2.1164,0.078102,-0.063957,-0.015465,8.2756
1.3465,2.1164,0.078101,-0.064009,-0.015366,8.271
1.3465,2.1164,0.0781,-0.06406,-0.015291,8.2679
1.3466,2.1164,0.078099,-0.064109,-0.015246,8.2724
1.3466,2.1164,0.078098,-0.064165,-0.015186,8.2703
1.3467,2.1164,0.078098,-0.06423,-0.01513,8.265
1.3467,2.1164,0.078097,-0.064298,-0.015057,8.2805
1.3468,2.1164,0.078096,-0.064362,-0.015006,8.2842
1.3468,2.1164,0.078095,-0.064424,-0.014977,8.2785
1.3469,2.1164,0.078094,-0.064488,-0.014962,8.2805
1.3469,2.1164,0.078094,-0.064553,-0.014954,8.2955
1.347,2.1164,0.078093,-0.064617,-0.014944,8.2864
1.3471,2.1163,0.078092,-0.064677,-0.014927,8.2874
1.3471,2.1163,0.078091,-0.064732,-0.014896,8.2914
1.3472,2.1163,0.07809,-0.064781,-0.014843,8.2784
1.3472,2.1163,0.07809,-0.064824,-0.014808,8.2704
1.3473,2.1163,0.078089,-0.064865,-0.014778,8.2872
1.3473,2.1163,0.078088,-0.064902,-0.014751,8.28
1.3474,2.1163,0.078087,-0.064936,-0.014738,8.2703
1.3474,2.1163,0.078087,-0.064966,-0.014696,8.2735
1.3475,2.1163,0.078086,-0.064995,-0.014637,8.2763
1.3475,2.1163,0.078085,-0.065022,-0.014568,8.2661
1.3476,2.1163,0.078084,-0.065045,-0.014498,8.2678
1.3476,2.1163,0.078084,-0.065059,-0.014438,8.2654
1.3477,2.1163,0.078083,-0.065065,-0.014392,8.2437
1.3477,2.1163,0.078082,-0.065066,-0.01437,8.2466
1.3478,2.1163,0.078081,-0.065057,-0.014377,8.2529
1.3478,2.1163,0.07808,-0.065039,-0.014355,8.2456
1.3479,2.1163,0.07808,-0.065024,-0.014359,8.2442
1.3479,2.1163,0.078079,-0.065015,-0.014374,8.2616
1.348,2.1163,0.078078,-0.065017,-0.014394,8.2607
1.3481,2.1163,0.078077,-0.06503,-0.014398,8.2539
1.3481,2.1163,0.078077,-0.065042,-0.014418,8.2594
1.3482,2.1163,0.078076,-0.065044,-0.014442,8.2599
1.3482,2.1163,0.078075,-0.065034,-0.014457,8.2491
1.3483,2.1163,0.078074,-0.065002,-0.01445,8.256
1.3483,2.1163,0.078074,-0.064973,-0.014452,8.2563
1.3484,2.1163,0.078073,-0.064949,-0.014442,8.2579
1.3484,2.1163,0.078072,-0.064947,-0.014412,8.2584
1.3485,2.1163,0.078071,-0.064984,-0.014358,8.2607
1.3485,2.1163,0.078071,-0.065025,-0.014324,8.2457
1.3486,2.1162,0.07807,-0.065068,-0.014293,8.244
1.3486,2.1162,0.078069,-0.065097,-0.014263,8.2437
1.3487,2.1162,0.078068,-0.065101,-0.014234,8.2317
1.3487,2.1162,0.078068,-0.065097,-0.014204,8.2197
1.3488,2.1162,0.078067,-0.06508,-0.014171,8.2232
1.3488,2.1162,0.078066,-0.065062,-0.014132,8.2142
1.3489,2.1162,0.078065,-0.065062,-0.014093,8.2082
1.3489,2.1162,0.078065,-0.065044,-0.014059,8.2185
1.349,2.1162,0.078064,-0.065024,-0.014029,8.2187
1.3491,2.1162,0.078063,-0.065008,-0.013999,8.2023
1.3491,2.1162,0.078062,-0.064998,-0.01397,8.2106
1.3492,2.1162,0.078062,-0.06499,-0.013943,8.2084
1.3492,2.1162,0.078061,-0.064988,-0.013916,8.2039
1.3493,2.1162,0.07806,-0.064999,-0.01389,8.1998
1.3493,2.1162,0.07806,-0.065025,-0.013869,8.2083
1.3494,2.1162,0.078059,-0.065043,-0.013849,8.2029
1.3494,2.1162,0.078058,-0.065065,-0.013831,8.2116
1.3495,2.1162,0.078057,-0.065096,-0.013808,8.2247
1.3495,2.1162,0.078057,-0.065106,-0.013783,8.2192
1.3496,2.1162,0.078056,-0.065101,-0.013759,8.2128
1.3496,2.1162,0.078055,-0.065086,-0.013733,8.2223
1.3497,2.1162,0.078054,-0.065065,-0.013707,8.2182
1.3497,2.1162,0.078054,-0.065045,-0.013686,8.2083
1.3498,2.1162,0.078053,-0.065029,-0.013662,8.2161
1.3498,2.1162,0.078052,-0.065015,-0.013639,8.2223
1.3499,2.1162,0.078052,-0.065006,-0.013616,8.2157
1.3499,2.1162,0.078051,-0.064991,-0.013593,8.2189
1.35,2.1162,0.07805,-0.064981,-0.013571,8.2289
1.3501,2.1162,0.078049,-0.064974,-0.013543,8.2215
1.3501,2.1161,0.078049,-0.064966,-0.013499,8.2175
1.3502,2.1161,0.078048,-0.064969,-0.013477,8.2215
1.3502,2.1161,0.078047,-0.064985,-0.013465,8.2091
1.3503,2.1161,0.078047,-0.065004,-0.01346,8.1984
1.3503,2.1161,0.078046,-0.065029,-0.01346,8.2027
1.3504,2.1161,0.078045,-0.065048,-0.013458,8.2081
1.3504,2.1161,0.078044,-0.065062,-0.01345,8.2052
1.3505,2.1161,0.078044,-0.065076,-0.013425,8.2123
1.3505,2.1161,0.078043,-0.065082,-0.013377,8.2146
1.3506,2.1161,0.078042,-0.065092,-0.013341,8.2039
1.3506,2.1161,0.078042,-0.065108,-0.013299,8.2162
1.3507,2.1161,0.078041,-0.065126,-0.013238,8.2151
1.3507,2.1161,0.07804,-0.06515,-0.013195,8.2081
1.3508,2.1161,0.07804,-0.065175,-0.013153,8.2191
1.3508,2.1161,0.078039,-0.06521,-0.01312,8.227
1.3509,2.1161,0.078038,-0.065243,-0.013146,8.2224
1.3509,2.1161,0.078037,-0.065267,-0.013232,8.229
1.351,2.1161,0.078037,-0.065281,-0.013368,8.2438
1.3511,2.1161,0.078036,-0.065293,-0.013539,8.2434
1.3511,2.1161,0.078035,-0.065305,-0.013727,8.2313
1.3512,2.1161,0.078035,-0.065315,-0.013914,8.2452
1.3512,2.1161,0.078034,-0.06533,-0.014019,8.2415
1.3513,2.1161,0.078033,-0.065355,-0.014063,8.228
1.3513,2.1161,0.078032,-0.06538,-0.014127,8.2306
1.3514,2.1161,0.078032,-0.065408,-0.014147,8.2253
1.3514,2.1161,0.078031,-0.065437,-0.014134,8.2247
1.3515,2.1161,0.07803,-0.065473,-0.014117,8.2361
1.3515,2.1161,0.078029,-0.065512,-0.014073,8.2432
1.3516,2.1161,0.078029,-0.065548,-0.014002,8.2261
1.3516,2.116,0.078028,-0.065586,-0.013853,8.2225
1.3517,2.116,0.078027,-0.065626,-0.013706,8.2216
1.3517,2.116,0.078027,-0.065668,-0.013621,8.2192
1.3518,2.116,0.078026,-0.065712,-0.013581,8.2032
1.3518,2.116,0.078025,-0.065757,-0.013595,8.2158
1.3519,2.116,0.078024,-0.065805,-0.013655,8.2108
1.3519,2.116,0.078024,-0.065857,-0.013692,8.1985
1.352,2.116,0.078023,-0.065908,-0.013743,8.213
1.3521,2.116,0.078022,-0.06596,-0.013738,8.2252
1.3521,2.116,0.078021,-0.066015,-0.0137,8.209
1.3522,2.116,0.078021,-0.06607,-0.013659,8.224
1.3522,2.116,0.07802,-0.066123,-0.01365,8.2351
1.3523,2.116,0.078019,-0.066176,-0.013677,8.2228
1.3523,2.116,0.078019,-0.066233,-0.01371,8.2249
1.3524,2.116,0.078018,-0.066294,-0.013722,8.2418
1.3524,2.116,0.078017,-0.066355,-0.013733,8.2336
1.3525,2.116,0.078016,-0.066418,-0.013693,8.2433
1.3525,2.116,0.078016,-0.066485,-0.013611,8.2557
1.3526,2.116,0.078015,-0.066553,-0.013531,8.2531
1.3526,2.116,0.078014,-0.066622,-0.013496,8.2503
1.3527,2.116,0.078014,-0.066693,-0.01352,8.2574
1.3527,2.116,0.078013,-0.066766,-0.01351,8.2504
1.3528,2.116,0.078012,-0.066842,-0.013489,8.239
1.3528,2.116,0.078011,-0.06692,-0.013422,8.2442
1.3529,2.116,0.078011,-0.067002,-0.013341,8.2489
1.3529,2.116,0.07801,-0.067088,-0.013216,8.2341
1.353,2.116,0.078009,-0.067173,-0.013086,8.2445
1.3531,2.116,0.078009,-0.067256,-0.012992,8.2478
1.3531,2.116,0.078008,-0.067338,-0.012929,8.2363
1.3532,2.1159,0.078007,-0.067411,-0.012855,8.2383
1.3532,2.1159,0.078007,-0.06748,-0.012818,8.2383
1.3533,2.1159,0.078006,-0.067549,-0.012794,8.2271
1.3533,2.1159,0.078005,-0.067615,-0.012826,8.2168
1.3534,2.1159,0.078005,-0.067677,-0.012796,8.2183
1.3534,2.1159,0.078004,-0.067736,-0.012741,8.2081
1.3535,2.1159,0.078003,-0.067796,-0.012674,8.2033
1.3535,2.1159,0.078003,-0.067858,-0.012605,8.2167
1.3536,2.1159,0.078002,-0.067916,-0.012539,8.2189
1.3536,2.1159,0.078001,-0.067975,-0.012485,8.213
1.3537,2.1159,0.078001,-0.068039,-0.01245,8.2173
1.3537,2.1159,0.078,-0.068098,-0.012437,8.2218
1.3538,2.1159,0.077999,-0.068155,-0.012404,8.2113
1.3538,2.1159,0.077999,-0.068214,-0.01236,8.2127
1.3539,2.1159,0.077998,-0.068273,-0.01234,8.2232
1.3539,2.1159,0.077997,-0.068333,-0.012276,8.2155
1.354,2.1159,0.077997,-0.068393,-0.01216,8.2174
1.3541,2.1159,0.077996,-0.068458,-0.011979,8.2283
1.3541,2.1159,0.077996,-0.068523,-0.011777,8.2253
1.3542,2.1159,0.077995,-0.068584,-0.011559,8.2201
1.3542,2.1159,0.077994,-0.068641,-0.011334,8.2191
1.3543,2.1159,0.077994,-0.068699,-0.011101,8.2057
1.3543,2.1159,0.077993,-0.068754,-0.010935,8.1944
1.3544,2.1159,0.077993,-0.068806,-0.010748,8.1929
1.3544,2.1159,0.077992,-0.068861,-0.010511,8.1976
1.3545,2.1159,0.077992,-0.068918,-0.010236,8.182
1.3545,2.1159,0.077991,-0.068976,-0.0099145,8.1904
1.3546,2.1159,0.07799,-0.069033,-0.0095699,8.1955
1.3546,2.1158,0.07799,-0.069089,-0.0092445,8.1851
1.3547,2.1158,0.07799,-0.069149,-0.0089229,8.1821
1.3547,2.1158,0.077989,-0.06921,-0.0087025,8.1901
1.3548,2.1158,0.077989,-0.06927,-0.0084881,8.1786
1.3548,2.1158,0.077988,-0.069331,-0.0082358,8.1746
1.3549,2.1158,0.077988,-0.069393,-0.0079804,8.1834
1.3549,2.1158,0.077987,-0.069459,-0.0077029,8.1793
1.355,2.1158,0.077987,-0.069524,-0.0074365,8.1783
1.3551,2.1158,0.077987,-0.069589,-0.0071765,8.1973
1.3551,2.1158,0.077986,-0.069657,-0.0069176,8.2002
1.3552,2.1158,0.077986,-0.069724,-0.0067061,8.1965
1.3552,2.1158,0.077986,-0.069789,-0.006498,8.204
1.3553,2.1158,0.077985,-0.069844,-0.0062596,8.2063
1.3553,2.1158,0.077985,-0.069909,-0.0060283,8.2043
1.3554,2.1158,0.077985,-0.069975,-0.0058402,8.2122
1.3554,2.1158,0.077984,-0.070053,-0.0056314,8.2217
1.3555,2.1158,0.077984,-0.070142,-0.0053755,8.2104
1.3555,2.1158,0.077984,-0.070233,-0.0051751,8.2111
1.3556,2.1158,0.077983,-0.070319,-0.0049702,8.2206
1.3556,2.1158,0.077983,-0.070396,-0.0047286,8.2275
1.3557,2.1158,0.077983,-0.070458,-0.0044614,8.223
1.3557,2.1158,0.077983,-0.070518,-0.0042577,8.2276
1.3558,2.1158,0.077983,-0.070568,-0.0040789,8.2142
1.3558,2.1158,0.077982,-0.07062,-0.0038976,8.2081
1.3559,2.1158,0.077982,-0.070673,-0.0037182,8.2123
1.3559,2.1158,0.077982,-0.07073,-0.0036527,8.2157
1.356,2.1158,0.077982,-0.070793,-0.0035551,8.2054
1.3561,2.1157,0.077982,-0.070865,-0.0034082,8.2144
1.3561,2.1157,0.077981,-0.070949,-0.0032502,8.2252
1.3562,2.1157,0.077981,-0.071032,-0.0031553,8.2193
1.3562,2.1157,0.077981,-0.071105,-0.0030374,8.2221
1.3563,2.1157,0.077981,-0.071165,-0.0029511,8.236
1.3563,2.1157,0.077981,-0.071218,-0.0028793,8.2295
1.3564,2.1157,0.077981,-0.071269,-0.0028562,8.2268
1.3564,2.1157,0.07798,-0.071323,-0.0028259,8.2363
1.3565,2.1157,0.07798,-0.071388,-0.0027628,8.2344
1.3565,2.1157,0.07798,-0.071462,-0.0026339,8.2369
1.3566,2.1157,0.07798,-0.071527,-0.0024646,8.2543
1.3566,2.1157,0.07798,-0.07158,-0.002215,8.2607
1.3567,2.1157,0.07798,-0.071619,-0.0019578,8.2535
1.3567,2.1157,0.07798,-0.071647,-0.00172,8.266
1.3568,2.1157,0.07798,-0.071663,-0.0014901,8.2694
1.3568,2.1157,0.07798,-0.071675,-0.0013158,8.26
1.3569,2.1157,0.07798,-0.071692,-0.0011741,8.2642
1.3569,2.1157,0.077979,-0.071708,-0.0010053,8.2761
1.357,2.1157,0.077979,-0.071731,-0.0008115,8.2679
1.3571,2.1157,0.077979,-0.071762,-0.00052874,8.2663
1.3571,2.1157,0.077979,-0.07179,-0.00025197,8.278
1.3572,2.1157,0.077979,-0.071814,1.8621e-05,8.2732
1.3572,2.1157,0.077979,-0.071832,0.00032819,8.2593
1.3573,2.1157,0.077979,-0.071848,0.00061603,8.2655
1.3573,2.1157,0.07798,-0.071866,0.00089323,8.2584
1.3574,2.1157,0.07798,-0.071883,0.0011419,8.2512
1.3574,2.1156,0.07798,-0.071907,0.0013261,8.2517
1.3575,2.1156,0.07798,-0.071932,0.0015238,8.2508
1.3575,2.1156,0.07798,-0.071946,0.001668,8.2356
1.3576,2.1156,0.07798,-0.071963,0.0018071,8.2481
1.3576,2.1156,0.07798,-0.071989,0.001966,8.255
1.3577,2.1156,0.07798,-0.072019,0.0021456,8.2468
1.3577,2.1156,0.07798,-0.072055,0.0023097,8.2585
1.3578,2.1156,0.07798,-0.0721,0.0024024,8.2699
1.3578,2.1156,0.07798,-0.072144,0.0024805,8.2631
1.3579,2.1156,0.077981,-0.07218,0.0025846,8.2649
1.3579,2.1156,0.077981,-0.072205,0.0027006,8.2685
1.358,2.1156,0.077981,-0.072219,0.0028134,8.2676
1.3581,2.1156,0.077981,-0.07223,0.0029615,8.2653
1.3581,2.1156,0.077981,-0.072239,0.0031376,8.2774
1.3582,2.1156,0.077981,-0.072241,0.0032885,8.2833
1.3582,2.1156,0.077982,-0.072257,0.0034006,8.2814
1.3583,2.1156,0.077982,-0.072269,0.0035283,8.291
1.3583,2.1156,0.077982,-0.072288,0.0036849,8.2922
1.3584,2.1156,0.077982,-0.072316,0.0038461,8.2821
1.3584,2.1156,0.077982,-0.072336,0.0039739,8.2776
1.3585,2.1156,0.077983,-0.072366,0.0041164,8.2819
1.3585,2.1156,0.077983,-0.072394,0.0042756,8.2737
1.3586,2.1156,0.077983,-0.072419,0.0044225,8.2742
1.3586,2.1156,0.077983,-0.07246,0.0045293,8.2758
1.3587,2.1156,0.077984,-0.072491,0.0046146,8.2722
1.3587,2.1156,0.077984,-0.072521,0.0046931,8.2637
1.3588,2.1156,0.077984,-0.072538,0.0047199,8.2713
1.3588,2.1155,0.077984,-0.072528,0.0047255,8.2581
1.3589,2.1155,0.077985,-0.072517,0.0047344,8.254
1.3589,2.1155,0.077985,-0.072501,0.0047624,8.2597
1.359,2.1155,0.077985,-0.072491,0.0047864,8.2572
1.3591,2.1155,0.077985,-0.072487,0.0047987,8.2419
1.3591,2.1155,0.077986,-0.072493,0.004792,8.2525
1.3592,2.1155,0.077986,-0.072503,0.0047596,8.2646
1.3592,2.1155,0.077986,-0.072508,0.0046949,8.2573
1.3593,2.1155,0.077986,-0.072503,0.0046412,8.2654
1.3593,2.1155,0.077987,-0.072491,0.0045819,8.2764
1.3594,2.1155,0.077987,-0.072476,0.0045169,8.2685
1.3594,2.1155,0.077987,-0.072458,0.0044462,8.2673
1.3595,2.1155,0.077987,-0.072446,0.0043698,8.2746
1.3595,2.1155,0.077987,-0.072444,0.0042879,8.2735
1.3596,2.1155,0.077988,-0.07245,0.0042006,8.2693
1.3596,2.1155,0.077988,-0.072458,0.0041079,8.2843
1.3597,2.1155,0.077988,-0.072467,0.0040099,8.2836
1.3597,2.1155,0.077988,-0.072471,0.0039066,8.2788
1.3598,2.1155,0.077989,-0.072478,0.0037978,8.2925
1.3598,2.1155,0.077989,-0.072487,0.0036836,8.2929
1.3599,2.1155,0.077989,-0.072505,0.0035496,8.2769
1.3599,2.1155,0.077989,-0.072513,0.0034202,8.2726
1.36,2.1155,0.077989,-0.072525,0.0033119,8.2732
1.3601,2.1155,0.077989,-0.072538,0.0032185,8.264
1.3601,2.1155,0.07799,-0.072543,0.0031804,8.2569
1.3602,2.1155,0.07799,-0.072536,0.0031863,8.2611
1.3602,2.1154,0.07799,-0.072521,0.0032164,8.2502
1.3603,2.1154,0.07799,-0.0725,0.0032643,8.2461
1.3603,2.1154,0.07799,-0.07248,0.0032736,8.2547
1.3604,2.1154,0.07799,-0.072453,0.003235,8.2503
1.3604,2.1154,0.077991,-0.07243,0.0031315,8.244
1.3605,2.1154,0.077991,-0.072422,0.0029673,8.2501
1.3605,2.1154,0.077991,-0.072416,0.0027474,8.2501
1.3606,2.1154,0.077991,-0.072411,0.002477,8.239
1.3606,2.1154,0.077991,-0.0724,0.0021665,8.2486
1.3607,2.1154,0.077991,-0.072396,0.0019056,8.2599
1.3607,2.1154,0.077991,-0.072389,0.0016394,8.254
1.3608,2.1154,0.077991,-0.072374,0.0013593,8.263
1.3608,2.1154,0.077991,-0.072354,0.0011102,8.2781
1.3609,2.1154,0.077991,-0.072339,0.00087676,8.2666
1.3609,2.1154,0.077992,-0.072327,0.00063751,8.2694
1.361,2.1154,0.077992,-0.072316,0.0004189,8.2706
1.3611,2.1154,0.077992,-0.072303,0.00024084,8.2631
1.3611,2.1154,0.077992,-0.072294,0.00011,8.2555
1.3612,2.1154,0.077992,-0.072277,-3.01e-05,8.2664
1.3612,2.1154,0.077992,-0.072254,-0.00017794,8.2675
1.3613,2.1154,0.077992,-0.072225,-0.00028885,8.2674
1.3613,2.1154,0.077992,-0.072191,-0.00042404,8.2778
1.3614,2.1154,0.077991,-0.072153,-0.00058188,8.2774
1.3614,2.1154,0.077991,-0.072111,-0.00075181,8.2704
1.3615,2.1154,0.077991,-0.072078,-0.00096893,8.2752
1.3615,2.1154,0.077991,-0.072046,-0.0012593,8.2747
1.3616,2.1153,0.077991,-0.07202,-0.0016269,8.2642
1.3616,2.1153,0.077991,-0.071999,-0.0019979,8.2582
1.3617,2.1153,0.077991,-0.071979,-0.0022866,8.2696
1.3617,2.1153,0.077991,-0.071958,-0.0025097,8.261
1.3618,2.1153,0.077991,-0.071934,-0.0026646,8.2553
1.3618,2.1153,0.077991,-0.071902,-0.0027333,8.2782
1.3619,2.1153,0.07799,-0.071872,-0.002858,8.2727
1.3619,2.1153,0.07799,-0.071841,-0.0030416,8.2689
1.362,2.1153,0.07799,-0.071822,-0.0032927,8.2776
1.3621,2.1153,0.07799,-0.071814,-0.0035917,8.2821
1.3621,2.1153,0.07799,-0.07182,-0.0038922,8.2754
1.3622,2.1153,0.07799,-0.071836,-0.0042027,8.2854
1.3622,2.1153,0.077989,-0.071859,-0.0044407,8.3037
1.3623,2.1153,0.077989,-0.071879,-0.0046228,8.2929
1.3623,2.1153,0.077989,-0.071898,-0.0048437,8.299
1.3624,2.1153,0.077989,-0.071913,-0.0050973,8.3176
1.3624,2.1153,0.077988,-0.071926,-0.0053578,8.3071
1.3625,2.1153,0.077988,-0.071932,-0.0056587,8.3047
1.3625,2.1153,0.077988,-0.071928,-0.0059702,8.3151
1.3626,2.1153,0.077987,-0.071914,-0.0062611,8.3131
1.3626,2.1153,0.077987,-0.071894,-0.0064924,8.3001
1.3627,2.1153,0.077987,-0.071871,-0.0067386,8.3091
1.3627,2.1153,0.077986,-0.071844,-0.0069858,8.3071
1.3628,2.1153,0.077986,-0.071817,-0.0072824,8.2983
1.3628,2.1153,0.077985,-0.071785,-0.0075794,8.3057
1.3629,2.1153,0.077985,-0.071745,-0.0078961,8.3099
1.3629,2.1153,0.077985,-0.071702,-0.0082052,8.2974
1.363,2.1152,0.077984,-0.071654,-0.0084636,8.2974
1.3631,2.1152,0.077984,-0.071612,-0.0087265,8.2944
1.3631,2.1152,0.077983,-0.071578,-0.0089957,8.281
1.3632,2.1152,0.077983,-0.071538,-0.009234,8.2798
1.3632,2.1152,0.077982,-0.071492,-0.0094648,8.2916
1.3633,2.1152,0.077982,-0.07144,-0.0096439,8.2826
1.3633,2.1152,0.077981,-0.071391,-0.0098259,8.2835
1.3634,2.1152,0.077981,-0.071339,-0.010042,8.2973
1.3634,2.1152,0.07798,-0.071286,-0.010234,8.2908
1.3635,2.1152,0.07798,-0.071241,-0.010437,8.2838
1.3635,2.1152,0.077979,-0.071203,-0.010628,8.2904
1.3636,2.1152,0.077978,-0.07116,-0.0108,8.2863
1.3636,2.1152,0.077978,-0.071111,-0.010943,8.2811
1.3637,2.1152,0.077977,-0.071067,-0.011034,8.2876
1.3637,2.1152,0.077977,-0.071032,-0.011148,8.2966
1.3638,2.1152,0.077976,-0.070988,-0.011323,8.2867
1.3638,2.1152,0.077976,-0.070943,-0.011445,8.2911
1.3639,2.1152,0.077975,-0.070899,-0.011567,8.3066
1.3639,2.1152,0.077974,-0.070857,-0.011686,8.2942
1.364,2.1152,0.077974,-0.070818,-0.011818,8.2925
1.3641,2.1152,0.077973,-0.070773,-0.011914,8.2939
1.3641,2.1152,0.077972,-0.070733,-0.011963,8.2847
1.3642,2.1152,0.077972,-0.070697,-0.01205,8.2799
1.3642,2.1152,0.077971,-0.070657,-0.012172,8.2927
1.3643,2.1152,0.07797,-0.070627,-0.012228,8.2786
1.3643,2.1152,0.07797,-0.070599,-0.012318,8.2758
1.3644,2.1151,0.077969,-0.070581,-0.01243,8.2846
1.3644,2.1151,0.077969,-0.07056,-0.012555,8.2872
1.3645,2.1151,0.077968,-0.070525,-0.012677,8.2607
1.3645,2.1151,0.077967,-0.070468,-0.012799,8.2688
1.3646,2.1151,0.077967,-0.070398,-0.01295,8.2692
1.3646,2.1151,0.077966,-0.07032,-0.013107,8.2547
1.3647,2.1151,0.077965,-0.070251,-0.013201,8.2519
1.3647,2.1151,0.077964,-0.07019,-0.0133,8.258
1.3648,2.1151,0.077964,-0.070148,-0.013419,8.2592
1.3648,2.1151,0.077963,-0.070115,-0.013539,8.2591
1.3649,2.1151,0.077962,-0.070088,-0.013684,8.2713
1.3649,2.1151,0.077962,-0.070058,-0.013812,8.2641
1.365,2.1151,0.077961,-0.070031,-0.013947,8.2629
1.3651,2.1151,0.07796,-0.070003,-0.014066,8.2729
1.3651,2.1151,0.077959,-0.069983,-0.014146,8.2696
1.3652,2.1151,0.077959,-0.069968,-0.014195,8.2637
1.3652,2.1151,0.077958,-0.069961,-0.014271,8.2667
1.3653,2.1151,0.077957,-0.069951,-0.014345,8.27
1.3653,2.1151,0.077956,-0.069941,-0.01439,8.2544
1.3654,2.1151,0.077956,-0.069927,-0.014429,8.2593
1.3654,2.1151,0.077955,-0.069907,-0.014489,8.2667
1.3655,2.1151,0.077954,-0.069885,-0.01451,8.2622
1.3655,2.1151,0.077953,-0.069871,-0.014545,8.2577
1.3656,2.1151,0.077953,-0.069862,-0.014606,8.2636
1.3656,2.1151,0.077952,-0.069863,-0.014705,8.2482
1.3657,2.1151,0.077951,-0.069867,-0.014784,8.2362
1.3657,2.1151,0.07795,-0.069876,-0.014842,8.2438
1.3658,2.115,0.077949,-0.069886,-0.014928,8.2401
1.3658,2.115,0.077949,-0.069897,-0.01499,8.2329
1.3659,2.115,0.077948,-0.069911,-0.014993,8.2388
1.3659,2.115,0.077947,-0.06993,-0.014992,8.2441
1.366,2.115,0.077946,-0.069948,-0.014982,8.2382
1.3661,2.115,0.077945,-0.069962,-0.014937,8.2438
1.3661,2.115,0.077945,-0.069974,-0.01484,8.2388
1.3662,2.115,0.077944,-0.069984,-0.014744,8.2315
1.3662,2.115,0.077943,-0.07,-0.014629,8.2331
1.3663,2.115,0.077942,-0.070023,-0.014487,8.2371
1.3663,2.115,0.077942,-0.070057,-0.014327,8.2243
1.3664,2.115,0.077941,-0.070099,-0.014136,8.2274
1.3664,2.115,0.07794,-0.070133,-0.013964,8.2449
1.3665,2.115,0.077939,-0.07016,-0.013794,8.244
1.3665,2.115,0.077939,-0.07019,-0.01367,8.2365
1.3666,2.115,0.077938,-0.070219,-0.013599,8.2525
1.3666,2.115,0.077937,-0.070258,-0.013487,8.2519
1.3667,2.115,0.077937,-0.070307,-0.01335,8.2426
1.3667,2.115,0.077936,-0.070373,-0.013194,8.2415
1.3668,2.115,0.077935,-0.070445,-0.012973,8.2477
1.3668,2.115,0.077935,-0.07051,-0.012703,8.2357
1.3669,2.115,0.077934,-0.070579,-0.012439,8.2368
1.3669,2.115,0.077933,-0.070642,-0.012235,8.2438
1.367,2.115,0.077933,-0.070698,-0.012164,8.2384
1.3671,2.115,0.077932,-0.070757,-0.012088,8.2299
1.3671,2.115,0.077931,-0.070821,-0.012054,8.2347
1.3672,2.115,0.077931,-0.070893,-0.012086,8.2302
1.3672,2.1149,0.07793,-0.070966,-0.012131,8.2235
1.3673,2.1149,0.077929,-0.071041,-0.01212,8.2277
1.3673,2.1149,0.077929,-0.071117,-0.012109,8.2247
1.3674,2.1149,0.077928,-0.071183,-0.012071,8.2255
1.3674,2.1149,0.077927,-0.071248,-0.012091,8.2335
1.3675,2.1149,0.077927,-0.071323,-0.012059,8.2382
1.3675,2.1149,0.077926,-0.071401,-0.012038,8.2317
1.3676,2.1149,0.077926,-0.071475,-0.012052,8.2426
1.3676,2.1149,0.077925,-0.071547,-0.012101,8.24
1.3677,2.1149,0.077924,-0.071619,-0.012083,8.2272
1.3677,2.1149,0.077924,-0.071687,-0.01205,8.233
1.3678,2.1149,0.077923,-0.071752,-0.011992,8.241
1.3678,2.1149,0.077922,-0.071818,-0.011947,8.2346
1.3679,2.1149,0.077922,-0.071889,-0.0119,8.2304
1.3679,2.1149,0.077921,-0.071961,-0.011852,8.2502
1.368,2.1149,0.077921,-0.072033,-0.011805,8.2502
1.3681,2.1149,0.07792,-0.072111,-0.01176,8.2447
1.3681,2.1149,0.077919,-0.072197,-0.011672,8.2576
1.3682,2.1149,0.077919,-0.072282,-0.011591,8.2481
1.3682,2.1149,0.077918,-0.072376,-0.011499,8.242
1.3683,2.1149,0.077917,-0.072472,-0.011402,8.254
1.3683,2.1149,0.077917,-0.07256,-0.011306,8.2498
1.3684,2.1149,0.077916,-0.072641,-0.011186,8.2436
1.3684,2.1149,0.077916,-0.072717,-0.011108,8.2409
1.3685,2.1149,0.077915,-0.072789,-0.0111,8.2538
1.3685,2.1149,0.077915,-0.072857,-0.011135,8.2469
1.3686,2.1149,0.077914,-0.072923,-0.011204,8.2486
1.3686,2.1148,0.077913,-0.072998,-0.011224,8.2545
1.3687,2.1148,0.077913,-0.073078,-0.011224,8.242
1.3687,2.1148,0.077912,-0.073167,-0.011182,8.2382
1.3688,2.1148,0.077912,-0.073266,-0.011078,8.243
1.3688,2.1148,0.077911,-0.073369,-0.011002,8.2414
1.3689,2.1148,0.07791,-0.073472,-0.010922,8.2406
1.3689,2.1148,0.07791,-0.073567,-0.010816,8.2527
1.369,2.1148,0.077909,-0.073657,-0.010733,8.2623
1.3691,2.1148,0.077909,-0.073739,-0.010626,8.2555
1.3691,2.1148,0.077908,-0.073815,-0.010544,8.2615
1.3692,2.1148,0.077908,-0.073893,-0.010472,8.2661
1.3692,2.1148,0.077907,-0.073969,-0.010412,8.257
1.3693,2.1148,0.077907,-0.074049,-0.010365,8.2664
1.3693,2.1148,0.077906,-0.074128,-0.010267,8.2738
1.3694,2.1148,0.077905,-0.074208,-0.010153,8.2703
1.3694,2.1148,0.077905,-0.074291,-0.010099,8.2691
1.3695,2.1148,0.077904,-0.074377,-0.010087,8.2823
1.3695,2.1148,0.077904,-0.07446,-0.010071,8.2835
1.3696,2.1148,0.077903,-0.074542,-0.010003,8.2764
1.3696,2.1148,0.077903,-0.074621,-0.0098707,8.2876
1.3697,2.1148,0.077902,-0.074697,-0.0097197,8.2798
1.3697,2.1148,0.077902,-0.074769,-0.0095554,8.2732
1.3698,2.1148,0.077901,-0.074839,-0.009365,8.272
1.3698,2.1148,0.077901,-0.074907,-0.0092303,8.2722
1.3699,2.1148,0.0779,-0.074977,-0.0091089,8.2559
1.3699,2.1148,0.0779,-0.075035,-0.0090251,8.2514
1.37,2.1147,0.077899,-0.075088,-0.0089549,8.2576
1.3701,2.1147,0.077899,-0.075136,-0.0089021,8.239
1.3701,2.1147,0.077898,-0.075183,-0.008951,8.2372
1.3702,2.1147,0.077898,-0.075235,-0.0090598,8.2389
1.3702,2.1147,0.077898,-0.07529,-0.0091795,8.2258
1.3703,2.1147,0.077897,-0.075342,-0.0093071,8.2191
1.3703,2.1147,0.077897,-0.075406,-0.009355,8.2209
1.3704,2.1147,0.077896,-0.075473,-0.0094021,8.217
1.3704,2.1147,0.077896,-0.075535,-0.0094367,8.2055
1.3705,2.1147,0.077895,-0.075592,-0.0093539,8.2238
1.3705,2.1147,0.077895,-0.075653,-0.0092363,8.2256
1.3706,2.1147,0.077894,-0.075719,-0.0091316,8.223
1.3706,2.1147,0.077894,-0.075774,-0.0090375,8.2367
1.3707,2.1147,0.077893,-0.075827,-0.0088951,8.2398
1.3707,2.1147,0.077893,-0.075885,-0.0087038,8.2335
1.3708,2.1147,0.077892,-0.075944,-0.0085642,8.2371
1.3708,2.1147,0.077892,-0.075997,-0.0084667,8.2367
1.3709,2.1147,0.077891,-0.076052,-0.0083116,8.2289
1.3709,2.1147,0.077891,-0.076109,-0.0082099,8.231
1.371,2.1147,0.07789,-0.076167,-0.0081624,8.2415
1.3711,2.1147,0.07789,-0.07622,-0.0081117,8.2365
1.3711,2.1147,0.07789,-0.07628,-0.0080858,8.2238
1.3712,2.1147,0.077889,-0.076335,-0.0080661,8.2337
1.3712,2.1147,0.077889,-0.07639,-0.0080681,8.2201
1.3713,2.1147,0.077888,-0.076448,-0.0080358,8.211
1.3713,2.1146,0.077888,-0.076515,-0.0079715,8.2139
1.3714,2.1146,0.077888,-0.076577,-0.0079289,8.2182
1.3714,2.1146,0.077887,-0.076624,-0.0078411,8.2053
1.3715,2.1146,0.077887,-0.076672,-0.0077321,8.2129
1.3715,2.1146,0.077886,-0.076709,-0.0076877,8.2188
1.3716,2.1146,0.077886,-0.076739,-0.007707,8.2174
1.3716,2.1146,0.077885,-0.076769,-0.0077816,8.2188
1.3717,2.1146,0.077885,-0.076806,-0.0078257,8.2254
1.3717,2.1146,0.077885,-0.076861,-0.0078978,8.2187
1.3718,2.1146,0.077884,-0.076928,-0.0080189,8.2187
1.3718,2.1146,0.077884,-0.076991,-0.0080579,8.224
1.3719,2.1146,0.077883,-0.077053,-0.0080143,8.2216
1.3719,2.1146,0.077883,-0.077088,-0.007985,8.2116
1.372,2.1146,0.077883,-0.077109,-0.0079769,8.2227
1.3721,2.1146,0.077882,-0.077109,-0.007965,8.2266
1.3721,2.1146,0.077882,-0.077097,-0.007882,8.2223
1.3722,2.1146,0.077881,-0.077086,-0.0078274,8.2364
1.3722,2.1146,0.077881,-0.077085,-0.0078046,8.2427
1.3723,2.1146,0.07788,-0.077088,-0.0076956,8.2291
1.3723,2.1146,0.07788,-0.077089,-0.0075112,8.2335
1.3724,2.1146,0.07788,-0.077084,-0.0073968,8.2416
1.3724,2.1146,0.077879,-0.077084,-0.0072936,8.2342
1.3725,2.1146,0.077879,-0.077084,-0.0072114,8.2322
1.3725,2.1146,0.077879,-0.077089,-0.0071512,8.2398
1.3726,2.1145,0.077878,-0.077094,-0.0071527,8.2378
1.3726,2.1145,0.077878,-0.077094,-0.0071951,8.236
1.3727,2.1145,0.077877,-0.077089,-0.0072341,8.2442
1.3727,2.1145,0.077877,-0.077077,-0.0072343,8.2399
1.3728,2.1145,0.077877,-0.077063,-0.0072387,8.2352
1.3728,2.1145,0.077876,-0.07705,-0.0071713,8.2434
1.3729,2.1145,0.077876,-0.077041,-0.0070843,8.2403
1.3729,2.1145,0.077876,-0.077025,-0.0069916,8.2363
1.373,2.1145,0.077875,-0.077004,-0.0068543,8.2485
1.3731,2.1145,0.077875,-0.076963,-0.0066761,8.2589
1.3731,2.1145,0.077875,-0.076912,-0.0065198,8.2507
1.3732,2.1145,0.077874,-0.076856,-0.0063787,8.256
1.3732,2.1145,0.077874,-0.076802,-0.0061896,8.2734
1.3733,2.1145,0.077874,-0.076749,-0.0059807,8.2684
1.3733,2.1145,0.077873,-0.076714,-0.0058023,8.2735
1.3734,2.1145,0.077873,-0.07669,-0.0056974,8.2773
1.3734,2.1145,0.077873,-0.076669,-0.0056346,8.2745
1.3735,2.1145,0.077872,-0.076634,-0.005595,8.2685
1.3735,2.1145,0.077872,-0.076587,-0.0055895,8.2824
1.3736,2.1145,0.077872,-0.076525,-0.0055757,8.2816
1.3736,2.1145,0.077871,-0.076455,-0.0054925,8.2722
1.3737,2.1145,0.077871,-0.076374,-0.0053302,8.2889
1.3737,2.1145,0.077871,-0.076304,-0.0050835,8.2884
1.3738,2.1145,0.077871,-0.076245,-0.0048397,8.2841
1.3738,2.1145,0.07787,-0.076185,-0.0046351,8.2833
1.3739,2.1144,0.07787,-0.076123,-0.0044845,8.2845
1.3739,2.1144,0.07787,-0.076056,-0.0043467,8.2815
1.374,2.1144,0.07787,-0.075983,-0.0042782,8.284
1.3741,2.1144,0.077869,-0.075922,-0.004277,8.2951
1.3741,2.1144,0.077869,-0.075864,-0.004286,8.2829
1.3742,2.1144,0.077869,-0.075817,-0.0042725,8.2846
1.3742,2.1144,0.077869,-0.075763,-0.0042893,8.2956
1.3743,2.1144,0.077869,-0.075707,-0.0043145,8.2903
1.3743,2.1144,0.077868,-0.075639,-0.0043777,8.2753
1.3744,2.1144,0.077868,-0.075568,-0.0044173,8.2838
1.3744,2.1144,0.077868,-0.075503,-0.0044788,8.2848
1.3745,2.1144,0.077868,-0.075468,-0.0045344,8.2722
1.3745,2.1144,0.077867,-0.075452,-0.004579,8.2777
1.3746,2.1144,0.077867,-0.075449,-0.0045714,8.29
1.3746,2.1144,0.077867,-0.075446,-0.004511,8.2845
1.3747,2.1144,0.077867,-0.07544,-0.0043941,8.2931
1.3747,2.1144,0.077866,-0.07542,-0.0042927,8.3054
1.3748,2.1144,0.077866,-0.075397,-0.0041668,8.2984
1.3748,2.1144,0.077866,-0.075369,-0.0040417,8.2956
1.3749,2.1144,0.077866,-0.075349,-0.0039549,8.3057
1.3749,2.1144,0.077866,-0.075329,-0.0038788,8.2977
1.375,2.1144,0.077865,-0.075312,-0.0037969,8.284
1.3751,2.1144,0.077865,-0.075296,-0.0036937,8.3026
1.3751,2.1144,0.077865,-0.075282,-0.0035996,8.2972
1.3752,2.1144,0.077865,-0.07527,-0.003529,8.2902
1.3752,2.1143,0.077865,-0.075259,-0.0034499,8.3018
1.3753,2.1143,0.077865,-0.07525,-0.0033844,8.3024
1.3753,2.1143,0.077864,-0.075242,-0.0033387,8.2902
1.3754,2.1143,0.077864,-0.075236,-0.0032698,8.2943
1.3754,2.1143,0.077864,-0.075231,-0.0031941,8.2986
1.3755,2.1143,0.077864,-0.075229,-0.0031117,8.2858
1.3755,2.1143,0.077864,-0.075227,-0.0030241,8.2791
1.3756,2.1143,0.077864,-0.075227,-0.0029274,8.2927
1.3756,2.1143,0.077863,-0.075229,-0.0028223,8.2848
1.3757,2.1143,0.077863,-0.075232,-0.0027099,8.2848
1.3757,2.1143,0.077863,-0.075237,-0.0025909,8.2908
1.3758,2.1143,0.077863,-0.075243,-0.0024804,8.2976
1.3758,2.1143,0.077863,-0.075251,-0.0023381,8.2856
1.3759,2.1143,0.077863,-0.07526,-0.0021774,8.2912
1.3759,2.1143,0.077863,-0.07527,-0.002008,8.2911
1.376,2.1143,0.077863,-0.075282,-0.001834,8.2795
1.3761,2.1143,0.077862,-0.075296,-0.0016623,8.2877
1.3761,2.1143,0.077862,-0.07531,-0.0015006,8.2897
1.3762,2.1143,0.077862,-0.075326,-0.0013591,8.2785
1.3762,2.1143,0.077862,-0.075344,-0.0012396,8.2903
1.3763,2.1143,0.077862,-0.07536,-0.0010982,8.2988
1.3763,2.1143,0.077862,-0.07538,-0.00095206,8.2915
1.3764,2.1143,0.077862,-0.075404,-0.0007966,8.2905
1.3764,2.1143,0.077862,-0.075438,-0.000635,8.2982
1.3765,2.1143,0.077862,-0.075477,-0.00045082,8.2924
1.3765,2.1142,0.077862,-0.075517,-0.00028902,8.2846
1.3766,2.1142,0.077862,-0.075557,-0.00015249,8.2928
1.3766,2.1142,0.077862,-0.075592,-1.6316e-05,8.2874
1.3767,2.1142,0.077862,-0.075621,0.00010077,8.2835
1.3767,2.1142,0.077862,-0.075646,0.00018848,8.2876
1.3768,2.1142,0.077862,-0.075671,0.0002287,8.2895
1.3768,2.1142,0.077862,-0.0757,0.00024832,8.2768
1.3769,2.1142,0.077862,-0.07573,0.0002824,8.2806
1.3769,2.1142,0.077862,-0.075762,0.00032641,8.282
1.377,2.1142,0.077862,-0.075794,0.00035978,8.2696
1.3771,2.1142,0.077862,-0.075827,0.0004544,8.2723
1.3771,2.1142,0.077862,-0.075862,0.00057025,8.2838
1.3772,2.1142,0.077862,-0.075898,0.00073053,8.2749
1.3772,2.1142,0.077862,-0.075935,0.0008966,8.2764
1.3773,2.1142,0.077862,-0.075973,0.0010783,8.2864
1.3773,2.1142,0.077862,-0.076012,0.0012518,8.2951
1.3774,2.1142,0.077862,-0.076052,0.001434,8.2881
1.3774,2.1142,0.077862,-0.076093,0.0016048,8.2942
1.3775,2.1142,0.077863,-0.076135,0.0017954,8.2942
1.3775,2.1142,0.077863,-0.076178,0.0019738,8.2815
1.3776,2.1142,0.077863,-0.076223,0.0021694,8.2837
1.3776,2.1142,0.077863,-0.076268,0.0023382,8.293
1.3777,2.1142,0.077863,-0.076314,0.0025059,8.2812
1.3777,2.1142,0.077863,-0.076361,0.0026477,8.2859
1.3778,2.1142,0.077863,-0.076407,0.0027946,8.298
1.3778,2.1141,0.077864,-0.076457,0.0029676,8.2888
1.3779,2.1141,0.077864,-0.076509,0.0031381,8.2858
1.3779,2.1141,0.077864,-0.076566,0.0033038,8.2899
1.378,2.1141,0.077864,-0.076626,0.0034597,8.2858
1.3781,2.1141,0.077864,-0.076691,0.0035925,8.2752
1.3781,2.1141,0.077864,-0.076758,0.0037483,8.2824
1.3782,2.1141,0.077865,-0.076824,0.003867,8.2813
1.3782,2.1141,0.077865,-0.076885,0.0039611,8.2726
1.3783,2.1141,0.077865,-0.076946,0.0040407,8.2864
1.3783,2.1141,0.077865,-0.077,0.004098,8.2951
1.3784,2.1141,0.077865,-0.077053,0.0041711,8.2798
1.3784,2.1141,0.077866,-0.077104,0.0043071,8.2917
1.3785,2.1141,0.077866,-0.077162,0.0044939,8.2923
1.3785,2.1141,0.077866,-0.077228,0.0047385,8.2882
1.3786,2.1141,0.077866,-0.077301,0.0049106,8.2887
1.3786,2.1141,0.077867,-0.077384,0.0051009,8.3051
1.3787,2.1141,0.077867,-0.077465,0.0052881,8.304
1.3787,2.1141,0.077867,-0.077545,0.005445,8.3105
1.3788,2.1141,0.077868,-0.077616,0.005596,8.3223
1.3788,2.1141,0.077868,-0.077682,0.0057481,8.3231
1.3789,2.1141,0.077868,-0.077748,0.0058838,8.3226
1.3789,2.1141,0.077868,-0.077815,0.0060702,8.3285
1.379,2.1141,0.077869,-0.077885,0.0062153,8.3278
1.3791,2.1141,0.077869,-0.077962,0.0064314,8.3207
1.3791,2.1141,0.07787,-0.078034,0.0066626,8.3264
1.3792,2.114,0.07787,-0.078111,0.0068631,8.334
1.3792,2.114,0.07787,-0.07818,0.0070514,8.3266
1.3793,2.114,0.077871,-0.078247,0.0071621,8.3382
1.3793,2.114,0.077871,-0.078312,0.0072558,8.3442
1.3794,2.114,0.077871,-0.078377,0.007453,8.3312
1.3794,2.114,0.077872,-0.078437,0.007698,8.3338
1.3795,2.114,0.077872,-0.078496,0.0079625,8.3441
1.3795,2.114,0.077873,-0.078559,0.0081605,8.3345
1.3796,2.114,0.077873,-0.07862,0.0082528,8.3257
1.3796,2.114,0.077874,-0.078677,0.0083127,8.327
1.3797,2.114,0.077874,-0.078729,0.0083147,8.3236
1.3797,2.114,0.077874,-0.078777,0.008277,8.3108
1.3798,2.114,0.077875,-0.078824,0.0083229,8.3172
1.3798,2.114,0.077875,-0.078865,0.0083746,8.3228
1.3799,2.114,0.077876,-0.07891,0.0084391,8.3127
1.3799,2.114,0.077876,-0.07896,0.0084795,8.3146
1.38,2.114,0.077877,-0.07901,0.0084912,8.3212
1.3801,2.114,0.077877,-0.079063,0.0085612,8.3145
1.3801,2.114,0.077878,-0.079111,0.0086627,8.3074
1.3802,2.114,0.077878,-0.079159,0.0087443,8.3218
1.3802,2.114,0.077878,-0.079216,0.008852,8.3165
1.3803,2.114,0.077879,-0.079271,0.0089009,8.3166
1.3803,2.114,0.077879,-0.079322,0.0089809,8.3308
1.3804,2.114,0.07788,-0.079373,0.0090738,8.3286
1.3804,2.1139,0.07788,-0.07942,0.0091107,8.3224
1.3805,2.1139,0.077881,-0.07946,0.0091581,8.3329
1.3805,2.1139,0.077881,-0.079494,0.0092447,8.3233
1.3806,2.1139,0.077882,-0.079533,0.0093354,8.3146
1.3806,2.1139,0.077882,-0.079576,0.0093778,8.3151
1.3807,2.1139,0.077883,-0.079618,0.0093581,8.3206
1.3807,2.1139,0.077883,-0.07966,0.0093681,8.3017
1.3808,2.1139,0.077884,-0.079699,0.0093924,8.3069
1.3808,2.1139,0.077884,-0.079726,0.0093688,8.3129
1.3809,2.1139,0.077885,-0.079738,0.0093945,8.3077
1.3809,2.1139,0.077885,-0.079737,0.0094759,8.3054
1.381,2.1139,0.077886,-0.079729,0.0095746,8.3062
1.3811,2.1139,0.077886,-0.079709,0.0096803,8.2973
1.3811,2.1139,0.077887,-0.079701,0.0097803,8.2856
1.3812,2.1139,0.077887,-0.079711,0.0099122,8.2833
1.3812,2.1139,0.077888,-0.079731,0.0099716,8.2773
1.3813,2.1139,0.077888,-0.079748,0.010006,8.2721
1.3813,2.1139,0.077889,-0.079777,0.01006,8.278
1.3814,2.1139,0.077889,-0.079808,0.010096,8.279
1.3814,2.1139,0.07789,-0.079844,0.010176,8.2698
1.3815,2.1139,0.077891,-0.079879,0.010352,8.2744
1.3815,2.1139,0.077891,-0.079916,0.010586,8.2815
1.3816,2.1139,0.077892,-0.079946,0.010848,8.2663
1.3816,2.1139,0.077892,-0.079973,0.011052,8.2645
1.3817,2.1138,0.077893,-0.079974,0.01125,8.2722
1.3817,2.1138,0.077893,-0.079972,0.011413,8.2634
1.3818,2.1138,0.077894,-0.079969,0.011527,8.2622
1.3818,2.1138,0.077895,-0.079987,0.011609,8.2793
1.3819,2.1138,0.077895,-0.080019,0.011737,8.2817
1.3819,2.1138,0.077896,-0.080049,0.011867,8.2672
1.382,2.1138,0.077896,-0.080081,0.011961,8.2787
1.3821,2.1138,0.077897,-0.080118,0.012027,8.2754
1.3821,2.1138,0.077898,-0.080133,0.012071,8.2663
1.3822,2.1138,0.077898,-0.080121,0.012115,8.2701
1.3822,2.1138,0.077899,-0.080088,0.012122,8.2763
1.3823,2.1138,0.0779,-0.080044,0.012089,8.2652
1.3823,2.1138,0.0779,-0.079994,0.012125,8.265
1.3824,2.1138,0.077901,-0.079933,0.012131,8.2789
1.3824,2.1138,0.077902,-0.079871,0.012115,8.2645
1.3825,2.1138,0.077902,-0.079808,0.01212,8.2631
1.3825,2.1138,0.077903,-0.079733,0.012165,8.2717
1.3826,2.1138,0.077904,-0.079643,0.012279,8.2585
1.3826,2.1138,0.077904,-0.079546,0.012395,8.2573
1.3827,2.1138,0.077905,-0.07945,0.012502,8.2617
1.3827,2.1138,0.077905,-0.079368,0.012618,8.2517
1.3828,2.1138,0.077906,-0.079292,0.012645,8.2454
1.3828,2.1138,0.077907,-0.079218,0.012652,8.2569
1.3829,2.1138,0.077907,-0.079156,0.012643,8.2631
1.3829,2.1137,0.077908,-0.07909,0.012623,8.2542
1.383,2.1137,0.077909,-0.079025,0.012593,8.2614
1.3831,2.1137,0.077909,-0.07897,0.012572,8.2663
1.3831,2.1137,0.07791,-0.078918,0.012564,8.2541
1.3832,2.1137,0.077911,-0.078861,0.012498,8.2577
1.3832,2.1137,0.077911,-0.078792,0.012391,8.2653
1.3833,2.1137,0.077912,-0.078709,0.012301,8.2595
1.3833,2.1137,0.077913,-0.07861,0.012226,8.2565
1.3834,2.1137,0.077913,-0.078489,0.012183,8.2716
1.3834,2.1137,0.077914,-0.078364,0.012147,8.2695
1.3835,2.1137,0.077915,-0.078254,0.012139,8.2632
1.3835,2.1137,0.077915,-0.078158,0.012126,8.2691
1.3836,2.1137,0.077916,-0.078062,0.012034,8.2645
1.3836,2.1137,0.077917,-0.077972,0.011896,8.2524
1.3837,2.1137,0.077917,-0.077885,0.01172,8.2461
1.3837,2.1137,0.077918,-0.07779,0.011522,8.2524
1.3838,2.1137,0.077918,-0.077691,0.011328,8.2385
1.3838,2.1137,0.077919,-0.077596,0.011121,8.2453
1.3839,2.1137,0.07792,-0.07751,0.010886,8.2514
1.3839,2.1137,0.07792,-0.077433,0.010647,8.251
1.384,2.1137,0.077921,-0.077342,0.010422,8.2519
1.3841,2.1137,0.077921,-0.077242,0.010245,8.2559
1.3841,2.1137,0.077922,-0.077142,0.010077,8.2515
1.3842,2.1137,0.077922,-0.07703,0.0099249,8.255
1.3842,2.1136,0.077923,-0.076911,0.0097911,8.2557
1.3843,2.1136,0.077923,-0.076791,0.0096598,8.2581
1.3843,2.1136,0.077924,-0.076679,0.009515,8.2466
1.3844,2.1136,0.077924,-0.076573,0.0093726,8.2608
1.3844,2.1136,0.077925,-0.076451,0.0092397,8.2662
1.3845,2.1136,0.077925,-0.076331,0.0091423,8.2613
1.3845,2.1136,0.077926,-0.07621,0.0090152,8.2672
1.3846,2.1136,0.077926,-0.076076,0.0088595,8.2768
1.3846,2.1136,0.077927,-0.075934,0.0086505,8.2677
1.3847,2.1136,0.077927,-0.075789,0.0084202,8.2729
1.3847,2.1136,0.077927,-0.075647,0.0081495,8.2734
1.3848,2.1136,0.077928,-0.075501,0.0078587,8.2695
1.3848,2.1136,0.077928,-0.075348,0.0075978,8.2712
1.3849,2.1136,0.077929,-0.075202,0.0073504,8.2847
1.3849,2.1136,0.077929,-0.075059,0.0071132,8.2772
1.385,2.1136,0.077929,-0.074917,0.0068836,8.2735
1.3851,2.1136,0.07793,-0.074777,0.0066524,8.2776
1.3851,2.1136,0.07793,-0.074635,0.0064506,8.2732
1.3852,2.1136,0.07793,-0.074498,0.0062424,8.268
1.3852,2.1136,0.077931,-0.074372,0.0060511,8.2667
1.3853,2.1136,0.077931,-0.074265,0.0058848,8.2711
1.3853,2.1136,0.077931,-0.07417,0.0056997,8.2525
1.3854,2.1136,0.077932,-0.074073,0.0055124,8.259
1.3854,2.1136,0.077932,-0.073981,0.0053226,8.2739
1.3855,2.1136,0.077932,-0.07388,0.005131,8.2689
1.3855,2.1135,0.077932,-0.073774,0.0049392,8.275
1.3856,2.1135,0.077933,-0.073662,0.0047424,8.2858
1.3856,2.1135,0.077933,-0.073555,0.0045484,8.2745
1.3857,2.1135,0.077933,-0.073464,0.0043542,8.2695
1.3857,2.1135,0.077933,-0.073377,0.0041767,8.2799
1.3858,2.1135,0.077934,-0.073283,0.0039922,8.2713
1.3858,2.1135,0.077934,-0.07319,0.0037684,8.2633
1.3859,2.1135,0.077934,-0.073084,0.0035179,8.28
1.3859,2.1135,0.077934,-0.072976,0.003253,8.2869
1.386,2.1135,0.077934,-0.072855,0.0029841,8.2845
1.3861,2.1135,0.077934,-0.072732,0.0027478,8.2951
1.3861,2.1135,0.077935,-0.072621,0.0025175,8.3045
1.3862,2.1135,0.077935,-0.072518,0.002309,8.2941
1.3862,2.1135,0.077935,-0.072428,0.0020972,8.2957
1.3863,2.1135,0.077935,-0.072344,0.0018626,8.3007
1.3863,2.1135,0.077935,-0.072259,0.0016399,8.2897
1.3864,2.1135,0.077935,-0.072177,0.001397,8.2833
1.3864,2.1135,0.077935,-0.072093,0.0011476,8.2933
1.3865,2.1135,0.077935,-0.072021,0.00092685,8.2871
1.3865,2.1135,0.077935,-0.07196,0.00066486,8.2785
1.3866,2.1135,0.077935,-0.071906,0.00038714,8.2844
1.3866,2.1135,0.077935,-0.071861,0.00010724,8.2739
1.3867,2.1135,0.077935,-0.071812,-0.00016056,8.2621
1.3867,2.1135,0.077935,-0.071746,-0.00040115,8.2583
1.3868,2.1135,0.077935,-0.071668,-0.00064566,8.2515
1.3868,2.1135,0.077935,-0.071583,-0.00087361,8.2365
1.3869,2.1135,0.077935,-0.071495,-0.0010725,8.2346
1.3869,2.1134,0.077935,-0.071417,-0.0012664,8.2426
1.387,2.1134,0.077935,-0.071351,-0.0014806,8.2323
1.3871,2.1134,0.077935,-0.071295,-0.0016951,8.2358
1.3871,2.1134,0.077935,-0.07125,-0.0019285,8.2423
1.3872,2.1134,0.077935,-0.071217,-0.0022084,8.2357
1.3872,2.1134,0.077935,-0.071184,-0.0025025,8.2327
1.3873,2.1134,0.077934,-0.071148,-0.0028138,8.2378
1.3873,2.1134,0.077934,-0.071096,-0.0031355,8.2383
1.3874,2.1134,0.077934,-0.071042,-0.0034614,8.2268
1.3874,2.1134,0.077934,-0.070979,-0.0038169,8.2408
1.3875,2.1134,0.077934,-0.070907,-0.0041696,8.2436
1.3875,2.1134,0.077933,-0.070836,-0.0045389,8.2412
1.3876,2.1134,0.077933,-0.070773,-0.0049455,8.2487
1.3876,2.1134,0.077933,-0.070713,-0.0053209,8.2554
1.3877,2.1134,0.077933,-0.070652,-0.0056407,8.2484
1.3877,2.1134,0.077932,-0.0706,-0.0059369,8.2482
1.3878,2.1134,0.077932,-0.070562,-0.0062014,8.2508
1.3878,2.1134,0.077932,-0.070536,-0.006424,8.246
1.3879,2.1134,0.077931,-0.070511,-0.0066123,8.238
1.3879,2.1134,0.077931,-0.070484,-0.0067811,8.2472
1.388,2.1134,0.07793,-0.070451,-0.0069499,8.2423
1.3881,2.1134,0.07793,-0.070415,-0.0070896,8.2371
1.3881,2.1134,0.07793,-0.070371,-0.0071753,8.2442
1.3882,2.1134,0.077929,-0.070337,-0.0072969,8.242
1.3882,2.1134,0.077929,-0.070313,-0.0074345,8.2376
1.3883,2.1134,0.077929,-0.070299,-0.0075799,8.2422
1.3883,2.1133,0.077928,-0.070291,-0.0077141,8.2456
1.3884,2.1133,0.077928,-0.07029,-0.0078759,8.235
1.3884,2.1133,0.077927,-0.070284,-0.0080503,8.2342
1.3885,2.1133,0.077927,-0.070277,-0.0082135,8.2472
1.3885,2.1133,0.077926,-0.070263,-0.0083282,8.2502
1.3886,2.1133,0.077926,-0.070249,-0.0084759,8.2512
1.3886,2.1133,0.077926,-0.070229,-0.0086129,8.2658
1.3887,2.1133,0.077925,-0.070211,-0.0087644,8.2581
1.3887,2.1133,0.077925,-0.0702,-0.0088933,8.2573
1.3888,2.1133,0.077924,-0.070198,-0.0090564,8.2673
1.3888,2.1133,0.077924,-0.070192,-0.0092447,8.2632
1.3889,2.1133,0.077923,-0.070185,-0.0094693,8.2593
1.3889,2.1133,0.077923,-0.070182,-0.0096757,8.2703
1.389,2.1133,0.077922,-0.070179,-0.0099178,8.2678
1.3891,2.1133,0.077922,-0.070171,-0.010143,8.2725
1.3891,2.1133,0.077921,-0.070162,-0.010343,8.2807
1.3892,2.1133,0.07792,-0.070155,-0.010516,8.2845
1.3892,2.1133,0.07792,-0.070157,-0.010657,8.2696
1.3893,2.1133,0.077919,-0.070162,-0.010781,8.2696
1.3893,2.1133,0.077919,-0.070166,-0.010957,8.2713
1.3894,2.1133,0.077918,-0.070172,-0.011174,8.2596
1.3894,2.1133,0.077918,-0.070168,-0.011417,8.2532
1.3895,2.1133,0.077917,-0.070153,-0.011662,8.2629
1.3895,2.1133,0.077916,-0.070132,-0.0119,8.2644
1.3896,2.1133,0.077916,-0.070113,-0.012117,8.2585
1.3896,2.1133,0.077915,-0.070107,-0.012279,8.2623
1.3897,2.1133,0.077914,-0.070115,-0.012404,8.2664
1.3897,2.1132,0.077914,-0.070133,-0.012562,8.2613
1.3898,2.1132,0.077913,-0.070164,-0.012726,8.2636
1.3898,2.1132,0.077912,-0.070198,-0.012848,8.2585
1.3899,2.1132,0.077912,-0.070236,-0.012939,8.2523
1.3899,2.1132,0.077911,-0.070275,-0.013004,8.2612
1.39,2.1132,0.07791,-0.070312,-0.01301,8.2784
1.3901,2.1132,0.07791,-0.070349,-0.012982,8.2696
1.3901,2.1132,0.077909,-0.070386,-0.012927,8.2755
1.3902,2.1132,0.077908,-0.070417,-0.012891,8.2995
1.3902,2.1132,0.077908,-0.070447,-0.012891,8.2902
1.3903,2.1132,0.077907,-0.070483,-0.01291,8.2924
1.3903,2.1132,0.077906,-0.07052,-0.012933,8.3021
1.3904,2.1132,0.077906,-0.070556,-0.012946,8.2929
1.3904,2.1132,0.077905,-0.070583,-0.012936,8.2863
1.3905,2.1132,0.077904,-0.070602,-0.012889,8.2982
1.3905,2.1132,0.077904,-0.070617,-0.012794,8.3072
1.3906,2.1132,0.077903,-0.070626,-0.012683,8.3021
1.3906,2.1132,0.077902,-0.070633,-0.012581,8.3077
1.3907,2.1132,0.077902,-0.070646,-0.012473,8.3168
1.3907,2.1132,0.077901,-0.070667,-0.012358,8.3082
1.3908,2.1132,0.0779,-0.070698,-0.012238,8.3097
1.3908,2.1132,0.0779,-0.07074,-0.012111,8.3072
1.3909,2.1132,0.077899,-0.070794,-0.011977,8.3006
1.3909,2.1132,0.077898,-0.07086,-0.011838,8.2965
1.391,2.1132,0.077898,-0.070935,-0.011693,8.3034
1.3911,2.1132,0.077897,-0.071006,-0.011541,8.299
1.3911,2.1132,0.077897,-0.071065,-0.011384,8.2907
1.3912,2.1131,0.077896,-0.071114,-0.011205,8.3075
1.3912,2.1131,0.077895,-0.07116,-0.011043,8.3094
1.3913,2.1131,0.077895,-0.071198,-0.010879,8.3003
1.3913,2.1131,0.077894,-0.071241,-0.010728,8.3096
1.3914,2.1131,0.077894,-0.071276,-0.010604,8.3127
1.3914,2.1131,0.077893,-0.071313,-0.010526,8.3058
1.3915,2.1131,0.077893,-0.07135,-0.010453,8.3124
1.3915,2.1131,0.077892,-0.071389,-0.010382,8.3208
1.3916,2.1131,0.077892,-0.071424,-0.010317,8.3216
1.3916,2.1131,0.077891,-0.071466,-0.010248,8.3276
1.3917,2.1131,0.07789,-0.071504,-0.010149,8.3445
1.3917,2.1131,0.07789,-0.071541,-0.010063,8.3383
1.3918,2.1131,0.077889,-0.071555,-0.0099646,8.3375
1.3918,2.1131,0.077889,-0.071566,-0.0098905,8.3435
1.3919,2.1131,0.077888,-0.071575,-0.0097911,8.3304
1.3919,2.1131,0.077888,-0.071585,-0.0096616,8.326
1.392,2.1131,0.077887,-0.071582,-0.0095304,8.3306
1.3921,2.1131,0.077887,-0.071584,-0.0093761,8.3284
1.3921,2.1131,0.077886,-0.071593,-0.0092307,8.3151
1.3922,2.1131,0.077886,-0.071606,-0.0091195,8.3262
1.3922,2.1131,0.077885,-0.071622,-0.0090165,8.3272
1.3923,2.1131,0.077885,-0.071643,-0.008969,8.3105
1.3923,2.1131,0.077884,-0.071664,-0.0089112,8.3153
1.3924,2.1131,0.077884,-0.071685,-0.0088228,8.3173
1.3924,2.1131,0.077884,-0.071702,-0.0087271,8.2999
1.3925,2.1131,0.077883,-0.071724,-0.0086289,8.3019
1.3925,2.1131,0.077883,-0.071762,-0.0085489,8.3108
1.3926,2.113,0.077882,-0.071805,-0.0084583,8.2995
1.3926,2.113,0.077882,-0.071845,-0.0083671,8.2934
1.3927,2.113,0.077881,-0.071868,-0.0082919,8.3087
1.3927,2.113,0.077881,-0.071876,-0.0082011,8.3051
1.3928,2.113,0.07788,-0.071871,-0.0081116,8.2985
1.3928,2.113,0.07788,-0.071849,-0.0080323,8.3052
1.3929,2.113,0.07788,-0.071829,-0.0079706,8.3004
1.3929,2.113,0.077879,-0.071819,-0.0079363,8.2953
1.393,2.113,0.077879,-0.07181,-0.0078881,8.301
1.3931,2.113,0.077878,-0.071802,-0.0078386,8.3062
1.3931,2.113,0.077878,-0.071789,-0.0077869,8.2962
1.3932,2.113,0.077878,-0.071774,-0.0077314,8.3117
1.3932,2.113,0.077877,-0.071763,-0.0076767,8.3191
1.3933,2.113,0.077877,-0.071753,-0.0076233,8.3108
1.3933,2.113,0.077876,-0.071756,-0.0075708,8.3092
1.3934,2.113,0.077876,-0.071756,-0.007525,8.3175
1.3934,2.113,0.077876,-0.071751,-0.0074814,8.308
1.3935,2.113,0.077875,-0.071747,-0.0074424,8.2977
1.3935,2.113,0.077875,-0.071745,-0.0074042,8.3045
1.3936,2.113,0.077874,-0.071745,-0.0073532,8.3046
1.3936,2.113,0.077874,-0.071739,-0.0073325,8.2938
1.3937,2.113,0.077874,-0.071734,-0.0073319,8.298
1.3937,2.113,0.077873,-0.071719,-0.0073426,8.3006
1.3938,2.113,0.077873,-0.071693,-0.0073603,8.2856
1.3938,2.113,0.077872,-0.071652,-0.0073744,8.2964
1.3939,2.113,0.077872,-0.071613,-0.0073823,8.3009
1.3939,2.1129,0.077872,-0.071583,-0.0073677,8.2876
1.394,2.1129,0.077871,-0.071556,-0.0073299,8.2855
1.3941,2.1129,0.077871,-0.071527,-0.0073109,8.2895
1.3941,2.1129,0.077871,-0.071511,-0.0072962,8.2828
1.3942,2.1129,0.07787,-0.071484,-0.0072911,8.2779
1.3942,2.1129,0.07787,-0.071459,-0.0072968,8.3019
1.3943,2.1129,0.077869,-0.071411,-0.0073095,8.3044
1.3943,2.1129,0.077869,-0.071366,-0.0073253,8.298
1.3944,2.1129,0.077869,-0.071333,-0.0073342,8.3077
1.3944,2.1129,0.077868,-0.071299,-0.0073408,8.3054
1.3945,2.1129,0.077868,-0.071274,-0.0073471,8.3025
1.3945,2.1129,0.077867,-0.071267,-0.0073578,8.2996
1.3946,2.1129,0.077867,-0.071269,-0.0073743,8.3029
1.3946,2.1129,0.077867,-0.071282,-0.0073921,8.2946
1.3947,2.1129,0.077866,-0.071297,-0.0074104,8.3011
1.3947,2.1129,0.077866,-0.071329,-0.0074226,8.3133
1.3948,2.1129,0.077865,-0.071377,-0.0074328,8.3041
1.3948,2.1129,0.077865,-0.071403,-0.0074448,8.3002
1.3949,2.1129,0.077865,-0.071427,-0.007462,8.3133
1.3949,2.1129,0.077864,-0.071436,-0.0074885,8.2999
1.395,2.1129,0.077864,-0.071435,-0.0075195,8.2929
1.3951,2.1129,0.077864,-0.071436,-0.0075543,8.2957
1.3951,2.1129,0.077863,-0.071438,-0.0075892,8.3014
1.3952,2.1129,0.077863,-0.071436,-0.0076259,8.2962
1.3952,2.1129,0.077862,-0.071432,-0.007666,8.3122
1.3953,2.1129,0.077862,-0.071407,-0.00771,8.308
1.3953,2.1129,0.077862,-0.071384,-0.0077543,8.3072
1.3954,2.1128,0.077861,-0.071338,-0.007802,8.309
1.3954,2.1128,0.077861,-0.071287,-0.0078501,8.3235
1.3955,2.1128,0.07786,-0.071226,-0.0079025,8.3128
1.3955,2.1128,0.07786,-0.071166,-0.0079524,8.3109
1.3956,2.1128,0.077859,-0.071109,-0.0080103,8.3226
1.3956,2.1128,0.077859,-0.071048,-0.0080701,8.3258
1.3957,2.1128,0.077859,-0.070992,-0.0081323,8.3277
1.3957,2.1128,0.077858,-0.070956,-0.0081956,8.3434
1.3958,2.1128,0.077858,-0.070923,-0.0082632,8.3467
1.3958,2.1128,0.077857,-0.070903,-0.0083354,8.3476
1.3959,2.1128,0.077857,-0.070881,-0.0084196,8.3578
1.3959,2.1128,0.077856,-0.070871,-0.0085113,8.3534
1.396,2.1128,0.077856,-0.070874,-0.0086107,8.3465
1.3961,2.1128,0.077855,-0.070871,-0.0087157,8.3447
1.3961,2.1128,0.077855,-0.070856,-0.0088254,8.3554
1.3962,2.1128,0.077855,-0.070826,-0.0089368,8.3422
1.3962,2.1128,0.077854,-0.070784,-0.0090512,8.342
1.3963,2.1128,0.077854,-0.070746,-0.0091681,8.348
1.3963,2.1128,0.077853,-0.070696,-0.0092922,8.3383
1.3964,2.1128,0.077853,-0.070639,-0.0094186,8.3347
1.3964,2.1128,0.077852,-0.070573,-0.0095445,8.345
1.3965,2.1128,0.077852,-0.07049,-0.009672,8.3362
1.3965,2.1128,0.077851,-0.070391,-0.0098007,8.3308
1.3966,2.1128,0.077851,-0.070282,-0.0099304,8.3351
1.3966,2.1128,0.07785,-0.070178,-0.010066,8.3385
1.3967,2.1128,0.077849,-0.070097,-0.010209,8.3245
1.3967,2.1128,0.077849,-0.070018,-0.010358,8.3351
1.3968,2.1127,0.077848,-0.069949,-0.010512,8.3428
1.3968,2.1127,0.077848,-0.069884,-0.010671,8.3352
1.3969,2.1127,0.077847,-0.069805,-0.010835,8.3385
1.3969,2.1127,0.077847,-0.069713,-0.011,8.3467
1.397,2.1127,0.077846,-0.069608,-0.011169,8.3339
1.3971,2.1127,0.077845,-0.069495,-0.011344,8.3312
1.3971,2.1127,0.077845,-0.06937,-0.011526,8.3419
1.3972,2.1127,0.077844,-0.069241,-0.011725,8.3424
1.3972,2.1127,0.077844,-0.069122,-0.011898,8.3399
1.3973,2.1127,0.077843,-0.069019,-0.012049,8.347
1.3973,2.1127,0.077842,-0.068916,-0.012202,8.3375
1.3974,2.1127,0.077842,-0.068821,-0.012338,8.3337
1.3974,2.1127,0.077841,-0.068736,-0.012452,8.3449
1.3975,2.1127,0.07784,-0.068656,-0.012535,8.3429
1.3975,2.1127,0.07784,-0.068571,-0.012572,8.3217
1.3976,2.1127,0.077839,-0.068489,-0.012596,8.3229
1.3976,2.1127,0.077838,-0.068412,-0.012609,8.3227
1.3977,2.1127,0.077838,-0.068333,-0.012615,8.3107
1.3977,2.1127,0.077837,-0.068244,-0.012655,8.3087
1.3978,2.1127,0.077836,-0.068141,-0.012727,8.3186
1.3978,2.1127,0.077836,-0.068028,-0.012841,8.3084
1.3979,2.1127,0.077835,-0.067918,-0.012973,8.3025
1.3979,2.1127,0.077834,-0.067805,-0.013101,8.3069
1.398,2.1127,0.077834,-0.067696,-0.013247,8.2899
1.3981,2.1127,0.077833,-0.067596,-0.013417,8.2848
1.3981,2.1127,0.077832,-0.067497,-0.013567,8.2912
1.3982,2.1127,0.077832,-0.067397,-0.013715,8.2836
1.3982,2.1127,0.077831,-0.067294,-0.013869,8.2723
1.3983,2.1126,0.07783,-0.06719,-0.014032,8.2841
1.3983,2.1126,0.077829,-0.067083,-0.014193,8.29
1.3984,2.1126,0.077829,-0.066972,-0.014339,8.2822
1.3984,2.1126,0.077828,-0.066855,-0.0145,8.2955
1.3985,2.1126,0.077827,-0.066737,-0.014709,8.2927
1.3985,2.1126,0.077826,-0.06661,-0.014947,8.2827
1.3986,2.1126,0.077825,-0.066489,-0.015201,8.2841
1.3986,2.1126,0.077825,-0.066364,-0.015458,8.2889
1.3987,2.1126,0.077824,-0.066241,-0.015696,8.286
1.3987,2.1126,0.077823,-0.066111,-0.0159,8.2777
1.3988,2.1126,0.077822,-0.065984,-0.016056,8.2914
1.3988,2.1126,0.077821,-0.065852,-0.0162,8.2831
1.3989,2.1126,0.07782,-0.065712,-0.016357,8.2796
1.3989,2.1126,0.07782,-0.065566,-0.016516,8.2921
1.399,2.1126,0.077819,-0.065427,-0.016675,8.292
1.3991,2.1126,0.077818,-0.065288,-0.016833,8.2782
1.3991,2.1126,0.077817,-0.065158,-0.016987,8.2817
1.3992,2.1126,0.077816,-0.06503,-0.017142,8.2756
1.3992,2.1126,0.077815,-0.0649,-0.017314,8.2605
1.3993,2.1126,0.077814,-0.064768,-0.017476,8.2555
1.3993,2.1126,0.077813,-0.064635,-0.017602,8.2673
1.3994,2.1126,0.077812,-0.064502,-0.017721,8.2612
1.3994,2.1126,0.077811,-0.06438,-0.017817,8.259
1.3995,2.1126,0.07781,-0.064267,-0.017867,8.2667
1.3995,2.1126,0.077809,-0.064158,-0.017913,8.2629
1.3996,2.1126,0.077808,-0.064048,-0.017955,8.2605
1.3996,2.1126,0.077808,-0.063929,-0.018003,8.2687
1.3997,2.1126,0.077807,-0.063802,-0.018013,8.2619
1.3997,2.1126,0.077806,-0.063668,-0.018,8.2574
1.3998,2.1125,0.077805,-0.063532,-0.018013,8.2685
1.3998,2.1125,0.077804,-0.063389,-0.018041,8.2756
1.3999,2.1125,0.077803,-0.063242,-0.018084,8.2731
1.3999,2.1125,0.077802,-0.063095,-0.018164,8.286
1.4,2.1125,0.077801,-0.062955,-0.01828,8.2951
1.4001,2.1125,0.0778,-0.06282,-0.018466,8.2861
1.4001,2.1125,0.077799,-0.062689,-0.018657,8.2848
1.4002,2.1125,0.077798,-0.062561,-0.018801,8.3007
1.4002,2.1125,0.077797,-0.062432,-0.018938,8.2864
1.4003,2.1125,0.077796,-0.062298,-0.019039,8.2817
1.4003,2.1125,0.077795,-0.06216,-0.01914,8.3011
1.4004,2.1125,0.077794,-0.062028,-0.019223,8.29
1.4004,2.1125,0.077793,-0.061909,-0.019326,8.2832
1.4005,2.1125,0.077792,-0.061793,-0.019459,8.2909
1.4005,2.1125,0.077791,-0.061681,-0.019587,8.2884
1.4006,2.1125,0.07779,-0.061572,-0.019707,8.2752
1.4006,2.1125,0.077789,-0.061461,-0.019852,8.275
1.4007,2.1125,0.077788,-0.061347,-0.019981,8.2774
1.4007,2.1125,0.077787,-0.06123,-0.020123,8.2637
1.4008,2.1125,0.077786,-0.061104,-0.020245,8.2541
1.4008,2.1125,0.077785,-0.06098,-0.020334,8.264
1.4009,2.1125,0.077783,-0.060858,-0.020376,8.2633
1.4009,2.1125,0.077782,-0.060752,-0.020407,8.2601
1.401,2.1125,0.077781,-0.060658,-0.020455,8.2709
1.4011,2.1125,0.07778,-0.060566,-0.020503,8.2661
1.4011,2.1125,0.077779,-0.060466,-0.020553,8.2644
1.4012,2.1125,0.077778,-0.060364,-0.0206,8.2756
1.4012,2.1125,0.077777,-0.060249,-0.020645,8.2753
1.4013,2.1125,0.077776,-0.06013,-0.020689,8.2689
1.4013,2.1125,0.077775,-0.060011,-0.020733,8.2832
1.4014,2.1124,0.077774,-0.059893,-0.020777,8.2893
1.4014,2.1124,0.077773,-0.059779,-0.020823,8.2855
1.4015,2.1124,0.077771,-0.059667,-0.020871,8.2875
1.4015,2.1124,0.07777,-0.059551,-0.020922,8.306
1.4016,2.1124,0.077769,-0.059442,-0.020972,8.294
1.4016,2.1124,0.077768,-0.059333,-0.021022,8.2989
1.4017,2.1124,0.077767,-0.059222,-0.021072,8.3052
1.4017,2.1124,0.077766,-0.059107,-0.021109,8.2986
1.4018,2.1124,0.077765,-0.05898,-0.021169,8.2878
1.4018,2.1124,0.077764,-0.058869,-0.021246,8.2955
1.4019,2.1124,0.077763,-0.058762,-0.021318,8.2967
1.4019,2.1124,0.077761,-0.058662,-0.021414,8.2894
1.402,2.1124,0.07776,-0.058573,-0.021508,8.2968
1.4021,2.1124,0.077759,-0.058496,-0.021628,8.294
1.4021,2.1124,0.077758,-0.058429,-0.021735,8.2798
1.4022,2.1124,0.077757,-0.05837,-0.021851,8.2884
1.4022,2.1124,0.077756,-0.058313,-0.021977,8.281
1.4023,2.1124,0.077755,-0.058264,-0.022094,8.2696
1.4023,2.1124,0.077753,-0.058212,-0.022208,8.2666
1.4024,2.1124,0.077752,-0.058158,-0.022347,8.2745
1.4024,2.1124,0.077751,-0.058105,-0.022487,8.2735
1.4025,2.1124,0.07775,-0.058052,-0.022656,8.2648
1.4025,2.1124,0.077749,-0.057999,-0.022817,8.2807
1.4026,2.1124,0.077747,-0.057947,-0.023008,8.2764
1.4026,2.1124,0.077746,-0.057894,-0.023162,8.2737
1.4027,2.1124,0.077745,-0.057843,-0.023276,8.2908
1.4027,2.1124,0.077744,-0.057793,-0.023336,8.2865
1.4028,2.1124,0.077743,-0.057751,-0.023362,8.2825
1.4028,2.1124,0.077741,-0.057702,-0.023391,8.3013
1.4029,2.1124,0.07774,-0.057648,-0.023402,8.3037
1.4029,2.1124,0.077739,-0.057591,-0.023426,8.2991
1.403,2.1124,0.077738,-0.057531,-0.023492,8.3118
1.4031,2.1124,0.077736,-0.057476,-0.023581,8.3154
1.4031,2.1123,0.077735,-0.057423,-0.023684,8.3072
1.4032,2.1123,0.077734,-0.057359,-0.023779,8.3008
1.4032,2.1123,0.077733,-0.057296,-0.023901,8.3025
1.4033,2.1123,0.077731,-0.057223,-0.024018,8.287
1.4033,2.1123,0.07773,-0.057153,-0.024093,8.2778
1.4034,2.1123,0.077729,-0.057083,-0.024168,8.2828
1.4034,2.1123,0.077728,-0.057013,-0.024207,8.2745
1.4035,2.1123,0.077726,-0.056939,-0.024231,8.2569
1.4035,2.1123,0.077725,-0.05686,-0.024268,8.2677
1.4036,2.1123,0.077724,-0.05678,-0.024288,8.2661
1.4036,2.1123,0.077722,-0.056697,-0.024312,8.2449
1.4037,2.1123,0.077721,-0.056628,-0.024313,8.2501
1.4037,2.1123,0.07772,-0.056566,-0.024319,8.2449
1.4038,2.1123,0.077719,-0.056513,-0.024346,8.2357
1.4038,2.1123,0.077717,-0.056459,-0.024357,8.2342
1.4039,2.1123,0.077716,-0.056394,-0.024383,8.2416
1.4039,2.1123,0.077715,-0.056324,-0.024431,8.2359
1.404,2.1123,0.077713,-0.056247,-0.024471,8.2374
1.4041,2.1123,0.077712,-0.056163,-0.024493,8.2517
1.4041,2.1123,0.077711,-0.056091,-0.024478,8.2486
1.4042,2.1123,0.07771,-0.056019,-0.024402,8.2459
1.4042,2.1123,0.077708,-0.055965,-0.024291,8.2568
1.4043,2.1123,0.077707,-0.05591,-0.024169,8.2574
1.4043,2.1123,0.077706,-0.055852,-0.024063,8.2513
1.4044,2.1123,0.077705,-0.055795,-0.023991,8.2611
1.4044,2.1123,0.077703,-0.055726,-0.023969,8.2638
1.4045,2.1123,0.077702,-0.055652,-0.023971,8.2546
1.4045,2.1123,0.077701,-0.055577,-0.023978,8.2659
1.4046,2.1123,0.077699,-0.055492,-0.023965,8.2736
1.4046,2.1123,0.077698,-0.055402,-0.023951,8.2647
1.4047,2.1123,0.077697,-0.055299,-0.023936,8.2649
1.4047,2.1123,0.077696,-0.055184,-0.023919,8.2639
1.4048,2.1123,0.077694,-0.055082,-0.023895,8.2579
1.4048,2.1123,0.077693,-0.054981,-0.023866,8.253
1.4049,2.1122,0.077692,-0.054892,-0.023831,8.2641
1.4049,2.1122,0.077691,-0.054813,-0.023793,8.2567
1.405,2.1122,0.077689,-0.054737,-0.023757,8.2526
1.4051,2.1122,0.077688,-0.054659,-0.023719,8.2607
1.4051,2.1122,0.077687,-0.054573,-0.023681,8.2623
1.4052,2.1122,0.077686,-0.054471,-0.023638,8.2566
1.4052,2.1122,0.077684,-0.054374,-0.02359,8.2619
1.4053,2.1122,0.077683,-0.054273,-0.023539,8.2597
1.4053,2.1122,0.077682,-0.054188,-0.023484,8.2583
1.4054,2.1122,0.077681,-0.054117,-0.023425,8.2507
1.4054,2.1122,0.07768,-0.054061,-0.023363,8.2657
1.4055,2.1122,0.077678,-0.054014,-0.023301,8.2619
1.4055,2.1122,0.077677,-0.053965,-0.023236,8.2697
1.4056,2.1122,0.077676,-0.053902,-0.023169,8.2809
1.4056,2.1122,0.077675,-0.053832,-0.023101,8.2798
1.4057,2.1122,0.077673,-0.053748,-0.023034,8.2757
1.4057,2.1122,0.077672,-0.053658,-0.022965,8.2894
1.4058,2.1122,0.077671,-0.053565,-0.022893,8.2873
1.4058,2.1122,0.07767,-0.053476,-0.022815,8.2796
1.4059,2.1122,0.077669,-0.053392,-0.022731,8.2864
1.4059,2.1122,0.077667,-0.053301,-0.022645,8.2877
1.406,2.1122,0.077666,-0.053207,-0.022556,8.2866
1.4061,2.1122,0.077665,-0.053117,-0.022461,8.2976
1.4061,2.1122,0.077664,-0.053032,-0.022365,8.2975
1.4062,2.1122,0.077663,-0.05295,-0.022268,8.2912
1.4062,2.1122,0.077662,-0.052861,-0.022169,8.2951
1.4063,2.1122,0.07766,-0.052773,-0.022064,8.2998
1.4063,2.1122,0.077659,-0.052686,-0.021959,8.2908
1.4064,2.1122,0.077658,-0.052594,-0.021855,8.2876
1.4064,2.1122,0.077657,-0.052505,-0.021752,8.2993
1.4065,2.1122,0.077656,-0.052422,-0.02165,8.2939
1.4065,2.1122,0.077655,-0.052345,-0.021549,8.285
1.4066,2.1122,0.077654,-0.052268,-0.021445,8.2962
1.4066,2.1122,0.077652,-0.052184,-0.021337,8.2949
1.4067,2.1122,0.077651,-0.052107,-0.021224,8.2877
1.4067,2.1121,0.07765,-0.052026,-0.021108,8.3036
1.4068,2.1121,0.077649,-0.051946,-0.020989,8.3029
1.4068,2.1121,0.077648,-0.051872,-0.020868,8.2903
1.4069,2.1121,0.077647,-0.051802,-0.020748,8.2939
1.4069,2.1121,0.077646,-0.051733,-0.020625,8.3055
1.407,2.1121,0.077645,-0.051663,-0.020499,8.3024
1.4071,2.1121,0.077644,-0.051593,-0.020368,8.3071
1.4071,2.1121,0.077643,-0.051525,-0.020237,8.3162
1.4072,2.1121,0.077642,-0.051449,-0.02011,8.3116
1.4072,2.1121,0.07764,-0.051374,-0.019984,8.3057
1.4073,2.1121,0.077639,-0.051303,-0.019859,8.3142
1.4073,2.1121,0.077638,-0.051231,-0.019733,8.3038
1.4074,2.1121,0.077637,-0.05116,-0.0196,8.2996
1.4074,2.1121,0.077636,-0.051085,-0.019466,8.3085
1.4075,2.1121,0.077635,-0.051008,-0.019334,8.3059
1.4075,2.1121,0.077634,-0.050927,-0.019207,8.2976
1.4076,2.1121,0.077633,-0.050846,-0.019087,8.3047
1.4076,2.1121,0.077632,-0.050765,-0.018971,8.3164
1.4077,2.1121,0.077631,-0.050679,-0.018858,8.3059
1.4077,2.1121,0.07763,-0.050598,-0.018743,8.3088
1.4078,2.1121,0.077629,-0.050521,-0.018616,8.314
1.4078,2.1121,0.077628,-0.050444,-0.018487,8.3142
1.4079,2.1121,0.077627,-0.050372,-0.018361,8.3056
1.4079,2.1121,0.077626,-0.050298,-0.018235,8.3135
1.408,2.1121,0.077625,-0.050227,-0.018112,8.314
1.4081,2.1121,0.077625,-0.050153,-0.017994,8.3098
1.4081,2.1121,0.077624,-0.050075,-0.017879,8.3248
1.4082,2.1121,0.077623,-0.049999,-0.01776,8.3322
1.4082,2.1121,0.077622,-0.049919,-0.017634,8.3242
1.4083,2.1121,0.077621,-0.049842,-0.01751,8.335
1.4083,2.1121,0.07762,-0.049765,-0.017401,8.3321
1.4084,2.1121,0.077619,-0.049691,-0.017282,8.3265
1.4084,2.1121,0.077618,-0.04962,-0.017121,8.3306
1.4085,2.1121,0.077617,-0.049551,-0.01693,8.339
1.4085,2.1121,0.077616,-0.049482,-0.01672,8.3277
1.4086,2.1121,0.077615,-0.049414,-0.0165,8.3377
1.4086,2.1121,0.077615,-0.049345,-0.016292,8.3493
1.4087,2.1121,0.077614,-0.049279,-0.016112,8.3425
1.4087,2.112,0.077613,-0.049216,-0.015976,8.3415
1.4088,2.112,0.077612,-0.04916,-0.015855,8.3495
1.4088,2.112,0.077611,-0.049102,-0.015726,8.3378
1.4089,2.112,0.07761,-0.049056,-0.015598,8.3281
1.4089,2.112,0.07761,-0.049017,-0.015472,8.3379
1.409,2.112,0.077609,-0.048983,-0.015353,8.3316
1.4091,2.112,0.077608,-0.048947,-0.01524,8.3168
1.4091,2.112,0.077607,-0.048907,-0.015131,8.3208
1.4092,2.112,0.077606,-0.048857,-0.015026,8.3351
1.4092,2.112,0.077606,-0.048804,-0.014925,8.3253
1.4093,2.112,0.077605,-0.048756,-0.014824,8.3273
1.4093,2.112,0.077604,-0.048723,-0.014719,8.3352
1.4094,2.112,0.077603,-0.048689,-0.014613,8.3237
1.4094,2.112,0.077603,-0.048658,-0.014512,8.319
1.4095,2.112,0.077602,-0.048632,-0.014412,8.3226
1.4095,2.112,0.077601,-0.048612,-0.014319,8.3173
1.4096,2.112,0.0776,-0.048588,-0.014233,8.3177
1.4096,2.112,0.0776,-0.048564,-0.014155,8.3327
1.4097,2.112,0.077599,-0.048543,-0.014079,8.335
1.4097,2.112,0.077598,-0.048509,-0.014007,8.3258
1.4098,2.112,0.077597,-0.048459,-0.013939,8.3376
1.4098,2.112,0.077597,-0.04841,-0.013872,8.3386
1.4099,2.112,0.077596,-0.048378,-0.013824,8.327
1.4099,2.112,0.077595,-0.048356,-0.013771,8.3274
1.41,2.112,0.077594,-0.048343,-0.013676,8.3288
1.4101,2.112,0.077594,-0.048328,-0.013551,8.3143
1.4101,2.112,0.077593,-0.048317,-0.013428,8.3218
1.4102,2.112,0.077592,-0.048293,-0.013279,8.3268
1.4102,2.112,0.077592,-0.048264,-0.013141,8.3204
1.4103,2.112,0.077591,-0.048244,-0.012996,8.3172
1.4103,2.112,0.07759,-0.048238,-0.012875,8.3206
1.4104,2.112,0.07759,-0.048236,-0.012758,8.3125
1.4104,2.112,0.077589,-0.048246,-0.01265,8.3033
1.4105,2.112,0.077588,-0.048257,-0.012556,8.3056
1.4105,2.112,0.077588,-0.048278,-0.012457,8.3041
1.4106,2.112,0.077587,-0.048291,-0.012331,8.2899
1.4106,2.112,0.077586,-0.048302,-0.012219,8.2975
1.4107,2.112,0.077586,-0.04831,-0.012091,8.3006
1.4107,2.112,0.077585,-0.048323,-0.01198,8.2927
1.4108,2.1119,0.077584,-0.048335,-0.011902,8.3025
1.4108,2.1119,0.077584,-0.048336,-0.011875,8.3171
1.4109,2.1119,0.077583,-0.04832,-0.011865,8.3075
1.4109,2.1119,0.077583,-0.04829,-0.011845,8.3108
1.411,2.1119,0.077582,-0.04826,-0.011832,8.3179
1.4111,2.1119,0.077581,-0.048239,-0.011822,8.3073
1.4111,2.1119,0.077581,-0.048218,-0.011822,8.3104
1.4112,2.1119,0.07758,-0.048211,-0.011829,8.3251
1.4112,2.1119,0.077579,-0.048212,-0.011844,8.3252
1.4113,2.1119,0.077579,-0.048215,-0.011867,8.3144
1.4113,2.1119,0.077578,-0.048222,-0.011896,8.3236
1.4114,2.1119,0.077578,-0.048225,-0.01193,8.3245
1.4114,2.1119,0.077577,-0.048227,-0.01197,8.3198
1.4115,2.1119,0.077576,-0.048231,-0.012013,8.3152
1.4115,2.1119,0.077576,-0.048224,-0.012066,8.3154
1.4116,2.1119,0.077575,-0.048221,-0.012111,8.3061
1.4116,2.1119,0.077574,-0.048223,-0.012187,8.3078
1.4117,2.1119,0.077574,-0.048237,-0.012303,8.3157
1.4117,2.1119,0.077573,-0.048268,-0.01241,8.3174
1.4118,2.1119,0.077572,-0.048286,-0.012508,8.3156
1.4118,2.1119,0.077572,-0.048299,-0.012611,8.3284
1.4119,2.1119,0.077571,-0.048306,-0.012679,8.3236
1.4119,2.1119,0.07757,-0.048304,-0.012735,8.3224
1.412,2.1119,0.07757,-0.048291,-0.012748,8.3254
1.4121,2.1119,0.077569,-0.048268,-0.01279,8.3257
1.4121,2.1119,0.077568,-0.048242,-0.01283,8.3256
1.4122,2.1119,0.077568,-0.048207,-0.012864,8.3294
1.4122,2.1119,0.077567,-0.048156,-0.012904,8.341
1.4123,2.1119,0.077566,-0.048099,-0.012949,8.3293
1.4123,2.1119,0.077566,-0.048038,-0.012963,8.3385
1.4124,2.1119,0.077565,-0.047972,-0.01296,8.3533
1.4124,2.1119,0.077564,-0.0479,-0.012937,8.344
1.4125,2.1119,0.077564,-0.047827,-0.012954,8.3474
1.4125,2.1119,0.077563,-0.047758,-0.01296,8.3568
1.4126,2.1119,0.077562,-0.047692,-0.01299,8.3519
1.4126,2.1119,0.077562,-0.047628,-0.013058,8.3461
1.4127,2.1119,0.077561,-0.047565,-0.013205,8.366
1.4127,2.1119,0.07756,-0.047504,-0.013381,8.3652
1.4128,2.1119,0.077559,-0.047443,-0.013523,8.3632
1.4128,2.1118,0.077559,-0.047379,-0.013656,8.3738
1.4129,2.1118,0.077558,-0.047314,-0.013788,8.3733
1.4129,2.1118,0.077557,-0.04725,-0.01389,8.3629
1.413,2.1118,0.077557,-0.047185,-0.013941,8.3597
1.4131,2.1118,0.077556,-0.047115,-0.013993,8.3552
1.4131,2.1118,0.077555,-0.047049,-0.01409,8.3466
1.4132,2.1118,0.077554,-0.046975,-0.014185,8.343
1.4132,2.1118,0.077554,-0.046899,-0.014258,8.35
1.4133,2.1118,0.077553,-0.046824,-0.014363,8.339
1.4133,2.1118,0.077552,-0.046751,-0.014418,8.3339
1.4134,2.1118,0.077551,-0.046686,-0.014498,8.3452
1.4134,2.1118,0.077551,-0.046618,-0.014552,8.3394
1.4135,2.1118,0.07755,-0.04655,-0.014585,8.327
1.4135,2.1118,0.077549,-0.046483,-0.014581,8.3341
1.4136,2.1118,0.077548,-0.046411,-0.014566,8.3404
1.4136,2.1118,0.077547,-0.046333,-0.014569,8.3251
1.4137,2.1118,0.077547,-0.046253,-0.01461,8.3315
1.4137,2.1118,0.077546,-0.046169,-0.014625,8.3387
1.4138,2.1118,0.077545,-0.046082,-0.0147,8.3333
1.4138,2.1118,0.077544,-0.045988,-0.014796,8.3414
1.4139,2.1118,0.077544,-0.045889,-0.014895,8.3592
1.4139,2.1118,0.077543,-0.045786,-0.014958,8.3517
1.414,2.1118,0.077542,-0.045683,-0.015025,8.3441
1.4141,2.1118,0.077541,-0.045582,-0.015131,8.3475
1.4141,2.1118,0.07754,-0.045488,-0.015259,8.3506
1.4142,2.1118,0.07754,-0.045402,-0.015414,8.3448
1.4142,2.1118,0.077539,-0.045317,-0.015547,8.3541
1.4143,2.1118,0.077538,-0.045236,-0.015651,8.348
1.4143,2.1118,0.077537,-0.045152,-0.015734,8.3379
1.4144,2.1118,0.077536,-0.045058,-0.015748,8.348
1.4144,2.1118,0.077535,-0.044964,-0.015737,8.3412
1.4145,2.1118,0.077535,-0.044867,-0.015752,8.3291
1.4145,2.1118,0.077534,-0.044769,-0.015752,8.3325
1.4146,2.1118,0.077533,-0.044669,-0.01576,8.3284
1.4146,2.1118,0.077532,-0.044569,-0.015751,8.3141
1.4147,2.1118,0.077531,-0.044471,-0.015753,8.3063
1.4147,2.1118,0.07753,-0.044373,-0.015779,8.3171
1.4148,2.1118,0.07753,-0.044277,-0.015797,8.3121
1.4148,2.1118,0.077529,-0.044188,-0.015828,8.3111
1.4149,2.1118,0.077528,-0.044104,-0.015878,8.3166
1.4149,2.1118,0.077527,-0.044025,-0.015907,8.3056
1.415,2.1118,0.077526,-0.043944,-0.015932,8.3041
1.4151,2.1117,0.077525,-0.043861,-0.01595,8.31
1.4151,2.1117,0.077525,-0.043773,-0.015964,8.305
1.4152,2.1117,0.077524,-0.04368,-0.015973,8.297
1.4152,2.1117,0.077523,-0.043585,-0.01599,8.3
1.4153,2.1117,0.077522,-0.043492,-0.015979,8.3061
1.4153,2.1117,0.077521,-0.043404,-0.015946,8.2959
1.4154,2.1117,0.07752,-0.04332,-0.015899,8.3045
1.4154,2.1117,0.07752,-0.043237,-0.015845,8.3169
1.4155,2.1117,0.077519,-0.043153,-0.015792,8.3061
1.4155,2.1117,0.077518,-0.043073,-0.015746,8.3117
1.4156,2.1117,0.077517,-0.042991,-0.015713,8.3109
1.4156,2.1117,0.077516,-0.042911,-0.015699,8.3083
1.4157,2.1117,0.077515,-0.042834,-0.015665,8.3014
1.4157,2.1117,0.077515,-0.042762,-0.015626,8.3127
1.4158,2.1117,0.077514,-0.042688,-0.015582,8.3043
1.4158,2.1117,0.077513,-0.042612,-0.015534,8.2963
1.4159,2.1117,0.077512,-0.042533,-0.015481,8.3086
1.4159,2.1117,0.077511,-0.042453,-0.015424,8.3088
1.416,2.1117,0.077511,-0.042373,-0.015362,8.2907
1.4161,2.1117,0.07751,-0.042294,-0.015296,8.288
1.4161,2.1117,0.077509,-0.042215,-0.015225,8.291
1.4162,2.1117,0.077508,-0.042137,-0.015151,8.2743
1.4162,2.1117,0.077507,-0.042059,-0.015072,8.2672
1.4163,2.1117,0.077507,-0.041979,-0.014988,8.276
1.4163,2.1117,0.077506,-0.041898,-0.014901,8.2709
1.4164,2.1117,0.077505,-0.041816,-0.014809,8.2711
1.4164,2.1117,0.077504,-0.041735,-0.014713,8.2816
1.4165,2.1117,0.077503,-0.041655,-0.014613,8.2725
1.4165,2.1117,0.077503,-0.041575,-0.014509,8.2733
1.4166,2.1117,0.077502,-0.041497,-0.014401,8.2871
1.4166,2.1117,0.077501,-0.041416,-0.01429,8.2765
1.4167,2.1117,0.0775,-0.041335,-0.014174,8.2746
1.4167,2.1117,0.0775,-0.041255,-0.014054,8.2859
1.4168,2.1117,0.077499,-0.041171,-0.013931,8.2883
1.4168,2.1117,0.077498,-0.04109,-0.013803,8.2811
1.4169,2.1117,0.077498,-0.041006,-0.013672,8.2895
1.4169,2.1117,0.077497,-0.040925,-0.013537,8.2953
1.417,2.1117,0.077496,-0.040845,-0.013399,8.2856
1.4171,2.1117,0.077495,-0.040759,-0.013272,8.297
1.4171,2.1117,0.077495,-0.040674,-0.013117,8.3005
1.4172,2.1117,0.077494,-0.040591,-0.012943,8.2918
1.4172,2.1117,0.077493,-0.040511,-0.012757,8.2858
1.4173,2.1117,0.077493,-0.04044,-0.012566,8.2962
1.4173,2.1117,0.077492,-0.040376,-0.012379,8.2946
1.4174,2.1117,0.077491,-0.040322,-0.012201,8.2828
1.4174,2.1116,0.077491,-0.040273,-0.01204,8.2943
1.4175,2.1116,0.07749,-0.040224,-0.0119,8.297
1.4175,2.1116,0.07749,-0.040178,-0.011743,8.2798
1.4176,2.1116,0.077489,-0.040133,-0.011584,8.2842
1.4176,2.1116,0.077488,-0.040089,-0.011436,8.2841
1.4177,2.1116,0.077488,-0.040045,-0.011263,8.2755
1.4177,2.1116,0.077487,-0.040003,-0.011085,8.2731
1.4178,2.1116,0.077487,-0.039961,-0.010886,8.2832
1.4178,2.1116,0.077486,-0.039921,-0.010643,8.2726
1.4179,2.1116,0.077485,-0.039882,-0.010392,8.2865
1.4179,2.1116,0.077485,-0.039847,-0.010118,8.2982
1.418,2.1116,0.077484,-0.039808,-0.0098477,8.2998
1.4181,2.1116,0.077484,-0.039765,-0.009623,8.2935
1.4181,2.1116,0.077483,-0.039722,-0.0094004,8.3087
1.4182,2.1116,0.077483,-0.039682,-0.0091835,8.3065
1.4182,2.1116,0.077482,-0.039643,-0.0089755,8.299
1.4183,2.1116,0.077482,-0.03961,-0.0087348,8.3065
1.4183,2.1116,0.077482,-0.039581,-0.0085046,8.3087
1.4184,2.1116,0.077481,-0.039557,-0.0082669,8.3015
1.4184,2.1116,0.077481,-0.039532,-0.0080567,8.31
1.4185,2.1116,0.07748,-0.039506,-0.0078932,8.3177
1.4185,2.1116,0.07748,-0.039485,-0.0077496,8.3075
1.4186,2.1116,0.077479,-0.039465,-0.0076082,8.3068
1.4186,2.1116,0.077479,-0.039448,-0.0074898,8.3127
1.4187,2.1116,0.077479,-0.039436,-0.0073555,8.303
1.4187,2.1116,0.077478,-0.039427,-0.0072203,8.2953
1.4188,2.1116,0.077478,-0.039428,-0.0070844,8.3057
1.4188,2.1116,0.077478,-0.039425,-0.006948,8.3019
1.4189,2.1116,0.077477,-0.039417,-0.0068113,8.2945
1.4189,2.1116,0.077477,-0.039408,-0.0066743,8.3007
1.419,2.1116,0.077477,-0.039396,-0.0065373,8.3058
1.4191,2.1116,0.077476,-0.039385,-0.0064002,8.2984
1.4191,2.1116,0.077476,-0.039385,-0.0062632,8.3036
1.4192,2.1116,0.077476,-0.03939,-0.0061261,8.3028
1.4192,2.1116,0.077475,-0.039392,-0.0059876,8.2936
1.4193,2.1116,0.077475,-0.039384,-0.0058519,8.2934
1.4193,2.1116,0.077475,-0.039378,-0.0057182,8.3009
1.4194,2.1116,0.077474,-0.039371,-0.005586,8.2929
1.4194,2.1116,0.077474,-0.039361,-0.0054545,8.2965
1.4195,2.1116,0.077474,-0.039343,-0.0053231,8.3143
1.4195,2.1116,0.077473,-0.039332,-0.0051913,8.3098
1.4196,2.1116,0.077473,-0.039322,-0.0050584,8.3096
1.4196,2.1116,0.077473,-0.03931,-0.0049241,8.332
1.4197,2.1116,0.077473,-0.03931,-0.0047926,8.3257
1.4197,2.1116,0.077472,-0.039335,-0.0046623,8.3214
1.4198,2.1116,0.077472,-0.039366,-0.0045335,8.329
1.4198,2.1116,0.077472,-0.039389,-0.004406,8.3325
1.4199,2.1116,0.077472,-0.039404,-0.0042799,8.3235
1.4199,2.1115,0.077472,-0.039408,-0.0041554,8.3207
1.42,2.1115,0.077471,-0.039413,-0.0040324,8.3252
1.4201,2.1115,0.077471,-0.039412,-0.0039112,8.3172
1.4201,2.1115,0.077471,-0.03942,-0.0037918,8.307
1.4202,2.1115,0.077471,-0.039441,-0.0036745,8.3115
1.4202,2.1115,0.077471,-0.039459,-0.0035594,8.2913
1.4203,2.1115,0.07747,-0.039469,-0.0034465,8.2852
1.4203,2.1115,0.07747,-0.039474,-0.003336,8.2838
1.4204,2.1115,0.07747,-0.039468,-0.0032279,8.2752
1.4204,2.1115,0.07747,-0.039462,-0.0031207,8.2636
1.4205,2.1115,0.07747,-0.039446,-0.0030172,8.273
1.4205,2.1115,0.07747,-0.039436,-0.0029192,8.2749
1.4206,2.1115,0.077469,-0.039429,-0.0028295,8.2627
1.4206,2.1115,0.077469,-0.039424,-0.0027439,8.2754
1.4207,2.1115,0.077469,-0.039421,-0.0026628,8.2697
1.4207,2.1115,0.077469,-0.039419,-0.0025859,8.255
1.4208,2.1115,0.077469,-0.039419,-0.0025121,8.2573
1.4208,2.1115,0.077469,-0.039419,-0.0024395,8.2633
1.4209,2.1115,0.077469,-0.039421,-0.0023707,8.2543
1.4209,2.1115,0.077468,-0.039421,-0.0023065,8.2568
1.421,2.1115,0.077468,-0.039418,-0.0022476,8.2711
1.4211,2.1115,0.077468,-0.039417,-0.0021915,8.278
1.4211,2.1115,0.077468,-0.039413,-0.0021356,8.2732
1.4212,2.1115,0.077468,-0.039407,-0.0020824,8.2892
1.4212,2.1115,0.077468,-0.039399,-0.0020289,8.2863
1.4213,2.1115,0.077468,-0.039387,-0.0019782,8.2728
1.4213,2.1115,0.077468,-0.039375,-0.0019294,8.277
1.4214,2.1115,0.077468,-0.039362,-0.0018824,8.2783
1.4214,2.1115,0.077467,-0.039353,-0.0018363,8.2597
1.4215,2.1115,0.077467,-0.039347,-0.0017949,8.2677
1.4215,2.1115,0.077467,-0.03934,-0.0017722,8.2731
1.4216,2.1115,0.077467,-0.039331,-0.0017337,8.2657
1.4216,2.1115,0.077467,-0.039316,-0.0016833,8.266
1.4217,2.1115,0.077467,-0.039298,-0.0016309,8.2705
1.4217,2.1115,0.077467,-0.039279,-0.0015818,8.2558
1.4218,2.1115,0.077467,-0.039263,-0.0015384,8.2578
1.4218,2.1115,0.077467,-0.039247,-0.0015037,8.2633
1.4219,2.1115,0.077467,-0.03923,-0.0014862,8.256
1.4219,2.1115,0.077467,-0.039213,-0.0014938,8.2562
1.422,2.1115,0.077467,-0.039194,-0.0014872,8.273
1.4221,2.1115,0.077466,-0.039168,-0.0014721,8.2765
1.4221,2.1115,0.077466,-0.039147,-0.0015024,8.2638
1.4222,2.1115,0.077466,-0.03913,-0.0015477,8.2747
1.4222,2.1115,0.077466,-0.039121,-0.0015674,8.2825
1.4223,2.1115,0.077466,-0.039116,-0.0015692,8.2714
1.4223,2.1115,0.077466,-0.039115,-0.0015754,8.2693
1.4224,2.1115,0.077466,-0.03912,-0.0015672,8.2785
1.4224,2.1115,0.077466,-0.039126,-0.001509,8.2693
1.4225,2.1115,0.077466,-0.039129,-0.0014591,8.282
1.4225,2.1114,0.077466,-0.039128,-0.0014839,8.2979
1.4226,2.1114,0.077466,-0.039124,-0.0015289,8.2945
1.4226,2.1114,0.077466,-0.039117,-0.0015008,8.2932
1.4227,2.1114,0.077466,-0.039105,-0.0014496,8.307
1.4227,2.1114,0.077465,-0.039089,-0.0014081,8.3077
1.4228,2.1114,0.077465,-0.039075,-0.0013728,8.3019
1.4228,2.1114,0.077465,-0.039059,-0.0013162,8.3078
1.4229,2.1114,0.077465,-0.039041,-0.0012805,8.3108
1.4229,2.1114,0.077465,-0.039024,-0.0012962,8.3073
1.423,2.1114,0.077465,-0.039009,-0.0013271,8.3121
1.4231,2.1114,0.077465,-0.038992,-0.001289,8.3169
1.4231,2.1114,0.077465,-0.03898,-0.0012595,8.3131
1.4232,2.1114,0.077465,-0.03897,-0.0012367,8.31
1.4232,2.1114,0.077465,-0.038961,-0.0011938,8.3179
1.4233,2.1114,0.077465,-0.038949,-0.001183,8.305
1.4233,2.1114,0.077465,-0.038933,-0.0011831,8.3037
1.4234,2.1114,0.077465,-0.038918,-0.0012082,8.3115
1.4234,2.1114,0.077465,-0.038902,-0.0012272,8.3037
1.4235,2.1114,0.077465,-0.038882,-0.0012221,8.301
1.4235,2.1114,0.077464,-0.038862,-0.0012235,8.316
1.4236,2.1114,0.077464,-0.038845,-0.0012015,8.3185
1.4236,2.1114,0.077464,-0.038828,-0.0011562,8.3154
1.4237,2.1114,0.077464,-0.038813,-0.0011251,8.3245
1.4237,2.1114,0.077464,-0.038801,-0.0010978,8.3305
1.4238,2.1114,0.077464,-0.038796,-0.0010495,8.3239
1.4238,2.1114,0.077464,-0.038795,-0.00096705,8.3264
1.4239,2.1114,0.077464,-0.038801,-0.00084684,8.331
1.4239,2.1114,0.077464,-0.038807,-0.00069776,8.3244
1.424,2.1114,0.077464,-0.038813,-0.00051854,8.3305
1.4241,2.1114,0.077464,-0.038812,-0.00036877,8.3384
1.4241,2.1114,0.077464,-0.038803,-0.00020513,8.3389
1.4242,2.1114,0.077464,-0.038792,-9.9564e-05,8.3308
1.4242,2.1114,0.077464,-0.038778,-2.4636e-05,8.3457
1.4243,2.1114,0.077464,-0.038765,4.7799e-05,8.341
1.4243,2.1114,0.077464,-0.038761,9.2524e-05,8.3305
1.4244,2.1114,0.077464,-0.038758,0.00013001,8.3311
1.4244,2.1114,0.077464,-0.038759,0.00019682,8.3305
1.4245,2.1114,0.077464,-0.038761,0.00022954,8.3242
1.4245,2.1114,0.077464,-0.038767,0.00026321,8.3246
1.4246,2.1114,0.077464,-0.038773,0.00027284,8.3305
1.4246,2.1114,0.077464,-0.038779,0.00028696,8.3248
1.4247,2.1114,0.077464,-0.038786,0.00032069,8.3287
1.4247,2.1114,0.077464,-0.038793,0.00034288,8.3343
1.4248,2.1114,0.077464,-0.038792,0.00037551,8.3237
1.4248,2.1114,0.077464,-0.038788,0.00042673,8.3259
1.4249,2.1114,0.077464,-0.038778,0.00045798,8.3371
1.4249,2.1114,0.077464,-0.038769,0.00048349,8.3282
1.425,2.1114,0.077464,-0.038763,0.00050333,8.3269
1.4251,2.1113,0.077464,-0.038761,0.00051759,8.3413
1.4251,2.1113,0.077464,-0.038765,0.0005264,8.3452
1.4252,2.1113,0.077464,-0.038772,0.00054486,8.3387
1.4252,2.1113,0.077464,-0.038779,0.00053396,8.3573
1.4253,2.1113,0.077464,-0.038782,0.0005138,8.3617
1.4253,2.1113,0.077464,-0.038781,0.0004804,8.3441
1.4254,2.1113,0.077464,-0.03878,0.00039956,8.3497
1.4254,2.1113,0.077464,-0.038781,0.00023896,8.3569
1.4255,2.1113,0.077464,-0.038778,2.0227e-05,8.3447
1.4255,2.1113,0.077464,-0.038778,-0.00022845,8.3413
1.4256,2.1113,0.077464,-0.038776,-0.00047269,8.3551
1.4256,2.1113,0.077464,-0.038771,-0.00073346,8.3518
1.4257,2.1113,0.077464,-0.038763,-0.00093524,8.3419
1.4257,2.1113,0.077464,-0.038757,-0.0010504,8.3567
1.4258,2.1113,0.077464,-0.038751,-0.0011278,8.3554
1.4258,2.1113,0.077464,-0.038744,-0.0011925,8.341
1.4259,2.1113,0.077464,-0.038738,-0.0012807,8.3416
1.4259,2.1113,0.077464,-0.038731,-0.0014163,8.3429
1.426,2.1113,0.077464,-0.038725,-0.001579,8.333
1.4261,2.1113,0.077464,-0.038718,-0.0017565,8.3389
1.4261,2.1113,0.077464,-0.038711,-0.0018847,8.3388
1.4262,2.1113,0.077464,-0.038704,-0.0019694,8.3328
1.4262,2.1113,0.077463,-0.038697,-0.002002,8.3358
1.4263,2.1113,0.077463,-0.03869,-0.002019,8.351
1.4263,2.1113,0.077463,-0.038682,-0.0020332,8.336
1.4264,2.1113,0.077463,-0.038675,-0.0021209,8.334
1.4264,2.1113,0.077463,-0.038668,-0.0022068,8.3401
1.4265,2.1113,0.077463,-0.03866,-0.0023114,8.3354
1.4265,2.1113,0.077463,-0.03865,-0.0024545,8.3275
1.4266,2.1113,0.077463,-0.038644,-0.0026483,8.3389
1.4266,2.1113,0.077462,-0.038642,-0.0028593,8.3377
1.4267,2.1113,0.077462,-0.038638,-0.0030561,8.3363
1.4267,2.1113,0.077462,-0.038638,-0.0032085,8.3459
1.4268,2.1113,0.077462,-0.038637,-0.0033472,8.3519
1.4268,2.1113,0.077462,-0.038639,-0.0033967,8.3344
1.4269,2.1113,0.077462,-0.038638,-0.0034036,8.3348
1.4269,2.1113,0.077461,-0.038638,-0.0033687,8.3337
1.427,2.1113,0.077461,-0.038648,-0.0033225,8.3244
1.4271,2.1113,0.077461,-0.038664,-0.0033833,8.3224
1.4271,2.1113,0.077461,-0.038677,-0.0034644,8.3295
1.4272,2.1113,0.077461,-0.038689,-0.0036318,8.3267
1.4272,2.1113,0.077461,-0.038698,-0.0038581,8.3188
1.4273,2.1113,0.07746,-0.038702,-0.004086,8.3299
1.4273,2.1113,0.07746,-0.038698,-0.0042603,8.3179
1.4274,2.1113,0.07746,-0.038691,-0.0042997,8.3139
1.4274,2.1113,0.07746,-0.038688,-0.0043057,8.3139
1.4275,2.1113,0.077459,-0.038685,-0.0043686,8.314
1.4275,2.1113,0.077459,-0.038681,-0.0043888,8.3013
1.4276,2.1113,0.077459,-0.038679,-0.004426,8.3006
1.4276,2.1113,0.077459,-0.038679,-0.0045236,8.312
1.4277,2.1112,0.077458,-0.038679,-0.0046345,8.3028
1.4277,2.1112,0.077458,-0.038677,-0.004745,8.3114
1.4278,2.1112,0.077458,-0.038677,-0.0048969,8.3215
1.4278,2.1112,0.077458,-0.038677,-0.0051227,8.3131
1.4279,2.1112,0.077457,-0.038673,-0.0053862,8.3138
1.4279,2.1112,0.077457,-0.038674,-0.0056078,8.3248
1.428,2.1112,0.077457,-0.038677,-0.0057985,8.3294
1.4281,2.1112,0.077456,-0.038684,-0.0059921,8.3214
1.4281,2.1112,0.077456,-0.03869,-0.0061924,8.3403
1.4282,2.1112,0.077456,-0.038697,-0.0063647,8.3444
1.4282,2.1112,0.077455,-0.038702,-0.0065743,8.3448
1.4283,2.1112,0.077455,-0.038703,-0.006755,8.3518
1.4283,2.1112,0.077455,-0.038699,-0.0068643,8.3514
1.4284,2.1112,0.077454,-0.038698,-0.0069197,8.3402
1.4284,2.1112,0.077454,-0.038695,-0.0069416,8.35
1.4285,2.1112,0.077454,-0.038692,-0.0069206,8.3549
1.4285,2.1112,0.077453,-0.038688,-0.0069532,8.3515
1.4286,2.1112,0.077453,-0.038685,-0.0070177,8.3474
1.4286,2.1112,0.077453,-0.038683,-0.0071227,8.3633
1.4287,2.1112,0.077452,-0.038681,-0.0072255,8.3533
1.4287,2.1112,0.077452,-0.038679,-0.0072989,8.3552
1.4288,2.1112,0.077451,-0.038678,-0.0073619,8.3675
1.4288,2.1112,0.077451,-0.038678,-0.0073805,8.3601
1.4289,2.1112,0.077451,-0.038677,-0.0073367,8.3565
1.4289,2.1112,0.07745,-0.038677,-0.0072887,8.3606
1.429,2.1112,0.07745,-0.038677,-0.0072842,8.3632
1.4291,2.1112,0.077449,-0.038678,-0.0072859,8.3542
1.4291,2.1112,0.077449,-0.03868,-0.0073249,8.3619
1.4292,2.1112,0.077449,-0.038683,-0.0073873,8.3757
1.4292,2.1112,0.077448,-0.038689,-0.0074544,8.3706
1.4293,2.1112,0.077448,-0.038694,-0.0074986,8.3706
1.4293,2.1112,0.077447,-0.0387,-0.0075459,8.3888
1.4294,2.1112,0.077447,-0.038704,-0.0075482,8.3808
1.4294,2.1112,0.077447,-0.038707,-0.0076085,8.3741
1.4295,2.1112,0.077446,-0.03871,-0.0076834,8.3794
1.4295,2.1112,0.077446,-0.038711,-0.0077904,8.377
1.4296,2.1112,0.077445,-0.038714,-0.0078802,8.3685
1.4296,2.1112,0.077445,-0.038718,-0.0079669,8.3724
1.4297,2.1112,0.077445,-0.038721,-0.0080108,8.3764
1.4297,2.1112,0.077444,-0.038725,-0.0080555,8.3699
1.4298,2.1112,0.077444,-0.038728,-0.0080816,8.3773
1.4298,2.1112,0.077443,-0.038733,-0.0081877,8.3817
1.4299,2.1112,0.077443,-0.03874,-0.0083134,8.3653
1.4299,2.1112,0.077442,-0.038747,-0.0084154,8.3687
1.43,2.1112,0.077442,-0.038754,-0.0084909,8.3685
1.4301,2.1112,0.077442,-0.038761,-0.0085746,8.3519
1.4301,2.1112,0.077441,-0.038768,-0.0086552,8.3518
1.4302,2.1112,0.077441,-0.038774,-0.0087218,8.3641
1.4302,2.1112,0.07744,-0.038779,-0.0087944,8.351
1.4303,2.1111,0.07744,-0.038784,-0.0088971,8.3445
1.4303,2.1111,0.077439,-0.038791,-0.0090164,8.355
1.4304,2.1111,0.077439,-0.038799,-0.0090982,8.3482
1.4304,2.1111,0.077438,-0.038808,-0.0091693,8.3372
1.4305,2.1111,0.077438,-0.038817,-0.0092416,8.3445
1.4305,2.1111,0.077437,-0.038826,-0.0093393,8.3441
1.4306,2.1111,0.077437,-0.038834,-0.0094096,8.3339
1.4306,2.1111,0.077436,-0.038842,-0.009457,8.338
1.4307,2.1111,0.077436,-0.038849,-0.0094651,8.3443
1.4307,2.1111,0.077435,-0.038856,-0.0094778,8.3379
1.4308,2.1111,0.077435,-0.038864,-0.0094555,8.3462
1.4308,2.1111,0.077434,-0.038872,-0.0094151,8.3646
1.4309,2.1111,0.077434,-0.038881,-0.0093525,8.3541
1.4309,2.1111,0.077433,-0.038889,-0.0093085,8.3566
1.431,2.1111,0.077433,-0.038898,-0.0092945,8.369
1.4311,2.1111,0.077432,-0.038906,-0.0092913,8.3643
1.4311,2.1111,0.077432,-0.038915,-0.0092757,8.3514
1.4312,2.1111,0.077431,-0.038925,-0.0092762,8.3623
1.4312,2.1111,0.077431,-0.038934,-0.0092612,8.3584
1.4313,2.1111,0.07743,-0.038946,-0.0092192,8.3426
1.4313,2.1111,0.07743,-0.038953,-0.0091385,8.3545
1.4314,2.1111,0.077429,-0.038958,-0.0090536,8.3587
1.4314,2.1111,0.077429,-0.038963,-0.008985,8.3408
1.4315,2.1111,0.077429,-0.03897,-0.0089047,8.3396
1.4315,2.1111,0.077428,-0.03898,-0.0088322,8.3311
1.4316,2.1111,0.077428,-0.038994,-0.0087856,8.3171
1.4316,2.1111,0.077427,-0.039011,-0.0087696,8.3174
1.4317,2.1111,0.077427,-0.039031,-0.0088005,8.3261
1.4317,2.1111,0.077426,-0.03905,-0.008837,8.3143
1.4318,2.1111,0.077426,-0.039069,-0.0088823,8.3122
1.4318,2.1111,0.077425,-0.039081,-0.0089274,8.3221
1.4319,2.1111,0.077425,-0.039087,-0.008957,8.3194
1.4319,2.1111,0.077424,-0.039088,-0.0089945,8.3137
1.432,2.1111,0.077424,-0.039079,-0.0090714,8.3139
1.4321,2.1111,0.077423,-0.039069,-0.0091103,8.3164
1.4321,2.1111,0.077423,-0.039064,-0.0091105,8.3045
1.4322,2.1111,0.077422,-0.039072,-0.0090868,8.3081
1.4322,2.1111,0.077422,-0.039083,-0.0090674,8.3221
1.4323,2.1111,0.077421,-0.039094,-0.0090597,8.311
1.4323,2.1111,0.077421,-0.039108,-0.0090711,8.3166
1.4324,2.1111,0.07742,-0.039118,-0.0091226,8.3218
1.4324,2.1111,0.07742,-0.039123,-0.0091807,8.316
1.4325,2.1111,0.07742,-0.039131,-0.0091658,8.3157
1.4325,2.1111,0.077419,-0.039145,-0.0091062,8.3237
1.4326,2.1111,0.077419,-0.039163,-0.0090663,8.3091
1.4326,2.1111,0.077418,-0.03918,-0.0090009,8.303
1.4327,2.1111,0.077418,-0.039199,-0.0089249,8.3142
1.4327,2.1111,0.077417,-0.039218,-0.0088689,8.3039
1.4328,2.111,0.077417,-0.039234,-0.0088194,8.2962
1.4328,2.111,0.077416,-0.039249,-0.0087278,8.3013
1.4329,2.111,0.077416,-0.039264,-0.0086041,8.3031
1.4329,2.111,0.077415,-0.039279,-0.0084371,8.2862
1.433,2.111,0.077415,-0.039297,-0.0082919,8.2853
1.4331,2.111,0.077414,-0.039315,-0.0080613,8.2911
1.4331,2.111,0.077414,-0.039334,-0.0078459,8.2763
1.4332,2.111,0.077414,-0.039355,-0.0076857,8.2716
1.4332,2.111,0.077413,-0.039377,-0.0075648,8.275
1.4333,2.111,0.077413,-0.039399,-0.0074604,8.2705
1.4333,2.111,0.077412,-0.039415,-0.007385,8.2702
1.4334,2.111,0.077412,-0.039427,-0.0073438,8.284
1.4334,2.111,0.077412,-0.03944,-0.0073858,8.2888
1.4335,2.111,0.077411,-0.039449,-0.0074021,8.283
1.4335,2.111,0.077411,-0.039454,-0.0074413,8.2947
1.4336,2.111,0.077411,-0.039455,-0.0074514,8.2938
1.4336,2.111,0.07741,-0.039452,-0.0074477,8.2836
1.4337,2.111,0.07741,-0.039447,-0.0073851,8.29
1.4337,2.111,0.077409,-0.039435,-0.0073074,8.297
1.4338,2.111,0.077409,-0.039425,-0.0072495,8.2923
1.4338,2.111,0.077409,-0.039419,-0.0072418,8.3042
1.4339,2.111,0.077408,-0.039414,-0.0072657,8.3095
1.4339,2.111,0.077408,-0.039408,-0.0073105,8.3086
1.434,2.111,0.077407,-0.039404,-0.0073552,8.3093
1.4341,2.111,0.077407,-0.039405,-0.007428,8.3133
1.4341,2.111,0.077407,-0.039415,-0.0074879,8.3045
1.4342,2.111,0.077406,-0.039431,-0.0075509,8.3013
1.4342,2.111,0.077406,-0.039449,-0.0076199,8.3134
1.4343,2.111,0.077405,-0.039465,-0.0076925,8.3052
1.4343,2.111,0.077405,-0.039474,-0.0077648,8.2931
1.4344,2.111,0.077405,-0.039477,-0.007839,8.3085
1.4344,2.111,0.077404,-0.039482,-0.0079122,8.3128
1.4345,2.111,0.077404,-0.039492,-0.0079865,8.2989
1.4345,2.111,0.077403,-0.039506,-0.0080583,8.3034
1.4346,2.111,0.077403,-0.039522,-0.0081304,8.311
1.4346,2.111,0.077403,-0.039533,-0.0082048,8.2983
1.4347,2.111,0.077402,-0.039544,-0.0082779,8.3011
1.4347,2.111,0.077402,-0.039555,-0.008353,8.3086
1.4348,2.111,0.077401,-0.03957,-0.0084339,8.2977
1.4348,2.111,0.077401,-0.039596,-0.0085165,8.3025
1.4349,2.111,0.0774,-0.039626,-0.0086044,8.3182
1.4349,2.111,0.0774,-0.039658,-0.0086961,8.3215
1.435,2.111,0.077399,-0.039692,-0.0087899,8.3188
1.4351,2.111,0.077399,-0.03972,-0.0088831,8.3275
1.4351,2.111,0.077398,-0.039749,-0.0089785,8.3284
1.4352,2.111,0.077398,-0.03978,-0.0090773,8.325
1.4352,2.111,0.077397,-0.039812,-0.0091941,8.3296
1.4353,2.111,0.077397,-0.039844,-0.0093201,8.3368
1.4353,2.111,0.077396,-0.039877,-0.0094175,8.3227
1.4354,2.1109,0.077396,-0.039912,-0.0094387,8.3265
1.4354,2.1109,0.077396,-0.039945,-0.0093904,8.3374
1.4355,2.1109,0.077395,-0.039973,-0.0092807,8.3339
1.4355,2.1109,0.077395,-0.039994,-0.0091364,8.3288
1.4356,2.1109,0.077394,-0.040004,-0.0089671,8.3387
1.4356,2.1109,0.077394,-0.040012,-0.0088353,8.3281
1.4357,2.1109,0.077393,-0.040014,-0.0087784,8.3161
1.4357,2.1109,0.077393,-0.040017,-0.0087577,8.3209
1.4358,2.1109,0.077392,-0.040022,-0.0087506,8.3209
1.4358,2.1109,0.077392,-0.040028,-0.0087206,8.3119
1.4359,2.1109,0.077391,-0.040033,-0.0086363,8.3215
1.4359,2.1109,0.077391,-0.040035,-0.0085166,8.3317
1.436,2.1109,0.07739,-0.040034,-0.0083682,8.3179
1.4361,2.1109,0.07739,-0.040035,-0.008255,8.3277
1.4361,2.1109,0.07739,-0.040035,-0.0081795,8.3333
1.4362,2.1109,0.077389,-0.040036,-0.0081582,8.3218
1.4362,2.1109,0.077389,-0.040039,-0.0081552,8.3175
1.4363,2.1109,0.077388,-0.040044,-0.0081629,8.3238
1.4363,2.1109,0.077388,-0.04005,-0.0081013,8.316
1.4364,2.1109,0.077387,-0.040057,-0.0080406,8.3145
1.4364,2.1109,0.077387,-0.040064,-0.0079589,8.3242
1.4365,2.1109,0.077387,-0.040071,-0.0078324,8.3251
1.4365,2.1109,0.077386,-0.040077,-0.0076432,8.3188
1.4366,2.1109,0.077386,-0.040082,-0.0074196,8.3266
1.4366,2.1109,0.077385,-0.04009,-0.0071917,8.3211
1.4367,2.1109,0.077385,-0.040101,-0.0069962,8.3062
1.4367,2.1109,0.077385,-0.040116,-0.0068035,8.3035
1.4368,2.1109,0.077384,-0.040133,-0.0066924,8.3057
1.4368,2.1109,0.077384,-0.040156,-0.0066275,8.2908
1.4369,2.1109,0.077384,-0.040184,-0.006612,8.2881
1.4369,2.1109,0.077383,-0.040211,-0.006602,8.2964
1.437,2.1109,0.077383,-0.040237,-0.006512,8.2928
1.4371,2.1109,0.077383,-0.040262,-0.0064202,8.2909
1.4371,2.1109,0.077382,-0.040286,-0.0062515,8.296
1.4372,2.1109,0.077382,-0.040305,-0.0060197,8.2908
1.4372,2.1109,0.077382,-0.040323,-0.0057725,8.2834
1.4373,2.1109,0.077381,-0.040345,-0.0055588,8.2838
1.4373,2.1109,0.077381,-0.040368,-0.0054598,8.2865
1.4374,2.1109,0.077381,-0.04039,-0.0053672,8.2704
1.4374,2.1109,0.077381,-0.040412,-0.0052267,8.2812
1.4375,2.1109,0.07738,-0.040436,-0.0051284,8.2846
1.4375,2.1109,0.07738,-0.040458,-0.0049956,8.27
1.4376,2.1109,0.07738,-0.040478,-0.0048226,8.2797
1.4376,2.1109,0.077379,-0.040498,-0.0046352,8.2823
1.4377,2.1109,0.077379,-0.040519,-0.0044627,8.2753
1.4377,2.1109,0.077379,-0.04054,-0.0042942,8.2754
1.4378,2.1109,0.077379,-0.04056,-0.0040582,8.2909
1.4378,2.1108,0.077379,-0.040579,-0.0038059,8.2813
1.4379,2.1108,0.077378,-0.040598,-0.0035902,8.2779
1.4379,2.1108,0.077378,-0.040621,-0.0033536,8.293
1.438,2.1108,0.077378,-0.04065,-0.0031039,8.2903
1.4381,2.1108,0.077378,-0.040685,-0.0028339,8.2829
1.4381,2.1108,0.077378,-0.04072,-0.0025762,8.2921
1.4382,2.1108,0.077378,-0.040753,-0.0023119,8.283
1.4382,2.1108,0.077378,-0.04078,-0.0020693,8.2815
1.4383,2.1108,0.077377,-0.040803,-0.0019133,8.2895
1.4383,2.1108,0.077377,-0.040833,-0.0017976,8.2911
1.4384,2.1108,0.077377,-0.04088,-0.0016808,8.2801
1.4384,2.1108,0.077377,-0.040946,-0.0015953,8.2839
1.4385,2.1108,0.077377,-0.041034,-0.0014629,8.2947
1.4385,2.1108,0.077377,-0.041128,-0.0012807,8.2868
1.4386,2.1108,0.077377,-0.041214,-0.0010728,8.287
1.4386,2.1108,0.077377,-0.041277,-0.00086459,8.3027
1.4387,2.1108,0.077377,-0.041329,-0.00068322,8.2942
1.4387,2.1108,0.077377,-0.041371,-0.00051022,8.2864
1.4388,2.1108,0.077377,-0.041404,-0.00038112,8.2973
1.4388,2.1108,0.077377,-0.04143,-0.0003169,8.291
1.4389,2.1108,0.077377,-0.041456,-0.00026981,8.2805
1.4389,2.1108,0.077377,-0.041469,-0.0001966,8.2908
1.439,2.1108,0.077377,-0.041475,-0.00012898,8.2979
1.4391,2.1108,0.077377,-0.041488,-3.0883e-05,8.2939
1.4391,2.1108,0.077377,-0.041507,8.4143e-05,8.2993
1.4392,2.1108,0.077377,-0.041532,0.00020264,8.3113
1.4392,2.1108,0.077377,-0.041563,0.00029615,8.3003
1.4393,2.1108,0.077377,-0.041602,0.00039026,8.3062
1.4393,2.1108,0.077377,-0.041648,0.00042914,8.3162
1.4394,2.1108,0.077377,-0.041682,0.00051852,8.3073
1.4394,2.1108,0.077377,-0.041719,0.00061905,8.3072
1.4395,2.1108,0.077377,-0.041765,0.00075596,8.3166
1.4395,2.1108,0.077377,-0.041795,0.00087629,8.3182
1.4396,2.1108,0.077377,-0.04182,0.00099439,8.314
1.4396,2.1108,0.077377,-0.041838,0.0010694,8.3348
1.4397,2.1108,0.077377,-0.041856,0.0011402,8.3328
1.4397,2.1108,0.077377,-0.041877,0.0011826,8.322
1.4398,2.1108,0.077377,-0.041893,0.0013055,8.3337
1.4398,2.1108,0.077377,-0.041913,0.0014498,8.3316
1.4399,2.1108,0.077377,-0.041938,0.0015739,8.3185
1.4399,2.1108,0.077378,-0.041959,0.0016717,8.3218
1.44,2.1108,0.077378,-0.041974,0.0017779,8.3307
1.4401,2.1108,0.077378,-0.041987,0.0018861,8.3235
1.4401,2.1108,0.077378,-0.042,0.0019823,8.33
1.4402,2.1108,0.077378,-0.042011,0.0020854,8.336
1.4402,2.1108,0.077378,-0.042025,0.0022258,8.3342
1.4403,2.1107,0.077378,-0.042033,0.0023868,8.3322
1.4403,2.1107,0.077378,-0.042042,0.0025071,8.3445
1.4404,2.1107,0.077379,-0.042044,0.002615,8.3465
1.4404,2.1107,0.077379,-0.042039,0.0027223,8.3336
1.4405,2.1107,0.077379,-0.042035,0.002862,8.3518
1.4405,2.1107,0.077379,-0.04203,0.0029812,8.3483
1.4406,2.1107,0.077379,-0.042022,0.0030859,8.3451
1.4406,2.1107,0.077379,-0.042015,0.0031593,8.3541
1.4407,2.1107,0.077379,-0.042005,0.0032408,8.3657
1.4407,2.1107,0.07738,-0.041997,0.0033016,8.3498
1.4408,2.1107,0.07738,-0.041985,0.0033293,8.3478
1.4408,2.1107,0.07738,-0.041977,0.0032977,8.3544
1.4409,2.1107,0.07738,-0.041963,0.0032405,8.3451
1.4409,2.1107,0.07738,-0.041938,0.0031534,8.3439
1.441,2.1107,0.07738,-0.0419,0.0030471,8.3488
1.4411,2.1107,0.077381,-0.041856,0.0029289,8.3451
1.4411,2.1107,0.077381,-0.041809,0.0028555,8.3426
1.4412,2.1107,0.077381,-0.041758,0.0028282,8.3484
1.4412,2.1107,0.077381,-0.041707,0.002811,8.3453
1.4413,2.1107,0.077381,-0.041668,0.0027759,8.3405
1.4413,2.1107,0.077381,-0.04163,0.0027362,8.3482
1.4414,2.1107,0.077382,-0.041593,0.0026881,8.3401
1.4414,2.1107,0.077382,-0.041553,0.0026118,8.3274
1.4415,2.1107,0.077382,-0.041512,0.0025304,8.3357
1.4415,2.1107,0.077382,-0.041466,0.0024655,8.3447
1.4416,2.1107,0.077382,-0.041411,0.0024322,8.3376
1.4416,2.1107,0.077382,-0.041349,0.0024499,8.3392
1.4417,2.1107,0.077382,-0.041287,0.0024743,8.3589
1.4417,2.1107,0.077382,-0.041223,0.0025101,8.3473
1.4418,2.1107,0.077383,-0.041162,0.0025459,8.3481
1.4418,2.1107,0.077383,-0.041105,0.0025581,8.3582
1.4419,2.1107,0.077383,-0.041055,0.0025716,8.352
1.4419,2.1107,0.077383,-0.041015,0.0026104,8.3419
1.442,2.1107,0.077383,-0.040975,0.0026601,8.352
1.4421,2.1107,0.077383,-0.040929,0.0026933,8.3627
1.4421,2.1107,0.077383,-0.040871,0.0026762,8.352
1.4422,2.1107,0.077384,-0.040806,0.0026428,8.3578
1.4422,2.1107,0.077384,-0.040737,0.0026057,8.3691
1.4423,2.1107,0.077384,-0.040663,0.0025755,8.3524
1.4423,2.1107,0.077384,-0.040592,0.0025691,8.3564
1.4424,2.1107,0.077384,-0.040525,0.002603,8.3646
1.4424,2.1107,0.077384,-0.040454,0.0026476,8.3508
1.4425,2.1107,0.077384,-0.040379,0.0026954,8.3433
1.4425,2.1107,0.077384,-0.040298,0.0027281,8.3522
1.4426,2.1107,0.077385,-0.040217,0.0027149,8.352
1.4426,2.1107,0.077385,-0.040131,0.0026686,8.3452
1.4427,2.1106,0.077385,-0.040042,0.0026178,8.3557
1.4427,2.1106,0.077385,-0.039955,0.0025524,8.3496
1.4428,2.1106,0.077385,-0.039866,0.0024692,8.3403
1.4428,2.1106,0.077385,-0.039776,0.0023715,8.3467
1.4429,2.1106,0.077385,-0.039683,0.0022553,8.3422
1.4429,2.1106,0.077386,-0.039586,0.0021263,8.3364
1.443,2.1106,0.077386,-0.039487,0.0019496,8.339
1.4431,2.1106,0.077386,-0.039384,0.0017737,8.3542
1.4431,2.1106,0.077386,-0.039279,0.0016348,8.3434
1.4432,2.1106,0.077386,-0.039167,0.0015239,8.3476
1.4432,2.1106,0.077386,-0.03905,0.0014389,8.3585
1.4433,2.1106,0.077386,-0.038938,0.0013693,8.3542
1.4433,2.1106,0.077386,-0.038822,0.0013027,8.3563
1.4434,2.1106,0.077386,-0.038701,0.0012766,8.3632
1.4434,2.1106,0.077386,-0.038584,0.0012107,8.3552
1.4435,2.1106,0.077386,-0.038474,0.0011235,8.3427
1.4435,2.1106,0.077386,-0.038371,0.0010237,8.353
1.4436,2.1106,0.077386,-0.03827,0.00092108,8.3502
1.4436,2.1106,0.077386,-0.038176,0.0008205,8.3438
1.4437,2.1106,0.077386,-0.038092,0.00072559,8.3503
1.4437,2.1106,0.077387,-0.038005,0.00064978,8.3516
1.4438,2.1106,0.077387,-0.037914,0.00060025,8.3385
1.4438,2.1106,0.077387,-0.037826,0.00053576,8.3423
1.4439,2.1106,0.077387,-0.037742,0.00047007,8.3453
1.4439,2.1106,0.077387,-0.037656,0.0004046,8.3388
1.444,2.1106,0.077387,-0.037567,0.000345,8.3332
1.4441,2.1106,0.077387,-0.037473,0.00028538,8.3385
1.4441,2.1106,0.077387,-0.037369,0.00022667,8.3279
1.4442,2.1106,0.077387,-0.03726,0.0001694,8.324
1.4442,2.1106,0.077387,-0.03715,0.0001125,8.3323
1.4443,2.1106,0.077387,-0.037048,5.3108e-05,8.3241
1.4443,2.1106,0.077387,-0.036952,-4.3203e-06,8.321
1.4444,2.1106,0.077387,-0.03685,-6.6253e-05,8.3333
1.4444,2.1106,0.077387,-0.036747,-0.00012915,8.3293
1.4445,2.1106,0.077387,-0.036643,-0.00019551,8.3244
1.4445,2.1106,0.077387,-0.036539,-0.00025982,8.3329
1.4446,2.1106,0.077387,-0.03644,-0.00032803,8.338
1.4446,2.1106,0.077387,-0.036343,-0.00040098,8.3278
1.4447,2.1106,0.077387,-0.036252,-0.00047376,8.3332
1.4447,2.1106,0.077387,-0.036156,-0.00054127,8.3488
1.4448,2.1106,0.077387,-0.036049,-0.00060928,8.341
1.4448,2.1106,0.077387,-0.035938,-0.00067447,8.3386
1.4449,2.1106,0.077386,-0.035827,-0.00074083,8.3494
1.4449,2.1106,0.077386,-0.035717,-0.00080589,8.351
1.445,2.1106,0.077386,-0.035613,-0.0008797,8.3406
1.4451,2.1106,0.077386,-0.035509,-0.00095549,8.3509
1.4451,2.1106,0.077386,-0.035406,-0.0010282,8.3496
1.4452,2.1106,0.077386,-0.035301,-0.0011001,8.3468
1.4452,2.1106,0.077386,-0.035195,-0.0011679,8.3595
1.4453,2.1106,0.077386,-0.035087,-0.0012287,8.3668
1.4453,2.1105,0.077386,-0.034974,-0.0012854,8.3621
1.4454,2.1105,0.077386,-0.034862,-0.0013343,8.3659
1.4454,2.1105,0.077386,-0.034754,-0.0013852,8.3643
1.4455,2.1105,0.077386,-0.034652,-0.0014151,8.3574
1.4455,2.1105,0.077386,-0.034561,-0.0014727,8.3559
1.4456,2.1105,0.077386,-0.034473,-0.0015544,8.3688
1.4456,2.1105,0.077386,-0.034392,-0.0016323,8.3605
1.4457,2.1105,0.077385,-0.034313,-0.0017216,8.3629
1.4457,2.1105,0.077385,-0.034232,-0.0018486,8.3774
1.4458,2.1105,0.077385,-0.034153,-0.0019725,8.3817
1.4458,2.1105,0.077385,-0.034074,-0.0021166,8.3798
1.4459,2.1105,0.077385,-0.034,-0.0022313,8.3908
1.4459,2.1105,0.077385,-0.033937,-0.0023826,8.3926
1.446,2.1105,0.077385,-0.033881,-0.0025246,8.3852
1.4461,2.1105,0.077385,-0.033833,-0.0026246,8.3815
1.4461,2.1105,0.077384,-0.033791,-0.0026855,8.398
1.4462,2.1105,0.077384,-0.033745,-0.0027659,8.3871
1.4462,2.1105,0.077384,-0.033688,-0.0028063,8.3949
1.4463,2.1105,0.077384,-0.033624,-0.0028781,8.4064
1.4463,2.1105,0.077384,-0.033559,-0.0029419,8.3987
1.4464,2.1105,0.077384,-0.033505,-0.0030256,8.4006
1.4464,2.1105,0.077384,-0.033464,-0.0030979,8.4094
1.4465,2.1105,0.077383,-0.033426,-0.0031436,8.3971
1.4465,2.1105,0.077383,-0.03339,-0.0031524,8.3844
1.4466,2.1105,0.077383,-0.033345,-0.0031635,8.3937
1.4466,2.1105,0.077383,-0.033289,-0.0031523,8.3954
1.4467,2.1105,0.077383,-0.033228,-0.0031596,8.3809
1.4467,2.1105,0.077383,-0.03317,-0.0031707,8.383
1.4468,2.1105,0.077382,-0.033114,-0.0031809,8.3931
1.4468,2.1105,0.077382,-0.033059,-0.0031895,8.3819
1.4469,2.1105,0.077382,-0.033003,-0.0031952,8.3861
1.4469,2.1105,0.077382,-0.032948,-0.0032027,8.386
1.447,2.1105,0.077382,-0.032895,-0.0032109,8.3697
1.4471,2.1105,0.077382,-0.032848,-0.0032207,8.3657
1.4471,2.1105,0.077381,-0.032807,-0.0032248,8.3723
1.4472,2.1105,0.077381,-0.032773,-0.0032201,8.3661
1.4472,2.1105,0.077381,-0.03274,-0.0032085,8.3646
1.4473,2.1105,0.077381,-0.03271,-0.0031921,8.3783
1.4473,2.1105,0.077381,-0.032684,-0.003162,8.3778
1.4474,2.1105,0.077381,-0.032661,-0.0031638,8.3727
1.4474,2.1105,0.07738,-0.032639,-0.0031855,8.3774
1.4475,2.1105,0.07738,-0.032621,-0.0032226,8.3718
1.4475,2.1105,0.07738,-0.032603,-0.0032612,8.3633
1.4476,2.1105,0.07738,-0.032592,-0.0032902,8.3625
1.4476,2.1105,0.07738,-0.032587,-0.0033039,8.3648
1.4477,2.1105,0.07738,-0.032587,-0.0032905,8.3532
1.4477,2.1105,0.077379,-0.032594,-0.0032444,8.3568
1.4478,2.1105,0.077379,-0.032609,-0.0032091,8.3622
1.4478,2.1105,0.077379,-0.032625,-0.0031682,8.3516
1.4479,2.1105,0.077379,-0.032637,-0.0031313,8.3479
1.4479,2.1105,0.077379,-0.032637,-0.0031013,8.3512
1.448,2.1105,0.077379,-0.032628,-0.0030817,8.3333
1.4481,2.1105,0.077378,-0.032625,-0.0030701,8.3259
1.4481,2.1105,0.077378,-0.03263,-0.0030642,8.3283
1.4482,2.1105,0.077378,-0.032641,-0.0030601,8.3282
1.4482,2.1105,0.077378,-0.032671,-0.0030574,8.322
1.4483,2.1105,0.077378,-0.032699,-0.0030535,8.3316
1.4483,2.1104,0.077378,-0.032722,-0.0030502,8.3281
1.4484,2.1104,0.077377,-0.032725,-0.0030492,8.323
1.4484,2.1104,0.077377,-0.032694,-0.0030477,8.3326
1.4485,2.1104,0.077377,-0.032661,-0.0030438,8.3234
1.4485,2.1104,0.077377,-0.032624,-0.0030344,8.3205
1.4486,2.1104,0.077377,-0.032599,-0.0030219,8.3158
1.4486,2.1104,0.077377,-0.032597,-0.0030086,8.3177
1.4487,2.1104,0.077376,-0.032603,-0.0029968,8.3132
1.4487,2.1104,0.077376,-0.032624,-0.002989,8.3101
1.4488,2.1104,0.077376,-0.032645,-0.0029892,8.3302
1.4488,2.1104,0.077376,-0.032648,-0.0029923,8.3324
1.4489,2.1104,0.077376,-0.03267,-0.0029925,8.3233
1.4489,2.1104,0.077376,-0.032693,-0.0029884,8.3388
1.449,2.1104,0.077376,-0.032713,-0.0029849,8.3373
1.4491,2.1104,0.077375,-0.032728,-0.0029807,8.3315
1.4491,2.1104,0.077375,-0.03274,-0.0029757,8.3323
1.4492,2.1104,0.077375,-0.032746,-0.00297,8.3322
1.4492,2.1104,0.077375,-0.03274,-0.0029649,8.3234
1.4493,2.1104,0.077375,-0.032718,-0.0029572,8.3294
1.4493,2.1104,0.077375,-0.032707,-0.0029468,8.3395
1.4494,2.1104,0.077374,-0.032694,-0.0029329,8.3228
1.4494,2.1104,0.077374,-0.032672,-0.002921,8.3231
1.4495,2.1104,0.077374,-0.032674,-0.0029079,8.3337
1.4495,2.1104,0.077374,-0.032691,-0.0028913,8.3241
1.4496,2.1104,0.077374,-0.032718,-0.0028736,8.3162
1.4496,2.1104,0.077374,-0.032747,-0.0028589,8.3187
1.4497,2.1104,0.077374,-0.032775,-0.0028449,8.3205
1.4497,2.1104,0.077373,-0.032798,-0.0028363,8.3061
1.4498,2.1104,0.077373,-0.032816,-0.0028283,8.3146
1.4498,2.1104,0.077373,-0.032829,-0.0028214,8.327
1.4499,2.1104,0.077373,-0.03285,-0.0028144,8.3209
1.4499,2.1104,0.077373,-0.032868,-0.0028071,8.3233
1.45,2.1104,0.077373,-0.032884,-0.0028035,8.3244
1.4501,2.1104,0.077372,-0.032902,-0.0028062,8.3192
1.4501,2.1104,0.077372,-0.03291,-0.0028109,8.316
1.4502,2.1104,0.077372,-0.032905,-0.0028254,8.3213
1.4502,2.1104,0.077372,-0.032897,-0.0028456,8.3131
1.4503,2.1104,0.077372,-0.032882,-0.0028692,8.3147
1.4503,2.1104,0.077372,-0.032871,-0.0028942,8.3227
1.4504,2.1104,0.077372,-0.032866,-0.0029141,8.3311
1.4504,2.1104,0.077371,-0.032862,-0.0029323,8.328
1.4505,2.1104,0.077371,-0.032863,-0.0029512,8.3326
1.4505,2.1104,0.077371,-0.03286,-0.0029729,8.3357
1.4506,2.1104,0.077371,-0.032851,-0.0030038,8.3233
1.4506,2.1104,0.077371,-0.03284,-0.0030436,8.3297
1.4507,2.1104,0.077371,-0.032824,-0.0030951,8.3272
1.4507,2.1104,0.07737,-0.032806,-0.0031647,8.3158
1.4508,2.1104,0.07737,-0.032778,-0.0032188,8.3202
1.4508,2.1104,0.07737,-0.032751,-0.0032394,8.3277
1.4509,2.1104,0.07737,-0.032732,-0.0031996,8.3195
1.4509,2.1104,0.07737,-0.032722,-0.0031155,8.3168
1.451,2.1104,0.07737,-0.032713,-0.0030033,8.3258
1.4511,2.1104,0.077369,-0.032707,-0.0028913,8.3225
1.4511,2.1104,0.077369,-0.032702,-0.00281,8.311
1.4512,2.1104,0.077369,-0.032693,-0.0027842,8.3131
1.4512,2.1104,0.077369,-0.032673,-0.0027926,8.3145
1.4513,2.1104,0.077369,-0.032651,-0.0028059,8.3028
1.4513,2.1104,0.077369,-0.032626,-0.0028403,8.3113
1.4514,2.1103,0.077369,-0.0326,-0.002892,8.3222
1.4514,2.1103,0.077368,-0.032567,-0.0029343,8.3175
1.4515,2.1103,0.077368,-0.032532,-0.0030022,8.3264
1.4515,2.1103,0.077368,-0.032499,-0.0030675,8.3295
1.4516,2.1103,0.077368,-0.032464,-0.003157,8.3183
1.4516,2.1103,0.077368,-0.032428,-0.0032457,8.3235
1.4517,2.1103,0.077368,-0.032389,-0.0033167,8.3295
1.4517,2.1103,0.077367,-0.032348,-0.0033957,8.3225
1.4518,2.1103,0.077367,-0.032307,-0.0034448,8.3119
1.4518,2.1103,0.077367,-0.032262,-0.0034391,8.3329
1.4519,2.1103,0.077367,-0.032214,-0.0034496,8.3308
1.4519,2.1103,0.077367,-0.032166,-0.0034378,8.3246
1.452,2.1103,0.077367,-0.032117,-0.0034644,8.343
1.4521,2.1103,0.077366,-0.032066,-0.0035372,8.3444
1.4521,2.1103,0.077366,-0.032014,-0.003639,8.3322
1.4522,2.1103,0.077366,-0.031964,-0.0037473,8.339
1.4522,2.1103,0.077366,-0.031914,-0.0038205,8.3439
1.4523,2.1103,0.077366,-0.031861,-0.0038678,8.3275
1.4523,2.1103,0.077365,-0.031808,-0.0039283,8.3372
1.4524,2.1103,0.077365,-0.031755,-0.0039848,8.3433
1.4524,2.1103,0.077365,-0.031701,-0.0040872,8.3405
1.4525,2.1103,0.077365,-0.031642,-0.0042246,8.3379
1.4525,2.1103,0.077364,-0.031579,-0.0043551,8.3467
1.4526,2.1103,0.077364,-0.031514,-0.0044333,8.3368
1.4526,2.1103,0.077364,-0.031448,-0.0044589,8.3301
1.4527,2.1103,0.077364,-0.031381,-0.0044891,8.3334
1.4527,2.1103,0.077364,-0.031313,-0.0045058,8.3313
1.4528,2.1103,0.077363,-0.031245,-0.0045527,8.3226
1.4528,2.1103,0.077363,-0.031173,-0.0046192,8.3374
1.4529,2.1103,0.077363,-0.031096,-0.0047042,8.3448
1.4529,2.1103,0.077363,-0.031017,-0.0047819,8.3369
1.453,2.1103,0.077362,-0.03094,-0.0048214,8.3405
1.4531,2.1103,0.077362,-0.030863,-0.0048439,8.3565
1.4531,2.1103,0.077362,-0.030794,-0.0048603,8.3394
1.4532,2.1103,0.077361,-0.030728,-0.0048433,8.3461
1.4532,2.1103,0.077361,-0.030664,-0.0048255,8.3483
1.4533,2.1103,0.077361,-0.030603,-0.0047863,8.3381
1.4533,2.1103,0.077361,-0.030545,-0.0047815,8.3212
1.4534,2.1103,0.07736,-0.030486,-0.0047542,8.3241
1.4534,2.1103,0.07736,-0.030425,-0.004707,8.3187
1.4535,2.1103,0.07736,-0.030358,-0.0046473,8.3123
1.4535,2.1103,0.07736,-0.030295,-0.0045848,8.3202
1.4536,2.1103,0.07736,-0.030229,-0.0045253,8.3139
1.4536,2.1103,0.077359,-0.03016,-0.0044736,8.2988
1.4537,2.1103,0.077359,-0.030095,-0.0044405,8.3022
1.4537,2.1103,0.077359,-0.030032,-0.004437,8.3002
1.4538,2.1103,0.077359,-0.029967,-0.0044225,8.2879
1.4538,2.1103,0.077358,-0.029902,-0.004396,8.292
1.4539,2.1103,0.077358,-0.029838,-0.0043852,8.2994
1.4539,2.1103,0.077358,-0.029776,-0.0044224,8.2979
1.454,2.1103,0.077358,-0.029712,-0.0044884,8.2964
1.4541,2.1103,0.077357,-0.029648,-0.0045673,8.3066
1.4541,2.1103,0.077357,-0.029588,-0.0046279,8.2994
1.4542,2.1103,0.077357,-0.029531,-0.0046961,8.2948
1.4542,2.1103,0.077357,-0.029472,-0.0047518,8.3066
1.4543,2.1103,0.077356,-0.029417,-0.0047636,8.3002
1.4543,2.1103,0.077356,-0.029367,-0.0047783,8.2926
1.4544,2.1103,0.077356,-0.029315,-0.0048454,8.2996
1.4544,2.1103,0.077356,-0.029261,-0.0049147,8.2991
1.4545,2.1103,0.077355,-0.029205,-0.0050068,8.2965
1.4545,2.1103,0.077355,-0.029149,-0.0050858,8.3017
1.4546,2.1103,0.077355,-0.029092,-0.0051724,8.3073
1.4546,2.1102,0.077355,-0.029032,-0.0052332,8.3011
1.4547,2.1102,0.077354,-0.028972,-0.0052365,8.3048
1.4547,2.1102,0.077354,-0.028916,-0.0052458,8.3102
1.4548,2.1102,0.077354,-0.028858,-0.0052708,8.3032
1.4548,2.1102,0.077353,-0.028799,-0.0052803,8.3007
1.4549,2.1102,0.077353,-0.028736,-0.0053098,8.3087
1.4549,2.1102,0.077353,-0.028669,-0.0053161,8.309
1.455,2.1102,0.077353,-0.028603,-0.005335,8.2996
1.4551,2.1102,0.077352,-0.02854,-0.0053562,8.3106
1.4551,2.1102,0.077352,-0.028485,-0.0053644,8.308
1.4552,2.1102,0.077352,-0.028434,-0.0053944,8.2962
1.4552,2.1102,0.077351,-0.028385,-0.0054227,8.3083
1.4553,2.1102,0.077351,-0.028334,-0.0054416,8.3079
1.4553,2.1102,0.077351,-0.028276,-0.005434,8.292
1.4554,2.1102,0.077351,-0.028211,-0.0054291,8.2988
1.4554,2.1102,0.07735,-0.028142,-0.005477,8.3189
1.4555,2.1102,0.07735,-0.028074,-0.0054982,8.3118
1.4555,2.1102,0.07735,-0.02801,-0.0055264,8.3191
1.4556,2.1102,0.077349,-0.027946,-0.0055715,8.3245
1.4556,2.1102,0.077349,-0.027883,-0.0055998,8.3201
1.4557,2.1102,0.077349,-0.027821,-0.0055686,8.324
1.4557,2.1102,0.077349,-0.02776,-0.0054888,8.3301
1.4558,2.1102,0.077348,-0.027701,-0.0054111,8.3317
1.4558,2.1102,0.077348,-0.027642,-0.005353,8.3212
1.4559,2.1102,0.077348,-0.02758,-0.0052375,8.3314
1.4559,2.1102,0.077347,-0.027511,-0.0051425,8.339
1.456,2.1102,0.077347,-0.027435,-0.0050778,8.3336
1.4561,2.1102,0.077347,-0.027356,-0.0050351,8.3383
1.4561,2.1102,0.077347,-0.02728,-0.0049536,8.3384
1.4562,2.1102,0.077346,-0.027214,-0.0048836,8.3345
1.4562,2.1102,0.077346,-0.027156,-0.0047933,8.3391
1.4563,2.1102,0.077346,-0.027105,-0.0047061,8.3425
1.4563,2.1102,0.077346,-0.027053,-0.004594,8.3389
1.4564,2.1102,0.077345,-0.026997,-0.0044879,8.3339
1.4564,2.1102,0.077345,-0.026939,-0.0043917,8.3433
1.4565,2.1102,0.077345,-0.026881,-0.0043439,8.3398
1.4565,2.1102,0.077345,-0.026831,-0.0043389,8.3305
1.4566,2.1102,0.077345,-0.026793,-0.0043827,8.3411
1.4566,2.1102,0.077344,-0.026762,-0.004421,8.3488
1.4567,2.1102,0.077344,-0.026737,-0.0044408,8.3371
1.4567,2.1102,0.077344,-0.026715,-0.0044674,8.3412
1.4568,2.1102,0.077344,-0.026693,-0.004467,8.3406
1.4568,2.1102,0.077343,-0.02667,-0.0044461,8.3328
1.4569,2.1102,0.077343,-0.02665,-0.0044449,8.338
1.4569,2.1102,0.077343,-0.026629,-0.0044885,8.3529
1.457,2.1102,0.077343,-0.026605,-0.0045684,8.346
1.4571,2.1102,0.077342,-0.026581,-0.0046411,8.3481
1.4571,2.1102,0.077342,-0.026554,-0.0046989,8.3651
1.4572,2.1102,0.077342,-0.026525,-0.004769,8.364
1.4572,2.1102,0.077342,-0.026495,-0.0048182,8.3681
1.4573,2.1102,0.077341,-0.026461,-0.0048835,8.3744
1.4573,2.1102,0.077341,-0.026428,-0.0049266,8.3667
1.4574,2.1102,0.077341,-0.026391,-0.0049586,8.3602
1.4574,2.1102,0.077341,-0.026345,-0.0049907,8.3738
1.4575,2.1102,0.07734,-0.026307,-0.0049945,8.3776
1.4575,2.1102,0.07734,-0.026267,-0.0049939,8.364
1.4576,2.1102,0.07734,-0.026228,-0.0049981,8.3688
1.4576,2.1102,0.07734,-0.026191,-0.0050321,8.3783
1.4577,2.1102,0.077339,-0.026151,-0.0050676,8.3664
1.4577,2.1102,0.077339,-0.026111,-0.0050705,8.3662
1.4578,2.1102,0.077339,-0.026071,-0.0050658,8.3677
1.4578,2.1102,0.077339,-0.026031,-0.0050574,8.3632
1.4579,2.1102,0.077338,-0.026003,-0.0050484,8.3582
1.4579,2.1102,0.077338,-0.025981,-0.0050415,8.3676
1.458,2.1102,0.077338,-0.025957,-0.0050441,8.3669
1.4581,2.1102,0.077337,-0.025932,-0.0050621,8.3651
1.4581,2.1102,0.077337,-0.025913,-0.0050574,8.3785
1.4582,2.1102,0.077337,-0.025886,-0.0050468,8.3784
1.4582,2.1102,0.077337,-0.025861,-0.0050331,8.375
1.4583,2.1102,0.077336,-0.025829,-0.0050149,8.3772
1.4583,2.1101,0.077336,-0.025795,-0.0049922,8.3785
1.4584,2.1101,0.077336,-0.025773,-0.0049651,8.3694
1.4584,2.1101,0.077336,-0.025744,-0.0049321,8.3751
1.4585,2.1101,0.077335,-0.025723,-0.0048975,8.3839
1.4585,2.1101,0.077335,-0.025712,-0.0048608,8.377
1.4586,2.1101,0.077335,-0.025685,-0.0048215,8.3868
1.4586,2.1101,0.077335,-0.025659,-0.0047787,8.3954
1.4587,2.1101,0.077334,-0.025627,-0.0047318,8.3916
1.4587,2.1101,0.077334,-0.025601,-0.0046801,8.3939
1.4588,2.1101,0.077334,-0.025596,-0.0046228,8.3994
1.4588,2.1101,0.077334,-0.025592,-0.004559,8.3888
1.4589,2.1101,0.077333,-0.025595,-0.0044932,8.3843
1.4589,2.1101,0.077333,-0.0256,-0.0044239,8.3877
1.459,2.1101,0.077333,-0.025603,-0.0043511,8.3878
1.4591,2.1101,0.077333,-0.025598,-0.004275,8.3781
1.4591,2.1101,0.077332,-0.025593,-0.0041957,8.3809
1.4592,2.1101,0.077332,-0.025596,-0.0041117,8.3933
1.4592,2.1101,0.077332,-0.025606,-0.0040256,8.3756
1.4593,2.1101,0.077332,-0.025621,-0.0039394,8.3734
1.4593,2.1101,0.077332,-0.025638,-0.0038542,8.3815
1.4594,2.1101,0.077331,-0.025654,-0.0037708,8.3644
1.4594,2.1101,0.077331,-0.025661,-0.0036891,8.3582
1.4595,2.1101,0.077331,-0.025656,-0.0036083,8.365
1.4595,2.1101,0.077331,-0.025645,-0.0035287,8.3567
1.4596,2.1101,0.077331,-0.02563,-0.0034438,8.355
1.4596,2.1101,0.07733,-0.025611,-0.003356,8.3703
1.4597,2.1101,0.07733,-0.025597,-0.0032659,8.3658
1.4597,2.1101,0.07733,-0.025582,-0.0031745,8.3575
1.4598,2.1101,0.07733,-0.025564,-0.0030826,8.366
1.4598,2.1101,0.07733,-0.02554,-0.0029911,8.3697
1.4599,2.1101,0.07733,-0.025524,-0.0029009,8.3601
1.4599,2.1101,0.07733,-0.025512,-0.0028114,8.3667
1.46,2.1101,0.077329,-0.025497,-0.0027227,8.3709
1.4601,2.1101,0.077329,-0.02549,-0.0026372,8.3677
1.4601,2.1101,0.077329,-0.025493,-0.0025499,8.3761
1.4602,2.1101,0.077329,-0.025499,-0.002462,8.3835
1.4602,2.1101,0.077329,-0.025509,-0.0023692,8.3842
1.4603,2.1101,0.077329,-0.025525,-0.002272,8.3761
1.4603,2.1101,0.077329,-0.025544,-0.0021729,8.3843
1.4604,2.1101,0.077329,-0.025564,-0.0020688,8.38
1.4604,2.1101,0.077328,-0.025577,-0.0019805,8.3702
1.4605,2.1101,0.077328,-0.025589,-0.0018719,8.3745
1.4605,2.1101,0.077328,-0.025596,-0.0017456,8.3721
1.4606,2.1101,0.077328,-0.025597,-0.0016087,8.3632
1.4606,2.1101,0.077328,-0.025592,-0.001483,8.3657
1.4607,2.1101,0.077328,-0.025589,-0.0013372,8.3692
1.4607,2.1101,0.077328,-0.025587,-0.0011844,8.3592
1.4608,2.1101,0.077328,-0.025589,-0.0010317,8.3619
1.4608,2.1101,0.077328,-0.02559,-0.00089556,8.3668
1.4609,2.1101,0.077328,-0.025587,-0.00075034,8.356
1.4609,2.1101,0.077328,-0.025578,-0.0006207,8.3514
1.461,2.1101,0.077328,-0.025567,-0.00051264,8.3546
1.4611,2.1101,0.077328,-0.025554,-0.00043662,8.3446
1.4611,2.1101,0.077328,-0.025548,-0.00034967,8.3433
1.4612,2.1101,0.077328,-0.02555,-0.00026247,8.3538
1.4612,2.1101,0.077328,-0.025557,-0.00018737,8.3606
1.4613,2.1101,0.077328,-0.025571,-8.2491e-05,8.3541
1.4613,2.1101,0.077328,-0.025589,4.6501e-05,8.3657
1.4614,2.1101,0.077328,-0.025607,0.00017409,8.3684
1.4614,2.1101,0.077328,-0.025622,0.00033274,8.363
1.4615,2.1101,0.077328,-0.025636,0.0004914,8.3667
1.4615,2.1101,0.077328,-0.025648,0.00067839,8.3743
1.4616,2.1101,0.077328,-0.025661,0.00087136,8.3705
1.4616,2.1101,0.077328,-0.025672,0.0010469,8.376
1.4617,2.1101,0.077328,-0.025682,0.0012325,8.3898
1.4617,2.1101,0.077328,-0.025692,0.0014015,8.3871
1.4618,2.1101,0.077328,-0.0257,0.0015067,8.3878
1.4618,2.1101,0.077328,-0.025708,0.0016559,8.4001
1.4619,2.1101,0.077328,-0.025718,0.0017971,8.39
1.4619,2.1101,0.077328,-0.025725,0.0019817,8.384
1.462,2.1101,0.077328,-0.025727,0.0022174,8.3853
1.4621,2.1101,0.077329,-0.025721,0.0024777,8.3897
1.4621,2.1101,0.077329,-0.025709,0.002735,8.3774
1.4622,2.1101,0.077329,-0.025691,0.0029447,8.3902
1.4622,2.11,0.077329,-0.025669,0.0031062,8.3953
1.4623,2.11,0.077329,-0.025646,0.0032989,8.3814
1.4623,2.11,0.077329,-0.025622,0.0034885,8.3902
1.4624,2.11,0.07733,-0.025598,0.0037243,8.3914
1.4624,2.11,0.07733,-0.025582,0.0040086,8.3776
1.4625,2.11,0.07733,-0.025575,0.0042992,8.3793
1.4625,2.11,0.07733,-0.025579,0.0045476,8.3894
1.4626,2.11,0.077331,-0.025586,0.0047477,8.3882
1.4626,2.11,0.077331,-0.025594,0.0049531,8.3859
1.4627,2.11,0.077331,-0.025601,0.0051446,8.3967
1.4627,2.11,0.077331,-0.025605,0.0053657,8.4027
1.4628,2.11,0.077332,-0.025613,0.0056071,8.401
1.4628,2.11,0.077332,-0.025627,0.0058741,8.408
1.4629,2.11,0.077332,-0.025645,0.0061401,8.4074
1.4629,2.11,0.077333,-0.025666,0.0063577,8.4075
1.463,2.11,0.077333,-0.025681,0.0065839,8.4093
1.4631,2.11,0.077333,-0.025687,0.0068201,8.4154
1.4631,2.11,0.077334,-0.025697,0.0070292,8.4029
1.4632,2.11,0.077334,-0.025712,0.0072347,8.4045
1.4632,2.11,0.077334,-0.025731,0.0074072,8.4125
1.4633,2.11,0.077335,-0.025744,0.0075787,8.4083
1.4633,2.11,0.077335,-0.025764,0.0077286,8.397
1.4634,2.11,0.077336,-0.025785,0.007851,8.4095
1.4634,2.11,0.077336,-0.025802,0.007985,8.4031
1.4635,2.11,0.077337,-0.025811,0.0081155,8.3934
1.4635,2.11,0.077337,-0.025821,0.0082424,8.3941
1.4636,2.11,0.077337,-0.025829,0.0083654,8.3981
1.4636,2.11,0.077338,-0.025826,0.0084703,8.3874
1.4637,2.11,0.077338,-0.02581,0.0085955,8.3865
1.4637,2.11,0.077339,-0.025795,0.008733,8.3937
1.4638,2.11,0.077339,-0.025779,0.00886,8.3882
1.4638,2.11,0.07734,-0.025762,0.0089933,8.3916
1.4639,2.11,0.07734,-0.025744,0.0091593,8.3983
1.4639,2.11,0.077341,-0.025728,0.0093392,8.3791
1.464,2.11,0.077341,-0.025716,0.009514,8.3792
1.4641,2.11,0.077342,-0.025701,0.0096491,8.3878
1.4641,2.11,0.077342,-0.025685,0.0098087,8.3847
1.4642,2.11,0.077343,-0.025669,0.0099567,8.3791
1.4642,2.11,0.077343,-0.025652,0.010056,8.3946
1.4643,2.11,0.077344,-0.025633,0.010155,8.3954
1.4643,2.11,0.077344,-0.025611,0.010305,8.3899
1.4644,2.11,0.077345,-0.025591,0.010442,8.4032
1.4644,2.11,0.077345,-0.025581,0.010624,8.3924
1.4645,2.11,0.077346,-0.025585,0.010815,8.3872
1.4645,2.11,0.077347,-0.025602,0.011026,8.3882
1.4646,2.11,0.077347,-0.02563,0.011213,8.3843
1.4646,2.11,0.077348,-0.025664,0.011331,8.3663
1.4647,2.11,0.077348,-0.025699,0.011437,8.3638
1.4647,2.11,0.077349,-0.025728,0.011536,8.3728
1.4648,2.11,0.07735,-0.025753,0.011592,8.3603
1.4648,2.11,0.07735,-0.025776,0.011676,8.351
1.4649,2.11,0.077351,-0.0258,0.011739,8.3599
1.4649,2.11,0.077351,-0.02582,0.011811,8.3516
1.465,2.11,0.077352,-0.025832,0.011878,8.342
1.4651,2.11,0.077353,-0.025832,0.011928,8.3453
1.4651,2.11,0.077353,-0.025823,0.011991,8.3474
1.4652,2.11,0.077354,-0.025809,0.012046,8.3324
1.4652,2.11,0.077355,-0.025793,0.012087,8.3418
1.4653,2.11,0.077355,-0.02578,0.01209,8.3463
1.4653,2.11,0.077356,-0.025772,0.012086,8.3324
1.4654,2.11,0.077357,-0.025766,0.012108,8.3401
1.4654,2.11,0.077357,-0.025757,0.01212,8.348
1.4655,2.11,0.077358,-0.025743,0.012156,8.3455
1.4655,2.11,0.077358,-0.025726,0.012201,8.3404
1.4656,2.11,0.077359,-0.025707,0.012243,8.3516
1.4656,2.11,0.07736,-0.025684,0.012266,8.3473
1.4657,2.11,0.07736,-0.02566,0.012241,8.3411
1.4657,2.11,0.077361,-0.025633,0.012239,8.3571
1.4658,2.11,0.077362,-0.025604,0.012231,8.3615
1.4658,2.11,0.077362,-0.025573,0.012203,8.3548
1.4659,2.11,0.077363,-0.02554,0.012187,8.3646
1.4659,2.11,0.077364,-0.025505,0.012162,8.3701
1.466,2.11,0.077364,-0.025467,0.01212,8.3561
1.4661,2.11,0.077365,-0.025427,0.012054,8.3544
1.4661,2.1099,0.077365,-0.025386,0.011956,8.3478
1.4662,2.1099,0.077366,-0.025344,0.011863,8.3416
1.4662,2.1099,0.077367,-0.025297,0.011763,8.3407
1.4663,2.1099,0.077367,-0.025241,0.011654,8.3405
1.4663,2.1099,0.077368,-0.025176,0.011537,8.3345
1.4664,2.1099,0.077369,-0.025109,0.011397,8.3349
1.4664,2.1099,0.077369,-0.02504,0.011258,8.3391
1.4665,2.1099,0.07737,-0.024969,0.011153,8.3269
1.4665,2.1099,0.07737,-0.024897,0.01107,8.3226
1.4666,2.1099,0.077371,-0.024823,0.010995,8.3271
1.4666,2.1099,0.077371,-0.024742,0.010902,8.3248
1.4667,2.1099,0.077372,-0.024651,0.010814,8.314
1.4667,2.1099,0.077373,-0.024555,0.010695,8.3283
1.4668,2.1099,0.077373,-0.02446,0.010548,8.3391
1.4668,2.1099,0.077374,-0.024358,0.010416,8.3303
1.4669,2.1099,0.077374,-0.024257,0.010327,8.3332
1.4669,2.1099,0.077375,-0.024156,0.01028,8.3518
1.467,2.1099,0.077375,-0.024051,0.010228,8.3396
1.4671,2.1099,0.077376,-0.023949,0.010158,8.3468
1.4671,2.1099,0.077376,-0.023845,0.0101,8.3563
1.4672,2.1099,0.077377,-0.023741,0.010022,8.3465
1.4672,2.1099,0.077377,-0.02364,0.0099444,8.3426
1.4673,2.1099,0.077378,-0.023537,0.0098746,8.3598
1.4673,2.1099,0.077378,-0.02344,0.0098205,8.3572
1.4674,2.1099,0.077379,-0.023351,0.0097901,8.3451
1.4674,2.1099,0.077379,-0.023259,0.009745,8.3556
1.4675,2.1099,0.07738,-0.023169,0.0096993,8.3502
1.4675,2.1099,0.077381,-0.023073,0.0096531,8.3379
1.4676,2.1099,0.077381,-0.022975,0.0096215,8.336
1.4676,2.1099,0.077382,-0.022875,0.0095511,8.3409
1.4677,2.1099,0.077382,-0.022774,0.0094865,8.3263
1.4677,2.1099,0.077383,-0.022674,0.0094258,8.3248
1.4678,2.1099,0.077383,-0.022579,0.0093679,8.3316
1.4678,2.1099,0.077384,-0.022481,0.0093126,8.3206
1.4679,2.1099,0.077384,-0.022384,0.0092601,8.3235
1.4679,2.1099,0.077384,-0.022289,0.0092115,8.3371
1.468,2.1099,0.077385,-0.022192,0.0091686,8.3266
1.4681,2.1099,0.077385,-0.022093,0.0090869,8.3219
1.4681,2.1099,0.077386,-0.021994,0.0090197,8.3329
1.4682,2.1099,0.077386,-0.021893,0.008952,8.3363
1.4682,2.1099,0.077387,-0.021789,0.0088839,8.3252
1.4683,2.1099,0.077387,-0.021686,0.0088156,8.3404
1.4683,2.1099,0.077388,-0.021583,0.008733,8.3525
1.4684,2.1099,0.077388,-0.02148,0.0086746,8.3475
1.4684,2.1099,0.077389,-0.021375,0.0086327,8.3564
1.4685,2.1099,0.077389,-0.021268,0.0085993,8.3711
1.4685,2.1099,0.07739,-0.021163,0.0085672,8.3605
1.4686,2.1099,0.07739,-0.021059,0.008515,8.3624
1.4686,2.1099,0.07739,-0.020954,0.0084748,8.3708
1.4687,2.1099,0.077391,-0.020851,0.0084322,8.3724
1.4687,2.1099,0.077391,-0.020745,0.0083738,8.3631
1.4688,2.1099,0.077392,-0.020638,0.0083313,8.3787
1.4688,2.1099,0.077392,-0.02053,0.0082829,8.3727
1.4689,2.1099,0.077393,-0.020423,0.0082079,8.3638
1.4689,2.1099,0.077393,-0.020318,0.0081386,8.3662
1.469,2.1099,0.077394,-0.020218,0.0080614,8.369
1.4691,2.1099,0.077394,-0.02012,0.0080077,8.3589
1.4691,2.1099,0.077394,-0.020022,0.0079537,8.3626
1.4692,2.1099,0.077395,-0.019925,0.0078969,8.3658
1.4692,2.1099,0.077395,-0.019829,0.00783,8.3539
1.4693,2.1099,0.077396,-0.019733,0.0077304,8.3523
1.4693,2.1099,0.077396,-0.019638,0.0076187,8.3611
1.4694,2.1099,0.077396,-0.019545,0.0075674,8.355
1.4694,2.1099,0.077397,-0.019457,0.0075432,8.3532
1.4695,2.1099,0.077397,-0.019376,0.007529,8.3625
1.4695,2.1099,0.077398,-0.019288,0.0075081,8.3637
1.4696,2.1099,0.077398,-0.019198,0.0074543,8.3628
1.4696,2.1099,0.077398,-0.019107,0.0073807,8.3703
1.4697,2.1099,0.077399,-0.019023,0.0073037,8.3725
1.4697,2.1099,0.077399,-0.018934,0.0072281,8.3631
1.4698,2.1099,0.0774,-0.018842,0.0072078,8.3756
1.4698,2.1099,0.0774,-0.018758,0.0071866,8.3778
1.4699,2.1099,0.0774,-0.018675,0.0071829,8.3731
1.4699,2.1099,0.077401,-0.018578,0.0071706,8.374
1.47,2.1099,0.077401,-0.018476,0.0071043,8.3864
1.4701,2.1099,0.077401,-0.018359,0.0070327,8.3727
1.4701,2.1099,0.077402,-0.018246,0.0069811,8.3642
1.4702,2.1099,0.077402,-0.018131,0.0069459,8.3674
1.4702,2.1099,0.077402,-0.018023,0.0069215,8.3489
1.4703,2.1099,0.077403,-0.017932,0.006887,8.3406
1.4703,2.1099,0.077403,-0.017846,0.0068943,8.3426
1.4704,2.1099,0.077404,-0.017769,0.0069092,8.3391
1.4704,2.1099,0.077404,-0.017698,0.0068415,8.3281
1.4705,2.1099,0.077404,-0.017629,0.0067386,8.3345
1.4705,2.1099,0.077405,-0.017565,0.0066385,8.3335
1.4706,2.1099,0.077405,-0.017509,0.0065471,8.3199
1.4706,2.1099,0.077405,-0.017452,0.0064232,8.3253
1.4707,2.1099,0.077406,-0.017395,0.0062781,8.3186
1.4707,2.1099,0.077406,-0.017336,0.0061709,8.3063
1.4708,2.1098,0.077406,-0.017279,0.0060602,8.3011
1.4708,2.1098,0.077407,-0.017226,0.0059188,8.3097
1.4709,2.1098,0.077407,-0.017182,0.0058049,8.3023
1.4709,2.1098,0.077407,-0.017144,0.0057409,8.3053
1.471,2.1098,0.077408,-0.017111,0.0057093,8.3212
1.4711,2.1098,0.077408,-0.017072,0.0056943,8.3109
1.4711,2.1098,0.077408,-0.017027,0.0056749,8.3061
1.4712,2.1098,0.077408,-0.016977,0.0056871,8.3164
1.4712,2.1098,0.077409,-0.016922,0.0056542,8.3147
1.4713,2.1098,0.077409,-0.01686,0.0055993,8.3059
1.4713,2.1098,0.077409,-0.016808,0.0055433,8.3209
1.4714,2.1098,0.07741,-0.016768,0.005454,8.3268
1.4714,2.1098,0.07741,-0.016732,0.0053516,8.3208
1.4715,2.1098,0.07741,-0.016695,0.0052502,8.336
1.4715,2.1098,0.07741,-0.016654,0.0051775,8.3436
1.4716,2.1098,0.077411,-0.01661,0.0051221,8.3304
1.4716,2.1098,0.077411,-0.01656,0.0050207,8.3331
1.4717,2.1098,0.077411,-0.016502,0.0049197,8.3355
1.4717,2.1098,0.077411,-0.016445,0.0048311,8.325
1.4718,2.1098,0.077412,-0.016392,0.0046598,8.318
1.4718,2.1098,0.077412,-0.016345,0.0044601,8.3261
1.4719,2.1098,0.077412,-0.016317,0.0042645,8.3222
1.4719,2.1098,0.077412,-0.016301,0.00412,8.3149
1.472,2.1098,0.077413,-0.016294,0.0039753,8.3229
1.4721,2.1098,0.077413,-0.016292,0.0038484,8.3274
1.4721,2.1098,0.077413,-0.016284,0.0037575,8.3234
1.4722,2.1098,0.077413,-0.01626,0.0036682,8.331
1.4722,2.1098,0.077413,-0.016223,0.003516,8.3309
1.4723,2.1098,0.077414,-0.016184,0.003321,8.3228
1.4723,2.1098,0.077414,-0.016151,0.0031196,8.3245
1.4724,2.1098,0.077414,-0.016111,0.0029461,8.3368
1.4724,2.1098,0.077414,-0.016073,0.0027884,8.3324
1.4725,2.1098,0.077414,-0.016035,0.0026873,8.3339
1.4725,2.1098,0.077414,-0.015995,0.002622,8.3418
1.4726,2.1098,0.077414,-0.01595,0.0025806,8.3478
1.4726,2.1098,0.077415,-0.015901,0.002559,8.3482
1.4727,2.1098,0.077415,-0.015857,0.0025086,8.3549
1.4727,2.1098,0.077415,-0.015813,0.0024281,8.3572
1.4728,2.1098,0.077415,-0.015768,0.0022946,8.3536
1.4728,2.1098,0.077415,-0.015725,0.0021455,8.3633
1.4729,2.1098,0.077415,-0.015697,0.001979,8.374
1.4729,2.1098,0.077415,-0.015675,0.0017991,8.3688
1.473,2.1098,0.077415,-0.015673,0.0016004,8.3772
1.4731,2.1098,0.077415,-0.015677,0.0014375,8.3957
1.4731,2.1098,0.077415,-0.015685,0.0012799,8.3846
1.4732,2.1098,0.077416,-0.015686,0.0010994,8.3843
1.4732,2.1098,0.077416,-0.015682,0.00090821,8.3854
1.4733,2.1098,0.077416,-0.015659,0.00075633,8.3763
1.4733,2.1098,0.077416,-0.015631,0.00063314,8.3659
1.4734,2.1098,0.077416,-0.015598,0.00054861,8.3738
1.4734,2.1098,0.077416,-0.015583,0.00046614,8.3689
1.4735,2.1098,0.077416,-0.015579,0.00039643,8.3624
1.4735,2.1098,0.077416,-0.015594,0.00029749,8.3717
1.4736,2.1098,0.077416,-0.015614,0.00015873,8.3753
1.4736,2.1098,0.077416,-0.015651,-3.8439e-05,8.3637
1.4737,2.1098,0.077416,-0.015689,-0.00027605,8.3734
1.4737,2.1098,0.077416,-0.015729,-0.00052958,8.3709
1.4738,2.1098,0.077416,-0.015772,-0.00076829,8.3617
1.4738,2.1098,0.077416,-0.015822,-0.0010003,8.3659
1.4739,2.1098,0.077416,-0.015871,-0.0012324,8.3755
1.4739,2.1098,0.077415,-0.015925,-0.0014327,8.369
1.474,2.1098,0.077415,-0.015967,-0.0015766,8.3749
1.4741,2.1098,0.077415,-0.016007,-0.0016798,8.3885
1.4741,2.1098,0.077415,-0.016042,-0.0017654,8.3938
1.4742,2.1098,0.077415,-0.016075,-0.0018308,8.3852
1.4742,2.1098,0.077415,-0.016109,-0.0018804,8.4038
1.4743,2.1098,0.077415,-0.016154,-0.0019253,8.3974
1.4743,2.1098,0.077415,-0.016195,-0.0019676,8.3939
1.4744,2.1098,0.077415,-0.016242,-0.0020248,8.4005
1.4744,2.1098,0.077415,-0.01628,-0.0020849,8.4041
1.4745,2.1098,0.077414,-0.016307,-0.0021214,8.3984
1.4745,2.1098,0.077414,-0.016324,-0.0021914,8.404
1.4746,2.1098,0.077414,-0.016331,-0.0022893,8.4107
1.4746,2.1098,0.077414,-0.016334,-0.0024308,8.4049
1.4747,2.1098,0.077414,-0.016339,-0.002571,8.4028
1.4747,2.1098,0.077414,-0.016341,-0.0027184,8.4059
1.4748,2.1098,0.077414,-0.016347,-0.0028827,8.3962
1.4748,2.1098,0.077414,-0.016351,-0.0030082,8.3933
1.4749,2.1098,0.077413,-0.01636,-0.0031075,8.3992
1.4749,2.1098,0.077413,-0.016372,-0.0031928,8.3871
1.475,2.1098,0.077413,-0.016385,-0.0032684,8.3771
1.4751,2.1098,0.077413,-0.016403,-0.0033448,8.3915
1.4751,2.1098,0.077413,-0.016421,-0.0033945,8.3923
1.4752,2.1098,0.077412,-0.016441,-0.0034499,8.3802
1.4752,2.1098,0.077412,-0.016463,-0.0034896,8.3974
1.4753,2.1098,0.077412,-0.01649,-0.0035076,8.3925
1.4753,2.1098,0.077412,-0.01652,-0.0035429,8.389
1.4754,2.1098,0.077412,-0.01655,-0.0035803,8.3944
1.4754,2.1098,0.077412,-0.016581,-0.0036196,8.4054
1.4755,2.1098,0.077411,-0.016614,-0.0036607,8.3943
1.4755,2.1098,0.077411,-0.01664,-0.0037036,8.3993
1.4756,2.1098,0.077411,-0.01666,-0.0037481,8.415
1.4756,2.1098,0.077411,-0.016677,-0.0037942,8.4151
1.4757,2.1098,0.077411,-0.016692,-0.0038418,8.4042
1.4757,2.1098,0.07741,-0.016701,-0.0038765,8.4166
1.4758,2.1098,0.07741,-0.016708,-0.0039229,8.4084
1.4758,2.1098,0.07741,-0.016716,-0.0040113,8.398
1.4759,2.1098,0.07741,-0.016727,-0.0041259,8.3973
1.4759,2.1098,0.07741,-0.016746,-0.0042516,8.3997
1.476,2.1098,0.077409,-0.016769,-0.0043757,8.3898
1.4761,2.1098,0.077409,-0.016795,-0.0044662,8.3891
1.4761,2.1098,0.077409,-0.016821,-0.0045497,8.3952
1.4762,2.1098,0.077409,-0.016844,-0.004607,8.3852
1.4762,2.1098,0.077408,-0.016863,-0.0046645,8.3861
1.4763,2.1098,0.077408,-0.016874,-0.0047398,8.3896
1.4763,2.1098,0.077408,-0.016885,-0.0047973,8.3785
1.4764,2.1098,0.077408,-0.016899,-0.0048697,8.374
1.4764,2.1098,0.077407,-0.016914,-0.0049433,8.3812
1.4765,2.1098,0.077407,-0.016929,-0.005,8.3775
1.4765,2.1098,0.077407,-0.016942,-0.0050734,8.3624
1.4766,2.1098,0.077407,-0.016957,-0.0051416,8.373
1.4766,2.1098,0.077406,-0.01698,-0.005198,8.3792
1.4767,2.1098,0.077406,-0.017008,-0.0052363,8.3765
1.4767,2.1098,0.077406,-0.017038,-0.0052508,8.3843
1.4768,2.1098,0.077405,-0.017068,-0.0052804,8.3888
1.4768,2.1098,0.077405,-0.017095,-0.00531,8.3813
1.4769,2.1097,0.077405,-0.017117,-0.0053393,8.3868
1.4769,2.1097,0.077405,-0.017133,-0.005354,8.3961
1.477,2.1097,0.077404,-0.017147,-0.0053924,8.388
1.4771,2.1097,0.077404,-0.017164,-0.0054323,8.3937
1.4771,2.1097,0.077404,-0.017181,-0.0054906,8.4067
1.4772,2.1097,0.077403,-0.017199,-0.0055906,8.4019
1.4772,2.1097,0.077403,-0.017217,-0.0057113,8.3963
1.4773,2.1097,0.077403,-0.017236,-0.0058128,8.4109
1.4773,2.1097,0.077402,-0.017255,-0.0058999,8.4062
1.4774,2.1097,0.077402,-0.017274,-0.0059863,8.3964
1.4774,2.1097,0.077402,-0.017293,-0.0060791,8.3978
1.4775,2.1097,0.077402,-0.017313,-0.0061378,8.3966
1.4775,2.1097,0.077401,-0.017333,-0.0061832,8.3829
1.4776,2.1097,0.077401,-0.017353,-0.006214,8.3853
1.4776,2.1097,0.077401,-0.017374,-0.0062402,8.3893
1.4777,2.1097,0.0774,-0.017394,-0.0062371,8.3773
1.4777,2.1097,0.0774,-0.017415,-0.0062357,8.3845
1.4778,2.1097,0.0774,-0.017436,-0.0062576,8.3971
1.4778,2.1097,0.077399,-0.017457,-0.0062735,8.3862
1.4779,2.1097,0.077399,-0.017479,-0.0062818,8.3821
1.4779,2.1097,0.077399,-0.0175,-0.006274,8.3858
1.478,2.1097,0.077398,-0.017522,-0.0062422,8.3785
1.4781,2.1097,0.077398,-0.017543,-0.0062209,8.3735
1.4781,2.1097,0.077398,-0.017565,-0.006178,8.3919
1.4782,2.1097,0.077397,-0.017587,-0.0061593,8.3923
1.4782,2.1097,0.077397,-0.017608,-0.006158,8.3929
1.4783,2.1097,0.077397,-0.01763,-0.0061482,8.4008
1.4783,2.1097,0.077396,-0.017652,-0.0061495,8.4034
1.4784,2.1097,0.077396,-0.017674,-0.0061898,8.4043
1.4784,2.1097,0.077396,-0.017696,-0.0062463,8.4065
1.4785,2.1097,0.077395,-0.017718,-0.0062969,8.4165
1.4785,2.1097,0.077395,-0.01774,-0.0062889,8.4144
1.4786,2.1097,0.077395,-0.017761,-0.0063329,8.4178
1.4786,2.1097,0.077394,-0.017783,-0.006368,8.4292
1.4787,2.1097,0.077394,-0.017805,-0.0064032,8.4314
1.4787,2.1097,0.077394,-0.017826,-0.0064319,8.4304
1.4788,2.1097,0.077393,-0.017847,-0.0064882,8.437
1.4788,2.1097,0.077393,-0.017869,-0.0065367,8.4368
1.4789,2.1097,0.077393,-0.01789,-0.0066203,8.4186
1.4789,2.1097,0.077392,-0.017911,-0.0066724,8.4206
1.479,2.1097,0.077392,-0.017931,-0.0067768,8.4221
1.4791,2.1097,0.077392,-0.017952,-0.006859,8.4035
1.4791,2.1097,0.077391,-0.017972,-0.006906,8.4113
1.4792,2.1097,0.077391,-0.017992,-0.0069102,8.4215
1.4792,2.1097,0.07739,-0.018012,-0.0068616,8.4118
1.4793,2.1097,0.07739,-0.018032,-0.0067699,8.4168
1.4793,2.1097,0.07739,-0.018051,-0.006762,8.4233
1.4794,2.1097,0.077389,-0.01807,-0.006772,8.4096
1.4794,2.1097,0.077389,-0.018083,-0.0068099,8.4063
1.4795,2.1097,0.077389,-0.018105,-0.0068317,8.4123
1.4795,2.1097,0.077388,-0.018132,-0.0067915,8.4049
1.4796,2.1097,0.077388,-0.018164,-0.0067384,8.4009
1.4796,2.1097,0.077388,-0.018191,-0.0066647,8.4138
1.4797,2.1097,0.077387,-0.018226,-0.0065692,8.416
1.4797,2.1097,0.077387,-0.018265,-0.006548,8.4152
1.4798,2.1097,0.077387,-0.018295,-0.0065328,8.4293
1.4798,2.1097,0.077386,-0.018323,-0.0065451,8.4341
1.4799,2.1097,0.077386,-0.018365,-0.0065551,8.4212
1.4799,2.1097,0.077386,-0.018418,-0.0065148,8.4237
1.48,2.1097,0.077385,-0.018486,-0.0064721,8.4275
1.4801,2.1097,0.077385,-0.018557,-0.0064497,8.4153
1.4801,2.1097,0.077385,-0.018635,-0.0064468,8.4177
1.4802,2.1097,0.077384,-0.018704,-0.0064611,8.4317
1.4802,2.1097,0.077384,-0.018755,-0.0064732,8.425
1.4803,2.1097,0.077383,-0.018793,-0.0065406,8.4217
1.4803,2.1097,0.077383,-0.018822,-0.0066103,8.4304
1.4804,2.1097,0.077383,-0.018847,-0.0066266,8.4171
1.4804,2.1097,0.077382,-0.018876,-0.0066294,8.4073
1.4805,2.1097,0.077382,-0.018905,-0.0066495,8.4126
1.4805,2.1097,0.077382,-0.018934,-0.0066863,8.4079
1.4806,2.1097,0.077381,-0.018962,-0.006693,8.3958
1.4806,2.1097,0.077381,-0.01899,-0.0066727,8.3959
1.4807,2.1097,0.077381,-0.019017,-0.0066809,8.4081
1.4807,2.1097,0.07738,-0.019044,-0.0066629,8.407
1.4808,2.1097,0.07738,-0.019071,-0.0066237,8.4044
1.4808,2.1097,0.07738,-0.019096,-0.0066083,8.424
1.4809,2.1097,0.077379,-0.019119,-0.0066435,8.4098
1.4809,2.1097,0.077379,-0.019141,-0.0067117,8.4062
1.481,2.1097,0.077379,-0.019164,-0.0068022,8.4122
1.4811,2.1097,0.077378,-0.019186,-0.0068966,8.4039
1.4811,2.1097,0.077378,-0.019208,-0.0070355,8.3952
1.4812,2.1097,0.077377,-0.019228,-0.0071244,8.4069
1.4812,2.1097,0.077377,-0.019252,-0.0072265,8.419
1.4813,2.1097,0.077377,-0.019263,-0.0073391,8.4084
1.4813,2.1097,0.077376,-0.019263,-0.0074447,8.4124
1.4814,2.1097,0.077376,-0.019257,-0.0075695,8.4207
1.4814,2.1097,0.077376,-0.01925,-0.0077423,8.4025
1.4815,2.1097,0.077375,-0.019244,-0.0079478,8.409
1.4815,2.1097,0.077375,-0.019242,-0.0081722,8.4057
1.4816,2.1097,0.077374,-0.019243,-0.0083541,8.3929
1.4816,2.1097,0.077374,-0.019252,-0.0085311,8.392
1.4817,2.1097,0.077373,-0.01926,-0.0086747,8.3927
1.4817,2.1097,0.077373,-0.019264,-0.0087693,8.383
1.4818,2.1097,0.077372,-0.01926,-0.0088345,8.382
1.4818,2.1097,0.077372,-0.019236,-0.0089318,8.3906
1.4819,2.1097,0.077371,-0.019202,-0.0090559,8.3818
1.4819,2.1097,0.077371,-0.019162,-0.0091493,8.3671
1.482,2.1097,0.07737,-0.019121,-0.009252,8.3704
1.4821,2.1097,0.07737,-0.019092,-0.0093583,8.3652
1.4821,2.1097,0.077369,-0.019082,-0.0094612,8.3497
1.4822,2.1097,0.077369,-0.019092,-0.0095504,8.3602
1.4822,2.1097,0.077368,-0.019107,-0.0096006,8.3631
1.4823,2.1097,0.077368,-0.019119,-0.0096862,8.3575
1.4823,2.1097,0.077367,-0.019138,-0.0097704,8.3646
1.4824,2.1096,0.077367,-0.019154,-0.009827,8.3768
1.4824,2.1096,0.077366,-0.019162,-0.009923,8.3658
1.4825,2.1096,0.077366,-0.019174,-0.01005,8.3632
1.4825,2.1096,0.077365,-0.019191,-0.010221,8.3745
1.4826,2.1096,0.077365,-0.019218,-0.010402,8.3685
1.4826,2.1096,0.077364,-0.019246,-0.010558,8.3581
1.4827,2.1096,0.077364,-0.01928,-0.0107,8.3669
1.4827,2.1096,0.077363,-0.019319,-0.010769,8.3678
1.4828,2.1096,0.077363,-0.019357,-0.010819,8.3647
1.4828,2.1096,0.077362,-0.019381,-0.010838,8.3706
1.4829,2.1096,0.077361,-0.019404,-0.010874,8.3753
1.4829,2.1096,0.077361,-0.019416,-0.010922,8.3612
1.483,2.1096,0.07736,-0.019416,-0.010993,8.3649
1.4831,2.1096,0.07736,-0.019408,-0.011068,8.3632
1.4831,2.1096,0.077359,-0.019408,-0.011111,8.3442
1.4832,2.1096,0.077358,-0.019416,-0.011125,8.3439
1.4832,2.1096,0.077358,-0.019439,-0.011152,8.3524
1.4833,2.1096,0.077357,-0.019467,-0.011175,8.3452
1.4833,2.1096,0.077357,-0.019504,-0.011245,8.3392
1.4834,2.1096,0.077356,-0.019534,-0.011314,8.3595
1.4834,2.1096,0.077356,-0.01955,-0.011395,8.3472
1.4835,2.1096,0.077355,-0.019549,-0.011444,8.3395
1.4835,2.1096,0.077354,-0.019554,-0.011431,8.3539
1.4836,2.1096,0.077354,-0.019554,-0.011372,8.3502
1.4836,2.1096,0.077353,-0.019553,-0.011276,8.3405
1.4837,2.1096,0.077353,-0.019555,-0.011159,8.3467
1.4837,2.1096,0.077352,-0.019555,-0.011045,8.3598
1.4838,2.1096,0.077351,-0.01955,-0.010921,8.353
1.4838,2.1096,0.077351,-0.019546,-0.010771,8.3587
1.4839,2.1096,0.07735,-0.01953,-0.010619,8.3794
1.4839,2.1096,0.07735,-0.01952,-0.010485,8.3652
1.484,2.1096,0.077349,-0.019503,-0.010394,8.3643
1.4841,2.1096,0.077349,-0.019475,-0.010314,8.3708
1.4841,2.1096,0.077348,-0.01945,-0.010248,8.3711
1.4842,2.1096,0.077348,-0.019427,-0.010195,8.3626
1.4842,2.1096,0.077347,-0.019406,-0.010144,8.3704
1.4843,2.1096,0.077346,-0.019387,-0.010079,8.3709
1.4843,2.1096,0.077346,-0.019365,-0.01002,8.3666
1.4844,2.1096,0.077345,-0.019364,-0.0099763,8.3781
1.4844,2.1096,0.077345,-0.019372,-0.0099697,8.3784
1.4845,2.1096,0.077344,-0.019394,-0.009938,8.3725
1.4845,2.1096,0.077344,-0.019442,-0.0098769,8.3775
1.4846,2.1096,0.077343,-0.019512,-0.0097595,8.3759
1.4846,2.1096,0.077343,-0.019586,-0.0096193,8.3624
1.4847,2.1096,0.077342,-0.01964,-0.009437,8.3569
1.4847,2.1096,0.077342,-0.019687,-0.0092392,8.3704
1.4848,2.1096,0.077341,-0.019743,-0.0090691,8.3647
1.4848,2.1096,0.077341,-0.01978,-0.0089171,8.3603
1.4849,2.1096,0.07734,-0.019811,-0.0087732,8.3706
1.4849,2.1096,0.07734,-0.019851,-0.0086343,8.3628
1.485,2.1096,0.07734,-0.019894,-0.0084902,8.3639
1.4851,2.1096,0.077339,-0.019934,-0.0083701,8.3731
1.4851,2.1096,0.077339,-0.019953,-0.0082427,8.3719
1.4852,2.1096,0.077338,-0.01995,-0.0081299,8.3616
1.4852,2.1096,0.077338,-0.01992,-0.0080401,8.3686
1.4853,2.1096,0.077337,-0.019862,-0.0079348,8.3808
1.4853,2.1096,0.077337,-0.019802,-0.0078282,8.3783
1.4854,2.1096,0.077337,-0.019742,-0.0077205,8.3855
1.4854,2.1096,0.077336,-0.01969,-0.0076117,8.3989
1.4855,2.1096,0.077336,-0.019651,-0.0075019,8.3839
1.4855,2.1096,0.077335,-0.019623,-0.007391,8.3884
1.4856,2.1096,0.077335,-0.0196,-0.0072809,8.3952
1.4856,2.1096,0.077335,-0.019562,-0.0071689,8.3881
1.4857,2.1096,0.077334,-0.019525,-0.0070666,8.3785
1.4857,2.1096,0.077334,-0.01949,-0.0069515,8.3827
1.4858,2.1096,0.077334,-0.019453,-0.0067921,8.384
1.4858,2.1096,0.077333,-0.019428,-0.006602,8.378
1.4859,2.1096,0.077333,-0.019403,-0.0063956,8.3831
1.4859,2.1096,0.077333,-0.019393,-0.0061861,8.3907
1.486,2.1096,0.077332,-0.019393,-0.0060087,8.3746
1.4861,2.1096,0.077332,-0.019391,-0.0058348,8.3857
1.4861,2.1096,0.077332,-0.019391,-0.0056829,8.3862
1.4862,2.1096,0.077331,-0.019394,-0.0055294,8.3759
1.4862,2.1096,0.077331,-0.019403,-0.0053559,8.3771
1.4863,2.1096,0.077331,-0.019418,-0.0051979,8.3795
1.4863,2.1096,0.07733,-0.019427,-0.0050227,8.3747
1.4864,2.1096,0.07733,-0.019427,-0.0048431,8.3734
1.4864,2.1096,0.07733,-0.019409,-0.0046776,8.3904
1.4865,2.1096,0.07733,-0.019384,-0.0044928,8.3865
1.4865,2.1096,0.07733,-0.019356,-0.0043097,8.3817
1.4866,2.1096,0.077329,-0.019326,-0.0041357,8.3863
1.4866,2.1096,0.077329,-0.019302,-0.0039786,8.3815
1.4867,2.1096,0.077329,-0.019294,-0.0038464,8.367
1.4867,2.1096,0.077329,-0.019294,-0.0037007,8.3651
1.4868,2.1096,0.077329,-0.019298,-0.0035557,8.3697
1.4868,2.1096,0.077328,-0.019307,-0.0034118,8.359
1.4869,2.1096,0.077328,-0.019313,-0.0032839,8.3629
1.4869,2.1096,0.077328,-0.019315,-0.0031333,8.3688
1.487,2.1096,0.077328,-0.019316,-0.0029808,8.361
1.4871,2.1096,0.077328,-0.019313,-0.0028084,8.3548
1.4871,2.1096,0.077328,-0.019297,-0.0025895,8.365
1.4872,2.1096,0.077327,-0.019276,-0.0023571,8.3509
1.4872,2.1096,0.077327,-0.019258,-0.0021092,8.3383
1.4873,2.1096,0.077327,-0.019249,-0.0018485,8.3508
1.4873,2.1096,0.077327,-0.019241,-0.0015825,8.3453
1.4874,2.1096,0.077327,-0.019242,-0.0012859,8.3413
1.4874,2.1096,0.077327,-0.019258,-0.00099113,8.3465
1.4875,2.1095,0.077327,-0.019276,-0.00067889,8.3478
1.4875,2.1095,0.077327,-0.019288,-0.00032834,8.3403
1.4876,2.1095,0.077327,-0.019301,-8.269e-06,8.3463
1.4876,2.1095,0.077327,-0.019317,0.00025656,8.3493
1.4877,2.1095,0.077327,-0.01933,0.00049877,8.3381
1.4877,2.1095,0.077327,-0.019328,0.00071042,8.3427
1.4878,2.1095,0.077327,-0.019318,0.00088122,8.3416
1.4878,2.1095,0.077327,-0.019303,0.0010189,8.3339
1.4879,2.1095,0.077327,-0.019289,0.0011369,8.3381
1.4879,2.1095,0.077327,-0.019281,0.0012572,8.3431
1.488,2.1095,0.077327,-0.019283,0.0013526,8.3478
1.4881,2.1095,0.077327,-0.019299,0.0014009,8.3403
1.4881,2.1095,0.077328,-0.019318,0.0014904,8.3559
1.4882,2.1095,0.077328,-0.019331,0.0015993,8.3514
1.4882,2.1095,0.077328,-0.019344,0.0017168,8.35
1.4883,2.1095,0.077328,-0.019356,0.0018214,8.3592
1.4883,2.1095,0.077328,-0.019368,0.0019497,8.3595
1.4884,2.1095,0.077328,-0.019379,0.0020891,8.3463
1.4884,2.1095,0.077328,-0.01939,0.002217,8.3597
1.4885,2.1095,0.077328,-0.0194,0.0022988,8.3716
1.4885,2.1095,0.077328,-0.019411,0.0024147,8.3629
1.4886,2.1095,0.077328,-0.01942,0.0025209,8.3583
1.4886,2.1095,0.077329,-0.019429,0.0026428,8.3621
1.4887,2.1095,0.077329,-0.019438,0.002743,8.3545
1.4887,2.1095,0.077329,-0.019447,0.0028789,8.3424
1.4888,2.1095,0.077329,-0.019455,0.0030418,8.3506
1.4888,2.1095,0.077329,-0.019462,0.0032427,8.3541
1.4889,2.1095,0.077329,-0.01947,0.0034267,8.3406
1.4889,2.1095,0.07733,-0.019477,0.0036481,8.3499
1.489,2.1095,0.07733,-0.019483,0.0038537,8.3534
1.4891,2.1095,0.07733,-0.019489,0.0040348,8.3552
1.4891,2.1095,0.07733,-0.019495,0.0041884,8.3669
1.4892,2.1095,0.07733,-0.019501,0.0043264,8.3719
1.4892,2.1095,0.077331,-0.019506,0.0044234,8.3615
1.4893,2.1095,0.077331,-0.01951,0.0045554,8.3632
1.4893,2.1095,0.077331,-0.019515,0.0047156,8.3695
1.4894,2.1095,0.077331,-0.019519,0.0048987,8.3621
1.4894,2.1095,0.077332,-0.019522,0.0050849,8.364
1.4895,2.1095,0.077332,-0.019526,0.0052751,8.3782
1.4895,2.1095,0.077332,-0.019529,0.0054616,8.3814
1.4896,2.1095,0.077333,-0.019531,0.0056177,8.3813
1.4896,2.1095,0.077333,-0.019534,0.0057255,8.389
1.4897,2.1095,0.077333,-0.019536,0.0058665,8.3832
1.4897,2.1095,0.077334,-0.019538,0.0060146,8.388
1.4898,2.1095,0.077334,-0.019542,0.0061206,8.3962
1.4898,2.1095,0.077334,-0.019544,0.0061971,8.3989
1.4899,2.1095,0.077334,-0.019538,0.0062486,8.3824
1.4899,2.1095,0.077335,-0.019528,0.0062412,8.3887
1.49,2.1095,0.077335,-0.019516,0.0062022,8.3957
1.4901,2.1095,0.077335,-0.019504,0.0061355,8.3952
1.4901,2.1095,0.077336,-0.019495,0.0060896,8.3901
1.4902,2.1095,0.077336,-0.019491,0.0060796,8.4041
1.4902,2.1095,0.077336,-0.019494,0.0060893,8.3889
1.4903,2.1095,0.077337,-0.019503,0.0061033,8.3875
1.4903,2.1095,0.077337,-0.019501,0.0061074,8.3926
1.4904,2.1095,0.077337,-0.019493,0.0060877,8.3902
1.4904,2.1095,0.077338,-0.019482,0.0060318,8.3893
1.4905,2.1095,0.077338,-0.01947,0.0059275,8.3968
1.4905,2.1095,0.077338,-0.019465,0.0058083,8.4071
1.4906,2.1095,0.077339,-0.019457,0.0056983,8.4016
1.4906,2.1095,0.077339,-0.019451,0.0055825,8.407
1.4907,2.1095,0.077339,-0.019443,0.0054607,8.4118
1.4907,2.1095,0.077339,-0.019416,0.0053328,8.4043
1.4908,2.1095,0.07734,-0.019378,0.0051988,8.4046
1.4908,2.1095,0.07734,-0.019341,0.0050587,8.4084
1.4909,2.1095,0.07734,-0.019312,0.0049126,8.4026
1.4909,2.1095,0.077341,-0.019292,0.0047604,8.3967
1.491,2.1095,0.077341,-0.019272,0.0046022,8.412
1.4911,2.1095,0.077341,-0.019256,0.004438,8.409
1.4911,2.1095,0.077341,-0.019245,0.0042527,8.41
1.4912,2.1095,0.077341,-0.019233,0.0040854,8.4181
1.4912,2.1095,0.077342,-0.019224,0.0039153,8.4143
1.4913,2.1095,0.077342,-0.019219,0.0037604,8.4104
1.4913,2.1095,0.077342,-0.019213,0.0036323,8.4232
1.4914,2.1095,0.077342,-0.019198,0.0035511,8.4196
1.4914,2.1095,0.077342,-0.019182,0.0034757,8.4051
1.4915,2.1095,0.077343,-0.019161,0.0034026,8.4185
1.4915,2.1095,0.077343,-0.019143,0.0033362,8.4269
1.4916,2.1095,0.077343,-0.019125,0.0032662,8.4144
1.4916,2.1095,0.077343,-0.019108,0.0031669,8.4136
1.4917,2.1095,0.077343,-0.019089,0.003081,8.4212
1.4917,2.1095,0.077343,-0.019063,0.0029838,8.4102
1.4918,2.1095,0.077344,-0.019039,0.0029111,8.405
1.4918,2.1095,0.077344,-0.019026,0.0028138,8.4112
1.4919,2.1095,0.077344,-0.019018,0.0026867,8.4115
1.4919,2.1095,0.077344,-0.019016,0.0025571,8.3977
1.492,2.1095,0.077344,-0.01902,0.0024061,8.4118
1.4921,2.1095,0.077344,-0.019029,0.0022692,8.4209
1.4921,2.1095,0.077344,-0.019043,0.0021685,8.4158
1.4922,2.1095,0.077344,-0.019056,0.0020803,8.4242
1.4922,2.1095,0.077345,-0.019069,0.0020496,8.4296
1.4923,2.1095,0.077345,-0.01908,0.0020066,8.4206
1.4923,2.1095,0.077345,-0.019081,0.0019328,8.4233
1.4924,2.1095,0.077345,-0.019078,0.0018487,8.4294
1.4924,2.1095,0.077345,-0.019081,0.0017611,8.4209
1.4925,2.1095,0.077345,-0.019085,0.0016919,8.4225
1.4925,2.1095,0.077345,-0.0191,0.0016093,8.43
1.4926,2.1095,0.077345,-0.019119,0.001527,8.4268
1.4926,2.1095,0.077345,-0.019139,0.001459,8.4224
1.4927,2.1094,0.077345,-0.019156,0.0013732,8.4349
1.4927,2.1094,0.077345,-0.019166,0.0012908,8.423
1.4928,2.1094,0.077346,-0.019172,0.0012189,8.4168
1.4928,2.1094,0.077346,-0.019185,0.0011652,8.4227
1.4929,2.1094,0.077346,-0.019198,0.0011377,8.4158
1.4929,2.1094,0.077346,-0.019213,0.0010979,8.4018
1.493,2.1094,0.077346,-0.019232,0.0010601,8.4012
1.4931,2.1094,0.077346,-0.019248,0.0010244,8.4133
1.4931,2.1094,0.077346,-0.01927,0.00099094,8.4013
1.4932,2.1094,0.077346,-0.019289,0.00095977,8.4034
1.4932,2.1094,0.077346,-0.019313,0.00093089,8.4113
1.4933,2.1094,0.077346,-0.019336,0.00090431,8.4059
1.4933,2.1094,0.077346,-0.019356,0.00088004,8.4097
1.4934,2.1094,0.077346,-0.019377,0.00085811,8.4077
1.4934,2.1094,0.077346,-0.019404,0.00083855,8.4011
1.4935,2.1094,0.077346,-0.019432,0.00082137,8.3916
1.4935,2.1094,0.077346,-0.019475,0.00079079,8.4056
1.4936,2.1094,0.077346,-0.019517,0.00078985,8.4104
1.4936,2.1094,0.077346,-0.019556,0.0008096,8.401
1.4937,2.1094,0.077346,-0.019571,0.00084154,8.4113
1.4937,2.1094,0.077346,-0.019581,0.00087757,8.4136
1.4938,2.1094,0.077346,-0.01958,0.00091001,8.4
1.4938,2.1094,0.077347,-0.019579,0.00093156,8.4064
1.4939,2.1094,0.077347,-0.019583,0.00093378,8.4094
1.4939,2.1094,0.077347,-0.019609,0.0009129,8.4018
1.494,2.1094,0.077347,-0.019663,0.00091432,8.4
1.4941,2.1094,0.077347,-0.019737,0.00092239,8.4144
1.4941,2.1094,0.077347,-0.019819,0.00093726,8.406
1.4942,2.1094,0.077347,-0.019913,0.00095994,8.4016
1.4942,2.1094,0.077347,-0.020011,0.0009848,8.4093
1.4943,2.1094,0.077347,-0.020095,0.0010107,8.4038
1.4943,2.1094,0.077347,-0.020145,0.0010359,8.3953
1.4944,2.1094,0.077347,-0.020177,0.0010629,8.4003
1.4944,2.1094,0.077347,-0.020195,0.0010924,8.398
1.4945,2.1094,0.077347,-0.020192,0.0011267,8.39
1.4945,2.1094,0.077347,-0.020168,0.001164,8.3947
1.4946,2.1094,0.077347,-0.020138,0.0012015,8.4006
1.4946,2.1094,0.077347,-0.020128,0.0012381,8.3976
1.4947,2.1094,0.077347,-0.020123,0.0012729,8.4032
1.4947,2.1094,0.077347,-0.020109,0.0013084,8.4154
1.4948,2.1094,0.077348,-0.020108,0.0013486,8.4
1.4948,2.1094,0.077348,-0.020109,0.001393,8.3983
1.4949,2.1094,0.077348,-0.0201,0.0014417,8.4046
1.4949,2.1094,0.077348,-0.020075,0.0014911,8.4047
1.495,2.1094,0.077348,-0.020053,0.0015387,8.4006
1.4951,2.1094,0.077348,-0.020057,0.0015861,8.4114
1.4951,2.1094,0.077348,-0.020091,0.0016346,8.4155
1.4952,2.1094,0.077348,-0.020166,0.001687,8.4213
1.4952,2.1094,0.077348,-0.020277,0.0017452,8.4225
1.4953,2.1094,0.077348,-0.020385,0.0018051,8.4374
1.4953,2.1094,0.077348,-0.020488,0.0018702,8.4303
1.4954,2.1094,0.077348,-0.020578,0.0019388,8.4332
1.4954,2.1094,0.077349,-0.02066,0.0020095,8.4414
1.4955,2.1094,0.077349,-0.020731,0.0020806,8.4346
1.4955,2.1094,0.077349,-0.020799,0.0021574,8.4309
1.4956,2.1094,0.077349,-0.020888,0.0022348,8.4488
1.4956,2.1094,0.077349,-0.020977,0.0023084,8.4418
1.4957,2.1094,0.077349,-0.021057,0.0023786,8.4381
1.4957,2.1094,0.077349,-0.021141,0.0024496,8.4497
1.4958,2.1094,0.077349,-0.021223,0.0025238,8.4432
1.4958,2.1094,0.07735,-0.021302,0.0026062,8.4392
1.4959,2.1094,0.07735,-0.021358,0.0026967,8.452
1.4959,2.1094,0.07735,-0.021412,0.0027939,8.4481
1.496,2.1094,0.07735,-0.021473,0.0028958,8.4366
1.4961,2.1094,0.07735,-0.021536,0.0030014,8.4468
1.4961,2.1094,0.07735,-0.021603,0.0031076,8.4486
1.4962,2.1094,0.077351,-0.021669,0.0032157,8.4438
1.4962,2.1094,0.077351,-0.021727,0.0033253,8.4438
1.4963,2.1094,0.077351,-0.021782,0.003441,8.4532
1.4963,2.1094,0.077351,-0.02184,0.003558,8.4462
1.4964,2.1094,0.077351,-0.021922,0.0036735,8.4438
1.4964,2.1094,0.077351,-0.022017,0.0037894,8.4483
1.4965,2.1094,0.077352,-0.022118,0.0039054,8.4421
1.4965,2.1094,0.077352,-0.022219,0.0040212,8.4366
1.4966,2.1094,0.077352,-0.022311,0.0041421,8.4521
1.4966,2.1094,0.077352,-0.022387,0.0042683,8.4513
1.4967,2.1094,0.077353,-0.022455,0.0044,8.4392
1.4967,2.1094,0.077353,-0.022519,0.0045357,8.4525
1.4968,2.1094,0.077353,-0.022584,0.0046748,8.4484
1.4968,2.1094,0.077353,-0.022658,0.0048163,8.4333
1.4969,2.1094,0.077354,-0.022738,0.0049582,8.4338
1.4969,2.1094,0.077354,-0.022818,0.005103,8.4388
1.497,2.1094,0.077354,-0.022903,0.0052516,8.4304
1.4971,2.1094,0.077354,-0.023002,0.0054061,8.4276
1.4971,2.1094,0.077355,-0.023109,0.0055747,8.434
1.4972,2.1094,0.077355,-0.023217,0.0057181,8.4232
1.4972,2.1094,0.077355,-0.023318,0.005841,8.4213
1.4973,2.1094,0.077356,-0.023421,0.005964,8.4369
1.4973,2.1094,0.077356,-0.023515,0.0060697,8.4321
1.4974,2.1094,0.077356,-0.023595,0.0061491,8.4247
1.4974,2.1094,0.077357,-0.023672,0.0061962,8.43
1.4975,2.1093,0.077357,-0.023754,0.0061987,8.4276
1.4975,2.1093,0.077357,-0.023836,0.0061878,8.4189
1.4976,2.1093,0.077358,-0.023912,0.0061651,8.4247
1.4976,2.1093,0.077358,-0.023992,0.0061373,8.4296
1.4977,2.1093,0.077358,-0.024085,0.0061417,8.4186
1.4977,2.1093,0.077358,-0.02419,0.0061747,8.4257
1.4978,2.1093,0.077359,-0.0243,0.0062424,8.4339
1.4978,2.1093,0.077359,-0.024411,0.0063273,8.4237
1.4979,2.1093,0.077359,-0.024518,0.0064087,8.4179
1.4979,2.1093,0.07736,-0.024616,0.00651,8.4231
1.498,2.1093,0.07736,-0.0247,0.0066353,8.4122
1.4981,2.1093,0.077361,-0.02478,0.0067456,8.3975
1.4981,2.1093,0.077361,-0.024864,0.0068536,8.404
1.4982,2.1093,0.077361,-0.024948,0.0069626,8.4047
1.4982,2.1093,0.077362,-0.025032,0.0070753,8.3927
1.4983,2.1093,0.077362,-0.025114,0.0071849,8.4024
1.4983,2.1093,0.077362,-0.025196,0.0072904,8.4094
1.4984,2.1093,0.077363,-0.025277,0.0073987,8.3955
1.4984,2.1093,0.077363,-0.025358,0.007512,8.3929
1.4985,2.1093,0.077364,-0.025438,0.0076289,8.3922
1.4985,2.1093,0.077364,-0.025516,0.007748,8.3883
1.4986,2.1093,0.077364,-0.025594,0.0078679,8.3848
1.4986,2.1093,0.077365,-0.025671,0.0079871,8.3982
1.4987,2.1093,0.077365,-0.025747,0.0081037,8.3911
1.4987,2.1093,0.077366,-0.025822,0.0082161,8.3849
1.4988,2.1093,0.077366,-0.025895,0.0083273,8.3955
1.4988,2.1093,0.077367,-0.025968,0.0084401,8.3948
1.4989,2.1093,0.077367,-0.026041,0.0085544,8.3822
1.4989,2.1093,0.077367,-0.026114,0.0086676,8.393
1.499,2.1093,0.077368,-0.026185,0.0087764,8.3921
1.4991,2.1093,0.077368,-0.026254,0.0088827,8.3807
1.4991,2.1093,0.077369,-0.02632,0.0089886,8.3768
1.4992,2.1093,0.077369,-0.026386,0.0091105,8.3868
1.4992,2.1093,0.07737,-0.02645,0.0092259,8.3799
1.4993,2.1093,0.07737,-0.026513,0.0093025,8.3778
1.4993,2.1093,0.077371,-0.026575,0.0093686,8.3882
1.4994,2.1093,0.077371,-0.026635,0.0094088,8.3839
1.4994,2.1093,0.077372,-0.026693,0.0094003,8.3829
1.4995,2.1093,0.077372,-0.026748,0.0093874,8.3863
1.4995,2.1093,0.077373,-0.0268,0.0093693,8.377
1.4996,2.1093,0.077373,-0.026851,0.0093576,8.3705
1.4996,2.1093,0.077374,-0.0269,0.0093097,8.3742
1.4997,2.1093,0.077374,-0.026948,0.0092356,8.3702
1.4997,2.1093,0.077375,-0.026991,0.0091858,8.3586
1.4998,2.1093,0.077375,-0.027038,0.0091511,8.3697
1.4998,2.1093,0.077376,-0.027087,0.0091296,8.3714
1.4999,2.1093,0.077376,-0.027126,0.0091592,8.3562
1.4999,2.1093,0.077377,-0.027157,0.0092126,8.3678
1.5,2.1093,0.077377,-0.027182,0.0092899,8.3722
1.5001,2.1093,0.077378,-0.027206,0.0093427,8.3641
1.5001,2.1093,0.077378,-0.027234,0.009352,8.3575
1.5002,2.1093,0.077379,-0.027254,0.0093304,8.3736
1.5002,2.1093,0.077379,-0.027279,0.0092907,8.3683
1.5003,2.1093,0.07738,-0.027304,0.0092466,8.3593
1.5003,2.1093,0.07738,-0.027322,0.0092123,8.3806
1.5004,2.1093,0.077381,-0.02734,0.0092027,8.3855
1.5004,2.1093,0.077381,-0.027361,0.0092334,8.3732
1.5005,2.1093,0.077382,-0.027383,0.0092737,8.388
1.5005,2.1093,0.077382,-0.027416,0.009299,8.3907
1.5006,2.1093,0.077383,-0.027448,0.0093237,8.3776
1.5006,2.1093,0.077383,-0.027488,0.0093476,8.3845
1.5007,2.1093,0.077384,-0.027539,0.0093709,8.3931
1.5007,2.1093,0.077384,-0.02761,0.0093935,8.3821
1.5008,2.1093,0.077385,-0.027678,0.0094155,8.3824
1.5008,2.1093,0.077385,-0.027725,0.0094367,8.3943
1.5009,2.1093,0.077386,-0.027755,0.0094571,8.3923
1.5009,2.1093,0.077386,-0.027781,0.0094768,8.3883
1.501,2.1093,0.077387,-0.027806,0.0094956,8.3902
1.5011,2.1093,0.077387,-0.027831,0.0095153,8.3835
1.5011,2.1093,0.077388,-0.02787,0.0095314,8.3793
1.5012,2.1093,0.077388,-0.027913,0.009545,8.3876
1.5012,2.1093,0.077389,-0.027951,0.0095567,8.3831
1.5013,2.1092,0.077389,-0.027973,0.0095675,8.3691
1.5013,2.1092,0.07739,-0.027995,0.0095782,8.3866
1.5014,2.1092,0.07739,-0.028023,0.0095897,8.3921
1.5014,2.1092,0.077391,-0.028052,0.0096027,8.3812
1.5015,2.1092,0.077391,-0.028081,0.0096181,8.3848
1.5015,2.1092,0.077392,-0.028121,0.0096316,8.3888
1.5016,2.1092,0.077392,-0.02816,0.0096448,8.3835
1.5016,2.1092,0.077393,-0.028212,0.0096579,8.3827
1.5017,2.1092,0.077393,-0.028273,0.0096706,8.397
1.5017,2.1092,0.077394,-0.02834,0.009683,8.3885
1.5018,2.1092,0.077394,-0.028405,0.0096951,8.3871
1.5018,2.1092,0.077395,-0.028461,0.0097069,8.4077
1.5019,2.1092,0.077395,-0.028513,0.0097185,8.4047
1.5019,2.1092,0.077396,-0.02856,0.00973,8.4013
1.502,2.1092,0.077396,-0.028601,0.0097413,8.4121
1.5021,2.1092,0.077397,-0.028641,0.0097527,8.4041
1.5021,2.1092,0.077397,-0.028677,0.0097642,8.3946
1.5022,2.1092,0.077398,-0.028704,0.0097758,8.3971
1.5022,2.1092,0.077398,-0.028713,0.0097875,8.4005
1.5023,2.1092,0.077399,-0.028721,0.0097993,8.3911
1.5023,2.1092,0.077399,-0.028738,0.0098112,8.3965
1.5024,2.1092,0.0774,-0.028753,0.0098231,8.4056
1.5024,2.1092,0.0774,-0.028764,0.0098352,8.3932
1.5025,2.1092,0.077401,-0.02878,0.0098473,8.3883
1.5025,2.1092,0.077401,-0.028789,0.0098596,8.4015
1.5026,2.1092,0.077402,-0.028796,0.0098721,8.3931
1.5026,2.1092,0.077402,-0.028802,0.0098849,8.3877
1.5027,2.1092,0.077403,-0.028825,0.009898,8.3868
1.5027,2.1092,0.077403,-0.028869,0.0099116,8.3805
1.5028,2.1092,0.077404,-0.028915,0.0099257,8.3736
1.5028,2.1092,0.077404,-0.028962,0.0099403,8.3832
1.5029,2.1092,0.077405,-0.029019,0.0099555,8.3887
1.5029,2.1092,0.077405,-0.029061,0.0099712,8.3782
1.503,2.1092,0.077406,-0.029093,0.0099874,8.3848
1.5031,2.1092,0.077407,-0.0291,0.010004,8.3861
1.5031,2.1092,0.077407,-0.029105,0.010021,8.3811
1.5032,2.1092,0.077408,-0.029099,0.010039,8.3861
1.5032,2.1092,0.077408,-0.029086,0.010057,8.3917
1.5033,2.1092,0.077409,-0.02908,0.010076,8.3817
1.5033,2.1092,0.077409,-0.029091,0.010096,8.3784
1.5034,2.1092,0.07741,-0.029113,0.010116,8.386
1.5034,2.1092,0.07741,-0.029137,0.010137,8.3839
1.5035,2.1092,0.077411,-0.029141,0.010175,8.3766
1.5035,2.1092,0.077411,-0.029142,0.010187,8.3837
1.5036,2.1092,0.077412,-0.029129,0.01018,8.3781
1.5036,2.1092,0.077412,-0.029118,0.010159,8.3715
1.5037,2.1092,0.077413,-0.029104,0.010134,8.3706
1.5037,2.1092,0.077413,-0.029089,0.010111,8.3754
1.5038,2.1092,0.077414,-0.029096,0.010098,8.3632
1.5038,2.1092,0.077415,-0.029118,0.010106,8.3671
1.5039,2.1092,0.077415,-0.029138,0.010141,8.3721
1.5039,2.1092,0.077416,-0.029154,0.010157,8.3587
1.504,2.1092,0.077416,-0.029158,0.010171,8.355
1.5041,2.1092,0.077417,-0.029156,0.01018,8.3601
1.5041,2.1092,0.077417,-0.02914,0.010184,8.3512
1.5042,2.1092,0.077418,-0.029119,0.010187,8.3471
1.5042,2.1092,0.077418,-0.029114,0.010191,8.3478
1.5043,2.1092,0.077419,-0.029129,0.010199,8.3539
1.5043,2.1092,0.077419,-0.029151,0.010206,8.3442
1.5044,2.1092,0.07742,-0.029186,0.010214,8.3514
1.5044,2.1092,0.07742,-0.029224,0.010219,8.363
1.5045,2.1092,0.077421,-0.029267,0.010223,8.3581
1.5045,2.1092,0.077421,-0.029313,0.01023,8.3659
1.5046,2.1092,0.077422,-0.029358,0.010239,8.3733
1.5046,2.1092,0.077423,-0.029402,0.010254,8.3637
1.5047,2.1092,0.077423,-0.029441,0.01027,8.3616
1.5047,2.1091,0.077424,-0.029474,0.010286,8.3745
1.5048,2.1091,0.077424,-0.029514,0.0103,8.373
1.5048,2.1091,0.077425,-0.029556,0.010313,8.3676
1.5049,2.1091,0.077425,-0.029605,0.010328,8.385
1.5049,2.1091,0.077426,-0.029653,0.010347,8.3839
1.505,2.1091,0.077426,-0.029693,0.01037,8.3812
1.5051,2.1091,0.077427,-0.029721,0.010396,8.3887
1.5051,2.1091,0.077427,-0.02973,0.010422,8.3816
1.5052,2.1091,0.077428,-0.029729,0.010445,8.369
1.5052,2.1091,0.077429,-0.029732,0.010471,8.372
1.5053,2.1091,0.077429,-0.02974,0.010495,8.3713
1.5053,2.1091,0.07743,-0.029748,0.010518,8.3612
1.5054,2.1091,0.07743,-0.029768,0.010543,8.3653
1.5054,2.1091,0.077431,-0.029798,0.01057,8.3681
1.5055,2.1091,0.077431,-0.029834,0.010597,8.3573
1.5055,2.1091,0.077432,-0.029871,0.010626,8.3578
1.5056,2.1091,0.077432,-0.029915,0.010658,8.3725
1.5056,2.1091,0.077433,-0.029971,0.010694,8.3642
1.5057,2.1091,0.077434,-0.030025,0.010731,8.3499
1.5057,2.1091,0.077434,-0.030067,0.010768,8.3559
1.5058,2.1091,0.077435,-0.030111,0.010802,8.3599
1.5058,2.1091,0.077435,-0.030164,0.010834,8.3498
1.5059,2.1091,0.077436,-0.030224,0.010866,8.3654
1.5059,2.1091,0.077436,-0.030288,0.010899,8.3738
1.506,2.1091,0.077437,-0.030347,0.010928,8.3711
1.5061,2.1091,0.077438,-0.030407,0.01096,8.3824
1.5061,2.1091,0.077438,-0.030477,0.010992,8.3919
1.5062,2.1091,0.077439,-0.030544,0.011026,8.3835
1.5062,2.1091,0.077439,-0.030615,0.011057,8.3898
1.5063,2.1091,0.07744,-0.030696,0.011089,8.4058
1.5063,2.1091,0.077441,-0.030776,0.011126,8.4001
1.5064,2.1091,0.077441,-0.030846,0.011165,8.3971
1.5064,2.1091,0.077442,-0.030901,0.011207,8.4092
1.5065,2.1091,0.077442,-0.030949,0.011252,8.4131
1.5065,2.1091,0.077443,-0.030997,0.011296,8.4136
1.5066,2.1091,0.077443,-0.031038,0.011338,8.423
1.5066,2.1091,0.077444,-0.031084,0.011378,8.4186
1.5067,2.1091,0.077445,-0.031132,0.011415,8.4046
1.5067,2.1091,0.077445,-0.03118,0.011452,8.4076
1.5068,2.1091,0.077446,-0.031229,0.011489,8.4145
1.5068,2.1091,0.077446,-0.031278,0.011528,8.3951
1.5069,2.1091,0.077447,-0.031328,0.011567,8.3998
1.5069,2.1091,0.077448,-0.031379,0.011604,8.4113
1.507,2.1091,0.077448,-0.03143,0.011638,8.4054
1.5071,2.1091,0.077449,-0.031482,0.011676,8.4038
1.5071,2.1091,0.07745,-0.031535,0.011716,8.4156
1.5072,2.1091,0.07745,-0.031583,0.011759,8.4111
1.5072,2.1091,0.077451,-0.031642,0.011802,8.4066
1.5073,2.1091,0.077451,-0.031705,0.011845,8.4068
1.5073,2.1091,0.077452,-0.031766,0.011885,8.4128
1.5074,2.1091,0.077453,-0.031824,0.011925,8.4082
1.5074,2.1091,0.077453,-0.031879,0.011965,8.4141
1.5075,2.1091,0.077454,-0.03193,0.01201,8.4266
1.5075,2.1091,0.077455,-0.031981,0.012063,8.4231
1.5076,2.1091,0.077455,-0.032024,0.012118,8.4353
1.5076,2.1091,0.077456,-0.032077,0.012176,8.4435
1.5077,2.1091,0.077456,-0.032129,0.012234,8.4373
1.5077,2.1091,0.077457,-0.03218,0.012286,8.4396
1.5078,2.1091,0.077458,-0.032231,0.012338,8.4396
1.5078,2.1091,0.077458,-0.032285,0.01239,8.4289
1.5079,2.1091,0.077459,-0.032341,0.012441,8.4288
1.5079,2.1091,0.07746,-0.032401,0.012493,8.441
1.508,2.109,0.07746,-0.032458,0.012543,8.4354
1.5081,2.109,0.077461,-0.032515,0.012593,8.4272
1.5081,2.109,0.077462,-0.032573,0.012642,8.438
1.5082,2.109,0.077462,-0.032632,0.012687,8.4372
1.5082,2.109,0.077463,-0.032691,0.012734,8.4232
1.5083,2.109,0.077464,-0.03275,0.012781,8.4218
1.5083,2.109,0.077464,-0.032809,0.012828,8.4256
1.5084,2.109,0.077465,-0.032866,0.012875,8.4125
1.5084,2.109,0.077466,-0.032923,0.012922,8.413
1.5085,2.109,0.077466,-0.032978,0.012969,8.4211
1.5085,2.109,0.077467,-0.033033,0.013017,8.4098
1.5086,2.109,0.077468,-0.033088,0.013064,8.4156
1.5086,2.109,0.077469,-0.033143,0.01311,8.4254
1.5087,2.109,0.077469,-0.033197,0.013157,8.4205
1.5087,2.109,0.07747,-0.033252,0.013202,8.4166
1.5088,2.109,0.077471,-0.033305,0.013248,8.4211
1.5088,2.109,0.077471,-0.033356,0.013291,8.4209
1.5089,2.109,0.077472,-0.033406,0.013334,8.4147
1.5089,2.109,0.077473,-0.033455,0.013382,8.4262
1.509,2.109,0.077473,-0.033504,0.013433,8.4328
1.5091,2.109,0.077474,-0.033554,0.013485,8.4362
1.5091,2.109,0.077475,-0.033602,0.013537,8.4414
1.5092,2.109,0.077476,-0.03365,0.013587,8.4463
1.5092,2.109,0.077476,-0.033696,0.013633,8.4347
1.5093,2.109,0.077477,-0.033741,0.013674,8.44
1.5093,2.109,0.077478,-0.033785,0.013714,8.4444
1.5094,2.109,0.077478,-0.033829,0.013755,8.4326
1.5094,2.109,0.077479,-0.033873,0.013793,8.4315
1.5095,2.109,0.07748,-0.033917,0.013834,8.4353
1.5095,2.109,0.077481,-0.03396,0.013877,8.43
1.5096,2.109,0.077481,-0.034001,0.01392,8.419
1.5096,2.109,0.077482,-0.034042,0.013964,8.4332
1.5097,2.109,0.077483,-0.034082,0.014006,8.433
1.5097,2.109,0.077484,-0.034115,0.014047,8.4212
1.5098,2.109,0.077484,-0.034151,0.014085,8.4226
1.5098,2.109,0.077485,-0.0342,0.01412,8.4157
1.5099,2.109,0.077486,-0.034259,0.014155,8.4124
1.5099,2.109,0.077487,-0.034322,0.01419,8.407
1.51,2.109,0.077487,-0.034386,0.014224,8.4144
1.5101,2.109,0.077488,-0.03444,0.014257,8.4025
1.5101,2.109,0.077489,-0.034492,0.01429,8.4081
1.5102,2.109,0.07749,-0.03453,0.014322,8.4276
1.5102,2.109,0.07749,-0.034576,0.014352,8.4186
1.5103,2.109,0.077491,-0.034634,0.014382,8.4201
1.5103,2.109,0.077492,-0.034694,0.014411,8.4258
1.5104,2.109,0.077493,-0.034752,0.014439,8.4217
1.5104,2.109,0.077493,-0.034803,0.014467,8.4127
1.5105,2.109,0.077494,-0.034841,0.014493,8.4217
1.5105,2.109,0.077495,-0.034876,0.014519,8.4308
1.5106,2.109,0.077496,-0.034902,0.014544,8.4312
1.5106,2.109,0.077496,-0.034932,0.014569,8.4391
1.5107,2.109,0.077497,-0.034954,0.014592,8.4464
1.5107,2.109,0.077498,-0.034977,0.014615,8.4289
1.5108,2.109,0.077499,-0.035012,0.014637,8.4268
1.5108,2.109,0.077499,-0.035057,0.014658,8.4291
1.5109,2.109,0.0775,-0.035105,0.014678,8.4184
1.5109,2.1089,0.077501,-0.035152,0.014698,8.4106
1.511,2.1089,0.077502,-0.035195,0.014715,8.4184
1.5111,2.1089,0.077503,-0.035223,0.014735,8.4084
1.5111,2.1089,0.077503,-0.035242,0.014756,8.4035
1.5112,2.1089,0.077504,-0.035258,0.014779,8.4114
1.5112,2.1089,0.077505,-0.035293,0.014802,8.4125
1.5113,2.1089,0.077506,-0.035337,0.014824,8.4061
1.5113,2.1089,0.077506,-0.035378,0.014845,8.4095
1.5114,2.1089,0.077507,-0.035423,0.014864,8.409
1.5114,2.1089,0.077508,-0.035467,0.014879,8.3993
1.5115,2.1089,0.077509,-0.035501,0.014896,8.3979
1.5115,2.1089,0.07751,-0.035533,0.014911,8.4122
1.5116,2.1089,0.07751,-0.035553,0.014926,8.408
1.5116,2.1089,0.077511,-0.035574,0.01494,8.41
1.5117,2.1089,0.077512,-0.035587,0.014953,8.4217
1.5117,2.1089,0.077513,-0.035589,0.014965,8.4182
1.5118,2.1089,0.077514,-0.035593,0.014977,8.4222
1.5118,2.1089,0.077514,-0.035594,0.014987,8.4323
1.5119,2.1089,0.077515,-0.035592,0.014996,8.4352
1.5119,2.1089,0.077516,-0.035588,0.015005,8.4325
1.512,2.1089,0.077517,-0.035578,0.015013,8.4449
1.5121,2.1089,0.077517,-0.035571,0.01502,8.4494
1.5121,2.1089,0.077518,-0.035569,0.015027,8.4499
1.5122,2.1089,0.077519,-0.035581,0.015034,8.4537
1.5122,2.1089,0.07752,-0.035604,0.01504,8.4599
1.5123,2.1089,0.077521,-0.035626,0.015045,8.4587
1.5123,2.1089,0.077521,-0.035646,0.015051,8.4521
1.5124,2.1089,0.077522,-0.035674,0.015061,8.4603
1.5124,2.1089,0.077523,-0.035693,0.015072,8.4519
1.5125,2.1089,0.077524,-0.035716,0.015085,8.4441
1.5125,2.1089,0.077525,-0.035735,0.0151,8.4603
1.5126,2.1089,0.077525,-0.035756,0.015117,8.4482
1.5126,2.1089,0.077526,-0.035766,0.015136,8.4453
1.5127,2.1089,0.077527,-0.035761,0.015152,8.4568
1.5127,2.1089,0.077528,-0.03575,0.015165,8.4538
1.5128,2.1089,0.077529,-0.035732,0.015176,8.4413
1.5128,2.1089,0.077529,-0.0357,0.015186,8.4569
1.5129,2.1089,0.07753,-0.035668,0.015192,8.4533
1.5129,2.1089,0.077531,-0.035642,0.015199,8.4466
1.513,2.1089,0.077532,-0.035635,0.015206,8.4501
1.5131,2.1089,0.077533,-0.035633,0.015215,8.4567
1.5131,2.1089,0.077533,-0.035635,0.01522,8.4488
1.5132,2.1089,0.077534,-0.035637,0.01522,8.4547
1.5132,2.1089,0.077535,-0.035624,0.015232,8.4647
1.5133,2.1089,0.077536,-0.035589,0.015219,8.4623
1.5133,2.1089,0.077537,-0.035533,0.015188,8.46
1.5134,2.1089,0.077537,-0.035475,0.01515,8.4629
1.5134,2.1089,0.077538,-0.035435,0.015111,8.4579
1.5135,2.1089,0.077539,-0.035392,0.015078,8.4498
1.5135,2.1089,0.07754,-0.035364,0.015058,8.4582
1.5136,2.1089,0.077541,-0.035341,0.015056,8.4532
1.5136,2.1089,0.077541,-0.035322,0.015079,8.4423
1.5137,2.1089,0.077542,-0.035315,0.015087,8.4474
1.5137,2.1088,0.077543,-0.035299,0.015095,8.4528
1.5138,2.1088,0.077544,-0.035292,0.015104,8.4462
1.5138,2.1088,0.077545,-0.035296,0.015113,8.4419
1.5139,2.1088,0.077545,-0.035307,0.015122,8.4388
1.5139,2.1088,0.077546,-0.035321,0.015131,8.4303
1.514,2.1088,0.077547,-0.035322,0.015141,8.4233
1.5141,2.1088,0.077548,-0.035317,0.015151,8.4279
1.5141,2.1088,0.077549,-0.035315,0.015162,8.4195
1.5142,2.1088,0.077549,-0.035295,0.015172,8.4148
1.5142,2.1088,0.07755,-0.035281,0.015183,8.428
1.5143,2.1088,0.077551,-0.035273,0.015195,8.4304
1.5143,2.1088,0.077552,-0.035266,0.015206,8.4145
1.5144,2.1088,0.077553,-0.035252,0.015218,8.4207
1.5144,2.1088,0.077553,-0.035233,0.015231,8.4242
1.5145,2.1088,0.077554,-0.035221,0.015243,8.4212
1.5145,2.1088,0.077555,-0.035227,0.015257,8.4167
1.5146,2.1088,0.077556,-0.035231,0.01527,8.4195
1.5146,2.1088,0.077557,-0.035254,0.015284,8.4135
1.5147,2.1088,0.077557,-0.035296,0.015298,8.4195
1.5147,2.1088,0.077558,-0.035339,0.015313,8.4245
1.5148,2.1088,0.077559,-0.03538,0.015328,8.4177
1.5148,2.1088,0.07756,-0.035412,0.015343,8.4209
1.5149,2.1088,0.077561,-0.035443,0.015359,8.428
1.5149,2.1088,0.077561,-0.035473,0.015376,8.4156
1.515,2.1088,0.077562,-0.035491,0.015393,8.407
1.5151,2.1088,0.077563,-0.035504,0.015411,8.4116
1.5151,2.1088,0.077564,-0.035524,0.015429,8.4141
1.5152,2.1088,0.077565,-0.035544,0.015448,8.3953
1.5152,2.1088,0.077565,-0.035562,0.015468,8.4029
1.5153,2.1088,0.077566,-0.03558,0.015488,8.4075
1.5153,2.1088,0.077567,-0.03559,0.015509,8.3943
1.5154,2.1088,0.077568,-0.035598,0.01553,8.3977
1.5154,2.1088,0.077569,-0.035611,0.015553,8.3986
1.5155,2.1088,0.07757,-0.035627,0.015576,8.3865
1.5155,2.1088,0.07757,-0.035654,0.015599,8.3856
1.5156,2.1088,0.077571,-0.03569,0.015624,8.3959
1.5156,2.1088,0.077572,-0.035734,0.015648,8.3879
1.5157,2.1088,0.077573,-0.035786,0.015674,8.3847
1.5157,2.1088,0.077574,-0.03584,0.0157,8.3964
1.5158,2.1088,0.077574,-0.035892,0.015726,8.3985
1.5158,2.1088,0.077575,-0.035932,0.015753,8.3933
1.5159,2.1088,0.077576,-0.035965,0.015782,8.4042
1.5159,2.1088,0.077577,-0.035998,0.01581,8.401
1.516,2.1088,0.077578,-0.036023,0.01584,8.3944
1.5161,2.1088,0.077579,-0.036032,0.01587,8.3995
1.5161,2.1088,0.077579,-0.036039,0.015901,8.4019
1.5162,2.1088,0.07758,-0.036053,0.015933,8.3909
1.5162,2.1088,0.077581,-0.036069,0.015966,8.3989
1.5163,2.1088,0.077582,-0.036081,0.015999,8.4044
1.5163,2.1088,0.077583,-0.036108,0.016033,8.3981
1.5164,2.1088,0.077584,-0.036144,0.016068,8.3976
1.5164,2.1088,0.077585,-0.036188,0.016104,8.4048
1.5165,2.1088,0.077585,-0.036239,0.016141,8.3952
1.5165,2.1088,0.077586,-0.036312,0.016179,8.3825
1.5166,2.1087,0.077587,-0.036403,0.016217,8.3885
1.5166,2.1087,0.077588,-0.036509,0.016257,8.3805
1.5167,2.1087,0.077589,-0.036624,0.016297,8.3666
1.5167,2.1087,0.07759,-0.036744,0.016338,8.3764
1.5168,2.1087,0.077591,-0.036857,0.01638,8.3795
1.5168,2.1087,0.077591,-0.036968,0.016422,8.3724
1.5169,2.1087,0.077592,-0.037072,0.016466,8.3716
1.5169,2.1087,0.077593,-0.037163,0.01651,8.3813
1.517,2.1087,0.077594,-0.037238,0.016568,8.3742
1.5171,2.1087,0.077595,-0.037301,0.016603,8.3659
1.5171,2.1087,0.077596,-0.037368,0.016622,8.378
1.5172,2.1087,0.077597,-0.037422,0.016633,8.3732
1.5172,2.1087,0.077598,-0.037473,0.016643,8.369
1.5173,2.1087,0.077598,-0.037523,0.01666,8.3854
1.5173,2.1087,0.077599,-0.037569,0.016689,8.3905
1.5174,2.1087,0.0776,-0.03762,0.016738,8.3955
1.5174,2.1087,0.077601,-0.037682,0.016812,8.3982
1.5175,2.1087,0.077602,-0.037764,0.016871,8.4005
1.5175,2.1087,0.077603,-0.037865,0.016931,8.3952
1.5176,2.1087,0.077604,-0.037957,0.017007,8.3924
1.5176,2.1087,0.077605,-0.038037,0.017059,8.398
1.5177,2.1087,0.077605,-0.038102,0.017109,8.3877
1.5177,2.1087,0.077606,-0.03816,0.017141,8.3981
1.5178,2.1087,0.077607,-0.038218,0.017132,8.4088
1.5178,2.1087,0.077608,-0.03828,0.017117,8.3949
1.5179,2.1087,0.077609,-0.038347,0.017081,8.3911
1.5179,2.1087,0.07761,-0.038414,0.01705,8.4052
1.518,2.1087,0.077611,-0.038482,0.017068,8.3965
1.5181,2.1087,0.077612,-0.038535,0.017089,8.3842
1.5181,2.1087,0.077613,-0.038585,0.017118,8.3863
1.5182,2.1087,0.077614,-0.038636,0.017157,8.3879
1.5182,2.1087,0.077615,-0.038683,0.017165,8.3756
1.5183,2.1087,0.077615,-0.038726,0.017185,8.3798
1.5183,2.1087,0.077616,-0.038766,0.017197,8.3905
1.5184,2.1087,0.077617,-0.038806,0.017238,8.3788
1.5184,2.1087,0.077618,-0.038848,0.017327,8.3878
1.5185,2.1087,0.077619,-0.038887,0.017436,8.3999
1.5185,2.1087,0.07762,-0.038931,0.017548,8.3915
1.5186,2.1087,0.077621,-0.038975,0.017683,8.3947
1.5186,2.1087,0.077622,-0.039022,0.017802,8.397
1.5187,2.1087,0.077623,-0.039069,0.017921,8.3948
1.5187,2.1087,0.077624,-0.039118,0.018039,8.3973
1.5188,2.1087,0.077625,-0.039169,0.018156,8.4121
1.5188,2.1087,0.077626,-0.039218,0.018273,8.4165
1.5189,2.1087,0.077627,-0.039273,0.018389,8.414
1.5189,2.1087,0.077628,-0.039332,0.018505,8.4209
1.519,2.1087,0.077629,-0.039393,0.01862,8.4226
1.5191,2.1087,0.07763,-0.039456,0.018734,8.4166
1.5191,2.1087,0.077631,-0.039519,0.018848,8.4195
1.5192,2.1086,0.077632,-0.039581,0.018959,8.4224
1.5192,2.1086,0.077633,-0.039641,0.019071,8.4121
1.5193,2.1086,0.077634,-0.039698,0.019184,8.4145
1.5193,2.1086,0.077635,-0.039758,0.019297,8.4245
1.5194,2.1086,0.077636,-0.039819,0.019409,8.4132
1.5194,2.1086,0.077637,-0.039881,0.01952,8.4048
1.5195,2.1086,0.077638,-0.039944,0.019627,8.4144
1.5195,2.1086,0.077639,-0.040008,0.019732,8.4027
1.5196,2.1086,0.07764,-0.040072,0.019833,8.3954
1.5196,2.1086,0.077641,-0.040137,0.019934,8.4004
1.5197,2.1086,0.077642,-0.040202,0.020035,8.3984
1.5197,2.1086,0.077643,-0.040268,0.020135,8.3847
1.5198,2.1086,0.077644,-0.040335,0.020234,8.396
1.5198,2.1086,0.077645,-0.040402,0.020332,8.3997
1.5199,2.1086,0.077646,-0.04047,0.02043,8.3874
1.5199,2.1086,0.077647,-0.040538,0.020526,8.395
1.52,2.1086,0.077648,-0.040606,0.020622,8.397
1.5201,2.1086,0.077649,-0.040675,0.020716,8.3806
1.5201,2.1086,0.07765,-0.040744,0.020809,8.3783
1.5202,2.1086,0.077652,-0.040813,0.020901,8.3857
1.5202,2.1086,0.077653,-0.040882,0.020992,8.3743
1.5203,2.1086,0.077654,-0.040952,0.021082,8.3764
1.5203,2.1086,0.077655,-0.041021,0.02117,8.3866
1.5204,2.1086,0.077656,-0.041091,0.021256,8.3826
1.5204,2.1086,0.077657,-0.041161,0.021341,8.3833
1.5205,2.1086,0.077658,-0.04123,0.021429,8.396
1.5205,2.1086,0.077659,-0.0413,0.02152,8.3952
1.5206,2.1086,0.077661,-0.041367,0.021612,8.3872
1.5206,2.1086,0.077662,-0.041438,0.021705,8.3878
1.5207,2.1086,0.077663,-0.041511,0.021798,8.387
1.5207,2.1086,0.077664,-0.041586,0.021889,8.3725
1.5208,2.1086,0.077665,-0.041661,0.021978,8.3661
1.5208,2.1086,0.077666,-0.041734,0.022066,8.374
1.5209,2.1086,0.077667,-0.041805,0.022154,8.3646
1.5209,2.1086,0.077669,-0.041873,0.022242,8.3597
1.521,2.1086,0.07767,-0.041933,0.022329,8.3703
1.5211,2.1086,0.077671,-0.041998,0.02241,8.3594
1.5211,2.1086,0.077672,-0.042067,0.022488,8.3457
1.5212,2.1086,0.077673,-0.042141,0.022561,8.3554
1.5212,2.1086,0.077675,-0.042217,0.02263,8.3525
1.5213,2.1086,0.077676,-0.042293,0.022696,8.345
1.5213,2.1086,0.077677,-0.042363,0.022758,8.3592
1.5214,2.1086,0.077678,-0.04243,0.022815,8.3566
1.5214,2.1086,0.077679,-0.042489,0.02287,8.3584
1.5215,2.1086,0.077681,-0.042546,0.022924,8.3668
1.5215,2.1086,0.077682,-0.042602,0.02298,8.3763
1.5216,2.1086,0.077683,-0.042654,0.023038,8.3697
1.5216,2.1085,0.077684,-0.042709,0.0231,8.3752
1.5217,2.1085,0.077685,-0.042763,0.023166,8.3799
1.5217,2.1085,0.077687,-0.042814,0.02323,8.3781
1.5218,2.1085,0.077688,-0.042865,0.023289,8.3793
1.5218,2.1085,0.077689,-0.042915,0.023343,8.3908
1.5219,2.1085,0.07769,-0.042966,0.023406,8.3879
1.5219,2.1085,0.077692,-0.043017,0.023438,8.3871
1.522,2.1085,0.077693,-0.043067,0.023453,8.3919
1.5221,2.1085,0.077694,-0.043126,0.023474,8.3905
1.5221,2.1085,0.077695,-0.04319,0.023485,8.3822
1.5222,2.1085,0.077696,-0.043257,0.02346,8.3888
1.5222,2.1085,0.077698,-0.043314,0.023421,8.3841
1.5223,2.1085,0.077699,-0.043367,0.023388,8.3663
1.5223,2.1085,0.0777,-0.043411,0.023378,8.3711
1.5224,2.1085,0.077701,-0.043442,0.023372,8.3836
1.5224,2.1085,0.077703,-0.043462,0.023396,8.3781
1.5225,2.1085,0.077704,-0.04348,0.02346,8.3706
1.5225,2.1085,0.077705,-0.043495,0.023541,8.3828
1.5226,2.1085,0.077706,-0.043509,0.023572,8.3802
1.5226,2.1085,0.077708,-0.043516,0.023584,8.3741
1.5227,2.1085,0.077709,-0.043521,0.023586,8.3805
1.5227,2.1085,0.07771,-0.043527,0.023585,8.3762
1.5228,2.1085,0.077711,-0.04353,0.023591,8.3755
1.5228,2.1085,0.077713,-0.043536,0.023613,8.3943
1.5229,2.1085,0.077714,-0.043541,0.023653,8.3931
1.5229,2.1085,0.077715,-0.043542,0.023717,8.3885
1.523,2.1085,0.077716,-0.043548,0.023763,8.4054
1.5231,2.1085,0.077718,-0.043559,0.02383,8.4162
1.5231,2.1085,0.077719,-0.043579,0.023889,8.4131
1.5232,2.1085,0.07772,-0.043611,0.023886,8.4168
1.5232,2.1085,0.077721,-0.043645,0.023876,8.4217
1.5233,2.1085,0.077723,-0.04368,0.02389,8.4179
1.5233,2.1085,0.077724,-0.043709,0.023905,8.4085
1.5234,2.1085,0.077725,-0.043732,0.023913,8.4245
1.5234,2.1085,0.077726,-0.043762,0.023895,8.4244
1.5235,2.1085,0.077728,-0.043792,0.023884,8.4221
1.5235,2.1085,0.077729,-0.043832,0.023858,8.4297
1.5236,2.1085,0.07773,-0.043877,0.023823,8.4339
1.5236,2.1085,0.077731,-0.043912,0.023828,8.4208
1.5237,2.1085,0.077733,-0.04394,0.023861,8.4198
1.5237,2.1085,0.077734,-0.043953,0.023883,8.4204
1.5238,2.1085,0.077735,-0.043953,0.023871,8.4156
1.5238,2.1085,0.077736,-0.043942,0.023804,8.4137
1.5239,2.1084,0.077738,-0.04393,0.023714,8.4183
1.5239,2.1084,0.077739,-0.043938,0.023619,8.4126
1.524,2.1084,0.07774,-0.043964,0.023547,8.4117
1.5241,2.1084,0.077741,-0.043999,0.023482,8.4256
1.5241,2.1084,0.077743,-0.04405,0.023422,8.4249
1.5242,2.1084,0.077744,-0.044096,0.023368,8.4123
1.5242,2.1084,0.077745,-0.044138,0.02332,8.428
1.5243,2.1084,0.077746,-0.044166,0.023278,8.4272
1.5243,2.1084,0.077748,-0.044198,0.023242,8.4249
1.5244,2.1084,0.077749,-0.044241,0.023211,8.4345
1.5244,2.1084,0.07775,-0.044285,0.023186,8.4453
1.5245,2.1084,0.077751,-0.044321,0.023166,8.4411
1.5245,2.1084,0.077752,-0.044368,0.023151,8.4453
1.5246,2.1084,0.077754,-0.044407,0.023142,8.4567
1.5246,2.1084,0.077755,-0.044436,0.023137,8.4446
1.5247,2.1084,0.077756,-0.044454,0.023138,8.4518
1.5247,2.1084,0.077757,-0.044473,0.023144,8.4521
1.5248,2.1084,0.077758,-0.044499,0.023154,8.4436
1.5248,2.1084,0.07776,-0.044525,0.02317,8.4407
1.5249,2.1084,0.077761,-0.044554,0.02319,8.4552
1.5249,2.1084,0.077762,-0.044594,0.023214,8.4418
1.525,2.1084,0.077763,-0.044636,0.023244,8.4367
1.5251,2.1084,0.077765,-0.044666,0.023277,8.4496
1.5251,2.1084,0.077766,-0.044692,0.023316,8.4486
1.5252,2.1084,0.077767,-0.044714,0.023358,8.4349
1.5252,2.1084,0.077768,-0.044741,0.023391,8.4394
1.5253,2.1084,0.07777,-0.044778,0.023438,8.4387
1.5253,2.1084,0.077771,-0.044819,0.023515,8.4242
1.5254,2.1084,0.077772,-0.044862,0.023632,8.4285
1.5254,2.1084,0.077773,-0.044905,0.02379,8.433
1.5255,2.1084,0.077775,-0.044937,0.023983,8.4174
1.5255,2.1084,0.077776,-0.044962,0.024199,8.4224
1.5256,2.1084,0.077777,-0.044983,0.024433,8.4435
1.5256,2.1084,0.077778,-0.045008,0.024638,8.4355
1.5257,2.1084,0.07778,-0.04504,0.024798,8.4299
1.5257,2.1084,0.077781,-0.045073,0.024942,8.4372
1.5258,2.1084,0.077782,-0.045113,0.025047,8.4431
1.5258,2.1084,0.077784,-0.04515,0.025133,8.4345
1.5259,2.1084,0.077785,-0.045185,0.025241,8.438
1.5259,2.1084,0.077786,-0.045223,0.025364,8.4436
1.526,2.1084,0.077788,-0.045268,0.025506,8.4389
1.5261,2.1084,0.077789,-0.04532,0.025628,8.4432
1.5261,2.1084,0.07779,-0.045366,0.025712,8.4493
1.5262,2.1083,0.077792,-0.045409,0.025783,8.4383
1.5262,2.1083,0.077793,-0.04545,0.025813,8.4379
1.5263,2.1083,0.077794,-0.045484,0.02582,8.4441
1.5263,2.1083,0.077796,-0.045525,0.025873,8.4304
1.5264,2.1083,0.077797,-0.045567,0.025931,8.422
1.5264,2.1083,0.077799,-0.0456,0.026012,8.4333
1.5265,2.1083,0.0778,-0.045617,0.026124,8.4296
1.5265,2.1083,0.077801,-0.045607,0.026269,8.4205
1.5266,2.1083,0.077803,-0.045578,0.026456,8.4275
1.5266,2.1083,0.077804,-0.045536,0.026635,8.435
1.5267,2.1083,0.077805,-0.045485,0.02681,8.4178
1.5267,2.1083,0.077807,-0.045437,0.026985,8.4221
1.5268,2.1083,0.077808,-0.045391,0.027111,8.4222
1.5268,2.1083,0.07781,-0.045343,0.027203,8.4121
1.5269,2.1083,0.077811,-0.045295,0.02725,8.4092
1.5269,2.1083,0.077813,-0.045258,0.027274,8.4236
1.527,2.1083,0.077814,-0.045227,0.027362,8.4151
1.5271,2.1083,0.077816,-0.045191,0.02746,8.4182
1.5271,2.1083,0.077817,-0.045154,0.027621,8.4371
1.5272,2.1083,0.077818,-0.045109,0.027804,8.4294
1.5272,2.1083,0.07782,-0.045074,0.02798,8.4257
1.5273,2.1083,0.077821,-0.045042,0.028121,8.4392
1.5273,2.1083,0.077823,-0.045011,0.028186,8.4384
1.5274,2.1083,0.077824,-0.04498,0.028218,8.4335
1.5274,2.1083,0.077826,-0.044929,0.028304,8.4401
1.5275,2.1083,0.077827,-0.044864,0.028394,8.449
1.5275,2.1083,0.077829,-0.044792,0.028482,8.4369
1.5276,2.1083,0.07783,-0.044722,0.028602,8.4418
1.5276,2.1083,0.077832,-0.04467,0.028752,8.4503
1.5277,2.1083,0.077833,-0.044626,0.028905,8.4331
1.5277,2.1083,0.077835,-0.044589,0.029086,8.4335
1.5278,2.1083,0.077836,-0.044553,0.02931,8.4428
1.5278,2.1083,0.077838,-0.044516,0.029579,8.4339
1.5279,2.1083,0.07784,-0.044482,0.029845,8.4234
1.5279,2.1083,0.077841,-0.044442,0.03007,8.4289
1.528,2.1083,0.077843,-0.044404,0.030299,8.4151
1.5281,2.1083,0.077844,-0.044361,0.030526,8.4144
1.5281,2.1083,0.077846,-0.044317,0.030705,8.4234
1.5282,2.1083,0.077848,-0.044278,0.030898,8.4231
1.5282,2.1083,0.077849,-0.04425,0.031077,8.4105
1.5283,2.1083,0.077851,-0.044235,0.031232,8.421
1.5283,2.1083,0.077853,-0.04423,0.031361,8.4149
1.5284,2.1082,0.077854,-0.044225,0.031465,8.4112
1.5284,2.1082,0.077856,-0.044216,0.031538,8.4182
1.5285,2.1082,0.077858,-0.044198,0.031636,8.4374
1.5285,2.1082,0.077859,-0.044173,0.031728,8.4273
1.5286,2.1082,0.077861,-0.044143,0.031845,8.4329
1.5286,2.1082,0.077863,-0.04411,0.031966,8.4519
1.5287,2.1082,0.077864,-0.044073,0.032083,8.4541
1.5287,2.1082,0.077866,-0.044042,0.032189,8.4563
1.5288,2.1082,0.077868,-0.044022,0.032279,8.4703
1.5288,2.1082,0.077869,-0.044001,0.032346,8.4609
1.5289,2.1082,0.077871,-0.043981,0.03243,8.4591
1.5289,2.1082,0.077873,-0.043966,0.032515,8.4642
1.529,2.1082,0.077874,-0.043953,0.032601,8.4643
1.5291,2.1082,0.077876,-0.043938,0.032689,8.4568
1.5291,2.1082,0.077878,-0.043918,0.032781,8.4606
1.5292,2.1082,0.07788,-0.043894,0.032871,8.4682
1.5292,2.1082,0.077881,-0.043875,0.03296,8.4574
1.5293,2.1082,0.077883,-0.043855,0.033049,8.4575
1.5293,2.1082,0.077885,-0.043836,0.033125,8.4679
1.5294,2.1082,0.077887,-0.043827,0.033226,8.4511
1.5294,2.1082,0.077888,-0.043821,0.033345,8.4491
1.5295,2.1082,0.07789,-0.043815,0.033477,8.462
1.5295,2.1082,0.077892,-0.043802,0.033599,8.4553
1.5296,2.1082,0.077894,-0.043787,0.033739,8.4389
1.5296,2.1082,0.077895,-0.04377,0.033885,8.4579
1.5297,2.1082,0.077897,-0.043759,0.034022,8.4557
1.5297,2.1082,0.077899,-0.043748,0.034137,8.4463
1.5298,2.1082,0.077901,-0.043742,0.034262,8.4574
1.5298,2.1082,0.077903,-0.043735,0.034376,8.4604
1.5299,2.1082,0.077904,-0.043725,0.034472,8.4544
1.5299,2.1082,0.077906,-0.04371,0.034544,8.4563
1.53,2.1082,0.077908,-0.043694,0.034633,8.4648
1.5301,2.1082,0.07791,-0.043679,0.034721,8.4547
1.5301,2.1082,0.077912,-0.04367,0.03481,8.4597
1.5302,2.1082,0.077914,-0.043665,0.034898,8.4775
1.5302,2.1082,0.077915,-0.043661,0.034987,8.4739
1.5303,2.1082,0.077917,-0.043654,0.035076,8.4695
1.5303,2.1082,0.077919,-0.043651,0.035167,8.4778
1.5304,2.1082,0.077921,-0.043647,0.035257,8.4718
1.5304,2.1082,0.077923,-0.043646,0.035344,8.4679
1.5305,2.1082,0.077925,-0.043651,0.035424,8.4647
1.5305,2.1082,0.077927,-0.043661,0.035502,8.4712
1.5306,2.1082,0.077928,-0.043664,0.035576,8.4489
1.5306,2.1081,0.07793,-0.043662,0.035648,8.4551
1.5307,2.1081,0.077932,-0.043659,0.035717,8.4559
1.5307,2.1081,0.077934,-0.043661,0.035787,8.4461
1.5308,2.1081,0.077936,-0.043669,0.035854,8.4452
1.5308,2.1081,0.077938,-0.043684,0.035918,8.451
1.5309,2.1081,0.07794,-0.043705,0.035977,8.4336
1.5309,2.1081,0.077942,-0.043732,0.036035,8.4252
1.531,2.1081,0.077944,-0.043748,0.036094,8.4329
1.5311,2.1081,0.077945,-0.04375,0.036151,8.4248
1.5311,2.1081,0.077947,-0.043744,0.03621,8.4131
1.5312,2.1081,0.077949,-0.043732,0.036269,8.4225
1.5312,2.1081,0.077951,-0.043719,0.036328,8.429
1.5313,2.1081,0.077953,-0.043708,0.036387,8.4244
1.5313,2.1081,0.077955,-0.043699,0.036448,8.4316
1.5314,2.1081,0.077957,-0.043694,0.036508,8.4289
1.5314,2.1081,0.077959,-0.043688,0.036566,8.42
1.5315,2.1081,0.077961,-0.043677,0.036619,8.4271
1.5315,2.1081,0.077963,-0.04367,0.036668,8.4314
1.5316,2.1081,0.077965,-0.043658,0.036708,8.4219
1.5316,2.1081,0.077967,-0.043653,0.03674,8.421
1.5317,2.1081,0.077969,-0.043655,0.036768,8.4345
1.5317,2.1081,0.07797,-0.043659,0.036798,8.4332
1.5318,2.1081,0.077972,-0.043663,0.036829,8.4242
1.5318,2.1081,0.077974,-0.043666,0.036846,8.4364
1.5319,2.1081,0.077976,-0.043663,0.03689,8.4255
1.5319,2.1081,0.077978,-0.043656,0.03695,8.4123
1.532,2.1081,0.07798,-0.043636,0.037003,8.4145
1.5321,2.1081,0.077982,-0.043614,0.037065,8.4091
1.5321,2.1081,0.077984,-0.043586,0.037164,8.3974
1.5322,2.1081,0.077986,-0.043566,0.037283,8.3979
1.5322,2.1081,0.077988,-0.043547,0.037401,8.4001
1.5323,2.1081,0.07799,-0.043538,0.037493,8.3885
1.5323,2.1081,0.077992,-0.04354,0.037583,8.3924
1.5324,2.1081,0.077994,-0.043549,0.037638,8.3966
1.5324,2.1081,0.077996,-0.043562,0.037647,8.3826
1.5325,2.1081,0.077998,-0.043577,0.037627,8.3783
1.5325,2.1081,0.078,-0.04359,0.037647,8.3858
1.5326,2.1081,0.078002,-0.043607,0.037683,8.3808
1.5326,2.1081,0.078004,-0.04362,0.037728,8.3714
1.5327,2.1081,0.078006,-0.043641,0.037776,8.3903
1.5327,2.1081,0.078008,-0.043663,0.037815,8.3956
1.5328,2.1081,0.07801,-0.043685,0.037838,8.39
1.5328,2.1081,0.078012,-0.043712,0.037837,8.4035
1.5329,2.1081,0.078014,-0.043746,0.037804,8.4085
1.5329,2.108,0.078016,-0.043775,0.037779,8.3963
1.533,2.108,0.078018,-0.043802,0.037726,8.3991
1.5331,2.108,0.07802,-0.043824,0.037677,8.4041
1.5331,2.108,0.078022,-0.043842,0.03767,8.3946
1.5332,2.108,0.078024,-0.04386,0.037692,8.3916
1.5332,2.108,0.078026,-0.043876,0.03771,8.3998
1.5333,2.108,0.078028,-0.043897,0.037738,8.3974
1.5333,2.108,0.07803,-0.043914,0.037779,8.398
1.5334,2.108,0.078032,-0.043923,0.037847,8.4119
1.5334,2.108,0.078034,-0.043933,0.037904,8.4048
1.5335,2.108,0.078036,-0.043945,0.037961,8.4008
1.5335,2.108,0.078038,-0.043962,0.038007,8.403
1.5336,2.108,0.07804,-0.043989,0.038026,8.3946
1.5336,2.108,0.078042,-0.044024,0.038014,8.384
1.5337,2.108,0.078044,-0.044061,0.038011,8.3928
1.5337,2.108,0.078046,-0.044096,0.038039,8.3924
1.5338,2.108,0.078048,-0.044134,0.038126,8.378
1.5338,2.108,0.07805,-0.044171,0.038245,8.3853
1.5339,2.108,0.078052,-0.044202,0.038378,8.4009
1.5339,2.108,0.078054,-0.04423,0.038498,8.3839
1.534,2.108,0.078056,-0.044256,0.038621,8.3833
1.5341,2.108,0.078058,-0.044285,0.038748,8.3883
1.5341,2.108,0.07806,-0.044315,0.038876,8.3857
1.5342,2.108,0.078062,-0.044351,0.039008,8.3775
1.5342,2.108,0.078064,-0.044397,0.039143,8.3915
1.5343,2.108,0.078066,-0.044445,0.03928,8.3978
1.5343,2.108,0.078068,-0.044486,0.03942,8.3936
1.5344,2.108,0.07807,-0.044522,0.039563,8.4094
1.5344,2.108,0.078072,-0.044551,0.039708,8.4222
1.5345,2.108,0.078074,-0.044574,0.039857,8.4133
1.5345,2.108,0.078076,-0.044591,0.040008,8.4198
1.5346,2.108,0.078079,-0.044606,0.040162,8.4166
1.5346,2.108,0.078081,-0.044621,0.040319,8.409
1.5347,2.108,0.078083,-0.044634,0.040478,8.4095
1.5347,2.108,0.078085,-0.044647,0.040641,8.4161
1.5348,2.108,0.078087,-0.044659,0.040806,8.4071
1.5348,2.108,0.078089,-0.04467,0.040973,8.4067
1.5349,2.108,0.078091,-0.044684,0.041144,8.415
1.5349,2.108,0.078094,-0.044702,0.041317,8.4098
1.535,2.108,0.078096,-0.044729,0.041493,8.4002
1.5351,2.108,0.078098,-0.044761,0.041671,8.4013
1.5351,2.108,0.0781,-0.044801,0.041852,8.3996
1.5352,2.108,0.078102,-0.044843,0.042051,8.3882
1.5352,2.1079,0.078105,-0.044879,0.042243,8.3915
1.5353,2.1079,0.078107,-0.04491,0.04241,8.3975
1.5353,2.1079,0.078109,-0.044935,0.042541,8.393
1.5354,2.1079,0.078111,-0.044956,0.042628,8.4023
1.5354,2.1079,0.078114,-0.04498,0.042675,8.4045
1.5355,2.1079,0.078116,-0.045008,0.042689,8.4022
1.5355,2.1079,0.078118,-0.045039,0.042671,8.4057
1.5356,2.1079,0.07812,-0.045069,0.042672,8.4132
1.5356,2.1079,0.078123,-0.045097,0.042708,8.4126
1.5357,2.1079,0.078125,-0.045122,0.042753,8.407
1.5357,2.1079,0.078127,-0.04514,0.042835,8.4184
1.5358,2.1079,0.078129,-0.045156,0.042934,8.4225
1.5358,2.1079,0.078132,-0.045173,0.043011,8.4252
1.5359,2.1079,0.078134,-0.04519,0.043069,8.4397
1.5359,2.1079,0.078136,-0.045206,0.043105,8.4472
1.536,2.1079,0.078138,-0.045222,0.043155,8.4313
1.5361,2.1079,0.078141,-0.045239,0.043241,8.4395
1.5361,2.1079,0.078143,-0.045255,0.043341,8.4404
1.5362,2.1079,0.078145,-0.045269,0.043485,8.4239
1.5362,2.1079,0.078148,-0.045281,0.043658,8.4198
1.5363,2.1079,0.07815,-0.045292,0.043794,8.4313
1.5363,2.1079,0.078152,-0.045299,0.043927,8.4179
1.5364,2.1079,0.078155,-0.04531,0.044041,8.419
1.5364,2.1079,0.078157,-0.045323,0.044124,8.4266
1.5365,2.1079,0.078159,-0.04534,0.04417,8.4181
1.5365,2.1079,0.078161,-0.045356,0.044165,8.4108
1.5366,2.1079,0.078164,-0.045371,0.044159,8.414
1.5366,2.1079,0.078166,-0.045382,0.044147,8.4094
1.5367,2.1079,0.078168,-0.045387,0.044125,8.3887
1.5367,2.1079,0.078171,-0.045383,0.044143,8.3904
1.5368,2.1079,0.078173,-0.045381,0.044191,8.3916
1.5368,2.1079,0.078175,-0.045385,0.044284,8.3842
1.5369,2.1079,0.078178,-0.04539,0.044388,8.3848
1.5369,2.1079,0.07818,-0.045398,0.044453,8.4
1.537,2.1079,0.078182,-0.045412,0.044527,8.3847
1.5371,2.1079,0.078185,-0.04543,0.044546,8.3861
1.5371,2.1079,0.078187,-0.045453,0.044544,8.3939
1.5372,2.1079,0.078189,-0.045472,0.04454,8.3804
1.5372,2.1079,0.078192,-0.045494,0.044556,8.3774
1.5373,2.1079,0.078194,-0.045515,0.04463,8.3898
1.5373,2.1079,0.078197,-0.045531,0.044714,8.3882
1.5374,2.1079,0.078199,-0.045545,0.04476,8.3882
1.5374,2.1078,0.078201,-0.04556,0.044799,8.3922
1.5375,2.1078,0.078204,-0.045579,0.044823,8.3989
1.5375,2.1078,0.078206,-0.045607,0.044834,8.3846
1.5376,2.1078,0.078208,-0.045635,0.044813,8.3842
1.5376,2.1078,0.078211,-0.045663,0.044803,8.3891
1.5377,2.1078,0.078213,-0.045683,0.044807,8.3769
1.5377,2.1078,0.078215,-0.045694,0.044775,8.3746
1.5378,2.1078,0.078218,-0.045698,0.044723,8.3831
1.5378,2.1078,0.07822,-0.045698,0.044671,8.3723
1.5379,2.1078,0.078222,-0.045701,0.044613,8.3729
1.5379,2.1078,0.078225,-0.045716,0.044546,8.3833
1.538,2.1078,0.078227,-0.045735,0.044472,8.3767
1.5381,2.1078,0.078229,-0.045756,0.044435,8.3696
1.5381,2.1078,0.078232,-0.045774,0.044419,8.3694
1.5382,2.1078,0.078234,-0.045785,0.044414,8.364
1.5382,2.1078,0.078236,-0.045788,0.044449,8.3592
1.5383,2.1078,0.078239,-0.045782,0.044495,8.3664
1.5383,2.1078,0.078241,-0.045776,0.044527,8.3753
1.5384,2.1078,0.078244,-0.045776,0.044574,8.3694
1.5384,2.1078,0.078246,-0.045781,0.044596,8.3749
1.5385,2.1078,0.078248,-0.045794,0.044601,8.3832
1.5385,2.1078,0.078251,-0.045813,0.044593,8.3764
1.5386,2.1078,0.078253,-0.045837,0.044579,8.3848
1.5386,2.1078,0.078255,-0.045866,0.044568,8.3952
1.5387,2.1078,0.078258,-0.045891,0.044565,8.3855
1.5387,2.1078,0.07826,-0.04591,0.044578,8.3839
1.5388,2.1078,0.078262,-0.045926,0.044616,8.3958
1.5388,2.1078,0.078265,-0.045938,0.04464,8.3875
1.5389,2.1078,0.078267,-0.045943,0.044665,8.3846
1.5389,2.1078,0.078269,-0.045944,0.044689,8.399
1.539,2.1078,0.078272,-0.045947,0.044713,8.3975
1.5391,2.1078,0.078274,-0.045957,0.044737,8.3912
1.5391,2.1078,0.078276,-0.045973,0.044762,8.3972
1.5392,2.1078,0.078279,-0.04599,0.044787,8.3938
1.5392,2.1078,0.078281,-0.046007,0.044811,8.3916
1.5393,2.1078,0.078283,-0.046024,0.044851,8.3929
1.5393,2.1078,0.078286,-0.046031,0.044868,8.3962
1.5394,2.1078,0.078288,-0.046034,0.044866,8.3885
1.5394,2.1078,0.078291,-0.046038,0.044851,8.3961
1.5395,2.1078,0.078293,-0.046047,0.044847,8.4103
1.5395,2.1078,0.078295,-0.046061,0.044819,8.4038
1.5396,2.1077,0.078298,-0.046077,0.044782,8.3975
1.5396,2.1077,0.0783,-0.046085,0.04475,8.4143
1.5397,2.1077,0.078302,-0.046097,0.044735,8.4083
1.5397,2.1077,0.078305,-0.046109,0.044708,8.4036
1.5398,2.1077,0.078307,-0.046122,0.04469,8.4089
1.5398,2.1077,0.078309,-0.046139,0.044688,8.4184
1.5399,2.1077,0.078312,-0.046162,0.04471,8.4075
1.5399,2.1077,0.078314,-0.046185,0.044717,8.422
1.54,2.1077,0.078316,-0.046205,0.044725,8.434
1.5401,2.1077,0.078319,-0.046216,0.044733,8.4278
1.5401,2.1077,0.078321,-0.046227,0.04474,8.4318
1.5402,2.1077,0.078324,-0.046238,0.044748,8.4374
1.5402,2.1077,0.078326,-0.046252,0.044756,8.431
1.5403,2.1077,0.078328,-0.046263,0.044764,8.4277
1.5403,2.1077,0.078331,-0.046277,0.044771,8.4375
1.5404,2.1077,0.078333,-0.046289,0.044779,8.4336
1.5404,2.1077,0.078335,-0.046294,0.044786,8.4304
1.5405,2.1077,0.078338,-0.046298,0.044793,8.4382
1.5405,2.1077,0.07834,-0.046305,0.044801,8.4416
1.5406,2.1077,0.078342,-0.046313,0.044808,8.4318
1.5406,2.1077,0.078345,-0.04632,0.044816,8.4373
1.5407,2.1077,0.078347,-0.046325,0.044823,8.4411
1.5407,2.1077,0.078349,-0.046327,0.04483,8.4307
1.5408,2.1077,0.078352,-0.046322,0.044837,8.4254
1.5408,2.1077,0.078354,-0.046314,0.044844,8.4398
1.5409,2.1077,0.078357,-0.04631,0.044852,8.4262
1.5409,2.1077,0.078359,-0.046319,0.044859,8.4282
1.541,2.1077,0.078361,-0.046335,0.044866,8.4437
1.5411,2.1077,0.078364,-0.046352,0.044873,8.4442
1.5411,2.1077,0.078366,-0.046372,0.044879,8.4363
1.5412,2.1077,0.078368,-0.046386,0.044886,8.4443
1.5412,2.1077,0.078371,-0.046393,0.044893,8.4484
1.5413,2.1077,0.078373,-0.046392,0.0449,8.4444
1.5413,2.1077,0.078375,-0.046391,0.044906,8.4496
1.5414,2.1077,0.078378,-0.046395,0.044913,8.4504
1.5414,2.1077,0.07838,-0.046401,0.044919,8.4485
1.5415,2.1077,0.078383,-0.046409,0.044925,8.4543
1.5415,2.1077,0.078385,-0.046421,0.044932,8.4646
1.5416,2.1077,0.078387,-0.046428,0.044938,8.4614
1.5416,2.1077,0.07839,-0.046432,0.044944,8.4611
1.5417,2.1077,0.078392,-0.046435,0.04495,8.4622
1.5417,2.1076,0.078394,-0.046437,0.044954,8.4537
1.5418,2.1076,0.078397,-0.04644,0.044961,8.4502
1.5418,2.1076,0.078399,-0.046445,0.044969,8.4551
1.5419,2.1076,0.078401,-0.046452,0.044978,8.4528
1.5419,2.1076,0.078404,-0.046464,0.044987,8.4437
1.542,2.1076,0.078406,-0.046476,0.044996,8.4544
1.5421,2.1076,0.078409,-0.046488,0.045003,8.4548
1.5421,2.1076,0.078411,-0.046501,0.045007,8.4408
1.5422,2.1076,0.078413,-0.046513,0.045009,8.4457
1.5422,2.1076,0.078416,-0.046519,0.045013,8.4464
1.5423,2.1076,0.078418,-0.04652,0.045016,8.435
1.5423,2.1076,0.07842,-0.046519,0.04502,8.4363
1.5424,2.1076,0.078423,-0.04652,0.045023,8.4405
1.5424,2.1076,0.078425,-0.046523,0.045026,8.4309
1.5425,2.1076,0.078428,-0.046529,0.045029,8.4297
1.5425,2.1076,0.07843,-0.046537,0.045032,8.4446
1.5426,2.1076,0.078432,-0.046548,0.045035,8.4446
1.5426,2.1076,0.078435,-0.046554,0.045038,8.4361
1.5427,2.1076,0.078437,-0.046559,0.045041,8.4489
1.5427,2.1076,0.078439,-0.046565,0.045044,8.4443
1.5428,2.1076,0.078442,-0.04657,0.045047,8.439
1.5428,2.1076,0.078444,-0.046567,0.04505,8.4371
1.5429,2.1076,0.078446,-0.046562,0.045052,8.4424
1.5429,2.1076,0.078449,-0.046555,0.045054,8.4297
1.543,2.1076,0.078451,-0.046548,0.045057,8.4399
1.5431,2.1076,0.078454,-0.046545,0.045059,8.4455
1.5431,2.1076,0.078456,-0.046548,0.045061,8.4308
1.5432,2.1076,0.078458,-0.046557,0.045063,8.4362
1.5432,2.1076,0.078461,-0.046565,0.045065,8.4403
1.5433,2.1076,0.078463,-0.046571,0.045067,8.4311
1.5433,2.1076,0.078465,-0.046577,0.045069,8.421
1.5434,2.1076,0.078468,-0.046581,0.04507,8.4234
1.5434,2.1076,0.07847,-0.046585,0.045071,8.4218
1.5435,2.1076,0.078473,-0.04659,0.045073,8.414
1.5435,2.1076,0.078475,-0.046593,0.045074,8.4244
1.5436,2.1076,0.078477,-0.046595,0.045075,8.4264
1.5436,2.1076,0.07848,-0.046597,0.045076,8.4219
1.5437,2.1076,0.078482,-0.046601,0.045077,8.4306
1.5437,2.1076,0.078484,-0.046605,0.045079,8.437
1.5438,2.1076,0.078487,-0.046609,0.04508,8.4298
1.5438,2.1076,0.078489,-0.046613,0.045081,8.4276
1.5439,2.1075,0.078492,-0.046616,0.045082,8.4332
1.5439,2.1075,0.078494,-0.046619,0.045083,8.418
1.544,2.1075,0.078496,-0.046619,0.045083,8.4192
1.5441,2.1075,0.078499,-0.046621,0.045084,8.4357
1.5441,2.1075,0.078501,-0.046622,0.045085,8.4372
1.5442,2.1075,0.078503,-0.046623,0.045085,8.4339
1.5442,2.1075,0.078506,-0.046624,0.045086,8.451
1.5443,2.1075,0.078508,-0.046625,0.045086,8.4458
1.5443,2.1075,0.078511,-0.046625,0.045087,8.4396
1.5444,2.1075,0.078513,-0.046625,0.045087,8.4488
1.5444,2.1075,0.078515,-0.046624,0.045088,8.4446
1.5445,2.1075,0.078518,-0.046625,0.045086,8.4322
1.5445,2.1075,0.07852,-0.046625,0.045087,8.4365
1.5446,2.1075,0.078522,-0.046627,0.04509,8.4433
1.5446,2.1075,0.078525,-0.04663,0.045094,8.4282
1.5447,2.1075,0.078527,-0.046634,0.045098,8.4323
1.5447,2.1075,0.07853,-0.046637,0.0451,8.4423
1.5448,2.1075,0.078532,-0.046638,0.045102,8.437
1.5448,2.1075,0.078534,-0.046638,0.045106,8.4251
1.5449,2.1075,0.078537,-0.046638,0.04511,8.4323
1.5449,2.1075,0.078539,-0.046635,0.045118,8.4217
1.545,2.1075,0.078541,-0.046633,0.045129,8.4191
1.5451,2.1075,0.078544,-0.046632,0.045137,8.4354
1.5451,2.1075,0.078546,-0.046634,0.045144,8.4463
1.5452,2.1075,0.078549,-0.046637,0.045148,8.4444
1.5452,2.1075,0.078551,-0.046641,0.04515,8.4564
1.5453,2.1075,0.078553,-0.046646,0.045153,8.4663
1.5453,2.1075,0.078556,-0.046652,0.045152,8.4601
1.5454,2.1075,0.078558,-0.046657,0.045151,8.4669
1.5454,2.1075,0.07856,-0.046663,0.045148,8.4705
1.5455,2.1075,0.078563,-0.046669,0.045143,8.4604
1.5455,2.1075,0.078565,-0.046674,0.045139,8.4646
1.5456,2.1075,0.078568,-0.046675,0.045136,8.472
1.5456,2.1075,0.07857,-0.046675,0.045132,8.4713
1.5457,2.1075,0.078572,-0.046674,0.045129,8.4677
1.5457,2.1075,0.078575,-0.046674,0.045126,8.4823
1.5458,2.1075,0.078577,-0.046674,0.045122,8.4788
1.5458,2.1075,0.078579,-0.046673,0.045119,8.4638
1.5459,2.1075,0.078582,-0.046672,0.045116,8.4697
1.5459,2.1075,0.078584,-0.04667,0.045113,8.4727
1.546,2.1075,0.078587,-0.046666,0.04511,8.4529
1.5461,2.1074,0.078589,-0.046662,0.045108,8.457
1.5461,2.1074,0.078591,-0.046658,0.045105,8.4639
1.5462,2.1074,0.078594,-0.046656,0.045103,8.4547
1.5462,2.1074,0.078596,-0.046654,0.045101,8.459
1.5463,2.1074,0.078598,-0.046651,0.0451,8.4657
1.5463,2.1074,0.078601,-0.046648,0.045098,8.4587
1.5464,2.1074,0.078603,-0.046645,0.045096,8.4601
1.5464,2.1074,0.078606,-0.046639,0.045093,8.4586
1.5465,2.1074,0.078608,-0.046634,0.045091,8.4487
1.5465,2.1074,0.07861,-0.046628,0.045092,8.4453
1.5466,2.1074,0.078613,-0.046624,0.045099,8.4555
1.5466,2.1074,0.078615,-0.046621,0.045107,8.4575
1.5467,2.1074,0.078617,-0.046619,0.045117,8.4581
1.5467,2.1074,0.07862,-0.04662,0.045129,8.4718
1.5468,2.1074,0.078622,-0.046621,0.04514,8.4802
1.5468,2.1074,0.078625,-0.046623,0.04515,8.4696
1.5469,2.1074,0.078627,-0.046626,0.045159,8.4669
1.5469,2.1074,0.078629,-0.046628,0.045171,8.4696
1.547,2.1074,0.078632,-0.04663,0.045185,8.4596
1.5471,2.1074,0.078634,-0.046633,0.045196,8.4631
1.5471,2.1074,0.078636,-0.046636,0.045202,8.4721
1.5472,2.1074,0.078639,-0.046638,0.045204,8.4684
1.5472,2.1074,0.078641,-0.046641,0.045204,8.4575
1.5473,2.1074,0.078644,-0.046644,0.045204,8.471
1.5473,2.1074,0.078646,-0.046647,0.045205,8.4716
1.5474,2.1074,0.078648,-0.04665,0.045208,8.4645
1.5474,2.1074,0.078651,-0.046654,0.045216,8.4612
1.5475,2.1074,0.078653,-0.046657,0.045224,8.4479
1.5475,2.1074,0.078655,-0.04666,0.045231,8.441
1.5476,2.1074,0.078658,-0.046664,0.045236,8.4516
1.5476,2.1074,0.07866,-0.046667,0.045237,8.4564
1.5477,2.1074,0.078663,-0.046672,0.045234,8.4448
1.5477,2.1074,0.078665,-0.046677,0.045225,8.4488
1.5478,2.1074,0.078667,-0.046681,0.045211,8.4555
1.5478,2.1074,0.07867,-0.046685,0.045195,8.4399
1.5479,2.1074,0.078672,-0.046688,0.045181,8.4385
1.5479,2.1074,0.078674,-0.046691,0.045173,8.4423
1.548,2.1074,0.078677,-0.046694,0.045169,8.4404
1.5481,2.1074,0.078679,-0.046696,0.045169,8.4346
1.5481,2.1074,0.078682,-0.0467,0.045172,8.4377
1.5482,2.1074,0.078684,-0.046704,0.045175,8.4438
1.5482,2.1073,0.078686,-0.046708,0.045176,8.4365
1.5483,2.1073,0.078689,-0.046711,0.045175,8.4477
1.5483,2.1073,0.078691,-0.046715,0.045175,8.4509
1.5484,2.1073,0.078694,-0.04672,0.045173,8.4341
1.5484,2.1073,0.078696,-0.046724,0.045173,8.4386
1.5485,2.1073,0.078698,-0.046728,0.045169,8.4398
1.5485,2.1073,0.078701,-0.046732,0.045162,8.4244
1.5486,2.1073,0.078703,-0.046737,0.045154,8.4152
1.5486,2.1073,0.078705,-0.046741,0.045146,8.4259
1.5487,2.1073,0.078708,-0.046746,0.045137,8.4205
1.5487,2.1073,0.07871,-0.046751,0.045129,8.4111
1.5488,2.1073,0.078713,-0.046756,0.045122,8.4161
1.5488,2.1073,0.078715,-0.046761,0.045118,8.4091
1.5489,2.1073,0.078717,-0.046766,0.045111,8.4007
1.5489,2.1073,0.07872,-0.046771,0.045104,8.4043
1.549,2.1073,0.078722,-0.046776,0.045096,8.3981
1.5491,2.1073,0.078724,-0.046781,0.045088,8.3861
1.5491,2.1073,0.078727,-0.046787,0.045079,8.3927
1.5492,2.1073,0.078729,-0.04679,0.045069,8.3954
1.5492,2.1073,0.078732,-0.046797,0.045061,8.3889
1.5493,2.1073,0.078734,-0.046805,0.045051,8.3915
1.5493,2.1073,0.078736,-0.046819,0.045037,8.4037
1.5494,2.1073,0.078739,-0.046836,0.045019,8.4
1.5494,2.1073,0.078741,-0.046853,0.044996,8.3963
1.5495,2.1073,0.078743,-0.046869,0.044969,8.4075
1.5495,2.1073,0.078746,-0.046881,0.044938,8.4055
1.5496,2.1073,0.078748,-0.046889,0.044909,8.3959
1.5496,2.1073,0.07875,-0.046893,0.044884,8.4048
1.5497,2.1073,0.078753,-0.046889,0.04486,8.4075
1.5497,2.1073,0.078755,-0.046886,0.044837,8.4041
1.5498,2.1073,0.078758,-0.046882,0.044814,8.4137
1.5498,2.1073,0.07876,-0.046879,0.04479,8.4179
1.5499,2.1073,0.078762,-0.046877,0.044765,8.411
1.5499,2.1073,0.078765,-0.046878,0.044737,8.4076
1.55,2.1073,0.078767,-0.046884,0.044711,8.4105
1.5501,2.1073,0.078769,-0.046887,0.044684,8.4008
1.5501,2.1073,0.078772,-0.04689,0.044659,8.3977
1.5502,2.1073,0.078774,-0.046893,0.044638,8.4063
1.5502,2.1073,0.078776,-0.046897,0.044622,8.3935
1.5503,2.1073,0.078779,-0.0469,0.04461,8.3941
1.5503,2.1072,0.078781,-0.046904,0.044598,8.4083
1.5504,2.1072,0.078783,-0.046908,0.044585,8.407
1.5504,2.1072,0.078786,-0.046912,0.044572,8.3985
1.5505,2.1072,0.078788,-0.046916,0.044558,8.4073
1.5505,2.1072,0.07879,-0.04692,0.044544,8.401
1.5506,2.1072,0.078793,-0.046927,0.044534,8.3975
1.5506,2.1072,0.078795,-0.04693,0.044529,8.4025
1.5507,2.1072,0.078797,-0.046929,0.044524,8.4125
1.5507,2.1072,0.0788,-0.04693,0.044517,8.4092
1.5508,2.1072,0.078802,-0.046928,0.044509,8.4114
1.5508,2.1072,0.078804,-0.046921,0.044503,8.4297
1.5509,2.1072,0.078807,-0.046907,0.044495,8.4247
1.5509,2.1072,0.078809,-0.046892,0.044483,8.4221
1.551,2.1072,0.078812,-0.046874,0.044467,8.4326
1.5511,2.1072,0.078814,-0.046852,0.04445,8.4283
1.5511,2.1072,0.078816,-0.046832,0.044433,8.4166
1.5512,2.1072,0.078819,-0.04682,0.044417,8.4276
1.5512,2.1072,0.078821,-0.046812,0.044405,8.4267
1.5513,2.1072,0.078823,-0.046808,0.044397,8.4214
1.5513,2.1072,0.078826,-0.046804,0.04439,8.4326
1.5514,2.1072,0.078828,-0.046805,0.044381,8.4344
1.5514,2.1072,0.07883,-0.046803,0.044371,8.4186
1.5515,2.1072,0.078833,-0.046801,0.044361,8.4243
1.5515,2.1072,0.078835,-0.046799,0.04435,8.4222
1.5516,2.1072,0.078837,-0.046798,0.04434,8.4071
1.5516,2.1072,0.07884,-0.046796,0.044328,8.3997
1.5517,2.1072,0.078842,-0.046794,0.044319,8.4103
1.5517,2.1072,0.078844,-0.046793,0.044306,8.4057
1.5518,2.1072,0.078847,-0.046791,0.044291,8.402
1.5518,2.1072,0.078849,-0.046789,0.044274,8.4161
1.5519,2.1072,0.078851,-0.046788,0.044257,8.4086
1.5519,2.1072,0.078854,-0.046786,0.044239,8.3967
1.552,2.1072,0.078856,-0.046785,0.044223,8.413
1.5521,2.1072,0.078858,-0.046783,0.044208,8.4125
1.5521,2.1072,0.078861,-0.046782,0.044195,8.4025
1.5522,2.1072,0.078863,-0.046781,0.044181,8.4073
1.5522,2.1072,0.078865,-0.046779,0.044167,8.4103
1.5523,2.1072,0.078867,-0.046778,0.044153,8.4054
1.5523,2.1072,0.07887,-0.046777,0.044138,8.4162
1.5524,2.1072,0.078872,-0.046775,0.044123,8.4326
1.5524,2.1072,0.078874,-0.046774,0.044108,8.4232
1.5525,2.1071,0.078877,-0.046773,0.044095,8.426
1.5525,2.1071,0.078879,-0.046772,0.044078,8.4317
1.5526,2.1071,0.078881,-0.046771,0.044059,8.4281
1.5526,2.1071,0.078884,-0.04677,0.044039,8.4156
1.5527,2.1071,0.078886,-0.046769,0.044019,8.4215
1.5527,2.1071,0.078888,-0.046768,0.043999,8.4274
1.5528,2.1071,0.078891,-0.046767,0.04398,8.4187
1.5528,2.1071,0.078893,-0.046766,0.043964,8.4336
1.5529,2.1071,0.078895,-0.046765,0.04395,8.4331
1.5529,2.1071,0.078898,-0.046764,0.043934,8.4223
1.553,2.1071,0.0789,-0.046764,0.043919,8.4246
1.5531,2.1071,0.078902,-0.046763,0.043903,8.4255
1.5531,2.1071,0.078905,-0.046762,0.043887,8.4209
1.5532,2.1071,0.078907,-0.046761,0.043871,8.4073
1.5532,2.1071,0.078909,-0.046761,0.043855,8.4223
1.5533,2.1071,0.078911,-0.04676,0.043838,8.4032
1.5533,2.1071,0.078914,-0.046759,0.043822,8.396
1.5534,2.1071,0.078916,-0.046759,0.043806,8.3985
1.5534,2.1071,0.078918,-0.046758,0.04379,8.3979
1.5535,2.1071,0.078921,-0.046758,0.043774,8.3871
1.5535,2.1071,0.078923,-0.046757,0.043759,8.3976
1.5536,2.1071,0.078925,-0.046757,0.043743,8.3939
1.5536,2.1071,0.078928,-0.046757,0.043728,8.3807
1.5537,2.1071,0.07893,-0.046756,0.043713,8.3879
1.5537,2.1071,0.078932,-0.046756,0.043698,8.3985
1.5538,2.1071,0.078934,-0.046756,0.043683,8.3886
1.5538,2.1071,0.078937,-0.046756,0.043669,8.3996
1.5539,2.1071,0.078939,-0.046755,0.043654,8.4132
1.5539,2.1071,0.078941,-0.046755,0.04364,8.3996
1.554,2.1071,0.078944,-0.046755,0.043626,8.4023
1.5541,2.1071,0.078946,-0.046755,0.043612,8.4077
1.5541,2.1071,0.078948,-0.046755,0.043598,8.3961
1.5542,2.1071,0.078951,-0.046755,0.043584,8.3909
1.5542,2.1071,0.078953,-0.046755,0.04357,8.3991
1.5543,2.1071,0.078955,-0.046755,0.043557,8.3952
1.5543,2.1071,0.078957,-0.046755,0.043545,8.384
1.5544,2.1071,0.07896,-0.046755,0.043532,8.3972
1.5544,2.1071,0.078962,-0.046755,0.043522,8.3974
1.5545,2.1071,0.078964,-0.046756,0.04351,8.3859
1.5545,2.1071,0.078967,-0.046756,0.043496,8.3961
1.5546,2.107,0.078969,-0.046756,0.043481,8.3906
1.5546,2.107,0.078971,-0.046756,0.043465,8.3794
1.5547,2.107,0.078973,-0.046757,0.043452,8.377
1.5547,2.107,0.078976,-0.046757,0.043439,8.3842
1.5548,2.107,0.078978,-0.046758,0.043424,8.3805
1.5548,2.107,0.07898,-0.046758,0.04341,8.3825
1.5549,2.107,0.078983,-0.046758,0.043391,8.392
1.5549,2.107,0.078985,-0.046759,0.043369,8.3938
1.555,2.107,0.078987,-0.04676,0.043349,8.3861
1.5551,2.107,0.078989,-0.04676,0.043329,8.3976
1.5551,2.107,0.078992,-0.046761,0.043313,8.3928
1.5552,2.107,0.078994,-0.046761,0.043298,8.3839
1.5552,2.107,0.078996,-0.046762,0.043283,8.3938
1.5553,2.107,0.078999,-0.046763,0.043271,8.4042
1.5553,2.107,0.079001,-0.046764,0.04326,8.3957
1.5554,2.107,0.079003,-0.046764,0.043251,8.3993
1.5554,2.107,0.079005,-0.046765,0.043246,8.4108
1.5555,2.107,0.079008,-0.046766,0.043239,8.4042
1.5555,2.107,0.07901,-0.046767,0.043234,8.4082
1.5556,2.107,0.079012,-0.046768,0.043229,8.4172
1.5556,2.107,0.079014,-0.046774,0.043224,8.404
1.5557,2.107,0.079017,-0.046774,0.043221,8.3934
1.5557,2.107,0.079019,-0.046764,0.043218,8.4021
1.5558,2.107,0.079021,-0.046751,0.043215,8.4025
1.5558,2.107,0.079024,-0.046734,0.043213,8.3899
1.5559,2.107,0.079026,-0.046714,0.043212,8.3938
1.5559,2.107,0.079028,-0.04669,0.043212,8.398
1.556,2.107,0.07903,-0.046671,0.043212,8.3902
1.5561,2.107,0.079033,-0.046664,0.043212,8.3988
1.5561,2.107,0.079035,-0.04666,0.043214,8.4033
1.5562,2.107,0.079037,-0.046664,0.043216,8.3938
1.5562,2.107,0.07904,-0.046673,0.043219,8.3988
1.5563,2.107,0.079042,-0.046681,0.043223,8.4094
1.5563,2.107,0.079044,-0.046689,0.043229,8.4093
1.5564,2.107,0.079046,-0.046688,0.043237,8.4082
1.5564,2.107,0.079049,-0.046683,0.043244,8.4244
1.5565,2.107,0.079051,-0.046683,0.04325,8.4319
1.5565,2.107,0.079053,-0.046684,0.04325,8.4277
1.5566,2.107,0.079055,-0.046689,0.043249,8.4404
1.5566,2.107,0.079058,-0.046688,0.043245,8.4379
1.5567,2.107,0.07906,-0.046684,0.04324,8.4268
1.5567,2.1069,0.079062,-0.046679,0.043234,8.4314
1.5568,2.1069,0.079065,-0.04667,0.043229,8.4359
1.5568,2.1069,0.079067,-0.046656,0.043224,8.4238
1.5569,2.1069,0.079069,-0.046643,0.043216,8.4368
1.5569,2.1069,0.079071,-0.046629,0.043203,8.4418
1.557,2.1069,0.079074,-0.046619,0.043193,8.4359
1.5571,2.1069,0.079076,-0.046617,0.043188,8.4368
1.5571,2.1069,0.079078,-0.046612,0.043186,8.4497
1.5572,2.1069,0.07908,-0.046604,0.043186,8.4304
1.5572,2.1069,0.079083,-0.046597,0.043186,8.4272
1.5573,2.1069,0.079085,-0.046587,0.043185,8.4319
1.5573,2.1069,0.079087,-0.046583,0.043181,8.4283
1.5574,2.1069,0.07909,-0.046589,0.043173,8.4212
1.5574,2.1069,0.079092,-0.046605,0.043162,8.4277
1.5575,2.1069,0.079094,-0.046629,0.043152,8.439
1.5575,2.1069,0.079096,-0.046654,0.043143,8.4324
1.5576,2.1069,0.079099,-0.04668,0.043136,8.4369
1.5576,2.1069,0.079101,-0.046704,0.043134,8.4431
1.5577,2.1069,0.079103,-0.046718,0.043137,8.4372
1.5577,2.1069,0.079105,-0.046729,0.043146,8.4376
1.5578,2.1069,0.079108,-0.046734,0.043158,8.4469
1.5578,2.1069,0.07911,-0.046733,0.04317,8.4429
1.5579,2.1069,0.079112,-0.046737,0.043175,8.4462
1.5579,2.1069,0.079115,-0.046748,0.043177,8.4665
1.558,2.1069,0.079117,-0.046773,0.043174,8.469
1.5581,2.1069,0.079119,-0.046802,0.043169,8.4631
1.5581,2.1069,0.079121,-0.046828,0.043162,8.4778
1.5582,2.1069,0.079124,-0.046853,0.043157,8.4752
1.5582,2.1069,0.079126,-0.046874,0.043152,8.4646
1.5583,2.1069,0.079128,-0.046893,0.043146,8.4676
1.5583,2.1069,0.07913,-0.04691,0.043141,8.4673
1.5584,2.1069,0.079133,-0.046916,0.043133,8.4509
1.5584,2.1069,0.079135,-0.046925,0.043129,8.4624
1.5585,2.1069,0.079137,-0.046923,0.043126,8.4766
1.5585,2.1069,0.07914,-0.046916,0.043125,8.4649
1.5586,2.1069,0.079142,-0.046915,0.043125,8.4663
1.5586,2.1069,0.079144,-0.046919,0.043124,8.4743
1.5587,2.1069,0.079146,-0.046932,0.043123,8.4638
1.5587,2.1069,0.079149,-0.046949,0.04312,8.4525
1.5588,2.1069,0.079151,-0.046965,0.043114,8.4655
1.5588,2.1069,0.079153,-0.046994,0.04311,8.4587
1.5589,2.1068,0.079155,-0.047023,0.043106,8.444
1.5589,2.1068,0.079158,-0.047058,0.043102,8.4584
1.559,2.1068,0.07916,-0.047095,0.043098,8.4616
1.5591,2.1068,0.079162,-0.047134,0.043094,8.4533
1.5591,2.1068,0.079164,-0.047171,0.043089,8.4564
1.5592,2.1068,0.079167,-0.047198,0.043084,8.4657
1.5592,2.1068,0.079169,-0.047219,0.043083,8.4548
1.5593,2.1068,0.079171,-0.047237,0.043086,8.4559
1.5593,2.1068,0.079174,-0.047253,0.043094,8.4632
1.5594,2.1068,0.079176,-0.047269,0.043106,8.4565
1.5594,2.1068,0.079178,-0.047289,0.043122,8.451
1.5595,2.1068,0.07918,-0.047314,0.043142,8.4643
1.5595,2.1068,0.079183,-0.047345,0.043159,8.4562
1.5596,2.1068,0.079185,-0.047375,0.043175,8.4597
1.5596,2.1068,0.079187,-0.047405,0.043191,8.4697
1.5597,2.1068,0.079189,-0.047433,0.043208,8.4614
1.5597,2.1068,0.079192,-0.047459,0.043226,8.4505
1.5598,2.1068,0.079194,-0.047482,0.043247,8.4478
1.5598,2.1068,0.079196,-0.047502,0.04327,8.4496
1.5599,2.1068,0.079199,-0.047522,0.043296,8.4368
1.5599,2.1068,0.079201,-0.047542,0.043325,8.4392
1.56,2.1068,0.079203,-0.047562,0.043359,8.4422
1.5601,2.1068,0.079205,-0.047582,0.043393,8.4329
1.5601,2.1068,0.079208,-0.047604,0.043427,8.4332
1.5602,2.1068,0.07921,-0.047628,0.043459,8.4452
1.5602,2.1068,0.079212,-0.047655,0.043487,8.435
1.5603,2.1068,0.079215,-0.04768,0.043514,8.4263
1.5603,2.1068,0.079217,-0.047702,0.043538,8.4299
1.5604,2.1068,0.079219,-0.047718,0.043564,8.4215
1.5604,2.1068,0.079221,-0.047734,0.043596,8.4145
1.5605,2.1068,0.079224,-0.047754,0.043627,8.4277
1.5605,2.1068,0.079226,-0.047782,0.043657,8.4282
1.5606,2.1068,0.079228,-0.047819,0.043686,8.4239
1.5606,2.1068,0.079231,-0.047857,0.043713,8.4284
1.5607,2.1068,0.079233,-0.04789,0.04374,8.4371
1.5607,2.1068,0.079235,-0.047921,0.043761,8.4272
1.5608,2.1068,0.079238,-0.04795,0.04378,8.4323
1.5608,2.1068,0.07924,-0.047989,0.043804,8.4419
1.5609,2.1068,0.079242,-0.048028,0.043835,8.441
1.5609,2.1068,0.079244,-0.048068,0.043872,8.4392
1.561,2.1067,0.079247,-0.048098,0.043916,8.4527
1.5611,2.1067,0.079249,-0.048109,0.043963,8.4502
1.5611,2.1067,0.079251,-0.048104,0.044009,8.4469
1.5612,2.1067,0.079254,-0.048091,0.044051,8.4519
1.5612,2.1067,0.079256,-0.048079,0.044089,8.4469
1.5613,2.1067,0.079258,-0.048078,0.044123,8.4401
1.5613,2.1067,0.079261,-0.048081,0.044156,8.4474
1.5614,2.1067,0.079263,-0.048092,0.044188,8.4425
1.5614,2.1067,0.079265,-0.048106,0.04422,8.4262
1.5615,2.1067,0.079268,-0.048126,0.044251,8.4313
1.5615,2.1067,0.07927,-0.048146,0.044284,8.4386
1.5616,2.1067,0.079272,-0.048168,0.044318,8.4316
1.5616,2.1067,0.079275,-0.048192,0.044355,8.4305
1.5617,2.1067,0.079277,-0.048218,0.04439,8.4452
1.5617,2.1067,0.079279,-0.048246,0.044424,8.4365
1.5618,2.1067,0.079282,-0.048273,0.044458,8.437
1.5618,2.1067,0.079284,-0.048309,0.044492,8.4463
1.5619,2.1067,0.079286,-0.048349,0.044524,8.446
1.5619,2.1067,0.079289,-0.048383,0.044557,8.4454
1.562,2.1067,0.079291,-0.048423,0.044589,8.4613
1.5621,2.1067,0.079293,-0.048461,0.044621,8.4638
1.5621,2.1067,0.079296,-0.048498,0.044652,8.4652
1.5622,2.1067,0.079298,-0.048537,0.044684,8.4799
1.5622,2.1067,0.0793,-0.048573,0.044715,8.4875
1.5623,2.1067,0.079303,-0.048616,0.044745,8.4854
1.5623,2.1067,0.079305,-0.048659,0.044775,8.4852
1.5624,2.1067,0.079308,-0.048698,0.044805,8.489
1.5624,2.1067,0.07931,-0.048747,0.044832,8.4786
1.5625,2.1067,0.079312,-0.048796,0.044863,8.4804
1.5625,2.1067,0.079315,-0.04885,0.044896,8.4953
1.5626,2.1067,0.079317,-0.048909,0.04493,8.4862
1.5626,2.1067,0.079319,-0.048966,0.044965,8.4849
1.5627,2.1067,0.079322,-0.049027,0.045,8.487
1.5627,2.1067,0.079324,-0.049086,0.045036,8.4843
1.5628,2.1067,0.079326,-0.049145,0.045068,8.4695
1.5628,2.1067,0.079329,-0.049201,0.045096,8.476
1.5629,2.1067,0.079331,-0.049257,0.045123,8.4737
1.5629,2.1067,0.079334,-0.04931,0.045148,8.4652
1.563,2.1067,0.079336,-0.049363,0.045169,8.468
1.5631,2.1066,0.079338,-0.04942,0.045187,8.4645
1.5631,2.1066,0.079341,-0.049482,0.045203,8.4584
1.5632,2.1066,0.079343,-0.049547,0.045221,8.4587
1.5632,2.1066,0.079345,-0.04962,0.045236,8.4692
1.5633,2.1066,0.079348,-0.049691,0.045255,8.4623
1.5633,2.1066,0.07935,-0.049763,0.045274,8.4624
1.5634,2.1066,0.079353,-0.049833,0.045293,8.4734
1.5634,2.1066,0.079355,-0.049907,0.045315,8.4675
1.5635,2.1066,0.079357,-0.04998,0.04534,8.4566
1.5635,2.1066,0.07936,-0.050042,0.045367,8.4678
1.5636,2.1066,0.079362,-0.050101,0.045395,8.4723
1.5636,2.1066,0.079365,-0.050158,0.045423,8.4645
1.5637,2.1066,0.079367,-0.050214,0.045451,8.471
1.5637,2.1066,0.079369,-0.05027,0.045477,8.4817
1.5638,2.1066,0.079372,-0.050334,0.045501,8.4737
1.5638,2.1066,0.079374,-0.050413,0.045528,8.4754
1.5639,2.1066,0.079377,-0.050492,0.045556,8.4801
1.5639,2.1066,0.079379,-0.05057,0.045585,8.4709
1.564,2.1066,0.079381,-0.050649,0.045615,8.4703
1.5641,2.1066,0.079384,-0.050725,0.045646,8.477
1.5641,2.1066,0.079386,-0.050808,0.045678,8.4711
1.5642,2.1066,0.079389,-0.050888,0.045711,8.4606
1.5642,2.1066,0.079391,-0.050967,0.045745,8.4683
1.5643,2.1066,0.079393,-0.051049,0.045781,8.4685
1.5643,2.1066,0.079396,-0.051128,0.045817,8.4511
1.5644,2.1066,0.079398,-0.051207,0.045855,8.4546
1.5644,2.1066,0.079401,-0.051281,0.045894,8.4512
1.5645,2.1066,0.079403,-0.051354,0.045934,8.4378
1.5645,2.1066,0.079405,-0.051428,0.045975,8.4326
1.5646,2.1066,0.079408,-0.0515,0.046017,8.434
1.5646,2.1066,0.07941,-0.051569,0.04606,8.4278
1.5647,2.1066,0.079413,-0.051644,0.046104,8.4343
1.5647,2.1066,0.079415,-0.051715,0.046149,8.4429
1.5648,2.1066,0.079418,-0.051784,0.046196,8.4325
1.5648,2.1066,0.07942,-0.051852,0.046243,8.4337
1.5649,2.1066,0.079422,-0.051922,0.046292,8.4443
1.5649,2.1066,0.079425,-0.051992,0.046342,8.4363
1.565,2.1065,0.079427,-0.052057,0.046392,8.4303
1.5651,2.1065,0.07943,-0.052121,0.046444,8.4461
1.5651,2.1065,0.079432,-0.052187,0.046496,8.4466
1.5652,2.1065,0.079435,-0.052257,0.046549,8.4432
1.5652,2.1065,0.079437,-0.052328,0.046603,8.4462
1.5653,2.1065,0.07944,-0.05239,0.046658,8.4429
1.5653,2.1065,0.079442,-0.05245,0.046715,8.4422
1.5654,2.1065,0.079444,-0.052508,0.046772,8.4408
1.5654,2.1065,0.079447,-0.052568,0.04683,8.4379
1.5655,2.1065,0.079449,-0.052629,0.04689,8.4254
1.5655,2.1065,0.079452,-0.052695,0.04695,8.4253
1.5656,2.1065,0.079454,-0.052778,0.047012,8.4339
1.5656,2.1065,0.079457,-0.052862,0.047074,8.4222
1.5657,2.1065,0.079459,-0.052951,0.047138,8.4155
1.5657,2.1065,0.079462,-0.053041,0.047203,8.4275
1.5658,2.1065,0.079464,-0.053132,0.047269,8.4252
1.5658,2.1065,0.079467,-0.053229,0.047337,8.4107
1.5659,2.1065,0.079469,-0.053327,0.047405,8.4149
1.5659,2.1065,0.079472,-0.053422,0.047475,8.4118
1.566,2.1065,0.079474,-0.053513,0.047545,8.3955
1.5661,2.1065,0.079477,-0.053596,0.047616,8.3941
1.5661,2.1065,0.079479,-0.053672,0.047688,8.3985
1.5662,2.1065,0.079482,-0.05374,0.04776,8.3927
1.5662,2.1065,0.079484,-0.053809,0.047832,8.4014
1.5663,2.1065,0.079487,-0.053881,0.047905,8.4103
1.5663,2.1065,0.079489,-0.053972,0.047978,8.3991
1.5664,2.1065,0.079492,-0.054063,0.048051,8.4031
1.5664,2.1065,0.079494,-0.054151,0.048125,8.4076
1.5665,2.1065,0.079497,-0.054244,0.048199,8.4025
1.5665,2.1065,0.0795,-0.054332,0.048274,8.4003
1.5666,2.1065,0.079502,-0.054424,0.048349,8.4064
1.5666,2.1065,0.079505,-0.054521,0.048424,8.4112
1.5667,2.1065,0.079507,-0.054617,0.0485,8.4006
1.5667,2.1065,0.07951,-0.054721,0.048576,8.4169
1.5668,2.1065,0.079512,-0.054824,0.048653,8.416
1.5668,2.1065,0.079515,-0.054928,0.04873,8.4094
1.5669,2.1064,0.079517,-0.05503,0.048807,8.4128
1.5669,2.1064,0.07952,-0.055116,0.048885,8.4135
1.567,2.1064,0.079523,-0.055198,0.048964,8.4124
1.5671,2.1064,0.079525,-0.05528,0.049042,8.4007
1.5671,2.1064,0.079528,-0.055376,0.049122,8.4159
1.5672,2.1064,0.07953,-0.055476,0.049201,8.4114
1.5672,2.1064,0.079533,-0.055601,0.049281,8.405
1.5673,2.1064,0.079536,-0.055722,0.049361,8.4241
1.5673,2.1064,0.079538,-0.05583,0.049441,8.4253
1.5674,2.1064,0.079541,-0.055931,0.049522,8.4096
1.5674,2.1064,0.079543,-0.056024,0.049603,8.4241
1.5675,2.1064,0.079546,-0.056104,0.049684,8.421
1.5675,2.1064,0.079549,-0.056178,0.049766,8.4114
1.5676,2.1064,0.079551,-0.056231,0.049848,8.4075
1.5676,2.1064,0.079554,-0.056295,0.049931,8.4206
1.5677,2.1064,0.079556,-0.056356,0.050014,8.4114
1.5677,2.1064,0.079559,-0.056431,0.050097,8.4175
1.5678,2.1064,0.079562,-0.05652,0.050181,8.4302
1.5678,2.1064,0.079564,-0.056609,0.050266,8.4304
1.5679,2.1064,0.079567,-0.056698,0.050351,8.4259
1.5679,2.1064,0.07957,-0.056788,0.050437,8.4405
1.568,2.1064,0.079572,-0.056866,0.050523,8.4353
1.5681,2.1064,0.079575,-0.056956,0.05061,8.4241
1.5681,2.1064,0.079578,-0.057058,0.050698,8.4336
1.5682,2.1064,0.07958,-0.057163,0.050787,8.437
1.5682,2.1064,0.079583,-0.057256,0.050876,8.4268
1.5683,2.1064,0.079586,-0.057338,0.050965,8.4341
1.5683,2.1064,0.079588,-0.057432,0.051056,8.4433
1.5684,2.1064,0.079591,-0.057528,0.051147,8.43
1.5684,2.1064,0.079594,-0.057626,0.051239,8.4307
1.5685,2.1064,0.079596,-0.057732,0.051332,8.435
1.5685,2.1064,0.079599,-0.057835,0.051425,8.4212
1.5686,2.1064,0.079602,-0.057936,0.051519,8.42
1.5686,2.1063,0.079605,-0.058035,0.051614,8.4203
1.5687,2.1063,0.079607,-0.058136,0.051709,8.4209
1.5687,2.1063,0.07961,-0.058259,0.051804,8.4148
1.5688,2.1063,0.079613,-0.058382,0.0519,8.428
1.5688,2.1063,0.079616,-0.058518,0.051997,8.4284
1.5689,2.1063,0.079618,-0.058644,0.052094,8.4177
1.5689,2.1063,0.079621,-0.058749,0.052193,8.4265
1.569,2.1063,0.079624,-0.05885,0.052292,8.4295
1.5691,2.1063,0.079627,-0.058947,0.052393,8.4262
1.5691,2.1063,0.079629,-0.059041,0.052493,8.4274
1.5692,2.1063,0.079632,-0.05913,0.052591,8.4336
1.5692,2.1063,0.079635,-0.059207,0.052689,8.4256
1.5693,2.1063,0.079638,-0.059284,0.052786,8.4251
1.5693,2.1063,0.07964,-0.059359,0.052885,8.4384
1.5694,2.1063,0.079643,-0.059442,0.052985,8.4348
1.5694,2.1063,0.079646,-0.059534,0.053088,8.4343
1.5695,2.1063,0.079649,-0.059635,0.053194,8.4431
1.5695,2.1063,0.079652,-0.059737,0.053299,8.4378
1.5696,2.1063,0.079654,-0.059834,0.053405,8.4325
1.5696,2.1063,0.079657,-0.059909,0.053512,8.4409
1.5697,2.1063,0.07966,-0.059983,0.053619,8.4431
1.5697,2.1063,0.079663,-0.060059,0.053727,8.4331
1.5698,2.1063,0.079666,-0.060134,0.053835,8.4435
1.5698,2.1063,0.079669,-0.060209,0.053946,8.4401
1.5699,2.1063,0.079671,-0.060297,0.054055,8.4225
1.5699,2.1063,0.079674,-0.060396,0.054162,8.4288
1.57,2.1063,0.079677,-0.060507,0.05427,8.4249
1.5701,2.1063,0.07968,-0.060615,0.054375,8.4075
1.5701,2.1063,0.079683,-0.060724,0.054479,8.4021
1.5702,2.1063,0.079686,-0.060818,0.054583,8.4084
1.5702,2.1063,0.079689,-0.060893,0.054688,8.3983
1.5703,2.1063,0.079691,-0.060956,0.054799,8.3907
1.5703,2.1062,0.079694,-0.061021,0.054909,8.408
1.5704,2.1062,0.079697,-0.061087,0.055016,8.4062
1.5704,2.1062,0.0797,-0.061159,0.055123,8.4035
1.5705,2.1062,0.079703,-0.061222,0.055228,8.417
1.5705,2.1062,0.079706,-0.061275,0.05533,8.4114
1.5706,2.1062,0.079709,-0.061326,0.055432,8.4053
1.5706,2.1062,0.079712,-0.061378,0.055536,8.4062
1.5707,2.1062,0.079715,-0.061427,0.055647,8.4152
1.5707,2.1062,0.079718,-0.06148,0.055758,8.3996
1.5708,2.1062,0.079721,-0.061524,0.055865,8.4029
1.5708,2.1062,0.079724,-0.061566,0.055971,8.4083
1.5709,2.1062,0.079727,-0.061606,0.056074,8.3992
1.5709,2.1062,0.079729,-0.061655,0.056171,8.3996
1.571,2.1062,0.079732,-0.061725,0.056265,8.4029
1.5711,2.1062,0.079735,-0.061814,0.056356,8.3978
1.5711,2.1062,0.079738,-0.061916,0.056448,8.3894
1.5712,2.1062,0.079741,-0.062023,0.056538,8.3919
1.5712,2.1062,0.079744,-0.062122,0.056629,8.389
1.5713,2.1062,0.079747,-0.062219,0.056722,8.376
1.5713,2.1062,0.07975,-0.062311,0.056815,8.3875
1.5714,2.1062,0.079753,-0.0624,0.056908,8.39
1.5714,2.1062,0.079756,-0.062491,0.056999,8.3806
1.5715,2.1062,0.079759,-0.062589,0.057089,8.3866
1.5715,2.1062,0.079762,-0.06269,0.057176,8.3966
1.5716,2.1062,0.079765,-0.062789,0.057259,8.3871
1.5716,2.1062,0.079768,-0.06289,0.057343,8.3894
1.5717,2.1062,0.079771,-0.062989,0.057426,8.3962
1.5717,2.1062,0.079774,-0.063093,0.057507,8.386
1.5718,2.1062,0.079777,-0.063189,0.057588,8.3863
1.5718,2.1062,0.07978,-0.063289,0.057668,8.4034
1.5719,2.1062,0.079783,-0.063399,0.057746,8.4037
1.5719,2.1061,0.079787,-0.063503,0.057823,8.4011
1.572,2.1061,0.07979,-0.063601,0.057899,8.4097
1.5721,2.1061,0.079793,-0.063696,0.057973,8.4091
1.5721,2.1061,0.079796,-0.063793,0.058045,8.4008
1.5722,2.1061,0.079799,-0.063918,0.058116,8.4014
1.5722,2.1061,0.079802,-0.064046,0.058186,8.4061
1.5723,2.1061,0.079805,-0.064182,0.058254,8.3959
1.5723,2.1061,0.079808,-0.064326,0.058321,8.398
1.5724,2.1061,0.079811,-0.064452,0.058387,8.4004
1.5724,2.1061,0.079814,-0.064554,0.058451,8.3981
1.5725,2.1061,0.079817,-0.064644,0.058513,8.4002
1.5725,2.1061,0.07982,-0.064746,0.058574,8.4108
1.5726,2.1061,0.079823,-0.064867,0.058632,8.4036
1.5726,2.1061,0.079826,-0.064986,0.058688,8.3971
1.5727,2.1061,0.07983,-0.065108,0.05874,8.4062
1.5727,2.1061,0.079833,-0.065223,0.058793,8.4049
1.5728,2.1061,0.079836,-0.065325,0.058844,8.394
1.5728,2.1061,0.079839,-0.065407,0.058895,8.4073
1.5729,2.1061,0.079842,-0.065491,0.058947,8.423
1.5729,2.1061,0.079845,-0.065577,0.059002,8.4233
1.573,2.1061,0.079848,-0.065663,0.059059,8.4238
1.5731,2.1061,0.079851,-0.065744,0.059117,8.4336
1.5731,2.1061,0.079854,-0.065824,0.059174,8.4273
1.5732,2.1061,0.079857,-0.065901,0.059232,8.4341
1.5732,2.1061,0.079861,-0.065982,0.059288,8.4466
1.5733,2.1061,0.079864,-0.066056,0.059342,8.4369
1.5733,2.1061,0.079867,-0.06613,0.059397,8.4332
1.5734,2.1061,0.07987,-0.066193,0.059447,8.4464
1.5734,2.1061,0.079873,-0.06626,0.059494,8.4513
1.5735,2.106,0.079876,-0.066336,0.059538,8.4455
1.5735,2.106,0.079879,-0.066419,0.05958,8.4621
1.5736,2.106,0.079883,-0.066507,0.05962,8.4625
1.5736,2.106,0.079886,-0.066593,0.05966,8.4516
1.5737,2.106,0.079889,-0.066673,0.0597,8.4562
1.5737,2.106,0.079892,-0.066744,0.059742,8.4614
1.5738,2.106,0.079895,-0.066795,0.059781,8.4514
1.5738,2.106,0.079898,-0.066848,0.059819,8.4514
1.5739,2.106,0.079901,-0.066905,0.059856,8.4632
1.5739,2.106,0.079905,-0.066962,0.059892,8.4581
1.574,2.106,0.079908,-0.067016,0.059926,8.4568
1.5741,2.106,0.079911,-0.067064,0.059959,8.4639
1.5741,2.106,0.079914,-0.067115,0.05999,8.4571
1.5742,2.106,0.079917,-0.067168,0.06002,8.4498
1.5742,2.106,0.07992,-0.067214,0.060048,8.4596
1.5743,2.106,0.079923,-0.067268,0.060074,8.4505
1.5743,2.106,0.079927,-0.067313,0.060099,8.4454
1.5744,2.106,0.07993,-0.067354,0.060122,8.4582
1.5744,2.106,0.079933,-0.067391,0.060143,8.4653
1.5745,2.106,0.079936,-0.067421,0.060164,8.4551
1.5745,2.106,0.079939,-0.06745,0.060182,8.4608
1.5746,2.106,0.079942,-0.06748,0.0602,8.4758
1.5746,2.106,0.079946,-0.067503,0.060215,8.4651
1.5747,2.106,0.079949,-0.06753,0.060229,8.4632
1.5747,2.106,0.079952,-0.067552,0.060242,8.4663
1.5748,2.106,0.079955,-0.067574,0.06025,8.4683
1.5748,2.106,0.079958,-0.067583,0.060255,8.4609
1.5749,2.106,0.079961,-0.067588,0.060256,8.4732
1.5749,2.1059,0.079965,-0.067602,0.060258,8.4727
1.575,2.1059,0.079968,-0.067614,0.060257,8.4681
1.5751,2.1059,0.079971,-0.067622,0.060252,8.4757
1.5751,2.1059,0.079974,-0.067621,0.060244,8.4737
1.5752,2.1059,0.079977,-0.067612,0.060236,8.4616
1.5752,2.1059,0.079981,-0.067599,0.060225,8.4613
1.5753,2.1059,0.079984,-0.067575,0.060215,8.4603
1.5753,2.1059,0.079987,-0.06755,0.060204,8.4494
1.5754,2.1059,0.07999,-0.067524,0.060194,8.4476
1.5754,2.1059,0.079993,-0.067493,0.060181,8.4497
1.5755,2.1059,0.079996,-0.067462,0.060164,8.4445
1.5755,2.1059,0.08,-0.067411,0.060146,8.4497
1.5756,2.1059,0.080003,-0.067362,0.060127,8.4608
1.5756,2.1059,0.080006,-0.067318,0.060106,8.4518
1.5757,2.1059,0.080009,-0.06728,0.060084,8.4498
1.5757,2.1059,0.080012,-0.067246,0.060056,8.4535
1.5758,2.1059,0.080015,-0.067206,0.060025,8.4522
1.5758,2.1059,0.080018,-0.067166,0.059993,8.4462
1.5759,2.1059,0.080022,-0.067119,0.05996,8.456
1.5759,2.1059,0.080025,-0.067057,0.059927,8.4601
1.576,2.1059,0.080028,-0.066998,0.059894,8.4525
1.5761,2.1059,0.080031,-0.066934,0.059857,8.4609
1.5761,2.1059,0.080034,-0.066876,0.059818,8.4702
1.5762,2.1059,0.080037,-0.066819,0.059778,8.4584
1.5762,2.1059,0.080041,-0.066763,0.059735,8.4547
1.5763,2.1059,0.080044,-0.066697,0.05969,8.4554
1.5763,2.1059,0.080047,-0.066629,0.059642,8.4561
1.5764,2.1059,0.08005,-0.066556,0.059593,8.4479
1.5764,2.1059,0.080053,-0.066476,0.059542,8.4598
1.5765,2.1058,0.080056,-0.066394,0.059489,8.458
1.5765,2.1058,0.080059,-0.06631,0.059434,8.4577
1.5766,2.1058,0.080062,-0.066214,0.059377,8.4714
1.5766,2.1058,0.080066,-0.066114,0.059318,8.4678
1.5767,2.1058,0.080069,-0.066006,0.059257,8.4574
1.5767,2.1058,0.080072,-0.065903,0.059195,8.4597
1.5768,2.1058,0.080075,-0.065801,0.05913,8.4645
1.5768,2.1058,0.080078,-0.065708,0.059064,8.4528
1.5769,2.1058,0.080081,-0.065634,0.058997,8.4521
1.5769,2.1058,0.080084,-0.06556,0.058928,8.4595
1.577,2.1058,0.080087,-0.065493,0.058857,8.4515
1.5771,2.1058,0.08009,-0.065408,0.058785,8.4533
1.5771,2.1058,0.080094,-0.065314,0.058711,8.4676
1.5772,2.1058,0.080097,-0.065195,0.058636,8.461
1.5772,2.1058,0.0801,-0.065074,0.05856,8.4628
1.5773,2.1058,0.080103,-0.064956,0.058483,8.4691
1.5773,2.1058,0.080106,-0.064843,0.058405,8.463
1.5774,2.1058,0.080109,-0.064724,0.058326,8.4559
1.5774,2.1058,0.080112,-0.064618,0.058247,8.4599
1.5775,2.1058,0.080115,-0.064509,0.058166,8.4624
1.5775,2.1058,0.080118,-0.064419,0.058084,8.4542
1.5776,2.1058,0.080121,-0.06433,0.058002,8.4622
1.5776,2.1058,0.080124,-0.064255,0.057919,8.4713
1.5777,2.1058,0.080127,-0.064178,0.057835,8.4595
1.5777,2.1058,0.08013,-0.064102,0.057751,8.459
1.5778,2.1058,0.080133,-0.064017,0.057667,8.4621
1.5778,2.1058,0.080136,-0.063926,0.057582,8.4487
1.5779,2.1058,0.080139,-0.063825,0.057496,8.4405
1.5779,2.1058,0.080142,-0.06373,0.057409,8.4466
1.578,2.1057,0.080145,-0.063628,0.057323,8.4386
1.5781,2.1057,0.080148,-0.063516,0.057235,8.4376
1.5781,2.1057,0.080151,-0.063401,0.057149,8.4474
1.5782,2.1057,0.080154,-0.063297,0.05706,8.4595
1.5782,2.1057,0.080157,-0.063206,0.056968,8.4522
1.5783,2.1057,0.08016,-0.063115,0.056875,8.4574
1.5783,2.1057,0.080163,-0.063023,0.056782,8.452
1.5784,2.1057,0.080166,-0.062941,0.056689,8.4406
1.5784,2.1057,0.080169,-0.062861,0.056598,8.4426
1.5785,2.1057,0.080172,-0.062783,0.056509,8.4603
1.5785,2.1057,0.080175,-0.062706,0.056423,8.4541
1.5786,2.1057,0.080178,-0.062626,0.056335,8.465
1.5786,2.1057,0.080181,-0.062542,0.056248,8.4774
1.5787,2.1057,0.080184,-0.062438,0.056161,8.4788
1.5787,2.1057,0.080187,-0.06232,0.056074,8.4759
1.5788,2.1057,0.08019,-0.062187,0.055988,8.4841
1.5788,2.1057,0.080193,-0.062053,0.055902,8.4829
1.5789,2.1057,0.080196,-0.061934,0.055817,8.4769
1.5789,2.1057,0.080199,-0.061814,0.055732,8.4876
1.579,2.1057,0.080202,-0.061703,0.055648,8.4905
1.5791,2.1057,0.080205,-0.0616,0.055564,8.4893
1.5791,2.1057,0.080208,-0.0615,0.055481,8.5006
1.5792,2.1057,0.080211,-0.061402,0.055398,8.5113
1.5792,2.1057,0.080214,-0.061289,0.055316,8.504
1.5793,2.1057,0.080216,-0.061166,0.055235,8.4981
1.5793,2.1057,0.080219,-0.061032,0.055155,8.5015
1.5794,2.1057,0.080222,-0.060893,0.055075,8.4884
1.5794,2.1057,0.080225,-0.06075,0.054997,8.478
1.5795,2.1057,0.080228,-0.06062,0.05492,8.4842
1.5795,2.1057,0.080231,-0.0605,0.054845,8.4825
1.5796,2.1056,0.080234,-0.060401,0.054771,8.4757
1.5796,2.1056,0.080237,-0.0603,0.054699,8.4883
1.5797,2.1056,0.08024,-0.060194,0.054628,8.4892
1.5797,2.1056,0.080242,-0.060099,0.054559,8.4763
1.5798,2.1056,0.080245,-0.060011,0.054491,8.4798
1.5798,2.1056,0.080248,-0.059914,0.054424,8.4825
1.5799,2.1056,0.080251,-0.059814,0.054359,8.4743
1.5799,2.1056,0.080254,-0.059694,0.054296,8.471
1.58,2.1056,0.080257,-0.059563,0.054235,8.484
1.5801,2.1056,0.08026,-0.05942,0.054175,8.4751
1.5801,2.1056,0.080262,-0.059284,0.054117,8.4856
1.5802,2.1056,0.080265,-0.059183,0.05406,8.5034
1.5802,2.1056,0.080268,-0.059108,0.054005,8.492
1.5803,2.1056,0.080271,-0.05905,0.053952,8.4859
1.5803,2.1056,0.080274,-0.059003,0.053899,8.4934
1.5804,2.1056,0.080277,-0.058951,0.053848,8.494
1.5804,2.1056,0.080279,-0.0589,0.053799,8.4827
1.5805,2.1056,0.080282,-0.05885,0.053751,8.484
1.5805,2.1056,0.080285,-0.058801,0.053704,8.4867
1.5806,2.1056,0.080288,-0.058756,0.053659,8.4769
1.5806,2.1056,0.080291,-0.058709,0.053616,8.4852
1.5807,2.1056,0.080294,-0.058651,0.053574,8.491
1.5807,2.1056,0.080296,-0.058591,0.053535,8.4773
1.5808,2.1056,0.080299,-0.058526,0.053497,8.4792
1.5808,2.1056,0.080302,-0.058471,0.053461,8.4806
1.5809,2.1056,0.080305,-0.058426,0.053427,8.4733
1.5809,2.1056,0.080308,-0.058386,0.053394,8.4667
1.581,2.1056,0.08031,-0.05835,0.053364,8.4729
1.5811,2.1056,0.080313,-0.058316,0.053335,8.4603
1.5811,2.1056,0.080316,-0.058288,0.053309,8.4568
1.5812,2.1056,0.080319,-0.058265,0.053284,8.4654
1.5812,2.1056,0.080322,-0.058245,0.053261,8.4664
1.5813,2.1056,0.080324,-0.058234,0.053241,8.4514
1.5813,2.1055,0.080327,-0.05823,0.053222,8.455
1.5814,2.1055,0.08033,-0.058224,0.053206,8.4539
1.5814,2.1055,0.080333,-0.058216,0.053191,8.4444
1.5815,2.1055,0.080336,-0.058206,0.053179,8.4384
1.5815,2.1055,0.080338,-0.058204,0.053168,8.4444
1.5816,2.1055,0.080341,-0.058204,0.05316,8.4311
1.5816,2.1055,0.080344,-0.058211,0.053153,8.4398
1.5817,2.1055,0.080347,-0.05822,0.053148,8.4514
1.5817,2.1055,0.08035,-0.058235,0.053145,8.4478
1.5818,2.1055,0.080352,-0.058246,0.053143,8.4446
1.5818,2.1055,0.080355,-0.058258,0.053144,8.4564
1.5819,2.1055,0.080358,-0.058275,0.053147,8.4483
1.5819,2.1055,0.080361,-0.058303,0.053152,8.4416
1.582,2.1055,0.080364,-0.058342,0.053158,8.4429
1.5821,2.1055,0.080366,-0.058382,0.053167,8.4408
1.5821,2.1055,0.080369,-0.058403,0.053177,8.4263
1.5822,2.1055,0.080372,-0.058418,0.05319,8.4403
1.5822,2.1055,0.080375,-0.058425,0.053203,8.4421
1.5823,2.1055,0.080378,-0.058428,0.053218,8.4318
1.5823,2.1055,0.08038,-0.058444,0.053235,8.4309
1.5824,2.1055,0.080383,-0.058487,0.053253,8.4318
1.5824,2.1055,0.080386,-0.058543,0.053273,8.4246
1.5825,2.1055,0.080389,-0.058586,0.053294,8.4135
1.5825,2.1055,0.080392,-0.05861,0.053317,8.4228
1.5826,2.1055,0.080394,-0.058629,0.053342,8.4145
1.5826,2.1055,0.080397,-0.058645,0.053368,8.4097
1.5827,2.1055,0.0804,-0.058662,0.053395,8.4161
1.5827,2.1055,0.080403,-0.058698,0.053425,8.4197
1.5828,2.1055,0.080406,-0.058756,0.053456,8.4124
1.5828,2.1055,0.080409,-0.058818,0.053488,8.423
1.5829,2.1055,0.080411,-0.058881,0.053522,8.4184
1.5829,2.1055,0.080414,-0.058943,0.053558,8.4079
1.583,2.1054,0.080417,-0.059008,0.053595,8.4139
1.5831,2.1054,0.08042,-0.059073,0.053633,8.4184
1.5831,2.1054,0.080423,-0.059133,0.053672,8.4093
1.5832,2.1054,0.080425,-0.059192,0.053713,8.4177
1.5832,2.1054,0.080428,-0.059254,0.053755,8.4274
1.5833,2.1054,0.080431,-0.059321,0.053798,8.4259
1.5833,2.1054,0.080434,-0.059392,0.053843,8.4228
1.5834,2.1054,0.080437,-0.059462,0.053889,8.4317
1.5834,2.1054,0.08044,-0.059534,0.053937,8.4259
1.5835,2.1054,0.080442,-0.059601,0.053985,8.415
1.5835,2.1054,0.080445,-0.059667,0.054035,8.425
1.5836,2.1054,0.080448,-0.059736,0.054086,8.4246
1.5836,2.1054,0.080451,-0.059812,0.054138,8.4099
1.5837,2.1054,0.080454,-0.05989,0.054191,8.4198
1.5837,2.1054,0.080457,-0.059973,0.054245,8.425
1.5838,2.1054,0.08046,-0.060047,0.054298,8.4168
1.5838,2.1054,0.080462,-0.06012,0.054353,8.415
1.5839,2.1054,0.080465,-0.0602,0.054408,8.4241
1.5839,2.1054,0.080468,-0.060295,0.054463,8.4188
1.584,2.1054,0.080471,-0.060399,0.054519,8.4113
1.5841,2.1054,0.080474,-0.06051,0.054575,8.421
1.5841,2.1054,0.080477,-0.060625,0.054631,8.4229
1.5842,2.1054,0.08048,-0.060738,0.054688,8.4174
1.5842,2.1054,0.080483,-0.060839,0.054745,8.4285
1.5843,2.1054,0.080485,-0.060936,0.054801,8.4351
1.5843,2.1054,0.080488,-0.061027,0.054857,8.4349
1.5844,2.1054,0.080491,-0.061105,0.054913,8.4397
1.5844,2.1054,0.080494,-0.061169,0.054968,8.4421
1.5845,2.1054,0.080497,-0.06122,0.055022,8.4367
1.5845,2.1054,0.0805,-0.061255,0.055077,8.436
1.5846,2.1054,0.080503,-0.061288,0.05513,8.4422
1.5846,2.1054,0.080506,-0.061336,0.055184,8.431
1.5847,2.1053,0.080509,-0.061395,0.055235,8.435
1.5847,2.1053,0.080512,-0.06145,0.055289,8.4489
1.5848,2.1053,0.080514,-0.061519,0.055344,8.4481
1.5848,2.1053,0.080517,-0.06159,0.0554,8.4464
1.5849,2.1053,0.08052,-0.061641,0.055455,8.4529
1.5849,2.1053,0.080523,-0.06168,0.055509,8.4531
1.585,2.1053,0.080526,-0.06172,0.055566,8.4415
1.5851,2.1053,0.080529,-0.061775,0.055624,8.4452
1.5851,2.1053,0.080532,-0.061848,0.055679,8.4497
1.5852,2.1053,0.080535,-0.061936,0.055736,8.43
1.5852,2.1053,0.080538,-0.062049,0.055788,8.4416
1.5853,2.1053,0.080541,-0.062163,0.055839,8.4484
1.5853,2.1053,0.080544,-0.062269,0.055887,8.4365
1.5854,2.1053,0.080547,-0.062374,0.055934,8.4457
1.5854,2.1053,0.08055,-0.062466,0.055982,8.4429
1.5855,2.1053,0.080553,-0.06255,0.056028,8.4258
1.5855,2.1053,0.080556,-0.062626,0.056071,8.4243
1.5856,2.1053,0.080558,-0.062698,0.056114,8.4359
1.5856,2.1053,0.080561,-0.06276,0.056155,8.4333
1.5857,2.1053,0.080564,-0.062826,0.056197,8.4247
1.5857,2.1053,0.080567,-0.062898,0.056238,8.4429
1.5858,2.1053,0.08057,-0.062972,0.056278,8.4394
1.5858,2.1053,0.080573,-0.063047,0.056314,8.4335
1.5859,2.1053,0.080576,-0.063116,0.056347,8.4449
1.5859,2.1053,0.080579,-0.063177,0.056375,8.4467
1.586,2.1053,0.080582,-0.063232,0.056403,8.4393
1.5861,2.1053,0.080585,-0.063279,0.05643,8.4466
1.5861,2.1053,0.080588,-0.063323,0.056454,8.4483
1.5862,2.1053,0.080591,-0.063357,0.056477,8.4358
1.5862,2.1053,0.080594,-0.063383,0.056498,8.4382
1.5863,2.1052,0.080597,-0.06341,0.056517,8.4486
1.5863,2.1052,0.0806,-0.063433,0.056534,8.445
1.5864,2.1052,0.080603,-0.063456,0.05655,8.4399
1.5864,2.1052,0.080606,-0.063475,0.056563,8.4485
1.5865,2.1052,0.080609,-0.063495,0.056575,8.4401
1.5865,2.1052,0.080612,-0.063513,0.056585,8.4329
1.5866,2.1052,0.080615,-0.06353,0.056593,8.4286
1.5866,2.1052,0.080618,-0.063539,0.056599,8.4263
1.5867,2.1052,0.080621,-0.063546,0.056604,8.4084
1.5867,2.1052,0.080624,-0.063547,0.056607,8.4098
1.5868,2.1052,0.080627,-0.063543,0.056608,8.4199
1.5868,2.1052,0.08063,-0.063534,0.056607,8.4004
1.5869,2.1052,0.080633,-0.063527,0.056605,8.4053
1.5869,2.1052,0.080636,-0.063515,0.056601,8.4127
1.587,2.1052,0.080639,-0.063513,0.056596,8.3976
1.5871,2.1052,0.080642,-0.063512,0.056589,8.4027
1.5871,2.1052,0.080645,-0.063513,0.056581,8.405
1.5872,2.1052,0.080648,-0.063513,0.056571,8.4038
1.5872,2.1052,0.080651,-0.06351,0.056559,8.3964
1.5873,2.1052,0.080654,-0.063497,0.056548,8.4072
1.5873,2.1052,0.080657,-0.063483,0.056532,8.4122
1.5874,2.1052,0.08066,-0.063465,0.056512,8.4056
1.5874,2.1052,0.080663,-0.063454,0.05649,8.4221
1.5875,2.1052,0.080666,-0.063442,0.056467,8.4202
1.5875,2.1052,0.080668,-0.063427,0.056442,8.4063
1.5876,2.1052,0.080671,-0.063404,0.056418,8.4139
1.5876,2.1052,0.080674,-0.063377,0.056396,8.4114
1.5877,2.1052,0.080677,-0.063342,0.056373,8.4064
1.5877,2.1052,0.08068,-0.06331,0.056344,8.4087
1.5878,2.1052,0.080683,-0.063278,0.056313,8.4186
1.5878,2.1051,0.080686,-0.063242,0.05628,8.4208
1.5879,2.1051,0.080689,-0.063206,0.056247,8.4132
1.5879,2.1051,0.080692,-0.063162,0.056214,8.4306
1.588,2.1051,0.080695,-0.063108,0.056182,8.4202
1.5881,2.1051,0.080698,-0.063048,0.05615,8.4101
1.5881,2.1051,0.080701,-0.062979,0.056118,8.417
1.5882,2.1051,0.080704,-0.062902,0.056087,8.4154
1.5882,2.1051,0.080707,-0.062819,0.056056,8.4097
1.5883,2.1051,0.08071,-0.062734,0.056026,8.4155
1.5883,2.1051,0.080713,-0.06265,0.055992,8.4226
1.5884,2.1051,0.080716,-0.062563,0.055954,8.4159
1.5884,2.1051,0.080719,-0.062477,0.055911,8.4195
1.5885,2.1051,0.080722,-0.062393,0.055865,8.4285
1.5885,2.1051,0.080725,-0.062315,0.05582,8.4132
1.5886,2.1051,0.080728,-0.062245,0.055775,8.418
1.5886,2.1051,0.08073,-0.062177,0.055732,8.4258
1.5887,2.1051,0.080733,-0.062106,0.05569,8.4198
1.5887,2.1051,0.080736,-0.062026,0.055648,8.4225
1.5888,2.1051,0.080739,-0.061937,0.055601,8.4298
1.5888,2.1051,0.080742,-0.061846,0.055554,8.4273
1.5889,2.1051,0.080745,-0.061754,0.055503,8.4199
1.5889,2.1051,0.080748,-0.061656,0.055447,8.4338
1.589,2.1051,0.080751,-0.06156,0.055389,8.4403
1.5891,2.1051,0.080754,-0.061473,0.055331,8.4236
1.5891,2.1051,0.080757,-0.061395,0.055273,8.4225
1.5892,2.1051,0.08076,-0.061325,0.055214,8.4261
1.5892,2.1051,0.080763,-0.061266,0.055155,8.4197
1.5893,2.1051,0.080765,-0.061214,0.0551,8.4224
1.5893,2.1051,0.080768,-0.061157,0.055044,8.4299
1.5894,2.1051,0.080771,-0.061088,0.054986,8.4196
1.5894,2.1051,0.080774,-0.061001,0.05493,8.4216
1.5895,2.105,0.080777,-0.060919,0.054873,8.4408
1.5895,2.105,0.08078,-0.060839,0.054814,8.4368
1.5896,2.105,0.080783,-0.060757,0.054753,8.4296
1.5896,2.105,0.080786,-0.060675,0.054692,8.442
1.5897,2.105,0.080789,-0.060583,0.054633,8.4412
1.5897,2.105,0.080791,-0.060479,0.054578,8.4324
1.5898,2.105,0.080794,-0.060368,0.05453,8.4333
1.5898,2.105,0.080797,-0.060249,0.054486,8.4368
1.5899,2.105,0.0808,-0.060156,0.054443,8.4335
1.5899,2.105,0.080803,-0.060084,0.054399,8.4448
1.59,2.105,0.080806,-0.060023,0.054351,8.4555
1.5901,2.105,0.080809,-0.059971,0.054297,8.4474
1.5901,2.105,0.080811,-0.059904,0.054242,8.4467
1.5902,2.105,0.080814,-0.05982,0.054187,8.4594
1.5902,2.105,0.080817,-0.05972,0.054134,8.4567
1.5903,2.105,0.08082,-0.059627,0.054084,8.4499
1.5903,2.105,0.080823,-0.059552,0.05404,8.4651
1.5904,2.105,0.080826,-0.05948,0.054002,8.4633
1.5904,2.105,0.080829,-0.059405,0.053966,8.4595
1.5905,2.105,0.080831,-0.059322,0.053932,8.4683
1.5905,2.105,0.080834,-0.059234,0.053896,8.477
1.5906,2.105,0.080837,-0.059147,0.053861,8.4588
1.5906,2.105,0.08084,-0.059064,0.053822,8.4617
1.5907,2.105,0.080843,-0.059023,0.053787,8.4648
1.5907,2.105,0.080846,-0.059012,0.053759,8.457
1.5908,2.105,0.080848,-0.059001,0.053736,8.4525
1.5908,2.105,0.080851,-0.05898,0.05372,8.4594
1.5909,2.105,0.080854,-0.058944,0.053706,8.457
1.5909,2.105,0.080857,-0.058909,0.053691,8.4558
1.591,2.105,0.08086,-0.058879,0.053675,8.4696
1.5911,2.105,0.080863,-0.058851,0.053654,8.4642
1.5911,2.1049,0.080865,-0.058842,0.053629,8.4622
1.5912,2.1049,0.080868,-0.058841,0.053604,8.4689
1.5912,2.1049,0.080871,-0.058835,0.053579,8.4711
1.5913,2.1049,0.080874,-0.05883,0.053558,8.4596
1.5913,2.1049,0.080877,-0.058823,0.053538,8.4733
1.5914,2.1049,0.080879,-0.058816,0.053519,8.4797
1.5914,2.1049,0.080882,-0.058818,0.053504,8.4712
1.5915,2.1049,0.080885,-0.058819,0.053491,8.4792
1.5915,2.1049,0.080888,-0.058825,0.053484,8.4983
1.5916,2.1049,0.080891,-0.058828,0.053481,8.4886
1.5916,2.1049,0.080894,-0.058828,0.05348,8.4846
1.5917,2.1049,0.080896,-0.058834,0.053479,8.4894
1.5917,2.1049,0.080899,-0.058836,0.053477,8.4808
1.5918,2.1049,0.080902,-0.058832,0.053472,8.469
1.5918,2.1049,0.080905,-0.058824,0.053468,8.4793
1.5919,2.1049,0.080908,-0.058814,0.053463,8.4764
1.5919,2.1049,0.08091,-0.058805,0.053461,8.4675
1.592,2.1049,0.080913,-0.058795,0.05346,8.4746
1.5921,2.1049,0.080916,-0.058778,0.053461,8.4792
1.5921,2.1049,0.080919,-0.05877,0.053463,8.4707
1.5922,2.1049,0.080922,-0.058765,0.053467,8.4654
1.5922,2.1049,0.080924,-0.058765,0.053472,8.4709
1.5923,2.1049,0.080927,-0.058763,0.053479,8.4607
1.5923,2.1049,0.08093,-0.05876,0.053487,8.4541
1.5924,2.1049,0.080933,-0.058751,0.053496,8.4615
1.5924,2.1049,0.080936,-0.058738,0.053507,8.4553
1.5925,2.1049,0.080939,-0.058717,0.053518,8.4555
1.5925,2.1049,0.080941,-0.058698,0.053532,8.4589
1.5926,2.1049,0.080944,-0.058683,0.053546,8.4636
1.5926,2.1049,0.080947,-0.058674,0.053561,8.4608
1.5927,2.1049,0.08095,-0.058668,0.053578,8.472
1.5927,2.1049,0.080953,-0.05867,0.053596,8.4678
1.5928,2.1049,0.080955,-0.058676,0.053614,8.4567
1.5928,2.1048,0.080958,-0.058686,0.053634,8.4701
1.5929,2.1048,0.080961,-0.058688,0.053655,8.4767
1.5929,2.1048,0.080964,-0.05869,0.053676,8.465
1.593,2.1048,0.080967,-0.058687,0.053699,8.4705
1.5931,2.1048,0.08097,-0.058681,0.053722,8.4822
1.5931,2.1048,0.080972,-0.058682,0.053745,8.4787
1.5932,2.1048,0.080975,-0.058688,0.053769,8.4734
1.5932,2.1048,0.080978,-0.058714,0.053792,8.4727
1.5933,2.1048,0.080981,-0.05875,0.053817,8.4694
1.5933,2.1048,0.080984,-0.058794,0.053845,8.4613
1.5934,2.1048,0.080987,-0.05884,0.053874,8.4705
1.5934,2.1048,0.080989,-0.058875,0.053903,8.4615
1.5935,2.1048,0.080992,-0.05889,0.053932,8.4516
1.5935,2.1048,0.080995,-0.058902,0.05396,8.4629
1.5936,2.1048,0.080998,-0.058916,0.053985,8.4676
1.5936,2.1048,0.081001,-0.058957,0.054008,8.4527
1.5937,2.1048,0.081004,-0.059013,0.054034,8.4611
1.5937,2.1048,0.081006,-0.059086,0.054059,8.4653
1.5938,2.1048,0.081009,-0.059168,0.054084,8.4473
1.5938,2.1048,0.081012,-0.059244,0.054109,8.4451
1.5939,2.1048,0.081015,-0.059287,0.054133,8.4534
1.5939,2.1048,0.081018,-0.059292,0.054157,8.4471
1.594,2.1048,0.081021,-0.059264,0.054181,8.4534
1.5941,2.1048,0.081024,-0.059226,0.054205,8.472
1.5941,2.1048,0.081026,-0.05918,0.054229,8.4733
1.5942,2.1048,0.081029,-0.059142,0.054252,8.4619
1.5942,2.1048,0.081032,-0.059136,0.054275,8.4728
1.5943,2.1048,0.081035,-0.059164,0.054298,8.4711
1.5943,2.1048,0.081038,-0.05921,0.054321,8.466
1.5944,2.1048,0.081041,-0.059254,0.054343,8.4762
1.5944,2.1048,0.081044,-0.059297,0.054365,8.4823
1.5945,2.1048,0.081046,-0.059351,0.054387,8.4724
1.5945,2.1047,0.081049,-0.059399,0.054408,8.4733
1.5946,2.1047,0.081052,-0.05943,0.054428,8.4799
1.5946,2.1047,0.081055,-0.059457,0.054448,8.474
1.5947,2.1047,0.081058,-0.059496,0.054467,8.4684
1.5947,2.1047,0.081061,-0.059527,0.054484,8.4741
1.5948,2.1047,0.081064,-0.059558,0.054501,8.4626
1.5948,2.1047,0.081067,-0.059604,0.054516,8.4501
1.5949,2.1047,0.081069,-0.05967,0.05453,8.4577
1.5949,2.1047,0.081072,-0.059735,0.054543,8.4545
1.595,2.1047,0.081075,-0.059777,0.054555,8.4443
1.5951,2.1047,0.081078,-0.059791,0.054565,8.4639
1.5951,2.1047,0.081081,-0.05978,0.054575,8.467
1.5952,2.1047,0.081084,-0.05974,0.054584,8.4634
1.5952,2.1047,0.081087,-0.059702,0.054591,8.4759
1.5953,2.1047,0.081089,-0.059677,0.054597,8.4768
1.5953,2.1047,0.081092,-0.059648,0.054602,8.4746
1.5954,2.1047,0.081095,-0.05962,0.054606,8.4758
1.5954,2.1047,0.081098,-0.059597,0.054609,8.4874
1.5955,2.1047,0.081101,-0.059568,0.05461,8.4788
1.5955,2.1047,0.081104,-0.059537,0.05461,8.4878
1.5956,2.1047,0.081107,-0.059511,0.054609,8.494
1.5956,2.1047,0.08111,-0.059484,0.054607,8.5014
1.5957,2.1047,0.081112,-0.059439,0.054603,8.4917
1.5957,2.1047,0.081115,-0.059377,0.054599,8.5088
1.5958,2.1047,0.081118,-0.059307,0.054595,8.5081
1.5958,2.1047,0.081121,-0.05926,0.054589,8.5004
1.5959,2.1047,0.081124,-0.059203,0.054582,8.5053
1.5959,2.1047,0.081127,-0.059159,0.054575,8.5009
1.596,2.1047,0.08113,-0.059118,0.054566,8.4962
1.5961,2.1047,0.081133,-0.059065,0.054557,8.5074
1.5961,2.1047,0.081135,-0.059002,0.054547,8.5091
1.5962,2.1047,0.081138,-0.058944,0.054536,8.4972
1.5962,2.1046,0.081141,-0.058879,0.054525,8.4926
1.5963,2.1046,0.081144,-0.058821,0.054513,8.5044
1.5963,2.1046,0.081147,-0.058746,0.054501,8.4871
1.5964,2.1046,0.08115,-0.058675,0.054488,8.482
1.5964,2.1046,0.081153,-0.058601,0.054475,8.4904
1.5965,2.1046,0.081156,-0.058533,0.054461,8.4883
1.5965,2.1046,0.081158,-0.058468,0.054447,8.4838
1.5966,2.1046,0.081161,-0.058412,0.054433,8.4913
1.5966,2.1046,0.081164,-0.058358,0.054419,8.4972
1.5967,2.1046,0.081167,-0.058306,0.054404,8.4823
1.5967,2.1046,0.08117,-0.058254,0.054388,8.491
1.5968,2.1046,0.081173,-0.058198,0.054373,8.4981
1.5968,2.1046,0.081176,-0.058136,0.054357,8.49
1.5969,2.1046,0.081178,-0.058074,0.05434,8.4944
1.5969,2.1046,0.081181,-0.058008,0.054323,8.5025
1.597,2.1046,0.081184,-0.057943,0.054305,8.4953
1.5971,2.1046,0.081187,-0.057879,0.054287,8.4991
1.5971,2.1046,0.08119,-0.057815,0.054268,8.508
1.5972,2.1046,0.081193,-0.057751,0.054248,8.5008
1.5972,2.1046,0.081196,-0.057686,0.054226,8.4997
1.5973,2.1046,0.081198,-0.057621,0.054206,8.5136
1.5973,2.1046,0.081201,-0.057557,0.054187,8.5035
1.5974,2.1046,0.081204,-0.057492,0.054169,8.487
1.5974,2.1046,0.081207,-0.057427,0.054151,8.4867
1.5975,2.1046,0.08121,-0.057362,0.054131,8.4912
1.5975,2.1046,0.081213,-0.057297,0.05411,8.4811
1.5976,2.1046,0.081216,-0.057232,0.054084,8.48
1.5976,2.1046,0.081218,-0.057166,0.054057,8.4831
1.5977,2.1046,0.081221,-0.057101,0.054033,8.4708
1.5977,2.1046,0.081224,-0.057035,0.05401,8.4703
1.5978,2.1046,0.081227,-0.056969,0.053987,8.4717
1.5978,2.1046,0.08123,-0.056901,0.053963,8.4559
1.5979,2.1046,0.081233,-0.056834,0.053938,8.4514
1.5979,2.1045,0.081235,-0.056772,0.05391,8.4578
1.598,2.1045,0.081238,-0.056716,0.053879,8.4537
1.5981,2.1045,0.081241,-0.056668,0.053848,8.4426
1.5981,2.1045,0.081244,-0.056628,0.053817,8.4545
1.5982,2.1045,0.081247,-0.056593,0.053784,8.4573
1.5982,2.1045,0.08125,-0.056562,0.05375,8.4506
1.5983,2.1045,0.081252,-0.056532,0.053717,8.4544
1.5983,2.1045,0.081255,-0.056504,0.053687,8.4616
1.5984,2.1045,0.081258,-0.056469,0.053658,8.4496
1.5984,2.1045,0.081261,-0.056426,0.053629,8.4455
1.5985,2.1045,0.081264,-0.056377,0.0536,8.4577
1.5985,2.1045,0.081267,-0.056319,0.053569,8.4402
1.5986,2.1045,0.081269,-0.05626,0.053536,8.4389
1.5986,2.1045,0.081272,-0.056206,0.053499,8.4542
1.5987,2.1045,0.081275,-0.056167,0.053462,8.4494
1.5987,2.1045,0.081278,-0.056138,0.053429,8.4411
1.5988,2.1045,0.081281,-0.056107,0.053395,8.4493
1.5988,2.1045,0.081283,-0.056077,0.053365,8.4381
1.5989,2.1045,0.081286,-0.05605,0.05334,8.4292
1.5989,2.1045,0.081289,-0.056019,0.053317,8.4328
1.599,2.1045,0.081292,-0.055987,0.053296,8.4314
1.5991,2.1045,0.081295,-0.055951,0.053275,8.4139
1.5991,2.1045,0.081297,-0.055917,0.053256,8.421
1.5992,2.1045,0.0813,-0.055888,0.053238,8.4331
1.5992,2.1045,0.081303,-0.055857,0.053218,8.4244
1.5993,2.1045,0.081306,-0.055828,0.053199,8.4227
1.5993,2.1045,0.081309,-0.055801,0.053185,8.4263
1.5994,2.1045,0.081311,-0.05578,0.05317,8.4195
1.5994,2.1045,0.081314,-0.05575,0.053153,8.4207
1.5995,2.1045,0.081317,-0.055717,0.053137,8.4213
1.5995,2.1045,0.08132,-0.055692,0.053123,8.4187
1.5996,2.1045,0.081323,-0.055684,0.053106,8.4137
1.5996,2.1045,0.081325,-0.055691,0.053089,8.4258
1.5997,2.1045,0.081328,-0.055715,0.053072,8.4288
1.5997,2.1044,0.081331,-0.055744,0.053055,8.4283
1.5998,2.1044,0.081334,-0.055787,0.053039,8.4355
1.5998,2.1044,0.081337,-0.055827,0.053024,8.4402
1.5999,2.1044,0.081339,-0.055869,0.053017,8.429
1.5999,2.1044,0.081342,-0.055915,0.053016,8.4409
1.6,2.1044,0.081345,-0.055962,0.05302,8.4454
1.6001,2.1044,0.081348,-0.056,0.05303,8.4308
1.6001,2.1044,0.081351,-0.056044,0.053042,8.43
1.6002,2.1044,0.081353,-0.056085,0.053055,8.439
1.6002,2.1044,0.081356,-0.056123,0.053069,8.4343
1.6003,2.1044,0.081359,-0.056155,0.053078,8.4272
1.6003,2.1044,0.081362,-0.056183,0.053085,8.4411
1.6004,2.1044,0.081364,-0.056216,0.053091,8.4355
1.6004,2.1044,0.081367,-0.056255,0.053097,8.4214
1.6005,2.1044,0.08137,-0.056291,0.05311,8.4354
1.6005,2.1044,0.081373,-0.056339,0.053121,8.4289
1.6006,2.1044,0.081376,-0.056395,0.053136,8.4147
1.6006,2.1044,0.081378,-0.056429,0.053149,8.4243
1.6007,2.1044,0.081381,-0.056438,0.05316,8.4277
1.6007,2.1044,0.081384,-0.056446,0.053166,8.4249
1.6008,2.1044,0.081387,-0.056475,0.053164,8.4286
1.6008,2.1044,0.08139,-0.056526,0.053159,8.4411
1.6009,2.1044,0.081392,-0.056582,0.05316,8.4308
1.6009,2.1044,0.081395,-0.056638,0.053162,8.4258
1.601,2.1044,0.081398,-0.056687,0.053171,8.4402
1.6011,2.1044,0.081401,-0.056699,0.053186,8.4347
1.6011,2.1044,0.081404,-0.056698,0.05321,8.4301
1.6012,2.1044,0.081406,-0.056692,0.053236,8.4382
1.6012,2.1044,0.081409,-0.056699,0.053261,8.4474
1.6013,2.1044,0.081412,-0.056709,0.053287,8.4417
1.6013,2.1044,0.081415,-0.056713,0.053318,8.4499
1.6014,2.1044,0.081418,-0.056715,0.053349,8.459
1.6014,2.1044,0.08142,-0.056713,0.053379,8.4413
1.6015,2.1043,0.081423,-0.056695,0.053404,8.4473
1.6015,2.1043,0.081426,-0.056681,0.053427,8.4501
1.6016,2.1043,0.081429,-0.056661,0.053448,8.4412
1.6016,2.1043,0.081432,-0.056638,0.053471,8.4365
1.6017,2.1043,0.081435,-0.056613,0.053497,8.4442
1.6017,2.1043,0.081437,-0.056587,0.053527,8.442
1.6018,2.1043,0.08144,-0.056572,0.053554,8.4377
1.6018,2.1043,0.081443,-0.056561,0.05358,8.4493
1.6019,2.1043,0.081446,-0.056552,0.0536,8.441
1.6019,2.1043,0.081449,-0.056547,0.053616,8.4308
1.602,2.1043,0.081451,-0.056543,0.05363,8.4372
1.6021,2.1043,0.081454,-0.056543,0.053643,8.4375
1.6021,2.1043,0.081457,-0.056553,0.05366,8.4255
1.6022,2.1043,0.08146,-0.056581,0.053677,8.4286
1.6022,2.1043,0.081463,-0.05662,0.053696,8.4358
1.6023,2.1043,0.081466,-0.056654,0.053714,8.4274
1.6023,2.1043,0.081468,-0.056691,0.053734,8.4324
1.6024,2.1043,0.081471,-0.056732,0.05376,8.4442
1.6024,2.1043,0.081474,-0.056767,0.05379,8.4367
1.6025,2.1043,0.081477,-0.05681,0.053821,8.4439
1.6025,2.1043,0.08148,-0.056858,0.053852,8.4521
1.6026,2.1043,0.081483,-0.056909,0.053884,8.4495
1.6026,2.1043,0.081485,-0.056949,0.053914,8.446
1.6027,2.1043,0.081488,-0.056969,0.053941,8.4571
1.6027,2.1043,0.081491,-0.05698,0.053968,8.4579
1.6028,2.1043,0.081494,-0.05699,0.053995,8.4517
1.6028,2.1043,0.081497,-0.056998,0.054024,8.4573
1.6029,2.1043,0.0815,-0.057019,0.054053,8.4678
1.6029,2.1043,0.081502,-0.057058,0.054081,8.4515
1.603,2.1043,0.081505,-0.057123,0.054112,8.4563
1.6031,2.1043,0.081508,-0.05719,0.054142,8.4523
1.6031,2.1043,0.081511,-0.057262,0.05417,8.4442
1.6032,2.1043,0.081514,-0.057328,0.054201,8.4424
1.6032,2.1043,0.081517,-0.057381,0.054228,8.4515
1.6033,2.1042,0.08152,-0.057413,0.054257,8.434
1.6033,2.1042,0.081522,-0.057429,0.054285,8.4294
1.6034,2.1042,0.081525,-0.057451,0.054311,8.4352
1.6034,2.1042,0.081528,-0.057501,0.054337,8.431
1.6035,2.1042,0.081531,-0.057557,0.054362,8.4139
1.6035,2.1042,0.081534,-0.057626,0.054386,8.4139
1.6036,2.1042,0.081537,-0.057688,0.054414,8.4062
1.6036,2.1042,0.08154,-0.057744,0.054441,8.3958
1.6037,2.1042,0.081542,-0.057794,0.054467,8.4032
1.6037,2.1042,0.081545,-0.057815,0.054493,8.411
1.6038,2.1042,0.081548,-0.057823,0.054519,8.4067
1.6038,2.1042,0.081551,-0.057845,0.054546,8.4129
1.6039,2.1042,0.081554,-0.057887,0.054572,8.4303
1.6039,2.1042,0.081557,-0.057951,0.054598,8.4182
1.604,2.1042,0.08156,-0.05802,0.054624,8.4219
1.6041,2.1042,0.081563,-0.0581,0.05465,8.4286
1.6041,2.1042,0.081565,-0.058179,0.054675,8.4198
1.6042,2.1042,0.081568,-0.058223,0.054702,8.4113
1.6042,2.1042,0.081571,-0.058234,0.054731,8.4182
1.6043,2.1042,0.081574,-0.058241,0.05476,8.418
1.6043,2.1042,0.081577,-0.058259,0.05479,8.4169
1.6044,2.1042,0.08158,-0.058281,0.054818,8.4209
1.6044,2.1042,0.081583,-0.058306,0.054844,8.4219
1.6045,2.1042,0.081586,-0.058334,0.054867,8.4023
1.6045,2.1042,0.081589,-0.058361,0.054887,8.4114
1.6046,2.1042,0.081591,-0.058387,0.054908,8.4097
1.6046,2.1042,0.081594,-0.058407,0.054928,8.3971
1.6047,2.1042,0.081597,-0.058434,0.054948,8.3945
1.6047,2.1042,0.0816,-0.058457,0.054968,8.4043
1.6048,2.1042,0.081603,-0.058462,0.054987,8.3969
1.6048,2.1042,0.081606,-0.05845,0.055007,8.3989
1.6049,2.1042,0.081609,-0.058423,0.055027,8.4109
1.6049,2.1042,0.081612,-0.058393,0.055047,8.401
1.605,2.1041,0.081615,-0.058371,0.055067,8.4032
1.6051,2.1041,0.081617,-0.058362,0.055087,8.4142
1.6051,2.1041,0.08162,-0.058368,0.055107,8.4107
1.6052,2.1041,0.081623,-0.058367,0.055128,8.4063
1.6052,2.1041,0.081626,-0.05836,0.055148,8.4113
1.6053,2.1041,0.081629,-0.058361,0.055168,8.4226
1.6053,2.1041,0.081632,-0.058353,0.055188,8.4138
1.6054,2.1041,0.081635,-0.058335,0.055208,8.4193
1.6054,2.1041,0.081638,-0.058316,0.055228,8.4372
1.6055,2.1041,0.081641,-0.05829,0.055247,8.4302
1.6055,2.1041,0.081644,-0.058258,0.055267,8.432
1.6056,2.1041,0.081647,-0.05821,0.055285,8.4391
1.6056,2.1041,0.081649,-0.058176,0.055303,8.4267
1.6057,2.1041,0.081652,-0.05816,0.055321,8.4213
1.6057,2.1041,0.081655,-0.058143,0.055338,8.4325
1.6058,2.1041,0.081658,-0.058109,0.055354,8.4341
1.6058,2.1041,0.081661,-0.058083,0.05537,8.4291
1.6059,2.1041,0.081664,-0.058032,0.055385,8.4288
1.6059,2.1041,0.081667,-0.057979,0.0554,8.4352
1.606,2.1041,0.08167,-0.057925,0.055415,8.4285
1.6061,2.1041,0.081673,-0.057879,0.055429,8.4316
1.6061,2.1041,0.081676,-0.057835,0.055443,8.4332
1.6062,2.1041,0.081679,-0.057799,0.055456,8.4271
1.6062,2.1041,0.081682,-0.057751,0.055467,8.4282
1.6063,2.1041,0.081684,-0.057717,0.055478,8.4369
1.6063,2.1041,0.081687,-0.057681,0.055488,8.4264
1.6064,2.1041,0.08169,-0.057661,0.055497,8.4306
1.6064,2.1041,0.081693,-0.057652,0.055505,8.446
1.6065,2.1041,0.081696,-0.057647,0.055512,8.4472
1.6065,2.1041,0.081699,-0.057644,0.055517,8.4441
1.6066,2.1041,0.081702,-0.057629,0.055521,8.4491
1.6066,2.1041,0.081705,-0.057605,0.055523,8.4454
1.6067,2.104,0.081708,-0.057578,0.055524,8.4432
1.6067,2.104,0.081711,-0.057555,0.055523,8.4519
1.6068,2.104,0.081714,-0.057531,0.055521,8.4588
1.6068,2.104,0.081717,-0.057512,0.055517,8.4517
1.6069,2.104,0.08172,-0.057494,0.055511,8.4614
1.6069,2.104,0.081722,-0.057475,0.055504,8.4685
1.607,2.104,0.081725,-0.057455,0.055496,8.4714
1.6071,2.104,0.081728,-0.057431,0.055486,8.4671
1.6071,2.104,0.081731,-0.057413,0.055475,8.478
1.6072,2.104,0.081734,-0.057381,0.055464,8.4721
1.6072,2.104,0.081737,-0.05734,0.055451,8.4611
1.6073,2.104,0.08174,-0.057298,0.055437,8.4671
1.6073,2.104,0.081743,-0.057252,0.055423,8.4724
1.6074,2.104,0.081746,-0.057207,0.055407,8.4639
1.6074,2.104,0.081749,-0.057169,0.055391,8.4639
1.6075,2.104,0.081752,-0.057132,0.055374,8.4698
1.6075,2.104,0.081755,-0.05711,0.055356,8.462
1.6076,2.104,0.081757,-0.057079,0.055337,8.4715
1.6076,2.104,0.08176,-0.057048,0.055317,8.4744
1.6077,2.104,0.081763,-0.057014,0.055296,8.4574
1.6077,2.104,0.081766,-0.056968,0.055273,8.4613
1.6078,2.104,0.081769,-0.056914,0.055248,8.4713
1.6078,2.104,0.081772,-0.056852,0.055224,8.4639
1.6079,2.104,0.081775,-0.056782,0.055201,8.4677
1.6079,2.104,0.081778,-0.056722,0.055176,8.4851
1.608,2.104,0.081781,-0.056664,0.055154,8.4818
1.6081,2.104,0.081784,-0.056607,0.055132,8.4746
1.6081,2.104,0.081786,-0.056551,0.055109,8.4899
1.6082,2.104,0.081789,-0.056494,0.055083,8.4924
1.6082,2.104,0.081792,-0.056432,0.055053,8.4798
1.6083,2.104,0.081795,-0.056369,0.055023,8.487
1.6083,2.104,0.081798,-0.056306,0.054989,8.4989
1.6084,2.104,0.081801,-0.056253,0.054952,8.4842
1.6084,2.104,0.081804,-0.056208,0.054916,8.4937
1.6085,2.1039,0.081807,-0.05617,0.054879,8.5025
1.6085,2.1039,0.08181,-0.056136,0.054842,8.5021
1.6086,2.1039,0.081813,-0.056103,0.054804,8.4929
1.6086,2.1039,0.081815,-0.056067,0.054766,8.5009
1.6087,2.1039,0.081818,-0.056035,0.054728,8.4916
1.6087,2.1039,0.081821,-0.055997,0.054689,8.4767
1.6088,2.1039,0.081824,-0.055947,0.05465,8.4829
1.6088,2.1039,0.081827,-0.055885,0.05461,8.4772
1.6089,2.1039,0.08183,-0.055815,0.054571,8.47
1.6089,2.1039,0.081833,-0.055736,0.054531,8.478
1.609,2.1039,0.081836,-0.055662,0.054492,8.4803
1.6091,2.1039,0.081838,-0.055594,0.054453,8.4714
1.6091,2.1039,0.081841,-0.055528,0.054413,8.4741
1.6092,2.1039,0.081844,-0.055463,0.054374,8.4723
1.6092,2.1039,0.081847,-0.055398,0.054333,8.4695
1.6093,2.1039,0.08185,-0.05534,0.054292,8.4683
1.6093,2.1039,0.081853,-0.055287,0.054256,8.4778
1.6094,2.1039,0.081856,-0.055247,0.054228,8.4678
1.6094,2.1039,0.081858,-0.055226,0.054204,8.4667
1.6095,2.1039,0.081861,-0.055209,0.054182,8.4786
1.6095,2.1039,0.081864,-0.055188,0.054164,8.4828
1.6096,2.1039,0.081867,-0.05517,0.054145,8.4751
1.6096,2.1039,0.08187,-0.055145,0.054121,8.4861
1.6097,2.1039,0.081873,-0.055116,0.054092,8.4838
1.6097,2.1039,0.081875,-0.055062,0.054062,8.4711
1.6098,2.1039,0.081878,-0.054981,0.054032,8.4745
1.6098,2.1039,0.081881,-0.054876,0.053998,8.481
1.6099,2.1039,0.081884,-0.054758,0.053962,8.4683
1.6099,2.1039,0.081887,-0.054638,0.053929,8.4786
1.61,2.1039,0.08189,-0.054538,0.053895,8.4872
1.6101,2.1039,0.081893,-0.054442,0.053862,8.4755
1.6101,2.1039,0.081895,-0.054362,0.053829,8.4746
1.6102,2.1039,0.081898,-0.054263,0.053796,8.4837
1.6102,2.1039,0.081901,-0.054157,0.053763,8.4661
1.6103,2.1038,0.081904,-0.054048,0.053731,8.4609
1.6103,2.1038,0.081907,-0.053944,0.0537,8.4573
1.6104,2.1038,0.081909,-0.053855,0.053668,8.4562
1.6104,2.1038,0.081912,-0.053783,0.053635,8.4446
1.6105,2.1038,0.081915,-0.053713,0.053605,8.4522
1.6105,2.1038,0.081918,-0.053657,0.053578,8.4545
1.6106,2.1038,0.081921,-0.053594,0.053553,8.45
1.6106,2.1038,0.081924,-0.053552,0.053526,8.4527
1.6107,2.1038,0.081926,-0.053512,0.053502,8.4579
1.6107,2.1038,0.081929,-0.053464,0.053481,8.4516
1.6108,2.1038,0.081932,-0.053405,0.053463,8.4464
1.6108,2.1038,0.081935,-0.053336,0.053445,8.4565
1.6109,2.1038,0.081938,-0.053257,0.053427,8.4491
1.6109,2.1038,0.08194,-0.053177,0.053411,8.4542
1.611,2.1038,0.081943,-0.053108,0.053394,8.4743
1.6111,2.1038,0.081946,-0.053041,0.053374,8.4669
1.6111,2.1038,0.081949,-0.052984,0.053338,8.4663
1.6112,2.1038,0.081952,-0.052932,0.053315,8.4783
1.6112,2.1038,0.081955,-0.052886,0.053337,8.4722
1.6113,2.1038,0.081957,-0.052855,0.053369,8.4622
1.6113,2.1038,0.08196,-0.052827,0.053438,8.4658
1.6114,2.1038,0.081963,-0.0528,0.053522,8.4678
1.6114,2.1038,0.081966,-0.052773,0.053597,8.4569
1.6115,2.1038,0.081969,-0.052738,0.053641,8.4574
1.6115,2.1038,0.081971,-0.05273,0.053632,8.4647
1.6116,2.1038,0.081974,-0.052743,0.0536,8.4638
1.6116,2.1038,0.081977,-0.052772,0.053565,8.4667
1.6117,2.1038,0.08198,-0.052813,0.053504,8.4761
1.6117,2.1038,0.081983,-0.052856,0.053465,8.465
1.6118,2.1038,0.081986,-0.052891,0.053431,8.4655
1.6118,2.1038,0.081988,-0.052909,0.053405,8.4771
1.6119,2.1038,0.081991,-0.052922,0.053384,8.4692
1.6119,2.1038,0.081994,-0.052946,0.053369,8.4688
1.612,2.1038,0.081997,-0.052959,0.053357,8.4793
1.6121,2.1038,0.082,-0.052965,0.053346,8.4894
1.6121,2.1038,0.082002,-0.052956,0.053336,8.4827
1.6122,2.1037,0.082005,-0.052942,0.053327,8.4931
1.6122,2.1037,0.082008,-0.052931,0.053322,8.4993
1.6123,2.1037,0.082011,-0.052927,0.053318,8.4863
1.6123,2.1037,0.082014,-0.052925,0.053309,8.4953
1.6124,2.1037,0.082016,-0.052941,0.053285,8.5011
1.6124,2.1037,0.082019,-0.052952,0.053285,8.493
1.6125,2.1037,0.082022,-0.052969,0.053304,8.4984
1.6125,2.1037,0.082025,-0.052982,0.053318,8.5117
1.6126,2.1037,0.082028,-0.053008,0.053346,8.5054
1.6126,2.1037,0.08203,-0.053048,0.053401,8.5073
1.6127,2.1037,0.082033,-0.053101,0.053479,8.5166
1.6127,2.1037,0.082036,-0.053165,0.053579,8.5162
1.6128,2.1037,0.082039,-0.053252,0.053688,8.5097
1.6128,2.1037,0.082042,-0.053342,0.053838,8.509
1.6129,2.1037,0.082045,-0.053425,0.053995,8.5115
1.6129,2.1037,0.082047,-0.053482,0.054132,8.506
1.613,2.1037,0.08205,-0.053533,0.054281,8.5035
1.6131,2.1037,0.082053,-0.053582,0.054399,8.5104
1.6131,2.1037,0.082056,-0.05363,0.054488,8.4998
1.6132,2.1037,0.082059,-0.053695,0.05456,8.497
1.6132,2.1037,0.082062,-0.053783,0.054637,8.5129
1.6133,2.1037,0.082065,-0.053887,0.054684,8.4999
1.6133,2.1037,0.082068,-0.053992,0.054719,8.4916
1.6134,2.1037,0.08207,-0.054076,0.054758,8.5043
1.6134,2.1037,0.082073,-0.054164,0.054818,8.4996
1.6135,2.1037,0.082076,-0.054243,0.054864,8.4825
1.6135,2.1037,0.082079,-0.054323,0.054916,8.4927
1.6136,2.1037,0.082082,-0.054406,0.054981,8.5021
1.6136,2.1037,0.082085,-0.054478,0.055077,8.5001
1.6137,2.1037,0.082088,-0.05456,0.055136,8.5116
1.6137,2.1037,0.082091,-0.054634,0.055143,8.5104
1.6138,2.1037,0.082094,-0.054697,0.055114,8.4999
1.6138,2.1037,0.082096,-0.054752,0.055068,8.4992
1.6139,2.1037,0.082099,-0.054803,0.05502,8.5003
1.6139,2.1037,0.082102,-0.054871,0.055004,8.5021
1.614,2.1036,0.082105,-0.054946,0.054988,8.4974
1.6141,2.1036,0.082108,-0.055019,0.054997,8.5057
1.6141,2.1036,0.082111,-0.055113,0.055001,8.5011
1.6142,2.1036,0.082114,-0.055206,0.054982,8.4938
1.6142,2.1036,0.082117,-0.055291,0.054956,8.5101
1.6143,2.1036,0.08212,-0.055368,0.054939,8.5057
1.6143,2.1036,0.082122,-0.055454,0.054931,8.4895
1.6144,2.1036,0.082125,-0.055543,0.054958,8.4916
1.6144,2.1036,0.082128,-0.055626,0.054936,8.4924
1.6145,2.1036,0.082131,-0.055693,0.054895,8.4729
1.6145,2.1036,0.082134,-0.05576,0.054843,8.4699
1.6146,2.1036,0.082137,-0.055807,0.054789,8.4731
1.6146,2.1036,0.08214,-0.05583,0.054735,8.4688
1.6147,2.1036,0.082143,-0.055848,0.054692,8.4637
1.6147,2.1036,0.082146,-0.055876,0.054663,8.4706
1.6148,2.1036,0.082148,-0.055917,0.054654,8.462
1.6148,2.1036,0.082151,-0.055967,0.054623,8.458
1.6149,2.1036,0.082154,-0.056025,0.054587,8.4609
1.6149,2.1036,0.082157,-0.056098,0.054549,8.4609
1.615,2.1036,0.08216,-0.056177,0.054505,8.4521
1.6151,2.1036,0.082163,-0.056245,0.054451,8.4599
1.6151,2.1036,0.082166,-0.056314,0.054392,8.4594
1.6152,2.1036,0.082169,-0.056381,0.054325,8.4534
1.6152,2.1036,0.082171,-0.056443,0.05425,8.4587
1.6153,2.1036,0.082174,-0.056516,0.054166,8.4599
1.6153,2.1036,0.082177,-0.056587,0.054072,8.4466
1.6154,2.1036,0.08218,-0.056655,0.053975,8.4499
1.6154,2.1036,0.082183,-0.056724,0.053869,8.4478
1.6155,2.1036,0.082186,-0.056782,0.05376,8.4362
1.6155,2.1036,0.082188,-0.05684,0.053647,8.4335
1.6156,2.1036,0.082191,-0.056884,0.05353,8.4426
1.6156,2.1036,0.082194,-0.056921,0.053407,8.4382
1.6157,2.1036,0.082197,-0.056961,0.053278,8.4311
1.6157,2.1036,0.0822,-0.056999,0.053142,8.4435
1.6158,2.1035,0.082202,-0.05704,0.053004,8.4426
1.6158,2.1035,0.082205,-0.057091,0.052862,8.4297
1.6159,2.1035,0.082208,-0.057144,0.052716,8.4324
1.6159,2.1035,0.082211,-0.057205,0.052566,8.4312
1.616,2.1035,0.082213,-0.057275,0.052411,8.4212
1.6161,2.1035,0.082216,-0.057347,0.052252,8.4216
1.6161,2.1035,0.082219,-0.057411,0.052089,8.4283
1.6162,2.1035,0.082222,-0.057474,0.051923,8.4199
1.6162,2.1035,0.082224,-0.057534,0.051753,8.427
1.6163,2.1035,0.082227,-0.057585,0.051579,8.4431
1.6163,2.1035,0.08223,-0.057626,0.051402,8.4293
1.6164,2.1035,0.082233,-0.057651,0.051222,8.4305
1.6164,2.1035,0.082235,-0.057664,0.051038,8.4304
1.6165,2.1035,0.082238,-0.057659,0.05085,8.4256
1.6165,2.1035,0.082241,-0.057638,0.05066,8.4207
1.6166,2.1035,0.082243,-0.05761,0.050467,8.4343
1.6166,2.1035,0.082246,-0.057574,0.050271,8.4338
1.6167,2.1035,0.082249,-0.057529,0.050072,8.4336
1.6167,2.1035,0.082251,-0.057486,0.049871,8.4436
1.6168,2.1035,0.082254,-0.057441,0.049668,8.4519
1.6168,2.1035,0.082256,-0.057401,0.049476,8.4413
1.6169,2.1035,0.082259,-0.057377,0.049257,8.4472
1.6169,2.1035,0.082262,-0.057368,0.049018,8.4507
1.617,2.1035,0.082264,-0.057374,0.048769,8.4358
1.6171,2.1035,0.082267,-0.057376,0.048519,8.4324
1.6171,2.1035,0.082269,-0.057393,0.048277,8.4484
1.6172,2.1035,0.082272,-0.057409,0.048049,8.4372
1.6172,2.1035,0.082274,-0.057428,0.04784,8.4335
1.6173,2.1035,0.082277,-0.057448,0.047658,8.4484
1.6173,2.1035,0.082279,-0.05746,0.047457,8.4464
1.6174,2.1035,0.082282,-0.05745,0.047248,8.438
1.6174,2.1035,0.082284,-0.057414,0.047029,8.4445
1.6175,2.1035,0.082287,-0.057352,0.046806,8.446
1.6175,2.1034,0.082289,-0.057302,0.046577,8.4397
1.6176,2.1034,0.082292,-0.057268,0.046347,8.4368
1.6176,2.1034,0.082294,-0.057257,0.046116,8.4462
1.6177,2.1034,0.082296,-0.057259,0.045886,8.44
1.6177,2.1034,0.082299,-0.057265,0.045656,8.4467
1.6178,2.1034,0.082301,-0.057269,0.045418,8.4561
1.6178,2.1034,0.082304,-0.057269,0.045172,8.4507
1.6179,2.1034,0.082306,-0.057263,0.044926,8.4481
1.6179,2.1034,0.082308,-0.057259,0.044676,8.4579
1.618,2.1034,0.082311,-0.057267,0.044429,8.453
1.6181,2.1034,0.082313,-0.057275,0.044186,8.4366
1.6181,2.1034,0.082315,-0.057271,0.043949,8.4522
1.6182,2.1034,0.082318,-0.05727,0.043716,8.4516
1.6182,2.1034,0.08232,-0.057269,0.043479,8.447
1.6183,2.1034,0.082322,-0.057276,0.043235,8.4525
1.6183,2.1034,0.082324,-0.057279,0.042992,8.4588
1.6184,2.1034,0.082327,-0.057276,0.042745,8.4533
1.6184,2.1034,0.082329,-0.05726,0.042494,8.4592
1.6185,2.1034,0.082331,-0.057231,0.042246,8.4565
1.6185,2.1034,0.082333,-0.057185,0.042002,8.4454
1.6186,2.1034,0.082336,-0.057128,0.041758,8.4343
1.6186,2.1034,0.082338,-0.05706,0.041513,8.4481
1.6187,2.1034,0.08234,-0.056998,0.041265,8.4481
1.6187,2.1034,0.082342,-0.056944,0.041018,8.4394
1.6188,2.1034,0.082344,-0.056902,0.040771,8.4509
1.6188,2.1034,0.082346,-0.056869,0.040519,8.4547
1.6189,2.1034,0.082348,-0.05684,0.040274,8.4459
1.6189,2.1034,0.082351,-0.056805,0.040031,8.4545
1.619,2.1034,0.082353,-0.056761,0.039792,8.4488
1.6191,2.1034,0.082355,-0.056716,0.039555,8.4456
1.6191,2.1034,0.082357,-0.056665,0.039319,8.4421
1.6192,2.1034,0.082359,-0.05661,0.039086,8.4562
1.6192,2.1034,0.082361,-0.056555,0.038852,8.4491
1.6193,2.1033,0.082363,-0.056493,0.03861,8.4545
1.6193,2.1033,0.082365,-0.056419,0.038373,8.4661
1.6194,2.1033,0.082367,-0.056331,0.038138,8.4607
1.6194,2.1033,0.082369,-0.056233,0.037904,8.4571
1.6195,2.1033,0.082371,-0.056133,0.037678,8.4639
1.6195,2.1033,0.082373,-0.056018,0.03746,8.4671
1.6196,2.1033,0.082375,-0.055901,0.037249,8.4549
1.6196,2.1033,0.082377,-0.055789,0.03704,8.4669
1.6197,2.1033,0.082379,-0.055691,0.036828,8.4641
1.6197,2.1033,0.082381,-0.055607,0.03662,8.4589
1.6198,2.1033,0.082383,-0.055536,0.036413,8.4655
1.6198,2.1033,0.082385,-0.055475,0.036206,8.4718
1.6199,2.1033,0.082386,-0.055413,0.036005,8.4559
1.6199,2.1033,0.082388,-0.055346,0.035808,8.4583
1.62,2.1033,0.08239,-0.055281,0.035614,8.4546
1.6201,2.1033,0.082392,-0.055216,0.035425,8.439
1.6201,2.1033,0.082394,-0.055162,0.03524,8.428
1.6202,2.1033,0.082396,-0.055111,0.035059,8.4321
1.6202,2.1033,0.082398,-0.055064,0.034883,8.4268
1.6203,2.1033,0.082399,-0.055015,0.034711,8.4227
1.6203,2.1033,0.082401,-0.054958,0.034544,8.433
1.6204,2.1033,0.082403,-0.0549,0.034381,8.43
1.6204,2.1033,0.082405,-0.054841,0.034224,8.4251
1.6205,2.1033,0.082407,-0.054779,0.034072,8.4338
1.6205,2.1033,0.082408,-0.054722,0.033925,8.4306
1.6206,2.1033,0.08241,-0.054652,0.033783,8.4206
1.6206,2.1033,0.082412,-0.054575,0.033646,8.4271
1.6207,2.1033,0.082414,-0.054489,0.033514,8.4278
1.6207,2.1033,0.082415,-0.054402,0.033388,8.4183
1.6208,2.1033,0.082417,-0.054318,0.033268,8.4202
1.6208,2.1033,0.082419,-0.054243,0.033153,8.429
1.6209,2.1033,0.082421,-0.054181,0.033044,8.4255
1.6209,2.1033,0.082422,-0.054136,0.032941,8.4212
1.621,2.1033,0.082424,-0.054094,0.032844,8.4264
1.6211,2.1033,0.082426,-0.054048,0.032771,8.4195
1.6211,2.1032,0.082428,-0.05398,0.032693,8.4087
1.6212,2.1032,0.082429,-0.053901,0.032575,8.4109
1.6212,2.1032,0.082431,-0.053815,0.032446,8.4135
1.6213,2.1032,0.082433,-0.05373,0.032277,8.4018
1.6213,2.1032,0.082434,-0.053649,0.03209,8.4117
1.6214,2.1032,0.082436,-0.053588,0.031907,8.4186
1.6214,2.1032,0.082438,-0.053539,0.031752,8.4036
1.6215,2.1032,0.082439,-0.053482,0.031651,8.4104
1.6215,2.1032,0.082441,-0.053408,0.031578,8.4165
1.6216,2.1032,0.082443,-0.053324,0.031513,8.3996
1.6216,2.1032,0.082444,-0.053237,0.031482,8.3958
1.6217,2.1032,0.082446,-0.053147,0.031441,8.4112
1.6217,2.1032,0.082448,-0.053064,0.031406,8.4108
1.6218,2.1032,0.082449,-0.052999,0.031378,8.4103
1.6218,2.1032,0.082451,-0.052941,0.031357,8.4199
1.6219,2.1032,0.082453,-0.052882,0.031342,8.4161
1.6219,2.1032,0.082454,-0.052834,0.031335,8.4118
1.622,2.1032,0.082456,-0.052775,0.031335,8.4278
1.6221,2.1032,0.082458,-0.052711,0.031343,8.4309
1.6221,2.1032,0.082459,-0.05264,0.031358,8.4194
1.6222,2.1032,0.082461,-0.052581,0.031382,8.4283
1.6222,2.1032,0.082463,-0.052525,0.031414,8.4339
1.6223,2.1032,0.082464,-0.052472,0.031453,8.4189
1.6223,2.1032,0.082466,-0.052433,0.031517,8.4262
1.6224,2.1032,0.082468,-0.052403,0.031564,8.435
1.6224,2.1032,0.082469,-0.05237,0.031601,8.437
1.6225,2.1032,0.082471,-0.052339,0.031648,8.4319
1.6225,2.1032,0.082473,-0.052305,0.03169,8.4417
1.6226,2.1032,0.082474,-0.052279,0.031713,8.4389
1.6226,2.1032,0.082476,-0.052251,0.031716,8.4291
1.6227,2.1032,0.082478,-0.052217,0.031698,8.4377
1.6227,2.1032,0.082479,-0.052181,0.031666,8.4402
1.6228,2.1032,0.082481,-0.052139,0.03159,8.4317
1.6228,2.1032,0.082483,-0.052104,0.031498,8.4428
1.6229,2.1032,0.082484,-0.052083,0.031416,8.4483
1.6229,2.1032,0.082486,-0.052067,0.031315,8.444
1.623,2.1031,0.082487,-0.052052,0.031238,8.4555
1.6231,2.1031,0.082489,-0.052034,0.031184,8.4603
1.6231,2.1031,0.082491,-0.052008,0.031144,8.4525
1.6232,2.1031,0.082492,-0.051978,0.031093,8.4468
1.6232,2.1031,0.082494,-0.051947,0.031067,8.46
1.6233,2.1031,0.082496,-0.051925,0.031053,8.4544
1.6233,2.1031,0.082497,-0.051915,0.031034,8.4581
1.6234,2.1031,0.082499,-0.051899,0.030994,8.4722
1.6234,2.1031,0.082501,-0.051883,0.030968,8.4774
1.6235,2.1031,0.082502,-0.051853,0.030932,8.4741
1.6235,2.1031,0.082504,-0.051816,0.030877,8.4811
1.6236,2.1031,0.082505,-0.051789,0.030784,8.4912
1.6236,2.1031,0.082507,-0.051768,0.030721,8.4749
1.6237,2.1031,0.082509,-0.051763,0.030705,8.4826
1.6237,2.1031,0.08251,-0.051772,0.030726,8.4866
1.6238,2.1031,0.082512,-0.051797,0.030767,8.4765
1.6238,2.1031,0.082514,-0.051824,0.030814,8.4848
1.6239,2.1031,0.082515,-0.051824,0.030831,8.4943
1.6239,2.1031,0.082517,-0.051808,0.030848,8.4846
1.624,2.1031,0.082518,-0.05178,0.030841,8.476
1.6241,2.1031,0.08252,-0.051736,0.030832,8.4915
1.6241,2.1031,0.082522,-0.051695,0.030843,8.4734
1.6242,2.1031,0.082523,-0.051657,0.030858,8.4658
1.6242,2.1031,0.082525,-0.051633,0.030861,8.474
1.6243,2.1031,0.082527,-0.051599,0.030852,8.4693
1.6243,2.1031,0.082528,-0.051551,0.030805,8.4609
1.6244,2.1031,0.08253,-0.051504,0.030803,8.4659
1.6244,2.1031,0.082531,-0.051462,0.030821,8.4711
1.6245,2.1031,0.082533,-0.051412,0.030848,8.4685
1.6245,2.1031,0.082535,-0.051371,0.030877,8.4719
1.6246,2.1031,0.082536,-0.051343,0.030906,8.4775
1.6246,2.1031,0.082538,-0.051325,0.030922,8.4775
1.6247,2.1031,0.08254,-0.051312,0.030921,8.4772
1.6247,2.1031,0.082541,-0.051296,0.030896,8.4883
1.6248,2.1031,0.082543,-0.051283,0.030886,8.479
1.6248,2.1031,0.082544,-0.051268,0.030876,8.4793
1.6249,2.1031,0.082546,-0.051241,0.030862,8.4913
1.6249,2.103,0.082548,-0.051213,0.030849,8.4945
1.625,2.103,0.082549,-0.051196,0.030839,8.4907
1.6251,2.103,0.082551,-0.051178,0.03083,8.507
1.6251,2.103,0.082553,-0.051164,0.030823,8.5016
1.6252,2.103,0.082554,-0.051148,0.03082,8.4907
1.6252,2.103,0.082556,-0.051119,0.03082,8.4975
1.6253,2.103,0.082557,-0.051085,0.030827,8.4991
1.6253,2.103,0.082559,-0.051054,0.030833,8.4832
1.6254,2.103,0.082561,-0.051025,0.030844,8.4893
1.6254,2.103,0.082562,-0.051007,0.030856,8.4963
1.6255,2.103,0.082564,-0.050995,0.030867,8.4845
1.6255,2.103,0.082565,-0.050989,0.03088,8.4794
1.6256,2.103,0.082567,-0.050977,0.030895,8.4924
1.6256,2.103,0.082569,-0.050956,0.030913,8.4798
1.6257,2.103,0.08257,-0.05094,0.030936,8.4678
1.6257,2.103,0.082572,-0.050925,0.030958,8.4719
1.6258,2.103,0.082574,-0.050918,0.030981,8.4716
1.6258,2.103,0.082575,-0.050916,0.031006,8.4576
1.6259,2.103,0.082577,-0.050918,0.031032,8.4729
1.6259,2.103,0.082579,-0.050914,0.03106,8.4824
1.626,2.103,0.08258,-0.050904,0.03109,8.4736
1.6261,2.103,0.082582,-0.050898,0.03112,8.4801
1.6261,2.103,0.082583,-0.050896,0.031152,8.4891
1.6262,2.103,0.082585,-0.050892,0.031185,8.4868
1.6262,2.103,0.082587,-0.050893,0.031219,8.487
1.6263,2.103,0.082588,-0.050889,0.031256,8.4975
1.6263,2.103,0.08259,-0.050885,0.031292,8.4851
1.6264,2.103,0.082592,-0.05089,0.031325,8.4825
1.6264,2.103,0.082593,-0.050912,0.031355,8.4984
1.6265,2.103,0.082595,-0.050957,0.031385,8.4967
1.6265,2.103,0.082597,-0.051021,0.031418,8.4915
1.6266,2.103,0.082598,-0.051094,0.031451,8.5002
1.6266,2.103,0.0826,-0.051174,0.031487,8.4973
1.6267,2.103,0.082602,-0.051261,0.03153,8.4819
1.6267,2.103,0.082603,-0.051347,0.031573,8.49
1.6268,2.103,0.082605,-0.051438,0.031598,8.485
1.6268,2.103,0.082607,-0.051525,0.031645,8.4711
1.6269,2.1029,0.082608,-0.0516,0.031711,8.4749
1.6269,2.1029,0.08261,-0.051666,0.031786,8.4865
1.627,2.1029,0.082612,-0.051729,0.031862,8.4802
1.6271,2.1029,0.082613,-0.051788,0.03192,8.4762
1.6271,2.1029,0.082615,-0.051863,0.031995,8.4813
1.6272,2.1029,0.082617,-0.05193,0.032067,8.4683
1.6272,2.1029,0.082618,-0.052,0.032122,8.4637
1.6273,2.1029,0.08262,-0.052071,0.032194,8.4715
1.6273,2.1029,0.082622,-0.052155,0.032266,8.4655
1.6274,2.1029,0.082623,-0.052264,0.032328,8.4546
1.6274,2.1029,0.082625,-0.052389,0.032375,8.466
1.6275,2.1029,0.082627,-0.05252,0.032399,8.4722
1.6275,2.1029,0.082629,-0.052649,0.032436,8.4675
1.6276,2.1029,0.08263,-0.052757,0.032472,8.4758
1.6276,2.1029,0.082632,-0.052858,0.032512,8.4888
1.6277,2.1029,0.082634,-0.052944,0.032559,8.4748
1.6277,2.1029,0.082635,-0.053029,0.032614,8.4819
1.6278,2.1029,0.082637,-0.053109,0.03268,8.4903
1.6278,2.1029,0.082639,-0.053181,0.032749,8.4841
1.6279,2.1029,0.082641,-0.053249,0.03282,8.4866
1.6279,2.1029,0.082642,-0.053316,0.032884,8.4948
1.628,2.1029,0.082644,-0.053385,0.032942,8.4919
1.6281,2.1029,0.082646,-0.053465,0.032994,8.482
1.6281,2.1029,0.082648,-0.053539,0.033044,8.4934
1.6282,2.1029,0.082649,-0.053607,0.033095,8.4924
1.6282,2.1029,0.082651,-0.053665,0.033155,8.4778
1.6283,2.1029,0.082653,-0.053716,0.033216,8.4764
1.6283,2.1029,0.082655,-0.053768,0.03328,8.4795
1.6284,2.1029,0.082656,-0.05383,0.033348,8.4669
1.6284,2.1029,0.082658,-0.053899,0.033414,8.4725
1.6285,2.1029,0.08266,-0.053982,0.033477,8.4792
1.6285,2.1029,0.082662,-0.054075,0.03354,8.479
1.6286,2.1029,0.082663,-0.05417,0.033604,8.4811
1.6286,2.1029,0.082665,-0.054265,0.033672,8.4924
1.6287,2.1029,0.082667,-0.054353,0.033741,8.4858
1.6287,2.1029,0.082669,-0.054429,0.033812,8.4837
1.6288,2.1028,0.08267,-0.054501,0.033885,8.4866
1.6288,2.1028,0.082672,-0.05457,0.03395,8.4968
1.6289,2.1028,0.082674,-0.054641,0.034008,8.4866
1.6289,2.1028,0.082676,-0.05472,0.034061,8.4938
1.629,2.1028,0.082678,-0.054804,0.034111,8.4984
1.6291,2.1028,0.082679,-0.054898,0.034161,8.4958
1.6291,2.1028,0.082681,-0.054999,0.034215,8.5086
1.6292,2.1028,0.082683,-0.055097,0.034272,8.5225
1.6292,2.1028,0.082685,-0.055193,0.034335,8.5193
1.6293,2.1028,0.082687,-0.055286,0.034392,8.5136
1.6293,2.1028,0.082688,-0.055372,0.03445,8.5206
1.6294,2.1028,0.08269,-0.055452,0.034512,8.5154
1.6294,2.1028,0.082692,-0.055527,0.034571,8.5052
1.6295,2.1028,0.082694,-0.055602,0.034629,8.5152
1.6295,2.1028,0.082696,-0.055674,0.034685,8.5132
1.6296,2.1028,0.082698,-0.055741,0.034742,8.505
1.6296,2.1028,0.082699,-0.0558,0.0348,8.5177
1.6297,2.1028,0.082701,-0.055862,0.034855,8.514
1.6297,2.1028,0.082703,-0.05592,0.034914,8.4987
1.6298,2.1028,0.082705,-0.055981,0.034976,8.5057
1.6298,2.1028,0.082707,-0.056051,0.035036,8.5081
1.6299,2.1028,0.082709,-0.056125,0.035097,8.4982
1.6299,2.1028,0.08271,-0.056202,0.035158,8.497
1.63,2.1028,0.082712,-0.05628,0.035218,8.5054
1.6301,2.1028,0.082714,-0.056354,0.035279,8.4941
1.6301,2.1028,0.082716,-0.056423,0.035326,8.4909
1.6302,2.1028,0.082718,-0.056484,0.035397,8.5051
1.6302,2.1028,0.08272,-0.056542,0.035484,8.5064
1.6303,2.1028,0.082722,-0.056595,0.035579,8.5002
1.6303,2.1028,0.082723,-0.056642,0.035676,8.5038
1.6304,2.1028,0.082725,-0.056688,0.035767,8.5052
1.6304,2.1028,0.082727,-0.056729,0.035845,8.4954
1.6305,2.1028,0.082729,-0.05677,0.035905,8.5024
1.6305,2.1028,0.082731,-0.056821,0.035941,8.5083
1.6306,2.1027,0.082733,-0.056875,0.035991,8.506
1.6306,2.1027,0.082735,-0.05693,0.03604,8.5148
1.6307,2.1027,0.082737,-0.056974,0.036089,8.5233
1.6307,2.1027,0.082739,-0.057006,0.036138,8.5106
1.6308,2.1027,0.082741,-0.05703,0.036185,8.515
1.6308,2.1027,0.082742,-0.057041,0.036233,8.5234
1.6309,2.1027,0.082744,-0.057047,0.036279,8.5117
1.6309,2.1027,0.082746,-0.057063,0.036326,8.5021
1.631,2.1027,0.082748,-0.057091,0.036371,8.5073
1.6311,2.1027,0.08275,-0.057133,0.036416,8.4988
1.6311,2.1027,0.082752,-0.057186,0.03646,8.4875
1.6312,2.1027,0.082754,-0.057247,0.036503,8.4905
1.6312,2.1027,0.082756,-0.057312,0.036545,8.4874
1.6313,2.1027,0.082758,-0.057375,0.036587,8.4715
1.6313,2.1027,0.08276,-0.057435,0.036627,8.476
1.6314,2.1027,0.082762,-0.057492,0.036667,8.4711
1.6314,2.1027,0.082764,-0.057545,0.036705,8.4647
1.6315,2.1027,0.082765,-0.057593,0.036743,8.4642
1.6315,2.1027,0.082767,-0.057639,0.03678,8.4691
1.6316,2.1027,0.082769,-0.057677,0.036817,8.4587
1.6316,2.1027,0.082771,-0.057702,0.036853,8.4629
1.6317,2.1027,0.082773,-0.057723,0.036888,8.4773
1.6317,2.1027,0.082775,-0.057743,0.036923,8.4678
1.6318,2.1027,0.082777,-0.057766,0.036957,8.4638
1.6318,2.1027,0.082779,-0.057797,0.03699,8.4728
1.6319,2.1027,0.082781,-0.057831,0.037023,8.4684
1.6319,2.1027,0.082783,-0.057879,0.037056,8.4574
1.632,2.1027,0.082785,-0.057931,0.037088,8.4633
1.6321,2.1027,0.082787,-0.057982,0.037119,8.4658
1.6321,2.1027,0.082789,-0.05802,0.037149,8.4591
1.6322,2.1027,0.082791,-0.058052,0.037179,8.4603
1.6322,2.1027,0.082793,-0.058075,0.037208,8.4632
1.6323,2.1027,0.082795,-0.058086,0.037222,8.4538
1.6323,2.1026,0.082797,-0.058085,0.037261,8.4576
1.6324,2.1026,0.082799,-0.058086,0.037315,8.4565
1.6324,2.1026,0.082801,-0.058089,0.037363,8.4461
1.6325,2.1026,0.082803,-0.058096,0.037423,8.4399
1.6325,2.1026,0.082805,-0.058105,0.037504,8.4447
1.6326,2.1026,0.082807,-0.05812,0.037608,8.4399
1.6326,2.1026,0.082809,-0.058134,0.03773,8.4249
1.6327,2.1026,0.082811,-0.058146,0.037859,8.4399
1.6327,2.1026,0.082813,-0.058162,0.038021,8.4409
1.6328,2.1026,0.082815,-0.058171,0.038198,8.4187
1.6328,2.1026,0.082817,-0.05817,0.038327,8.4285
1.6329,2.1026,0.082819,-0.058164,0.038432,8.4279
1.6329,2.1026,0.082821,-0.058155,0.038519,8.4207
1.633,2.1026,0.082823,-0.058141,0.03861,8.4171
1.6331,2.1026,0.082825,-0.058126,0.038688,8.4289
1.6331,2.1026,0.082827,-0.058107,0.038744,8.427
1.6332,2.1026,0.082829,-0.058092,0.038775,8.4263
1.6332,2.1026,0.082831,-0.058075,0.038771,8.4409
1.6333,2.1026,0.082833,-0.05806,0.038736,8.4359
1.6333,2.1026,0.082835,-0.058051,0.038691,8.4333
1.6334,2.1026,0.082837,-0.058042,0.038632,8.4397
1.6334,2.1026,0.082839,-0.058031,0.038613,8.4383
1.6335,2.1026,0.082841,-0.058012,0.038592,8.4339
1.6335,2.1026,0.082843,-0.057982,0.038592,8.4341
1.6336,2.1026,0.082845,-0.057946,0.038579,8.4364
1.6336,2.1026,0.082847,-0.057905,0.038555,8.4313
1.6337,2.1026,0.082849,-0.057864,0.038563,8.4421
1.6337,2.1026,0.082851,-0.057815,0.038584,8.4454
1.6338,2.1026,0.082853,-0.057769,0.038605,8.439
1.6338,2.1026,0.082855,-0.057731,0.038655,8.4466
1.6339,2.1026,0.082857,-0.057695,0.038701,8.4475
1.6339,2.1026,0.082859,-0.057664,0.038764,8.4454
1.634,2.1025,0.082861,-0.057632,0.038805,8.4325
1.6341,2.1025,0.082863,-0.057597,0.038838,8.4422
1.6341,2.1025,0.082865,-0.057558,0.038865,8.4314
1.6342,2.1025,0.082867,-0.057509,0.038886,8.4303
1.6342,2.1025,0.082869,-0.057465,0.0389,8.4473
1.6343,2.1025,0.082872,-0.05743,0.038907,8.4489
1.6343,2.1025,0.082874,-0.057401,0.038908,8.4325
1.6344,2.1025,0.082876,-0.057382,0.038902,8.4485
1.6344,2.1025,0.082878,-0.057367,0.03889,8.4488
1.6345,2.1025,0.08288,-0.057358,0.038872,8.4427
1.6345,2.1025,0.082882,-0.05735,0.038847,8.4466
1.6346,2.1025,0.082884,-0.057341,0.038831,8.4538
1.6346,2.1025,0.082886,-0.057329,0.038784,8.456
1.6347,2.1025,0.082888,-0.057313,0.038714,8.4589
1.6347,2.1025,0.08289,-0.057295,0.03863,8.4697
1.6348,2.1025,0.082892,-0.057279,0.038539,8.4652
1.6348,2.1025,0.082894,-0.057262,0.038462,8.4703
1.6349,2.1025,0.082896,-0.05724,0.038367,8.483
1.6349,2.1025,0.082898,-0.057215,0.038268,8.4757
1.635,2.1025,0.0829,-0.057193,0.03818,8.4668
1.6351,2.1025,0.082902,-0.057163,0.03807,8.4688
1.6351,2.1025,0.082904,-0.057126,0.03796,8.4729
1.6352,2.1025,0.082906,-0.0571,0.037857,8.4603
1.6352,2.1025,0.082908,-0.057081,0.037769,8.4618
1.6353,2.1025,0.08291,-0.057065,0.037713,8.4721
1.6353,2.1025,0.082912,-0.057047,0.037608,8.4563
1.6354,2.1025,0.082914,-0.05703,0.037477,8.4578
1.6354,2.1025,0.082916,-0.057011,0.037332,8.4658
1.6355,2.1025,0.082918,-0.056986,0.037197,8.4574
1.6355,2.1025,0.08292,-0.056963,0.037054,8.4511
1.6356,2.1025,0.082922,-0.056953,0.036892,8.4555
1.6356,2.1025,0.082924,-0.056943,0.036694,8.4551
1.6357,2.1025,0.082926,-0.056934,0.036486,8.4455
1.6357,2.1025,0.082927,-0.056924,0.036252,8.4595
1.6358,2.1024,0.082929,-0.05691,0.036031,8.464
1.6358,2.1024,0.082931,-0.05689,0.035846,8.4569
1.6359,2.1024,0.082933,-0.05687,0.035717,8.4646
1.6359,2.1024,0.082935,-0.05685,0.035614,8.4693
1.636,2.1024,0.082937,-0.056833,0.035517,8.463
1.6361,2.1024,0.082939,-0.056816,0.035399,8.4687
1.6361,2.1024,0.082941,-0.056803,0.035277,8.4762
1.6362,2.1024,0.082942,-0.056796,0.035152,8.464
1.6362,2.1024,0.082944,-0.056792,0.035021,8.4714
1.6363,2.1024,0.082946,-0.056794,0.034889,8.4835
1.6363,2.1024,0.082948,-0.056793,0.034771,8.4782
1.6364,2.1024,0.08295,-0.056789,0.034625,8.4756
1.6364,2.1024,0.082952,-0.056788,0.034458,8.4806
1.6365,2.1024,0.082953,-0.056786,0.034292,8.4683
1.6365,2.1024,0.082955,-0.056789,0.034097,8.4595
1.6366,2.1024,0.082957,-0.0568,0.033887,8.4604
1.6366,2.1024,0.082959,-0.05681,0.033674,8.4523
1.6367,2.1024,0.082961,-0.056825,0.033496,8.4372
1.6367,2.1024,0.082962,-0.056836,0.033324,8.4443
1.6368,2.1024,0.082964,-0.05684,0.033147,8.4433
1.6368,2.1024,0.082966,-0.056843,0.03294,8.4312
1.6369,2.1024,0.082967,-0.056845,0.032768,8.4339
1.6369,2.1024,0.082969,-0.056845,0.032591,8.4317
1.637,2.1024,0.082971,-0.056845,0.032445,8.4256
1.6371,2.1024,0.082973,-0.056838,0.032291,8.4134
1.6371,2.1024,0.082974,-0.056837,0.032147,8.425
1.6372,2.1024,0.082976,-0.056834,0.031973,8.4209
1.6372,2.1024,0.082978,-0.056835,0.031797,8.4182
1.6373,2.1024,0.082979,-0.056839,0.03158,8.4332
1.6373,2.1024,0.082981,-0.056844,0.031391,8.433
1.6374,2.1024,0.082983,-0.056846,0.031219,8.4311
1.6374,2.1024,0.082984,-0.056839,0.031075,8.4389
1.6375,2.1024,0.082986,-0.056817,0.030918,8.4406
1.6375,2.1023,0.082988,-0.056792,0.030762,8.4273
1.6376,2.1023,0.082989,-0.056767,0.030603,8.4316
1.6376,2.1023,0.082991,-0.056756,0.030442,8.4377
1.6377,2.1023,0.082992,-0.056755,0.030276,8.4248
1.6377,2.1023,0.082994,-0.056771,0.030106,8.4314
1.6378,2.1023,0.082995,-0.056796,0.029929,8.4429
1.6378,2.1023,0.082997,-0.05682,0.029751,8.4407
1.6379,2.1023,0.082999,-0.056833,0.029573,8.4375
1.6379,2.1023,0.083,-0.056841,0.029393,8.4427
1.638,2.1023,0.083002,-0.056847,0.029233,8.435
1.6381,2.1023,0.083003,-0.056856,0.029051,8.4298
1.6381,2.1023,0.083005,-0.056874,0.028852,8.4324
1.6382,2.1023,0.083006,-0.056898,0.028642,8.4275
1.6382,2.1023,0.083008,-0.056927,0.028424,8.4156
1.6383,2.1023,0.083009,-0.056957,0.028208,8.4204
1.6383,2.1023,0.083011,-0.05698,0.028001,8.4266
1.6384,2.1023,0.083012,-0.057001,0.027814,8.4216
1.6384,2.1023,0.083014,-0.057013,0.027653,8.4217
1.6385,2.1023,0.083015,-0.057019,0.027478,8.4314
1.6385,2.1023,0.083016,-0.057023,0.027302,8.4244
1.6386,2.1023,0.083018,-0.05702,0.027124,8.4165
1.6386,2.1023,0.083019,-0.057023,0.026942,8.426
1.6387,2.1023,0.083021,-0.057034,0.026758,8.4267
1.6387,2.1023,0.083022,-0.057045,0.02658,8.4245
1.6388,2.1023,0.083024,-0.05706,0.026407,8.4376
1.6388,2.1023,0.083025,-0.057073,0.026237,8.4352
1.6389,2.1023,0.083026,-0.057084,0.026075,8.4386
1.6389,2.1023,0.083028,-0.057088,0.025922,8.4499
1.639,2.1023,0.083029,-0.057084,0.025775,8.4534
1.6391,2.1023,0.08303,-0.057074,0.025628,8.4439
1.6391,2.1023,0.083032,-0.057063,0.025482,8.4452
1.6392,2.1023,0.083033,-0.057051,0.02534,8.4532
1.6392,2.1023,0.083034,-0.057039,0.025204,8.4476
1.6393,2.1022,0.083036,-0.057034,0.025062,8.4507
1.6393,2.1022,0.083037,-0.057032,0.024923,8.4577
1.6394,2.1022,0.083038,-0.057034,0.024786,8.4515
1.6394,2.1022,0.08304,-0.057034,0.024648,8.4541
1.6395,2.1022,0.083041,-0.057037,0.024519,8.4728
1.6395,2.1022,0.083042,-0.057045,0.024366,8.462
1.6396,2.1022,0.083043,-0.057062,0.024197,8.4545
1.6396,2.1022,0.083045,-0.057074,0.024027,8.4669
1.6397,2.1022,0.083046,-0.057085,0.023855,8.4637
1.6397,2.1022,0.083047,-0.057093,0.023694,8.4523
1.6398,2.1022,0.083048,-0.057091,0.023549,8.4576
1.6398,2.1022,0.08305,-0.057083,0.023424,8.4614
1.6399,2.1022,0.083051,-0.057074,0.023324,8.4575
1.6399,2.1022,0.083052,-0.057064,0.023209,8.4645
1.64,2.1022,0.083053,-0.057058,0.023095,8.4736
1.6401,2.1022,0.083055,-0.057054,0.023,8.4634
1.6401,2.1022,0.083056,-0.057056,0.022884,8.467
1.6402,2.1022,0.083057,-0.057058,0.022754,8.4736
1.6402,2.1022,0.083058,-0.057065,0.022614,8.4763
1.6403,2.1022,0.083059,-0.057078,0.022472,8.4769
1.6403,2.1022,0.08306,-0.057093,0.022335,8.4852
1.6404,2.1022,0.083062,-0.057108,0.02221,8.4909
1.6404,2.1022,0.083063,-0.057118,0.022104,8.4889
1.6405,2.1022,0.083064,-0.057119,0.022027,8.5054
1.6405,2.1022,0.083065,-0.057116,0.021939,8.5056
1.6406,2.1022,0.083066,-0.057115,0.021854,8.4906
1.6406,2.1022,0.083067,-0.057121,0.021773,8.4951
1.6407,2.1022,0.083069,-0.057137,0.021696,8.4954
1.6407,2.1022,0.08307,-0.057164,0.021623,8.4847
1.6408,2.1022,0.083071,-0.057197,0.021554,8.4888
1.6408,2.1022,0.083072,-0.057223,0.021489,8.4948
1.6409,2.1022,0.083073,-0.057239,0.021428,8.4881
1.6409,2.1022,0.083074,-0.057247,0.021371,8.4832
1.641,2.1022,0.083075,-0.057249,0.021319,8.4918
1.6411,2.1021,0.083076,-0.057243,0.02127,8.4854
1.6411,2.1021,0.083078,-0.057236,0.021226,8.478
1.6412,2.1021,0.083079,-0.057229,0.021186,8.4885
1.6412,2.1021,0.08308,-0.057225,0.02115,8.4842
1.6413,2.1021,0.083081,-0.05722,0.021121,8.4705
1.6413,2.1021,0.083082,-0.057213,0.021099,8.4815
1.6414,2.1021,0.083083,-0.057206,0.021083,8.4895
1.6414,2.1021,0.083084,-0.057194,0.021072,8.4866
1.6415,2.1021,0.083085,-0.057183,0.021065,8.4917
1.6415,2.1021,0.083086,-0.057175,0.021062,8.506
1.6416,2.1021,0.083088,-0.057174,0.021062,8.4959
1.6416,2.1021,0.083089,-0.057177,0.021064,8.4908
1.6417,2.1021,0.08309,-0.057182,0.021073,8.4971
1.6417,2.1021,0.083091,-0.057185,0.021088,8.4902
1.6418,2.1021,0.083092,-0.05718,0.021109,8.4864
1.6418,2.1021,0.083093,-0.057169,0.021135,8.5053
1.6419,2.1021,0.083094,-0.057153,0.021167,8.5068
1.6419,2.1021,0.083095,-0.057138,0.021204,8.4979
1.642,2.1021,0.083096,-0.057129,0.021247,8.5111
1.6421,2.1021,0.083098,-0.057124,0.021296,8.5094
1.6421,2.1021,0.083099,-0.05712,0.021351,8.4983
1.6422,2.1021,0.0831,-0.057124,0.021412,8.4986
1.6422,2.1021,0.083101,-0.05713,0.021494,8.5039
1.6423,2.1021,0.083102,-0.057143,0.021558,8.4958
1.6423,2.1021,0.083103,-0.057154,0.02161,8.492
1.6424,2.1021,0.083104,-0.057165,0.021672,8.498
1.6424,2.1021,0.083106,-0.057174,0.021724,8.4892
1.6425,2.1021,0.083107,-0.05718,0.021757,8.4929
1.6425,2.1021,0.083108,-0.057182,0.021766,8.4997
1.6426,2.1021,0.083109,-0.057187,0.021752,8.491
1.6426,2.1021,0.08311,-0.057191,0.021725,8.4853
1.6427,2.1021,0.083111,-0.057193,0.021656,8.4915
1.6427,2.1021,0.083112,-0.057196,0.021559,8.486
1.6428,2.102,0.083114,-0.057206,0.021499,8.4736
1.6428,2.102,0.083115,-0.057222,0.021455,8.4872
1.6429,2.102,0.083116,-0.05724,0.021422,8.4937
1.6429,2.102,0.083117,-0.057259,0.021377,8.4867
1.643,2.102,0.083118,-0.057276,0.021338,8.495
1.6431,2.102,0.083119,-0.057289,0.021316,8.502
1.6431,2.102,0.08312,-0.057295,0.021316,8.5032
1.6432,2.102,0.083121,-0.057299,0.021349,8.5017
1.6432,2.102,0.083123,-0.057306,0.021414,8.504
1.6433,2.102,0.083124,-0.057312,0.021492,8.4881
1.6433,2.102,0.083125,-0.057319,0.021594,8.4893
1.6434,2.102,0.083126,-0.057325,0.021661,8.5058
1.6434,2.102,0.083127,-0.057331,0.021733,8.4957
1.6435,2.102,0.083128,-0.057338,0.021786,8.4921
1.6435,2.102,0.083129,-0.057344,0.021852,8.498
1.6436,2.102,0.083131,-0.05735,0.021914,8.495
1.6436,2.102,0.083132,-0.057356,0.021953,8.489
1.6437,2.102,0.083133,-0.057362,0.022,8.4929
1.6437,2.102,0.083134,-0.057368,0.022094,8.4933
1.6438,2.102,0.083135,-0.057374,0.02218,8.477
1.6438,2.102,0.083136,-0.05738,0.022267,8.4747
1.6439,2.102,0.083138,-0.057386,0.022312,8.4755
1.6439,2.102,0.083139,-0.057392,0.022335,8.4675
1.644,2.102,0.08314,-0.057397,0.022302,8.4714
1.6441,2.102,0.083141,-0.057403,0.022241,8.4842
1.6441,2.102,0.083142,-0.057409,0.022169,8.4766
1.6442,2.102,0.083143,-0.057415,0.02211,8.4745
1.6442,2.102,0.083145,-0.057421,0.022051,8.4873
1.6443,2.102,0.083146,-0.057425,0.02199,8.477
1.6443,2.102,0.083147,-0.057427,0.021928,8.4654
1.6444,2.102,0.083148,-0.057427,0.021864,8.4743
1.6444,2.102,0.083149,-0.057426,0.021801,8.4779
1.6445,2.102,0.08315,-0.057427,0.021737,8.473
1.6445,2.1019,0.083151,-0.05743,0.021661,8.4784
1.6446,2.1019,0.083153,-0.057435,0.021611,8.4935
1.6446,2.1019,0.083154,-0.057442,0.021577,8.4833
1.6447,2.1019,0.083155,-0.057449,0.021554,8.4827
1.6447,2.1019,0.083156,-0.057455,0.021517,8.4883
1.6448,2.1019,0.083157,-0.057461,0.021483,8.4894
1.6448,2.1019,0.083158,-0.05747,0.021479,8.4741
1.6449,2.1019,0.083159,-0.057474,0.021479,8.4808
1.6449,2.1019,0.08316,-0.057476,0.021472,8.4818
1.645,2.1019,0.083162,-0.057476,0.02148,8.4751
1.6451,2.1019,0.083163,-0.057478,0.021475,8.4928
1.6451,2.1019,0.083164,-0.057475,0.021441,8.4979
1.6452,2.1019,0.083165,-0.057472,0.021364,8.4907
1.6452,2.1019,0.083166,-0.057469,0.021246,8.4967
1.6453,2.1019,0.083167,-0.057469,0.021179,8.5005
1.6453,2.1019,0.083168,-0.057465,0.021171,8.491
1.6454,2.1019,0.083169,-0.057462,0.021202,8.4965
1.6454,2.1019,0.083171,-0.057461,0.021232,8.5018
1.6455,2.1019,0.083172,-0.057464,0.021265,8.4989
1.6455,2.1019,0.083173,-0.057466,0.021297,8.5015
1.6456,2.1019,0.083174,-0.057468,0.021339,8.5187
1.6456,2.1019,0.083175,-0.057472,0.021338,8.5204
1.6457,2.1019,0.083176,-0.057474,0.021371,8.5123
1.6457,2.1019,0.083177,-0.057477,0.021454,8.5276
1.6458,2.1019,0.083178,-0.05748,0.021532,8.5251
1.6458,2.1019,0.08318,-0.057482,0.021564,8.5155
1.6459,2.1019,0.083181,-0.057484,0.021561,8.5251
1.6459,2.1019,0.083182,-0.057487,0.021529,8.5345
1.646,2.1019,0.083183,-0.057489,0.021482,8.5233
1.6461,2.1019,0.083184,-0.057493,0.021391,8.5285
1.6461,2.1019,0.083185,-0.057494,0.021291,8.5458
1.6462,2.1019,0.083186,-0.057492,0.021206,8.5278
1.6462,2.1019,0.083187,-0.057487,0.021117,8.5315
1.6463,2.1018,0.083189,-0.057481,0.021015,8.5337
1.6463,2.1018,0.08319,-0.057474,0.020926,8.5317
1.6464,2.1018,0.083191,-0.057469,0.020884,8.5218
1.6464,2.1018,0.083192,-0.057465,0.020855,8.5294
1.6465,2.1018,0.083193,-0.057465,0.020867,8.5238
1.6465,2.1018,0.083194,-0.057463,0.020883,8.5168
1.6466,2.1018,0.083195,-0.057462,0.02092,8.5237
1.6466,2.1018,0.083196,-0.05746,0.020929,8.5246
1.6467,2.1018,0.083197,-0.05746,0.020927,8.5107
1.6467,2.1018,0.083198,-0.057459,0.020913,8.5228
1.6468,2.1018,0.0832,-0.057458,0.020944,8.5267
1.6468,2.1018,0.083201,-0.057456,0.020937,8.5085
1.6469,2.1018,0.083202,-0.057454,0.020922,8.5105
1.6469,2.1018,0.083203,-0.057452,0.02087,8.5173
1.647,2.1018,0.083204,-0.057451,0.020812,8.5065
1.6471,2.1018,0.083205,-0.05745,0.020709,8.5126
1.6471,2.1018,0.083206,-0.057451,0.020643,8.5312
1.6472,2.1018,0.083207,-0.057451,0.020586,8.5281
1.6472,2.1018,0.083208,-0.05745,0.020579,8.5201
1.6473,2.1018,0.083209,-0.05745,0.02056,8.5275
1.6473,2.1018,0.08321,-0.057449,0.020535,8.5129
1.6474,2.1018,0.083212,-0.057448,0.0205,8.5074
1.6474,2.1018,0.083213,-0.057447,0.020445,8.5111
1.6475,2.1018,0.083214,-0.057446,0.020372,8.5099
1.6475,2.1018,0.083215,-0.057445,0.020312,8.5036
1.6476,2.1018,0.083216,-0.057444,0.020254,8.5079
1.6476,2.1018,0.083217,-0.057443,0.0202,8.5135
1.6477,2.1018,0.083218,-0.057441,0.020148,8.4998
1.6477,2.1018,0.083219,-0.057439,0.020098,8.496
1.6478,2.1018,0.08322,-0.057437,0.020045,8.5022
1.6478,2.1018,0.083221,-0.057436,0.019993,8.4906
1.6479,2.1018,0.083222,-0.057434,0.019946,8.4811
1.6479,2.1018,0.083223,-0.057431,0.019877,8.4818
1.648,2.1017,0.083224,-0.057429,0.019826,8.477
1.6481,2.1017,0.083225,-0.057427,0.019794,8.4726
1.6481,2.1017,0.083226,-0.057424,0.019776,8.4894
1.6482,2.1017,0.083227,-0.057421,0.019767,8.4906
1.6482,2.1017,0.083228,-0.057419,0.019749,8.4729
1.6483,2.1017,0.083229,-0.057416,0.019736,8.487
1.6483,2.1017,0.083231,-0.057413,0.019737,8.4826
1.6484,2.1017,0.083232,-0.057409,0.019756,8.4745
1.6484,2.1017,0.083233,-0.057406,0.019812,8.4792
1.6485,2.1017,0.083234,-0.057403,0.019858,8.4848
1.6485,2.1017,0.083235,-0.057399,0.019915,8.4765
1.6486,2.1017,0.083236,-0.057395,0.019945,8.4716
1.6486,2.1017,0.083237,-0.057392,0.019947,8.4827
1.6487,2.1017,0.083238,-0.057388,0.019945,8.4737
1.6487,2.1017,0.083239,-0.057383,0.019974,8.4714
1.6488,2.1017,0.08324,-0.057376,0.020031,8.4843
1.6488,2.1017,0.083241,-0.05737,0.020058,8.4736
1.6489,2.1017,0.083242,-0.057364,0.020067,8.4685
1.6489,2.1017,0.083243,-0.057359,0.02006,8.4588
1.649,2.1017,0.083244,-0.057354,0.020036,8.4644
1.6491,2.1017,0.083245,-0.05735,0.019989,8.4596
1.6491,2.1017,0.083246,-0.057348,0.019959,8.4586
1.6492,2.1017,0.083247,-0.057342,0.01993,8.4641
1.6492,2.1017,0.083248,-0.057335,0.019901,8.4543
1.6493,2.1017,0.083249,-0.057322,0.019863,8.4554
1.6493,2.1017,0.08325,-0.057306,0.01985,8.4572
1.6494,2.1017,0.083251,-0.057291,0.019858,8.4454
1.6494,2.1017,0.083253,-0.057275,0.01986,8.4411
1.6495,2.1017,0.083254,-0.057264,0.019882,8.4475
1.6495,2.1017,0.083255,-0.057255,0.019926,8.444
1.6496,2.1017,0.083256,-0.057249,0.019929,8.4373
1.6496,2.1017,0.083257,-0.057248,0.019888,8.4471
1.6497,2.1017,0.083258,-0.057245,0.01982,8.4532
1.6497,2.1016,0.083259,-0.057243,0.019751,8.4419
1.6498,2.1016,0.08326,-0.057242,0.019699,8.4524
1.6498,2.1016,0.083261,-0.057238,0.019652,8.4549
1.6499,2.1016,0.083262,-0.057233,0.019645,8.444
1.6499,2.1016,0.083263,-0.057226,0.01966,8.4418
1.65,2.1016,0.083264,-0.057221,0.019657,8.4527
1.6501,2.1016,0.083265,-0.057217,0.019605,8.4476
1.6501,2.1016,0.083266,-0.057214,0.019516,8.4479
1.6502,2.1016,0.083267,-0.057212,0.019397,8.4651
1.6502,2.1016,0.083268,-0.057209,0.019259,8.4633
1.6503,2.1016,0.083269,-0.057207,0.01912,8.456
1.6503,2.1016,0.08327,-0.057204,0.01896,8.4709
1.6504,2.1016,0.083271,-0.057202,0.018816,8.4655
1.6504,2.1016,0.083272,-0.057197,0.018661,8.4588
1.6505,2.1016,0.083273,-0.057191,0.018532,8.4561
1.6505,2.1016,0.083274,-0.057181,0.018422,8.4589
1.6506,2.1016,0.083275,-0.057174,0.018323,8.4544
1.6506,2.1016,0.083276,-0.057171,0.018228,8.4553
1.6507,2.1016,0.083277,-0.057171,0.01813,8.4656
1.6507,2.1016,0.083278,-0.057176,0.018022,8.4549
1.6508,2.1016,0.083279,-0.057185,0.017898,8.4572
1.6508,2.1016,0.08328,-0.057202,0.017753,8.4606
1.6509,2.1016,0.083281,-0.057218,0.017625,8.4496
1.6509,2.1016,0.083282,-0.057234,0.0175,8.4508
1.651,2.1016,0.083282,-0.057253,0.017377,8.4545
1.6511,2.1016,0.083283,-0.05727,0.017257,8.4507
1.6511,2.1016,0.083284,-0.05728,0.017139,8.4437
1.6512,2.1016,0.083285,-0.057286,0.017026,8.4619
1.6512,2.1016,0.083286,-0.057289,0.016912,8.4648
1.6513,2.1016,0.083287,-0.057292,0.016799,8.4522
1.6513,2.1016,0.083288,-0.057291,0.016687,8.4616
1.6514,2.1016,0.083289,-0.057293,0.016563,8.4647
1.6514,2.1016,0.08329,-0.057295,0.016466,8.4605
1.6515,2.1016,0.08329,-0.057297,0.016389,8.4682
1.6515,2.1015,0.083291,-0.057299,0.016312,8.4747
1.6516,2.1015,0.083292,-0.057302,0.016267,8.4625
1.6516,2.1015,0.083293,-0.057306,0.016234,8.4653
1.6517,2.1015,0.083294,-0.057311,0.016196,8.4842
1.6517,2.1015,0.083295,-0.057316,0.01614,8.4789
1.6518,2.1015,0.083296,-0.057323,0.016051,8.4732
1.6518,2.1015,0.083296,-0.057332,0.015951,8.486
1.6519,2.1015,0.083297,-0.05734,0.015861,8.4756
1.6519,2.1015,0.083298,-0.057346,0.015756,8.4736
1.652,2.1015,0.083299,-0.057353,0.015709,8.4737
1.6521,2.1015,0.0833,-0.057359,0.015674,8.4718
1.6521,2.1015,0.083301,-0.057362,0.015659,8.4569
1.6522,2.1015,0.083301,-0.057365,0.015664,8.4605
1.6522,2.1015,0.083302,-0.057369,0.015681,8.4686
1.6523,2.1015,0.083303,-0.057375,0.015703,8.4661
1.6523,2.1015,0.083304,-0.057381,0.015755,8.4657
1.6524,2.1015,0.083305,-0.057388,0.015806,8.4735
1.6524,2.1015,0.083305,-0.057395,0.015876,8.4634
1.6525,2.1015,0.083306,-0.057401,0.015927,8.4612
1.6525,2.1015,0.083307,-0.057406,0.015987,8.4687
1.6526,2.1015,0.083308,-0.057411,0.016018,8.4616
1.6526,2.1015,0.083309,-0.057416,0.016028,8.4493
1.6527,2.1015,0.08331,-0.057421,0.016026,8.4717
1.6527,2.1015,0.083311,-0.057427,0.016032,8.48
1.6528,2.1015,0.083311,-0.057433,0.016029,8.4732
1.6528,2.1015,0.083312,-0.057439,0.016009,8.4844
1.6529,2.1015,0.083313,-0.057445,0.015967,8.4866
1.6529,2.1015,0.083314,-0.057451,0.015889,8.479
1.653,2.1015,0.083315,-0.057457,0.015782,8.4818
1.6531,2.1015,0.083316,-0.057464,0.015668,8.4864
1.6531,2.1015,0.083316,-0.05747,0.015558,8.4823
1.6532,2.1015,0.083317,-0.057477,0.015457,8.48
1.6532,2.1015,0.083318,-0.057484,0.015371,8.4834
1.6533,2.1014,0.083319,-0.057491,0.015306,8.476
1.6533,2.1014,0.08332,-0.057498,0.015278,8.4699
1.6534,2.1014,0.08332,-0.057505,0.01525,8.4747
1.6534,2.1014,0.083321,-0.057513,0.015229,8.4609
1.6535,2.1014,0.083322,-0.057521,0.015222,8.4511
1.6535,2.1014,0.083323,-0.057528,0.015215,8.4446
1.6536,2.1014,0.083324,-0.057533,0.015157,8.4443
1.6536,2.1014,0.083324,-0.057537,0.015051,8.4231
1.6537,2.1014,0.083325,-0.057542,0.01486,8.4275
1.6537,2.1014,0.083326,-0.057546,0.014666,8.4357
1.6538,2.1014,0.083327,-0.057552,0.014444,8.4281
1.6538,2.1014,0.083327,-0.057561,0.014246,8.4279
1.6539,2.1014,0.083328,-0.057575,0.014116,8.4336
1.6539,2.1014,0.083329,-0.057586,0.014033,8.4264
1.654,2.1014,0.08333,-0.057596,0.013996,8.4226
1.6541,2.1014,0.08333,-0.057606,0.01397,8.4293
1.6541,2.1014,0.083331,-0.057614,0.013889,8.4307
1.6542,2.1014,0.083332,-0.057622,0.013835,8.419
1.6542,2.1014,0.083333,-0.057633,0.013759,8.433
1.6543,2.1014,0.083333,-0.057644,0.013712,8.4371
1.6543,2.1014,0.083334,-0.057658,0.013681,8.4335
1.6544,2.1014,0.083335,-0.05767,0.013658,8.4379
1.6544,2.1014,0.083335,-0.057681,0.013698,8.4515
1.6545,2.1014,0.083336,-0.057692,0.013726,8.4413
1.6545,2.1014,0.083337,-0.057702,0.013731,8.4491
1.6546,2.1014,0.083338,-0.057711,0.013762,8.4464
1.6546,2.1014,0.083338,-0.057723,0.013762,8.4365
1.6547,2.1014,0.083339,-0.057734,0.013752,8.4377
1.6547,2.1014,0.08334,-0.057745,0.013694,8.4483
1.6548,2.1014,0.083341,-0.057755,0.013579,8.4492
1.6548,2.1014,0.083341,-0.057766,0.013471,8.4425
1.6549,2.1014,0.083342,-0.057777,0.013313,8.4532
1.6549,2.1014,0.083343,-0.057788,0.013183,8.4525
1.655,2.1013,0.083343,-0.057798,0.013102,8.4411
1.6551,2.1013,0.083344,-0.057809,0.013045,8.4424
1.6551,2.1013,0.083345,-0.05782,0.013007,8.4392
1.6552,2.1013,0.083345,-0.05783,0.012957,8.4307
1.6552,2.1013,0.083346,-0.057841,0.012872,8.438
1.6553,2.1013,0.083347,-0.057853,0.012752,8.451
1.6553,2.1013,0.083347,-0.057865,0.012582,8.4404
1.6554,2.1013,0.083348,-0.057878,0.012415,8.4406
1.6554,2.1013,0.083349,-0.05789,0.012249,8.4521
1.6555,2.1013,0.083349,-0.057902,0.012097,8.4471
1.6555,2.1013,0.08335,-0.057914,0.011972,8.4482
1.6556,2.1013,0.083351,-0.057918,0.011896,8.4509
1.6556,2.1013,0.083351,-0.05793,0.011854,8.4445
1.6557,2.1013,0.083352,-0.057951,0.011781,8.4405
1.6557,2.1013,0.083352,-0.057976,0.011679,8.4571
1.6558,2.1013,0.083353,-0.058004,0.011578,8.4596
1.6558,2.1013,0.083354,-0.058035,0.011514,8.4577
1.6559,2.1013,0.083354,-0.058069,0.011477,8.4679
1.6559,2.1013,0.083355,-0.058099,0.011462,8.4732
1.656,2.1013,0.083355,-0.058118,0.011462,8.4688
1.6561,2.1013,0.083356,-0.058136,0.011464,8.4743
1.6561,2.1013,0.083357,-0.058145,0.011438,8.4731
1.6562,2.1013,0.083357,-0.058153,0.011401,8.4655
1.6562,2.1013,0.083358,-0.058162,0.011398,8.4663
1.6563,2.1013,0.083358,-0.058169,0.011466,8.4748
1.6563,2.1013,0.083359,-0.058183,0.011548,8.4713
1.6564,2.1013,0.08336,-0.0582,0.011637,8.4715
1.6564,2.1013,0.08336,-0.058213,0.011721,8.4856
1.6565,2.1013,0.083361,-0.058223,0.011798,8.4794
1.6565,2.1013,0.083362,-0.058228,0.01185,8.4726
1.6566,2.1013,0.083362,-0.05824,0.011891,8.478
1.6566,2.1013,0.083363,-0.058254,0.011935,8.4677
1.6567,2.1012,0.083363,-0.058269,0.011996,8.4639
1.6567,2.1012,0.083364,-0.058288,0.012043,8.4706
1.6568,2.1012,0.083365,-0.058313,0.012097,8.4775
1.6568,2.1012,0.083365,-0.058336,0.01218,8.474
1.6569,2.1012,0.083366,-0.058362,0.012263,8.4794
1.6569,2.1012,0.083367,-0.058385,0.012314,8.4948
1.657,2.1012,0.083367,-0.058399,0.01237,8.488
1.6571,2.1012,0.083368,-0.058408,0.0124,8.4922
1.6571,2.1012,0.083369,-0.058416,0.012416,8.504
1.6572,2.1012,0.083369,-0.05842,0.012432,8.4998
1.6572,2.1012,0.08337,-0.058426,0.012459,8.4888
1.6573,2.1012,0.083371,-0.058428,0.012511,8.5024
1.6573,2.1012,0.083371,-0.058427,0.012557,8.5016
1.6574,2.1012,0.083372,-0.058429,0.01262,8.4983
1.6574,2.1012,0.083373,-0.058419,0.012704,8.5065
1.6575,2.1012,0.083373,-0.058403,0.012774,8.511
1.6575,2.1012,0.083374,-0.058386,0.01284,8.5049
1.6576,2.1012,0.083375,-0.058367,0.012901,8.5052
1.6576,2.1012,0.083375,-0.058347,0.012958,8.5037
1.6577,2.1012,0.083376,-0.058327,0.013017,8.4968
1.6577,2.1012,0.083377,-0.058313,0.013075,8.4935
1.6578,2.1012,0.083377,-0.058312,0.013135,8.5035
1.6578,2.1012,0.083378,-0.058307,0.01319,8.4947
1.6579,2.1012,0.083379,-0.058305,0.013246,8.4984
1.6579,2.1012,0.083379,-0.058297,0.013304,8.5145
1.658,2.1012,0.08338,-0.058283,0.01336,8.507
1.6581,2.1012,0.083381,-0.058264,0.013416,8.4957
1.6581,2.1012,0.083382,-0.058242,0.013475,8.5089
1.6582,2.1012,0.083382,-0.058219,0.013545,8.5046
1.6582,2.1012,0.083383,-0.058194,0.013606,8.4922
1.6583,2.1012,0.083384,-0.058167,0.013635,8.4955
1.6583,2.1012,0.083384,-0.058151,0.013612,8.5025
1.6584,2.1012,0.083385,-0.05813,0.013559,8.4961
1.6584,2.1011,0.083386,-0.058119,0.013506,8.5095
1.6585,2.1011,0.083387,-0.058112,0.013433,8.5217
1.6585,2.1011,0.083387,-0.058104,0.013379,8.5087
1.6586,2.1011,0.083388,-0.058091,0.01335,8.5085
1.6586,2.1011,0.083389,-0.05807,0.013318,8.517
1.6587,2.1011,0.083389,-0.058046,0.013247,8.512
1.6587,2.1011,0.08339,-0.058022,0.013142,8.4984
1.6588,2.1011,0.083391,-0.057988,0.013053,8.5103
1.6588,2.1011,0.083391,-0.057955,0.012969,8.5112
1.6589,2.1011,0.083392,-0.05792,0.012889,8.5048
1.6589,2.1011,0.083393,-0.057885,0.01282,8.5106
1.659,2.1011,0.083393,-0.057847,0.012768,8.5146
1.6591,2.1011,0.083394,-0.057813,0.012691,8.5038
1.6591,2.1011,0.083395,-0.057787,0.012604,8.5019
1.6592,2.1011,0.083395,-0.057767,0.012513,8.5052
1.6592,2.1011,0.083396,-0.057751,0.012422,8.4996
1.6593,2.1011,0.083397,-0.057738,0.012293,8.4903
1.6593,2.1011,0.083397,-0.057726,0.012136,8.4977
1.6594,2.1011,0.083398,-0.057712,0.011963,8.4924
1.6594,2.1011,0.083399,-0.057693,0.011783,8.4963
1.6595,2.1011,0.083399,-0.057672,0.011593,8.5021
1.6595,2.1011,0.0834,-0.05765,0.011442,8.4989
1.6596,2.1011,0.0834,-0.057627,0.011336,8.4957
1.6596,2.1011,0.083401,-0.057609,0.01125,8.506
1.6597,2.1011,0.083402,-0.057594,0.011155,8.5033
1.6597,2.1011,0.083402,-0.057583,0.011025,8.4934
1.6598,2.1011,0.083403,-0.057576,0.010859,8.4998
1.6598,2.1011,0.083403,-0.057567,0.010661,8.5051
1.6599,2.1011,0.083404,-0.057552,0.010432,8.4997
1.6599,2.1011,0.083404,-0.057531,0.010207,8.5052
1.66,2.1011,0.083405,-0.057512,0.010021,8.5107
1.6601,2.1011,0.083405,-0.057492,0.0098656,8.5066
1.6601,2.1011,0.083406,-0.057476,0.0097392,8.5018
1.6602,2.101,0.083406,-0.057465,0.0096327,8.5139
1.6602,2.101,0.083407,-0.057462,0.0095295,8.507
1.6603,2.101,0.083407,-0.057462,0.0094516,8.497
1.6603,2.101,0.083408,-0.057465,0.0093609,8.502
1.6604,2.101,0.083408,-0.057474,0.0092863,8.4986
1.6604,2.101,0.083409,-0.057477,0.009189,8.495
1.6605,2.101,0.083409,-0.057472,0.0090748,8.5027
1.6605,2.101,0.08341,-0.057455,0.0089501,8.5031
1.6606,2.101,0.08341,-0.057438,0.0088216,8.4905
1.6606,2.101,0.083411,-0.057418,0.0086961,8.4963
1.6607,2.101,0.083411,-0.057397,0.0085811,8.5014
1.6607,2.101,0.083412,-0.057376,0.0084844,8.4919
1.6608,2.101,0.083412,-0.057344,0.0084141,8.4864
1.6608,2.101,0.083413,-0.05731,0.008332,8.495
1.6609,2.101,0.083413,-0.057285,0.008238,8.49
1.6609,2.101,0.083413,-0.057271,0.0081708,8.495
1.661,2.101,0.083414,-0.057281,0.0081081,8.5008
1.6611,2.101,0.083414,-0.057312,0.0080668,8.5015
1.6611,2.101,0.083415,-0.057351,0.0080699,8.4914
1.6612,2.101,0.083415,-0.057391,0.008095,8.4991
1.6612,2.101,0.083416,-0.05742,0.0081206,8.4953
1.6613,2.101,0.083416,-0.057447,0.0081266,8.4824
1.6613,2.101,0.083416,-0.057473,0.0081088,8.4895
1.6614,2.101,0.083417,-0.057494,0.0080546,8.4976
1.6614,2.101,0.083417,-0.057506,0.0079429,8.4871
1.6615,2.101,0.083418,-0.057519,0.0078282,8.4947
1.6615,2.101,0.083418,-0.057526,0.0076861,8.5032
1.6616,2.101,0.083419,-0.057531,0.0075562,8.4945
1.6616,2.101,0.083419,-0.05754,0.0074461,8.4992
1.6617,2.101,0.083419,-0.057548,0.0073642,8.5105
1.6617,2.101,0.08342,-0.057556,0.0073206,8.5013
1.6618,2.101,0.08342,-0.057551,0.007289,8.4977
1.6618,2.101,0.08342,-0.057539,0.0072284,8.5076
1.6619,2.1009,0.083421,-0.057533,0.0071961,8.5081
1.6619,2.1009,0.083421,-0.057525,0.0071035,8.5
1.662,2.1009,0.083422,-0.057525,0.007025,8.5154
1.6621,2.1009,0.083422,-0.057532,0.0069147,8.5179
1.6621,2.1009,0.083422,-0.05754,0.0068017,8.508
1.6622,2.1009,0.083423,-0.057547,0.006677,8.5138
1.6622,2.1009,0.083423,-0.057546,0.0065349,8.52
1.6623,2.1009,0.083423,-0.057541,0.0063329,8.507
1.6623,2.1009,0.083424,-0.057536,0.006134,8.5127
1.6624,2.1009,0.083424,-0.057521,0.0058944,8.5193
1.6624,2.1009,0.083424,-0.057503,0.0056463,8.5151
1.6625,2.1009,0.083425,-0.057482,0.0053547,8.515
1.6625,2.1009,0.083425,-0.057458,0.0050975,8.5243
1.6626,2.1009,0.083425,-0.057437,0.0048538,8.5263
1.6626,2.1009,0.083425,-0.05741,0.0046175,8.5222
1.6627,2.1009,0.083426,-0.057385,0.0043651,8.5382
1.6627,2.1009,0.083426,-0.057358,0.004119,8.5297
1.6628,2.1009,0.083426,-0.057333,0.0038854,8.5239
1.6628,2.1009,0.083426,-0.057306,0.0036742,8.5266
1.6629,2.1009,0.083426,-0.057281,0.003503,8.5301
1.6629,2.1009,0.083426,-0.057257,0.0033687,8.5195
1.663,2.1009,0.083427,-0.057226,0.0032522,8.5309
1.6631,2.1009,0.083427,-0.057189,0.00314,8.5385
1.6631,2.1009,0.083427,-0.057153,0.0030253,8.5277
1.6632,2.1009,0.083427,-0.057113,0.0029058,8.5298
1.6632,2.1009,0.083427,-0.057082,0.0027636,8.5372
1.6633,2.1009,0.083427,-0.057053,0.0025831,8.5239
1.6633,2.1009,0.083428,-0.057028,0.0024009,8.5208
1.6634,2.1009,0.083428,-0.056995,0.0022057,8.5297
1.6634,2.1009,0.083428,-0.056956,0.001992,8.5197
1.6635,2.1009,0.083428,-0.056927,0.0017906,8.5116
1.6635,2.1009,0.083428,-0.056898,0.0016332,8.5172
1.6636,2.1009,0.083428,-0.056879,0.001505,8.5238
1.6636,2.1008,0.083428,-0.056865,0.0014139,8.5184
1.6637,2.1008,0.083428,-0.056857,0.0013004,8.5262
1.6637,2.1008,0.083428,-0.05684,0.0012094,8.5243
1.6638,2.1008,0.083428,-0.056807,0.0011039,8.51
1.6638,2.1008,0.083428,-0.056768,0.00096093,8.5061
1.6639,2.1008,0.083428,-0.056732,0.0008238,8.5118
1.6639,2.1008,0.083428,-0.0567,0.0006677,8.5058
1.664,2.1008,0.083428,-0.056674,0.00051241,8.5107
1.6641,2.1008,0.083428,-0.056636,0.00040148,8.5201
1.6641,2.1008,0.083428,-0.056603,0.00026828,8.5148
1.6642,2.1008,0.083428,-0.056562,0.00016099,8.5132
1.6642,2.1008,0.083428,-0.056517,2.8742e-05,8.5262
1.6643,2.1008,0.083428,-0.056477,-0.00011435,8.5242
1.6643,2.1008,0.083428,-0.056441,-0.00026806,8.5158
1.6644,2.1008,0.083428,-0.056416,-0.0004868,8.5141
1.6644,2.1008,0.083428,-0.056389,-0.00070447,8.5141
1.6645,2.1008,0.083428,-0.056359,-0.00090608,8.4985
1.6645,2.1008,0.083428,-0.056331,-0.0011394,8.5009
1.6646,2.1008,0.083428,-0.056297,-0.0013463,8.5097
1.6646,2.1008,0.083428,-0.056256,-0.0015281,8.4964
1.6647,2.1008,0.083428,-0.056219,-0.0016796,8.4945
1.6647,2.1008,0.083428,-0.056178,-0.0017881,8.4973
1.6648,2.1008,0.083428,-0.056137,-0.0019031,8.4848
1.6648,2.1008,0.083428,-0.056091,-0.0019703,8.485
1.6649,2.1008,0.083428,-0.056048,-0.0020566,8.4912
1.6649,2.1008,0.083428,-0.05601,-0.002177,8.4838
1.665,2.1008,0.083427,-0.055972,-0.0023023,8.4733
1.6651,2.1008,0.083427,-0.055933,-0.002401,8.4849
1.6651,2.1008,0.083427,-0.055893,-0.0024905,8.4815
1.6652,2.1008,0.083427,-0.055854,-0.0025891,8.4743
1.6652,2.1008,0.083427,-0.055823,-0.0027091,8.4785
1.6653,2.1008,0.083427,-0.055793,-0.0028105,8.483
1.6653,2.1008,0.083427,-0.055765,-0.0029148,8.4739
1.6654,2.1008,0.083426,-0.055732,-0.0029917,8.4709
1.6654,2.1007,0.083426,-0.055696,-0.0030258,8.4779
1.6655,2.1007,0.083426,-0.055659,-0.0029866,8.4639
1.6655,2.1007,0.083426,-0.055609,-0.0029429,8.4579
1.6656,2.1007,0.083426,-0.055561,-0.0029549,8.4797
1.6656,2.1007,0.083426,-0.055511,-0.0029904,8.4783
1.6657,2.1007,0.083425,-0.055459,-0.0030195,8.4693
1.6657,2.1007,0.083425,-0.055404,-0.0030511,8.4823
1.6658,2.1007,0.083425,-0.055335,-0.0031031,8.4752
1.6658,2.1007,0.083425,-0.055263,-0.0031485,8.4691
1.6659,2.1007,0.083425,-0.055188,-0.0031591,8.4701
1.6659,2.1007,0.083425,-0.055116,-0.0031704,8.473
1.666,2.1007,0.083424,-0.055058,-0.003155,8.4618
1.6661,2.1007,0.083424,-0.055006,-0.0030754,8.4628
1.6661,2.1007,0.083424,-0.05496,-0.0029496,8.4706
1.6662,2.1007,0.083424,-0.054914,-0.0028348,8.4662
1.6662,2.1007,0.083424,-0.054869,-0.002775,8.4626
1.6663,2.1007,0.083424,-0.054807,-0.002768,8.4706
1.6663,2.1007,0.083424,-0.05474,-0.0028178,8.461
1.6664,2.1007,0.083423,-0.054674,-0.0029202,8.4567
1.6664,2.1007,0.083423,-0.054601,-0.0030318,8.4601
1.6665,2.1007,0.083423,-0.054525,-0.0031181,8.4483
1.6665,2.1007,0.083423,-0.054437,-0.0031779,8.4464
1.6666,2.1007,0.083423,-0.054341,-0.0032024,8.4588
1.6666,2.1007,0.083423,-0.054251,-0.0031902,8.4644
1.6667,2.1007,0.083422,-0.054153,-0.0031467,8.4532
1.6667,2.1007,0.083422,-0.054058,-0.0030539,8.4608
1.6668,2.1007,0.083422,-0.053965,-0.0030268,8.4699
1.6668,2.1007,0.083422,-0.053874,-0.0030334,8.4553
1.6669,2.1007,0.083422,-0.053796,-0.0030483,8.4612
1.6669,2.1007,0.083422,-0.053721,-0.003048,8.4647
1.667,2.1007,0.083421,-0.053651,-0.0030627,8.4593
1.6671,2.1007,0.083421,-0.05357,-0.0030771,8.4547
1.6671,2.1007,0.083421,-0.053488,-0.0030776,8.467
1.6672,2.1007,0.083421,-0.053383,-0.0030379,8.4658
1.6672,2.1007,0.083421,-0.05328,-0.0030662,8.4589
1.6673,2.1006,0.083421,-0.053181,-0.0031163,8.4729
1.6673,2.1006,0.083421,-0.053079,-0.0031664,8.474
1.6674,2.1006,0.08342,-0.052984,-0.0032201,8.4655
1.6674,2.1006,0.08342,-0.052907,-0.0033186,8.4672
1.6675,2.1006,0.08342,-0.052831,-0.0034563,8.4658
1.6675,2.1006,0.08342,-0.052784,-0.0035977,8.4531
1.6676,2.1006,0.08342,-0.052738,-0.0036944,8.4532
1.6676,2.1006,0.083419,-0.052698,-0.0037834,8.4628
1.6677,2.1006,0.083419,-0.052646,-0.0038852,8.4586
1.6677,2.1006,0.083419,-0.052575,-0.0039751,8.4584
1.6678,2.1006,0.083419,-0.052499,-0.0040814,8.4647
1.6678,2.1006,0.083419,-0.052405,-0.004231,8.4586
1.6679,2.1006,0.083418,-0.052303,-0.0044117,8.4536
1.6679,2.1006,0.083418,-0.052219,-0.0045596,8.4598
1.668,2.1006,0.083418,-0.052138,-0.0046806,8.4587
1.6681,2.1006,0.083418,-0.052055,-0.0047801,8.4472
1.6681,2.1006,0.083417,-0.05198,-0.004856,8.4653
1.6682,2.1006,0.083417,-0.051929,-0.0049128,8.4713
1.6682,2.1006,0.083417,-0.051891,-0.0049317,8.4694
1.6683,2.1006,0.083417,-0.051832,-0.0050119,8.4735
1.6683,2.1006,0.083416,-0.051767,-0.0051153,8.4809
1.6684,2.1006,0.083416,-0.051691,-0.0052196,8.4773
1.6684,2.1006,0.083416,-0.051603,-0.0053485,8.4835
1.6685,2.1006,0.083415,-0.051508,-0.0054722,8.4842
1.6685,2.1006,0.083415,-0.051411,-0.0055767,8.4767
1.6686,2.1006,0.083415,-0.051323,-0.0056487,8.4772
1.6686,2.1006,0.083415,-0.05124,-0.0056455,8.4901
1.6687,2.1006,0.083414,-0.051144,-0.0057319,8.4855
1.6687,2.1006,0.083414,-0.051057,-0.0058589,8.4769
1.6688,2.1006,0.083414,-0.050961,-0.0060104,8.4901
1.6688,2.1006,0.083413,-0.050875,-0.0061707,8.4813
1.6689,2.1006,0.083413,-0.050803,-0.0063252,8.4694
1.6689,2.1006,0.083413,-0.050723,-0.0064598,8.476
1.669,2.1006,0.083412,-0.050643,-0.0065613,8.4722
1.6691,2.1006,0.083412,-0.050558,-0.006617,8.4661
1.6691,2.1006,0.083412,-0.050472,-0.00671,8.477
1.6692,2.1005,0.083411,-0.050399,-0.0068084,8.4854
1.6692,2.1005,0.083411,-0.050325,-0.0069121,8.4821
1.6693,2.1005,0.08341,-0.050253,-0.0070209,8.4828
1.6693,2.1005,0.08341,-0.050171,-0.0071348,8.4966
1.6694,2.1005,0.08341,-0.050077,-0.0072394,8.4805
1.6694,2.1005,0.083409,-0.049983,-0.0073731,8.4772
1.6695,2.1005,0.083409,-0.049893,-0.0075278,8.4873
1.6695,2.1005,0.083409,-0.049817,-0.0076959,8.4869
1.6696,2.1005,0.083408,-0.049767,-0.0078701,8.4771
1.6696,2.1005,0.083408,-0.049736,-0.0080434,8.4923
1.6697,2.1005,0.083407,-0.049704,-0.0082092,8.4901
1.6697,2.1005,0.083407,-0.049664,-0.0083613,8.4893
1.6698,2.1005,0.083406,-0.049622,-0.0084938,8.4983
1.6698,2.1005,0.083406,-0.049579,-0.0086454,8.5066
1.6699,2.1005,0.083405,-0.049531,-0.0088012,8.486
1.6699,2.1005,0.083405,-0.049479,-0.008961,8.4895
1.67,2.1005,0.083404,-0.049431,-0.0091247,8.4853
1.6701,2.1005,0.083404,-0.049387,-0.0092619,8.4708
1.6701,2.1005,0.083404,-0.049341,-0.0094244,8.4633
1.6702,2.1005,0.083403,-0.049289,-0.0096466,8.4676
1.6702,2.1005,0.083402,-0.049235,-0.0099772,8.4605
1.6703,2.1005,0.083402,-0.049173,-0.010367,8.4512
1.6703,2.1005,0.083401,-0.049102,-0.01077,8.4615
1.6704,2.1005,0.083401,-0.049034,-0.011142,8.4544
1.6704,2.1005,0.0834,-0.048971,-0.011426,8.4382
1.6705,2.1005,0.0834,-0.04892,-0.011623,8.4456
1.6705,2.1005,0.083399,-0.048863,-0.011781,8.4378
1.6706,2.1005,0.083398,-0.048808,-0.011917,8.4289
1.6706,2.1005,0.083398,-0.048759,-0.012114,8.4324
1.6707,2.1005,0.083397,-0.048712,-0.012324,8.4344
1.6707,2.1005,0.083396,-0.048686,-0.01252,8.4337
1.6708,2.1005,0.083396,-0.048668,-0.012727,8.428
1.6708,2.1005,0.083395,-0.048649,-0.012908,8.4418
1.6709,2.1005,0.083394,-0.048619,-0.013127,8.4399
1.6709,2.1005,0.083394,-0.048566,-0.013336,8.4313
1.671,2.1005,0.083393,-0.048486,-0.013539,8.4379
1.6711,2.1005,0.083392,-0.048391,-0.013795,8.4356
1.6711,2.1005,0.083391,-0.048291,-0.014063,8.4232
1.6712,2.1005,0.083391,-0.048194,-0.014319,8.4349
1.6712,2.1004,0.08339,-0.048091,-0.01458,8.4416
1.6713,2.1004,0.083389,-0.04798,-0.014792,8.4355
1.6713,2.1004,0.083388,-0.047869,-0.015023,8.4477
1.6714,2.1004,0.083388,-0.047759,-0.015235,8.4535
1.6714,2.1004,0.083387,-0.047639,-0.015448,8.4409
1.6715,2.1004,0.083386,-0.047521,-0.015664,8.4509
1.6715,2.1004,0.083385,-0.047407,-0.0159,8.4491
1.6716,2.1004,0.083384,-0.047283,-0.016142,8.4323
1.6716,2.1004,0.083383,-0.047157,-0.016379,8.4279
1.6717,2.1004,0.083383,-0.047028,-0.016595,8.4384
1.6717,2.1004,0.083382,-0.046916,-0.016829,8.4294
1.6718,2.1004,0.083381,-0.046813,-0.017041,8.4329
1.6718,2.1004,0.08338,-0.046706,-0.017262,8.4436
1.6719,2.1004,0.083379,-0.046603,-0.017448,8.4389
1.6719,2.1004,0.083378,-0.046495,-0.017713,8.4277
1.672,2.1004,0.083377,-0.04638,-0.018004,8.437
1.6721,2.1004,0.083376,-0.046255,-0.018338,8.4327
1.6721,2.1004,0.083375,-0.046112,-0.018669,8.4293
1.6722,2.1004,0.083374,-0.045973,-0.019014,8.437
1.6722,2.1004,0.083373,-0.045837,-0.019333,8.4433
1.6723,2.1004,0.083372,-0.045704,-0.019637,8.4416
1.6723,2.1004,0.083371,-0.04559,-0.019884,8.445
1.6724,2.1004,0.08337,-0.045496,-0.020141,8.4628
1.6724,2.1004,0.083369,-0.045419,-0.020344,8.4637
1.6725,2.1004,0.083368,-0.045332,-0.020554,8.4656
1.6725,2.1004,0.083367,-0.045232,-0.020782,8.4748
1.6726,2.1004,0.083366,-0.045133,-0.021055,8.4665
1.6726,2.1004,0.083364,-0.045028,-0.021338,8.4623
1.6727,2.1004,0.083363,-0.044928,-0.021618,8.4763
1.6727,2.1004,0.083362,-0.044836,-0.021879,8.473
1.6728,2.1004,0.083361,-0.04476,-0.022109,8.4627
1.6728,2.1004,0.08336,-0.044688,-0.022294,8.4758
1.6729,2.1004,0.083359,-0.04461,-0.022474,8.4868
1.6729,2.1004,0.083357,-0.044539,-0.02266,8.4747
1.673,2.1004,0.083356,-0.044464,-0.022875,8.4792
1.6731,2.1004,0.083355,-0.044386,-0.023094,8.4887
1.6731,2.1004,0.083354,-0.044303,-0.023353,8.4765
1.6732,2.1004,0.083353,-0.044206,-0.02363,8.4714
1.6732,2.1004,0.083351,-0.044102,-0.023911,8.4805
1.6733,2.1004,0.08335,-0.044002,-0.024182,8.4755
1.6733,2.1004,0.083349,-0.04391,-0.024422,8.4753
1.6734,2.1003,0.083347,-0.043831,-0.02462,8.4881
1.6734,2.1003,0.083346,-0.043752,-0.024813,8.4873
1.6735,2.1003,0.083345,-0.043677,-0.024977,8.4853
1.6735,2.1003,0.083343,-0.043592,-0.025159,8.4908
1.6736,2.1003,0.083342,-0.043504,-0.025341,8.4887
1.6736,2.1003,0.083341,-0.043408,-0.025526,8.4854
1.6737,2.1003,0.083339,-0.043319,-0.025713,8.4906
1.6737,2.1003,0.083338,-0.043239,-0.025898,8.4977
1.6738,2.1003,0.083337,-0.043163,-0.026083,8.4924
1.6738,2.1003,0.083335,-0.043088,-0.026267,8.4956
1.6739,2.1003,0.083334,-0.043,-0.02645,8.5047
1.6739,2.1003,0.083333,-0.042903,-0.026633,8.506
1.674,2.1003,0.083331,-0.042821,-0.026814,8.5085
1.6741,2.1003,0.08333,-0.042733,-0.026995,8.5115
1.6741,2.1003,0.083328,-0.042645,-0.027174,8.5043
1.6742,2.1003,0.083327,-0.042556,-0.027353,8.5014
1.6742,2.1003,0.083325,-0.042464,-0.02753,8.5106
1.6743,2.1003,0.083324,-0.042377,-0.027707,8.5106
1.6743,2.1003,0.083322,-0.042279,-0.027882,8.4999
1.6744,2.1003,0.083321,-0.042188,-0.028056,8.5111
1.6744,2.1003,0.08332,-0.042109,-0.028228,8.519
1.6745,2.1003,0.083318,-0.042038,-0.028399,8.5006
1.6745,2.1003,0.083317,-0.041978,-0.028568,8.5044
1.6746,2.1003,0.083315,-0.041926,-0.028735,8.5146
1.6746,2.1003,0.083313,-0.041876,-0.028899,8.504
1.6747,2.1003,0.083312,-0.041831,-0.029062,8.4986
1.6747,2.1003,0.08331,-0.041789,-0.029188,8.5066
1.6748,2.1003,0.083309,-0.04175,-0.029362,8.5043
1.6748,2.1003,0.083307,-0.041707,-0.029566,8.4992
1.6749,2.1003,0.083306,-0.041655,-0.029787,8.5058
1.6749,2.1003,0.083304,-0.041599,-0.030008,8.5104
1.675,2.1003,0.083303,-0.04154,-0.030227,8.5077
1.6751,2.1003,0.083301,-0.041481,-0.030406,8.5108
1.6751,2.1003,0.083299,-0.041424,-0.030497,8.5089
1.6752,2.1003,0.083298,-0.041366,-0.030498,8.5053
1.6752,2.1003,0.083296,-0.041314,-0.030511,8.5082
1.6753,2.1003,0.083295,-0.041262,-0.030516,8.5149
1.6753,2.1003,0.083293,-0.041214,-0.030532,8.5052
1.6754,2.1003,0.083291,-0.041168,-0.030572,8.5119
1.6754,2.1003,0.08329,-0.041125,-0.030668,8.5192
1.6755,2.1003,0.083288,-0.041101,-0.030746,8.5049
1.6755,2.1003,0.083286,-0.041073,-0.030785,8.5105
1.6756,2.1003,0.083285,-0.041036,-0.030806,8.5184
1.6756,2.1003,0.083283,-0.040998,-0.030818,8.5075
1.6757,2.1003,0.083282,-0.040955,-0.030823,8.4956
1.6757,2.1002,0.08328,-0.040921,-0.030832,8.5069
1.6758,2.1002,0.083278,-0.040878,-0.030855,8.5041
1.6758,2.1002,0.083277,-0.04083,-0.030902,8.4872
1.6759,2.1002,0.083275,-0.040788,-0.030915,8.5083
1.6759,2.1002,0.083273,-0.040734,-0.030935,8.5071
1.676,2.1002,0.083272,-0.040673,-0.03099,8.4937
1.6761,2.1002,0.08327,-0.040611,-0.03107,8.4957
1.6761,2.1002,0.083269,-0.04056,-0.031162,8.4969
1.6762,2.1002,0.083267,-0.040515,-0.031254,8.4917
1.6762,2.1002,0.083265,-0.040481,-0.03133,8.4865
1.6763,2.1002,0.083264,-0.040452,-0.031376,8.4917
1.6763,2.1002,0.083262,-0.040432,-0.031376,8.4874
1.6764,2.1002,0.08326,-0.040422,-0.031346,8.4879
1.6764,2.1002,0.083259,-0.04042,-0.031333,8.4958
1.6765,2.1002,0.083257,-0.040423,-0.031343,8.5001
1.6765,2.1002,0.083255,-0.040428,-0.031388,8.4969
1.6766,2.1002,0.083254,-0.040422,-0.031472,8.5073
1.6766,2.1002,0.083252,-0.040414,-0.031594,8.508
1.6767,2.1002,0.08325,-0.0404,-0.031777,8.4987
1.6767,2.1002,0.083249,-0.040382,-0.031922,8.4996
1.6768,2.1002,0.083247,-0.040362,-0.032017,8.505
1.6768,2.1002,0.083245,-0.040334,-0.032089,8.4993
1.6769,2.1002,0.083244,-0.040311,-0.032167,8.5
1.6769,2.1002,0.083242,-0.040283,-0.032226,8.5121
1.677,2.1002,0.08324,-0.040268,-0.032272,8.505
1.6771,2.1002,0.083239,-0.040265,-0.032371,8.4966
1.6771,2.1002,0.083237,-0.040288,-0.032552,8.5017
1.6772,2.1002,0.083235,-0.0403,-0.032709,8.4957
1.6772,2.1002,0.083233,-0.040303,-0.032836,8.4881
1.6773,2.1002,0.083232,-0.040297,-0.032974,8.4967
1.6773,2.1002,0.08323,-0.040305,-0.033075,8.492
1.6774,2.1002,0.083228,-0.040301,-0.033096,8.4817
1.6774,2.1002,0.083226,-0.04031,-0.033039,8.4934
1.6775,2.1002,0.083225,-0.040296,-0.032988,8.4969
1.6775,2.1002,0.083223,-0.040284,-0.032985,8.4894
1.6776,2.1002,0.083221,-0.040249,-0.033002,8.5062
1.6776,2.1002,0.083219,-0.040212,-0.033023,8.5136
1.6777,2.1002,0.083218,-0.040171,-0.033081,8.5032
1.6777,2.1002,0.083216,-0.040144,-0.033108,8.5041
1.6778,2.1002,0.083214,-0.040124,-0.033088,8.5115
1.6778,2.1002,0.083213,-0.040114,-0.03303,8.4955
1.6779,2.1002,0.083211,-0.040079,-0.032998,8.5011
1.6779,2.1002,0.083209,-0.040042,-0.032988,8.5096
1.678,2.1002,0.083207,-0.040008,-0.032998,8.5082
1.6781,2.1002,0.083206,-0.039972,-0.033035,8.5011
1.6781,2.1002,0.083204,-0.039922,-0.033076,8.5106
1.6782,2.1002,0.083202,-0.039867,-0.033187,8.515
1.6782,2.1001,0.0832,-0.039824,-0.033261,8.5011
1.6783,2.1001,0.083199,-0.039796,-0.033324,8.5092
1.6783,2.1001,0.083197,-0.039766,-0.033389,8.5159
1.6784,2.1001,0.083195,-0.039743,-0.033426,8.5025
1.6784,2.1001,0.083193,-0.039727,-0.033456,8.5088
1.6785,2.1001,0.083192,-0.039718,-0.033489,8.521
1.6785,2.1001,0.08319,-0.039701,-0.033529,8.5226
1.6786,2.1001,0.083188,-0.039683,-0.033671,8.52
1.6786,2.1001,0.083186,-0.039675,-0.033734,8.527
1.6787,2.1001,0.083184,-0.039675,-0.033759,8.5158
1.6787,2.1001,0.083183,-0.03969,-0.033761,8.5141
1.6788,2.1001,0.083181,-0.039697,-0.033752,8.5226
1.6788,2.1001,0.083179,-0.039689,-0.033748,8.5161
1.6789,2.1001,0.083177,-0.039696,-0.033764,8.5106
1.6789,2.1001,0.083176,-0.039697,-0.033817,8.5164
1.679,2.1001,0.083174,-0.039703,-0.033924,8.5271
1.6791,2.1001,0.083172,-0.039717,-0.034002,8.5196
1.6791,2.1001,0.08317,-0.039742,-0.034082,8.521
1.6792,2.1001,0.083168,-0.039791,-0.034165,8.53
1.6792,2.1001,0.083167,-0.039846,-0.03425,8.5218
1.6793,2.1001,0.083165,-0.039908,-0.034337,8.5226
1.6793,2.1001,0.083163,-0.039983,-0.034441,8.5305
1.6794,2.1001,0.083161,-0.040047,-0.034523,8.5226
1.6794,2.1001,0.083159,-0.040088,-0.034589,8.5252
1.6795,2.1001,0.083158,-0.040109,-0.034644,8.5375
1.6795,2.1001,0.083156,-0.040107,-0.034696,8.5403
1.6796,2.1001,0.083154,-0.040084,-0.034751,8.5487
1.6796,2.1001,0.083152,-0.040061,-0.034816,8.5478
1.6797,2.1001,0.08315,-0.040044,-0.034899,8.545
1.6797,2.1001,0.083148,-0.040032,-0.035008,8.5357
1.6798,2.1001,0.083146,-0.040026,-0.035104,8.5325
1.6798,2.1001,0.083145,-0.040029,-0.035203,8.5288
1.6799,2.1001,0.083143,-0.040044,-0.035303,8.5167
1.6799,2.1001,0.083141,-0.040068,-0.035389,8.5184
1.68,2.1001,0.083139,-0.040085,-0.035536,8.5285
1.6801,2.1001,0.083137,-0.040102,-0.035684,8.5226
1.6801,2.1001,0.083135,-0.040097,-0.035787,8.5221
1.6802,2.1001,0.083133,-0.040071,-0.035777,8.5292
1.6802,2.1001,0.083132,-0.04004,-0.035686,8.5153
1.6803,2.1001,0.08313,-0.040006,-0.03555,8.5095
1.6803,2.1001,0.083128,-0.03998,-0.035404,8.5126
1.6804,2.1001,0.083126,-0.039965,-0.035304,8.5137
1.6804,2.1001,0.083124,-0.039958,-0.035288,8.508
1.6805,2.1001,0.083122,-0.039959,-0.035322,8.5179
1.6805,2.1001,0.08312,-0.039954,-0.035429,8.5228
1.6806,2.1001,0.083118,-0.03995,-0.035506,8.5184
1.6806,2.1001,0.083117,-0.039948,-0.035579,8.5296
1.6807,2.1001,0.083115,-0.039933,-0.03566,8.5365
1.6807,2.1,0.083113,-0.039921,-0.03571,8.5208
1.6808,2.1,0.083111,-0.039897,-0.03572,8.5231
1.6808,2.1,0.083109,-0.039868,-0.035677,8.525
1.6809,2.1,0.083107,-0.039846,-0.035683,8.5223
1.6809,2.1,0.083105,-0.03983,-0.035761,8.5131
1.681,2.1,0.083103,-0.039826,-0.035847,8.5226
1.6811,2.1,0.083102,-0.039824,-0.035947,8.5155
1.6811,2.1,0.0831,-0.039821,-0.036053,8.5107
1.6812,2.1,0.083098,-0.039826,-0.036113,8.521
1.6812,2.1,0.083096,-0.039829,-0.036144,8.5178
1.6813,2.1,0.083094,-0.039833,-0.03614,8.5016
1.6813,2.1,0.083092,-0.039849,-0.036134,8.5023
1.6814,2.1,0.08309,-0.039876,-0.036116,8.4999
1.6814,2.1,0.083088,-0.039914,-0.036094,8.4868
1.6815,2.1,0.083086,-0.039946,-0.036076,8.489
1.6815,2.1,0.083084,-0.039978,-0.036069,8.4928
1.6816,2.1,0.083083,-0.040008,-0.036083,8.4825
1.6816,2.1,0.083081,-0.040033,-0.036126,8.4813
1.6817,2.1,0.083079,-0.040042,-0.036155,8.4898
1.6817,2.1,0.083077,-0.040041,-0.036186,8.477
1.6818,2.1,0.083075,-0.040028,-0.03622,8.4759
1.6818,2.1,0.083073,-0.040009,-0.036288,8.4799
1.6819,2.1,0.083071,-0.039993,-0.036306,8.4685
1.6819,2.1,0.083069,-0.039975,-0.036288,8.462
1.682,2.1,0.083067,-0.039969,-0.036246,8.4688
1.6821,2.1,0.083065,-0.039978,-0.03621,8.4677
1.6821,2.1,0.083063,-0.039989,-0.036152,8.4637
1.6822,2.1,0.083062,-0.04,-0.036094,8.4728
1.6822,2.1,0.08306,-0.040004,-0.036042,8.4826
1.6823,2.1,0.083058,-0.039994,-0.036065,8.4752
1.6823,2.1,0.083056,-0.039964,-0.036064,8.4764
1.6824,2.1,0.083054,-0.039907,-0.036128,8.4767
1.6824,2.1,0.083052,-0.03986,-0.036222,8.47
1.6825,2.1,0.08305,-0.039819,-0.036285,8.4696
1.6825,2.1,0.083048,-0.039788,-0.036299,8.4759
1.6826,2.1,0.083046,-0.039767,-0.036297,8.4716
1.6826,2.1,0.083044,-0.039745,-0.036308,8.467
1.6827,2.1,0.083043,-0.039713,-0.036358,8.4761
1.6827,2.1,0.083041,-0.039668,-0.036416,8.4732
1.6828,2.1,0.083039,-0.039619,-0.03652,8.4611
1.6828,2.1,0.083037,-0.039577,-0.036598,8.4666
1.6829,2.1,0.083035,-0.039537,-0.036617,8.4631
1.6829,2.1,0.083033,-0.039498,-0.036565,8.447
1.683,2.1,0.083031,-0.039459,-0.036528,8.4552
1.6831,2.1,0.083029,-0.039423,-0.036489,8.4609
1.6831,2.1,0.083027,-0.039394,-0.036435,8.4481
1.6832,2.1,0.083025,-0.039371,-0.036373,8.45
1.6832,2.1,0.083023,-0.039349,-0.036312,8.4646
1.6833,2.0999,0.083021,-0.039331,-0.036259,8.4571
1.6833,2.0999,0.08302,-0.039301,-0.036225,8.4541
1.6834,2.0999,0.083018,-0.039252,-0.036153,8.4616
1.6834,2.0999,0.083016,-0.039196,-0.036155,8.4606
1.6835,2.0999,0.083014,-0.039138,-0.036162,8.449
1.6835,2.0999,0.083012,-0.03907,-0.036181,8.4602
1.6836,2.0999,0.08301,-0.039005,-0.036204,8.4694
1.6836,2.0999,0.083008,-0.038943,-0.036223,8.4611
1.6837,2.0999,0.083006,-0.038883,-0.036231,8.4735
1.6837,2.0999,0.083004,-0.038817,-0.036221,8.4827
1.6838,2.0999,0.083002,-0.03875,-0.036186,8.4744
1.6838,2.0999,0.083,-0.038697,-0.03617,8.4771
1.6839,2.0999,0.082999,-0.038652,-0.036157,8.4859
1.6839,2.0999,0.082997,-0.038606,-0.036147,8.4763
1.684,2.0999,0.082995,-0.038569,-0.036139,8.4653
1.6841,2.0999,0.082993,-0.03854,-0.036133,8.473
1.6841,2.0999,0.082991,-0.038518,-0.036129,8.4739
1.6842,2.0999,0.082989,-0.038502,-0.036128,8.4696
1.6842,2.0999,0.082987,-0.038477,-0.036112,8.4779
1.6843,2.0999,0.082985,-0.038446,-0.036109,8.4736
1.6843,2.0999,0.082983,-0.038403,-0.036154,8.468
1.6844,2.0999,0.082981,-0.038342,-0.036228,8.4739
1.6844,2.0999,0.08298,-0.038273,-0.036317,8.4673
1.6845,2.0999,0.082978,-0.038193,-0.036387,8.4556
1.6845,2.0999,0.082976,-0.038112,-0.036451,8.4693
1.6846,2.0999,0.082974,-0.038026,-0.036529,8.4706
1.6846,2.0999,0.082972,-0.037926,-0.036589,8.4629
1.6847,2.0999,0.08297,-0.037824,-0.036687,8.4658
1.6847,2.0999,0.082968,-0.037727,-0.036751,8.4773
1.6848,2.0999,0.082966,-0.037637,-0.036761,8.4713
1.6848,2.0999,0.082964,-0.03756,-0.036712,8.4705
1.6849,2.0999,0.082962,-0.037494,-0.036607,8.4727
1.6849,2.0999,0.08296,-0.037439,-0.036502,8.4673
1.685,2.0999,0.082958,-0.037387,-0.036436,8.4635
1.6851,2.0999,0.082956,-0.03733,-0.036405,8.4741
1.6851,2.0999,0.082955,-0.037271,-0.036431,8.478
1.6852,2.0999,0.082953,-0.037208,-0.03641,8.4719
1.6852,2.0999,0.082951,-0.037142,-0.036419,8.4834
1.6853,2.0999,0.082949,-0.037069,-0.036446,8.4927
1.6853,2.0999,0.082947,-0.036996,-0.036486,8.484
1.6854,2.0999,0.082945,-0.036923,-0.036532,8.4866
1.6854,2.0999,0.082943,-0.036853,-0.036558,8.4951
1.6855,2.0999,0.082941,-0.036777,-0.036597,8.4827
1.6855,2.0999,0.082939,-0.036707,-0.036621,8.4753
1.6856,2.0999,0.082937,-0.036646,-0.036657,8.4831
1.6856,2.0999,0.082935,-0.036578,-0.036735,8.4777
1.6857,2.0999,0.082933,-0.036504,-0.03682,8.4738
1.6857,2.0999,0.082931,-0.036431,-0.036895,8.4846
1.6858,2.0999,0.082929,-0.036365,-0.036944,8.4888
1.6858,2.0999,0.082928,-0.036291,-0.036937,8.4741
1.6859,2.0998,0.082926,-0.036215,-0.036952,8.4804
1.6859,2.0998,0.082924,-0.036143,-0.036962,8.4799
1.686,2.0998,0.082922,-0.036064,-0.037001,8.4702
1.6861,2.0998,0.08292,-0.03597,-0.037027,8.4703
1.6861,2.0998,0.082918,-0.035875,-0.037059,8.4768
1.6862,2.0998,0.082916,-0.03579,-0.03711,8.4816
1.6862,2.0998,0.082914,-0.035714,-0.037196,8.4838
1.6863,2.0998,0.082912,-0.035636,-0.037271,8.4932
1.6863,2.0998,0.08291,-0.035567,-0.037381,8.4944
1.6864,2.0998,0.082908,-0.0355,-0.037504,8.4916
1.6864,2.0998,0.082906,-0.035425,-0.037643,8.4999
1.6865,2.0998,0.082904,-0.03536,-0.037736,8.4952
1.6865,2.0998,0.082902,-0.035305,-0.037816,8.4828
1.6866,2.0998,0.0829,-0.035264,-0.037915,8.4829
1.6866,2.0998,0.082898,-0.035222,-0.038005,8.4858
1.6867,2.0998,0.082896,-0.035183,-0.038057,8.4746
1.6867,2.0998,0.082894,-0.035142,-0.038122,8.4778
1.6868,2.0998,0.082892,-0.035089,-0.038171,8.4829
1.6868,2.0998,0.08289,-0.035019,-0.038244,8.4672
1.6869,2.0998,0.082888,-0.034945,-0.038269,8.4684
1.6869,2.0998,0.082886,-0.034859,-0.038304,8.4644
1.687,2.0998,0.082884,-0.034768,-0.038328,8.452
1.6871,2.0998,0.082882,-0.034677,-0.038335,8.4473
1.6871,2.0998,0.08288,-0.034593,-0.038337,8.4515
1.6872,2.0998,0.082878,-0.034518,-0.038335,8.4442
1.6872,2.0998,0.082876,-0.034453,-0.038263,8.4321
1.6873,2.0998,0.082874,-0.03438,-0.038212,8.4449
1.6873,2.0998,0.082872,-0.034307,-0.038183,8.4443
1.6874,2.0998,0.08287,-0.034227,-0.038192,8.4341
1.6874,2.0998,0.082868,-0.034136,-0.038194,8.4423
1.6875,2.0998,0.082866,-0.034037,-0.038195,8.4407
1.6875,2.0998,0.082864,-0.033929,-0.038181,8.4288
1.6876,2.0998,0.082862,-0.033814,-0.038156,8.4364
1.6876,2.0998,0.08286,-0.033702,-0.038117,8.4429
1.6877,2.0998,0.082858,-0.033583,-0.038098,8.441
1.6877,2.0998,0.082856,-0.033477,-0.038135,8.4475
1.6878,2.0998,0.082854,-0.03339,-0.038161,8.4521
1.6878,2.0998,0.082852,-0.033314,-0.038171,8.4517
1.6879,2.0998,0.08285,-0.033251,-0.038153,8.4481
1.6879,2.0998,0.082848,-0.033201,-0.038138,8.4564
1.688,2.0998,0.082846,-0.033156,-0.038142,8.4499
1.6881,2.0998,0.082844,-0.033113,-0.038192,8.4398
1.6881,2.0998,0.082842,-0.033066,-0.038214,8.449
1.6882,2.0998,0.08284,-0.033021,-0.03824,8.4507
1.6882,2.0998,0.082838,-0.032973,-0.038231,8.4432
1.6883,2.0998,0.082836,-0.032919,-0.038222,8.4508
1.6883,2.0998,0.082834,-0.032868,-0.038207,8.4537
1.6884,2.0998,0.082832,-0.032821,-0.038123,8.4463
1.6884,2.0998,0.08283,-0.032771,-0.038033,8.4504
1.6885,2.0998,0.082828,-0.032726,-0.037896,8.4541
1.6885,2.0998,0.082826,-0.032678,-0.037722,8.4456
1.6886,2.0998,0.082824,-0.032633,-0.037525,8.4429
1.6886,2.0998,0.082822,-0.032592,-0.037348,8.45
1.6887,2.0998,0.08282,-0.032559,-0.037252,8.4428
1.6887,2.0998,0.082818,-0.032542,-0.037196,8.4337
1.6888,2.0998,0.082816,-0.032534,-0.037101,8.4494
1.6888,2.0997,0.082814,-0.032526,-0.037054,8.4525
1.6889,2.0997,0.082812,-0.032532,-0.036945,8.4448
1.6889,2.0997,0.08281,-0.032536,-0.036846,8.4499
1.689,2.0997,0.082808,-0.032531,-0.036763,8.4476
1.6891,2.0997,0.082806,-0.03251,-0.036653,8.4451
1.6891,2.0997,0.082804,-0.032472,-0.036569,8.4511
1.6892,2.0997,0.082802,-0.032434,-0.036458,8.462
1.6892,2.0997,0.0828,-0.032397,-0.036339,8.4586
1.6893,2.0997,0.082799,-0.032366,-0.036233,8.4692
1.6893,2.0997,0.082797,-0.032355,-0.036082,8.4835
1.6894,2.0997,0.082795,-0.032377,-0.03595,8.4808
1.6894,2.0997,0.082793,-0.032402,-0.035869,8.4833
1.6895,2.0997,0.082791,-0.032431,-0.035778,8.4926
1.6895,2.0997,0.082789,-0.032471,-0.035725,8.4943
1.6896,2.0997,0.082787,-0.03252,-0.035689,8.491
1.6896,2.0997,0.082785,-0.032573,-0.035695,8.4875
1.6897,2.0997,0.082783,-0.032633,-0.03571,8.4898
1.6897,2.0997,0.082782,-0.032701,-0.03571,8.4819
1.6898,2.0997,0.08278,-0.032783,-0.035709,8.488
1.6898,2.0997,0.082778,-0.032843,-0.035704,8.4923
1.6899,2.0997,0.082776,-0.032885,-0.035709,8.4837
1.6899,2.0997,0.082774,-0.032924,-0.035694,8.4833
1.69,2.0997,0.082772,-0.032954,-0.035635,8.4928
1.6901,2.0997,0.08277,-0.032998,-0.035526,8.4801
1.6901,2.0997,0.082768,-0.033067,-0.035349,8.4777
1.6902,2.0997,0.082767,-0.033156,-0.035155,8.4895
1.6902,2.0997,0.082765,-0.033252,-0.034938,8.4825
1.6903,2.0997,0.082763,-0.03333,-0.034739,8.4819
1.6903,2.0997,0.082761,-0.033403,-0.034594,8.4958
1.6904,2.0997,0.082759,-0.033484,-0.0345,8.5031
1.6904,2.0997,0.082757,-0.033578,-0.034426,8.4964
1.6905,2.0997,0.082756,-0.033686,-0.034322,8.507
1.6905,2.0997,0.082754,-0.033812,-0.034183,8.506
1.6906,2.0997,0.082752,-0.033944,-0.034045,8.4979
1.6906,2.0997,0.08275,-0.034057,-0.033899,8.5014
1.6907,2.0997,0.082749,-0.034139,-0.033741,8.5131
1.6907,2.0997,0.082747,-0.034216,-0.033624,8.4973
1.6908,2.0997,0.082745,-0.034292,-0.033507,8.5037
1.6908,2.0997,0.082743,-0.034364,-0.033348,8.5166
1.6909,2.0997,0.082741,-0.034425,-0.033107,8.508
1.6909,2.0997,0.08274,-0.034475,-0.032836,8.5037
1.691,2.0997,0.082738,-0.034515,-0.032567,8.5165
1.6911,2.0997,0.082736,-0.034541,-0.032336,8.5128
1.6911,2.0997,0.082735,-0.034553,-0.032155,8.5021
1.6912,2.0997,0.082733,-0.034569,-0.032027,8.5078
1.6912,2.0997,0.082731,-0.03459,-0.031916,8.5055
1.6913,2.0997,0.08273,-0.034615,-0.031776,8.4966
1.6913,2.0997,0.082728,-0.034641,-0.031598,8.5028
1.6914,2.0997,0.082726,-0.034657,-0.031422,8.5121
1.6914,2.0997,0.082725,-0.034672,-0.031257,8.5013
1.6915,2.0997,0.082723,-0.034683,-0.031123,8.5079
1.6915,2.0997,0.082721,-0.034698,-0.031035,8.512
1.6916,2.0997,0.08272,-0.034725,-0.030947,8.5032
1.6916,2.0997,0.082718,-0.034763,-0.030883,8.5061
1.6917,2.0997,0.082716,-0.03481,-0.030797,8.509
1.6917,2.0997,0.082715,-0.034862,-0.030702,8.5024
1.6918,2.0996,0.082713,-0.034921,-0.0306,8.5026
1.6918,2.0996,0.082712,-0.034969,-0.030492,8.5183
1.6919,2.0996,0.08271,-0.035013,-0.030386,8.5216
1.6919,2.0996,0.082708,-0.035051,-0.030283,8.517
1.692,2.0996,0.082707,-0.035092,-0.030178,8.5305
1.6921,2.0996,0.082705,-0.035126,-0.030077,8.5243
1.6921,2.0996,0.082704,-0.035158,-0.029981,8.5139
1.6922,2.0996,0.082702,-0.035194,-0.029901,8.5157
1.6922,2.0996,0.082701,-0.035246,-0.029792,8.5227
1.6923,2.0996,0.082699,-0.035302,-0.029679,8.5059
1.6923,2.0996,0.082697,-0.035373,-0.029557,8.5141
1.6924,2.0996,0.082696,-0.035447,-0.029385,8.5199
1.6924,2.0996,0.082694,-0.035526,-0.029157,8.5182
1.6925,2.0996,0.082693,-0.035598,-0.028844,8.5129
1.6925,2.0996,0.082691,-0.035666,-0.028438,8.5261
1.6926,2.0996,0.08269,-0.035734,-0.027907,8.5153
1.6926,2.0996,0.082688,-0.035806,-0.027318,8.5026
1.6927,2.0996,0.082687,-0.035872,-0.026799,8.5117
1.6927,2.0996,0.082686,-0.035926,-0.026399,8.5114
1.6928,2.0996,0.082684,-0.035971,-0.026127,8.5011
1.6928,2.0996,0.082683,-0.036018,-0.026002,8.5031
1.6929,2.0996,0.082682,-0.036065,-0.025982,8.5081
1.6929,2.0996,0.08268,-0.036118,-0.025982,8.4999
1.693,2.0996,0.082679,-0.036176,-0.025886,8.5043
1.6931,2.0996,0.082677,-0.03623,-0.02576,8.5051
1.6931,2.0996,0.082676,-0.036274,-0.025616,8.4953
1.6932,2.0996,0.082675,-0.036294,-0.025468,8.5004
1.6932,2.0996,0.082673,-0.036301,-0.025341,8.5013
1.6933,2.0996,0.082672,-0.036307,-0.025252,8.4965
1.6933,2.0996,0.082671,-0.036317,-0.02523,8.4855
1.6934,2.0996,0.082669,-0.03634,-0.025213,8.5047
1.6934,2.0996,0.082668,-0.036376,-0.025137,8.5071
1.6935,2.0996,0.082667,-0.036422,-0.025062,8.5031
1.6935,2.0996,0.082666,-0.036466,-0.024914,8.5105
1.6936,2.0996,0.082664,-0.036503,-0.024743,8.51
1.6936,2.0996,0.082663,-0.036534,-0.024545,8.4971
1.6937,2.0996,0.082662,-0.036561,-0.024359,8.5004
1.6937,2.0996,0.08266,-0.036581,-0.024226,8.5081
1.6938,2.0996,0.082659,-0.036598,-0.02413,8.4929
1.6938,2.0996,0.082658,-0.036623,-0.024067,8.4907
1.6939,2.0996,0.082657,-0.036661,-0.024073,8.4953
1.6939,2.0996,0.082655,-0.036699,-0.024084,8.4886
1.694,2.0996,0.082654,-0.03673,-0.024113,8.4865
1.6941,2.0996,0.082653,-0.036758,-0.024081,8.4983
1.6941,2.0996,0.082651,-0.036772,-0.024023,8.4873
1.6942,2.0996,0.08265,-0.036772,-0.023973,8.4789
1.6942,2.0996,0.082649,-0.036769,-0.02392,8.4881
1.6943,2.0996,0.082648,-0.036776,-0.023841,8.4874
1.6943,2.0996,0.082646,-0.036809,-0.023765,8.4755
1.6944,2.0996,0.082645,-0.03685,-0.02372,8.4824
1.6944,2.0996,0.082644,-0.036896,-0.023699,8.4896
1.6945,2.0996,0.082643,-0.036949,-0.023665,8.4892
1.6945,2.0996,0.082641,-0.037002,-0.023614,8.4971
1.6946,2.0995,0.08264,-0.03706,-0.023577,8.5083
1.6946,2.0995,0.082639,-0.037106,-0.023533,8.5032
1.6947,2.0995,0.082638,-0.037149,-0.023488,8.4974
1.6947,2.0995,0.082637,-0.037187,-0.023444,8.5071
1.6948,2.0995,0.082635,-0.03721,-0.023385,8.5014
1.6948,2.0995,0.082634,-0.03722,-0.023362,8.5022
1.6949,2.0995,0.082633,-0.037219,-0.023314,8.5076
1.6949,2.0995,0.082632,-0.037214,-0.02324,8.5113
1.695,2.0995,0.08263,-0.037212,-0.023178,8.5075
1.6951,2.0995,0.082629,-0.037201,-0.023152,8.5216
1.6951,2.0995,0.082628,-0.037187,-0.023199,8.5207
1.6952,2.0995,0.082627,-0.037173,-0.023247,8.5128
1.6952,2.0995,0.082626,-0.037161,-0.02328,8.5215
1.6953,2.0995,0.082624,-0.037158,-0.02333,8.5294
1.6953,2.0995,0.082623,-0.037155,-0.023361,8.5165
1.6954,2.0995,0.082622,-0.037149,-0.023412,8.5154
1.6954,2.0995,0.082621,-0.037152,-0.023449,8.5326
1.6955,2.0995,0.082619,-0.037147,-0.023504,8.5263
1.6955,2.0995,0.082618,-0.037133,-0.023548,8.5288
1.6956,2.0995,0.082617,-0.037128,-0.023552,8.5398
1.6956,2.0995,0.082616,-0.037133,-0.023547,8.5404
1.6957,2.0995,0.082614,-0.037148,-0.023548,8.5332
1.6957,2.0995,0.082613,-0.03717,-0.023573,8.5369
1.6958,2.0995,0.082612,-0.037188,-0.023656,8.5406
1.6958,2.0995,0.082611,-0.037214,-0.023717,8.5328
1.6959,2.0995,0.082609,-0.037227,-0.02379,8.5459
1.6959,2.0995,0.082608,-0.037243,-0.023837,8.5471
1.696,2.0995,0.082607,-0.037271,-0.023899,8.5388
1.6961,2.0995,0.082606,-0.037303,-0.023957,8.5509
1.6961,2.0995,0.082604,-0.037325,-0.023998,8.5578
1.6962,2.0995,0.082603,-0.037347,-0.024001,8.5456
1.6962,2.0995,0.082602,-0.037361,-0.024029,8.5491
1.6963,2.0995,0.082601,-0.037369,-0.02399,8.5489
1.6963,2.0995,0.082599,-0.037366,-0.023912,8.5442
1.6964,2.0995,0.082598,-0.037366,-0.023797,8.5382
1.6964,2.0995,0.082597,-0.037357,-0.023718,8.5468
1.6965,2.0995,0.082596,-0.03734,-0.023652,8.5517
1.6965,2.0995,0.082594,-0.03731,-0.023573,8.5459
1.6966,2.0995,0.082593,-0.037274,-0.023516,8.5485
1.6966,2.0995,0.082592,-0.037232,-0.023516,8.5509
1.6967,2.0995,0.082591,-0.037184,-0.023482,8.5362
1.6967,2.0995,0.082589,-0.037137,-0.023458,8.5335
1.6968,2.0995,0.082588,-0.037099,-0.023405,8.5332
1.6968,2.0995,0.082587,-0.037062,-0.023393,8.5214
1.6969,2.0995,0.082586,-0.037028,-0.023385,8.5184
1.6969,2.0995,0.082584,-0.036988,-0.023357,8.529
1.697,2.0995,0.082583,-0.036938,-0.02332,8.5191
1.6971,2.0995,0.082582,-0.036888,-0.02327,8.5154
1.6971,2.0995,0.082581,-0.036833,-0.023208,8.5258
1.6972,2.0995,0.08258,-0.036777,-0.023199,8.5158
1.6972,2.0995,0.082578,-0.036718,-0.023231,8.514
1.6973,2.0994,0.082577,-0.036657,-0.023227,8.5208
1.6973,2.0994,0.082576,-0.036588,-0.02319,8.5165
1.6974,2.0994,0.082575,-0.036522,-0.023132,8.5051
1.6974,2.0994,0.082573,-0.036457,-0.023071,8.5168
1.6975,2.0994,0.082572,-0.036413,-0.023029,8.5297
1.6975,2.0994,0.082571,-0.036383,-0.023007,8.524
1.6976,2.0994,0.08257,-0.036362,-0.023014,8.5206
1.6976,2.0994,0.082569,-0.036342,-0.023066,8.5273
1.6977,2.0994,0.082567,-0.036319,-0.023025,8.5203
1.6977,2.0994,0.082566,-0.036286,-0.022987,8.5235
1.6978,2.0994,0.082565,-0.036257,-0.022959,8.5228
1.6978,2.0994,0.082564,-0.036226,-0.022955,8.5066
1.6979,2.0994,0.082563,-0.03619,-0.022945,8.5002
1.6979,2.0994,0.082561,-0.03615,-0.022909,8.5122
1.698,2.0994,0.08256,-0.036106,-0.022838,8.5007
1.6981,2.0994,0.082559,-0.036059,-0.022762,8.4933
1.6981,2.0994,0.082558,-0.036011,-0.022668,8.5014
1.6982,2.0994,0.082557,-0.035962,-0.022556,8.5061
1.6982,2.0994,0.082555,-0.035919,-0.022424,8.488
1.6983,2.0994,0.082554,-0.035877,-0.022264,8.4877
1.6983,2.0994,0.082553,-0.03584,-0.022158,8.4851
1.6984,2.0994,0.082552,-0.035812,-0.021993,8.4728
1.6984,2.0994,0.082551,-0.035792,-0.021871,8.4696
1.6985,2.0994,0.08255,-0.035781,-0.021782,8.4741
1.6985,2.0994,0.082548,-0.035772,-0.02177,8.4703
1.6986,2.0994,0.082547,-0.035759,-0.021794,8.4718
1.6986,2.0994,0.082546,-0.035733,-0.021805,8.4874
1.6987,2.0994,0.082545,-0.035697,-0.021781,8.4806
1.6987,2.0994,0.082544,-0.035666,-0.02182,8.4765
1.6988,2.0994,0.082543,-0.035635,-0.021737,8.4845
1.6988,2.0994,0.082542,-0.035604,-0.021717,8.4803
1.6989,2.0994,0.08254,-0.035575,-0.021687,8.4719
1.6989,2.0994,0.082539,-0.035546,-0.021642,8.479
1.699,2.0994,0.082538,-0.035521,-0.02164,8.4834
1.6991,2.0994,0.082537,-0.035495,-0.021594,8.4758
1.6991,2.0994,0.082536,-0.035469,-0.021544,8.4857
1.6992,2.0994,0.082535,-0.035447,-0.02151,8.4976
1.6992,2.0994,0.082534,-0.035423,-0.02143,8.4827
1.6993,2.0994,0.082533,-0.035398,-0.02144,8.4785
1.6993,2.0994,0.082531,-0.03536,-0.021474,8.4865
1.6994,2.0994,0.08253,-0.035329,-0.02152,8.4777
1.6994,2.0994,0.082529,-0.0353,-0.021614,8.4707
1.6995,2.0994,0.082528,-0.035262,-0.02168,8.4738
1.6995,2.0994,0.082527,-0.035216,-0.021696,8.4696
1.6996,2.0994,0.082526,-0.035161,-0.021658,8.4664
1.6996,2.0994,0.082525,-0.035095,-0.021553,8.4713
1.6997,2.0994,0.082523,-0.035023,-0.021457,8.4727
1.6997,2.0994,0.082522,-0.034934,-0.021386,8.4625
1.6998,2.0994,0.082521,-0.034857,-0.021386,8.4601
1.6998,2.0994,0.08252,-0.034786,-0.021412,8.4651
1.6999,2.0994,0.082519,-0.034717,-0.021415,8.4546
1.6999,2.0994,0.082518,-0.034659,-0.021392,8.4517
1.7,2.0994,0.082517,-0.034617,-0.021368,8.4565
1.7001,2.0993,0.082516,-0.034577,-0.021361,8.4535
1.7001,2.0993,0.082514,-0.034531,-0.021398,8.456
1.7002,2.0993,0.082513,-0.034478,-0.0215,8.4649
1.7002,2.0993,0.082512,-0.034439,-0.02163,8.4684
1.7003,2.0993,0.082511,-0.034395,-0.021755,8.4668
1.7003,2.0993,0.08251,-0.034335,-0.02185,8.4781
1.7004,2.0993,0.082509,-0.034256,-0.021927,8.4708
1.7004,2.0993,0.082508,-0.034174,-0.021985,8.4722
1.7005,2.0993,0.082506,-0.034072,-0.022068,8.4867
1.7005,2.0993,0.082505,-0.033949,-0.022169,8.4883
1.7006,2.0993,0.082504,-0.033838,-0.022271,8.4756
1.7006,2.0993,0.082503,-0.033752,-0.022374,8.4858
1.7007,2.0993,0.082502,-0.033676,-0.022473,8.4979
1.7007,2.0993,0.0825,-0.033609,-0.022598,8.484
1.7008,2.0993,0.082499,-0.033538,-0.022726,8.4834
1.7008,2.0993,0.082498,-0.033477,-0.022887,8.4921
1.7009,2.0993,0.082497,-0.033418,-0.023075,8.4793
1.7009,2.0993,0.082496,-0.033361,-0.023247,8.4674
1.701,2.0993,0.082494,-0.033327,-0.023366,8.4764
1.7011,2.0993,0.082493,-0.033303,-0.023408,8.472
1.7011,2.0993,0.082492,-0.033286,-0.023427,8.4659
1.7012,2.0993,0.082491,-0.033273,-0.023421,8.4738
1.7012,2.0993,0.082489,-0.033254,-0.023418,8.4718
1.7013,2.0993,0.082488,-0.033236,-0.023456,8.4668
1.7013,2.0993,0.082487,-0.033219,-0.023517,8.4732
1.7014,2.0993,0.082486,-0.033205,-0.023561,8.4682
1.7014,2.0993,0.082485,-0.033197,-0.023562,8.4666
1.7015,2.0993,0.082483,-0.033185,-0.02349,8.4716
1.7015,2.0993,0.082482,-0.033165,-0.023419,8.4806
1.7016,2.0993,0.082481,-0.033139,-0.023338,8.472
1.7016,2.0993,0.08248,-0.03311,-0.023328,8.4782
1.7017,2.0993,0.082478,-0.033083,-0.023354,8.4846
1.7017,2.0993,0.082477,-0.033053,-0.023382,8.4896
1.7018,2.0993,0.082476,-0.033024,-0.023437,8.4879
1.7018,2.0993,0.082475,-0.033,-0.023489,8.4975
1.7019,2.0993,0.082473,-0.032976,-0.023497,8.4908
1.7019,2.0993,0.082472,-0.032953,-0.023471,8.4855
1.702,2.0993,0.082471,-0.032931,-0.023475,8.492
1.7021,2.0993,0.08247,-0.032906,-0.023496,8.4934
1.7021,2.0993,0.082469,-0.03288,-0.023522,8.4836
1.7022,2.0993,0.082467,-0.032844,-0.023568,8.4906
1.7022,2.0993,0.082466,-0.032801,-0.023642,8.4956
1.7023,2.0993,0.082465,-0.032754,-0.023649,8.4835
1.7023,2.0993,0.082464,-0.032705,-0.023646,8.4812
1.7024,2.0993,0.082462,-0.032658,-0.023711,8.4881
1.7024,2.0993,0.082461,-0.032611,-0.023909,8.4725
1.7025,2.0993,0.08246,-0.032562,-0.024177,8.47
1.7025,2.0993,0.082458,-0.032512,-0.024588,8.4796
1.7026,2.0993,0.082457,-0.032461,-0.025104,8.4701
1.7026,2.0993,0.082456,-0.032406,-0.02557,8.4659
1.7027,2.0993,0.082454,-0.032357,-0.025902,8.4772
1.7027,2.0993,0.082453,-0.032309,-0.026168,8.4849
1.7028,2.0993,0.082452,-0.032252,-0.026342,8.4731
1.7028,2.0993,0.08245,-0.032196,-0.026471,8.4836
1.7029,2.0993,0.082449,-0.032133,-0.026557,8.4866
1.7029,2.0993,0.082447,-0.03207,-0.026706,8.4831
1.703,2.0993,0.082446,-0.032008,-0.026873,8.489
1.7031,2.0992,0.082445,-0.031951,-0.026989,8.5002
1.7031,2.0992,0.082443,-0.03191,-0.027104,8.4901
1.7032,2.0992,0.082442,-0.031877,-0.027246,8.4984
1.7032,2.0992,0.08244,-0.031844,-0.027345,8.5065
1.7033,2.0992,0.082439,-0.031814,-0.027458,8.5031
1.7033,2.0992,0.082437,-0.031778,-0.027556,8.493
1.7034,2.0992,0.082436,-0.031729,-0.027683,8.4969
1.7034,2.0992,0.082435,-0.031673,-0.027767,8.4859
1.7035,2.0992,0.082433,-0.031615,-0.027874,8.4785
1.7035,2.0992,0.082432,-0.031562,-0.028,8.4776
1.7036,2.0992,0.08243,-0.031522,-0.028177,8.4739
1.7036,2.0992,0.082429,-0.031487,-0.028351,8.4644
1.7037,2.0992,0.082427,-0.031465,-0.028539,8.4678
1.7037,2.0992,0.082426,-0.03144,-0.028702,8.4728
1.7038,2.0992,0.082424,-0.031406,-0.028817,8.4596
1.7038,2.0992,0.082423,-0.031349,-0.028853,8.4604
1.7039,2.0992,0.082421,-0.031268,-0.028865,8.4633
1.7039,2.0992,0.08242,-0.031167,-0.028889,8.4545
1.704,2.0992,0.082418,-0.031056,-0.029,8.4411
1.7041,2.0992,0.082416,-0.030945,-0.029165,8.448
1.7041,2.0992,0.082415,-0.03086,-0.029378,8.4383
1.7042,2.0992,0.082413,-0.030802,-0.029616,8.4321
1.7042,2.0992,0.082412,-0.030771,-0.029819,8.4515
1.7043,2.0992,0.08241,-0.030727,-0.02998,8.449
1.7043,2.0992,0.082409,-0.030684,-0.030072,8.4388
1.7044,2.0992,0.082407,-0.030629,-0.030173,8.4511
1.7044,2.0992,0.082405,-0.030568,-0.030292,8.4527
1.7045,2.0992,0.082404,-0.030504,-0.030408,8.4477
1.7045,2.0992,0.082402,-0.030439,-0.030524,8.4582
1.7046,2.0992,0.082401,-0.030383,-0.030636,8.463
1.7046,2.0992,0.082399,-0.030336,-0.03073,8.4492
1.7047,2.0992,0.082397,-0.030275,-0.030835,8.4573
1.7047,2.0992,0.082396,-0.030229,-0.030987,8.4727
1.7048,2.0992,0.082394,-0.030187,-0.03116,8.4643
1.7048,2.0992,0.082392,-0.030152,-0.031381,8.4643
1.7049,2.0992,0.082391,-0.030121,-0.031613,8.4679
1.7049,2.0992,0.082389,-0.030097,-0.031876,8.4611
1.705,2.0992,0.082387,-0.030089,-0.032121,8.4573
1.7051,2.0992,0.082386,-0.030092,-0.03234,8.4571
1.7051,2.0992,0.082384,-0.030096,-0.032571,8.4569
1.7052,2.0992,0.082382,-0.030108,-0.032849,8.4389
1.7052,2.0992,0.082381,-0.030116,-0.033116,8.4502
1.7053,2.0992,0.082379,-0.030113,-0.033369,8.4472
1.7053,2.0992,0.082377,-0.0301,-0.033588,8.4413
1.7054,2.0992,0.082375,-0.030075,-0.033831,8.4421
1.7054,2.0992,0.082373,-0.030046,-0.034056,8.4553
1.7055,2.0992,0.082372,-0.030006,-0.034251,8.4478
1.7055,2.0992,0.08237,-0.029964,-0.034402,8.4427
1.7056,2.0992,0.082368,-0.029909,-0.034494,8.445
1.7056,2.0992,0.082366,-0.029857,-0.034538,8.4479
1.7057,2.0992,0.082364,-0.029805,-0.034502,8.4488
1.7057,2.0992,0.082363,-0.029757,-0.034455,8.4642
1.7058,2.0992,0.082361,-0.0297,-0.034453,8.4672
1.7058,2.0992,0.082359,-0.029667,-0.034513,8.4613
1.7059,2.0992,0.082357,-0.029644,-0.034611,8.4777
1.7059,2.0992,0.082355,-0.029625,-0.034732,8.4844
1.706,2.0992,0.082353,-0.029593,-0.034858,8.4765
1.7061,2.0992,0.082352,-0.029566,-0.035025,8.4768
1.7061,2.0992,0.08235,-0.029529,-0.035148,8.4883
1.7062,2.0992,0.082348,-0.029495,-0.035235,8.4813
1.7062,2.0992,0.082346,-0.029452,-0.035333,8.484
1.7063,2.0992,0.082344,-0.029423,-0.035449,8.4951
1.7063,2.0992,0.082342,-0.029396,-0.035579,8.4973
1.7064,2.0991,0.08234,-0.029366,-0.035721,8.5007
1.7064,2.0991,0.082339,-0.029335,-0.035879,8.5095
1.7065,2.0991,0.082337,-0.029312,-0.036048,8.5029
1.7065,2.0991,0.082335,-0.029297,-0.036195,8.492
1.7066,2.0991,0.082333,-0.029293,-0.036286,8.4932
1.7066,2.0991,0.082331,-0.029293,-0.03639,8.4981
1.7067,2.0991,0.082329,-0.029291,-0.036454,8.4792
1.7067,2.0991,0.082327,-0.029291,-0.036494,8.4793
1.7068,2.0991,0.082325,-0.029288,-0.036526,8.4923
1.7068,2.0991,0.082323,-0.029285,-0.036565,8.4913
1.7069,2.0991,0.082321,-0.029284,-0.036624,8.4927
1.7069,2.0991,0.082319,-0.029286,-0.036732,8.5044
1.707,2.0991,0.082317,-0.029293,-0.036814,8.4985
1.7071,2.0991,0.082315,-0.0293,-0.036901,8.4995
1.7071,2.0991,0.082314,-0.029313,-0.036956,8.511
1.7072,2.0991,0.082312,-0.029332,-0.036974,8.5031
1.7072,2.0991,0.08231,-0.029356,-0.037044,8.5008
1.7073,2.0991,0.082308,-0.029389,-0.037162,8.5119
1.7073,2.0991,0.082306,-0.029424,-0.037322,8.5212
1.7074,2.0991,0.082304,-0.029459,-0.037515,8.5162
1.7074,2.0991,0.082302,-0.029495,-0.037681,8.526
1.7075,2.0991,0.0823,-0.029525,-0.037827,8.5318
1.7075,2.0991,0.082298,-0.029557,-0.037933,8.5233
1.7076,2.0991,0.082296,-0.029589,-0.037986,8.5284
1.7076,2.0991,0.082294,-0.029629,-0.038066,8.5268
1.7077,2.0991,0.082292,-0.02968,-0.038141,8.5151
1.7077,2.0991,0.08229,-0.029739,-0.038207,8.5189
1.7078,2.0991,0.082288,-0.029805,-0.038267,8.5278
1.7078,2.0991,0.082286,-0.029875,-0.038319,8.5222
1.7079,2.0991,0.082284,-0.029941,-0.038363,8.517
1.7079,2.0991,0.082282,-0.030005,-0.038402,8.5353
1.708,2.0991,0.08228,-0.030068,-0.038438,8.5284
1.7081,2.0991,0.082278,-0.030133,-0.03845,8.5173
1.7081,2.0991,0.082276,-0.0302,-0.038481,8.5123
1.7082,2.0991,0.082274,-0.030273,-0.038506,8.5209
1.7082,2.0991,0.082272,-0.030348,-0.038548,8.5046
1.7083,2.0991,0.08227,-0.030424,-0.038602,8.5106
1.7083,2.0991,0.082267,-0.030492,-0.038733,8.5199
1.7084,2.0991,0.082265,-0.030553,-0.03891,8.5071
1.7084,2.0991,0.082263,-0.030609,-0.039095,8.5105
1.7085,2.0991,0.082261,-0.030659,-0.039247,8.5202
1.7085,2.0991,0.082259,-0.030711,-0.039358,8.5136
1.7086,2.0991,0.082257,-0.03077,-0.039409,8.5113
1.7086,2.0991,0.082255,-0.030832,-0.039473,8.5195
1.7087,2.0991,0.082253,-0.030902,-0.039501,8.5197
1.7087,2.0991,0.082251,-0.030986,-0.039572,8.5126
1.7088,2.0991,0.082249,-0.031079,-0.039604,8.5231
1.7088,2.0991,0.082247,-0.031183,-0.039599,8.5277
1.7089,2.0991,0.082245,-0.031293,-0.039541,8.5281
1.7089,2.0991,0.082243,-0.031398,-0.039457,8.5348
1.709,2.0991,0.082241,-0.031498,-0.039427,8.5396
1.7091,2.0991,0.082238,-0.031596,-0.039508,8.5293
1.7091,2.0991,0.082236,-0.031695,-0.039646,8.5291
1.7092,2.0991,0.082234,-0.031797,-0.039874,8.5266
1.7092,2.0991,0.082232,-0.031895,-0.040108,8.5186
1.7093,2.0991,0.08223,-0.031998,-0.040328,8.5157
1.7093,2.0991,0.082228,-0.032095,-0.040479,8.5276
1.7094,2.0991,0.082226,-0.032181,-0.040593,8.5096
1.7094,2.0991,0.082224,-0.032268,-0.040709,8.5096
1.7095,2.0991,0.082221,-0.032356,-0.040844,8.5235
1.7095,2.0991,0.082219,-0.032441,-0.040956,8.5102
1.7096,2.0991,0.082217,-0.032532,-0.041081,8.4999
1.7096,2.099,0.082215,-0.032635,-0.041172,8.5047
1.7097,2.099,0.082213,-0.032762,-0.041192,8.5048
1.7097,2.099,0.082211,-0.032908,-0.04113,8.4921
1.7098,2.099,0.082208,-0.03307,-0.04108,8.4994
1.7098,2.099,0.082206,-0.033241,-0.041068,8.505
1.7099,2.099,0.082204,-0.033408,-0.041123,8.5033
1.7099,2.099,0.082202,-0.033558,-0.041239,8.5126
1.71,2.099,0.0822,-0.033698,-0.041429,8.5229
1.7101,2.099,0.082198,-0.033833,-0.041616,8.5137
1.7101,2.099,0.082195,-0.033984,-0.041775,8.5084
1.7102,2.099,0.082193,-0.034135,-0.041934,8.5159
1.7102,2.099,0.082191,-0.034293,-0.042119,8.5144
1.7103,2.099,0.082189,-0.03445,-0.042259,8.506
1.7103,2.099,0.082187,-0.034601,-0.042356,8.5219
1.7104,2.099,0.082184,-0.034743,-0.04241,8.5174
1.7104,2.099,0.082182,-0.034877,-0.042396,8.5089
1.7105,2.099,0.08218,-0.035006,-0.042285,8.5217
1.7105,2.099,0.082178,-0.035141,-0.042164,8.5242
1.7106,2.099,0.082175,-0.035259,-0.042052,8.508
1.7106,2.099,0.082173,-0.035377,-0.041978,8.5114
1.7107,2.099,0.082171,-0.035488,-0.04194,8.509
1.7107,2.099,0.082169,-0.035598,-0.041938,8.4907
1.7108,2.099,0.082167,-0.035713,-0.041979,8.485
1.7108,2.099,0.082164,-0.035832,-0.041991,8.488
1.7109,2.099,0.082162,-0.035959,-0.042007,8.4821
1.7109,2.099,0.08216,-0.036089,-0.04205,8.4824
1.711,2.099,0.082158,-0.036224,-0.042077,8.4967
1.7111,2.099,0.082156,-0.036352,-0.042097,8.4947
1.7111,2.099,0.082153,-0.036459,-0.042122,8.4868
1.7112,2.099,0.082151,-0.036552,-0.042228,8.4978
1.7112,2.099,0.082149,-0.036632,-0.042375,8.4911
1.7113,2.099,0.082147,-0.036704,-0.042528,8.4862
1.7113,2.099,0.082144,-0.036774,-0.042721,8.4921
1.7114,2.099,0.082142,-0.036853,-0.042906,8.4984
1.7114,2.099,0.08214,-0.036939,-0.043057,8.4983
1.7115,2.099,0.082138,-0.037008,-0.043164,8.5065
1.7115,2.099,0.082135,-0.037055,-0.043217,8.5191
1.7116,2.099,0.082133,-0.037092,-0.043243,8.5119
1.7116,2.099,0.082131,-0.037125,-0.043219,8.5162
1.7117,2.099,0.082128,-0.037152,-0.043221,8.5275
1.7117,2.099,0.082126,-0.037188,-0.043205,8.524
1.7118,2.099,0.082124,-0.037241,-0.043195,8.5185
1.7118,2.099,0.082122,-0.037301,-0.043232,8.5334
1.7119,2.099,0.082119,-0.037354,-0.04331,8.5313
1.7119,2.099,0.082117,-0.037414,-0.043352,8.5316
1.712,2.099,0.082115,-0.037477,-0.043402,8.5443
1.7121,2.099,0.082113,-0.037539,-0.043466,8.5514
1.7121,2.099,0.08211,-0.037593,-0.043523,8.5351
1.7122,2.099,0.082108,-0.037648,-0.043554,8.5406
1.7122,2.099,0.082106,-0.037697,-0.043612,8.5417
1.7123,2.099,0.082103,-0.037738,-0.043693,8.5326
1.7123,2.099,0.082101,-0.03777,-0.043738,8.5287
1.7124,2.099,0.082099,-0.0378,-0.043742,8.5405
1.7124,2.0989,0.082096,-0.037825,-0.043809,8.5375
1.7125,2.0989,0.082094,-0.037847,-0.04386,8.5288
1.7125,2.0989,0.082092,-0.03786,-0.043874,8.5407
1.7126,2.0989,0.082089,-0.037874,-0.043934,8.5336
1.7126,2.0989,0.082087,-0.037879,-0.044049,8.5335
1.7127,2.0989,0.082085,-0.037875,-0.044169,8.5444
1.7127,2.0989,0.082083,-0.037861,-0.044312,8.5376
1.7128,2.0989,0.08208,-0.03784,-0.044482,8.5431
1.7128,2.0989,0.082078,-0.037816,-0.044661,8.553
1.7129,2.0989,0.082075,-0.037794,-0.044814,8.5559
1.7129,2.0989,0.082073,-0.037769,-0.044961,8.5526
1.713,2.0989,0.082071,-0.037742,-0.045168,8.567
1.7131,2.0989,0.082068,-0.03771,-0.045383,8.5758
1.7131,2.0989,0.082066,-0.037672,-0.045561,8.5615
1.7132,2.0989,0.082064,-0.037632,-0.045762,8.5584
1.7132,2.0989,0.082061,-0.037594,-0.04591,8.5559
1.7133,2.0989,0.082059,-0.037556,-0.046025,8.5532
1.7133,2.0989,0.082056,-0.037523,-0.046183,8.5434
1.7134,2.0989,0.082054,-0.037488,-0.046392,8.5523
1.7134,2.0989,0.082051,-0.03745,-0.04666,8.5449
1.7135,2.0989,0.082049,-0.037401,-0.046943,8.5364
1.7135,2.0989,0.082046,-0.03734,-0.047204,8.5407
1.7136,2.0989,0.082044,-0.037272,-0.047468,8.537
1.7136,2.0989,0.082041,-0.037193,-0.047649,8.5237
1.7137,2.0989,0.082039,-0.037112,-0.047738,8.5288
1.7137,2.0989,0.082036,-0.037026,-0.04786,8.5249
1.7138,2.0989,0.082034,-0.036946,-0.048007,8.5166
1.7138,2.0989,0.082031,-0.036883,-0.048194,8.5186
1.7139,2.0989,0.082029,-0.036838,-0.0484,8.5179
1.7139,2.0989,0.082026,-0.036806,-0.048572,8.5063
1.714,2.0989,0.082024,-0.03678,-0.048751,8.5075
1.7141,2.0989,0.082021,-0.036747,-0.048915,8.5253
1.7141,2.0989,0.082018,-0.0367,-0.049051,8.5271
1.7142,2.0989,0.082016,-0.036625,-0.049263,8.5157
1.7142,2.0989,0.082013,-0.036544,-0.049533,8.5288
1.7143,2.0989,0.082011,-0.036449,-0.049861,8.5204
1.7143,2.0989,0.082008,-0.036357,-0.050224,8.5157
1.7144,2.0989,0.082005,-0.036256,-0.0505,8.5248
1.7144,2.0989,0.082003,-0.036155,-0.050723,8.5232
1.7145,2.0989,0.082,-0.036056,-0.050889,8.5156
1.7145,2.0989,0.081997,-0.035957,-0.051014,8.5265
1.7146,2.0989,0.081995,-0.03585,-0.0511,8.5274
1.7146,2.0989,0.081992,-0.035758,-0.051175,8.5196
1.7147,2.0989,0.081989,-0.035656,-0.051247,8.5179
1.7147,2.0989,0.081987,-0.035557,-0.051384,8.5183
1.7148,2.0989,0.081984,-0.035458,-0.051519,8.5114
1.7148,2.0989,0.081981,-0.035359,-0.051676,8.4971
1.7149,2.0989,0.081978,-0.035255,-0.051804,8.5031
1.7149,2.0989,0.081976,-0.035141,-0.051918,8.4994
1.715,2.0989,0.081973,-0.035014,-0.051984,8.4887
1.7151,2.0989,0.08197,-0.034885,-0.051991,8.4928
1.7151,2.0989,0.081967,-0.034755,-0.051905,8.4991
1.7152,2.0988,0.081965,-0.034619,-0.051802,8.4814
1.7152,2.0988,0.081962,-0.034489,-0.051708,8.4851
1.7153,2.0988,0.081959,-0.034373,-0.051631,8.4858
1.7153,2.0988,0.081957,-0.03426,-0.051523,8.4742
1.7154,2.0988,0.081954,-0.034149,-0.051415,8.4661
1.7154,2.0988,0.081951,-0.034043,-0.051324,8.4786
1.7155,2.0988,0.081948,-0.033934,-0.051265,8.4692
1.7155,2.0988,0.081946,-0.033829,-0.051255,8.4682
1.7156,2.0988,0.081943,-0.033715,-0.051293,8.48
1.7156,2.0988,0.08194,-0.0336,-0.051416,8.4811
1.7157,2.0988,0.081938,-0.033496,-0.051563,8.4809
1.7157,2.0988,0.081935,-0.033405,-0.051684,8.4958
1.7158,2.0988,0.081932,-0.033313,-0.051752,8.4891
1.7158,2.0988,0.081929,-0.033224,-0.051782,8.4845
1.7159,2.0988,0.081927,-0.033134,-0.051786,8.4915
1.7159,2.0988,0.081924,-0.033048,-0.051778,8.4956
1.716,2.0988,0.081921,-0.032966,-0.051721,8.4864
1.7161,2.0988,0.081919,-0.032886,-0.051699,8.4961
1.7161,2.0988,0.081916,-0.032804,-0.051692,8.5022
1.7162,2.0988,0.081913,-0.032731,-0.051696,8.4915
1.7162,2.0988,0.08191,-0.032653,-0.0517,8.4876
1.7163,2.0988,0.081908,-0.032576,-0.0517,8.4919
1.7163,2.0988,0.081905,-0.032505,-0.05169,8.4801
1.7164,2.0988,0.081902,-0.032436,-0.051658,8.4651
1.7164,2.0988,0.0819,-0.032369,-0.051596,8.4679
1.7165,2.0988,0.081897,-0.032299,-0.051529,8.4647
1.7165,2.0988,0.081894,-0.032224,-0.051482,8.4549
1.7166,2.0988,0.081891,-0.032149,-0.051432,8.4612
1.7166,2.0988,0.081889,-0.03208,-0.051417,8.4669
1.7167,2.0988,0.081886,-0.032017,-0.051424,8.4601
1.7167,2.0988,0.081883,-0.031959,-0.051439,8.463
1.7168,2.0988,0.081881,-0.031907,-0.051461,8.4663
1.7168,2.0988,0.081878,-0.031855,-0.051436,8.4596
1.7169,2.0988,0.081875,-0.031799,-0.051337,8.4573
1.7169,2.0988,0.081872,-0.031728,-0.051249,8.4667
1.717,2.0988,0.08187,-0.031647,-0.051151,8.4584
1.7171,2.0988,0.081867,-0.031559,-0.051087,8.4612
1.7171,2.0988,0.081864,-0.031472,-0.051042,8.4775
1.7172,2.0988,0.081862,-0.031389,-0.051012,8.475
1.7172,2.0988,0.081859,-0.031319,-0.050996,8.4745
1.7173,2.0988,0.081856,-0.031261,-0.050941,8.4889
1.7173,2.0988,0.081854,-0.031218,-0.050847,8.4862
1.7174,2.0988,0.081851,-0.031182,-0.050759,8.4813
1.7174,2.0988,0.081848,-0.031154,-0.05066,8.4862
1.7175,2.0988,0.081846,-0.031126,-0.050551,8.4873
1.7175,2.0988,0.081843,-0.031097,-0.050433,8.4786
1.7176,2.0988,0.08184,-0.031062,-0.050309,8.4906
1.7176,2.0988,0.081838,-0.031024,-0.050181,8.4924
1.7177,2.0988,0.081835,-0.030984,-0.050049,8.4884
1.7177,2.0988,0.081832,-0.030944,-0.049908,8.4893
1.7178,2.0988,0.08183,-0.030906,-0.049759,8.4918
1.7178,2.0988,0.081827,-0.030876,-0.049606,8.4809
1.7179,2.0988,0.081825,-0.030846,-0.049448,8.4715
1.7179,2.0988,0.081822,-0.03082,-0.049288,8.4742
1.718,2.0988,0.081819,-0.030797,-0.049127,8.4736
1.7181,2.0988,0.081817,-0.030787,-0.048968,8.4618
1.7181,2.0988,0.081814,-0.030781,-0.048809,8.4708
1.7182,2.0988,0.081812,-0.030781,-0.048641,8.4722
1.7182,2.0988,0.081809,-0.030776,-0.048461,8.4677
1.7183,2.0987,0.081807,-0.03078,-0.048276,8.4758
1.7183,2.0987,0.081804,-0.030791,-0.048082,8.4892
1.7184,2.0987,0.081802,-0.030817,-0.047878,8.4801
1.7184,2.0987,0.081799,-0.030857,-0.047671,8.4833
1.7185,2.0987,0.081797,-0.030913,-0.047465,8.4952
1.7185,2.0987,0.081794,-0.030977,-0.047253,8.4921
1.7186,2.0987,0.081792,-0.03105,-0.047011,8.4835
1.7186,2.0987,0.081789,-0.031111,-0.046768,8.5052
1.7187,2.0987,0.081787,-0.031159,-0.046549,8.5044
1.7187,2.0987,0.081784,-0.031189,-0.046367,8.4958
1.7188,2.0987,0.081782,-0.031208,-0.046228,8.5083
1.7188,2.0987,0.081779,-0.03122,-0.046158,8.5076
1.7189,2.0987,0.081777,-0.031239,-0.046122,8.5011
1.7189,2.0987,0.081775,-0.031275,-0.046071,8.5062
1.719,2.0987,0.081772,-0.031317,-0.04596,8.5058
1.7191,2.0987,0.08177,-0.031369,-0.045802,8.492
1.7191,2.0987,0.081767,-0.031432,-0.045598,8.4999
1.7192,2.0987,0.081765,-0.031499,-0.045358,8.5057
1.7192,2.0987,0.081763,-0.031575,-0.045092,8.4953
1.7193,2.0987,0.08176,-0.031663,-0.044842,8.4979
1.7193,2.0987,0.081758,-0.03177,-0.044591,8.5042
1.7194,2.0987,0.081756,-0.031889,-0.044318,8.4931
1.7194,2.0987,0.081753,-0.032009,-0.044055,8.4883
1.7195,2.0987,0.081751,-0.032144,-0.04382,8.4852
1.7195,2.0987,0.081749,-0.032282,-0.043626,8.4793
1.7196,2.0987,0.081746,-0.032415,-0.043472,8.4736
1.7196,2.0987,0.081744,-0.032532,-0.04337,8.4838
1.7197,2.0987,0.081742,-0.032639,-0.043289,8.4876
1.7197,2.0987,0.08174,-0.032736,-0.043173,8.4804
1.7198,2.0987,0.081737,-0.032826,-0.043026,8.491
1.7198,2.0987,0.081735,-0.032916,-0.042857,8.4972
1.7199,2.0987,0.081733,-0.033013,-0.042662,8.4885
1.7199,2.0987,0.081731,-0.033106,-0.042442,8.4875
1.72,2.0987,0.081728,-0.033192,-0.042209,8.4875
1.7201,2.0987,0.081726,-0.033257,-0.041981,8.4789
1.7201,2.0987,0.081724,-0.033312,-0.041735,8.474
1.7202,2.0987,0.081722,-0.033352,-0.041446,8.4836
1.7202,2.0987,0.08172,-0.033385,-0.041178,8.4783
1.7203,2.0987,0.081717,-0.03342,-0.040938,8.4703
1.7203,2.0987,0.081715,-0.03346,-0.040737,8.4805
1.7204,2.0987,0.081713,-0.033508,-0.040577,8.4732
1.7204,2.0987,0.081711,-0.033568,-0.040475,8.4627
1.7205,2.0987,0.081709,-0.03363,-0.040379,8.4659
1.7205,2.0987,0.081707,-0.033704,-0.040296,8.4659
1.7206,2.0987,0.081705,-0.033781,-0.040181,8.4528
1.7206,2.0987,0.081703,-0.033866,-0.040036,8.454
1.7207,2.0987,0.0817,-0.033945,-0.039855,8.4583
1.7207,2.0987,0.081698,-0.034026,-0.039622,8.4454
1.7208,2.0987,0.081696,-0.034109,-0.039393,8.4468
1.7208,2.0987,0.081694,-0.034187,-0.039161,8.4546
1.7209,2.0987,0.081692,-0.034256,-0.038924,8.4397
1.7209,2.0987,0.08169,-0.034321,-0.038754,8.4406
1.721,2.0987,0.081688,-0.034385,-0.038613,8.443
1.7211,2.0987,0.081686,-0.034464,-0.038497,8.4427
1.7211,2.0987,0.081684,-0.034548,-0.038321,8.4324
1.7212,2.0987,0.081682,-0.034643,-0.03811,8.4466
1.7212,2.0987,0.08168,-0.034746,-0.037874,8.45
1.7213,2.0987,0.081678,-0.034849,-0.037608,8.4522
1.7213,2.0986,0.081676,-0.034941,-0.037367,8.4663
1.7214,2.0986,0.081674,-0.035026,-0.037192,8.4696
1.7214,2.0986,0.081672,-0.035124,-0.037075,8.4585
1.7215,2.0986,0.08167,-0.035242,-0.037014,8.4681
1.7215,2.0986,0.081668,-0.035371,-0.036947,8.4708
1.7216,2.0986,0.081666,-0.035506,-0.036915,8.4651
1.7216,2.0986,0.081664,-0.035649,-0.036876,8.4669
1.7217,2.0986,0.081662,-0.035786,-0.036844,8.4779
1.7217,2.0986,0.081661,-0.035908,-0.036821,8.4738
1.7218,2.0986,0.081659,-0.036023,-0.036806,8.4681
1.7218,2.0986,0.081657,-0.036138,-0.0368,8.477
1.7219,2.0986,0.081655,-0.036245,-0.036817,8.4709
1.7219,2.0986,0.081653,-0.036353,-0.036818,8.4646
1.722,2.0986,0.081651,-0.036463,-0.036812,8.4658
1.7221,2.0986,0.081649,-0.036576,-0.036807,8.4642
1.7221,2.0986,0.081647,-0.036687,-0.036806,8.4538
1.7222,2.0986,0.081645,-0.0368,-0.036817,8.4567
1.7222,2.0986,0.081643,-0.036918,-0.036846,8.4586
1.7223,2.0986,0.081641,-0.037035,-0.036915,8.4484
1.7223,2.0986,0.081639,-0.037153,-0.036991,8.4531
1.7224,2.0986,0.081637,-0.037276,-0.037042,8.4703
1.7224,2.0986,0.081635,-0.037401,-0.037108,8.458
1.7225,2.0986,0.081633,-0.037531,-0.037169,8.4554
1.7225,2.0986,0.081631,-0.03766,-0.037215,8.4628
1.7226,2.0986,0.081629,-0.037793,-0.037242,8.4617
1.7226,2.0986,0.081627,-0.037933,-0.037248,8.4627
1.7227,2.0986,0.081625,-0.038077,-0.037245,8.4776
1.7227,2.0986,0.081624,-0.038227,-0.037199,8.4789
1.7228,2.0986,0.081622,-0.038373,-0.037142,8.4795
1.7228,2.0986,0.08162,-0.038507,-0.037101,8.4932
1.7229,2.0986,0.081618,-0.038633,-0.037059,8.4989
1.7229,2.0986,0.081616,-0.038752,-0.037019,8.4938
1.723,2.0986,0.081614,-0.038864,-0.036983,8.5024
1.7231,2.0986,0.081612,-0.038973,-0.036947,8.5116
1.7231,2.0986,0.08161,-0.039083,-0.036916,8.5013
1.7232,2.0986,0.081608,-0.039193,-0.036902,8.4942
1.7232,2.0986,0.081606,-0.039297,-0.036882,8.5036
1.7233,2.0986,0.081604,-0.039396,-0.036817,8.4987
1.7233,2.0986,0.081602,-0.039494,-0.036715,8.5004
1.7234,2.0986,0.0816,-0.039588,-0.036586,8.5089
1.7234,2.0986,0.081598,-0.03969,-0.036443,8.5007
1.7235,2.0986,0.081596,-0.039798,-0.036305,8.4953
1.7235,2.0986,0.081594,-0.039909,-0.036183,8.4959
1.7236,2.0986,0.081593,-0.04002,-0.036122,8.4954
1.7236,2.0986,0.081591,-0.040128,-0.036142,8.4846
1.7237,2.0986,0.081589,-0.040232,-0.036161,8.4837
1.7237,2.0986,0.081587,-0.040327,-0.036187,8.4938
1.7238,2.0986,0.081585,-0.040414,-0.03621,8.4919
1.7238,2.0986,0.081583,-0.040507,-0.036193,8.4962
1.7239,2.0986,0.081581,-0.040599,-0.036191,8.5062
1.7239,2.0985,0.081579,-0.040693,-0.036162,8.5033
1.724,2.0985,0.081577,-0.040784,-0.036117,8.503
1.7241,2.0985,0.081575,-0.040874,-0.036074,8.5137
1.7241,2.0985,0.081574,-0.040964,-0.035973,8.5085
1.7242,2.0985,0.081572,-0.041053,-0.035823,8.5004
1.7242,2.0985,0.08157,-0.041148,-0.035628,8.5199
1.7243,2.0985,0.081568,-0.041244,-0.035359,8.5241
1.7243,2.0985,0.081566,-0.041339,-0.035154,8.516
1.7244,2.0985,0.081564,-0.041435,-0.034987,8.5262
1.7244,2.0985,0.081562,-0.041526,-0.034867,8.5381
1.7245,2.0985,0.081561,-0.041615,-0.034786,8.5294
1.7245,2.0985,0.081559,-0.041701,-0.034744,8.5302
1.7246,2.0985,0.081557,-0.041786,-0.034715,8.5295
1.7246,2.0985,0.081555,-0.041864,-0.034693,8.524
1.7247,2.0985,0.081553,-0.041936,-0.034602,8.5221
1.7247,2.0985,0.081551,-0.042005,-0.034507,8.525
1.7248,2.0985,0.08155,-0.04207,-0.034399,8.5168
1.7248,2.0985,0.081548,-0.042133,-0.034286,8.5176
1.7249,2.0985,0.081546,-0.042196,-0.034174,8.5212
1.7249,2.0985,0.081544,-0.042257,-0.034082,8.5206
1.725,2.0985,0.081542,-0.042322,-0.034005,8.5115
1.7251,2.0985,0.081541,-0.042384,-0.033956,8.5137
1.7251,2.0985,0.081539,-0.042442,-0.033888,8.5122
1.7252,2.0985,0.081537,-0.042501,-0.033818,8.502
1.7252,2.0985,0.081535,-0.042555,-0.033749,8.5147
1.7253,2.0985,0.081534,-0.042605,-0.033676,8.5138
1.7253,2.0985,0.081532,-0.042654,-0.033609,8.5105
1.7254,2.0985,0.08153,-0.04271,-0.03355,8.5201
1.7254,2.0985,0.081528,-0.042774,-0.0335,8.5276
1.7255,2.0985,0.081527,-0.042843,-0.033459,8.5188
1.7255,2.0985,0.081525,-0.042915,-0.03342,8.5209
1.7256,2.0985,0.081523,-0.042988,-0.033383,8.5318
1.7256,2.0985,0.081521,-0.043053,-0.033348,8.518
1.7257,2.0985,0.081519,-0.043103,-0.033305,8.5175
1.7257,2.0985,0.081518,-0.043141,-0.033261,8.5311
1.7258,2.0985,0.081516,-0.043175,-0.033216,8.5289
1.7258,2.0985,0.081514,-0.043199,-0.033175,8.5195
1.7259,2.0985,0.081512,-0.043223,-0.033135,8.5247
1.7259,2.0985,0.081511,-0.043244,-0.033096,8.5335
1.726,2.0985,0.081509,-0.043262,-0.033059,8.5186
1.7261,2.0985,0.081507,-0.043277,-0.033023,8.5171
1.7261,2.0985,0.081506,-0.043293,-0.032988,8.523
1.7262,2.0985,0.081504,-0.043309,-0.032956,8.5128
1.7262,2.0985,0.081502,-0.043318,-0.032924,8.5005
1.7263,2.0985,0.0815,-0.043323,-0.03289,8.5119
1.7263,2.0984,0.081499,-0.043328,-0.032851,8.5008
1.7264,2.0984,0.081497,-0.043326,-0.03281,8.501
1.7264,2.0984,0.081495,-0.043319,-0.032769,8.5103
1.7265,2.0984,0.081493,-0.043313,-0.032733,8.5098
1.7265,2.0984,0.081492,-0.043316,-0.032699,8.4982
1.7266,2.0984,0.08149,-0.043317,-0.032671,8.5101
1.7266,2.0984,0.081488,-0.043316,-0.032648,8.5053
1.7267,2.0984,0.081487,-0.043319,-0.032626,8.5005
1.7267,2.0984,0.081485,-0.043317,-0.032585,8.5055
1.7268,2.0984,0.081483,-0.043314,-0.032566,8.5141
1.7268,2.0984,0.081481,-0.043311,-0.032566,8.5105
1.7269,2.0984,0.08148,-0.043322,-0.032575,8.5178
1.7269,2.0984,0.081478,-0.043346,-0.032586,8.5344
1.727,2.0984,0.081476,-0.043376,-0.032578,8.526
1.7271,2.0984,0.081475,-0.04341,-0.032587,8.5254
1.7271,2.0984,0.081473,-0.043444,-0.032594,8.533
1.7272,2.0984,0.081471,-0.043463,-0.032584,8.5271
1.7272,2.0984,0.081469,-0.043474,-0.032591,8.5184
1.7273,2.0984,0.081468,-0.043472,-0.032597,8.5228
1.7273,2.0984,0.081466,-0.043466,-0.032594,8.5287
1.7274,2.0984,0.081464,-0.04346,-0.032575,8.5181
1.7274,2.0984,0.081463,-0.043452,-0.032533,8.5188
1.7275,2.0984,0.081461,-0.043446,-0.032504,8.5239
1.7275,2.0984,0.081459,-0.043442,-0.032473,8.5085
1.7276,2.0984,0.081457,-0.043439,-0.032445,8.5116
1.7276,2.0984,0.081456,-0.043446,-0.032424,8.5137
1.7277,2.0984,0.081454,-0.043446,-0.032411,8.5019
1.7277,2.0984,0.081452,-0.043446,-0.032409,8.4943
1.7278,2.0984,0.081451,-0.043448,-0.032409,8.5078
1.7278,2.0984,0.081449,-0.043458,-0.032411,8.4923
1.7279,2.0984,0.081447,-0.04347,-0.032404,8.4877
1.7279,2.0984,0.081445,-0.043487,-0.032391,8.4997
1.728,2.0984,0.081444,-0.043502,-0.032371,8.4995
1.7281,2.0984,0.081442,-0.043523,-0.032348,8.4927
1.7281,2.0984,0.08144,-0.043535,-0.032327,8.4997
1.7282,2.0984,0.081439,-0.043543,-0.032313,8.4953
1.7282,2.0984,0.081437,-0.04355,-0.032301,8.4946
1.7283,2.0984,0.081435,-0.043554,-0.032291,8.5063
1.7283,2.0984,0.081434,-0.043547,-0.032285,8.5182
1.7284,2.0984,0.081432,-0.043533,-0.032276,8.5059
1.7284,2.0984,0.08143,-0.043507,-0.032264,8.5182
1.7285,2.0984,0.081428,-0.043467,-0.032251,8.525
1.7285,2.0984,0.081427,-0.043418,-0.032239,8.5236
1.7286,2.0984,0.081425,-0.04337,-0.03223,8.5219
1.7286,2.0983,0.081423,-0.043332,-0.032222,8.5353
1.7287,2.0983,0.081422,-0.043306,-0.032215,8.5296
1.7287,2.0983,0.08142,-0.043291,-0.032209,8.5248
1.7288,2.0983,0.081418,-0.043287,-0.032193,8.531
1.7288,2.0983,0.081417,-0.043281,-0.03217,8.5297
1.7289,2.0983,0.081415,-0.043262,-0.032142,8.5194
1.7289,2.0983,0.081413,-0.043232,-0.032109,8.5297
1.729,2.0983,0.081412,-0.043196,-0.032077,8.5384
1.7291,2.0983,0.08141,-0.043151,-0.032048,8.5294
1.7291,2.0983,0.081408,-0.0431,-0.032021,8.5299
1.7292,2.0983,0.081406,-0.043043,-0.032,8.5369
1.7292,2.0983,0.081405,-0.042984,-0.031973,8.5288
1.7293,2.0983,0.081403,-0.042917,-0.031947,8.5285
1.7293,2.0983,0.081401,-0.042849,-0.031923,8.5395
1.7294,2.0983,0.0814,-0.042785,-0.031897,8.5255
1.7294,2.0983,0.081398,-0.042731,-0.031869,8.5255
1.7295,2.0983,0.081396,-0.042684,-0.031839,8.5396
1.7295,2.0983,0.081395,-0.042645,-0.03181,8.54
1.7296,2.0983,0.081393,-0.042609,-0.031782,8.538
1.7296,2.0983,0.081391,-0.042568,-0.03175,8.555
1.7297,2.0983,0.08139,-0.04252,-0.031722,8.5503
1.7297,2.0983,0.081388,-0.042472,-0.031697,8.5423
1.7298,2.0983,0.081386,-0.042421,-0.031671,8.5439
1.7298,2.0983,0.081385,-0.042369,-0.031644,8.548
1.7299,2.0983,0.081383,-0.04232,-0.031618,8.5402
1.7299,2.0983,0.081381,-0.042273,-0.031591,8.549
1.73,2.0983,0.08138,-0.042232,-0.031564,8.555
1.7301,2.0983,0.081378,-0.042201,-0.031523,8.5516
1.7301,2.0983,0.081376,-0.042186,-0.031506,8.5525
1.7302,2.0983,0.081375,-0.042187,-0.031506,8.5569
1.7302,2.0983,0.081373,-0.042203,-0.031513,8.5449
1.7303,2.0983,0.081371,-0.042238,-0.031522,8.5468
1.7303,2.0983,0.08137,-0.042271,-0.031525,8.5531
1.7304,2.0983,0.081368,-0.0423,-0.031516,8.5446
1.7304,2.0983,0.081366,-0.042323,-0.031488,8.5285
1.7305,2.0983,0.081365,-0.042342,-0.031436,8.5364
1.7305,2.0983,0.081363,-0.04236,-0.031398,8.5438
1.7306,2.0983,0.081362,-0.042379,-0.031359,8.5307
1.7306,2.0983,0.08136,-0.042411,-0.03132,8.537
1.7307,2.0983,0.081358,-0.042452,-0.031281,8.5357
1.7307,2.0983,0.081357,-0.04249,-0.031241,8.5281
1.7308,2.0983,0.081355,-0.042536,-0.031201,8.5241
1.7308,2.0983,0.081353,-0.042581,-0.031161,8.5278
1.7309,2.0983,0.081352,-0.042631,-0.031121,8.5207
1.7309,2.0982,0.08135,-0.042683,-0.031081,8.5177
1.731,2.0982,0.081348,-0.042734,-0.03104,8.5289
1.7311,2.0982,0.081347,-0.042786,-0.030999,8.5235
1.7311,2.0982,0.081345,-0.04283,-0.030958,8.5162
1.7312,2.0982,0.081343,-0.042871,-0.030917,8.5252
1.7312,2.0982,0.081342,-0.042911,-0.030876,8.5163
1.7313,2.0982,0.08134,-0.042951,-0.030834,8.5026
1.7313,2.0982,0.081339,-0.042995,-0.030793,8.5082
1.7314,2.0982,0.081337,-0.043045,-0.030751,8.5161
1.7314,2.0982,0.081335,-0.043098,-0.03071,8.4994
1.7315,2.0982,0.081334,-0.043158,-0.03067,8.4978
1.7315,2.0982,0.081332,-0.043221,-0.030629,8.5033
1.7316,2.0982,0.081331,-0.043292,-0.030585,8.4975
1.7316,2.0982,0.081329,-0.043367,-0.030534,8.4996
1.7317,2.0982,0.081327,-0.043443,-0.030479,8.504
1.7317,2.0982,0.081326,-0.043519,-0.030424,8.4947
1.7318,2.0982,0.081324,-0.043594,-0.030371,8.4863
1.7318,2.0982,0.081323,-0.043671,-0.030338,8.4868
1.7319,2.0982,0.081321,-0.043748,-0.030288,8.4799
1.7319,2.0982,0.081319,-0.043823,-0.030217,8.4652
1.732,2.0982,0.081318,-0.043905,-0.030133,8.4763
1.7321,2.0982,0.081316,-0.043994,-0.030042,8.4786
1.7321,2.0982,0.081315,-0.044091,-0.029957,8.4691
1.7322,2.0982,0.081313,-0.044191,-0.029886,8.4785
1.7322,2.0982,0.081311,-0.044294,-0.029824,8.4847
1.7323,2.0982,0.08131,-0.044402,-0.029818,8.4741
1.7323,2.0982,0.081308,-0.044502,-0.029817,8.4691
1.7324,2.0982,0.081307,-0.044598,-0.029807,8.48
1.7324,2.0982,0.081305,-0.044689,-0.029809,8.467
1.7325,2.0982,0.081304,-0.044777,-0.029832,8.4579
1.7325,2.0982,0.081302,-0.044864,-0.02988,8.4671
1.7326,2.0982,0.0813,-0.044948,-0.029946,8.4743
1.7326,2.0982,0.081299,-0.045033,-0.030013,8.4607
1.7327,2.0982,0.081297,-0.045115,-0.030114,8.4752
1.7327,2.0982,0.081296,-0.045199,-0.030226,8.4742
1.7328,2.0982,0.081294,-0.045286,-0.030286,8.4694
1.7328,2.0982,0.081293,-0.045378,-0.030322,8.4719
1.7329,2.0982,0.081291,-0.045477,-0.030341,8.4715
1.7329,2.0982,0.081289,-0.045582,-0.030367,8.4644
1.733,2.0982,0.081288,-0.045692,-0.030378,8.4695
1.7331,2.0982,0.081286,-0.045804,-0.030362,8.4774
1.7331,2.0982,0.081285,-0.045914,-0.030338,8.4712
1.7332,2.0982,0.081283,-0.046025,-0.030248,8.475
1.7332,2.0981,0.081281,-0.046137,-0.030109,8.4807
1.7333,2.0981,0.08128,-0.046249,-0.029947,8.4728
1.7333,2.0981,0.081278,-0.046364,-0.029781,8.4661
1.7334,2.0981,0.081277,-0.046476,-0.029652,8.474
1.7334,2.0981,0.081275,-0.046585,-0.029494,8.4695
1.7335,2.0981,0.081274,-0.046694,-0.029353,8.463
1.7335,2.0981,0.081272,-0.046804,-0.029219,8.473
1.7336,2.0981,0.081271,-0.046914,-0.029072,8.4768
1.7336,2.0981,0.081269,-0.047027,-0.028984,8.4707
1.7337,2.0981,0.081267,-0.047145,-0.028936,8.4782
1.7337,2.0981,0.081266,-0.047262,-0.028931,8.4861
1.7338,2.0981,0.081264,-0.047375,-0.02896,8.4717
1.7338,2.0981,0.081263,-0.047487,-0.028968,8.4752
1.7339,2.0981,0.081261,-0.047597,-0.028991,8.4885
1.7339,2.0981,0.08126,-0.047709,-0.028992,8.4703
1.734,2.0981,0.081258,-0.047818,-0.028988,8.4665
1.7341,2.0981,0.081257,-0.047925,-0.028994,8.488
1.7341,2.0981,0.081255,-0.048029,-0.028965,8.4863
1.7342,2.0981,0.081254,-0.048125,-0.028912,8.4744
1.7342,2.0981,0.081252,-0.048219,-0.028845,8.4917
1.7343,2.0981,0.081251,-0.048312,-0.028775,8.4963
1.7343,2.0981,0.081249,-0.048402,-0.028711,8.4863
1.7344,2.0981,0.081248,-0.048495,-0.028655,8.492
1.7344,2.0981,0.081246,-0.048589,-0.028613,8.4909
1.7345,2.0981,0.081245,-0.048679,-0.028592,8.4764
1.7345,2.0981,0.081243,-0.048762,-0.028564,8.4846
1.7346,2.0981,0.081242,-0.048848,-0.028505,8.4908
1.7346,2.0981,0.08124,-0.048935,-0.028427,8.4792
1.7347,2.0981,0.081239,-0.049024,-0.028333,8.4845
1.7347,2.0981,0.081237,-0.049114,-0.02823,8.4991
1.7348,2.0981,0.081236,-0.049206,-0.028151,8.4899
1.7348,2.0981,0.081234,-0.0493,-0.028041,8.4793
1.7349,2.0981,0.081233,-0.049387,-0.027881,8.4846
1.7349,2.0981,0.081231,-0.049462,-0.027706,8.4827
1.735,2.0981,0.08123,-0.049534,-0.027504,8.4763
1.7351,2.0981,0.081228,-0.049607,-0.027314,8.4823
1.7351,2.0981,0.081227,-0.049672,-0.027159,8.4883
1.7352,2.0981,0.081226,-0.049732,-0.027054,8.481
1.7352,2.0981,0.081224,-0.049793,-0.027025,8.4914
1.7353,2.0981,0.081223,-0.049859,-0.026955,8.4989
1.7353,2.098,0.081221,-0.049916,-0.026846,8.4889
1.7354,2.098,0.08122,-0.049967,-0.026722,8.4875
1.7354,2.098,0.081219,-0.050017,-0.026608,8.4895
1.7355,2.098,0.081217,-0.050064,-0.026499,8.4861
1.7355,2.098,0.081216,-0.050102,-0.026348,8.4804
1.7356,2.098,0.081214,-0.050142,-0.026155,8.4905
1.7356,2.098,0.081213,-0.050188,-0.025917,8.4908
1.7357,2.098,0.081212,-0.05024,-0.025648,8.4874
1.7357,2.098,0.08121,-0.050288,-0.025369,8.4949
1.7358,2.098,0.081209,-0.05034,-0.02512,8.4949
1.7358,2.098,0.081208,-0.050389,-0.024946,8.484
1.7359,2.098,0.081206,-0.050433,-0.024836,8.4886
1.7359,2.098,0.081205,-0.050475,-0.024743,8.4948
1.736,2.098,0.081204,-0.050519,-0.024671,8.4868
1.7361,2.098,0.081202,-0.050558,-0.024602,8.4866
1.7361,2.098,0.081201,-0.050591,-0.024557,8.4946
1.7362,2.098,0.0812,-0.050622,-0.024496,8.492
1.7362,2.098,0.081199,-0.050653,-0.024431,8.4937
1.7363,2.098,0.081197,-0.050684,-0.024384,8.5085
1.7363,2.098,0.081196,-0.050715,-0.024303,8.5038
1.7364,2.098,0.081195,-0.050749,-0.024213,8.4951
1.7364,2.098,0.081193,-0.050787,-0.024096,8.4994
1.7365,2.098,0.081192,-0.050808,-0.023929,8.4921
1.7365,2.098,0.081191,-0.050819,-0.023736,8.4773
1.7366,2.098,0.08119,-0.050823,-0.023539,8.4861
1.7366,2.098,0.081189,-0.050823,-0.023381,8.4813
1.7367,2.098,0.081187,-0.050818,-0.023243,8.4662
1.7367,2.098,0.081186,-0.05081,-0.023118,8.4736
1.7368,2.098,0.081185,-0.050805,-0.022988,8.4776
1.7368,2.098,0.081184,-0.050806,-0.022877,8.4693
1.7369,2.098,0.081182,-0.050805,-0.022762,8.4671
1.7369,2.098,0.081181,-0.050813,-0.022675,8.4655
1.737,2.098,0.08118,-0.05082,-0.022581,8.4532
1.7371,2.098,0.081179,-0.050827,-0.022508,8.453
1.7371,2.098,0.081178,-0.050831,-0.022407,8.4563
1.7372,2.098,0.081177,-0.05083,-0.02231,8.4493
1.7372,2.098,0.081175,-0.050823,-0.022174,8.4514
1.7373,2.0979,0.081174,-0.050807,-0.022073,8.4536
1.7373,2.0979,0.081173,-0.050789,-0.021984,8.4544
1.7374,2.0979,0.081172,-0.050772,-0.021913,8.4421
1.7374,2.0979,0.081171,-0.050762,-0.02183,8.4448
1.7375,2.0979,0.08117,-0.050759,-0.021749,8.4509
1.7375,2.0979,0.081168,-0.050748,-0.02166,8.4386
1.7376,2.0979,0.081167,-0.050717,-0.021583,8.4415
1.7376,2.0979,0.081166,-0.05068,-0.021472,8.4533
1.7377,2.0979,0.081165,-0.050639,-0.021339,8.4473
1.7377,2.0979,0.081164,-0.050609,-0.0212,8.4497
1.7378,2.0979,0.081163,-0.050581,-0.021026,8.4661
1.7378,2.0979,0.081162,-0.050566,-0.020839,8.4604
1.7379,2.0979,0.081161,-0.050555,-0.020653,8.4572
1.7379,2.0979,0.08116,-0.050539,-0.020505,8.4657
1.738,2.0979,0.081159,-0.050501,-0.020366,8.4624
1.7381,2.0979,0.081157,-0.05045,-0.020221,8.4525
1.7381,2.0979,0.081156,-0.050391,-0.020054,8.4642
1.7382,2.0979,0.081155,-0.050324,-0.019887,8.4713
1.7382,2.0979,0.081154,-0.050239,-0.019709,8.466
1.7383,2.0979,0.081153,-0.050149,-0.019525,8.4661
1.7383,2.0979,0.081152,-0.050069,-0.019333,8.4759
1.7384,2.0979,0.081151,-0.050005,-0.01914,8.4666
1.7384,2.0979,0.08115,-0.049951,-0.018909,8.4642
1.7385,2.0979,0.081149,-0.049902,-0.018667,8.4676
1.7385,2.0979,0.081148,-0.04986,-0.018382,8.4602
1.7386,2.0979,0.081147,-0.049812,-0.01809,8.4568
1.7386,2.0979,0.081146,-0.049758,-0.017819,8.4649
1.7387,2.0979,0.081146,-0.049705,-0.01756,8.4573
1.7387,2.0979,0.081145,-0.049656,-0.017312,8.4549
1.7388,2.0979,0.081144,-0.04961,-0.017074,8.4628
1.7388,2.0979,0.081143,-0.049577,-0.01685,8.4677
1.7389,2.0979,0.081142,-0.049556,-0.016641,8.4633
1.7389,2.0979,0.081141,-0.049542,-0.016444,8.4741
1.739,2.0979,0.08114,-0.049532,-0.016252,8.4779
1.7391,2.0979,0.081139,-0.049529,-0.016067,8.4707
1.7391,2.0979,0.081139,-0.049534,-0.015891,8.4758
1.7392,2.0979,0.081138,-0.049544,-0.015726,8.4871
1.7392,2.0979,0.081137,-0.04956,-0.015562,8.4798
1.7393,2.0978,0.081136,-0.049581,-0.015404,8.4788
1.7393,2.0978,0.081135,-0.049606,-0.015253,8.4974
1.7394,2.0978,0.081134,-0.049627,-0.015106,8.4932
1.7394,2.0978,0.081134,-0.049644,-0.014973,8.491
1.7395,2.0978,0.081133,-0.049656,-0.014819,8.4949
1.7395,2.0978,0.081132,-0.049671,-0.014653,8.4898
1.7396,2.0978,0.081131,-0.049689,-0.014491,8.4878
1.7396,2.0978,0.081131,-0.049712,-0.014329,8.4971
1.7397,2.0978,0.08113,-0.049735,-0.014186,8.4943
1.7397,2.0978,0.081129,-0.049769,-0.014063,8.4855
1.7398,2.0978,0.081128,-0.049808,-0.013965,8.4957
1.7398,2.0978,0.081128,-0.049854,-0.013896,8.5053
1.7399,2.0978,0.081127,-0.049906,-0.013799,8.4939
1.7399,2.0978,0.081126,-0.049965,-0.013716,8.4989
1.74,2.0978,0.081126,-0.050024,-0.013683,8.5019
1.7401,2.0978,0.081125,-0.050076,-0.013685,8.4917
1.7401,2.0978,0.081124,-0.050124,-0.013707,8.4829
1.7402,2.0978,0.081123,-0.050171,-0.013728,8.4912
1.7402,2.0978,0.081123,-0.050205,-0.013715,8.4835
1.7403,2.0978,0.081122,-0.050236,-0.013697,8.4831
1.7403,2.0978,0.081121,-0.050272,-0.013651,8.4939
1.7404,2.0978,0.08112,-0.050318,-0.013607,8.5
1.7404,2.0978,0.08112,-0.050372,-0.013568,8.4859
1.7405,2.0978,0.081119,-0.050434,-0.013559,8.4996
1.7405,2.0978,0.081118,-0.050505,-0.013546,8.5016
1.7406,2.0978,0.081118,-0.050575,-0.013556,8.4997
1.7406,2.0978,0.081117,-0.050635,-0.013564,8.5007
1.7407,2.0978,0.081116,-0.050695,-0.013599,8.5078
1.7407,2.0978,0.081115,-0.050756,-0.013629,8.5031
1.7408,2.0978,0.081115,-0.05082,-0.013637,8.5124
1.7408,2.0978,0.081114,-0.050887,-0.013609,8.5229
1.7409,2.0978,0.081113,-0.050959,-0.013587,8.509
1.7409,2.0978,0.081113,-0.051036,-0.013546,8.5138
1.741,2.0978,0.081112,-0.051119,-0.013529,8.5198
1.7411,2.0978,0.081111,-0.051206,-0.013519,8.518
1.7411,2.0978,0.08111,-0.051301,-0.013512,8.5097
1.7412,2.0978,0.08111,-0.0514,-0.013509,8.5206
1.7412,2.0978,0.081109,-0.051499,-0.013519,8.5223
1.7413,2.0977,0.081108,-0.051601,-0.013536,8.5137
1.7413,2.0977,0.081108,-0.051705,-0.013564,8.5271
1.7414,2.0977,0.081107,-0.051813,-0.013601,8.5321
1.7414,2.0977,0.081106,-0.051921,-0.013646,8.5217
1.7415,2.0977,0.081105,-0.052029,-0.013697,8.5236
1.7415,2.0977,0.081105,-0.052135,-0.013748,8.5297
1.7416,2.0977,0.081104,-0.05224,-0.013809,8.5197
1.7416,2.0977,0.081103,-0.052345,-0.013881,8.5099
1.7417,2.0977,0.081103,-0.052452,-0.013957,8.516
1.7417,2.0977,0.081102,-0.052567,-0.014039,8.5208
1.7418,2.0977,0.081101,-0.052685,-0.01411,8.5146
1.7418,2.0977,0.0811,-0.052804,-0.014211,8.5243
1.7419,2.0977,0.0811,-0.052927,-0.014341,8.5285
1.7419,2.0977,0.081099,-0.053044,-0.014492,8.5276
1.742,2.0977,0.081098,-0.053157,-0.014662,8.5347
1.7421,2.0977,0.081097,-0.053267,-0.014832,8.5356
1.7421,2.0977,0.081096,-0.053374,-0.014994,8.5322
1.7422,2.0977,0.081096,-0.053482,-0.015157,8.53
1.7422,2.0977,0.081095,-0.053586,-0.015272,8.5372
1.7423,2.0977,0.081094,-0.053693,-0.015387,8.5244
1.7423,2.0977,0.081093,-0.053801,-0.015516,8.5306
1.7424,2.0977,0.081092,-0.053908,-0.015637,8.5333
1.7424,2.0977,0.081092,-0.054017,-0.015737,8.5297
1.7425,2.0977,0.081091,-0.054125,-0.015802,8.529
1.7425,2.0977,0.08109,-0.054233,-0.015845,8.5298
1.7426,2.0977,0.081089,-0.054342,-0.015873,8.5201
1.7426,2.0977,0.081088,-0.054451,-0.01586,8.5124
1.7427,2.0977,0.081087,-0.05456,-0.015822,8.5174
1.7427,2.0977,0.081087,-0.054669,-0.015829,8.5143
1.7428,2.0977,0.081086,-0.054778,-0.015851,8.5014
1.7428,2.0977,0.081085,-0.054886,-0.01588,8.5125
1.7429,2.0977,0.081084,-0.054995,-0.015894,8.514
1.7429,2.0977,0.081083,-0.055104,-0.015915,8.5008
1.743,2.0977,0.081082,-0.05521,-0.015948,8.5069
1.7431,2.0977,0.081082,-0.055318,-0.015985,8.5092
1.7431,2.0976,0.081081,-0.055431,-0.016081,8.5029
1.7432,2.0976,0.08108,-0.055546,-0.016235,8.4928
1.7432,2.0976,0.081079,-0.055666,-0.016417,8.4995
1.7433,2.0976,0.081078,-0.055787,-0.016622,8.4963
1.7433,2.0976,0.081077,-0.055904,-0.016807,8.495
1.7434,2.0976,0.081076,-0.056018,-0.01703,8.5094
1.7434,2.0976,0.081075,-0.05613,-0.017245,8.5114
1.7435,2.0976,0.081075,-0.056242,-0.017458,8.5026
1.7435,2.0976,0.081074,-0.056355,-0.017679,8.5126
1.7436,2.0976,0.081073,-0.056462,-0.01786,8.5124
1.7436,2.0976,0.081072,-0.056568,-0.018024,8.5002
1.7437,2.0976,0.081071,-0.056672,-0.018199,8.5127
1.7437,2.0976,0.08107,-0.056773,-0.018361,8.518
1.7438,2.0976,0.081069,-0.056875,-0.018545,8.5027
1.7438,2.0976,0.081068,-0.056979,-0.018695,8.503
1.7439,2.0976,0.081067,-0.05708,-0.018824,8.5157
1.7439,2.0976,0.081066,-0.057177,-0.0189,8.5121
1.744,2.0976,0.081065,-0.057268,-0.018926,8.5115
1.7441,2.0976,0.081064,-0.057354,-0.018966,8.5207
1.7441,2.0976,0.081063,-0.057437,-0.019035,8.5107
1.7442,2.0976,0.081062,-0.057523,-0.01911,8.5004
1.7442,2.0976,0.081061,-0.05761,-0.019184,8.5108
1.7443,2.0976,0.08106,-0.0577,-0.01925,8.5083
1.7443,2.0976,0.081059,-0.057795,-0.0193,8.4919
1.7444,2.0976,0.081058,-0.057888,-0.019334,8.5008
1.7444,2.0976,0.081057,-0.057981,-0.019337,8.5048
1.7445,2.0976,0.081056,-0.05807,-0.019342,8.5009
1.7445,2.0976,0.081055,-0.058152,-0.019371,8.5076
1.7446,2.0976,0.081054,-0.05823,-0.019413,8.5087
1.7446,2.0976,0.081053,-0.058303,-0.019463,8.5016
1.7447,2.0976,0.081052,-0.058374,-0.019504,8.5006
1.7447,2.0976,0.081051,-0.058444,-0.019531,8.5109
1.7448,2.0976,0.08105,-0.058507,-0.019599,8.5016
1.7448,2.0976,0.081049,-0.058575,-0.019716,8.4994
1.7449,2.0975,0.081047,-0.058644,-0.019857,8.5176
1.7449,2.0975,0.081046,-0.058712,-0.020032,8.5158
1.745,2.0975,0.081045,-0.058778,-0.020195,8.5153
1.7451,2.0975,0.081044,-0.058845,-0.020321,8.5296
1.7451,2.0975,0.081043,-0.058912,-0.020378,8.5368
1.7452,2.0975,0.081042,-0.058976,-0.020353,8.5371
1.7452,2.0975,0.081041,-0.059037,-0.020366,8.542
1.7453,2.0975,0.08104,-0.059098,-0.020444,8.5416
1.7453,2.0975,0.081039,-0.059154,-0.020557,8.5333
1.7454,2.0975,0.081038,-0.059206,-0.020664,8.5386
1.7454,2.0975,0.081037,-0.05925,-0.020756,8.5479
1.7455,2.0975,0.081036,-0.059292,-0.020872,8.548
1.7455,2.0975,0.081035,-0.059331,-0.021,8.5424
1.7456,2.0975,0.081033,-0.059365,-0.021125,8.5548
1.7456,2.0975,0.081032,-0.059397,-0.021293,8.5423
1.7457,2.0975,0.081031,-0.059429,-0.021541,8.5369
1.7457,2.0975,0.08103,-0.059458,-0.021798,8.5382
1.7458,2.0975,0.081029,-0.059489,-0.021998,8.5365
1.7458,2.0975,0.081028,-0.059521,-0.022132,8.5214
1.7459,2.0975,0.081027,-0.059553,-0.022228,8.5332
1.7459,2.0975,0.081025,-0.059582,-0.022269,8.5395
1.746,2.0975,0.081024,-0.059607,-0.022257,8.5256
1.7461,2.0975,0.081023,-0.059632,-0.022201,8.5318
1.7461,2.0975,0.081022,-0.059659,-0.022169,8.5397
1.7462,2.0975,0.081021,-0.059683,-0.022135,8.5314
1.7462,2.0975,0.08102,-0.059707,-0.022082,8.5331
1.7463,2.0975,0.081018,-0.059731,-0.022044,8.539
1.7463,2.0975,0.081017,-0.059754,-0.022036,8.5369
1.7464,2.0975,0.081016,-0.059767,-0.022066,8.5348
1.7464,2.0975,0.081015,-0.059784,-0.022153,8.5521
1.7465,2.0975,0.081014,-0.059803,-0.022253,8.5482
1.7465,2.0975,0.081013,-0.059819,-0.022376,8.5534
1.7466,2.0974,0.081011,-0.059831,-0.02247,8.5628
1.7466,2.0974,0.08101,-0.059843,-0.022538,8.5531
1.7467,2.0974,0.081009,-0.059858,-0.022574,8.5406
1.7467,2.0974,0.081008,-0.059873,-0.022626,8.5418
1.7468,2.0974,0.081007,-0.059882,-0.02265,8.5515
1.7468,2.0974,0.081005,-0.059892,-0.022662,8.5368
1.7469,2.0974,0.081004,-0.05989,-0.022636,8.5388
1.7469,2.0974,0.081003,-0.059881,-0.022598,8.5461
1.747,2.0974,0.081002,-0.059864,-0.022499,8.5377
1.7471,2.0974,0.081001,-0.059843,-0.022428,8.5373
1.7471,2.0974,0.080999,-0.059818,-0.022353,8.5499
1.7472,2.0974,0.080998,-0.059796,-0.022319,8.5436
1.7472,2.0974,0.080997,-0.059778,-0.022258,8.5346
1.7473,2.0974,0.080996,-0.05976,-0.022187,8.5333
1.7473,2.0974,0.080995,-0.059743,-0.022107,8.5256
1.7474,2.0974,0.080994,-0.059723,-0.022,8.5133
1.7474,2.0974,0.080992,-0.059698,-0.021864,8.5245
1.7475,2.0974,0.080991,-0.059678,-0.021739,8.5249
1.7475,2.0974,0.08099,-0.059666,-0.021589,8.5174
1.7476,2.0974,0.080989,-0.059664,-0.021466,8.5179
1.7476,2.0974,0.080988,-0.059663,-0.021355,8.531
1.7477,2.0974,0.080987,-0.05965,-0.021238,8.5211
1.7477,2.0974,0.080986,-0.05963,-0.021149,8.5228
1.7478,2.0974,0.080985,-0.059595,-0.021084,8.5209
1.7478,2.0974,0.080984,-0.059544,-0.020997,8.5185
1.7479,2.0974,0.080982,-0.059481,-0.02085,8.5107
1.7479,2.0974,0.080981,-0.059422,-0.020677,8.5225
1.748,2.0974,0.08098,-0.059373,-0.020503,8.5218
1.7481,2.0974,0.080979,-0.059333,-0.020349,8.5141
1.7481,2.0974,0.080978,-0.059304,-0.020201,8.5232
1.7482,2.0974,0.080977,-0.0593,-0.020067,8.5185
1.7482,2.0973,0.080976,-0.059314,-0.019971,8.5042
1.7483,2.0973,0.080975,-0.059327,-0.019894,8.5088
1.7483,2.0973,0.080974,-0.059329,-0.019863,8.5007
1.7484,2.0973,0.080973,-0.059331,-0.019891,8.4881
1.7484,2.0973,0.080972,-0.059334,-0.019923,8.4874
1.7485,2.0973,0.080971,-0.059334,-0.020012,8.4914
1.7485,2.0973,0.08097,-0.059336,-0.020088,8.4828
1.7486,2.0973,0.080969,-0.059342,-0.020119,8.4728
1.7486,2.0973,0.080968,-0.059351,-0.020147,8.4817
1.7487,2.0973,0.080967,-0.059361,-0.020208,8.4722
1.7487,2.0973,0.080965,-0.059373,-0.020297,8.469
1.7488,2.0973,0.080964,-0.059383,-0.020357,8.4728
1.7488,2.0973,0.080963,-0.059389,-0.020399,8.4689
1.7489,2.0973,0.080962,-0.059394,-0.020426,8.4519
1.7489,2.0973,0.080961,-0.059397,-0.020437,8.4706
1.749,2.0973,0.08096,-0.0594,-0.020426,8.473
1.7491,2.0973,0.080959,-0.059405,-0.020432,8.4696
1.7491,2.0973,0.080958,-0.059414,-0.020441,8.4763
1.7492,2.0973,0.080957,-0.059426,-0.02045,8.4874
1.7492,2.0973,0.080956,-0.059436,-0.02045,8.4773
1.7493,2.0973,0.080955,-0.059447,-0.020477,8.4793
1.7493,2.0973,0.080954,-0.059458,-0.020525,8.4819
1.7494,2.0973,0.080953,-0.05947,-0.020567,8.4781
1.7494,2.0973,0.080951,-0.059485,-0.020646,8.4787
1.7495,2.0973,0.08095,-0.059498,-0.020721,8.4843
1.7495,2.0973,0.080949,-0.059509,-0.020741,8.4794
1.7496,2.0973,0.080948,-0.059528,-0.020709,8.4806
1.7496,2.0973,0.080947,-0.05954,-0.020648,8.4907
1.7497,2.0973,0.080946,-0.059543,-0.020589,8.4839
1.7497,2.0973,0.080945,-0.059538,-0.020558,8.4801
1.7498,2.0973,0.080944,-0.059533,-0.02055,8.4821
1.7498,2.0973,0.080943,-0.059535,-0.020638,8.4758
1.7499,2.0972,0.080942,-0.059529,-0.0207,8.4701
1.7499,2.0972,0.080941,-0.059529,-0.020714,8.4712
1.75,2.0972,0.08094,-0.059539,-0.020587,8.4777
1.7501,2.0972,0.080938,-0.059541,-0.020365,8.47
1.7501,2.0972,0.080937,-0.059536,-0.020091,8.4706
1.7502,2.0972,0.080936,-0.059533,-0.01983,8.4853
1.7502,2.0972,0.080935,-0.059533,-0.019609,8.4796
1.7503,2.0972,0.080934,-0.059538,-0.019414,8.4702
1.7503,2.0972,0.080933,-0.059541,-0.019239,8.4802
1.7504,2.0972,0.080932,-0.05955,-0.019089,8.4767
1.7504,2.0972,0.080931,-0.059566,-0.018909,8.4658
1.7505,2.0972,0.08093,-0.059583,-0.018773,8.4807
1.7505,2.0972,0.080929,-0.059601,-0.018613,8.4863
1.7506,2.0972,0.080928,-0.05962,-0.01846,8.4788
1.7506,2.0972,0.080927,-0.059631,-0.018291,8.4866
1.7507,2.0972,0.080926,-0.059634,-0.018114,8.4988
1.7507,2.0972,0.080925,-0.059638,-0.017936,8.4877
1.7508,2.0972,0.080925,-0.059636,-0.017761,8.4917
1.7508,2.0972,0.080924,-0.059636,-0.017586,8.4931
1.7509,2.0972,0.080923,-0.05964,-0.017425,8.4915
1.7509,2.0972,0.080922,-0.059647,-0.017203,8.4809
1.751,2.0972,0.080921,-0.059657,-0.016964,8.4893
1.7511,2.0972,0.08092,-0.059666,-0.016727,8.4861
1.7511,2.0972,0.080919,-0.05968,-0.016504,8.4825
1.7512,2.0972,0.080918,-0.059702,-0.016295,8.494
1.7512,2.0972,0.080917,-0.05973,-0.016122,8.4911
1.7513,2.0972,0.080917,-0.059764,-0.015987,8.4802
1.7513,2.0972,0.080916,-0.059808,-0.015879,8.4838
1.7514,2.0972,0.080915,-0.059853,-0.015832,8.4864
1.7514,2.0972,0.080914,-0.059895,-0.015849,8.4657
1.7515,2.0972,0.080913,-0.059929,-0.015856,8.4721
1.7515,2.0972,0.080912,-0.059955,-0.015882,8.4817
1.7516,2.0971,0.080912,-0.059974,-0.015887,8.4753
1.7516,2.0971,0.080911,-0.05999,-0.015886,8.4728
1.7517,2.0971,0.08091,-0.060004,-0.015832,8.4878
1.7517,2.0971,0.080909,-0.06002,-0.015744,8.4778
1.7518,2.0971,0.080908,-0.060034,-0.015639,8.4761
1.7518,2.0971,0.080907,-0.060053,-0.015533,8.4877
1.7519,2.0971,0.080907,-0.06008,-0.015405,8.4829
1.7519,2.0971,0.080906,-0.060105,-0.015347,8.4733
1.752,2.0971,0.080905,-0.060129,-0.015283,8.4771
1.7521,2.0971,0.080904,-0.060154,-0.015246,8.4854
1.7521,2.0971,0.080903,-0.060179,-0.015208,8.4809
1.7522,2.0971,0.080903,-0.0602,-0.015192,8.4899
1.7522,2.0971,0.080902,-0.060219,-0.015153,8.5009
1.7523,2.0971,0.080901,-0.060244,-0.015148,8.4882
1.7523,2.0971,0.0809,-0.060274,-0.015162,8.492
1.7524,2.0971,0.080899,-0.060302,-0.015238,8.4933
1.7524,2.0971,0.080899,-0.060332,-0.015328,8.4835
1.7525,2.0971,0.080898,-0.060363,-0.015441,8.4813
1.7525,2.0971,0.080897,-0.060396,-0.015524,8.4861
1.7526,2.0971,0.080896,-0.060429,-0.015569,8.4865
1.7526,2.0971,0.080895,-0.060462,-0.015568,8.4865
1.7527,2.0971,0.080895,-0.060496,-0.015567,8.4932
1.7527,2.0971,0.080894,-0.06053,-0.015534,8.4959
1.7528,2.0971,0.080893,-0.060565,-0.015508,8.483
1.7528,2.0971,0.080892,-0.060601,-0.015463,8.4864
1.7529,2.0971,0.080891,-0.060637,-0.015389,8.4871
1.7529,2.0971,0.08089,-0.060675,-0.015296,8.477
1.753,2.0971,0.08089,-0.060713,-0.015185,8.4814
1.7531,2.0971,0.080889,-0.060745,-0.015093,8.4893
1.7531,2.0971,0.080888,-0.060775,-0.015058,8.4799
1.7532,2.0971,0.080887,-0.060799,-0.015056,8.4843
1.7532,2.0971,0.080886,-0.06082,-0.015099,8.496
1.7533,2.097,0.080886,-0.060843,-0.015207,8.4921
1.7533,2.097,0.080885,-0.060869,-0.015347,8.4818
1.7534,2.097,0.080884,-0.060894,-0.015508,8.487
1.7534,2.097,0.080883,-0.060917,-0.01568,8.4829
1.7535,2.097,0.080882,-0.06094,-0.01587,8.4733
1.7535,2.097,0.080882,-0.06097,-0.016032,8.4762
1.7536,2.097,0.080881,-0.060999,-0.016138,8.4774
1.7536,2.097,0.08088,-0.061029,-0.016122,8.4604
1.7537,2.097,0.080879,-0.061061,-0.016077,8.4697
1.7537,2.097,0.080878,-0.061088,-0.016002,8.4755
1.7538,2.097,0.080877,-0.06111,-0.015919,8.4662
1.7538,2.097,0.080877,-0.061127,-0.01589,8.4671
1.7539,2.097,0.080876,-0.061151,-0.015908,8.4681
1.7539,2.097,0.080875,-0.061179,-0.015989,8.4597
1.754,2.097,0.080874,-0.061211,-0.016123,8.4477
1.7541,2.097,0.080873,-0.061247,-0.016181,8.4578
1.7541,2.097,0.080872,-0.061281,-0.01625,8.4506
1.7542,2.097,0.080871,-0.06131,-0.016276,8.4454
1.7542,2.097,0.080871,-0.061337,-0.016271,8.4545
1.7543,2.097,0.08087,-0.061356,-0.016242,8.4521
1.7543,2.097,0.080869,-0.061376,-0.016194,8.4484
1.7544,2.097,0.080868,-0.061395,-0.016205,8.4501
1.7544,2.097,0.080867,-0.061418,-0.016227,8.453
1.7545,2.097,0.080866,-0.061447,-0.016234,8.4519
1.7545,2.097,0.080865,-0.061477,-0.016258,8.4477
1.7546,2.097,0.080865,-0.061509,-0.016283,8.4561
1.7546,2.097,0.080864,-0.061541,-0.016301,8.4537
1.7547,2.097,0.080863,-0.06157,-0.016297,8.4516
1.7547,2.097,0.080862,-0.061599,-0.016284,8.4628
1.7548,2.097,0.080861,-0.061627,-0.016308,8.4639
1.7548,2.097,0.08086,-0.061655,-0.016284,8.4634
1.7549,2.0969,0.080859,-0.061683,-0.016255,8.4687
1.7549,2.0969,0.080859,-0.061711,-0.016241,8.4633
1.755,2.0969,0.080858,-0.061739,-0.016283,8.4599
1.7551,2.0969,0.080857,-0.061766,-0.016307,8.4676
1.7551,2.0969,0.080856,-0.061794,-0.016335,8.4646
1.7552,2.0969,0.080855,-0.061819,-0.016386,8.4536
1.7552,2.0969,0.080854,-0.061844,-0.016404,8.4616
1.7553,2.0969,0.080853,-0.06187,-0.016367,8.4645
1.7553,2.0969,0.080853,-0.061896,-0.016329,8.4541
1.7554,2.0969,0.080852,-0.061924,-0.016296,8.4603
1.7554,2.0969,0.080851,-0.061951,-0.016264,8.4639
1.7555,2.0969,0.08085,-0.061981,-0.016239,8.4552
1.7555,2.0969,0.080849,-0.062021,-0.016256,8.4449
1.7556,2.0969,0.080848,-0.062064,-0.016301,8.4527
1.7556,2.0969,0.080847,-0.062109,-0.016276,8.4567
1.7557,2.0969,0.080847,-0.062154,-0.016193,8.4529
1.7557,2.0969,0.080846,-0.062195,-0.016138,8.4717
1.7558,2.0969,0.080845,-0.062229,-0.01612,8.4799
1.7558,2.0969,0.080844,-0.062252,-0.016105,8.4673
1.7559,2.0969,0.080843,-0.062274,-0.016157,8.4759
1.7559,2.0969,0.080842,-0.062297,-0.016243,8.4775
1.756,2.0969,0.080841,-0.06232,-0.016331,8.4732
1.7561,2.0969,0.080841,-0.062345,-0.016379,8.4754
1.7561,2.0969,0.08084,-0.062371,-0.016389,8.4854
1.7562,2.0969,0.080839,-0.062397,-0.016436,8.482
1.7562,2.0969,0.080838,-0.062422,-0.016541,8.4834
1.7563,2.0969,0.080837,-0.062444,-0.016636,8.4985
1.7563,2.0969,0.080836,-0.062465,-0.016756,8.4983
1.7564,2.0969,0.080835,-0.062484,-0.016873,8.5019
1.7564,2.0969,0.080834,-0.062503,-0.016984,8.5088
1.7565,2.0968,0.080834,-0.062525,-0.017075,8.5001
1.7565,2.0968,0.080833,-0.062547,-0.017155,8.4975
1.7566,2.0968,0.080832,-0.062569,-0.017234,8.5031
1.7566,2.0968,0.080831,-0.062589,-0.01733,8.5028
1.7567,2.0968,0.08083,-0.062606,-0.017412,8.4877
1.7567,2.0968,0.080829,-0.062618,-0.017504,8.4949
1.7568,2.0968,0.080828,-0.062631,-0.017629,8.5044
1.7568,2.0968,0.080827,-0.062645,-0.017759,8.4922
1.7569,2.0968,0.080826,-0.062656,-0.017864,8.4999
1.7569,2.0968,0.080825,-0.062669,-0.017977,8.5045
1.757,2.0968,0.080824,-0.062691,-0.018063,8.493
1.7571,2.0968,0.080823,-0.062718,-0.018136,8.49
1.7571,2.0968,0.080822,-0.062747,-0.01821,8.5033
1.7572,2.0968,0.080821,-0.062777,-0.018297,8.4993
1.7572,2.0968,0.08082,-0.062804,-0.01841,8.4935
1.7573,2.0968,0.080819,-0.062825,-0.018518,8.5004
1.7573,2.0968,0.080818,-0.062836,-0.018644,8.4994
1.7574,2.0968,0.080818,-0.062849,-0.018791,8.4981
1.7574,2.0968,0.080817,-0.062864,-0.018925,8.5129
1.7575,2.0968,0.080816,-0.062877,-0.019056,8.5099
1.7575,2.0968,0.080814,-0.062891,-0.019182,8.5074
1.7576,2.0968,0.080813,-0.062911,-0.019304,8.509
1.7576,2.0968,0.080812,-0.062931,-0.019427,8.5145
1.7577,2.0968,0.080811,-0.062951,-0.019552,8.5106
1.7577,2.0968,0.08081,-0.062966,-0.019662,8.5147
1.7578,2.0968,0.080809,-0.062982,-0.019792,8.5282
1.7578,2.0968,0.080808,-0.062996,-0.019941,8.5278
1.7579,2.0968,0.080807,-0.063012,-0.020104,8.5253
1.7579,2.0968,0.080806,-0.063028,-0.02027,8.5426
1.758,2.0968,0.080805,-0.063051,-0.020436,8.5337
1.7581,2.0968,0.080804,-0.063072,-0.020595,8.5269
1.7581,2.0967,0.080803,-0.063089,-0.020749,8.5336
1.7582,2.0967,0.080802,-0.063101,-0.020869,8.5335
1.7582,2.0967,0.080801,-0.063109,-0.02097,8.5154
1.7583,2.0967,0.0808,-0.06312,-0.02102,8.5205
1.7583,2.0967,0.080799,-0.063135,-0.021038,8.531
1.7584,2.0967,0.080797,-0.06315,-0.021055,8.5186
1.7584,2.0967,0.080796,-0.06317,-0.021053,8.5145
1.7585,2.0967,0.080795,-0.063187,-0.021069,8.5225
1.7585,2.0967,0.080794,-0.063205,-0.021109,8.514
1.7586,2.0967,0.080793,-0.06322,-0.021146,8.5046
1.7586,2.0967,0.080792,-0.063231,-0.021143,8.509
1.7587,2.0967,0.080791,-0.06324,-0.021105,8.5117
1.7587,2.0967,0.08079,-0.063247,-0.021082,8.5029
1.7588,2.0967,0.080789,-0.063252,-0.021064,8.5167
1.7588,2.0967,0.080787,-0.063256,-0.021048,8.527
1.7589,2.0967,0.080786,-0.063259,-0.021041,8.521
1.7589,2.0967,0.080785,-0.063262,-0.02105,8.5315
1.759,2.0967,0.080784,-0.063261,-0.021034,8.535
1.7591,2.0967,0.080783,-0.063259,-0.021005,8.5282
1.7591,2.0967,0.080782,-0.063255,-0.020971,8.5339
1.7592,2.0967,0.080781,-0.06325,-0.020935,8.5379
1.7592,2.0967,0.08078,-0.063243,-0.020859,8.5257
1.7593,2.0967,0.080779,-0.063234,-0.020753,8.5292
1.7593,2.0967,0.080778,-0.063223,-0.020629,8.5393
1.7594,2.0967,0.080776,-0.063209,-0.020482,8.5333
1.7594,2.0967,0.080775,-0.063191,-0.020346,8.5252
1.7595,2.0967,0.080774,-0.063173,-0.020266,8.5417
1.7595,2.0967,0.080773,-0.06315,-0.020241,8.5276
1.7596,2.0967,0.080772,-0.063132,-0.020238,8.5189
1.7596,2.0967,0.080771,-0.06312,-0.020224,8.519
1.7597,2.0966,0.08077,-0.063108,-0.020163,8.5181
1.7597,2.0966,0.080769,-0.063097,-0.020047,8.5058
1.7598,2.0966,0.080768,-0.063076,-0.019858,8.5087
1.7598,2.0966,0.080767,-0.063061,-0.019673,8.5132
1.7599,2.0966,0.080766,-0.063048,-0.019493,8.495
1.7599,2.0966,0.080765,-0.063032,-0.019386,8.5028
1.76,2.0966,0.080764,-0.063024,-0.01933,8.508
1.7601,2.0966,0.080763,-0.06302,-0.019312,8.4962
1.7601,2.0966,0.080762,-0.06301,-0.019307,8.4909
1.7602,2.0966,0.080761,-0.062995,-0.01927,8.4929
1.7602,2.0966,0.08076,-0.062974,-0.019247,8.4903
1.7603,2.0966,0.080759,-0.062956,-0.019224,8.4927
1.7603,2.0966,0.080758,-0.062931,-0.019202,8.5098
1.7604,2.0966,0.080757,-0.062903,-0.019174,8.5102
1.7604,2.0966,0.080756,-0.062872,-0.019109,8.5073
1.7605,2.0966,0.080755,-0.062847,-0.019046,8.5169
1.7605,2.0966,0.080754,-0.06282,-0.018977,8.5214
1.7606,2.0966,0.080753,-0.062804,-0.018895,8.513
1.7606,2.0966,0.080752,-0.062793,-0.018825,8.5159
1.7607,2.0966,0.080751,-0.062782,-0.018776,8.5169
1.7607,2.0966,0.08075,-0.062776,-0.018769,8.5056
1.7608,2.0966,0.080749,-0.062767,-0.018769,8.5115
1.7608,2.0966,0.080748,-0.062753,-0.018774,8.5176
1.7609,2.0966,0.080747,-0.062737,-0.018859,8.5097
1.7609,2.0966,0.080746,-0.062715,-0.01898,8.5067
1.761,2.0966,0.080745,-0.062688,-0.019136,8.5179
1.7611,2.0966,0.080744,-0.062652,-0.019343,8.5098
1.7611,2.0966,0.080743,-0.062605,-0.019567,8.5116
1.7612,2.0966,0.080742,-0.062549,-0.019769,8.5139
1.7612,2.0966,0.080741,-0.062481,-0.019916,8.5114
1.7613,2.0965,0.08074,-0.062398,-0.019999,8.4972
1.7613,2.0965,0.080739,-0.062315,-0.020006,8.5052
1.7614,2.0965,0.080738,-0.062242,-0.019903,8.5099
1.7614,2.0965,0.080736,-0.062183,-0.019805,8.4979
1.7615,2.0965,0.080735,-0.06214,-0.019687,8.4989
1.7615,2.0965,0.080734,-0.062109,-0.01961,8.5098
1.7616,2.0965,0.080733,-0.062079,-0.019558,8.4998
1.7616,2.0965,0.080732,-0.062051,-0.019566,8.4998
1.7617,2.0965,0.080731,-0.06202,-0.019614,8.5146
1.7617,2.0965,0.08073,-0.061995,-0.019675,8.5123
1.7618,2.0965,0.080729,-0.061969,-0.019718,8.5126
1.7618,2.0965,0.080728,-0.061935,-0.019799,8.5291
1.7619,2.0965,0.080727,-0.061902,-0.019807,8.5405
1.7619,2.0965,0.080726,-0.061863,-0.019853,8.5361
1.762,2.0965,0.080725,-0.06182,-0.019868,8.5484
1.7621,2.0965,0.080724,-0.061777,-0.01991,8.5597
1.7621,2.0965,0.080723,-0.061741,-0.019939,8.5512
1.7622,2.0965,0.080722,-0.061709,-0.019985,8.5591
1.7622,2.0965,0.080721,-0.061675,-0.019975,8.559
1.7623,2.0965,0.08072,-0.061633,-0.019956,8.545
1.7623,2.0965,0.080719,-0.061594,-0.01986,8.5442
1.7624,2.0965,0.080718,-0.061552,-0.019734,8.5576
1.7624,2.0965,0.080717,-0.061507,-0.019556,8.5459
1.7625,2.0965,0.080716,-0.061455,-0.019419,8.5437
1.7625,2.0965,0.080715,-0.061399,-0.019318,8.5597
1.7626,2.0965,0.080714,-0.06135,-0.019263,8.547
1.7626,2.0965,0.080713,-0.061304,-0.019201,8.5408
1.7627,2.0965,0.080712,-0.061257,-0.019174,8.5463
1.7627,2.0965,0.080711,-0.061215,-0.019148,8.5446
1.7628,2.0965,0.08071,-0.061174,-0.019145,8.5311
1.7628,2.0965,0.080709,-0.061134,-0.019184,8.531
1.7629,2.0964,0.080708,-0.06109,-0.019259,8.5372
1.7629,2.0964,0.080707,-0.06105,-0.019369,8.5281
1.763,2.0964,0.080706,-0.061015,-0.019477,8.5376
1.7631,2.0964,0.080705,-0.060979,-0.019538,8.5435
1.7631,2.0964,0.080703,-0.060941,-0.019579,8.5386
1.7632,2.0964,0.080702,-0.060894,-0.019573,8.5406
1.7632,2.0964,0.080701,-0.060843,-0.019499,8.5404
1.7633,2.0964,0.0807,-0.060794,-0.019393,8.5363
1.7633,2.0964,0.080699,-0.060751,-0.01926,8.5327
1.7634,2.0964,0.080698,-0.060723,-0.019111,8.5391
1.7634,2.0964,0.080697,-0.060703,-0.018952,8.541
1.7635,2.0964,0.080696,-0.060688,-0.018805,8.5427
1.7635,2.0964,0.080695,-0.060668,-0.01868,8.5471
1.7636,2.0964,0.080694,-0.060641,-0.018612,8.5518
1.7636,2.0964,0.080693,-0.060606,-0.018535,8.5446
1.7637,2.0964,0.080692,-0.060573,-0.01847,8.5424
1.7637,2.0964,0.080692,-0.060541,-0.018417,8.5451
1.7638,2.0964,0.080691,-0.060514,-0.018338,8.5353
1.7638,2.0964,0.08069,-0.060485,-0.018261,8.5333
1.7639,2.0964,0.080689,-0.060451,-0.018146,8.5373
1.7639,2.0964,0.080688,-0.060413,-0.01798,8.5222
1.764,2.0964,0.080687,-0.06038,-0.017871,8.524
1.7641,2.0964,0.080686,-0.060344,-0.017748,8.5376
1.7641,2.0964,0.080685,-0.06032,-0.017665,8.5315
1.7642,2.0964,0.080684,-0.060295,-0.017616,8.5215
1.7642,2.0964,0.080683,-0.060264,-0.017599,8.5224
1.7643,2.0964,0.080682,-0.060223,-0.017621,8.5234
1.7643,2.0964,0.080681,-0.060168,-0.017579,8.5128
1.7644,2.0964,0.08068,-0.060113,-0.017485,8.5195
1.7644,2.0964,0.080679,-0.060061,-0.017395,8.5167
1.7645,2.0964,0.080678,-0.060014,-0.017255,8.5123
1.7645,2.0963,0.080678,-0.059984,-0.017105,8.5236
1.7646,2.0963,0.080677,-0.059961,-0.016989,8.5289
1.7646,2.0963,0.080676,-0.059943,-0.016913,8.5188
1.7647,2.0963,0.080675,-0.059931,-0.016884,8.5191
1.7647,2.0963,0.080674,-0.059917,-0.016836,8.5206
1.7648,2.0963,0.080673,-0.059906,-0.016834,8.5112
1.7648,2.0963,0.080672,-0.059892,-0.016867,8.5021
1.7649,2.0963,0.080671,-0.059878,-0.016881,8.512
1.7649,2.0963,0.08067,-0.059864,-0.016857,8.5053
1.765,2.0963,0.08067,-0.059848,-0.016893,8.499
1.7651,2.0963,0.080669,-0.05983,-0.016923,8.507
1.7651,2.0963,0.080668,-0.059811,-0.016883,8.5097
1.7652,2.0963,0.080667,-0.059791,-0.016813,8.4986
1.7652,2.0963,0.080666,-0.059772,-0.016758,8.5006
1.7653,2.0963,0.080665,-0.059753,-0.016697,8.4985
1.7653,2.0963,0.080664,-0.059738,-0.016651,8.4878
1.7654,2.0963,0.080663,-0.059726,-0.016654,8.4813
1.7654,2.0963,0.080662,-0.059708,-0.016746,8.4919
1.7655,2.0963,0.080662,-0.059682,-0.016843,8.4854
1.7655,2.0963,0.080661,-0.059642,-0.016886,8.4798
1.7656,2.0963,0.08066,-0.059594,-0.016942,8.4931
1.7656,2.0963,0.080659,-0.059545,-0.017036,8.4873
1.7657,2.0963,0.080658,-0.059502,-0.017102,8.4791
1.7657,2.0963,0.080657,-0.05947,-0.017146,8.4858
1.7658,2.0963,0.080656,-0.059443,-0.017225,8.4787
1.7658,2.0963,0.080655,-0.059422,-0.017293,8.4749
1.7659,2.0963,0.080654,-0.059399,-0.01734,8.4838
1.7659,2.0963,0.080653,-0.059371,-0.017409,8.4882
1.766,2.0963,0.080653,-0.059345,-0.01755,8.4806
1.7661,2.0963,0.080652,-0.059316,-0.017765,8.4879
1.7661,2.0963,0.080651,-0.059282,-0.017962,8.4988
1.7662,2.0963,0.08065,-0.059229,-0.018121,8.4809
1.7662,2.0962,0.080649,-0.059159,-0.01825,8.4845
1.7663,2.0962,0.080648,-0.059078,-0.018309,8.4899
1.7663,2.0962,0.080647,-0.058995,-0.018315,8.4834
1.7664,2.0962,0.080646,-0.058915,-0.018312,8.469
1.7664,2.0962,0.080645,-0.058861,-0.018333,8.4809
1.7665,2.0962,0.080644,-0.058827,-0.01838,8.4744
1.7665,2.0962,0.080643,-0.058809,-0.018468,8.4665
1.7666,2.0962,0.080642,-0.058795,-0.018597,8.4763
1.7666,2.0962,0.080641,-0.058781,-0.018758,8.4827
1.7667,2.0962,0.08064,-0.058761,-0.018968,8.4717
1.7667,2.0962,0.080639,-0.058736,-0.019111,8.4737
1.7668,2.0962,0.080638,-0.058704,-0.019216,8.4783
1.7668,2.0962,0.080637,-0.058681,-0.019307,8.4611
1.7669,2.0962,0.080636,-0.058661,-0.019411,8.4569
1.7669,2.0962,0.080635,-0.058638,-0.019502,8.4697
1.767,2.0962,0.080634,-0.058614,-0.019592,8.4641
1.7671,2.0962,0.080633,-0.05859,-0.019696,8.4633
1.7671,2.0962,0.080632,-0.058569,-0.019839,8.4801
1.7672,2.0962,0.080631,-0.058551,-0.019913,8.4817
1.7672,2.0962,0.08063,-0.058537,-0.019965,8.4782
1.7673,2.0962,0.080629,-0.058533,-0.020015,8.4886
1.7673,2.0962,0.080628,-0.05853,-0.020062,8.4916
1.7674,2.0962,0.080627,-0.058528,-0.020063,8.4813
1.7674,2.0962,0.080625,-0.058528,-0.020024,8.4888
1.7675,2.0962,0.080624,-0.058529,-0.019981,8.4946
1.7675,2.0962,0.080623,-0.058528,-0.019983,8.4923
1.7676,2.0962,0.080622,-0.058524,-0.019991,8.4981
1.7676,2.0962,0.080621,-0.058523,-0.019986,8.5038
1.7677,2.0962,0.08062,-0.05853,-0.019993,8.4953
1.7677,2.0962,0.080619,-0.058542,-0.019983,8.496
1.7678,2.0962,0.080618,-0.058569,-0.019928,8.5034
1.7678,2.0962,0.080617,-0.058597,-0.019842,8.4928
1.7679,2.0961,0.080616,-0.058619,-0.019789,8.4833
1.7679,2.0961,0.080615,-0.058635,-0.019762,8.4905
1.768,2.0961,0.080614,-0.058646,-0.019755,8.4901
1.7681,2.0961,0.080613,-0.058662,-0.019772,8.486
1.7681,2.0961,0.080612,-0.05867,-0.019808,8.4936
1.7682,2.0961,0.080611,-0.058688,-0.019881,8.4961
1.7682,2.0961,0.08061,-0.058719,-0.019891,8.4818
1.7683,2.0961,0.080609,-0.058749,-0.019878,8.4893
1.7683,2.0961,0.080608,-0.058776,-0.019863,8.4871
1.7684,2.0961,0.080607,-0.058805,-0.019822,8.4741
1.7684,2.0961,0.080606,-0.058831,-0.019786,8.4801
1.7685,2.0961,0.080605,-0.058856,-0.019769,8.483
1.7685,2.0961,0.080604,-0.058878,-0.019782,8.4726
1.7686,2.0961,0.080602,-0.058905,-0.019871,8.4767
1.7686,2.0961,0.080601,-0.05893,-0.019868,8.4872
1.7687,2.0961,0.0806,-0.058946,-0.019824,8.4873
1.7687,2.0961,0.080599,-0.058957,-0.019769,8.4892
1.7688,2.0961,0.080598,-0.058963,-0.019694,8.5043
1.7688,2.0961,0.080597,-0.058967,-0.019597,8.5062
1.7689,2.0961,0.080596,-0.058975,-0.019484,8.5015
1.7689,2.0961,0.080595,-0.058994,-0.019353,8.5061
1.769,2.0961,0.080594,-0.059019,-0.01926,8.5097
1.7691,2.0961,0.080593,-0.059056,-0.019112,8.5008
1.7691,2.0961,0.080592,-0.059101,-0.018976,8.5094
1.7692,2.0961,0.080591,-0.059154,-0.018885,8.5169
1.7692,2.0961,0.08059,-0.059217,-0.018826,8.5112
1.7693,2.0961,0.080589,-0.059281,-0.018795,8.5063
1.7693,2.0961,0.080588,-0.059343,-0.018793,8.5094
1.7694,2.0961,0.080587,-0.0594,-0.018764,8.496
1.7694,2.0961,0.080586,-0.059453,-0.018737,8.4894
1.7695,2.0961,0.080585,-0.059501,-0.018681,8.4936
1.7695,2.0961,0.080584,-0.059538,-0.018617,8.4887
1.7696,2.096,0.080583,-0.05956,-0.018553,8.4814
1.7696,2.096,0.080582,-0.059577,-0.018495,8.4906
1.7697,2.096,0.080581,-0.059587,-0.01845,8.4959
1.7697,2.096,0.08058,-0.059612,-0.018422,8.4873
1.7698,2.096,0.080579,-0.059648,-0.018374,8.4938
1.7698,2.096,0.080578,-0.059696,-0.01832,8.4936
1.7699,2.096,0.080578,-0.059745,-0.01826,8.4804
1.7699,2.096,0.080577,-0.059786,-0.018195,8.4782
1.77,2.096,0.080576,-0.059811,-0.018154,8.4812
1.7701,2.096,0.080575,-0.059826,-0.018086,8.4734
1.7701,2.096,0.080574,-0.059836,-0.017956,8.4714
1.7702,2.096,0.080573,-0.059854,-0.017715,8.4807
1.7702,2.096,0.080572,-0.059872,-0.017413,8.4796
1.7703,2.096,0.080571,-0.059893,-0.017095,8.474
1.7703,2.096,0.08057,-0.059912,-0.016807,8.4856
1.7704,2.096,0.080569,-0.059934,-0.016604,8.4816
1.7704,2.096,0.080568,-0.059956,-0.016486,8.4761
1.7705,2.096,0.080567,-0.059986,-0.016406,8.4784
1.7705,2.096,0.080567,-0.060013,-0.016346,8.4807
1.7706,2.096,0.080566,-0.060039,-0.016223,8.4709
1.7706,2.096,0.080565,-0.060061,-0.016084,8.4833
1.7707,2.096,0.080564,-0.060075,-0.015958,8.4793
1.7707,2.096,0.080563,-0.060085,-0.01582,8.4729
1.7708,2.096,0.080562,-0.060096,-0.015706,8.4702
1.7708,2.096,0.080562,-0.060103,-0.015551,8.4674
1.7709,2.096,0.080561,-0.060108,-0.015405,8.4547
1.7709,2.096,0.08056,-0.060123,-0.015263,8.4471
1.771,2.096,0.080559,-0.060142,-0.015066,8.4544
1.7711,2.096,0.080558,-0.060171,-0.014854,8.4458
1.7711,2.096,0.080558,-0.060217,-0.014667,8.4426
1.7712,2.096,0.080557,-0.06029,-0.014449,8.4491
1.7712,2.096,0.080556,-0.060384,-0.014262,8.4557
1.7713,2.0959,0.080555,-0.060486,-0.014046,8.451
1.7713,2.0959,0.080555,-0.06058,-0.013847,8.4615
1.7714,2.0959,0.080554,-0.060672,-0.013651,8.4655
1.7714,2.0959,0.080553,-0.060744,-0.013462,8.4588
1.7715,2.0959,0.080553,-0.060804,-0.013271,8.4534
1.7715,2.0959,0.080552,-0.060864,-0.013095,8.4586
1.7716,2.0959,0.080551,-0.060928,-0.012909,8.4526
1.7716,2.0959,0.08055,-0.060993,-0.012742,8.4553
1.7717,2.0959,0.08055,-0.061048,-0.012555,8.4726
1.7717,2.0959,0.080549,-0.061094,-0.01239,8.4667
1.7718,2.0959,0.080549,-0.061138,-0.012213,8.4709
1.7718,2.0959,0.080548,-0.061188,-0.01207,8.484
1.7719,2.0959,0.080547,-0.061241,-0.011845,8.4691
1.7719,2.0959,0.080547,-0.061302,-0.011593,8.4649
1.772,2.0959,0.080546,-0.061372,-0.011297,8.4761
1.7721,2.0959,0.080545,-0.061438,-0.011016,8.4744
1.7721,2.0959,0.080545,-0.061494,-0.010697,8.4635
1.7722,2.0959,0.080544,-0.061545,-0.010385,8.4776
1.7722,2.0959,0.080544,-0.061599,-0.010078,8.4857
1.7723,2.0959,0.080543,-0.061655,-0.0098395,8.4691
1.7723,2.0959,0.080543,-0.061708,-0.0095709,8.467
1.7724,2.0959,0.080542,-0.061757,-0.0093496,8.4748
1.7724,2.0959,0.080542,-0.061809,-0.0091303,8.4632
1.7725,2.0959,0.080541,-0.061856,-0.0089268,8.4583
1.7725,2.0959,0.080541,-0.061893,-0.008656,8.4633
1.7726,2.0959,0.08054,-0.061932,-0.0083428,8.4584
1.7726,2.0959,0.08054,-0.061973,-0.0080393,8.4573
1.7727,2.0959,0.08054,-0.062015,-0.0077572,8.4676
1.7727,2.0959,0.080539,-0.062056,-0.0074696,8.4712
1.7728,2.0959,0.080539,-0.062101,-0.0071958,8.4712
1.7728,2.0959,0.080539,-0.062143,-0.0069339,8.4874
1.7729,2.0958,0.080538,-0.062182,-0.0067068,8.497
1.7729,2.0958,0.080538,-0.062219,-0.0064754,8.4883
1.773,2.0958,0.080538,-0.062254,-0.0062605,8.4953
1.7731,2.0958,0.080537,-0.062287,-0.0060609,8.5081
1.7731,2.0958,0.080537,-0.062328,-0.0058666,8.4965
1.7732,2.0958,0.080537,-0.062377,-0.0056758,8.4975
1.7732,2.0958,0.080536,-0.062417,-0.0054801,8.515
1.7733,2.0958,0.080536,-0.062457,-0.005309,8.5111
1.7733,2.0958,0.080536,-0.062491,-0.0051766,8.5109
1.7734,2.0958,0.080535,-0.062509,-0.0050601,8.5229
1.7734,2.0958,0.080535,-0.06253,-0.0049445,8.5244
1.7735,2.0958,0.080535,-0.062562,-0.0047937,8.5173
1.7735,2.0958,0.080535,-0.062599,-0.0046324,8.5161
1.7736,2.0958,0.080534,-0.062651,-0.004468,8.5195
1.7736,2.0958,0.080534,-0.062699,-0.0043076,8.5047
1.7737,2.0958,0.080534,-0.062758,-0.0041579,8.5109
1.7737,2.0958,0.080534,-0.062806,-0.0040252,8.5183
1.7738,2.0958,0.080534,-0.062832,-0.0039155,8.5141
1.7738,2.0958,0.080533,-0.062878,-0.0037899,8.5165
1.7739,2.0958,0.080533,-0.062946,-0.0036776,8.5187
1.7739,2.0958,0.080533,-0.063016,-0.00354,8.5069
1.774,2.0958,0.080533,-0.063113,-0.0033851,8.5097
1.7741,2.0958,0.080533,-0.063218,-0.0032204,8.5177
1.7741,2.0958,0.080533,-0.063335,-0.0030532,8.5157
1.7742,2.0958,0.080532,-0.063464,-0.0028902,8.5106
1.7742,2.0958,0.080532,-0.063574,-0.0027232,8.5224
1.7743,2.0958,0.080532,-0.063697,-0.0025825,8.5277
1.7743,2.0958,0.080532,-0.06382,-0.0025073,8.5247
1.7744,2.0958,0.080532,-0.063929,-0.0024317,8.5386
1.7744,2.0958,0.080532,-0.064029,-0.0023972,8.5412
1.7745,2.0957,0.080532,-0.064111,-0.0023848,8.5326
1.7745,2.0957,0.080531,-0.064188,-0.0023743,8.5381
1.7746,2.0957,0.080531,-0.064273,-0.0023443,8.5437
1.7746,2.0957,0.080531,-0.064337,-0.0022726,8.5341
1.7747,2.0957,0.080531,-0.064402,-0.0022126,8.5273
1.7747,2.0957,0.080531,-0.064465,-0.0020988,8.539
1.7748,2.0957,0.080531,-0.064522,-0.0019403,8.5361
1.7748,2.0957,0.080531,-0.064571,-0.0017674,8.5291
1.7749,2.0957,0.080531,-0.064617,-0.0015509,8.5374
1.7749,2.0957,0.080531,-0.064659,-0.0013046,8.5343
1.775,2.0957,0.080531,-0.064704,-0.0010848,8.5275
1.7751,2.0957,0.080531,-0.064743,-0.00095657,8.5291
1.7751,2.0957,0.08053,-0.064782,-0.00093255,8.5289
1.7752,2.0957,0.08053,-0.064818,-0.00092802,8.5179
1.7752,2.0957,0.08053,-0.064851,-0.00098589,8.5203
1.7753,2.0957,0.08053,-0.064869,-0.0010184,8.5235
1.7753,2.0957,0.08053,-0.064878,-0.0010067,8.52
1.7754,2.0957,0.08053,-0.06488,-0.00091453,8.5202
1.7754,2.0957,0.08053,-0.064883,-0.00079725,8.5227
1.7755,2.0957,0.08053,-0.064888,-0.00071263,8.5105
1.7755,2.0957,0.08053,-0.064914,-0.00062069,8.5161
1.7756,2.0957,0.08053,-0.064948,-0.00054264,8.5201
1.7756,2.0957,0.08053,-0.064982,-0.00049781,8.5139
1.7757,2.0957,0.08053,-0.064997,-0.00045912,8.5087
1.7757,2.0957,0.08053,-0.065012,-0.00045202,8.5238
1.7758,2.0957,0.08053,-0.065034,-0.00044088,8.5207
1.7758,2.0957,0.08053,-0.065064,-0.00046634,8.5221
1.7759,2.0957,0.08053,-0.065094,-0.0005233,8.5321
1.7759,2.0957,0.08053,-0.065141,-0.00050087,8.5344
1.776,2.0957,0.08053,-0.065194,-0.00043407,8.5228
1.7761,2.0956,0.08053,-0.06524,-0.00034322,8.5231
1.7761,2.0956,0.08053,-0.065281,-0.00024893,8.5345
1.7762,2.0956,0.08053,-0.065334,-0.0001722,8.5241
1.7762,2.0956,0.08053,-0.065395,-0.00014856,8.5155
1.7763,2.0956,0.08053,-0.06546,-0.00017541,8.5295
1.7763,2.0956,0.08053,-0.065515,-0.00022668,8.5289
1.7764,2.0956,0.08053,-0.065557,-0.00020615,8.5246
1.7764,2.0956,0.08053,-0.065593,-0.00012339,8.5376
1.7765,2.0956,0.08053,-0.065621,2.8113e-05,8.5382
1.7765,2.0956,0.08053,-0.065656,0.00024175,8.5259
1.7766,2.0956,0.08053,-0.065698,0.00051199,8.5347
1.7766,2.0956,0.08053,-0.065746,0.00079925,8.5325
1.7767,2.0956,0.08053,-0.065799,0.001027,8.5195
1.7767,2.0956,0.08053,-0.06586,0.0011908,8.5193
1.7768,2.0956,0.08053,-0.065925,0.0013253,8.5263
1.7768,2.0956,0.08053,-0.066005,0.0014664,8.5199
1.7769,2.0956,0.08053,-0.066091,0.0015964,8.5202
1.7769,2.0956,0.08053,-0.066183,0.001727,8.5294
1.777,2.0956,0.08053,-0.066266,0.0019301,8.5161
1.7771,2.0956,0.080531,-0.066337,0.0021963,8.5105
1.7771,2.0956,0.080531,-0.066421,0.0024327,8.5159
1.7772,2.0956,0.080531,-0.066514,0.0026352,8.5129
1.7772,2.0956,0.080531,-0.066614,0.0028449,8.5059
1.7773,2.0956,0.080531,-0.066714,0.0030125,8.5196
1.7773,2.0956,0.080531,-0.066804,0.0030956,8.5189
1.7774,2.0956,0.080531,-0.066882,0.0030966,8.5148
1.7774,2.0956,0.080532,-0.066945,0.0031005,8.5225
1.7775,2.0956,0.080532,-0.067,0.0031475,8.5289
1.7775,2.0955,0.080532,-0.067072,0.0032102,8.5165
1.7776,2.0955,0.080532,-0.067151,0.0032741,8.5159
1.7776,2.0955,0.080532,-0.067232,0.0033702,8.5169
1.7777,2.0955,0.080532,-0.067308,0.0034309,8.5032
1.7777,2.0955,0.080533,-0.067384,0.0034414,8.4957
1.7778,2.0955,0.080533,-0.067467,0.0034101,8.5102
1.7778,2.0955,0.080533,-0.067572,0.0034009,8.499
1.7779,2.0955,0.080533,-0.067677,0.0034111,8.4958
1.7779,2.0955,0.080533,-0.067791,0.003438,8.5138
1.778,2.0955,0.080534,-0.067899,0.0034863,8.5162
1.7781,2.0955,0.080534,-0.068011,0.0035378,8.5098
1.7781,2.0955,0.080534,-0.068105,0.0036586,8.5162
1.7782,2.0955,0.080534,-0.068187,0.0037393,8.5114
1.7782,2.0955,0.080534,-0.068258,0.0038197,8.5047
1.7783,2.0955,0.080535,-0.068332,0.0038885,8.5075
1.7783,2.0955,0.080535,-0.068397,0.0038827,8.516
1.7784,2.0955,0.080535,-0.068468,0.0038395,8.5156
1.7784,2.0955,0.080535,-0.068538,0.0037966,8.5186
1.7785,2.0955,0.080535,-0.06862,0.0037535,8.5417
1.7785,2.0955,0.080536,-0.068698,0.0038006,8.5325
1.7786,2.0955,0.080536,-0.068779,0.0037458,8.5374
1.7786,2.0955,0.080536,-0.068865,0.0036808,8.5464
1.7787,2.0955,0.080536,-0.068953,0.0035981,8.5421
1.7787,2.0955,0.080536,-0.069056,0.0034534,8.542
1.7788,2.0955,0.080536,-0.069168,0.0032937,8.5489
1.7788,2.0955,0.080537,-0.069277,0.0031558,8.5571
1.7789,2.0955,0.080537,-0.069381,0.0030228,8.5512
1.7789,2.0955,0.080537,-0.069478,0.0029478,8.5682
1.779,2.0954,0.080537,-0.069557,0.0028397,8.578
1.7791,2.0954,0.080537,-0.069617,0.0027516,8.5591
1.7791,2.0954,0.080537,-0.069662,0.0026945,8.5662
1.7792,2.0954,0.080538,-0.069703,0.0026432,8.5627
1.7792,2.0954,0.080538,-0.069746,0.002618,8.5526
1.7793,2.0954,0.080538,-0.069785,0.0026318,8.5462
1.7793,2.0954,0.080538,-0.069839,0.0026354,8.5576
1.7794,2.0954,0.080538,-0.069901,0.0026627,8.5516
1.7794,2.0954,0.080538,-0.069968,0.0026875,8.5473
1.7795,2.0954,0.080538,-0.070043,0.0026912,8.5626
1.7795,2.0954,0.080539,-0.070139,0.0026958,8.5626
1.7796,2.0954,0.080539,-0.070243,0.0027086,8.5572
1.7796,2.0954,0.080539,-0.070341,0.0027373,8.5649
1.7797,2.0954,0.080539,-0.070417,0.00279,8.5664
1.7797,2.0954,0.080539,-0.070475,0.0028282,8.5532
1.7798,2.0954,0.080539,-0.070508,0.0028661,8.5545
1.7798,2.0954,0.080539,-0.070532,0.0029039,8.5637
1.7799,2.0954,0.08054,-0.07056,0.0029255,8.5514
1.7799,2.0954,0.08054,-0.070612,0.0030065,8.5589
1.78,2.0954,0.08054,-0.070679,0.0030864,8.5746
1.7801,2.0954,0.08054,-0.070756,0.0031178,8.5661
1.7801,2.0954,0.08054,-0.070834,0.003035,8.5646
1.7802,2.0954,0.08054,-0.07091,0.0028696,8.5633
1.7802,2.0954,0.08054,-0.070983,0.0026561,8.5542
1.7803,2.0954,0.080541,-0.071051,0.0024315,8.5505
1.7803,2.0954,0.080541,-0.07111,0.0022508,8.5522
1.7804,2.0954,0.080541,-0.071161,0.0021517,8.55
1.7804,2.0953,0.080541,-0.071202,0.002102,8.542
1.7805,2.0953,0.080541,-0.071249,0.0021227,8.5514
1.7805,2.0953,0.080541,-0.0713,0.0021118,8.5547
1.7806,2.0953,0.080541,-0.071359,0.0020953,8.5365
1.7806,2.0953,0.080541,-0.071436,0.0020858,8.5414
1.7807,2.0953,0.080542,-0.071517,0.0020434,8.5447
1.7807,2.0953,0.080542,-0.071604,0.0019583,8.5305
1.7808,2.0953,0.080542,-0.071692,0.0018195,8.5229
1.7808,2.0953,0.080542,-0.071777,0.0017276,8.5268
1.7809,2.0953,0.080542,-0.071856,0.0017072,8.5218
1.7809,2.0953,0.080542,-0.071931,0.0016934,8.5226
1.781,2.0953,0.080542,-0.071999,0.0017063,8.5277
1.7811,2.0953,0.080542,-0.072057,0.0017151,8.5174
1.7811,2.0953,0.080542,-0.072091,0.0016501,8.5119
1.7812,2.0953,0.080542,-0.072109,0.0015037,8.5208
1.7812,2.0953,0.080542,-0.072116,0.0012909,8.5146
1.7813,2.0953,0.080542,-0.072114,0.0010667,8.5069
1.7813,2.0953,0.080542,-0.072104,0.00084206,8.5115
1.7814,2.0953,0.080543,-0.072094,0.0006448,8.5168
1.7814,2.0953,0.080543,-0.072087,0.00050279,8.5051
1.7815,2.0953,0.080543,-0.072078,0.00039945,8.5099
1.7815,2.0953,0.080543,-0.072063,0.00032574,8.5157
1.7816,2.0953,0.080543,-0.072051,0.00028011,8.5081
1.7816,2.0953,0.080543,-0.072049,0.00019554,8.5094
1.7817,2.0953,0.080543,-0.072058,9.6158e-05,8.5145
1.7817,2.0953,0.080543,-0.072077,-1.0244e-05,8.5069
1.7818,2.0953,0.080543,-0.072096,-8.4411e-05,8.4967
1.7818,2.0952,0.080543,-0.072106,-0.00020246,8.4962
1.7819,2.0952,0.080543,-0.072114,-0.00034529,8.4943
1.7819,2.0952,0.080543,-0.072108,-0.00049346,8.4812
1.782,2.0952,0.080543,-0.0721,-0.00059527,8.4901
1.7821,2.0952,0.080542,-0.072093,-0.00075818,8.492
1.7821,2.0952,0.080542,-0.072085,-0.0009392,8.4804
1.7822,2.0952,0.080542,-0.072082,-0.0011247,8.4858
1.7822,2.0952,0.080542,-0.072077,-0.001225,8.4872
1.7823,2.0952,0.080542,-0.072076,-0.0013716,8.4736
1.7823,2.0952,0.080542,-0.072092,-0.0014612,8.4734
1.7824,2.0952,0.080542,-0.072112,-0.0015158,8.4811
1.7824,2.0952,0.080542,-0.072146,-0.001567,8.4688
1.7825,2.0952,0.080542,-0.072181,-0.0016885,8.4705
1.7825,2.0952,0.080542,-0.072213,-0.0018581,8.4879
1.7826,2.0952,0.080542,-0.072245,-0.0020141,8.4902
1.7826,2.0952,0.080542,-0.07227,-0.0021324,8.4833
1.7827,2.0952,0.080541,-0.07229,-0.0022876,8.4925
1.7827,2.0952,0.080541,-0.072302,-0.0024399,8.4938
1.7828,2.0952,0.080541,-0.072314,-0.0026289,8.4857
1.7828,2.0952,0.080541,-0.072322,-0.0028508,8.4843
1.7829,2.0952,0.080541,-0.072332,-0.0031126,8.4929
1.7829,2.0952,0.080541,-0.072349,-0.0033726,8.4852
1.783,2.0952,0.080541,-0.07238,-0.0036034,8.4917
1.7831,2.0952,0.08054,-0.072415,-0.0038308,8.5022
1.7831,2.0952,0.08054,-0.072449,-0.0040564,8.4925
1.7832,2.0952,0.08054,-0.072491,-0.0042889,8.4898
1.7832,2.0951,0.08054,-0.07253,-0.0044817,8.4935
1.7833,2.0951,0.080539,-0.072569,-0.004661,8.4853
1.7833,2.0951,0.080539,-0.072631,-0.0048536,8.4748
1.7834,2.0951,0.080539,-0.072687,-0.0050211,8.4809
1.7834,2.0951,0.080539,-0.072739,-0.005202,8.4768
1.7835,2.0951,0.080538,-0.072797,-0.0053747,8.469
1.7835,2.0951,0.080538,-0.072844,-0.0055333,8.4831
1.7836,2.0951,0.080538,-0.072892,-0.0056717,8.48
1.7836,2.0951,0.080537,-0.072933,-0.0057831,8.4732
1.7837,2.0951,0.080537,-0.072987,-0.0059108,8.4807
1.7837,2.0951,0.080537,-0.073068,-0.0060362,8.4792
1.7838,2.0951,0.080536,-0.073132,-0.0061536,8.4725
1.7838,2.0951,0.080536,-0.07318,-0.0062505,8.4733
1.7839,2.0951,0.080536,-0.073222,-0.0063657,8.4801
1.7839,2.0951,0.080535,-0.073233,-0.0064936,8.4784
1.784,2.0951,0.080535,-0.073223,-0.0066278,8.4847
1.7841,2.0951,0.080535,-0.073196,-0.0067618,8.5028
1.7841,2.0951,0.080534,-0.073154,-0.0068888,8.4993
1.7842,2.0951,0.080534,-0.073135,-0.0070176,8.4997
1.7842,2.0951,0.080534,-0.073121,-0.0071127,8.5115
1.7843,2.0951,0.080533,-0.073112,-0.0071315,8.5085
1.7843,2.0951,0.080533,-0.073121,-0.0071302,8.4975
1.7844,2.0951,0.080533,-0.073132,-0.0071114,8.5024
1.7844,2.0951,0.080532,-0.073145,-0.0071067,8.5063
1.7845,2.0951,0.080532,-0.073157,-0.0071037,8.5003
1.7845,2.0951,0.080531,-0.073153,-0.007082,8.5054
1.7846,2.095,0.080531,-0.07317,-0.0070729,8.5145
1.7846,2.095,0.080531,-0.073185,-0.0070236,8.5112
1.7847,2.095,0.08053,-0.073193,-0.0070062,8.5092
1.7847,2.095,0.08053,-0.073201,-0.0070257,8.5138
1.7848,2.095,0.08053,-0.073201,-0.0071072,8.4983
1.7848,2.095,0.080529,-0.073191,-0.0072839,8.4938
1.7849,2.095,0.080529,-0.073182,-0.0074911,8.4963
1.7849,2.095,0.080528,-0.073165,-0.0076732,8.4899
1.785,2.095,0.080528,-0.073151,-0.0078172,8.4807
1.7851,2.095,0.080528,-0.073125,-0.0078916,8.4875
1.7851,2.095,0.080527,-0.073095,-0.0079795,8.4917
1.7852,2.095,0.080527,-0.073067,-0.0079765,8.4855
1.7852,2.095,0.080526,-0.073055,-0.0079613,8.4976
1.7853,2.095,0.080526,-0.073052,-0.0079461,8.4927
1.7853,2.095,0.080525,-0.073057,-0.0079428,8.4814
1.7854,2.095,0.080525,-0.07307,-0.0080019,8.4828
1.7854,2.095,0.080525,-0.073092,-0.0080531,8.499
1.7855,2.095,0.080524,-0.073097,-0.0081472,8.4902
1.7855,2.095,0.080524,-0.073093,-0.008229,8.4924
1.7856,2.095,0.080523,-0.07309,-0.0082429,8.5121
1.7856,2.095,0.080523,-0.073102,-0.0082392,8.5117
1.7857,2.095,0.080522,-0.073115,-0.0081967,8.5052
1.7857,2.095,0.080522,-0.073115,-0.0081534,8.5206
1.7858,2.095,0.080522,-0.073121,-0.008156,8.5117
1.7858,2.095,0.080521,-0.07313,-0.0080867,8.507
1.7859,2.095,0.080521,-0.07312,-0.0080555,8.5101
1.7859,2.0949,0.08052,-0.073111,-0.0080071,8.5192
1.786,2.0949,0.08052,-0.073118,-0.0079763,8.5044
1.7861,2.0949,0.080519,-0.073141,-0.0079369,8.5105
1.7861,2.0949,0.080519,-0.073167,-0.0078709,8.518
1.7862,2.0949,0.080519,-0.073192,-0.0077373,8.5082
1.7862,2.0949,0.080518,-0.073221,-0.0076011,8.5021
1.7863,2.0949,0.080518,-0.073252,-0.0074256,8.5128
1.7863,2.0949,0.080518,-0.073279,-0.0072833,8.5007
1.7864,2.0949,0.080517,-0.073305,-0.0071619,8.4916
1.7864,2.0949,0.080517,-0.073327,-0.007123,8.4938
1.7865,2.0949,0.080516,-0.073343,-0.0071244,8.4933
1.7865,2.0949,0.080516,-0.073353,-0.0071331,8.474
1.7866,2.0949,0.080516,-0.073367,-0.007114,8.48
1.7866,2.0949,0.080515,-0.073389,-0.0071145,8.4787
1.7867,2.0949,0.080515,-0.073414,-0.0070915,8.4699
1.7867,2.0949,0.080515,-0.073438,-0.0070797,8.4742
1.7868,2.0949,0.080514,-0.073456,-0.0070465,8.4805
1.7868,2.0949,0.080514,-0.073473,-0.0070549,8.4715
1.7869,2.0949,0.080513,-0.073482,-0.0070978,8.4699
1.7869,2.0949,0.080513,-0.073502,-0.0071955,8.472
1.787,2.0949,0.080513,-0.073523,-0.0073066,8.4688
1.7871,2.0949,0.080512,-0.073537,-0.0074258,8.4657
1.7871,2.0949,0.080512,-0.073542,-0.0075425,8.4803
1.7872,2.0949,0.080511,-0.073543,-0.0077192,8.4784
1.7872,2.0949,0.080511,-0.073543,-0.0078521,8.474
1.7873,2.0949,0.080511,-0.07355,-0.0079352,8.479
1.7873,2.0948,0.08051,-0.073566,-0.0079967,8.4801
1.7874,2.0948,0.08051,-0.073606,-0.008066,8.4708
1.7874,2.0948,0.080509,-0.073659,-0.0081387,8.4775
1.7875,2.0948,0.080509,-0.073721,-0.0082285,8.476
1.7875,2.0948,0.080508,-0.073794,-0.0083339,8.4609
1.7876,2.0948,0.080508,-0.073872,-0.0084537,8.4666
1.7876,2.0948,0.080508,-0.073951,-0.0085514,8.4733
1.7877,2.0948,0.080507,-0.074022,-0.0085923,8.4682
1.7877,2.0948,0.080507,-0.074078,-0.0086447,8.4655
1.7878,2.0948,0.080506,-0.074124,-0.0087148,8.4732
1.7878,2.0948,0.080506,-0.074166,-0.0088158,8.463
1.7879,2.0948,0.080505,-0.074205,-0.0089178,8.4564
1.7879,2.0948,0.080505,-0.074245,-0.0090024,8.4627
1.788,2.0948,0.080504,-0.074292,-0.0090419,8.4592
1.7881,2.0948,0.080504,-0.074345,-0.0091134,8.4502
1.7881,2.0948,0.080503,-0.074401,-0.0091835,8.4582
1.7882,2.0948,0.080503,-0.074462,-0.009306,8.4686
1.7882,2.0948,0.080502,-0.074527,-0.0094165,8.4655
1.7883,2.0948,0.080502,-0.074591,-0.0094872,8.4705
1.7883,2.0948,0.080501,-0.074651,-0.0095946,8.4768
1.7884,2.0948,0.080501,-0.074709,-0.0097018,8.4671
1.7884,2.0948,0.0805,-0.074756,-0.0098464,8.478
1.7885,2.0948,0.0805,-0.074798,-0.010011,8.4802
1.7885,2.0948,0.080499,-0.074836,-0.010174,8.474
1.7886,2.0948,0.080499,-0.074881,-0.010339,8.4753
1.7886,2.0947,0.080498,-0.074915,-0.010407,8.4854
1.7887,2.0947,0.080498,-0.07494,-0.01038,8.4854
1.7887,2.0947,0.080497,-0.074948,-0.010388,8.4837
1.7888,2.0947,0.080497,-0.074946,-0.010377,8.4928
1.7888,2.0947,0.080496,-0.07492,-0.010445,8.4991
1.7889,2.0947,0.080495,-0.074894,-0.010522,8.4842
1.7889,2.0947,0.080495,-0.074872,-0.010608,8.484
1.789,2.0947,0.080494,-0.074856,-0.010738,8.4816
1.7891,2.0947,0.080494,-0.074846,-0.010832,8.4739
1.7891,2.0947,0.080493,-0.074837,-0.010927,8.4809
1.7892,2.0947,0.080493,-0.074816,-0.011028,8.4844
1.7892,2.0947,0.080492,-0.074798,-0.011117,8.4792
1.7893,2.0947,0.080491,-0.074765,-0.011257,8.4838
1.7893,2.0947,0.080491,-0.074738,-0.011397,8.4977
1.7894,2.0947,0.08049,-0.074707,-0.011509,8.4835
1.7894,2.0947,0.08049,-0.074666,-0.011617,8.481
1.7895,2.0947,0.080489,-0.074612,-0.011684,8.4904
1.7895,2.0947,0.080488,-0.074555,-0.011736,8.4932
1.7896,2.0947,0.080488,-0.074495,-0.011747,8.4848
1.7896,2.0947,0.080487,-0.074447,-0.011754,8.4921
1.7897,2.0947,0.080487,-0.074401,-0.011783,8.4974
1.7897,2.0947,0.080486,-0.074367,-0.011818,8.4972
1.7898,2.0947,0.080485,-0.074331,-0.011858,8.5107
1.7898,2.0947,0.080485,-0.07429,-0.011887,8.521
1.7899,2.0947,0.080484,-0.074224,-0.011933,8.5085
1.7899,2.0947,0.080483,-0.074163,-0.012016,8.515
1.79,2.0946,0.080483,-0.074104,-0.012148,8.5225
1.7901,2.0946,0.080482,-0.074047,-0.012347,8.5096
1.7901,2.0946,0.080481,-0.074005,-0.012564,8.5117
1.7902,2.0946,0.080481,-0.073969,-0.012808,8.5224
1.7902,2.0946,0.08048,-0.073939,-0.013039,8.5264
1.7903,2.0946,0.080479,-0.073902,-0.013221,8.5237
1.7903,2.0946,0.080479,-0.073841,-0.013337,8.5317
1.7904,2.0946,0.080478,-0.073757,-0.013462,8.5327
1.7904,2.0946,0.080477,-0.07366,-0.013633,8.5217
1.7905,2.0946,0.080477,-0.073541,-0.013848,8.523
1.7905,2.0946,0.080476,-0.073422,-0.014061,8.5205
1.7906,2.0946,0.080475,-0.073303,-0.014277,8.5113
1.7906,2.0946,0.080474,-0.073199,-0.014498,8.5163
1.7907,2.0946,0.080473,-0.0731,-0.014662,8.5219
1.7907,2.0946,0.080473,-0.073006,-0.014805,8.5216
1.7908,2.0946,0.080472,-0.072923,-0.01501,8.5188
1.7908,2.0946,0.080471,-0.072852,-0.015293,8.5302
1.7909,2.0946,0.08047,-0.072785,-0.015605,8.5176
1.7909,2.0946,0.080469,-0.072725,-0.015924,8.5181
1.791,2.0946,0.080469,-0.072663,-0.016178,8.5335
1.7911,2.0946,0.080468,-0.072606,-0.016374,8.5243
1.7911,2.0946,0.080467,-0.072547,-0.016482,8.5136
1.7912,2.0946,0.080466,-0.072487,-0.016552,8.5253
1.7912,2.0946,0.080465,-0.072434,-0.016642,8.5342
1.7913,2.0946,0.080464,-0.072384,-0.016771,8.5281
1.7913,2.0946,0.080463,-0.072341,-0.016922,8.5367
1.7914,2.0945,0.080462,-0.072303,-0.017094,8.546
1.7914,2.0945,0.080462,-0.072266,-0.017244,8.5349
1.7915,2.0945,0.080461,-0.072231,-0.017373,8.5369
1.7915,2.0945,0.08046,-0.072192,-0.017505,8.5406
1.7916,2.0945,0.080459,-0.072149,-0.017588,8.5364
1.7916,2.0945,0.080458,-0.072099,-0.017673,8.53
1.7917,2.0945,0.080457,-0.072041,-0.01775,8.5339
1.7917,2.0945,0.080456,-0.07198,-0.017829,8.5407
1.7918,2.0945,0.080455,-0.071927,-0.017913,8.5331
1.7918,2.0945,0.080454,-0.071876,-0.018006,8.5482
1.7919,2.0945,0.080453,-0.071831,-0.018114,8.5441
1.7919,2.0945,0.080452,-0.07179,-0.018248,8.5339
1.792,2.0945,0.080451,-0.071755,-0.018366,8.5373
1.7921,2.0945,0.08045,-0.071719,-0.01848,8.5332
1.7921,2.0945,0.080449,-0.071678,-0.018577,8.5294
1.7922,2.0945,0.080448,-0.071634,-0.018704,8.5251
1.7922,2.0945,0.080447,-0.071592,-0.018837,8.5282
1.7923,2.0945,0.080446,-0.071539,-0.01898,8.5282
1.7923,2.0945,0.080445,-0.071485,-0.019173,8.5263
1.7924,2.0945,0.080444,-0.07143,-0.019423,8.5355
1.7924,2.0945,0.080443,-0.071379,-0.019759,8.5299
1.7925,2.0945,0.080442,-0.071329,-0.02019,8.5347
1.7925,2.0945,0.080441,-0.071279,-0.020747,8.5369
1.7926,2.0945,0.08044,-0.07123,-0.021362,8.5308
1.7926,2.0945,0.080439,-0.071188,-0.021907,8.522
1.7927,2.0945,0.080438,-0.071152,-0.022335,8.5371
1.7927,2.0944,0.080436,-0.071126,-0.022633,8.5398
1.7928,2.0944,0.080435,-0.071107,-0.022785,8.5309
1.7928,2.0944,0.080434,-0.071087,-0.022849,8.5437
1.7929,2.0944,0.080433,-0.071067,-0.022866,8.553
1.7929,2.0944,0.080432,-0.071042,-0.022958,8.5423
1.793,2.0944,0.08043,-0.07102,-0.023068,8.5421
1.7931,2.0944,0.080429,-0.071,-0.023188,8.5475
1.7931,2.0944,0.080428,-0.070986,-0.023313,8.5405
1.7932,2.0944,0.080427,-0.070978,-0.023447,8.5339
1.7932,2.0944,0.080425,-0.070969,-0.023535,8.543
1.7933,2.0944,0.080424,-0.070949,-0.023563,8.5318
1.7933,2.0944,0.080423,-0.070926,-0.023557,8.5319
1.7934,2.0944,0.080422,-0.070902,-0.023602,8.5447
1.7934,2.0944,0.08042,-0.070874,-0.023647,8.5405
1.7935,2.0944,0.080419,-0.070851,-0.023772,8.5307
1.7935,2.0944,0.080418,-0.070831,-0.023933,8.53
1.7936,2.0944,0.080417,-0.07081,-0.024155,8.5272
1.7936,2.0944,0.080415,-0.07079,-0.024348,8.5211
1.7937,2.0944,0.080414,-0.070769,-0.024491,8.5241
1.7937,2.0944,0.080413,-0.070755,-0.024599,8.5344
1.7938,2.0944,0.080412,-0.070746,-0.02468,8.5214
1.7938,2.0944,0.08041,-0.070739,-0.024692,8.5295
1.7939,2.0944,0.080409,-0.07074,-0.024698,8.545
1.7939,2.0944,0.080408,-0.070742,-0.024688,8.5302
1.794,2.0944,0.080406,-0.070745,-0.024738,8.5268
1.7941,2.0944,0.080405,-0.070754,-0.02481,8.5387
1.7941,2.0944,0.080404,-0.070758,-0.024868,8.5329
1.7942,2.0943,0.080402,-0.070756,-0.024929,8.5253
1.7942,2.0943,0.080401,-0.070749,-0.025016,8.5386
1.7943,2.0943,0.0804,-0.070733,-0.025097,8.5341
1.7943,2.0943,0.080398,-0.07072,-0.025145,8.5221
1.7944,2.0943,0.080397,-0.070706,-0.025172,8.5279
1.7944,2.0943,0.080396,-0.070691,-0.025214,8.5304
1.7945,2.0943,0.080394,-0.070676,-0.025272,8.521
1.7945,2.0943,0.080393,-0.07065,-0.025313,8.5186
1.7946,2.0943,0.080392,-0.070621,-0.025346,8.522
1.7946,2.0943,0.08039,-0.070593,-0.025407,8.5103
1.7947,2.0943,0.080389,-0.070567,-0.025467,8.5058
1.7947,2.0943,0.080388,-0.070553,-0.025574,8.5079
1.7948,2.0943,0.080386,-0.070546,-0.02567,8.5007
1.7948,2.0943,0.080385,-0.070547,-0.025797,8.5002
1.7949,2.0943,0.080384,-0.070553,-0.025924,8.5189
1.7949,2.0943,0.080382,-0.070566,-0.02604,8.5234
1.795,2.0943,0.080381,-0.070589,-0.026097,8.5153
1.7951,2.0943,0.08038,-0.070619,-0.026086,8.5261
1.7951,2.0943,0.080378,-0.070649,-0.026044,8.5345
1.7952,2.0943,0.080377,-0.070676,-0.026026,8.5285
1.7952,2.0943,0.080375,-0.070704,-0.025983,8.536
1.7953,2.0943,0.080374,-0.070735,-0.025944,8.5484
1.7953,2.0943,0.080373,-0.07076,-0.025863,8.5358
1.7954,2.0943,0.080371,-0.070784,-0.025817,8.5475
1.7954,2.0943,0.08037,-0.070811,-0.025754,8.5582
1.7955,2.0943,0.080369,-0.070842,-0.025695,8.5544
1.7955,2.0943,0.080367,-0.070866,-0.025671,8.5563
1.7956,2.0942,0.080366,-0.070891,-0.025655,8.563
1.7956,2.0942,0.080365,-0.070919,-0.025634,8.5586
1.7957,2.0942,0.080363,-0.070949,-0.025594,8.5495
1.7957,2.0942,0.080362,-0.070965,-0.025503,8.555
1.7958,2.0942,0.080361,-0.070986,-0.025437,8.5609
1.7958,2.0942,0.080359,-0.071004,-0.025346,8.55
1.7959,2.0942,0.080358,-0.071013,-0.025305,8.5729
1.7959,2.0942,0.080357,-0.071015,-0.025249,8.5703
1.796,2.0942,0.080355,-0.071019,-0.025228,8.5628
1.7961,2.0942,0.080354,-0.07103,-0.02524,8.5665
1.7961,2.0942,0.080353,-0.071051,-0.025294,8.564
1.7962,2.0942,0.080351,-0.071078,-0.025314,8.5618
1.7962,2.0942,0.08035,-0.071121,-0.025379,8.5569
1.7963,2.0942,0.080349,-0.071169,-0.025451,8.5588
1.7963,2.0942,0.080347,-0.071216,-0.025559,8.5582
1.7964,2.0942,0.080346,-0.071267,-0.025607,8.5541
1.7964,2.0942,0.080345,-0.071322,-0.025657,8.5652
1.7965,2.0942,0.080343,-0.071381,-0.02572,8.5666
1.7965,2.0942,0.080342,-0.071442,-0.025763,8.5622
1.7966,2.0942,0.080341,-0.071504,-0.025747,8.5702
1.7966,2.0942,0.080339,-0.07157,-0.025767,8.5653
1.7967,2.0942,0.080338,-0.071632,-0.025778,8.5606
1.7967,2.0942,0.080336,-0.071691,-0.025819,8.5582
1.7968,2.0942,0.080335,-0.071747,-0.025834,8.5608
1.7968,2.0942,0.080334,-0.071805,-0.025821,8.5616
1.7969,2.0942,0.080332,-0.071867,-0.025807,8.5704
1.7969,2.0942,0.080331,-0.071941,-0.025785,8.58
1.797,2.0941,0.08033,-0.072016,-0.025765,8.5719
1.7971,2.0941,0.080328,-0.072096,-0.025755,8.5641
1.7971,2.0941,0.080327,-0.072176,-0.0257,8.5733
1.7972,2.0941,0.080326,-0.072258,-0.025621,8.5654
1.7972,2.0941,0.080324,-0.072341,-0.025611,8.5618
1.7973,2.0941,0.080323,-0.072431,-0.02561,8.5633
1.7973,2.0941,0.080322,-0.072516,-0.025661,8.5555
1.7974,2.0941,0.08032,-0.0726,-0.025733,8.5413
1.7974,2.0941,0.080319,-0.072661,-0.025797,8.549
1.7975,2.0941,0.080317,-0.072705,-0.025843,8.5554
1.7975,2.0941,0.080316,-0.072738,-0.025852,8.5496
1.7976,2.0941,0.080315,-0.072769,-0.025803,8.5458
1.7976,2.0941,0.080313,-0.072798,-0.025829,8.5421
1.7977,2.0941,0.080312,-0.072834,-0.025825,8.5355
1.7977,2.0941,0.080311,-0.072865,-0.025823,8.5309
1.7978,2.0941,0.080309,-0.072895,-0.025794,8.5302
1.7978,2.0941,0.080308,-0.072924,-0.025771,8.5226
1.7979,2.0941,0.080307,-0.072947,-0.025773,8.5172
1.7979,2.0941,0.080305,-0.072965,-0.025815,8.5276
1.798,2.0941,0.080304,-0.072977,-0.025869,8.5225
1.7981,2.0941,0.080303,-0.072982,-0.025946,8.5144
1.7981,2.0941,0.080301,-0.072979,-0.026042,8.5306
1.7982,2.0941,0.0803,-0.072966,-0.026164,8.5275
1.7982,2.0941,0.080298,-0.072948,-0.026315,8.5196
1.7983,2.0941,0.080297,-0.072929,-0.026412,8.5178
1.7983,2.0941,0.080296,-0.072907,-0.026581,8.515
1.7984,2.094,0.080294,-0.072888,-0.026675,8.5067
1.7984,2.094,0.080293,-0.072859,-0.026716,8.5151
1.7985,2.094,0.080291,-0.072827,-0.026667,8.5172
1.7985,2.094,0.08029,-0.072778,-0.02658,8.5101
1.7986,2.094,0.080289,-0.072731,-0.026515,8.5091
1.7986,2.094,0.080287,-0.07269,-0.026508,8.509
1.7987,2.094,0.080286,-0.07265,-0.026459,8.5012
1.7987,2.094,0.080284,-0.072626,-0.026561,8.4901
1.7988,2.094,0.080283,-0.072621,-0.026589,8.4962
1.7988,2.094,0.080282,-0.072611,-0.026628,8.4938
1.7989,2.094,0.08028,-0.072602,-0.026683,8.484
1.7989,2.094,0.080279,-0.072582,-0.026698,8.4945
1.799,2.094,0.080277,-0.072558,-0.026757,8.4928
1.7991,2.094,0.080276,-0.072524,-0.026818,8.49
1.7991,2.094,0.080275,-0.072487,-0.02686,8.4937
1.7992,2.094,0.080273,-0.072452,-0.026948,8.4988
1.7992,2.094,0.080272,-0.072428,-0.026954,8.487
1.7993,2.094,0.08027,-0.072398,-0.026933,8.4866
1.7993,2.094,0.080269,-0.072367,-0.026912,8.5004
1.7994,2.094,0.080267,-0.072356,-0.026819,8.4954
1.7994,2.094,0.080266,-0.072357,-0.026734,8.4873
1.7995,2.094,0.080265,-0.072356,-0.026701,8.5038
1.7995,2.094,0.080263,-0.072357,-0.02671,8.5074
1.7996,2.094,0.080262,-0.072354,-0.026764,8.5028
1.7996,2.094,0.08026,-0.072355,-0.026769,8.5108
1.7997,2.094,0.080259,-0.072347,-0.026753,8.5136
1.7997,2.0939,0.080258,-0.072337,-0.026662,8.4977
1.7998,2.0939,0.080256,-0.072336,-0.026533,8.5073
1.7998,2.0939,0.080255,-0.072347,-0.026463,8.5091
1.7999,2.0939,0.080253,-0.072341,-0.026484,8.4992
1.7999,2.0939,0.080252,-0.072313,-0.026546,8.5
1.8,2.0939,0.080251,-0.072274,-0.026631,8.5041
1.8001,2.0939,0.080249,-0.07222,-0.026652,8.4991
1.8001,2.0939,0.080248,-0.072164,-0.026618,8.5011
1.8002,2.0939,0.080246,-0.072117,-0.026525,8.5103
1.8002,2.0939,0.080245,-0.072093,-0.026431,8.4969
1.8003,2.0939,0.080244,-0.072105,-0.026402,8.4954
1.8003,2.0939,0.080242,-0.072145,-0.026365,8.4972
1.8004,2.0939,0.080241,-0.072189,-0.026323,8.49
1.8004,2.0939,0.08024,-0.072244,-0.026213,8.4856
1.8005,2.0939,0.080238,-0.072295,-0.026037,8.4912
1.8005,2.0939,0.080237,-0.072334,-0.025851,8.4958
1.8006,2.0939,0.080235,-0.072361,-0.025687,8.496
1.8006,2.0939,0.080234,-0.072382,-0.025576,8.5048
1.8007,2.0939,0.080233,-0.072399,-0.025524,8.5071
1.8007,2.0939,0.080231,-0.072414,-0.025469,8.4967
1.8008,2.0939,0.08023,-0.072421,-0.025357,8.4971
1.8008,2.0939,0.080229,-0.07243,-0.025189,8.5088
1.8009,2.0939,0.080227,-0.072443,-0.025024,8.4977
1.8009,2.0939,0.080226,-0.072458,-0.024893,8.4936
1.801,2.0939,0.080225,-0.072474,-0.024809,8.5156
1.8011,2.0939,0.080224,-0.072493,-0.02475,8.5096
1.8011,2.0938,0.080222,-0.072514,-0.024763,8.504
1.8012,2.0938,0.080221,-0.072537,-0.024772,8.5186
1.8012,2.0938,0.08022,-0.072562,-0.024764,8.525
1.8013,2.0938,0.080218,-0.072588,-0.024751,8.5148
1.8013,2.0938,0.080217,-0.072617,-0.02478,8.5157
1.8014,2.0938,0.080216,-0.072651,-0.024842,8.5135
1.8014,2.0938,0.080214,-0.072684,-0.024921,8.5072
1.8015,2.0938,0.080213,-0.072718,-0.024994,8.5079
1.8015,2.0938,0.080212,-0.072755,-0.025106,8.5122
1.8016,2.0938,0.08021,-0.072794,-0.025172,8.5032
1.8016,2.0938,0.080209,-0.072837,-0.025239,8.4982
1.8017,2.0938,0.080208,-0.072878,-0.02527,8.5124
1.8017,2.0938,0.080206,-0.072921,-0.02529,8.5037
1.8018,2.0938,0.080205,-0.072963,-0.025304,8.5024
1.8018,2.0938,0.080204,-0.072998,-0.025359,8.5041
1.8019,2.0938,0.080202,-0.073032,-0.025435,8.4947
1.8019,2.0938,0.080201,-0.073072,-0.025495,8.4897
1.802,2.0938,0.0802,-0.073115,-0.025577,8.5024
1.8021,2.0938,0.080198,-0.073163,-0.025661,8.5086
1.8021,2.0938,0.080197,-0.07321,-0.025728,8.5011
1.8022,2.0938,0.080196,-0.073264,-0.02575,8.5046
1.8022,2.0938,0.080194,-0.07332,-0.025857,8.5134
1.8023,2.0938,0.080193,-0.073377,-0.025968,8.5052
1.8023,2.0938,0.080192,-0.073435,-0.025975,8.5142
1.8024,2.0938,0.08019,-0.073496,-0.02586,8.5199
1.8024,2.0938,0.080189,-0.073556,-0.025672,8.5148
1.8025,2.0937,0.080188,-0.073614,-0.025336,8.5106
1.8025,2.0937,0.080186,-0.073672,-0.024877,8.5263
1.8026,2.0937,0.080185,-0.073734,-0.024435,8.521
1.8026,2.0937,0.080184,-0.073797,-0.024163,8.52
1.8027,2.0937,0.080182,-0.073861,-0.023928,8.5267
1.8027,2.0937,0.080181,-0.073925,-0.023807,8.5316
1.8028,2.0937,0.08018,-0.07399,-0.023798,8.5199
1.8028,2.0937,0.080179,-0.074055,-0.023845,8.5219
1.8029,2.0937,0.080177,-0.074119,-0.023816,8.5246
1.8029,2.0937,0.080176,-0.074183,-0.023723,8.5116
1.803,2.0937,0.080175,-0.074248,-0.023655,8.5107
1.8031,2.0937,0.080174,-0.074314,-0.023567,8.5232
1.8031,2.0937,0.080172,-0.074378,-0.023421,8.5136
1.8032,2.0937,0.080171,-0.074448,-0.023363,8.5118
1.8032,2.0937,0.08017,-0.074521,-0.023327,8.5182
1.8033,2.0937,0.080169,-0.074596,-0.023334,8.5007
1.8033,2.0937,0.080168,-0.074671,-0.023342,8.4937
1.8034,2.0937,0.080166,-0.074746,-0.023417,8.4968
1.8034,2.0937,0.080165,-0.074818,-0.023479,8.4922
1.8035,2.0937,0.080164,-0.074888,-0.023526,8.4756
1.8035,2.0937,0.080163,-0.074954,-0.023534,8.4866
1.8036,2.0937,0.080161,-0.075021,-0.023584,8.4829
1.8036,2.0937,0.08016,-0.075085,-0.023589,8.4789
1.8037,2.0937,0.080159,-0.075151,-0.023572,8.483
1.8037,2.0937,0.080158,-0.075213,-0.023569,8.4913
1.8038,2.0937,0.080156,-0.075281,-0.023632,8.4799
1.8038,2.0936,0.080155,-0.075362,-0.023719,8.4854
1.8039,2.0936,0.080154,-0.075466,-0.023824,8.487
1.8039,2.0936,0.080153,-0.075582,-0.023856,8.4773
1.804,2.0936,0.080151,-0.075705,-0.023851,8.4735
1.8041,2.0936,0.08015,-0.075821,-0.023778,8.4857
1.8041,2.0936,0.080149,-0.075927,-0.023628,8.482
1.8042,2.0936,0.080148,-0.076004,-0.023481,8.4806
1.8042,2.0936,0.080146,-0.07607,-0.023357,8.4889
1.8043,2.0936,0.080145,-0.07613,-0.023289,8.4905
1.8043,2.0936,0.080144,-0.076196,-0.023235,8.477
1.8044,2.0936,0.080143,-0.07626,-0.023193,8.4844
1.8044,2.0936,0.080141,-0.076327,-0.023192,8.4807
1.8045,2.0936,0.08014,-0.076398,-0.023238,8.4684
1.8045,2.0936,0.080139,-0.07647,-0.023341,8.466
1.8046,2.0936,0.080138,-0.076533,-0.023474,8.4788
1.8046,2.0936,0.080137,-0.076607,-0.023591,8.4735
1.8047,2.0936,0.080135,-0.076681,-0.023582,8.472
1.8047,2.0936,0.080134,-0.076763,-0.023483,8.4805
1.8048,2.0936,0.080133,-0.076853,-0.023281,8.4763
1.8048,2.0936,0.080132,-0.076944,-0.02304,8.4751
1.8049,2.0936,0.08013,-0.077031,-0.022749,8.4836
1.8049,2.0936,0.080129,-0.077108,-0.022516,8.4923
1.805,2.0936,0.080128,-0.077171,-0.022369,8.4808
1.8051,2.0936,0.080127,-0.077235,-0.022269,8.486
1.8051,2.0936,0.080126,-0.077292,-0.022105,8.4923
1.8052,2.0935,0.080125,-0.077342,-0.021971,8.4877
1.8052,2.0935,0.080123,-0.077402,-0.021851,8.4893
1.8053,2.0935,0.080122,-0.077471,-0.021743,8.5017
1.8053,2.0935,0.080121,-0.077541,-0.021558,8.4956
1.8054,2.0935,0.08012,-0.077622,-0.021403,8.4998
1.8054,2.0935,0.080119,-0.077712,-0.021293,8.5073
1.8055,2.0935,0.080118,-0.077811,-0.021254,8.4962
1.8055,2.0935,0.080117,-0.077914,-0.021259,8.4901
1.8056,2.0935,0.080116,-0.078008,-0.021358,8.5042
1.8056,2.0935,0.080114,-0.078104,-0.02153,8.5013
1.8057,2.0935,0.080113,-0.0782,-0.021719,8.496
1.8057,2.0935,0.080112,-0.078289,-0.021832,8.5032
1.8058,2.0935,0.080111,-0.078372,-0.021923,8.5028
1.8058,2.0935,0.08011,-0.078451,-0.021937,8.4977
1.8059,2.0935,0.080109,-0.078527,-0.021932,8.5045
1.8059,2.0935,0.080108,-0.078598,-0.021842,8.5002
1.806,2.0935,0.080106,-0.078667,-0.021708,8.4851
1.8061,2.0935,0.080105,-0.078733,-0.02159,8.4885
1.8061,2.0935,0.080104,-0.078797,-0.021521,8.5059
1.8062,2.0935,0.080103,-0.078857,-0.021436,8.5001
1.8062,2.0935,0.080102,-0.078915,-0.021363,8.4994
1.8063,2.0935,0.080101,-0.078968,-0.021289,8.5099
1.8063,2.0935,0.0801,-0.079016,-0.021216,8.5109
1.8064,2.0935,0.080099,-0.079061,-0.021109,8.5099
1.8064,2.0934,0.080097,-0.079101,-0.021051,8.5179
1.8065,2.0934,0.080096,-0.079139,-0.021036,8.5205
1.8065,2.0934,0.080095,-0.079175,-0.021077,8.5101
1.8066,2.0934,0.080094,-0.079208,-0.021085,8.5203
1.8066,2.0934,0.080093,-0.079236,-0.021093,8.5254
1.8067,2.0934,0.080092,-0.079256,-0.021111,8.5211
1.8067,2.0934,0.080091,-0.079269,-0.021096,8.5292
1.8068,2.0934,0.08009,-0.079275,-0.021066,8.541
1.8068,2.0934,0.080089,-0.079275,-0.021033,8.5331
1.8069,2.0934,0.080087,-0.079269,-0.020955,8.5364
1.8069,2.0934,0.080086,-0.079261,-0.020912,8.541
1.807,2.0934,0.080085,-0.079246,-0.020869,8.525
1.8071,2.0934,0.080084,-0.079228,-0.020862,8.5252
1.8071,2.0934,0.080083,-0.079206,-0.0209,8.5337
1.8072,2.0934,0.080082,-0.079182,-0.020886,8.5312
1.8072,2.0934,0.080081,-0.079154,-0.020836,8.5276
1.8073,2.0934,0.08008,-0.079121,-0.020719,8.5388
1.8073,2.0934,0.080079,-0.079083,-0.020548,8.5432
1.8074,2.0934,0.080078,-0.079041,-0.020389,8.5303
1.8074,2.0934,0.080077,-0.078992,-0.020241,8.5398
1.8075,2.0934,0.080075,-0.078943,-0.020139,8.5351
1.8075,2.0934,0.080074,-0.078892,-0.020104,8.5245
1.8076,2.0934,0.080073,-0.078839,-0.020061,8.5286
1.8076,2.0934,0.080072,-0.078785,-0.020052,8.5354
1.8077,2.0933,0.080071,-0.07873,-0.02004,8.5299
1.8077,2.0933,0.08007,-0.078671,-0.020042,8.5315
1.8078,2.0933,0.080069,-0.078609,-0.020039,8.5456
1.8078,2.0933,0.080068,-0.078552,-0.020067,8.5442
1.8079,2.0933,0.080067,-0.078494,-0.020119,8.5403
1.8079,2.0933,0.080066,-0.078436,-0.020177,8.5575
1.808,2.0933,0.080065,-0.078376,-0.020255,8.5526
1.8081,2.0933,0.080064,-0.078313,-0.020303,8.5417
1.8081,2.0933,0.080063,-0.078244,-0.020339,8.5561
1.8082,2.0933,0.080062,-0.078167,-0.020338,8.559
1.8082,2.0933,0.080061,-0.078088,-0.020286,8.5512
1.8083,2.0933,0.08006,-0.078011,-0.020166,8.5589
1.8083,2.0933,0.080058,-0.077928,-0.020058,8.5693
1.8084,2.0933,0.080057,-0.077854,-0.020014,8.5548
1.8084,2.0933,0.080056,-0.077777,-0.020043,8.552
1.8085,2.0933,0.080055,-0.077713,-0.020122,8.5597
1.8085,2.0933,0.080054,-0.077652,-0.020239,8.5547
1.8086,2.0933,0.080053,-0.077578,-0.02029,8.5446
1.8086,2.0933,0.080052,-0.077509,-0.020303,8.5531
1.8087,2.0933,0.080051,-0.07743,-0.020218,8.5467
1.8087,2.0933,0.08005,-0.07735,-0.020178,8.5384
1.8088,2.0933,0.080049,-0.077279,-0.020189,8.5486
1.8088,2.0933,0.080048,-0.077209,-0.020253,8.5577
1.8089,2.0933,0.080047,-0.077156,-0.020339,8.5461
1.8089,2.0932,0.080046,-0.077112,-0.020374,8.5516
1.809,2.0932,0.080045,-0.077063,-0.020298,8.5496
1.8091,2.0932,0.080044,-0.077027,-0.020165,8.5401
1.8091,2.0932,0.080043,-0.07698,-0.019939,8.5456
1.8092,2.0932,0.080042,-0.076927,-0.019688,8.5427
1.8092,2.0932,0.08004,-0.076866,-0.019481,8.5307
1.8093,2.0932,0.080039,-0.076798,-0.019351,8.5337
1.8093,2.0932,0.080038,-0.076718,-0.019294,8.5486
1.8094,2.0932,0.080037,-0.07663,-0.019245,8.5403
1.8094,2.0932,0.080036,-0.076544,-0.019196,8.5322
1.8095,2.0932,0.080035,-0.076469,-0.019186,8.5493
1.8095,2.0932,0.080034,-0.076385,-0.019172,8.5397
1.8096,2.0932,0.080033,-0.07629,-0.019196,8.523
1.8096,2.0932,0.080032,-0.076191,-0.019315,8.5324
1.8097,2.0932,0.080031,-0.076088,-0.01956,8.5342
1.8097,2.0932,0.08003,-0.075976,-0.019823,8.5306
1.8098,2.0932,0.080029,-0.075863,-0.020014,8.5302
1.8098,2.0932,0.080028,-0.075772,-0.020099,8.5424
1.8099,2.0932,0.080027,-0.075701,-0.02007,8.5416
1.8099,2.0932,0.080026,-0.075638,-0.019898,8.5414
1.81,2.0932,0.080025,-0.075579,-0.019706,8.5403
1.8101,2.0932,0.080024,-0.075521,-0.019521,8.5314
1.8101,2.0932,0.080023,-0.075454,-0.019377,8.5255
1.8102,2.0932,0.080022,-0.075371,-0.019208,8.5338
1.8102,2.0932,0.080021,-0.075276,-0.019052,8.5263
1.8103,2.0931,0.08002,-0.075182,-0.01896,8.5212
1.8103,2.0931,0.080019,-0.075095,-0.018933,8.5357
1.8104,2.0931,0.080018,-0.075021,-0.019015,8.5369
1.8104,2.0931,0.080017,-0.074954,-0.019249,8.5278
1.8105,2.0931,0.080016,-0.074891,-0.019503,8.535
1.8105,2.0931,0.080015,-0.074829,-0.019714,8.5449
1.8106,2.0931,0.080014,-0.074756,-0.019865,8.5296
1.8106,2.0931,0.080013,-0.07468,-0.019906,8.5362
1.8107,2.0931,0.080012,-0.074607,-0.019915,8.5415
1.8107,2.0931,0.080011,-0.074537,-0.019906,8.5242
1.8108,2.0931,0.08001,-0.074469,-0.01995,8.5327
1.8108,2.0931,0.080009,-0.0744,-0.020001,8.5506
1.8109,2.0931,0.080008,-0.074325,-0.020034,8.5439
1.8109,2.0931,0.080007,-0.074247,-0.020103,8.5427
1.811,2.0931,0.080005,-0.074168,-0.020187,8.5488
1.8111,2.0931,0.080004,-0.074091,-0.020238,8.5363
1.8111,2.0931,0.080003,-0.074019,-0.020261,8.5289
1.8112,2.0931,0.080002,-0.073948,-0.020241,8.5324
1.8112,2.0931,0.080001,-0.073878,-0.020235,8.5299
1.8113,2.0931,0.08,-0.073807,-0.020179,8.5212
1.8113,2.0931,0.079999,-0.073733,-0.020129,8.5254
1.8114,2.0931,0.079998,-0.07366,-0.020136,8.5344
1.8114,2.0931,0.079997,-0.073594,-0.020145,8.5365
1.8115,2.0931,0.079996,-0.073531,-0.020163,8.5294
1.8115,2.0931,0.079995,-0.07347,-0.020184,8.5398
1.8116,2.0931,0.079994,-0.073408,-0.020197,8.5267
1.8116,2.093,0.079993,-0.07335,-0.020237,8.5306
1.8117,2.093,0.079992,-0.073292,-0.020283,8.5361
1.8117,2.093,0.079991,-0.073242,-0.020335,8.5356
1.8118,2.093,0.079989,-0.073191,-0.020346,8.5359
1.8118,2.093,0.079988,-0.073137,-0.020331,8.5582
1.8119,2.093,0.079987,-0.073079,-0.020345,8.5568
1.8119,2.093,0.079986,-0.073023,-0.020313,8.5595
1.812,2.093,0.079985,-0.072969,-0.02026,8.5673
1.8121,2.093,0.079984,-0.072926,-0.020208,8.5725
1.8121,2.093,0.079983,-0.07289,-0.0202,8.5627
1.8122,2.093,0.079982,-0.072854,-0.020145,8.5588
1.8122,2.093,0.079981,-0.072814,-0.020073,8.5688
1.8123,2.093,0.07998,-0.072767,-0.020059,8.5576
1.8123,2.093,0.079979,-0.072703,-0.020101,8.558
1.8124,2.093,0.079978,-0.072637,-0.020102,8.5678
1.8124,2.093,0.079977,-0.072577,-0.020119,8.5661
1.8125,2.093,0.079976,-0.072528,-0.020208,8.5647
1.8125,2.093,0.079975,-0.072491,-0.020311,8.5677
1.8126,2.093,0.079974,-0.072461,-0.020352,8.5568
1.8126,2.093,0.079972,-0.072448,-0.020442,8.5516
1.8127,2.093,0.079971,-0.072445,-0.020508,8.5511
1.8127,2.093,0.07997,-0.072435,-0.020521,8.5512
1.8128,2.093,0.079969,-0.072413,-0.020517,8.5411
1.8128,2.093,0.079968,-0.072386,-0.020532,8.5508
1.8129,2.093,0.079967,-0.072363,-0.020611,8.5584
1.8129,2.093,0.079966,-0.07234,-0.020628,8.5506
1.813,2.0929,0.079965,-0.072316,-0.02064,8.5574
1.8131,2.0929,0.079964,-0.072289,-0.02071,8.5636
1.8131,2.0929,0.079963,-0.07227,-0.020728,8.5566
1.8132,2.0929,0.079962,-0.072247,-0.020742,8.5507
1.8132,2.0929,0.079961,-0.072215,-0.020751,8.5592
1.8133,2.0929,0.079959,-0.07218,-0.020692,8.5574
1.8133,2.0929,0.079958,-0.072159,-0.020577,8.5557
1.8134,2.0929,0.079957,-0.07215,-0.020374,8.5663
1.8134,2.0929,0.079956,-0.072161,-0.020163,8.5716
1.8135,2.0929,0.079955,-0.072181,-0.019963,8.5709
1.8135,2.0929,0.079954,-0.072222,-0.019744,8.5769
1.8136,2.0929,0.079953,-0.072269,-0.019591,8.5712
1.8136,2.0929,0.079952,-0.072312,-0.019516,8.5573
1.8137,2.0929,0.079951,-0.072355,-0.019395,8.5687
1.8137,2.0929,0.07995,-0.072397,-0.019246,8.5659
1.8138,2.0929,0.079949,-0.072431,-0.019055,8.5574
1.8138,2.0929,0.079948,-0.072454,-0.018845,8.5574
1.8139,2.0929,0.079947,-0.072468,-0.018649,8.56
1.8139,2.0929,0.079946,-0.072472,-0.018451,8.5582
1.814,2.0929,0.079945,-0.072475,-0.018287,8.5547
1.8141,2.0929,0.079944,-0.072477,-0.018181,8.5644
1.8141,2.0929,0.079943,-0.072501,-0.01803,8.5507
1.8142,2.0929,0.079942,-0.072536,-0.017859,8.5416
1.8142,2.0929,0.079941,-0.072585,-0.017668,8.5526
1.8143,2.0929,0.07994,-0.072642,-0.017456,8.5506
1.8143,2.0929,0.07994,-0.072718,-0.017255,8.5349
1.8144,2.0928,0.079939,-0.072799,-0.017055,8.5375
1.8144,2.0928,0.079938,-0.072878,-0.016856,8.543
1.8145,2.0928,0.079937,-0.072947,-0.016656,8.5401
1.8145,2.0928,0.079936,-0.073029,-0.016446,8.5373
1.8146,2.0928,0.079935,-0.073097,-0.016253,8.5424
1.8146,2.0928,0.079934,-0.073153,-0.016113,8.5333
1.8147,2.0928,0.079933,-0.073203,-0.01596,8.5296
1.8147,2.0928,0.079933,-0.073237,-0.015827,8.5355
1.8148,2.0928,0.079932,-0.073273,-0.015719,8.5228
1.8148,2.0928,0.079931,-0.073305,-0.015659,8.523
1.8149,2.0928,0.07993,-0.073346,-0.015592,8.5394
1.8149,2.0928,0.079929,-0.0734,-0.015496,8.5383
1.815,2.0928,0.079929,-0.073452,-0.01542,8.5357
1.8151,2.0928,0.079928,-0.073509,-0.015431,8.5434
1.8151,2.0928,0.079927,-0.073588,-0.015433,8.5461
1.8152,2.0928,0.079926,-0.073664,-0.015427,8.5276
1.8152,2.0928,0.079925,-0.073751,-0.015433,8.5273
1.8153,2.0928,0.079924,-0.073845,-0.015505,8.525
1.8153,2.0928,0.079924,-0.073938,-0.015557,8.5083
1.8154,2.0928,0.079923,-0.074019,-0.015582,8.5075
1.8154,2.0928,0.079922,-0.074094,-0.015554,8.5188
1.8155,2.0928,0.079921,-0.074167,-0.015489,8.5069
1.8155,2.0928,0.07992,-0.07425,-0.015323,8.5042
1.8156,2.0928,0.07992,-0.074315,-0.015067,8.5105
1.8156,2.0928,0.079919,-0.07437,-0.014763,8.5002
1.8157,2.0928,0.079918,-0.07442,-0.014508,8.4927
1.8157,2.0927,0.079917,-0.074463,-0.014271,8.504
1.8158,2.0927,0.079917,-0.074494,-0.014079,8.4933
1.8158,2.0927,0.079916,-0.074514,-0.013903,8.4789
1.8159,2.0927,0.079915,-0.074527,-0.013778,8.4902
1.8159,2.0927,0.079914,-0.074536,-0.01368,8.4918
1.816,2.0927,0.079914,-0.074543,-0.013559,8.4836
1.8161,2.0927,0.079913,-0.074559,-0.013411,8.4927
1.8161,2.0927,0.079912,-0.074582,-0.013269,8.5077
1.8162,2.0927,0.079912,-0.074601,-0.013127,8.4926
1.8162,2.0927,0.079911,-0.074623,-0.012971,8.4884
1.8163,2.0927,0.07991,-0.074639,-0.012836,8.4957
1.8163,2.0927,0.07991,-0.074655,-0.012726,8.5042
1.8164,2.0927,0.079909,-0.074671,-0.012581,8.4941
1.8164,2.0927,0.079908,-0.074693,-0.01241,8.5072
1.8165,2.0927,0.079908,-0.07471,-0.01221,8.5069
1.8165,2.0927,0.079907,-0.074719,-0.012023,8.504
1.8166,2.0927,0.079906,-0.074718,-0.011834,8.5099
1.8166,2.0927,0.079906,-0.074722,-0.011633,8.515
1.8167,2.0927,0.079905,-0.074718,-0.011464,8.5021
1.8167,2.0927,0.079905,-0.07472,-0.011311,8.5025
1.8168,2.0927,0.079904,-0.074723,-0.011164,8.5049
1.8168,2.0927,0.079903,-0.074733,-0.011072,8.4896
1.8169,2.0927,0.079903,-0.074755,-0.010961,8.49
1.8169,2.0927,0.079902,-0.074792,-0.01086,8.4945
1.817,2.0927,0.079902,-0.074836,-0.010733,8.4898
1.8171,2.0926,0.079901,-0.074885,-0.010604,8.493
1.8171,2.0926,0.079901,-0.07493,-0.01048,8.4981
1.8172,2.0926,0.0799,-0.074968,-0.010369,8.4915
1.8172,2.0926,0.079899,-0.075,-0.010281,8.4958
1.8173,2.0926,0.079899,-0.075032,-0.010225,8.4969
1.8173,2.0926,0.079898,-0.075068,-0.010155,8.4989
1.8174,2.0926,0.079898,-0.075106,-0.010093,8.488
1.8174,2.0926,0.079897,-0.075142,-0.010036,8.5028
1.8175,2.0926,0.079897,-0.075177,-0.0099892,8.507
1.8175,2.0926,0.079896,-0.075212,-0.0099497,8.5026
1.8176,2.0926,0.079896,-0.075246,-0.0099163,8.5117
1.8176,2.0926,0.079895,-0.07528,-0.0098872,8.5221
1.8177,2.0926,0.079895,-0.075315,-0.0098605,8.5088
1.8177,2.0926,0.079894,-0.075349,-0.0098494,8.515
1.8178,2.0926,0.079894,-0.075375,-0.0098189,8.5258
1.8178,2.0926,0.079893,-0.075397,-0.0097722,8.5102
1.8179,2.0926,0.079893,-0.075415,-0.0097208,8.5046
1.8179,2.0926,0.079892,-0.075432,-0.0096694,8.5168
1.818,2.0926,0.079892,-0.07545,-0.009625,8.518
1.8181,2.0926,0.079891,-0.075471,-0.0095951,8.5124
1.8181,2.0926,0.079891,-0.075498,-0.0095875,8.5177
1.8182,2.0926,0.07989,-0.075527,-0.0096252,8.5215
1.8182,2.0926,0.07989,-0.075551,-0.0096458,8.5099
1.8183,2.0926,0.079889,-0.075572,-0.0096452,8.5112
1.8183,2.0926,0.079889,-0.075591,-0.0095965,8.5122
1.8184,2.0926,0.079888,-0.075607,-0.0095182,8.4989
1.8184,2.0925,0.079888,-0.075619,-0.0094279,8.4947
1.8185,2.0925,0.079887,-0.075629,-0.0093635,8.5084
1.8185,2.0925,0.079887,-0.075642,-0.0093296,8.5074
1.8186,2.0925,0.079886,-0.075655,-0.0093282,8.5037
1.8186,2.0925,0.079886,-0.075673,-0.009322,8.5168
1.8187,2.0925,0.079885,-0.075695,-0.0092865,8.5088
1.8187,2.0925,0.079885,-0.075714,-0.0091962,8.5063
1.8188,2.0925,0.079884,-0.075733,-0.0090547,8.5176
1.8188,2.0925,0.079884,-0.075746,-0.0089013,8.5133
1.8189,2.0925,0.079883,-0.075747,-0.0087899,8.5084
1.8189,2.0925,0.079883,-0.075748,-0.0087254,8.5175
1.819,2.0925,0.079882,-0.075742,-0.0087103,8.5231
1.8191,2.0925,0.079882,-0.075736,-0.0087422,8.5189
1.8191,2.0925,0.079881,-0.075733,-0.0088255,8.5248
1.8192,2.0925,0.079881,-0.075724,-0.0089016,8.5358
1.8192,2.0925,0.07988,-0.075719,-0.0089478,8.5313
1.8193,2.0925,0.07988,-0.075708,-0.0089852,8.5335
1.8193,2.0925,0.07988,-0.075689,-0.0090552,8.537
1.8194,2.0925,0.079879,-0.075666,-0.0090997,8.5303
1.8194,2.0925,0.079879,-0.075637,-0.0091134,8.5214
1.8195,2.0925,0.079878,-0.075608,-0.0091125,8.532
1.8195,2.0925,0.079878,-0.075584,-0.0090824,8.5272
1.8196,2.0925,0.079877,-0.075564,-0.0089742,8.5209
1.8196,2.0925,0.079877,-0.075547,-0.0087954,8.532
1.8197,2.0925,0.079876,-0.07553,-0.0085965,8.5345
1.8197,2.0924,0.079876,-0.075516,-0.0084166,8.5227
1.8198,2.0924,0.079875,-0.075494,-0.008262,8.5258
1.8198,2.0924,0.079875,-0.075467,-0.008158,8.5236
1.8199,2.0924,0.079874,-0.075439,-0.0081238,8.51
1.8199,2.0924,0.079874,-0.075415,-0.0081277,8.4978
1.82,2.0924,0.079874,-0.075398,-0.008145,8.5069
1.8201,2.0924,0.079873,-0.075384,-0.0081485,8.4918
1.8201,2.0924,0.079873,-0.07538,-0.0081653,8.4908
1.8202,2.0924,0.079872,-0.075387,-0.0081782,8.5018
1.8202,2.0924,0.079872,-0.075395,-0.0081668,8.4966
1.8203,2.0924,0.079871,-0.075398,-0.0081088,8.4907
1.8203,2.0924,0.079871,-0.07539,-0.0080097,8.4967
1.8204,2.0924,0.079871,-0.075369,-0.0078587,8.4975
1.8204,2.0924,0.07987,-0.075344,-0.0077153,8.4863
1.8205,2.0924,0.07987,-0.075312,-0.0075944,8.4945
1.8205,2.0924,0.079869,-0.075285,-0.0075094,8.4973
1.8206,2.0924,0.079869,-0.075263,-0.0074729,8.4871
1.8206,2.0924,0.079869,-0.075244,-0.0074444,8.4912
1.8207,2.0924,0.079868,-0.07522,-0.007484,8.5028
1.8207,2.0924,0.079868,-0.075188,-0.0075605,8.4928
1.8208,2.0924,0.079867,-0.075152,-0.0076946,8.4863
1.8208,2.0924,0.079867,-0.075117,-0.0079146,8.489
1.8209,2.0924,0.079867,-0.075085,-0.0081249,8.4746
1.8209,2.0924,0.079866,-0.075054,-0.0082988,8.4681
1.821,2.0924,0.079866,-0.075022,-0.0084265,8.4791
1.8211,2.0923,0.079865,-0.074986,-0.0085602,8.465
1.8211,2.0923,0.079865,-0.074945,-0.0087095,8.4627
1.8212,2.0923,0.079864,-0.074901,-0.0088317,8.4767
1.8212,2.0923,0.079864,-0.074856,-0.0089588,8.4765
1.8213,2.0923,0.079863,-0.074811,-0.0090688,8.4715
1.8213,2.0923,0.079863,-0.074767,-0.0091168,8.4764
1.8214,2.0923,0.079862,-0.074718,-0.0091256,8.4773
1.8214,2.0923,0.079862,-0.074666,-0.0091032,8.4696
1.8215,2.0923,0.079861,-0.074612,-0.0091172,8.4674
1.8215,2.0923,0.079861,-0.074556,-0.0091367,8.4733
1.8216,2.0923,0.079861,-0.074497,-0.0091473,8.4636
1.8216,2.0923,0.07986,-0.074435,-0.0091733,8.4694
1.8217,2.0923,0.07986,-0.074366,-0.0092453,8.4893
1.8217,2.0923,0.079859,-0.074303,-0.0093473,8.4905
1.8218,2.0923,0.079859,-0.074244,-0.0094644,8.4873
1.8218,2.0923,0.079858,-0.074187,-0.0095672,8.4962
1.8219,2.0923,0.079858,-0.074129,-0.009683,8.4933
1.8219,2.0923,0.079857,-0.074069,-0.0097879,8.4846
1.822,2.0923,0.079857,-0.074004,-0.0098646,8.4879
1.8221,2.0923,0.079856,-0.073926,-0.0099406,8.4934
1.8221,2.0923,0.079855,-0.073845,-0.010034,8.4921
1.8222,2.0923,0.079855,-0.073768,-0.010123,8.4993
1.8222,2.0923,0.079854,-0.073697,-0.010202,8.5049
1.8223,2.0923,0.079854,-0.073641,-0.010262,8.493
1.8223,2.0923,0.079853,-0.073592,-0.010343,8.4975
1.8224,2.0923,0.079853,-0.073545,-0.010426,8.5067
1.8224,2.0922,0.079852,-0.073491,-0.010512,8.4991
1.8225,2.0922,0.079852,-0.073424,-0.010602,8.4967
1.8225,2.0922,0.079851,-0.073352,-0.010694,8.5033
1.8226,2.0922,0.079851,-0.073263,-0.010792,8.4988
1.8226,2.0922,0.07985,-0.073164,-0.010889,8.4953
1.8227,2.0922,0.079849,-0.073072,-0.010989,8.5087
1.8227,2.0922,0.079849,-0.072993,-0.011089,8.5056
1.8228,2.0922,0.079848,-0.072922,-0.011186,8.5026
1.8228,2.0922,0.079848,-0.072851,-0.011268,8.5144
1.8229,2.0922,0.079847,-0.072783,-0.011378,8.5156
1.8229,2.0922,0.079846,-0.07272,-0.011512,8.5108
1.823,2.0922,0.079846,-0.072666,-0.011661,8.5138
1.8231,2.0922,0.079845,-0.072603,-0.0118,8.5279
1.8231,2.0922,0.079845,-0.072544,-0.01195,8.5242
1.8232,2.0922,0.079844,-0.072498,-0.012121,8.5281
1.8232,2.0922,0.079843,-0.072459,-0.012335,8.5369
1.8233,2.0922,0.079843,-0.072414,-0.012568,8.5416
1.8233,2.0922,0.079842,-0.072366,-0.012847,8.5333
1.8234,2.0922,0.079841,-0.072302,-0.013131,8.5444
1.8234,2.0922,0.079841,-0.072237,-0.013395,8.5427
1.8235,2.0922,0.07984,-0.072153,-0.013607,8.5383
1.8235,2.0922,0.079839,-0.07207,-0.01379,8.5409
1.8236,2.0922,0.079838,-0.071992,-0.013943,8.5479
1.8236,2.0922,0.079838,-0.071922,-0.014137,8.5344
1.8237,2.0922,0.079837,-0.071855,-0.014345,8.5428
1.8237,2.0922,0.079836,-0.071785,-0.014566,8.543
1.8238,2.0921,0.079835,-0.071703,-0.014797,8.5343
1.8238,2.0921,0.079834,-0.071613,-0.015017,8.5272
1.8239,2.0921,0.079834,-0.071525,-0.015241,8.5369
1.8239,2.0921,0.079833,-0.071442,-0.015482,8.5252
1.824,2.0921,0.079832,-0.071372,-0.015742,8.5194
1.8241,2.0921,0.079831,-0.071309,-0.016065,8.5202
1.8241,2.0921,0.07983,-0.071249,-0.016429,8.5223
1.8242,2.0921,0.079829,-0.071187,-0.016825,8.5227
1.8242,2.0921,0.079829,-0.071117,-0.017259,8.5326
1.8243,2.0921,0.079828,-0.071034,-0.017676,8.5324
1.8243,2.0921,0.079827,-0.070945,-0.018075,8.537
1.8244,2.0921,0.079826,-0.070855,-0.018439,8.5448
1.8244,2.0921,0.079825,-0.070774,-0.018765,8.545
1.8245,2.0921,0.079824,-0.070692,-0.019054,8.5399
1.8245,2.0921,0.079823,-0.070614,-0.019318,8.5417
1.8246,2.0921,0.079822,-0.070549,-0.019557,8.5499
1.8246,2.0921,0.079821,-0.070485,-0.019843,8.5408
1.8247,2.0921,0.07982,-0.070429,-0.020149,8.5431
1.8247,2.0921,0.079818,-0.070367,-0.020467,8.5614
1.8248,2.0921,0.079817,-0.070313,-0.020787,8.5593
1.8248,2.0921,0.079816,-0.07026,-0.021106,8.5503
1.8249,2.0921,0.079815,-0.070212,-0.02141,8.5656
1.8249,2.0921,0.079814,-0.070168,-0.021699,8.5624
1.825,2.0921,0.079813,-0.070129,-0.021961,8.5489
1.8251,2.0921,0.079812,-0.07008,-0.022247,8.5502
1.8251,2.0921,0.07981,-0.070025,-0.022539,8.5511
1.8252,2.0921,0.079809,-0.069956,-0.022836,8.5376
1.8252,2.092,0.079808,-0.069876,-0.023137,8.5453
1.8253,2.092,0.079807,-0.069788,-0.023436,8.5553
1.8253,2.092,0.079806,-0.069696,-0.023727,8.5385
1.8254,2.092,0.079804,-0.069595,-0.024008,8.5466
1.8254,2.092,0.079803,-0.069485,-0.02428,8.5517
1.8255,2.092,0.079802,-0.069365,-0.024552,8.5367
1.8255,2.092,0.0798,-0.069251,-0.024824,8.537
1.8256,2.092,0.079799,-0.069145,-0.025098,8.5425
1.8256,2.092,0.079798,-0.069041,-0.025379,8.5401
1.8257,2.092,0.079796,-0.068945,-0.025662,8.533
1.8257,2.092,0.079795,-0.068857,-0.025945,8.548
1.8258,2.092,0.079794,-0.068779,-0.026225,8.5527
1.8258,2.092,0.079792,-0.068711,-0.026504,8.5471
1.8259,2.092,0.079791,-0.068646,-0.026781,8.5561
1.8259,2.092,0.079789,-0.068585,-0.027058,8.56
1.826,2.092,0.079788,-0.068519,-0.027332,8.5522
1.8261,2.092,0.079787,-0.068443,-0.027605,8.5444
1.8261,2.092,0.079785,-0.068372,-0.027874,8.5586
1.8262,2.092,0.079784,-0.068303,-0.028145,8.5519
1.8262,2.092,0.079782,-0.068245,-0.028416,8.5503
1.8263,2.092,0.079781,-0.068192,-0.028686,8.5591
1.8263,2.092,0.079779,-0.068143,-0.028954,8.5528
1.8264,2.092,0.079778,-0.068096,-0.029219,8.5512
1.8264,2.092,0.079776,-0.068047,-0.02948,8.5668
1.8265,2.092,0.079774,-0.067999,-0.029737,8.5558
1.8265,2.092,0.079773,-0.067961,-0.029987,8.5397
1.8266,2.092,0.079771,-0.067916,-0.030238,8.5467
1.8266,2.0919,0.07977,-0.067876,-0.030485,8.5432
1.8267,2.0919,0.079768,-0.067833,-0.03073,8.5332
1.8267,2.0919,0.079766,-0.067796,-0.030972,8.5364
1.8268,2.0919,0.079765,-0.067759,-0.031212,8.544
1.8268,2.0919,0.079763,-0.067712,-0.031448,8.5311
1.8269,2.0919,0.079761,-0.067659,-0.031681,8.5363
1.8269,2.0919,0.07976,-0.067602,-0.031911,8.5392
1.827,2.0919,0.079758,-0.067536,-0.032138,8.5275
1.8271,2.0919,0.079756,-0.06747,-0.032362,8.5284
1.8271,2.0919,0.079755,-0.06741,-0.032582,8.5347
1.8272,2.0919,0.079753,-0.067358,-0.032799,8.5271
1.8272,2.0919,0.079751,-0.067307,-0.033013,8.5234
1.8273,2.0919,0.079749,-0.067254,-0.033222,8.5394
1.8273,2.0919,0.079748,-0.067202,-0.033428,8.5447
1.8274,2.0919,0.079746,-0.06715,-0.03363,8.5361
1.8274,2.0919,0.079744,-0.067098,-0.033828,8.55
1.8275,2.0919,0.079742,-0.067046,-0.034022,8.5514
1.8275,2.0919,0.079741,-0.066995,-0.034212,8.5426
1.8276,2.0919,0.079739,-0.06694,-0.034398,8.5473
1.8276,2.0919,0.079737,-0.066893,-0.03458,8.5567
1.8277,2.0919,0.079735,-0.066853,-0.034758,8.5502
1.8277,2.0919,0.079733,-0.066816,-0.034932,8.553
1.8278,2.0919,0.079731,-0.06678,-0.035101,8.562
1.8278,2.0919,0.07973,-0.066743,-0.035265,8.5584
1.8279,2.0919,0.079728,-0.066703,-0.035425,8.5496
1.8279,2.0919,0.079726,-0.066657,-0.035581,8.5622
1.828,2.0919,0.079724,-0.066604,-0.035731,8.5505
1.8281,2.0919,0.079722,-0.066556,-0.035876,8.5399
1.8281,2.0919,0.07972,-0.06651,-0.036017,8.5407
1.8282,2.0918,0.079718,-0.066462,-0.036152,8.5336
1.8282,2.0918,0.079716,-0.066417,-0.036282,8.5207
1.8283,2.0918,0.079714,-0.066378,-0.036407,8.5244
1.8283,2.0918,0.079712,-0.066346,-0.036526,8.535
1.8284,2.0918,0.079711,-0.066319,-0.03664,8.535
1.8284,2.0918,0.079709,-0.066304,-0.036733,8.5448
1.8285,2.0918,0.079707,-0.066298,-0.036845,8.5568
1.8285,2.0918,0.079705,-0.066294,-0.03697,8.5498
1.8286,2.0918,0.079703,-0.066282,-0.037101,8.5546
1.8286,2.0918,0.079701,-0.066261,-0.037232,8.5648
1.8287,2.0918,0.079699,-0.066233,-0.037356,8.5698
1.8287,2.0918,0.079697,-0.066197,-0.037465,8.5645
1.8288,2.0918,0.079695,-0.066153,-0.037553,8.5728
1.8288,2.0918,0.079693,-0.066115,-0.037609,8.5714
1.8289,2.0918,0.079691,-0.066085,-0.037674,8.57
1.8289,2.0918,0.079689,-0.066057,-0.037733,8.579
1.829,2.0918,0.079687,-0.066033,-0.037786,8.591
1.8291,2.0918,0.079685,-0.066014,-0.037832,8.5726
1.8291,2.0918,0.079683,-0.066005,-0.037872,8.5768
1.8292,2.0918,0.079681,-0.065999,-0.037906,8.5825
1.8292,2.0918,0.079679,-0.065998,-0.037932,8.5711
1.8293,2.0918,0.079677,-0.066002,-0.037952,8.5728
1.8293,2.0918,0.079675,-0.066006,-0.037966,8.5783
1.8294,2.0918,0.079673,-0.066008,-0.037972,8.5733
1.8294,2.0918,0.079671,-0.066008,-0.037957,8.5737
1.8295,2.0918,0.079669,-0.066009,-0.037959,8.5804
1.8295,2.0918,0.079667,-0.066006,-0.037958,8.5773
1.8296,2.0918,0.079665,-0.066007,-0.03797,8.5652
1.8296,2.0917,0.079663,-0.066013,-0.038023,8.5734
1.8297,2.0917,0.079661,-0.066018,-0.038098,8.5716
1.8297,2.0917,0.079659,-0.06602,-0.03816,8.5512
1.8298,2.0917,0.079657,-0.066023,-0.038211,8.5492
1.8298,2.0917,0.079655,-0.066023,-0.038247,8.5578
1.8299,2.0917,0.079653,-0.066019,-0.038304,8.5516
1.8299,2.0917,0.079651,-0.066005,-0.038359,8.56
1.83,2.0917,0.079649,-0.065985,-0.038439,8.5695
1.8301,2.0917,0.079647,-0.065955,-0.03856,8.5607
1.8301,2.0917,0.079645,-0.065914,-0.038692,8.5597
1.8302,2.0917,0.079643,-0.065859,-0.038811,8.5725
1.8302,2.0917,0.079641,-0.065795,-0.038932,8.5682
1.8303,2.0917,0.079639,-0.065729,-0.039053,8.5615
1.8303,2.0917,0.079637,-0.065667,-0.039175,8.5745
1.8304,2.0917,0.079635,-0.065605,-0.039298,8.5873
1.8304,2.0917,0.079633,-0.065545,-0.039423,8.5785
1.8305,2.0917,0.07963,-0.065487,-0.039549,8.5833
1.8305,2.0917,0.079628,-0.06543,-0.039676,8.5832
1.8306,2.0917,0.079626,-0.065364,-0.03982,8.5725
1.8306,2.0917,0.079624,-0.065296,-0.039955,8.5812
1.8307,2.0917,0.079622,-0.065231,-0.040065,8.5828
1.8307,2.0917,0.07962,-0.065166,-0.040136,8.5686
1.8308,2.0917,0.079618,-0.0651,-0.040148,8.5605
1.8308,2.0917,0.079616,-0.065033,-0.040126,8.564
1.8309,2.0917,0.079614,-0.064962,-0.040113,8.5614
1.8309,2.0917,0.079611,-0.064887,-0.040112,8.5504
1.831,2.0917,0.079609,-0.064807,-0.04012,8.5586
1.8311,2.0917,0.079607,-0.064728,-0.040134,8.5479
1.8311,2.0917,0.079605,-0.064648,-0.040157,8.538
1.8312,2.0916,0.079603,-0.064566,-0.040188,8.5477
1.8312,2.0916,0.079601,-0.064482,-0.040214,8.5379
1.8313,2.0916,0.079599,-0.064398,-0.040266,8.522
1.8313,2.0916,0.079597,-0.064312,-0.040358,8.5299
1.8314,2.0916,0.079595,-0.064225,-0.040461,8.5401
1.8314,2.0916,0.079592,-0.064136,-0.040548,8.5367
1.8315,2.0916,0.07959,-0.064047,-0.040637,8.5333
1.8315,2.0916,0.079588,-0.063956,-0.040744,8.5452
1.8316,2.0916,0.079586,-0.063865,-0.040848,8.5363
1.8316,2.0916,0.079584,-0.063772,-0.040914,8.5467
1.8317,2.0916,0.079582,-0.063679,-0.040951,8.5478
1.8317,2.0916,0.07958,-0.063585,-0.040967,8.5373
1.8318,2.0916,0.079577,-0.06349,-0.040959,8.533
1.8318,2.0916,0.079575,-0.063394,-0.040978,8.5468
1.8319,2.0916,0.079573,-0.063297,-0.041042,8.5418
1.8319,2.0916,0.079571,-0.0632,-0.041161,8.534
1.832,2.0916,0.079569,-0.063102,-0.041296,8.5348
1.8321,2.0916,0.079567,-0.063003,-0.041411,8.5368
1.8321,2.0916,0.079564,-0.062904,-0.041512,8.5241
1.8322,2.0916,0.079562,-0.062805,-0.041589,8.528
1.8322,2.0916,0.07956,-0.062704,-0.041634,8.5248
1.8323,2.0916,0.079558,-0.062604,-0.04169,8.5112
1.8323,2.0916,0.079556,-0.062503,-0.041749,8.5005
1.8324,2.0916,0.079553,-0.062402,-0.041809,8.5112
1.8324,2.0916,0.079551,-0.0623,-0.041868,8.5034
1.8325,2.0916,0.079549,-0.062198,-0.041925,8.4958
1.8325,2.0916,0.079547,-0.062096,-0.041984,8.507
1.8326,2.0916,0.079545,-0.061994,-0.042047,8.5002
1.8326,2.0916,0.079542,-0.061892,-0.042112,8.4891
1.8327,2.0916,0.07954,-0.06179,-0.04218,8.4927
1.8327,2.0915,0.079538,-0.061688,-0.042253,8.5013
1.8328,2.0915,0.079536,-0.061585,-0.042326,8.4893
1.8328,2.0915,0.079533,-0.061483,-0.042398,8.4917
1.8329,2.0915,0.079531,-0.061381,-0.042468,8.5
1.8329,2.0915,0.079529,-0.061279,-0.04254,8.492
1.833,2.0915,0.079527,-0.061178,-0.042617,8.4911
1.8331,2.0915,0.079524,-0.061076,-0.042677,8.5066
1.8331,2.0915,0.079522,-0.060975,-0.042768,8.5
1.8332,2.0915,0.07952,-0.060874,-0.04288,8.5027
1.8332,2.0915,0.079518,-0.060774,-0.043003,8.5124
1.8333,2.0915,0.079515,-0.060672,-0.043117,8.505
1.8333,2.0915,0.079513,-0.060574,-0.043235,8.5026
1.8334,2.0915,0.079511,-0.06048,-0.04338,8.5088
1.8334,2.0915,0.079509,-0.060388,-0.04353,8.5116
1.8335,2.0915,0.079506,-0.060295,-0.043657,8.5079
1.8335,2.0915,0.079504,-0.060203,-0.043789,8.5141
1.8336,2.0915,0.079502,-0.06011,-0.043893,8.5197
1.8336,2.0915,0.079499,-0.060015,-0.043969,8.5049
1.8337,2.0915,0.079497,-0.059919,-0.044004,8.5168
1.8337,2.0915,0.079495,-0.059825,-0.044034,8.5158
1.8338,2.0915,0.079492,-0.059733,-0.044082,8.5018
1.8338,2.0915,0.07949,-0.05964,-0.044131,8.5008
1.8339,2.0915,0.079488,-0.059546,-0.04418,8.5102
1.8339,2.0915,0.079485,-0.059453,-0.044229,8.5031
1.834,2.0915,0.079483,-0.059362,-0.044259,8.4995
1.8341,2.0915,0.079481,-0.059272,-0.044319,8.5085
1.8341,2.0915,0.079478,-0.059184,-0.044397,8.5123
1.8342,2.0915,0.079476,-0.059095,-0.044481,8.5068
1.8342,2.0915,0.079474,-0.059007,-0.044563,8.5177
1.8343,2.0915,0.079471,-0.058916,-0.044633,8.5152
1.8343,2.0915,0.079469,-0.058826,-0.044687,8.5049
1.8344,2.0915,0.079467,-0.058733,-0.044722,8.5123
1.8344,2.0914,0.079464,-0.058647,-0.044729,8.5279
1.8345,2.0914,0.079462,-0.058563,-0.044753,8.5214
1.8345,2.0914,0.07946,-0.058482,-0.044776,8.5244
1.8346,2.0914,0.079457,-0.058402,-0.044797,8.5403
1.8346,2.0914,0.079455,-0.058323,-0.044818,8.539
1.8347,2.0914,0.079453,-0.058243,-0.044842,8.5411
1.8347,2.0914,0.07945,-0.058162,-0.044856,8.5482
1.8348,2.0914,0.079448,-0.058078,-0.044884,8.5375
1.8348,2.0914,0.079445,-0.057998,-0.044957,8.528
1.8349,2.0914,0.079443,-0.057919,-0.045057,8.5401
1.8349,2.0914,0.079441,-0.057842,-0.045162,8.5369
1.835,2.0914,0.079438,-0.057766,-0.045254,8.5306
1.8351,2.0914,0.079436,-0.057692,-0.045319,8.5338
1.8351,2.0914,0.079434,-0.057619,-0.045347,8.5343
1.8352,2.0914,0.079431,-0.057548,-0.045333,8.5252
1.8352,2.0914,0.079429,-0.057476,-0.045309,8.5256
1.8353,2.0914,0.079426,-0.05741,-0.0453,8.524
1.8353,2.0914,0.079424,-0.057348,-0.045292,8.5097
1.8354,2.0914,0.079422,-0.05729,-0.045284,8.5041
1.8354,2.0914,0.079419,-0.057234,-0.045262,8.5169
1.8355,2.0914,0.079417,-0.05718,-0.045264,8.5075
1.8355,2.0914,0.079414,-0.057126,-0.045271,8.5137
1.8356,2.0914,0.079412,-0.057072,-0.045315,8.5225
1.8356,2.0914,0.07941,-0.057017,-0.045362,8.5211
1.8357,2.0914,0.079407,-0.056967,-0.045434,8.5197
1.8357,2.0914,0.079405,-0.056921,-0.045512,8.5295
1.8358,2.0914,0.079402,-0.056879,-0.045571,8.5311
1.8358,2.0914,0.0794,-0.056843,-0.045593,8.5259
1.8359,2.0914,0.079398,-0.056807,-0.045603,8.5303
1.8359,2.0914,0.079395,-0.056769,-0.045572,8.5404
1.836,2.0914,0.079393,-0.056736,-0.045533,8.5286
1.8361,2.0914,0.079391,-0.056704,-0.045466,8.5423
1.8361,2.0914,0.079388,-0.056671,-0.045409,8.5505
1.8362,2.0913,0.079386,-0.056634,-0.045355,8.5434
1.8362,2.0913,0.079383,-0.056594,-0.045299,8.5399
1.8363,2.0913,0.079381,-0.056552,-0.045246,8.5475
1.8363,2.0913,0.079379,-0.056501,-0.045183,8.5359
1.8364,2.0913,0.079376,-0.056448,-0.045148,8.5301
1.8364,2.0913,0.079374,-0.05641,-0.045133,8.5401
1.8365,2.0913,0.079371,-0.05638,-0.045129,8.5357
1.8365,2.0913,0.079369,-0.05636,-0.045126,8.5239
1.8366,2.0913,0.079367,-0.056349,-0.045121,8.5299
1.8366,2.0913,0.079364,-0.056342,-0.045101,8.5265
1.8367,2.0913,0.079362,-0.056339,-0.045062,8.5112
1.8367,2.0913,0.07936,-0.056331,-0.044999,8.5173
1.8368,2.0913,0.079357,-0.056317,-0.044951,8.514
1.8368,2.0913,0.079355,-0.056301,-0.044902,8.4956
1.8369,2.0913,0.079353,-0.056274,-0.044857,8.4938
1.8369,2.0913,0.07935,-0.056249,-0.04481,8.5002
1.837,2.0913,0.079348,-0.056223,-0.044751,8.4923
1.8371,2.0913,0.079345,-0.0562,-0.04469,8.4923
1.8371,2.0913,0.079343,-0.056178,-0.044621,8.5024
1.8372,2.0913,0.079341,-0.056166,-0.04455,8.5015
1.8372,2.0913,0.079338,-0.056163,-0.044473,8.4984
1.8373,2.0913,0.079336,-0.056163,-0.0444,8.5127
1.8373,2.0913,0.079334,-0.056168,-0.044337,8.5056
1.8374,2.0913,0.079331,-0.056172,-0.044274,8.4991
1.8374,2.0913,0.079329,-0.056174,-0.044209,8.5046
1.8375,2.0913,0.079327,-0.056183,-0.044149,8.502
1.8375,2.0913,0.079324,-0.056207,-0.044074,8.4942
1.8376,2.0913,0.079322,-0.056235,-0.044029,8.5002
1.8376,2.0913,0.07932,-0.056259,-0.044001,8.504
1.8377,2.0913,0.079317,-0.056267,-0.043972,8.4969
1.8377,2.0913,0.079315,-0.056271,-0.043977,8.4981
1.8378,2.0913,0.079313,-0.056264,-0.043994,8.5063
1.8378,2.0913,0.079311,-0.056251,-0.044009,8.4966
1.8379,2.0913,0.079308,-0.056244,-0.044007,8.4893
1.8379,2.0912,0.079306,-0.056258,-0.043973,8.4946
1.838,2.0912,0.079304,-0.056283,-0.043928,8.4939
1.8381,2.0912,0.079301,-0.056317,-0.043892,8.4799
1.8381,2.0912,0.079299,-0.056363,-0.043849,8.4915
1.8382,2.0912,0.079297,-0.056428,-0.043819,8.4928
1.8382,2.0912,0.079294,-0.056498,-0.043804,8.4834
1.8383,2.0912,0.079292,-0.056555,-0.043815,8.4894
1.8383,2.0912,0.07929,-0.056598,-0.043854,8.4946
1.8384,2.0912,0.079287,-0.056629,-0.043916,8.4859
1.8384,2.0912,0.079285,-0.056655,-0.043989,8.487
1.8385,2.0912,0.079283,-0.056675,-0.044102,8.4945
1.8385,2.0912,0.07928,-0.056699,-0.044219,8.4823
1.8386,2.0912,0.079278,-0.056727,-0.044312,8.4835
1.8386,2.0912,0.079276,-0.056755,-0.044399,8.4985
1.8387,2.0912,0.079273,-0.056783,-0.044479,8.5
1.8387,2.0912,0.079271,-0.056814,-0.044553,8.5017
1.8388,2.0912,0.079269,-0.056839,-0.04462,8.5153
1.8388,2.0912,0.079266,-0.056857,-0.044682,8.5125
1.8389,2.0912,0.079264,-0.05687,-0.044737,8.504
1.8389,2.0912,0.079262,-0.056878,-0.044787,8.5141
1.839,2.0912,0.079259,-0.056879,-0.044832,8.5208
1.8391,2.0912,0.079257,-0.056874,-0.04487,8.5092
1.8391,2.0912,0.079255,-0.056864,-0.044904,8.5114
1.8392,2.0912,0.079252,-0.056852,-0.044932,8.5206
1.8392,2.0912,0.07925,-0.056834,-0.044955,8.5205
1.8393,2.0912,0.079248,-0.056809,-0.044973,8.5237
1.8393,2.0912,0.079245,-0.056783,-0.044987,8.5298
1.8394,2.0912,0.079243,-0.056754,-0.044996,8.5164
1.8394,2.0912,0.07924,-0.056723,-0.045,8.5145
1.8395,2.0912,0.079238,-0.056689,-0.044999,8.5262
1.8395,2.0912,0.079236,-0.056652,-0.044994,8.5221
1.8396,2.0912,0.079233,-0.056611,-0.044987,8.5158
1.8396,2.0912,0.079231,-0.056571,-0.044973,8.5273
1.8397,2.0911,0.079229,-0.056528,-0.044952,8.5304
1.8397,2.0911,0.079226,-0.056479,-0.044927,8.5273
1.8398,2.0911,0.079224,-0.056425,-0.044898,8.534
1.8398,2.0911,0.079221,-0.056367,-0.044882,8.5358
1.8399,2.0911,0.079219,-0.056308,-0.044852,8.5226
1.8399,2.0911,0.079217,-0.056248,-0.044792,8.5333
1.84,2.0911,0.079214,-0.056188,-0.044675,8.5402
1.8401,2.0911,0.079212,-0.056129,-0.044524,8.5381
1.8401,2.0911,0.07921,-0.056069,-0.044364,8.532
1.8402,2.0911,0.079207,-0.056013,-0.044236,8.5562
1.8402,2.0911,0.079205,-0.05596,-0.044118,8.5523
1.8403,2.0911,0.079203,-0.055908,-0.04404,8.551
1.8403,2.0911,0.0792,-0.055854,-0.04398,8.5626
1.8404,2.0911,0.079198,-0.055797,-0.043942,8.5535
1.8404,2.0911,0.079196,-0.055733,-0.043864,8.553
1.8405,2.0911,0.079194,-0.055661,-0.043793,8.5597
1.8405,2.0911,0.079191,-0.055585,-0.043704,8.5594
1.8406,2.0911,0.079189,-0.055511,-0.043619,8.5458
1.8406,2.0911,0.079187,-0.055433,-0.043512,8.5543
1.8407,2.0911,0.079184,-0.055352,-0.043414,8.5567
1.8407,2.0911,0.079182,-0.05527,-0.043341,8.5471
1.8408,2.0911,0.07918,-0.055182,-0.043308,8.547
1.8408,2.0911,0.079178,-0.055091,-0.043274,8.5608
1.8409,2.0911,0.079175,-0.054999,-0.043262,8.553
1.8409,2.0911,0.079173,-0.054906,-0.043231,8.544
1.841,2.0911,0.079171,-0.054815,-0.043197,8.5483
1.8411,2.0911,0.079168,-0.054723,-0.043164,8.5463
1.8411,2.0911,0.079166,-0.054633,-0.043129,8.5405
1.8412,2.0911,0.079164,-0.054544,-0.04309,8.5512
1.8412,2.0911,0.079162,-0.054452,-0.043051,8.5548
1.8413,2.0911,0.079159,-0.054359,-0.043006,8.5533
1.8413,2.0911,0.079157,-0.054265,-0.042956,8.5649
1.8414,2.0911,0.079155,-0.054169,-0.042903,8.569
1.8414,2.0911,0.079153,-0.054072,-0.042848,8.5556
1.8415,2.0911,0.07915,-0.053974,-0.042796,8.5642
1.8415,2.091,0.079148,-0.053875,-0.042734,8.5692
1.8416,2.091,0.079146,-0.053775,-0.04267,8.5571
1.8416,2.091,0.079144,-0.053675,-0.042607,8.5589
1.8417,2.091,0.079141,-0.053573,-0.042543,8.5691
1.8417,2.091,0.079139,-0.05347,-0.042496,8.5666
1.8418,2.091,0.079137,-0.053366,-0.042424,8.5693
1.8418,2.091,0.079135,-0.053262,-0.042329,8.5806
1.8419,2.091,0.079132,-0.053157,-0.042219,8.5764
1.8419,2.091,0.07913,-0.053051,-0.042095,8.5659
1.842,2.091,0.079128,-0.052944,-0.041977,8.5666
1.8421,2.091,0.079126,-0.052837,-0.041873,8.5652
1.8421,2.091,0.079124,-0.05273,-0.041789,8.5498
1.8422,2.091,0.079121,-0.052622,-0.041737,8.5583
1.8422,2.091,0.079119,-0.052513,-0.041671,8.5651
1.8423,2.091,0.079117,-0.052404,-0.041601,8.5549
1.8423,2.091,0.079115,-0.052294,-0.04153,8.5612
1.8424,2.091,0.079113,-0.052184,-0.041461,8.5691
1.8424,2.091,0.07911,-0.052074,-0.041402,8.5587
1.8425,2.091,0.079108,-0.051964,-0.041343,8.5514
1.8425,2.091,0.079106,-0.051853,-0.041286,8.559
1.8426,2.091,0.079104,-0.051742,-0.041228,8.558
1.8426,2.091,0.079102,-0.051631,-0.041166,8.5414
1.8427,2.091,0.0791,-0.05152,-0.041097,8.5561
1.8427,2.091,0.079097,-0.051409,-0.041028,8.5588
1.8428,2.091,0.079095,-0.051298,-0.040963,8.5528
1.8428,2.091,0.079093,-0.051187,-0.040901,8.5631
1.8429,2.091,0.079091,-0.051077,-0.040838,8.5637
1.8429,2.091,0.079089,-0.050968,-0.040781,8.5585
1.843,2.091,0.079087,-0.050858,-0.040741,8.5647
1.8431,2.091,0.079085,-0.050742,-0.040675,8.5688
1.8431,2.091,0.079082,-0.050625,-0.040585,8.554
1.8432,2.091,0.07908,-0.050503,-0.040478,8.5565
1.8432,2.091,0.079078,-0.050379,-0.040371,8.5685
1.8433,2.091,0.079076,-0.050259,-0.040249,8.5614
1.8433,2.091,0.079074,-0.050143,-0.040096,8.5591
1.8434,2.091,0.079072,-0.050028,-0.039929,8.5692
1.8434,2.0909,0.07907,-0.049913,-0.03978,8.5656
1.8435,2.0909,0.079068,-0.049798,-0.039618,8.5591
1.8435,2.0909,0.079066,-0.049689,-0.039474,8.5561
1.8436,2.0909,0.079064,-0.049579,-0.039355,8.557
1.8436,2.0909,0.079061,-0.049473,-0.039271,8.544
1.8437,2.0909,0.079059,-0.049368,-0.039192,8.5403
1.8437,2.0909,0.079057,-0.049263,-0.039092,8.5471
1.8438,2.0909,0.079055,-0.049157,-0.038984,8.5392
1.8438,2.0909,0.079053,-0.049052,-0.038874,8.5457
1.8439,2.0909,0.079051,-0.048952,-0.038762,8.5574
1.8439,2.0909,0.079049,-0.048859,-0.03867,8.5446
1.844,2.0909,0.079047,-0.048769,-0.038554,8.541
1.8441,2.0909,0.079045,-0.048682,-0.038424,8.5479
1.8441,2.0909,0.079043,-0.048592,-0.038286,8.5412
1.8442,2.0909,0.079041,-0.048504,-0.038148,8.5291
1.8442,2.0909,0.079039,-0.048414,-0.038017,8.5408
1.8443,2.0909,0.079037,-0.048321,-0.037899,8.5468
1.8443,2.0909,0.079035,-0.048231,-0.0378,8.5403
1.8444,2.0909,0.079033,-0.048138,-0.03773,8.5478
1.8444,2.0909,0.079031,-0.048048,-0.037646,8.5523
1.8445,2.0909,0.079029,-0.047962,-0.037564,8.5428
1.8445,2.0909,0.079027,-0.047879,-0.037487,8.5505
1.8446,2.0909,0.079025,-0.047801,-0.03741,8.5467
1.8446,2.0909,0.079023,-0.047725,-0.037331,8.5499
1.8447,2.0909,0.079021,-0.04765,-0.037267,8.5391
1.8447,2.0909,0.079019,-0.047581,-0.037192,8.5498
1.8448,2.0909,0.079017,-0.047509,-0.037074,8.5398
1.8448,2.0909,0.079015,-0.04744,-0.036924,8.5396
1.8449,2.0909,0.079014,-0.047372,-0.036755,8.5578
1.8449,2.0909,0.079012,-0.047306,-0.036585,8.5498
1.845,2.0909,0.07901,-0.047242,-0.036424,8.5391
1.8451,2.0909,0.079008,-0.047179,-0.036287,8.5524
1.8451,2.0909,0.079006,-0.047119,-0.036192,8.5583
1.8452,2.0909,0.079004,-0.047059,-0.03611,8.5462
1.8452,2.0909,0.079002,-0.047002,-0.036022,8.5571
1.8453,2.0909,0.079,-0.04695,-0.03594,8.5665
1.8453,2.0909,0.078998,-0.046899,-0.035862,8.5646
1.8454,2.0909,0.078996,-0.046852,-0.035802,8.5695
1.8454,2.0909,0.078995,-0.046808,-0.035719,8.583
1.8455,2.0909,0.078993,-0.046767,-0.035631,8.5755
1.8455,2.0908,0.078991,-0.046729,-0.035504,8.578
1.8456,2.0908,0.078989,-0.046694,-0.03537,8.588
1.8456,2.0908,0.078987,-0.046659,-0.035205,8.5801
1.8457,2.0908,0.078985,-0.046627,-0.035025,8.5771
1.8457,2.0908,0.078983,-0.046594,-0.034857,8.5858
1.8458,2.0908,0.078982,-0.046559,-0.03472,8.5909
1.8458,2.0908,0.07898,-0.046525,-0.034592,8.589
1.8459,2.0908,0.078978,-0.046493,-0.034504,8.6005
1.8459,2.0908,0.078976,-0.046463,-0.034427,8.6088
1.846,2.0908,0.078974,-0.046437,-0.034383,8.5934
1.8461,2.0908,0.078972,-0.046411,-0.034331,8.5983
1.8461,2.0908,0.078971,-0.046391,-0.034278,8.6041
1.8462,2.0908,0.078969,-0.046372,-0.03423,8.5906
1.8462,2.0908,0.078967,-0.046355,-0.034182,8.5884
1.8463,2.0908,0.078965,-0.046336,-0.034148,8.5978
1.8463,2.0908,0.078963,-0.046325,-0.034091,8.5894
1.8464,2.0908,0.078962,-0.046308,-0.034018,8.5804
1.8464,2.0908,0.07896,-0.046289,-0.033937,8.589
1.8465,2.0908,0.078958,-0.046273,-0.033852,8.5851
1.8465,2.0908,0.078956,-0.04626,-0.033769,8.5688
1.8466,2.0908,0.078955,-0.046248,-0.033701,8.5795
1.8466,2.0908,0.078953,-0.046231,-0.033653,8.5841
1.8467,2.0908,0.078951,-0.046215,-0.033633,8.5735
1.8467,2.0908,0.078949,-0.046206,-0.033604,8.5735
1.8468,2.0908,0.078948,-0.046197,-0.033579,8.5833
1.8468,2.0908,0.078946,-0.046199,-0.033554,8.5762
1.8469,2.0908,0.078944,-0.046207,-0.033536,8.5759
1.8469,2.0908,0.078942,-0.046222,-0.033534,8.5896
1.847,2.0908,0.07894,-0.04624,-0.033541,8.5855
1.8471,2.0908,0.078939,-0.046263,-0.033562,8.5823
1.8471,2.0908,0.078937,-0.046283,-0.033593,8.5844
1.8472,2.0908,0.078935,-0.046299,-0.033638,8.5818
1.8472,2.0908,0.078933,-0.046315,-0.033688,8.5809
1.8473,2.0908,0.078932,-0.04633,-0.033735,8.5833
1.8473,2.0908,0.07893,-0.046348,-0.03379,8.5838
1.8474,2.0908,0.078928,-0.046371,-0.033857,8.5739
1.8474,2.0908,0.078926,-0.04639,-0.033926,8.5862
1.8475,2.0908,0.078924,-0.0464,-0.03402,8.5905
1.8475,2.0908,0.078923,-0.0464,-0.034092,8.5805
1.8476,2.0908,0.078921,-0.0464,-0.034155,8.5819
1.8476,2.0908,0.078919,-0.046412,-0.034224,8.5821
1.8477,2.0907,0.078917,-0.046429,-0.034264,8.5641
1.8477,2.0907,0.078915,-0.046463,-0.03428,8.5633
1.8478,2.0907,0.078914,-0.046512,-0.034324,8.5649
1.8478,2.0907,0.078912,-0.046575,-0.034404,8.5496
1.8479,2.0907,0.07891,-0.046632,-0.034529,8.541
1.8479,2.0907,0.078908,-0.046679,-0.034674,8.5514
1.848,2.0907,0.078906,-0.046717,-0.034813,8.5449
1.8481,2.0907,0.078905,-0.046746,-0.034954,8.534
1.8481,2.0907,0.078903,-0.046748,-0.035073,8.5373
1.8482,2.0907,0.078901,-0.046733,-0.03516,8.5319
1.8482,2.0907,0.078899,-0.046718,-0.03524,8.5236
1.8483,2.0907,0.078897,-0.046715,-0.035294,8.5251
1.8483,2.0907,0.078895,-0.046712,-0.035324,8.5334
1.8484,2.0907,0.078893,-0.046709,-0.035341,8.5286
1.8484,2.0907,0.078892,-0.046708,-0.035311,8.5298
1.8485,2.0907,0.07889,-0.046704,-0.035269,8.5428
1.8485,2.0907,0.078888,-0.046696,-0.035241,8.5391
1.8486,2.0907,0.078886,-0.046686,-0.035213,8.5378
1.8486,2.0907,0.078884,-0.046677,-0.035184,8.5456
1.8487,2.0907,0.078882,-0.046665,-0.035154,8.5387
1.8487,2.0907,0.07888,-0.046657,-0.035124,8.5296
1.8488,2.0907,0.078879,-0.046651,-0.035092,8.5384
1.8488,2.0907,0.078877,-0.046646,-0.03506,8.5393
1.8489,2.0907,0.078875,-0.046642,-0.035027,8.5278
1.8489,2.0907,0.078873,-0.046637,-0.034993,8.5295
1.849,2.0907,0.078871,-0.04663,-0.034959,8.5381
1.8491,2.0907,0.078869,-0.046621,-0.034923,8.5272
1.8491,2.0907,0.078868,-0.046608,-0.034887,8.5263
1.8492,2.0907,0.078866,-0.046596,-0.034849,8.5259
1.8492,2.0907,0.078864,-0.046584,-0.034811,8.516
1.8493,2.0907,0.078862,-0.046572,-0.034772,8.5068
1.8493,2.0907,0.07886,-0.046559,-0.034733,8.5135
1.8494,2.0907,0.078858,-0.046543,-0.034678,8.506
1.8494,2.0907,0.078857,-0.046532,-0.034648,8.504
1.8495,2.0907,0.078855,-0.046522,-0.034633,8.5137
1.8495,2.0907,0.078853,-0.046508,-0.034624,8.5135
1.8496,2.0907,0.078851,-0.046502,-0.034619,8.5064
1.8496,2.0907,0.078849,-0.046504,-0.034609,8.5157
1.8497,2.0907,0.078847,-0.046513,-0.034589,8.5101
1.8497,2.0907,0.078846,-0.046524,-0.034551,8.5053
1.8498,2.0907,0.078844,-0.046525,-0.034456,8.511
1.8498,2.0906,0.078842,-0.046533,-0.03441,8.5143
1.8499,2.0906,0.07884,-0.046534,-0.034394,8.5051
1.8499,2.0906,0.078838,-0.046525,-0.034469,8.5136
1.85,2.0906,0.078837,-0.046523,-0.034603,8.5261
1.8501,2.0906,0.078835,-0.046526,-0.034759,8.5187
1.8501,2.0906,0.078833,-0.046529,-0.034881,8.5177
1.8502,2.0906,0.078831,-0.046527,-0.034963,8.5325
1.8502,2.0906,0.078829,-0.046521,-0.034997,8.5196
1.8503,2.0906,0.078827,-0.046516,-0.035028,8.5159
1.8503,2.0906,0.078826,-0.046507,-0.035022,8.5253
1.8504,2.0906,0.078824,-0.046493,-0.035073,8.5253
1.8504,2.0906,0.078822,-0.046478,-0.035099,8.5159
1.8505,2.0906,0.07882,-0.046465,-0.035159,8.5207
1.8505,2.0906,0.078818,-0.046449,-0.035216,8.529
1.8506,2.0906,0.078816,-0.046437,-0.035286,8.5273
1.8506,2.0906,0.078814,-0.046432,-0.035355,8.5238
1.8507,2.0906,0.078813,-0.046424,-0.035409,8.5219
1.8507,2.0906,0.078811,-0.046424,-0.035437,8.5134
1.8508,2.0906,0.078809,-0.046422,-0.035484,8.5078
1.8508,2.0906,0.078807,-0.04642,-0.035518,8.517
1.8509,2.0906,0.078805,-0.046416,-0.035616,8.5116
1.8509,2.0906,0.078803,-0.046408,-0.035735,8.5068
1.851,2.0906,0.078801,-0.046401,-0.035852,8.5225
1.8511,2.0906,0.078799,-0.046389,-0.035961,8.5234
1.8511,2.0906,0.078798,-0.046367,-0.036055,8.5141
1.8512,2.0906,0.078796,-0.04634,-0.036114,8.527
1.8512,2.0906,0.078794,-0.046306,-0.036136,8.5257
1.8513,2.0906,0.078792,-0.046264,-0.036119,8.5164
1.8513,2.0906,0.07879,-0.046218,-0.036068,8.5186
1.8514,2.0906,0.078788,-0.046176,-0.035972,8.5275
1.8514,2.0906,0.078786,-0.046142,-0.035886,8.5235
1.8515,2.0906,0.078784,-0.046115,-0.035815,8.526
1.8515,2.0906,0.078782,-0.046093,-0.035774,8.5374
1.8516,2.0906,0.07878,-0.046075,-0.035736,8.5418
1.8516,2.0906,0.078779,-0.046057,-0.035731,8.5424
1.8517,2.0906,0.078777,-0.046035,-0.035728,8.5517
1.8517,2.0906,0.078775,-0.046015,-0.035731,8.5412
1.8518,2.0906,0.078773,-0.045989,-0.035745,8.538
1.8518,2.0906,0.078771,-0.045958,-0.035766,8.5436
1.8519,2.0906,0.078769,-0.045928,-0.035777,8.5394
1.8519,2.0906,0.078767,-0.0459,-0.035803,8.5297
1.852,2.0905,0.078765,-0.045873,-0.035824,8.5367
1.8521,2.0905,0.078764,-0.045848,-0.035866,8.5411
1.8521,2.0905,0.078762,-0.045824,-0.035898,8.5264
1.8522,2.0905,0.07876,-0.0458,-0.035956,8.5298
1.8522,2.0905,0.078758,-0.04577,-0.036012,8.5379
1.8523,2.0905,0.078756,-0.045736,-0.036047,8.5308
1.8523,2.0905,0.078754,-0.045702,-0.036039,8.5243
1.8524,2.0905,0.078752,-0.045666,-0.035997,8.5312
1.8524,2.0905,0.07875,-0.045629,-0.035942,8.5258
1.8525,2.0905,0.078748,-0.045592,-0.035887,8.5253
1.8525,2.0905,0.078747,-0.045553,-0.035848,8.5318
1.8526,2.0905,0.078745,-0.045515,-0.035844,8.537
1.8526,2.0905,0.078743,-0.045477,-0.035847,8.5387
1.8527,2.0905,0.078741,-0.045439,-0.035873,8.55
1.8527,2.0905,0.078739,-0.0454,-0.035876,8.5512
1.8528,2.0905,0.078737,-0.04536,-0.035875,8.5445
1.8528,2.0905,0.078735,-0.045319,-0.035867,8.5485
1.8529,2.0905,0.078733,-0.045276,-0.035849,8.5517
1.8529,2.0905,0.078731,-0.045233,-0.035841,8.5418
1.853,2.0905,0.07873,-0.045196,-0.035818,8.5471
1.8531,2.0905,0.078728,-0.045161,-0.035747,8.5532
1.8531,2.0905,0.078726,-0.045132,-0.035658,8.5475
1.8532,2.0905,0.078724,-0.045105,-0.035545,8.54
1.8532,2.0905,0.078722,-0.045076,-0.035405,8.5478
1.8533,2.0905,0.07872,-0.045045,-0.035232,8.5325
1.8533,2.0905,0.078718,-0.045013,-0.035046,8.5185
1.8534,2.0905,0.078716,-0.044983,-0.034862,8.5214
1.8534,2.0905,0.078715,-0.044955,-0.034659,8.5145
1.8535,2.0905,0.078713,-0.044922,-0.034434,8.504
1.8535,2.0905,0.078711,-0.04489,-0.034216,8.5084
1.8536,2.0905,0.078709,-0.044856,-0.034037,8.5104
1.8536,2.0905,0.078707,-0.044822,-0.033883,8.5007
1.8537,2.0905,0.078706,-0.044789,-0.03373,8.5047
1.8537,2.0905,0.078704,-0.04476,-0.03361,8.507
1.8538,2.0905,0.078702,-0.04473,-0.033504,8.4956
1.8538,2.0905,0.0787,-0.044697,-0.033397,8.492
1.8539,2.0905,0.078699,-0.044659,-0.033275,8.5027
1.8539,2.0905,0.078697,-0.044619,-0.03311,8.4918
1.854,2.0905,0.078695,-0.044575,-0.032965,8.4903
1.8541,2.0905,0.078693,-0.044536,-0.032838,8.4973
1.8541,2.0905,0.078692,-0.044496,-0.03273,8.4952
1.8542,2.0905,0.07869,-0.044459,-0.032684,8.4934
1.8542,2.0904,0.078688,-0.044427,-0.032678,8.5047
1.8543,2.0904,0.078687,-0.044397,-0.0327,8.5024
1.8543,2.0904,0.078685,-0.044367,-0.032724,8.4947
1.8544,2.0904,0.078683,-0.044335,-0.032727,8.4975
1.8544,2.0904,0.078681,-0.044297,-0.032721,8.4996
1.8545,2.0904,0.07868,-0.044258,-0.032725,8.4941
1.8545,2.0904,0.078678,-0.044216,-0.032696,8.4972
1.8546,2.0904,0.078676,-0.044173,-0.032664,8.5099
1.8546,2.0904,0.078675,-0.044133,-0.032606,8.5089
1.8547,2.0904,0.078673,-0.044094,-0.032501,8.5007
1.8547,2.0904,0.078671,-0.044056,-0.032364,8.5121
1.8548,2.0904,0.078669,-0.044018,-0.032226,8.5063
1.8548,2.0904,0.078668,-0.04398,-0.032122,8.502
1.8549,2.0904,0.078666,-0.043941,-0.032051,8.505
1.8549,2.0904,0.078664,-0.043904,-0.03195,8.5009
1.855,2.0904,0.078663,-0.043866,-0.031885,8.495
1.8551,2.0904,0.078661,-0.043829,-0.031804,8.4984
1.8551,2.0904,0.078659,-0.043792,-0.031666,8.5015
1.8552,2.0904,0.078658,-0.043756,-0.031525,8.4971
1.8552,2.0904,0.078656,-0.043718,-0.03139,8.4997
1.8553,2.0904,0.078654,-0.043679,-0.031259,8.5134
1.8553,2.0904,0.078653,-0.043639,-0.031123,8.5056
1.8554,2.0904,0.078651,-0.0436,-0.031002,8.506
1.8554,2.0904,0.078649,-0.043559,-0.030901,8.5092
1.8555,2.0904,0.078648,-0.04351,-0.030806,8.4987
1.8555,2.0904,0.078646,-0.043457,-0.030718,8.5047
1.8556,2.0904,0.078645,-0.043402,-0.030669,8.5155
1.8556,2.0904,0.078643,-0.043345,-0.03065,8.5167
1.8557,2.0904,0.078641,-0.043293,-0.030603,8.5111
1.8557,2.0904,0.07864,-0.043247,-0.030556,8.526
1.8558,2.0904,0.078638,-0.043212,-0.030535,8.5287
1.8558,2.0904,0.078637,-0.043179,-0.030467,8.5185
1.8559,2.0904,0.078635,-0.043146,-0.03038,8.5213
1.8559,2.0904,0.078633,-0.043114,-0.030294,8.5169
1.856,2.0904,0.078632,-0.043081,-0.03022,8.5148
1.8561,2.0904,0.07863,-0.043045,-0.030174,8.523
1.8561,2.0904,0.078629,-0.043009,-0.030123,8.5274
1.8562,2.0904,0.078627,-0.042973,-0.030089,8.525
1.8562,2.0904,0.078625,-0.04294,-0.030077,8.5318
1.8563,2.0904,0.078624,-0.042907,-0.030048,8.5483
1.8563,2.0904,0.078622,-0.042877,-0.030018,8.5375
1.8564,2.0904,0.078621,-0.042845,-0.029985,8.5286
1.8564,2.0904,0.078619,-0.042813,-0.02995,8.5378
1.8565,2.0903,0.078618,-0.042781,-0.029913,8.5366
1.8565,2.0903,0.078616,-0.042749,-0.029881,8.5297
1.8566,2.0903,0.078614,-0.042718,-0.02985,8.5449
1.8566,2.0903,0.078613,-0.042689,-0.029818,8.5551
1.8567,2.0903,0.078611,-0.042664,-0.029784,8.5509
1.8567,2.0903,0.07861,-0.042639,-0.029746,8.5599
1.8568,2.0903,0.078608,-0.042613,-0.029703,8.5695
1.8568,2.0903,0.078607,-0.04259,-0.029653,8.5575
1.8569,2.0903,0.078605,-0.042567,-0.029601,8.5604
1.8569,2.0903,0.078603,-0.042544,-0.029549,8.5649
1.857,2.0903,0.078602,-0.04252,-0.029496,8.5649
1.8571,2.0903,0.0786,-0.042495,-0.029442,8.5636
1.8571,2.0903,0.078599,-0.042469,-0.029387,8.5681
1.8572,2.0903,0.078597,-0.042443,-0.029331,8.5659
1.8572,2.0903,0.078596,-0.042418,-0.029274,8.5596
1.8573,2.0903,0.078594,-0.042394,-0.029217,8.5717
1.8573,2.0903,0.078593,-0.042371,-0.029159,8.5691
1.8574,2.0903,0.078591,-0.042352,-0.029101,8.5576
1.8574,2.0903,0.07859,-0.042333,-0.029042,8.5677
1.8575,2.0903,0.078588,-0.042315,-0.028983,8.5716
1.8575,2.0903,0.078587,-0.042294,-0.028924,8.5577
1.8576,2.0903,0.078585,-0.042275,-0.028864,8.5651
1.8576,2.0903,0.078584,-0.042253,-0.028805,8.5764
1.8577,2.0903,0.078582,-0.042232,-0.028761,8.5688
1.8577,2.0903,0.078581,-0.042211,-0.028693,8.5683
1.8578,2.0903,0.078579,-0.042187,-0.028606,8.5844
1.8578,2.0903,0.078578,-0.042161,-0.028508,8.5735
1.8579,2.0903,0.078576,-0.042135,-0.028405,8.5686
1.8579,2.0903,0.078575,-0.04211,-0.028303,8.5791
1.858,2.0903,0.078573,-0.04209,-0.028211,8.5774
1.8581,2.0903,0.078572,-0.042075,-0.028135,8.5665
1.8581,2.0903,0.07857,-0.042068,-0.028084,8.5753
1.8582,2.0903,0.078569,-0.042067,-0.02802,8.5827
1.8582,2.0903,0.078567,-0.042064,-0.027956,8.5756
1.8583,2.0903,0.078566,-0.042062,-0.027893,8.5773
1.8583,2.0903,0.078564,-0.042058,-0.02783,8.5867
1.8584,2.0903,0.078563,-0.042055,-0.027769,8.5733
1.8584,2.0903,0.078561,-0.042049,-0.027708,8.5766
1.8585,2.0903,0.07856,-0.042042,-0.027648,8.5789
1.8585,2.0903,0.078558,-0.042034,-0.027589,8.5693
1.8586,2.0903,0.078557,-0.042024,-0.027531,8.562
1.8586,2.0903,0.078555,-0.042015,-0.027475,8.5692
1.8587,2.0903,0.078554,-0.042007,-0.02742,8.5641
1.8587,2.0903,0.078553,-0.042001,-0.027366,8.5592
1.8588,2.0903,0.078551,-0.041999,-0.027313,8.5655
1.8588,2.0902,0.07855,-0.042,-0.027262,8.563
1.8589,2.0902,0.078548,-0.042004,-0.027213,8.5595
1.8589,2.0902,0.078547,-0.042009,-0.027165,8.5641
1.859,2.0902,0.078545,-0.042015,-0.02712,8.5619
1.8591,2.0902,0.078544,-0.042021,-0.027076,8.549
1.8591,2.0902,0.078543,-0.042028,-0.027035,8.5493
1.8592,2.0902,0.078541,-0.042037,-0.026995,8.5608
1.8592,2.0902,0.07854,-0.042046,-0.026958,8.5485
1.8593,2.0902,0.078538,-0.042057,-0.026923,8.5563
1.8593,2.0902,0.078537,-0.042069,-0.026906,8.5728
1.8594,2.0902,0.078536,-0.042081,-0.026867,8.56
1.8594,2.0902,0.078534,-0.042095,-0.026812,8.5596
1.8595,2.0902,0.078533,-0.042113,-0.026748,8.5739
1.8595,2.0902,0.078531,-0.042124,-0.026681,8.5671
1.8596,2.0902,0.07853,-0.042129,-0.026619,8.5591
1.8596,2.0902,0.078528,-0.042131,-0.026568,8.5634
1.8597,2.0902,0.078527,-0.04213,-0.026536,8.5608
1.8597,2.0902,0.078526,-0.04214,-0.026547,8.5545
1.8598,2.0902,0.078524,-0.042148,-0.026522,8.5676
1.8598,2.0902,0.078523,-0.04216,-0.026498,8.5739
1.8599,2.0902,0.078522,-0.042176,-0.02644,8.5667
1.8599,2.0902,0.07852,-0.042182,-0.026362,8.5644
1.86,2.0902,0.078519,-0.042178,-0.026276,8.5727
1.8601,2.0902,0.078517,-0.042172,-0.026198,8.5615
1.8601,2.0902,0.078516,-0.042165,-0.026155,8.5528
1.8602,2.0902,0.078515,-0.042164,-0.026125,8.5697
1.8602,2.0902,0.078513,-0.042161,-0.026082,8.5596
1.8603,2.0902,0.078512,-0.04216,-0.026056,8.5544
1.8603,2.0902,0.07851,-0.042164,-0.026013,8.5614
1.8604,2.0902,0.078509,-0.042169,-0.025991,8.5593
1.8604,2.0902,0.078508,-0.042173,-0.025957,8.5549
1.8605,2.0902,0.078506,-0.042177,-0.025926,8.5572
1.8605,2.0902,0.078505,-0.042174,-0.025911,8.5516
1.8606,2.0902,0.078504,-0.04217,-0.025896,8.5474
1.8606,2.0902,0.078502,-0.042167,-0.025877,8.5497
1.8607,2.0902,0.078501,-0.04216,-0.025845,8.5666
1.8607,2.0902,0.0785,-0.042156,-0.025793,8.5578
1.8608,2.0902,0.078498,-0.04215,-0.025726,8.5623
1.8608,2.0902,0.078497,-0.042145,-0.025605,8.573
1.8609,2.0902,0.078496,-0.042141,-0.025454,8.5769
1.8609,2.0902,0.078494,-0.042136,-0.025288,8.5673
1.861,2.0902,0.078493,-0.042143,-0.025118,8.5723
1.8611,2.0902,0.078492,-0.042157,-0.024953,8.5708
1.8611,2.0902,0.07849,-0.042181,-0.024812,8.5633
1.8612,2.0902,0.078489,-0.042213,-0.024706,8.5695
1.8612,2.0901,0.078488,-0.042253,-0.02464,8.5665
1.8613,2.0901,0.078486,-0.042294,-0.024615,8.5623
1.8613,2.0901,0.078485,-0.042328,-0.024642,8.5693
1.8614,2.0901,0.078484,-0.042349,-0.024663,8.5711
1.8614,2.0901,0.078482,-0.042356,-0.024676,8.5574
1.8615,2.0901,0.078481,-0.042352,-0.024661,8.5627
1.8615,2.0901,0.07848,-0.042339,-0.024643,8.5683
1.8616,2.0901,0.078479,-0.042324,-0.024592,8.5573
1.8616,2.0901,0.078477,-0.042313,-0.024541,8.5532
1.8617,2.0901,0.078476,-0.042299,-0.024488,8.56
1.8617,2.0901,0.078475,-0.04229,-0.024426,8.5584
1.8618,2.0901,0.078473,-0.042286,-0.024353,8.5528
1.8618,2.0901,0.078472,-0.04228,-0.024294,8.5707
1.8619,2.0901,0.078471,-0.042272,-0.024211,8.5761
1.8619,2.0901,0.07847,-0.042262,-0.024128,8.5645
1.862,2.0901,0.078468,-0.042249,-0.024016,8.5772
1.8621,2.0901,0.078467,-0.042233,-0.023906,8.5744
1.8621,2.0901,0.078466,-0.042213,-0.023761,8.5762
1.8622,2.0901,0.078465,-0.0422,-0.023613,8.581
1.8622,2.0901,0.078463,-0.042197,-0.023477,8.584
1.8623,2.0901,0.078462,-0.042194,-0.023377,8.5793
1.8623,2.0901,0.078461,-0.042196,-0.023301,8.5821
1.8624,2.0901,0.07846,-0.042201,-0.023233,8.6026
1.8624,2.0901,0.078458,-0.04221,-0.023159,8.5986
1.8625,2.0901,0.078457,-0.042221,-0.023064,8.596
1.8625,2.0901,0.078456,-0.042227,-0.022932,8.6131
1.8626,2.0901,0.078455,-0.042231,-0.022792,8.5992
1.8626,2.0901,0.078454,-0.042235,-0.022622,8.5915
1.8627,2.0901,0.078452,-0.042236,-0.022464,8.5924
1.8627,2.0901,0.078451,-0.042237,-0.022303,8.5945
1.8628,2.0901,0.07845,-0.042238,-0.022138,8.5852
1.8628,2.0901,0.078449,-0.042244,-0.021971,8.5938
1.8629,2.0901,0.078448,-0.042248,-0.021783,8.6008
1.8629,2.0901,0.078447,-0.042246,-0.021602,8.5901
1.863,2.0901,0.078446,-0.042242,-0.021466,8.5924
1.8631,2.0901,0.078444,-0.042238,-0.021344,8.5956
1.8631,2.0901,0.078443,-0.042234,-0.021248,8.5887
1.8632,2.0901,0.078442,-0.042229,-0.021185,8.5876
1.8632,2.0901,0.078441,-0.042221,-0.021152,8.5887
1.8633,2.0901,0.07844,-0.04221,-0.021138,8.5799
1.8633,2.0901,0.078439,-0.04219,-0.021124,8.5789
1.8634,2.0901,0.078438,-0.042166,-0.021135,8.5867
1.8634,2.0901,0.078437,-0.042138,-0.02118,8.5886
1.8635,2.0901,0.078436,-0.042112,-0.021233,8.5842
1.8635,2.0901,0.078434,-0.042086,-0.021266,8.6027
1.8636,2.09,0.078433,-0.042059,-0.021284,8.5967
1.8636,2.09,0.078432,-0.042032,-0.021312,8.5878
1.8637,2.09,0.078431,-0.042006,-0.021315,8.5895
1.8637,2.09,0.07843,-0.04198,-0.02131,8.5936
1.8638,2.09,0.078429,-0.041954,-0.021309,8.5853
1.8638,2.09,0.078428,-0.041931,-0.021328,8.592
1.8639,2.09,0.078427,-0.041909,-0.021401,8.6039
1.8639,2.09,0.078425,-0.041884,-0.021463,8.6011
1.864,2.09,0.078424,-0.041858,-0.021518,8.5908
1.8641,2.09,0.078423,-0.04183,-0.02156,8.6001
1.8641,2.09,0.078422,-0.041804,-0.021545,8.5952
1.8642,2.09,0.078421,-0.041783,-0.021487,8.5889
1.8642,2.09,0.07842,-0.041769,-0.021382,8.5889
1.8643,2.09,0.078419,-0.041765,-0.021276,8.5815
1.8643,2.09,0.078418,-0.041766,-0.021225,8.5694
1.8644,2.09,0.078416,-0.041764,-0.021187,8.576
1.8644,2.09,0.078415,-0.041758,-0.021168,8.5748
1.8645,2.09,0.078414,-0.041743,-0.021188,8.5708
1.8645,2.09,0.078413,-0.041722,-0.0212,8.5725
1.8646,2.09,0.078412,-0.041697,-0.021203,8.5717
1.8646,2.09,0.078411,-0.041671,-0.021205,8.5474
1.8647,2.09,0.07841,-0.041648,-0.021219,8.5412
1.8647,2.09,0.078409,-0.041626,-0.021238,8.5472
1.8648,2.09,0.078408,-0.041603,-0.021204,8.538
1.8648,2.09,0.078406,-0.041581,-0.021155,8.5339
1.8649,2.09,0.078405,-0.041559,-0.02114,8.544
1.8649,2.09,0.078404,-0.041537,-0.021094,8.544
1.865,2.09,0.078403,-0.041516,-0.021063,8.5377
1.8651,2.09,0.078402,-0.041495,-0.021094,8.5547
1.8651,2.09,0.078401,-0.041475,-0.021136,8.5535
1.8652,2.09,0.0784,-0.041454,-0.02118,8.5431
1.8652,2.09,0.078399,-0.041434,-0.02123,8.5474
1.8653,2.09,0.078397,-0.041415,-0.021292,8.5468
1.8653,2.09,0.078396,-0.041393,-0.02135,8.542
1.8654,2.09,0.078395,-0.041373,-0.021393,8.5443
1.8654,2.09,0.078394,-0.041358,-0.021437,8.5552
1.8655,2.09,0.078393,-0.041352,-0.021479,8.5523
1.8655,2.09,0.078392,-0.041352,-0.021485,8.546
1.8656,2.09,0.078391,-0.041356,-0.021461,8.5557
1.8656,2.09,0.07839,-0.041357,-0.021464,8.5503
1.8657,2.09,0.078388,-0.041356,-0.021468,8.5396
1.8657,2.09,0.078387,-0.041352,-0.021445,8.5446
1.8658,2.09,0.078386,-0.041347,-0.021469,8.5407
1.8658,2.09,0.078385,-0.041342,-0.021515,8.5354
1.8659,2.09,0.078384,-0.041336,-0.021565,8.5411
1.8659,2.09,0.078383,-0.041325,-0.021608,8.5447
1.866,2.0899,0.078382,-0.041319,-0.021625,8.538
1.8661,2.0899,0.078381,-0.041318,-0.021647,8.5392
1.8661,2.0899,0.078379,-0.041332,-0.021652,8.5403
1.8662,2.0899,0.078378,-0.041364,-0.021634,8.5298
1.8662,2.0899,0.078377,-0.041412,-0.02163,8.5275
1.8663,2.0899,0.078376,-0.041467,-0.021626,8.5292
1.8663,2.0899,0.078375,-0.041522,-0.021622,8.522
1.8664,2.0899,0.078374,-0.041557,-0.021621,8.5192
1.8664,2.0899,0.078373,-0.04158,-0.021618,8.5311
1.8665,2.0899,0.078371,-0.04159,-0.021611,8.5301
1.8665,2.0899,0.07837,-0.041595,-0.0216,8.5302
1.8666,2.0899,0.078369,-0.041599,-0.021587,8.536
1.8666,2.0899,0.078368,-0.041607,-0.021575,8.5389
1.8667,2.0899,0.078367,-0.041619,-0.021565,8.5354
1.8667,2.0899,0.078366,-0.041637,-0.021558,8.5372
1.8668,2.0899,0.078365,-0.041647,-0.021558,8.5438
1.8668,2.0899,0.078363,-0.041653,-0.021559,8.5298
1.8669,2.0899,0.078362,-0.041658,-0.02156,8.5357
1.8669,2.0899,0.078361,-0.041661,-0.021561,8.5505
1.867,2.0899,0.07836,-0.041662,-0.021563,8.5358
1.8671,2.0899,0.078359,-0.041659,-0.021565,8.5363
1.8671,2.0899,0.078358,-0.041658,-0.021569,8.5461
1.8672,2.0899,0.078357,-0.041657,-0.021573,8.5407
1.8672,2.0899,0.078356,-0.041656,-0.021578,8.53
1.8673,2.0899,0.078354,-0.041653,-0.021583,8.5339
1.8673,2.0899,0.078353,-0.041644,-0.021589,8.5354
1.8674,2.0899,0.078352,-0.041639,-0.021596,8.5079
1.8674,2.0899,0.078351,-0.041629,-0.021603,8.5183
1.8675,2.0899,0.07835,-0.041614,-0.02161,8.5321
1.8675,2.0899,0.078349,-0.041599,-0.021619,8.5264
1.8676,2.0899,0.078348,-0.041583,-0.021628,8.5261
1.8676,2.0899,0.078346,-0.041566,-0.021637,8.534
1.8677,2.0899,0.078345,-0.041546,-0.021647,8.5268
1.8677,2.0899,0.078344,-0.041522,-0.021658,8.5267
1.8678,2.0899,0.078343,-0.041502,-0.021669,8.5336
1.8678,2.0899,0.078342,-0.041482,-0.021681,8.5236
1.8679,2.0899,0.078341,-0.041452,-0.021694,8.5295
1.8679,2.0899,0.07834,-0.041418,-0.021707,8.5426
1.868,2.0899,0.078338,-0.041372,-0.021721,8.5447
1.8681,2.0899,0.078337,-0.041324,-0.021736,8.5402
1.8681,2.0899,0.078336,-0.041265,-0.021751,8.554
1.8682,2.0899,0.078335,-0.041202,-0.021767,8.557
1.8682,2.0899,0.078334,-0.041144,-0.021784,8.5477
1.8683,2.0899,0.078333,-0.041096,-0.021802,8.5486
1.8683,2.0899,0.078332,-0.041049,-0.021821,8.551
1.8684,2.0899,0.07833,-0.041014,-0.021841,8.5443
1.8684,2.0898,0.078329,-0.040985,-0.021861,8.5423
1.8685,2.0898,0.078328,-0.040957,-0.021883,8.5583
1.8685,2.0898,0.078327,-0.04092,-0.021905,8.5487
1.8686,2.0898,0.078326,-0.04088,-0.021928,8.5472
1.8686,2.0898,0.078325,-0.04084,-0.021952,8.5568
1.8687,2.0898,0.078323,-0.040799,-0.021962,8.5532
1.8687,2.0898,0.078322,-0.040758,-0.021984,8.5452
1.8688,2.0898,0.078321,-0.040722,-0.022033,8.5434
1.8688,2.0898,0.07832,-0.040691,-0.022118,8.5424
1.8689,2.0898,0.078319,-0.040653,-0.022254,8.5292
1.8689,2.0898,0.078318,-0.040621,-0.022398,8.5376
1.869,2.0898,0.078316,-0.040581,-0.02256,8.5478
1.8691,2.0898,0.078315,-0.040533,-0.022705,8.5435
1.8691,2.0898,0.078314,-0.040476,-0.022799,8.5496
1.8692,2.0898,0.078313,-0.040411,-0.022855,8.5569
1.8692,2.0898,0.078312,-0.040344,-0.02288,8.5483
1.8693,2.0898,0.07831,-0.040278,-0.022884,8.5546
1.8693,2.0898,0.078309,-0.040216,-0.022886,8.5624
1.8694,2.0898,0.078308,-0.04016,-0.022864,8.5565
1.8694,2.0898,0.078307,-0.040102,-0.022859,8.5516
1.8695,2.0898,0.078306,-0.040047,-0.022854,8.5686
1.8695,2.0898,0.078304,-0.039994,-0.02285,8.5701
1.8696,2.0898,0.078303,-0.039948,-0.022847,8.5687
1.8696,2.0898,0.078302,-0.039909,-0.022846,8.5746
1.8697,2.0898,0.078301,-0.039856,-0.022845,8.5782
1.8697,2.0898,0.0783,-0.039793,-0.022846,8.5667
1.8698,2.0898,0.078298,-0.039721,-0.022848,8.5664
1.8698,2.0898,0.078297,-0.039649,-0.022851,8.5636
1.8699,2.0898,0.078296,-0.039583,-0.022855,8.55
1.8699,2.0898,0.078295,-0.039529,-0.02286,8.5433
1.87,2.0898,0.078294,-0.039491,-0.022867,8.5433
1.8701,2.0898,0.078292,-0.039459,-0.022875,8.5314
1.8701,2.0898,0.078291,-0.03942,-0.022885,8.5235
1.8702,2.0898,0.07829,-0.03938,-0.022896,8.5256
1.8702,2.0898,0.078289,-0.03934,-0.022908,8.5161
1.8703,2.0898,0.078288,-0.0393,-0.022921,8.5055
1.8703,2.0898,0.078286,-0.039259,-0.022937,8.5104
1.8704,2.0898,0.078285,-0.039217,-0.022953,8.5071
1.8704,2.0898,0.078284,-0.039176,-0.022971,8.4936
1.8705,2.0898,0.078283,-0.039138,-0.02299,8.5076
1.8705,2.0898,0.078282,-0.039096,-0.023011,8.5135
1.8706,2.0898,0.07828,-0.039053,-0.023033,8.51
1.8706,2.0898,0.078279,-0.039009,-0.023056,8.5171
1.8707,2.0898,0.078278,-0.038961,-0.02308,8.5174
1.8707,2.0898,0.078277,-0.038917,-0.023105,8.5126
1.8708,2.0898,0.078275,-0.038876,-0.023132,8.516
1.8708,2.0898,0.078274,-0.038841,-0.023159,8.5167
1.8709,2.0897,0.078273,-0.038804,-0.023188,8.5131
1.8709,2.0897,0.078272,-0.038764,-0.023218,8.5038
1.871,2.0897,0.078271,-0.038717,-0.023249,8.5172
1.8711,2.0897,0.078269,-0.038655,-0.023267,8.5179
1.8711,2.0897,0.078268,-0.038575,-0.02331,8.508
1.8712,2.0897,0.078267,-0.038485,-0.02337,8.5222
1.8712,2.0897,0.078266,-0.03839,-0.023439,8.5221
1.8713,2.0897,0.078264,-0.038301,-0.023509,8.5087
1.8713,2.0897,0.078263,-0.038219,-0.023575,8.5156
1.8714,2.0897,0.078262,-0.038154,-0.023629,8.5197
1.8714,2.0897,0.078261,-0.0381,-0.023665,8.5115
1.8715,2.0897,0.078259,-0.038051,-0.023678,8.5048
1.8715,2.0897,0.078258,-0.038001,-0.023706,8.5175
1.8716,2.0897,0.078257,-0.03795,-0.023735,8.5112
1.8716,2.0897,0.078256,-0.037901,-0.023765,8.5056
1.8717,2.0897,0.078254,-0.037848,-0.023795,8.515
1.8717,2.0897,0.078253,-0.037794,-0.023826,8.5108
1.8718,2.0897,0.078252,-0.037736,-0.023857,8.5043
1.8718,2.0897,0.078251,-0.037682,-0.023889,8.5107
1.8719,2.0897,0.078249,-0.037632,-0.023921,8.5127
1.8719,2.0897,0.078248,-0.037586,-0.023953,8.5086
1.872,2.0897,0.078247,-0.037543,-0.023971,8.5134
1.8721,2.0897,0.078246,-0.037507,-0.024014,8.5214
1.8721,2.0897,0.078244,-0.037466,-0.024074,8.5234
1.8722,2.0897,0.078243,-0.037416,-0.024142,8.5344
1.8722,2.0897,0.078242,-0.037357,-0.024199,8.544
1.8723,2.0897,0.078241,-0.037299,-0.024274,8.5317
1.8723,2.0897,0.078239,-0.03724,-0.024354,8.5333
1.8724,2.0897,0.078238,-0.037184,-0.024425,8.5405
1.8724,2.0897,0.078237,-0.037129,-0.02446,8.537
1.8725,2.0897,0.078235,-0.037083,-0.024515,8.5332
1.8725,2.0897,0.078234,-0.037041,-0.0246,8.5442
1.8726,2.0897,0.078233,-0.036996,-0.024677,8.5402
1.8726,2.0897,0.078232,-0.036951,-0.024752,8.5383
1.8727,2.0897,0.07823,-0.036904,-0.024864,8.5529
1.8727,2.0897,0.078229,-0.036848,-0.02501,8.5483
1.8728,2.0897,0.078228,-0.036795,-0.025152,8.5436
1.8728,2.0897,0.078226,-0.036742,-0.025257,8.5569
1.8729,2.0897,0.078225,-0.036698,-0.025338,8.5538
1.8729,2.0897,0.078224,-0.036664,-0.025399,8.5372
1.873,2.0897,0.078222,-0.036642,-0.025407,8.5396
1.8731,2.0897,0.078221,-0.036622,-0.025389,8.5486
1.8731,2.0897,0.07822,-0.036603,-0.025363,8.5417
1.8732,2.0897,0.078218,-0.036587,-0.025354,8.5465
1.8732,2.0897,0.078217,-0.03657,-0.025346,8.5545
1.8733,2.0897,0.078216,-0.036547,-0.02534,8.5493
1.8733,2.0897,0.078214,-0.036533,-0.025321,8.5482
1.8734,2.0897,0.078213,-0.036511,-0.025328,8.5587
1.8734,2.0897,0.078212,-0.03648,-0.025352,8.5606
1.8735,2.0897,0.07821,-0.036446,-0.025386,8.555
1.8735,2.0897,0.078209,-0.036407,-0.025422,8.5681
1.8736,2.0896,0.078208,-0.036371,-0.025455,8.5756
1.8736,2.0896,0.078206,-0.036332,-0.025477,8.5715
1.8737,2.0896,0.078205,-0.036301,-0.025482,8.5837
1.8737,2.0896,0.078204,-0.036291,-0.025464,8.5927
1.8738,2.0896,0.078202,-0.036273,-0.025463,8.5826
1.8738,2.0896,0.078201,-0.036241,-0.025449,8.5838
1.8739,2.0896,0.078199,-0.036202,-0.02546,8.5936
1.8739,2.0896,0.078198,-0.036143,-0.025489,8.5813
1.874,2.0896,0.078197,-0.036075,-0.025528,8.5668
1.8741,2.0896,0.078195,-0.036003,-0.02557,8.5796
1.8741,2.0896,0.078194,-0.035919,-0.025608,8.5735
1.8742,2.0896,0.078193,-0.03585,-0.025651,8.5722
1.8742,2.0896,0.078191,-0.035773,-0.025668,8.577
1.8743,2.0896,0.07819,-0.035689,-0.02562,8.5839
1.8743,2.0896,0.078189,-0.035608,-0.025574,8.5744
1.8744,2.0896,0.078187,-0.03553,-0.025488,8.5767
1.8744,2.0896,0.078186,-0.035455,-0.025381,8.5746
1.8745,2.0896,0.078185,-0.035384,-0.025274,8.5635
1.8745,2.0896,0.078183,-0.035301,-0.025188,8.5742
1.8746,2.0896,0.078182,-0.035232,-0.025145,8.5814
1.8746,2.0896,0.078181,-0.035159,-0.025123,8.5689
1.8747,2.0896,0.078179,-0.035091,-0.025104,8.5744
1.8747,2.0896,0.078178,-0.035031,-0.025097,8.5868
1.8748,2.0896,0.078177,-0.034978,-0.025088,8.5889
1.8748,2.0896,0.078175,-0.034925,-0.025121,8.5821
1.8749,2.0896,0.078174,-0.034883,-0.025182,8.5958
1.8749,2.0896,0.078173,-0.034842,-0.025254,8.5891
1.875,2.0896,0.078171,-0.034809,-0.025323,8.5799
1.8751,2.0896,0.07817,-0.034774,-0.025376,8.5912
1.8751,2.0896,0.078169,-0.034742,-0.025401,8.5989
1.8752,2.0896,0.078167,-0.034712,-0.025371,8.5901
1.8752,2.0896,0.078166,-0.034692,-0.025358,8.5962
1.8753,2.0896,0.078165,-0.034681,-0.025364,8.6071
1.8753,2.0896,0.078163,-0.034678,-0.02539,8.5938
1.8754,2.0896,0.078162,-0.03468,-0.02546,8.5919
1.8754,2.0896,0.078161,-0.034682,-0.025537,8.6054
1.8755,2.0896,0.078159,-0.034668,-0.025638,8.5911
1.8755,2.0896,0.078158,-0.034647,-0.025736,8.5811
1.8756,2.0896,0.078157,-0.034626,-0.025802,8.5857
1.8756,2.0896,0.078155,-0.034619,-0.025856,8.5827
1.8757,2.0896,0.078154,-0.034616,-0.025864,8.5698
1.8757,2.0896,0.078153,-0.034609,-0.025854,8.5715
1.8758,2.0896,0.078151,-0.034598,-0.025842,8.5789
1.8758,2.0896,0.07815,-0.034592,-0.025794,8.5625
1.8759,2.0896,0.078149,-0.034578,-0.025787,8.5678
1.8759,2.0896,0.078147,-0.034555,-0.025798,8.5667
1.876,2.0896,0.078146,-0.034532,-0.02582,8.5608
1.8761,2.0896,0.078144,-0.034511,-0.025846,8.5613
1.8761,2.0896,0.078143,-0.034477,-0.025869,8.5649
1.8762,2.0896,0.078142,-0.034428,-0.025868,8.5563
1.8762,2.0896,0.07814,-0.034369,-0.025861,8.5642
1.8763,2.0896,0.078139,-0.034315,-0.02586,8.581
1.8763,2.0896,0.078138,-0.034269,-0.025912,8.5725
1.8764,2.0896,0.078136,-0.034224,-0.026003,8.5742
1.8764,2.0895,0.078135,-0.034188,-0.026128,8.5866
1.8765,2.0895,0.078134,-0.034155,-0.026274,8.5809
1.8765,2.0895,0.078132,-0.034121,-0.026437,8.5783
1.8766,2.0895,0.078131,-0.034082,-0.026556,8.585
1.8766,2.0895,0.078129,-0.034042,-0.026654,8.5875
1.8767,2.0895,0.078128,-0.033991,-0.026737,8.5788
1.8767,2.0895,0.078127,-0.033931,-0.026813,8.5918
1.8768,2.0895,0.078125,-0.033854,-0.02689,8.5981
1.8768,2.0895,0.078124,-0.033766,-0.026973,8.5878
1.8769,2.0895,0.078122,-0.033674,-0.02707,8.5859
1.8769,2.0895,0.078121,-0.033591,-0.027186,8.5939
1.877,2.0895,0.078119,-0.033517,-0.027282,8.5813
1.8771,2.0895,0.078118,-0.033442,-0.027373,8.572
1.8771,2.0895,0.078117,-0.033364,-0.027459,8.5767
1.8772,2.0895,0.078115,-0.033281,-0.027541,8.5669
1.8772,2.0895,0.078114,-0.033193,-0.027618,8.5542
1.8773,2.0895,0.078112,-0.033109,-0.02769,8.5655
1.8773,2.0895,0.078111,-0.033026,-0.027759,8.5659
1.8774,2.0895,0.078109,-0.032956,-0.027822,8.5592
1.8774,2.0895,0.078108,-0.032892,-0.027882,8.5656
1.8775,2.0895,0.078106,-0.032818,-0.027937,8.5744
1.8775,2.0895,0.078105,-0.032745,-0.027988,8.5667
1.8776,2.0895,0.078103,-0.032673,-0.028035,8.5677
1.8776,2.0895,0.078102,-0.032601,-0.028077,8.5727
1.8777,2.0895,0.0781,-0.032529,-0.028116,8.5648
1.8777,2.0895,0.078099,-0.032449,-0.028151,8.5643
1.8778,2.0895,0.078097,-0.032362,-0.028182,8.5837
1.8778,2.0895,0.078096,-0.032284,-0.028209,8.5866
1.8779,2.0895,0.078094,-0.032204,-0.028233,8.5791
1.8779,2.0895,0.078093,-0.032133,-0.028253,8.5972
1.878,2.0895,0.078091,-0.032065,-0.028268,8.588
1.8781,2.0895,0.07809,-0.032005,-0.028281,8.5804
1.8781,2.0895,0.078089,-0.031949,-0.028289,8.5864
1.8782,2.0895,0.078087,-0.031891,-0.028308,8.5939
1.8782,2.0895,0.078086,-0.031823,-0.028312,8.5786
1.8783,2.0895,0.078084,-0.031755,-0.028273,8.586
1.8783,2.0895,0.078083,-0.031674,-0.028205,8.5957
1.8784,2.0895,0.078081,-0.031584,-0.028137,8.5914
1.8784,2.0895,0.07808,-0.031492,-0.02806,8.5945
1.8785,2.0895,0.078078,-0.03141,-0.027971,8.6028
1.8785,2.0895,0.078077,-0.031333,-0.02786,8.5889
1.8786,2.0895,0.078075,-0.031261,-0.027776,8.5802
1.8786,2.0895,0.078074,-0.031187,-0.027698,8.5869
1.8787,2.0895,0.078072,-0.031107,-0.027569,8.5814
1.8787,2.0895,0.078071,-0.031016,-0.027419,8.5783
1.8788,2.0895,0.078069,-0.030912,-0.027271,8.5837
1.8788,2.0895,0.078068,-0.03081,-0.027092,8.5828
1.8789,2.0895,0.078067,-0.030704,-0.026916,8.5798
1.8789,2.0895,0.078065,-0.030605,-0.026736,8.5934
1.879,2.0895,0.078064,-0.030516,-0.026573,8.5939
1.8791,2.0895,0.078062,-0.030434,-0.02644,8.5879
1.8791,2.0895,0.078061,-0.03036,-0.026309,8.5887
1.8792,2.0895,0.07806,-0.030289,-0.026203,8.6065
1.8792,2.0895,0.078058,-0.030217,-0.026118,8.5959
1.8793,2.0895,0.078057,-0.030138,-0.026046,8.6005
1.8793,2.0895,0.078055,-0.030057,-0.026013,8.6209
1.8794,2.0895,0.078054,-0.029977,-0.025988,8.6194
1.8794,2.0895,0.078053,-0.029896,-0.025946,8.6199
1.8795,2.0895,0.078051,-0.029812,-0.025902,8.6276
1.8795,2.0895,0.07805,-0.029722,-0.025856,8.6177
1.8796,2.0894,0.078049,-0.029631,-0.025809,8.6146
1.8796,2.0894,0.078047,-0.029553,-0.025759,8.6144
1.8797,2.0894,0.078046,-0.029483,-0.025708,8.6214
1.8797,2.0894,0.078045,-0.029425,-0.025656,8.6031
1.8798,2.0894,0.078043,-0.029368,-0.025601,8.6091
1.8798,2.0894,0.078042,-0.029308,-0.025546,8.6151
1.8799,2.0894,0.078041,-0.029239,-0.025488,8.6083
1.8799,2.0894,0.078039,-0.029157,-0.025429,8.6065
1.88,2.0894,0.078038,-0.029073,-0.025369,8.6103
1.8801,2.0894,0.078037,-0.028994,-0.025307,8.5998
1.8801,2.0894,0.078035,-0.028918,-0.025243,8.5937
1.8802,2.0894,0.078034,-0.028844,-0.025179,8.5977
1.8802,2.0894,0.078033,-0.02877,-0.025113,8.5893
1.8803,2.0894,0.078031,-0.028697,-0.025045,8.5802
1.8803,2.0894,0.07803,-0.028624,-0.024977,8.5962
1.8804,2.0894,0.078029,-0.028555,-0.024906,8.6008
1.8804,2.0894,0.078027,-0.028486,-0.024835,8.5975
1.8805,2.0894,0.078026,-0.028415,-0.024762,8.6025
1.8805,2.0894,0.078025,-0.028345,-0.024688,8.6031
1.8806,2.0894,0.078023,-0.028273,-0.024613,8.5975
1.8806,2.0894,0.078022,-0.028203,-0.024537,8.6077
1.8807,2.0894,0.078021,-0.02813,-0.02446,8.6065
1.8807,2.0894,0.07802,-0.028054,-0.024382,8.5982
1.8808,2.0894,0.078018,-0.027972,-0.024303,8.6012
1.8808,2.0894,0.078017,-0.027889,-0.024224,8.6104
1.8809,2.0894,0.078016,-0.027797,-0.024144,8.6043
1.8809,2.0894,0.078014,-0.027707,-0.024077,8.6011
1.881,2.0894,0.078013,-0.027623,-0.024001,8.6105
1.8811,2.0894,0.078012,-0.027557,-0.023898,8.6013
1.8811,2.0894,0.078011,-0.027501,-0.023743,8.588
1.8812,2.0894,0.078009,-0.027452,-0.023559,8.5894
1.8812,2.0894,0.078008,-0.027405,-0.023366,8.5854
1.8813,2.0894,0.078007,-0.027359,-0.023184,8.5671
1.8813,2.0894,0.078006,-0.027303,-0.023035,8.5687
1.8814,2.0894,0.078005,-0.027248,-0.022937,8.57
1.8814,2.0894,0.078003,-0.027196,-0.022868,8.5601
1.8815,2.0894,0.078002,-0.027151,-0.022808,8.5661
1.8815,2.0894,0.078001,-0.027109,-0.022747,8.5696
1.8816,2.0894,0.078,-0.027068,-0.022662,8.5514
1.8816,2.0894,0.077999,-0.027032,-0.02256,8.5476
1.8817,2.0894,0.077997,-0.027,-0.02245,8.5506
1.8817,2.0894,0.077996,-0.026971,-0.022339,8.5469
1.8818,2.0894,0.077995,-0.026944,-0.022235,8.5327
1.8818,2.0894,0.077994,-0.026916,-0.022143,8.546
1.8819,2.0894,0.077993,-0.026887,-0.02207,8.5563
1.8819,2.0894,0.077992,-0.026859,-0.022038,8.5459
1.882,2.0894,0.07799,-0.02683,-0.021967,8.5584
1.8821,2.0894,0.077989,-0.026808,-0.021879,8.5619
1.8821,2.0894,0.077988,-0.026791,-0.02178,8.5494
1.8822,2.0894,0.077987,-0.026781,-0.021692,8.5527
1.8822,2.0894,0.077986,-0.026768,-0.021582,8.5571
1.8823,2.0894,0.077985,-0.026752,-0.021464,8.5481
1.8823,2.0894,0.077984,-0.02673,-0.021352,8.5427
1.8824,2.0894,0.077983,-0.026703,-0.021275,8.556
1.8824,2.0894,0.077981,-0.026672,-0.021177,8.5515
1.8825,2.0894,0.07798,-0.026638,-0.021047,8.5466
1.8825,2.0894,0.077979,-0.026602,-0.020919,8.5575
1.8826,2.0894,0.077978,-0.026571,-0.020791,8.5504
1.8826,2.0894,0.077977,-0.026542,-0.020618,8.5421
1.8827,2.0894,0.077976,-0.026521,-0.020402,8.5464
1.8827,2.0894,0.077975,-0.026496,-0.020178,8.5409
1.8828,2.0894,0.077974,-0.026472,-0.019979,8.529
1.8828,2.0894,0.077973,-0.026443,-0.019813,8.5329
1.8829,2.0894,0.077972,-0.026404,-0.019633,8.5419
1.8829,2.0894,0.077971,-0.02635,-0.019486,8.5316
1.883,2.0894,0.07797,-0.026289,-0.019357,8.5305
1.8831,2.0894,0.077969,-0.026221,-0.019239,8.5471
1.8831,2.0894,0.077968,-0.026145,-0.019114,8.527
1.8832,2.0893,0.077967,-0.026068,-0.019021,8.5286
1.8832,2.0893,0.077966,-0.025999,-0.018924,8.5387
1.8833,2.0893,0.077965,-0.025923,-0.018852,8.5345
1.8833,2.0893,0.077964,-0.025854,-0.018731,8.5248
1.8834,2.0893,0.077963,-0.025794,-0.018593,8.5528
1.8834,2.0893,0.077962,-0.025736,-0.018452,8.5542
1.8835,2.0893,0.077961,-0.025685,-0.018321,8.5464
1.8835,2.0893,0.07796,-0.025629,-0.018215,8.5592
1.8836,2.0893,0.077959,-0.025578,-0.018147,8.5617
1.8836,2.0893,0.077958,-0.025519,-0.018082,8.5537
1.8837,2.0893,0.077957,-0.025433,-0.018043,8.5596
1.8837,2.0893,0.077956,-0.025349,-0.017993,8.5629
1.8838,2.0893,0.077955,-0.025273,-0.017962,8.5523
1.8838,2.0893,0.077954,-0.025205,-0.01791,8.5453
1.8839,2.0893,0.077953,-0.025157,-0.017843,8.5594
1.8839,2.0893,0.077952,-0.025122,-0.017768,8.5552
1.884,2.0893,0.077951,-0.025092,-0.017691,8.5493
1.8841,2.0893,0.07795,-0.025071,-0.017619,8.5577
1.8841,2.0893,0.077949,-0.025033,-0.017559,8.5536
1.8842,2.0893,0.077949,-0.024995,-0.01752,8.5453
1.8842,2.0893,0.077948,-0.024962,-0.017508,8.5451
1.8843,2.0893,0.077947,-0.024931,-0.017486,8.5416
1.8843,2.0893,0.077946,-0.024904,-0.017469,8.5272
1.8844,2.0893,0.077945,-0.024889,-0.017455,8.5357
1.8844,2.0893,0.077944,-0.024878,-0.017445,8.5484
1.8845,2.0893,0.077943,-0.024891,-0.017439,8.5357
1.8845,2.0893,0.077942,-0.024897,-0.017438,8.5421
1.8846,2.0893,0.077941,-0.024908,-0.017442,8.5568
1.8846,2.0893,0.07794,-0.024916,-0.017449,8.5515
1.8847,2.0893,0.077939,-0.024918,-0.017477,8.5443
1.8847,2.0893,0.077938,-0.024921,-0.017499,8.5536
1.8848,2.0893,0.077938,-0.024927,-0.017484,8.5501
1.8848,2.0893,0.077937,-0.024928,-0.017443,8.5415
1.8849,2.0893,0.077936,-0.024933,-0.01739,8.5587
1.8849,2.0893,0.077935,-0.024935,-0.017338,8.5568
1.885,2.0893,0.077934,-0.024943,-0.0173,8.5538
1.8851,2.0893,0.077933,-0.024951,-0.017293,8.5661
1.8851,2.0893,0.077932,-0.024962,-0.017346,8.5753
1.8852,2.0893,0.077931,-0.02497,-0.01739,8.5599
1.8852,2.0893,0.07793,-0.024969,-0.017422,8.5623
1.8853,2.0893,0.077929,-0.024963,-0.017437,8.5613
1.8853,2.0893,0.077928,-0.024951,-0.017411,8.5526
1.8854,2.0893,0.077927,-0.02493,-0.017375,8.5511
1.8854,2.0893,0.077927,-0.024923,-0.017313,8.5626
1.8855,2.0893,0.077926,-0.024922,-0.01725,8.5538
1.8855,2.0893,0.077925,-0.024927,-0.017215,8.5522
1.8856,2.0893,0.077924,-0.024922,-0.017191,8.5639
1.8856,2.0893,0.077923,-0.024913,-0.017215,8.5568
1.8857,2.0893,0.077922,-0.024911,-0.017264,8.5493
1.8857,2.0893,0.077921,-0.024916,-0.017322,8.5604
1.8858,2.0893,0.07792,-0.024917,-0.017424,8.5546
1.8858,2.0893,0.077919,-0.024936,-0.017495,8.5486
1.8859,2.0893,0.077918,-0.024962,-0.017553,8.5584
1.8859,2.0893,0.077917,-0.024987,-0.017607,8.5624
1.886,2.0893,0.077917,-0.024997,-0.017661,8.5579
1.8861,2.0893,0.077916,-0.024999,-0.017723,8.565
1.8861,2.0893,0.077915,-0.024993,-0.017815,8.5724
1.8862,2.0893,0.077914,-0.024987,-0.017921,8.5681
1.8862,2.0893,0.077913,-0.024966,-0.018031,8.5774
1.8863,2.0893,0.077912,-0.02495,-0.018093,8.5848
1.8863,2.0893,0.077911,-0.024941,-0.018118,8.58
1.8864,2.0893,0.07791,-0.024931,-0.018106,8.5744
1.8864,2.0893,0.077909,-0.024922,-0.018065,8.5851
1.8865,2.0893,0.077908,-0.024914,-0.017998,8.576
1.8865,2.0893,0.077907,-0.024905,-0.017968,8.5725
1.8866,2.0893,0.077906,-0.024887,-0.017954,8.5756
1.8866,2.0893,0.077905,-0.024868,-0.017951,8.5769
1.8867,2.0893,0.077904,-0.02486,-0.017951,8.5554
1.8867,2.0893,0.077903,-0.024869,-0.017949,8.5609
1.8868,2.0893,0.077902,-0.024887,-0.017952,8.5539
1.8868,2.0893,0.077901,-0.024912,-0.017909,8.5353
1.8869,2.0893,0.0779,-0.024929,-0.017822,8.5332
1.8869,2.0893,0.077899,-0.024941,-0.017738,8.5354
1.887,2.0893,0.077899,-0.024951,-0.01765,8.5237
1.8871,2.0893,0.077898,-0.024963,-0.017567,8.5206
1.8871,2.0893,0.077897,-0.024977,-0.017495,8.5329
1.8872,2.0892,0.077896,-0.024997,-0.017443,8.5244
1.8872,2.0892,0.077895,-0.025015,-0.017415,8.5179
1.8873,2.0892,0.077894,-0.025026,-0.01737,8.5262
1.8873,2.0892,0.077893,-0.025026,-0.017322,8.5242
1.8874,2.0892,0.077892,-0.025023,-0.017273,8.5089
1.8874,2.0892,0.077891,-0.025027,-0.017222,8.5187
1.8875,2.0892,0.07789,-0.025029,-0.01717,8.5289
1.8875,2.0892,0.077889,-0.025027,-0.017116,8.5182
1.8876,2.0892,0.077889,-0.025024,-0.01706,8.5323
1.8876,2.0892,0.077888,-0.025019,-0.017003,8.5401
1.8877,2.0892,0.077887,-0.02501,-0.016944,8.5342
1.8877,2.0892,0.077886,-0.025004,-0.016883,8.538
1.8878,2.0892,0.077885,-0.024995,-0.016821,8.5418
1.8878,2.0892,0.077884,-0.024987,-0.016757,8.5356
1.8879,2.0892,0.077883,-0.024978,-0.016692,8.5228
1.8879,2.0892,0.077882,-0.024969,-0.016626,8.5309
1.888,2.0892,0.077881,-0.024961,-0.016558,8.529
1.8881,2.0892,0.077881,-0.024953,-0.016489,8.5244
1.8881,2.0892,0.07788,-0.024942,-0.016404,8.5333
1.8882,2.0892,0.077879,-0.024931,-0.016327,8.538
1.8882,2.0892,0.077878,-0.024917,-0.016291,8.5224
1.8883,2.0892,0.077877,-0.024903,-0.016285,8.5295
1.8883,2.0892,0.077876,-0.024892,-0.016281,8.5316
1.8884,2.0892,0.077875,-0.024881,-0.016289,8.5084
1.8884,2.0892,0.077875,-0.02487,-0.016313,8.5126
1.8885,2.0892,0.077874,-0.024857,-0.016366,8.5207
1.8885,2.0892,0.077873,-0.024834,-0.016399,8.5166
1.8886,2.0892,0.077872,-0.024821,-0.016446,8.5198
1.8886,2.0892,0.077871,-0.024811,-0.016545,8.5294
1.8887,2.0892,0.07787,-0.024813,-0.016647,8.527
1.8887,2.0892,0.077869,-0.024828,-0.016717,8.5189
1.8888,2.0892,0.077869,-0.024862,-0.016765,8.5399
1.8888,2.0892,0.077868,-0.024893,-0.016793,8.5351
1.8889,2.0892,0.077867,-0.02492,-0.016795,8.5313
1.8889,2.0892,0.077866,-0.024947,-0.01678,8.5343
1.889,2.0892,0.077865,-0.024974,-0.016773,8.5406
1.8891,2.0892,0.077864,-0.024992,-0.016792,8.5408
1.8891,2.0892,0.077863,-0.025015,-0.016816,8.5506
1.8892,2.0892,0.077862,-0.025033,-0.016839,8.5645
1.8892,2.0892,0.077861,-0.025057,-0.016854,8.56
1.8893,2.0892,0.077861,-0.02506,-0.016852,8.5566
1.8893,2.0892,0.07786,-0.02506,-0.016827,8.5662
1.8894,2.0892,0.077859,-0.025065,-0.016815,8.5627
1.8894,2.0892,0.077858,-0.025074,-0.016803,8.552
1.8895,2.0892,0.077857,-0.025083,-0.016791,8.5648
1.8895,2.0892,0.077856,-0.0251,-0.016779,8.5622
1.8896,2.0892,0.077855,-0.025107,-0.016767,8.556
1.8896,2.0892,0.077854,-0.025114,-0.016755,8.565
1.8897,2.0892,0.077853,-0.02511,-0.016743,8.5664
1.8897,2.0892,0.077853,-0.025107,-0.016731,8.5603
1.8898,2.0892,0.077852,-0.025111,-0.016719,8.5642
1.8898,2.0892,0.077851,-0.02513,-0.016707,8.5662
1.8899,2.0892,0.07785,-0.025142,-0.016695,8.553
1.8899,2.0892,0.077849,-0.025149,-0.016682,8.5528
1.89,2.0892,0.077848,-0.025138,-0.01667,8.5592
1.8901,2.0892,0.077847,-0.025106,-0.016657,8.5605
1.8901,2.0892,0.077846,-0.025061,-0.016645,8.5598
1.8902,2.0892,0.077846,-0.025016,-0.016632,8.5712
1.8902,2.0892,0.077845,-0.024982,-0.016619,8.5791
1.8903,2.0892,0.077844,-0.024968,-0.016623,8.5741
1.8903,2.0892,0.077843,-0.024965,-0.016599,8.5883
1.8904,2.0892,0.077842,-0.024969,-0.016557,8.5869
1.8904,2.0892,0.077841,-0.024976,-0.016505,8.5806
1.8905,2.0892,0.07784,-0.024976,-0.016452,8.5886
1.8905,2.0892,0.077839,-0.024974,-0.016405,8.5991
1.8906,2.0892,0.077839,-0.024969,-0.016372,8.5923
1.8906,2.0892,0.077838,-0.024965,-0.016359,8.5993
1.8907,2.0892,0.077837,-0.024961,-0.016375,8.6008
1.8907,2.0892,0.077836,-0.024953,-0.016373,8.6021
1.8908,2.0892,0.077835,-0.024944,-0.016372,8.5993
1.8908,2.0892,0.077834,-0.024934,-0.01637,8.6008
1.8909,2.0892,0.077833,-0.024923,-0.016354,8.5869
1.8909,2.0892,0.077833,-0.024912,-0.016362,8.5809
1.891,2.0892,0.077832,-0.024898,-0.016373,8.5881
1.8911,2.0892,0.077831,-0.024885,-0.01642,8.5854
1.8911,2.0892,0.07783,-0.024873,-0.01649,8.5753
1.8912,2.0891,0.077829,-0.024859,-0.016572,8.5862
1.8912,2.0891,0.077828,-0.024844,-0.01665,8.5908
1.8913,2.0891,0.077827,-0.024828,-0.016711,8.5749
1.8913,2.0891,0.077826,-0.02481,-0.016739,8.5856
1.8914,2.0891,0.077826,-0.024788,-0.016765,8.5909
1.8914,2.0891,0.077825,-0.024764,-0.016767,8.5785
1.8915,2.0891,0.077824,-0.024738,-0.016769,8.5843
1.8915,2.0891,0.077823,-0.024708,-0.016795,8.5931
1.8916,2.0891,0.077822,-0.024676,-0.016839,8.5837
1.8916,2.0891,0.077821,-0.024643,-0.016897,8.5869
1.8917,2.0891,0.07782,-0.024608,-0.01696,8.6011
1.8917,2.0891,0.077819,-0.024568,-0.017022,8.6033
1.8918,2.0891,0.077818,-0.024524,-0.017075,8.6012
1.8918,2.0891,0.077818,-0.024475,-0.017113,8.6136
1.8919,2.0891,0.077817,-0.02442,-0.017127,8.6177
1.8919,2.0891,0.077816,-0.02436,-0.017155,8.6099
1.892,2.0891,0.077815,-0.0243,-0.017184,8.6069
1.8921,2.0891,0.077814,-0.024242,-0.017213,8.6158
1.8921,2.0891,0.077813,-0.024188,-0.017243,8.6001
1.8922,2.0891,0.077812,-0.024136,-0.017273,8.6051
1.8922,2.0891,0.077811,-0.024084,-0.017303,8.6121
1.8923,2.0891,0.07781,-0.024031,-0.017333,8.6068
1.8923,2.0891,0.077809,-0.023976,-0.017365,8.6014
1.8924,2.0891,0.077809,-0.023918,-0.017396,8.6051
1.8924,2.0891,0.077808,-0.023858,-0.017428,8.594
1.8925,2.0891,0.077807,-0.0238,-0.017461,8.5865
1.8925,2.0891,0.077806,-0.02374,-0.017494,8.5852
1.8926,2.0891,0.077805,-0.023678,-0.017528,8.5803
1.8926,2.0891,0.077804,-0.023613,-0.017562,8.5727
1.8927,2.0891,0.077803,-0.023546,-0.017597,8.5844
1.8927,2.0891,0.077802,-0.023477,-0.017633,8.5835
1.8928,2.0891,0.077801,-0.023407,-0.017652,8.5825
1.8928,2.0891,0.0778,-0.023335,-0.017699,8.5876
1.8929,2.0891,0.077799,-0.023264,-0.017768,8.5892
1.8929,2.0891,0.077798,-0.023191,-0.01785,8.5762
1.893,2.0891,0.077797,-0.023118,-0.01794,8.5827
1.8931,2.0891,0.077796,-0.023048,-0.018029,8.5899
1.8931,2.0891,0.077795,-0.022977,-0.018092,8.587
1.8932,2.0891,0.077795,-0.022906,-0.018165,8.5828
1.8932,2.0891,0.077794,-0.022835,-0.018232,8.5926
1.8933,2.0891,0.077793,-0.022763,-0.018329,8.5979
1.8933,2.0891,0.077792,-0.02269,-0.018434,8.5956
1.8934,2.0891,0.077791,-0.022614,-0.018538,8.6065
1.8934,2.0891,0.07779,-0.022538,-0.018634,8.5969
1.8935,2.0891,0.077789,-0.022463,-0.018714,8.5924
1.8935,2.0891,0.077788,-0.022386,-0.018764,8.5932
1.8936,2.0891,0.077787,-0.022308,-0.018831,8.5988
1.8936,2.0891,0.077786,-0.02223,-0.018895,8.5901
1.8937,2.0891,0.077785,-0.022153,-0.018957,8.594
1.8937,2.0891,0.077784,-0.022077,-0.019013,8.5988
1.8938,2.0891,0.077783,-0.022,-0.019069,8.5809
1.8938,2.0891,0.077782,-0.021922,-0.019125,8.5838
1.8939,2.0891,0.077781,-0.021846,-0.019181,8.591
1.8939,2.0891,0.07778,-0.021769,-0.019236,8.5763
1.894,2.0891,0.077779,-0.021694,-0.019297,8.5701
1.8941,2.0891,0.077778,-0.021622,-0.019363,8.5754
1.8941,2.0891,0.077777,-0.021553,-0.019429,8.5711
1.8942,2.0891,0.077776,-0.021484,-0.019495,8.56
1.8942,2.0891,0.077775,-0.021414,-0.019565,8.5694
1.8943,2.0891,0.077774,-0.021342,-0.019638,8.5689
1.8943,2.0891,0.077772,-0.02127,-0.019706,8.5705
1.8944,2.0891,0.077771,-0.021197,-0.019772,8.5883
1.8944,2.0891,0.07777,-0.02112,-0.019839,8.5939
1.8945,2.0891,0.077769,-0.021045,-0.019909,8.5828
1.8945,2.0891,0.077768,-0.020972,-0.019992,8.5858
1.8946,2.0891,0.077767,-0.020903,-0.020048,8.5984
1.8946,2.0891,0.077766,-0.020835,-0.020103,8.5904
1.8947,2.0891,0.077765,-0.020767,-0.020125,8.5919
1.8947,2.0891,0.077764,-0.020698,-0.020121,8.5991
1.8948,2.0891,0.077763,-0.020633,-0.02011,8.5961
1.8948,2.0891,0.077762,-0.020554,-0.020125,8.5917
1.8949,2.0891,0.077761,-0.020468,-0.020138,8.5995
1.8949,2.0891,0.07776,-0.020378,-0.020173,8.6023
1.895,2.0891,0.077759,-0.020289,-0.020202,8.5957
1.8951,2.0891,0.077758,-0.020201,-0.02026,8.604
1.8951,2.0891,0.077757,-0.020114,-0.020309,8.609
1.8952,2.0891,0.077756,-0.020033,-0.020364,8.6012
1.8952,2.0891,0.077754,-0.019967,-0.020435,8.6066
1.8953,2.0891,0.077753,-0.019894,-0.020524,8.609
1.8953,2.0891,0.077752,-0.019821,-0.020593,8.6128
1.8954,2.0891,0.077751,-0.019749,-0.02066,8.6115
1.8954,2.0891,0.07775,-0.019682,-0.020732,8.6167
1.8955,2.0891,0.077749,-0.019619,-0.020808,8.6033
1.8955,2.0891,0.077748,-0.019559,-0.020885,8.6031
1.8956,2.0891,0.077747,-0.019503,-0.020958,8.6102
1.8956,2.089,0.077746,-0.019451,-0.021026,8.6047
1.8957,2.089,0.077745,-0.019397,-0.021086,8.5927
1.8957,2.089,0.077744,-0.019338,-0.021141,8.606
1.8958,2.089,0.077742,-0.019283,-0.021209,8.6149
1.8958,2.089,0.077741,-0.019225,-0.021251,8.6093
1.8959,2.089,0.07774,-0.01916,-0.021294,8.6223
1.8959,2.089,0.077739,-0.019086,-0.021304,8.6295
1.896,2.089,0.077738,-0.019003,-0.021297,8.6169
1.8961,2.089,0.077737,-0.018911,-0.021285,8.6244
1.8961,2.089,0.077736,-0.018816,-0.021283,8.6314
1.8962,2.089,0.077735,-0.01872,-0.021301,8.624
1.8962,2.089,0.077733,-0.018634,-0.021352,8.6233
1.8963,2.089,0.077732,-0.018547,-0.021401,8.6424
1.8963,2.089,0.077731,-0.018462,-0.021475,8.6369
1.8964,2.089,0.07773,-0.018378,-0.021532,8.6324
1.8964,2.089,0.077729,-0.018294,-0.021588,8.6356
1.8965,2.089,0.077728,-0.018214,-0.021643,8.6297
1.8965,2.089,0.077727,-0.018138,-0.021696,8.6165
1.8966,2.089,0.077725,-0.018068,-0.021747,8.6251
1.8966,2.089,0.077724,-0.018004,-0.021797,8.6241
1.8967,2.089,0.077723,-0.017943,-0.021845,8.6069
1.8967,2.089,0.077722,-0.017886,-0.021875,8.6106
1.8968,2.089,0.077721,-0.017831,-0.021929,8.617
1.8968,2.089,0.07772,-0.017777,-0.022004,8.6044
1.8969,2.089,0.077719,-0.017724,-0.022094,8.6028
1.8969,2.089,0.077717,-0.017673,-0.022195,8.6121
1.897,2.089,0.077716,-0.017624,-0.022296,8.6052
1.8971,2.089,0.077715,-0.017578,-0.022387,8.6009
1.8971,2.089,0.077714,-0.017535,-0.022461,8.6032
1.8972,2.089,0.077713,-0.017496,-0.022505,8.5944
1.8972,2.089,0.077711,-0.01746,-0.022572,8.5879
1.8973,2.089,0.07771,-0.017429,-0.022609,8.6001
1.8973,2.089,0.077709,-0.017401,-0.022625,8.6021
1.8974,2.089,0.077708,-0.017377,-0.022626,8.6029
1.8974,2.089,0.077707,-0.017358,-0.022621,8.6133
1.8975,2.089,0.077706,-0.017343,-0.022623,8.6162
1.8975,2.089,0.077704,-0.017333,-0.02264,8.61
1.8976,2.089,0.077703,-0.017328,-0.022676,8.615
1.8976,2.089,0.077702,-0.017331,-0.022738,8.6199
1.8977,2.089,0.077701,-0.017339,-0.022785,8.6065
1.8977,2.089,0.0777,-0.017351,-0.022834,8.6047
1.8978,2.089,0.077698,-0.017366,-0.022879,8.6089
1.8978,2.089,0.077697,-0.017388,-0.022919,8.6006
1.8979,2.089,0.077696,-0.017407,-0.022956,8.5958
1.8979,2.089,0.077695,-0.017436,-0.022984,8.6033
1.898,2.089,0.077694,-0.017478,-0.023005,8.5989
1.8981,2.089,0.077692,-0.017541,-0.023021,8.5832
1.8981,2.089,0.077691,-0.017621,-0.023034,8.5894
1.8982,2.089,0.07769,-0.017717,-0.023046,8.5813
1.8982,2.089,0.077689,-0.017824,-0.023058,8.5666
1.8983,2.089,0.077687,-0.017936,-0.023058,8.571
1.8983,2.089,0.077686,-0.018039,-0.023088,8.5698
1.8984,2.089,0.077685,-0.018152,-0.023136,8.563
1.8984,2.089,0.077684,-0.018264,-0.023192,8.5642
1.8985,2.089,0.077683,-0.018399,-0.023246,8.5696
1.8985,2.089,0.077681,-0.018521,-0.023289,8.5619
1.8986,2.089,0.07768,-0.018635,-0.023311,8.5617
1.8986,2.089,0.077679,-0.018741,-0.02331,8.5649
1.8987,2.089,0.077678,-0.018818,-0.023283,8.5576
1.8987,2.089,0.077676,-0.018864,-0.023272,8.5518
1.8988,2.089,0.077675,-0.018903,-0.02326,8.566
1.8988,2.089,0.077674,-0.018942,-0.023247,8.5643
1.8989,2.089,0.077673,-0.019007,-0.02323,8.5596
1.8989,2.089,0.077672,-0.019078,-0.023217,8.5657
1.899,2.089,0.07767,-0.019166,-0.023204,8.5762
1.8991,2.089,0.077669,-0.019258,-0.023191,8.5662
1.8991,2.089,0.077668,-0.019345,-0.023178,8.5667
1.8992,2.089,0.077667,-0.019415,-0.023161,8.5694
1.8992,2.089,0.077665,-0.019488,-0.023144,8.5563
1.8993,2.089,0.077664,-0.019564,-0.023111,8.554
1.8993,2.089,0.077663,-0.019629,-0.023102,8.5652
1.8994,2.089,0.077662,-0.019683,-0.023112,8.559
1.8994,2.089,0.077661,-0.019733,-0.023115,8.5554
1.8995,2.089,0.077659,-0.019776,-0.023129,8.5639
1.8995,2.089,0.077658,-0.019823,-0.023163,8.5573
1.8996,2.089,0.077657,-0.019867,-0.023235,8.5507
1.8996,2.089,0.077656,-0.01992,-0.023302,8.5553
1.8997,2.089,0.077654,-0.019979,-0.023374,8.5516
1.8997,2.089,0.077653,-0.020028,-0.023462,8.536
1.8998,2.089,0.077652,-0.020066,-0.023519,8.5352
1.8998,2.089,0.077651,-0.020115,-0.023516,8.5457
1.8999,2.089,0.07765,-0.020177,-0.023475,8.536
1.8999,2.089,0.077648,-0.020253,-0.023396,8.5422
1.9,2.089,0.077647,-0.020348,-0.023338,8.5568
1.9001,2.089,0.077646,-0.020455,-0.023269,8.5477
1.9001,2.089,0.077645,-0.020553,-0.023226,8.5519
1.9002,2.089,0.077643,-0.020633,-0.023185,8.5618
1.9002,2.089,0.077642,-0.020686,-0.023106,8.5553
1.9003,2.089,0.077641,-0.020722,-0.023054,8.5562
1.9003,2.089,0.07764,-0.020751,-0.023028,8.5706
1.9004,2.089,0.077639,-0.020779,-0.023046,8.5695
1.9004,2.089,0.077637,-0.020818,-0.023113,8.5647
1.9005,2.089,0.077636,-0.020865,-0.023184,8.5773
1.9005,2.089,0.077635,-0.020908,-0.023231,8.5759
1.9006,2.089,0.077634,-0.020951,-0.023223,8.5634
1.9006,2.089,0.077632,-0.020993,-0.023118,8.5692
1.9007,2.089,0.077631,-0.021036,-0.023009,8.5676
1.9007,2.089,0.07763,-0.021078,-0.02293,8.5578
1.9008,2.089,0.077629,-0.021121,-0.022879,8.5469
1.9008,2.089,0.077628,-0.021162,-0.022847,8.5668
1.9009,2.0889,0.077626,-0.0212,-0.02284,8.5618
1.9009,2.0889,0.077625,-0.021236,-0.022871,8.553
1.901,2.0889,0.077624,-0.021268,-0.022903,8.5667
1.9011,2.0889,0.077623,-0.021298,-0.022885,8.5657
1.9011,2.0889,0.077622,-0.021325,-0.022869,8.5594
1.9012,2.0889,0.07762,-0.021351,-0.022835,8.5638
1.9012,2.0889,0.077619,-0.021377,-0.022782,8.5644
1.9013,2.0889,0.077618,-0.021402,-0.022702,8.5547
1.9013,2.0889,0.077617,-0.021423,-0.022629,8.5579
1.9014,2.0889,0.077616,-0.021445,-0.022609,8.5695
1.9014,2.0889,0.077614,-0.021465,-0.022593,8.5518
1.9015,2.0889,0.077613,-0.021485,-0.02255,8.5541
1.9015,2.0889,0.077612,-0.021503,-0.022485,8.5747
1.9016,2.0889,0.077611,-0.021517,-0.022387,8.5641
1.9016,2.0889,0.07761,-0.021534,-0.02232,8.5642
1.9017,2.0889,0.077609,-0.021549,-0.022236,8.5746
1.9017,2.0889,0.077607,-0.021568,-0.022156,8.5693
1.9018,2.0889,0.077606,-0.021592,-0.022074,8.5677
1.9018,2.0889,0.077605,-0.021619,-0.022004,8.5737
1.9019,2.0889,0.077604,-0.021645,-0.021921,8.5729
1.9019,2.0889,0.077603,-0.021666,-0.021802,8.5636
1.902,2.0889,0.077602,-0.021682,-0.021678,8.572
1.9021,2.0889,0.0776,-0.021695,-0.021552,8.5781
1.9021,2.0889,0.077599,-0.021701,-0.021442,8.5627
1.9022,2.0889,0.077598,-0.021709,-0.021318,8.5682
1.9022,2.0889,0.077597,-0.021717,-0.021206,8.5682
1.9023,2.0889,0.077596,-0.021723,-0.021135,8.5526
1.9023,2.0889,0.077595,-0.021727,-0.021054,8.5524
1.9024,2.0889,0.077594,-0.021731,-0.020976,8.5551
1.9024,2.0889,0.077593,-0.021733,-0.020905,8.5472
1.9025,2.0889,0.077592,-0.021732,-0.020852,8.5495
1.9025,2.0889,0.07759,-0.021729,-0.020828,8.5663
1.9026,2.0889,0.077589,-0.021725,-0.02077,8.5686
1.9026,2.0889,0.077588,-0.02172,-0.020741,8.5679
1.9027,2.0889,0.077587,-0.021712,-0.020693,8.5746
1.9027,2.0889,0.077586,-0.021704,-0.020581,8.5757
1.9028,2.0889,0.077585,-0.021694,-0.020455,8.5661
1.9028,2.0889,0.077584,-0.021682,-0.020345,8.5691
1.9029,2.0889,0.077583,-0.021668,-0.020281,8.5727
1.9029,2.0889,0.077582,-0.021653,-0.020243,8.5717
1.903,2.0889,0.077581,-0.021636,-0.020228,8.5732
1.9031,2.0889,0.07758,-0.021618,-0.020241,8.585
1.9031,2.0889,0.077579,-0.021598,-0.02021,8.5838
1.9032,2.0889,0.077578,-0.021578,-0.020142,8.5845
1.9032,2.0889,0.077577,-0.021554,-0.020046,8.5893
1.9033,2.0889,0.077575,-0.021533,-0.019918,8.5815
1.9033,2.0889,0.077574,-0.021512,-0.019766,8.5689
1.9034,2.0889,0.077573,-0.021493,-0.019603,8.5728
1.9034,2.0889,0.077572,-0.021473,-0.019442,8.5653
1.9035,2.0889,0.077571,-0.021451,-0.019265,8.5571
1.9035,2.0889,0.07757,-0.021427,-0.01905,8.5585
1.9036,2.0889,0.077569,-0.0214,-0.018866,8.5651
1.9036,2.0889,0.077568,-0.021369,-0.01873,8.5479
1.9037,2.0889,0.077567,-0.02134,-0.018629,8.5525
1.9037,2.0889,0.077566,-0.021309,-0.018542,8.5508
1.9038,2.0889,0.077565,-0.02128,-0.018455,8.5401
1.9038,2.0889,0.077565,-0.021249,-0.018342,8.5335
1.9039,2.0889,0.077564,-0.021219,-0.018213,8.5412
1.9039,2.0889,0.077563,-0.021189,-0.018067,8.5363
1.904,2.0889,0.077562,-0.021155,-0.017945,8.5364
1.9041,2.0889,0.077561,-0.021116,-0.017877,8.5533
1.9041,2.0889,0.07756,-0.021074,-0.017844,8.5424
1.9042,2.0889,0.077559,-0.02103,-0.017829,8.5391
1.9042,2.0889,0.077558,-0.020983,-0.017829,8.551
1.9043,2.0889,0.077557,-0.020933,-0.017803,8.5477
1.9043,2.0889,0.077556,-0.020882,-0.017747,8.5461
1.9044,2.0889,0.077555,-0.020829,-0.01765,8.5403
1.9044,2.0889,0.077554,-0.020773,-0.017509,8.5449
1.9045,2.0889,0.077553,-0.020714,-0.017317,8.5415
1.9045,2.0889,0.077552,-0.020654,-0.017112,8.54
1.9046,2.0889,0.077551,-0.020592,-0.016914,8.558
1.9046,2.0889,0.077551,-0.020527,-0.016797,8.5554
1.9047,2.0889,0.07755,-0.020461,-0.01675,8.5499
1.9047,2.0889,0.077549,-0.020389,-0.016758,8.5596
1.9048,2.0889,0.077548,-0.020326,-0.016795,8.5487
1.9048,2.0889,0.077547,-0.02027,-0.016853,8.5408
1.9049,2.0889,0.077546,-0.020216,-0.016872,8.5466
1.9049,2.0889,0.077545,-0.020161,-0.016832,8.5439
1.905,2.0889,0.077544,-0.020103,-0.016735,8.5267
1.9051,2.0889,0.077544,-0.02004,-0.016654,8.534
1.9051,2.0889,0.077543,-0.019971,-0.016556,8.5383
1.9052,2.0889,0.077542,-0.019885,-0.01646,8.5299
1.9052,2.0889,0.077541,-0.019812,-0.016385,8.5358
1.9053,2.0889,0.07754,-0.019748,-0.016366,8.5328
1.9053,2.0889,0.077539,-0.019685,-0.016333,8.5207
1.9054,2.0889,0.077538,-0.019621,-0.016287,8.522
1.9054,2.0889,0.077537,-0.019553,-0.016216,8.5299
1.9055,2.0889,0.077537,-0.019476,-0.01616,8.5204
1.9055,2.0889,0.077536,-0.01939,-0.016059,8.5206
1.9056,2.0889,0.077535,-0.01929,-0.015966,8.5358
1.9056,2.0888,0.077534,-0.019195,-0.015867,8.5394
1.9057,2.0888,0.077533,-0.019102,-0.015801,8.5424
1.9057,2.0888,0.077532,-0.019004,-0.015694,8.5597
1.9058,2.0888,0.077532,-0.018907,-0.015627,8.5584
1.9058,2.0888,0.077531,-0.018817,-0.015556,8.5499
1.9059,2.0888,0.07753,-0.018737,-0.015565,8.5567
1.9059,2.0888,0.077529,-0.018669,-0.015578,8.5664
1.906,2.0888,0.077528,-0.018613,-0.015617,8.5588
1.9061,2.0888,0.077528,-0.018565,-0.015645,8.562
1.9061,2.0888,0.077527,-0.018522,-0.015677,8.5737
1.9062,2.0888,0.077526,-0.018474,-0.015679,8.5682
1.9062,2.0888,0.077525,-0.018431,-0.015668,8.5731
1.9063,2.0888,0.077524,-0.018391,-0.015644,8.5828
1.9063,2.0888,0.077523,-0.018355,-0.015636,8.5737
1.9064,2.0888,0.077523,-0.018323,-0.015569,8.5779
1.9064,2.0888,0.077522,-0.018299,-0.015481,8.5757
1.9065,2.0888,0.077521,-0.018267,-0.015391,8.5726
1.9065,2.0888,0.07752,-0.01823,-0.015321,8.564
1.9066,2.0888,0.077519,-0.018192,-0.015291,8.5756
1.9066,2.0888,0.077519,-0.018161,-0.015273,8.5764
1.9067,2.0888,0.077518,-0.018137,-0.015296,8.5702
1.9067,2.0888,0.077517,-0.018122,-0.015327,8.5749
1.9068,2.0888,0.077516,-0.018119,-0.015339,8.5877
1.9068,2.0888,0.077515,-0.018133,-0.015346,8.579
1.9069,2.0888,0.077515,-0.018134,-0.015343,8.579
1.9069,2.0888,0.077514,-0.018141,-0.015335,8.5912
1.907,2.0888,0.077513,-0.018136,-0.01532,8.584
1.9071,2.0888,0.077512,-0.018129,-0.015301,8.5849
1.9071,2.0888,0.077511,-0.018121,-0.015281,8.6033
1.9072,2.0888,0.07751,-0.018119,-0.01525,8.6035
1.9072,2.0888,0.07751,-0.01813,-0.015244,8.5985
1.9073,2.0888,0.077509,-0.018156,-0.015257,8.6155
1.9073,2.0888,0.077508,-0.018187,-0.015282,8.6179
1.9074,2.0888,0.077507,-0.018232,-0.015312,8.6073
1.9074,2.0888,0.077506,-0.018271,-0.015333,8.6146
1.9075,2.0888,0.077506,-0.01831,-0.015341,8.6173
1.9075,2.0888,0.077505,-0.018351,-0.015328,8.6086
1.9076,2.0888,0.077504,-0.018391,-0.015285,8.608
1.9076,2.0888,0.077503,-0.018437,-0.015252,8.6184
1.9077,2.0888,0.077502,-0.018482,-0.01521,8.6152
1.9077,2.0888,0.077502,-0.018519,-0.015184,8.6095
1.9078,2.0888,0.077501,-0.018539,-0.015135,8.619
1.9078,2.0888,0.0775,-0.018552,-0.015078,8.6049
1.9079,2.0888,0.077499,-0.018549,-0.01502,8.6048
1.9079,2.0888,0.077498,-0.018532,-0.014964,8.6024
1.908,2.0888,0.077498,-0.018504,-0.014917,8.6007
1.9081,2.0888,0.077497,-0.018472,-0.014878,8.593
1.9081,2.0888,0.077496,-0.018435,-0.014855,8.604
1.9082,2.0888,0.077495,-0.018392,-0.014864,8.6016
1.9082,2.0888,0.077495,-0.018341,-0.01486,8.5979
1.9083,2.0888,0.077494,-0.0183,-0.014803,8.6071
1.9083,2.0888,0.077493,-0.018251,-0.014674,8.6085
1.9084,2.0888,0.077492,-0.018203,-0.014499,8.6009
1.9084,2.0888,0.077492,-0.018137,-0.014315,8.6035
1.9085,2.0888,0.077491,-0.018071,-0.014149,8.6099
1.9085,2.0888,0.07749,-0.018014,-0.014033,8.5984
1.9086,2.0888,0.077489,-0.017956,-0.013984,8.5999
1.9086,2.0888,0.077489,-0.017917,-0.013987,8.6127
1.9087,2.0888,0.077488,-0.017896,-0.013983,8.6097
1.9087,2.0888,0.077487,-0.017883,-0.013961,8.611
1.9088,2.0888,0.077486,-0.017876,-0.013935,8.6215
1.9088,2.0888,0.077486,-0.017841,-0.013913,8.6147
1.9089,2.0888,0.077485,-0.017797,-0.013891,8.6063
1.9089,2.0888,0.077484,-0.017749,-0.013872,8.6159
1.909,2.0888,0.077483,-0.01769,-0.013856,8.614
1.9091,2.0888,0.077483,-0.017644,-0.013844,8.5976
1.9091,2.0888,0.077482,-0.017613,-0.013852,8.6026
1.9092,2.0888,0.077481,-0.017598,-0.013835,8.6066
1.9092,2.0888,0.077481,-0.017587,-0.013814,8.6008
1.9093,2.0888,0.07748,-0.017581,-0.013757,8.5938
1.9093,2.0888,0.077479,-0.017579,-0.013688,8.6026
1.9094,2.0888,0.077478,-0.017581,-0.013597,8.5929
1.9094,2.0888,0.077478,-0.017576,-0.013485,8.5855
1.9095,2.0888,0.077477,-0.017583,-0.013355,8.5864
1.9095,2.0888,0.077476,-0.017602,-0.013212,8.5813
1.9096,2.0888,0.077476,-0.017625,-0.013044,8.5792
1.9096,2.0888,0.077475,-0.01765,-0.012827,8.5853
1.9097,2.0888,0.077474,-0.017683,-0.012571,8.5896
1.9097,2.0888,0.077474,-0.017717,-0.012346,8.5855
1.9098,2.0888,0.077473,-0.017738,-0.012163,8.5967
1.9098,2.0888,0.077472,-0.017742,-0.012037,8.6025
1.9099,2.0888,0.077472,-0.017747,-0.011979,8.5926
1.9099,2.0888,0.077471,-0.017751,-0.011941,8.595
1.91,2.0888,0.07747,-0.017752,-0.011924,8.5981
1.9101,2.0888,0.07747,-0.01776,-0.011864,8.5923
1.9101,2.0888,0.077469,-0.017782,-0.011795,8.5903
1.9102,2.0888,0.077469,-0.017816,-0.011758,8.6018
1.9102,2.0888,0.077468,-0.01785,-0.011697,8.6028
1.9103,2.0888,0.077467,-0.017882,-0.011613,8.5979
1.9103,2.0888,0.077467,-0.017912,-0.01149,8.6069
1.9104,2.0888,0.077466,-0.017935,-0.011316,8.6099
1.9104,2.0888,0.077466,-0.017954,-0.011139,8.598
1.9105,2.0888,0.077465,-0.017977,-0.010998,8.602
1.9105,2.0888,0.077464,-0.018008,-0.010883,8.5994
1.9106,2.0888,0.077464,-0.018043,-0.010843,8.5895
1.9106,2.0888,0.077463,-0.018077,-0.010801,8.5899
1.9107,2.0888,0.077463,-0.01811,-0.010727,8.5921
1.9107,2.0888,0.077462,-0.018146,-0.010626,8.5883
1.9108,2.0888,0.077462,-0.018182,-0.010514,8.5943
1.9108,2.0888,0.077461,-0.018227,-0.010392,8.6028
1.9109,2.0888,0.07746,-0.01828,-0.010243,8.5924
1.9109,2.0888,0.07746,-0.018336,-0.010065,8.5859
1.911,2.0888,0.077459,-0.018393,-0.0099305,8.5904
1.9111,2.0888,0.077459,-0.018447,-0.0097875,8.5837
1.9111,2.0888,0.077458,-0.018502,-0.0096551,8.5719
1.9112,2.0887,0.077458,-0.018558,-0.0095379,8.5847
1.9112,2.0887,0.077457,-0.018615,-0.0094471,8.586
1.9113,2.0887,0.077457,-0.018676,-0.0093506,8.5882
1.9113,2.0887,0.077456,-0.018739,-0.009194,8.5976
1.9114,2.0887,0.077456,-0.018796,-0.0090254,8.6032
1.9114,2.0887,0.077455,-0.018853,-0.0088766,8.5952
1.9115,2.0887,0.077455,-0.018911,-0.0087448,8.5978
1.9115,2.0887,0.077455,-0.018972,-0.0086442,8.5999
1.9116,2.0887,0.077454,-0.019031,-0.0085105,8.595
1.9116,2.0887,0.077454,-0.019093,-0.0083913,8.5914
1.9117,2.0887,0.077453,-0.019148,-0.0082664,8.6067
1.9117,2.0887,0.077453,-0.019207,-0.0081404,8.6081
1.9118,2.0887,0.077452,-0.01927,-0.0080013,8.6115
1.9118,2.0887,0.077452,-0.019339,-0.0078724,8.6263
1.9119,2.0887,0.077452,-0.019409,-0.0077786,8.6229
1.9119,2.0887,0.077451,-0.019478,-0.007693,8.6219
1.912,2.0887,0.077451,-0.019541,-0.0076128,8.6226
1.9121,2.0887,0.07745,-0.019596,-0.0075184,8.624
1.9121,2.0887,0.07745,-0.019649,-0.007442,8.614
1.9122,2.0887,0.07745,-0.019708,-0.0073555,8.6187
1.9122,2.0887,0.077449,-0.019774,-0.0072294,8.6291
1.9123,2.0887,0.077449,-0.01986,-0.0071112,8.6229
1.9123,2.0887,0.077448,-0.019951,-0.0069892,8.6185
1.9124,2.0887,0.077448,-0.020042,-0.0068591,8.6322
1.9124,2.0887,0.077448,-0.020126,-0.0067078,8.6289
1.9125,2.0887,0.077447,-0.020198,-0.0065213,8.6253
1.9125,2.0887,0.077447,-0.020266,-0.0063638,8.6307
1.9126,2.0887,0.077447,-0.020319,-0.0061712,8.6295
1.9126,2.0887,0.077446,-0.020364,-0.0059908,8.624
1.9127,2.0887,0.077446,-0.020418,-0.0058728,8.6266
1.9127,2.0887,0.077446,-0.020486,-0.0057716,8.6353
1.9128,2.0887,0.077446,-0.020566,-0.0056562,8.6321
1.9128,2.0887,0.077445,-0.020643,-0.0054941,8.6405
1.9129,2.0887,0.077445,-0.020715,-0.0053017,8.6432
1.9129,2.0887,0.077445,-0.020789,-0.0050781,8.6353
1.913,2.0887,0.077444,-0.020867,-0.0048163,8.6389
1.9131,2.0887,0.077444,-0.02093,-0.0045875,8.6397
1.9131,2.0887,0.077444,-0.020993,-0.004388,8.6305
1.9132,2.0887,0.077444,-0.021064,-0.004214,8.6312
1.9132,2.0887,0.077444,-0.021143,-0.00407,8.6411
1.9133,2.0887,0.077443,-0.02121,-0.0039526,8.6267
1.9133,2.0887,0.077443,-0.021262,-0.0038504,8.6212
1.9134,2.0887,0.077443,-0.021305,-0.0037492,8.6353
1.9134,2.0887,0.077443,-0.021351,-0.0036719,8.6326
1.9135,2.0887,0.077443,-0.021384,-0.0036429,8.6178
1.9135,2.0887,0.077442,-0.021426,-0.0035945,8.63
1.9136,2.0887,0.077442,-0.021474,-0.0035098,8.6271
1.9136,2.0887,0.077442,-0.021526,-0.0034008,8.6121
1.9137,2.0887,0.077442,-0.021574,-0.0032804,8.6152
1.9137,2.0887,0.077442,-0.021606,-0.003162,8.618
1.9138,2.0887,0.077441,-0.021623,-0.0030748,8.617
1.9138,2.0887,0.077441,-0.021636,-0.0030099,8.6216
1.9139,2.0887,0.077441,-0.021655,-0.0029648,8.6257
1.9139,2.0887,0.077441,-0.021687,-0.0028974,8.6134
1.914,2.0887,0.077441,-0.021736,-0.0027777,8.6139
1.9141,2.0887,0.077441,-0.021789,-0.0026215,8.6216
1.9141,2.0887,0.077441,-0.021841,-0.0024372,8.6153
1.9142,2.0887,0.07744,-0.021884,-0.0022264,8.601
1.9142,2.0887,0.07744,-0.021915,-0.0020374,8.6156
1.9143,2.0887,0.07744,-0.021926,-0.0018743,8.6197
1.9143,2.0887,0.07744,-0.02193,-0.0017492,8.6135
1.9144,2.0887,0.07744,-0.021937,-0.0016679,8.6206
1.9144,2.0887,0.07744,-0.021963,-0.0016289,8.6218
1.9145,2.0887,0.07744,-0.02199,-0.0016387,8.603
1.9145,2.0887,0.07744,-0.022025,-0.0016568,8.6054
1.9146,2.0887,0.07744,-0.022078,-0.0016408,8.6031
1.9146,2.0887,0.07744,-0.022127,-0.0015926,8.5945
1.9147,2.0887,0.07744,-0.02217,-0.0015069,8.5857
1.9147,2.0887,0.07744,-0.022201,-0.0013702,8.5947
1.9148,2.0887,0.077439,-0.022237,-0.0012154,8.5821
1.9148,2.0887,0.077439,-0.022264,-0.0010769,8.5772
1.9149,2.0887,0.077439,-0.022293,-0.0010064,8.5833
1.9149,2.0887,0.077439,-0.022326,-0.00097123,8.5872
1.915,2.0887,0.077439,-0.022361,-0.00093686,8.574
1.9151,2.0887,0.077439,-0.022387,-0.00092161,8.5823
1.9151,2.0887,0.077439,-0.022408,-0.00089786,8.5857
1.9152,2.0887,0.077439,-0.022414,-0.00083651,8.5683
1.9152,2.0887,0.077439,-0.022412,-0.00073895,8.5671
1.9153,2.0887,0.077439,-0.02241,-0.00065361,8.5721
1.9153,2.0887,0.077439,-0.022403,-0.00057688,8.5603
1.9154,2.0887,0.077439,-0.02239,-0.00051988,8.5695
1.9154,2.0887,0.077439,-0.022372,-0.00044736,8.5875
1.9155,2.0887,0.077439,-0.022351,-0.00042369,8.5751
1.9155,2.0887,0.077439,-0.02234,-0.00040021,8.5757
1.9156,2.0887,0.077439,-0.022338,-0.00039518,8.5847
1.9156,2.0887,0.077439,-0.022346,-0.00036607,8.5832
1.9157,2.0887,0.077439,-0.02237,-0.00036962,8.5737
1.9157,2.0887,0.077439,-0.022389,-0.00036406,8.5785
1.9158,2.0887,0.077439,-0.022417,-0.00036714,8.5777
1.9158,2.0887,0.077439,-0.022449,-0.00032796,8.566
1.9159,2.0886,0.077439,-0.022476,-0.00030937,8.5766
1.9159,2.0886,0.077439,-0.022496,-0.00027613,8.5835
1.916,2.0886,0.077439,-0.022505,-0.00025287,8.5728
1.9161,2.0886,0.077439,-0.022503,-0.00021092,8.5794
1.9161,2.0886,0.077439,-0.022501,-0.00016695,8.5764
1.9162,2.0886,0.077439,-0.022491,-0.00013852,8.5632
1.9162,2.0886,0.077439,-0.022489,-9.7256e-05,8.558
1.9163,2.0886,0.077439,-0.022493,-5.3017e-05,8.5641
1.9163,2.0886,0.077439,-0.022494,-7.0876e-05,8.5511
1.9164,2.0886,0.077439,-0.022479,-0.0001178,8.5447
1.9164,2.0886,0.077439,-0.022474,-0.00017384,8.5553
1.9165,2.0886,0.077439,-0.022479,-0.00021793,8.5569
1.9165,2.0886,0.077439,-0.022492,-0.00022791,8.5448
1.9166,2.0886,0.077439,-0.022498,-0.00022734,8.5565
1.9166,2.0886,0.077439,-0.022503,-0.00018644,8.5571
1.9167,2.0886,0.077439,-0.022503,-0.00013563,8.5493
1.9167,2.0886,0.077439,-0.022496,-9.9179e-05,8.5512
1.9168,2.0886,0.077439,-0.022472,-6.2878e-05,8.5633
1.9168,2.0886,0.077439,-0.022462,-2.6658e-05,8.5543
1.9169,2.0886,0.077439,-0.022444,9.5235e-06,8.5612
1.9169,2.0886,0.077439,-0.022436,4.3683e-05,8.5806
1.917,2.0886,0.077439,-0.022433,8.092e-05,8.5738
1.9171,2.0886,0.077439,-0.022428,0.00012042,8.5689
1.9171,2.0886,0.077439,-0.02242,0.00016139,8.588
1.9172,2.0886,0.077439,-0.022404,0.00020303,8.5824
1.9172,2.0886,0.077439,-0.022365,0.00024459,8.5728
1.9173,2.0886,0.077439,-0.022302,0.00028527,8.5792
1.9173,2.0886,0.077439,-0.022216,0.00032417,8.5798
1.9174,2.0886,0.077439,-0.02213,0.00036031,8.5635
1.9174,2.0886,0.077439,-0.022033,0.00039873,8.5743
1.9175,2.0886,0.077439,-0.02192,0.00043745,8.5827
1.9175,2.0886,0.077439,-0.021805,0.00047632,8.576
1.9176,2.0886,0.077439,-0.021693,0.00051525,8.5755
1.9176,2.0886,0.077439,-0.021592,0.00055229,8.5738
1.9177,2.0886,0.077439,-0.021502,0.00060559,8.5684
1.9177,2.0886,0.077439,-0.021437,0.00063869,8.5642
1.9178,2.0886,0.077439,-0.021386,0.0006611,8.5686
1.9178,2.0886,0.077439,-0.021339,0.00067667,8.5656
1.9179,2.0886,0.077439,-0.021279,0.00068741,8.5625
1.9179,2.0886,0.077439,-0.021217,0.00070261,8.5744
1.918,2.0886,0.077439,-0.021159,0.0007239,8.5687
1.9181,2.0886,0.077439,-0.02111,0.00076023,8.5659
1.9181,2.0886,0.077439,-0.021064,0.00083399,8.5761
1.9182,2.0886,0.077439,-0.021023,0.00088628,8.5844
1.9182,2.0886,0.077439,-0.020979,0.00091876,8.5779
1.9183,2.0886,0.077439,-0.020928,0.00089908,8.5814
1.9183,2.0886,0.077439,-0.020865,0.00084004,8.5874
1.9184,2.0886,0.077439,-0.020805,0.00076857,8.5758
1.9184,2.0886,0.077439,-0.020756,0.00071388,8.5865
1.9185,2.0886,0.077439,-0.020707,0.0006616,8.5938
1.9185,2.0886,0.07744,-0.020666,0.00063791,8.591
1.9186,2.0886,0.07744,-0.020628,0.00063081,8.5843
1.9186,2.0886,0.07744,-0.020592,0.00063348,8.5933
1.9187,2.0886,0.07744,-0.020561,0.00062557,8.5862
1.9187,2.0886,0.07744,-0.020528,0.00062463,8.5782
1.9188,2.0886,0.07744,-0.0205,0.00064494,8.5834
1.9188,2.0886,0.07744,-0.020475,0.00069283,8.5805
1.9189,2.0886,0.07744,-0.020446,0.00073097,8.5703
1.9189,2.0886,0.07744,-0.020423,0.00077517,8.5764
1.919,2.0886,0.07744,-0.020398,0.00082541,8.5831
1.9191,2.0886,0.07744,-0.02037,0.00089558,8.5752
1.9191,2.0886,0.07744,-0.020346,0.00094656,8.5821
1.9192,2.0886,0.07744,-0.020319,0.00097573,8.5903
1.9192,2.0886,0.07744,-0.020297,0.0009937,8.5809
1.9193,2.0886,0.07744,-0.020284,0.0010194,8.5765
1.9193,2.0886,0.07744,-0.020281,0.0010172,8.5831
1.9194,2.0886,0.07744,-0.020285,0.0010047,8.571
1.9194,2.0886,0.07744,-0.020292,0.0010093,8.5633
1.9195,2.0886,0.07744,-0.020294,0.0010226,8.5804
1.9195,2.0886,0.07744,-0.020294,0.0010126,8.5826
1.9196,2.0886,0.07744,-0.02029,0.00094726,8.5804
1.9196,2.0886,0.07744,-0.020283,0.00082508,8.5918
1.9197,2.0886,0.07744,-0.020273,0.00068961,8.5942
1.9197,2.0886,0.077441,-0.02027,0.00055458,8.5887
1.9198,2.0886,0.077441,-0.02027,0.00044772,8.5896
1.9198,2.0886,0.077441,-0.020273,0.00038327,8.5936
1.9199,2.0886,0.077441,-0.020279,0.0003401,8.5825
1.9199,2.0886,0.077441,-0.020288,0.00031333,8.5816
1.92,2.0886,0.077441,-0.020306,0.00024605,8.5921
1.9201,2.0886,0.077441,-0.020324,0.00013439,8.5816
1.9201,2.0886,0.077441,-0.020342,3.2377e-05,8.5752
1.9202,2.0886,0.077441,-0.020366,-7.1907e-05,8.5826
1.9202,2.0886,0.077441,-0.020396,-0.00018465,8.5658
1.9203,2.0886,0.077441,-0.02043,-0.00029582,8.5568
1.9203,2.0886,0.077441,-0.020468,-0.00039604,8.562
1.9204,2.0886,0.077441,-0.020509,-0.00047625,8.5547
1.9204,2.0886,0.077441,-0.020555,-0.00051882,8.5451
1.9205,2.0886,0.07744,-0.020598,-0.00055949,8.5437
1.9205,2.0886,0.07744,-0.020639,-0.00058462,8.5506
1.9206,2.0886,0.07744,-0.020684,-0.00064188,8.5405
1.9206,2.0885,0.07744,-0.020731,-0.00068951,8.5399
1.9207,2.0885,0.07744,-0.020779,-0.00070349,8.5516
1.9207,2.0885,0.07744,-0.02083,-0.00066703,8.5379
1.9208,2.0885,0.07744,-0.020876,-0.00055413,8.5406
1.9208,2.0885,0.07744,-0.020921,-0.00038899,8.5463
1.9209,2.0885,0.07744,-0.020964,-0.00025601,8.5387
1.9209,2.0885,0.07744,-0.021011,-0.00014088,8.5383
1.921,2.0885,0.07744,-0.021062,-3.5839e-05,8.5517
1.9211,2.0885,0.07744,-0.021116,6.0509e-05,8.5555
1.9211,2.0885,0.07744,-0.021172,0.00014894,8.5508
1.9212,2.0885,0.07744,-0.021228,0.00023534,8.5586
1.9212,2.0885,0.07744,-0.021282,0.00033215,8.5585
1.9213,2.0885,0.07744,-0.021335,0.00040737,8.5527
1.9213,2.0885,0.07744,-0.021391,0.00044566,8.5565
1.9214,2.0885,0.07744,-0.021447,0.00048206,8.5645
1.9214,2.0885,0.07744,-0.021507,0.00054054,8.5563
1.9215,2.0885,0.07744,-0.021568,0.00060611,8.557
1.9215,2.0885,0.07744,-0.021631,0.00066646,8.5688
1.9216,2.0885,0.07744,-0.021696,0.00074263,8.5612
1.9216,2.0885,0.077441,-0.021767,0.0008628,8.5524
1.9217,2.0885,0.077441,-0.02183,0.0010082,8.564
1.9217,2.0885,0.077441,-0.021888,0.0011687,8.5567
1.9218,2.0885,0.077441,-0.021941,0.0013298,8.5476
1.9218,2.0885,0.077441,-0.021994,0.0014784,8.5508
1.9219,2.0885,0.077441,-0.022049,0.0016032,8.5506
1.9219,2.0885,0.077441,-0.022108,0.0016926,8.539
1.922,2.0885,0.077441,-0.022179,0.00178,8.5431
1.9221,2.0885,0.077441,-0.022251,0.0018926,8.545
1.9221,2.0885,0.077441,-0.022319,0.0020126,8.5385
1.9222,2.0885,0.077441,-0.02238,0.0021429,8.5508
1.9222,2.0885,0.077442,-0.022425,0.0022774,8.5596
1.9223,2.0885,0.077442,-0.022462,0.0024174,8.5428
1.9223,2.0885,0.077442,-0.022496,0.002563,8.5408
1.9224,2.0885,0.077442,-0.022535,0.0027153,8.5528
1.9224,2.0885,0.077442,-0.022588,0.0028754,8.5509
1.9225,2.0885,0.077442,-0.022646,0.0030435,8.5503
1.9225,2.0885,0.077442,-0.02272,0.0032146,8.5647
1.9226,2.0885,0.077443,-0.022804,0.003386,8.5651
1.9226,2.0885,0.077443,-0.02288,0.0035552,8.5665
1.9227,2.0885,0.077443,-0.022941,0.0037259,8.5831
1.9227,2.0885,0.077443,-0.02299,0.0039004,8.5849
1.9228,2.0885,0.077443,-0.023038,0.0040818,8.5793
1.9228,2.0885,0.077444,-0.02309,0.004268,8.5854
1.9229,2.0885,0.077444,-0.02314,0.0044587,8.5908
1.9229,2.0885,0.077444,-0.023184,0.0046538,8.5812
1.923,2.0885,0.077444,-0.023242,0.0048532,8.5802
1.9231,2.0885,0.077445,-0.023299,0.0050569,8.5947
1.9231,2.0885,0.077445,-0.02335,0.0052648,8.5869
1.9232,2.0885,0.077445,-0.023388,0.0054767,8.5819
1.9232,2.0885,0.077445,-0.023433,0.0056926,8.5923
1.9233,2.0885,0.077446,-0.023487,0.0059122,8.5871
1.9233,2.0885,0.077446,-0.023549,0.0061352,8.5789
1.9234,2.0885,0.077446,-0.023604,0.0063616,8.5913
1.9234,2.0885,0.077447,-0.023671,0.0065912,8.5856
1.9235,2.0885,0.077447,-0.023731,0.006824,8.5793
1.9235,2.0885,0.077448,-0.023787,0.0070597,8.5869
1.9236,2.0885,0.077448,-0.023835,0.0072985,8.589
1.9236,2.0885,0.077448,-0.023886,0.00754,8.5942
1.9237,2.0885,0.077449,-0.023953,0.0077843,8.6043
1.9237,2.0885,0.077449,-0.024034,0.0080313,8.6144
1.9238,2.0885,0.07745,-0.024122,0.0082807,8.598
1.9238,2.0885,0.07745,-0.024205,0.0085326,8.6019
1.9239,2.0885,0.07745,-0.024276,0.0087867,8.6126
1.9239,2.0885,0.077451,-0.024329,0.0090429,8.6089
1.924,2.0885,0.077451,-0.024375,0.0093012,8.6026
1.9241,2.0885,0.077452,-0.024421,0.0095613,8.6206
1.9241,2.0885,0.077452,-0.024472,0.0098233,8.6229
1.9242,2.0885,0.077453,-0.024535,0.010087,8.6226
1.9242,2.0885,0.077454,-0.024616,0.010352,8.6329
1.9243,2.0885,0.077454,-0.024707,0.01062,8.6355
1.9243,2.0885,0.077455,-0.024797,0.010888,8.6268
1.9244,2.0885,0.077455,-0.024875,0.011159,8.6276
1.9244,2.0885,0.077456,-0.024941,0.01143,8.6285
1.9245,2.0885,0.077456,-0.024993,0.011703,8.618
1.9245,2.0885,0.077457,-0.025022,0.011977,8.6172
1.9246,2.0885,0.077458,-0.025051,0.012252,8.6206
1.9246,2.0885,0.077458,-0.025084,0.012528,8.6107
1.9247,2.0885,0.077459,-0.025131,0.012804,8.6146
1.9247,2.0885,0.07746,-0.025182,0.013081,8.6239
1.9248,2.0885,0.07746,-0.02524,0.013358,8.6141
1.9248,2.0885,0.077461,-0.025284,0.013636,8.6084
1.9249,2.0885,0.077462,-0.025321,0.013914,8.6184
1.9249,2.0884,0.077463,-0.025351,0.014193,8.6098
1.925,2.0884,0.077463,-0.025389,0.014471,8.6028
1.9251,2.0884,0.077464,-0.025437,0.01475,8.6145
1.9251,2.0884,0.077465,-0.025501,0.015029,8.6164
1.9252,2.0884,0.077466,-0.025582,0.015308,8.6127
1.9252,2.0884,0.077467,-0.025652,0.015587,8.6216
1.9253,2.0884,0.077467,-0.025716,0.015865,8.6255
1.9253,2.0884,0.077468,-0.02577,0.016144,8.6192
1.9254,2.0884,0.077469,-0.025827,0.016421,8.6209
1.9254,2.0884,0.07747,-0.025886,0.016699,8.6234
1.9255,2.0884,0.077471,-0.025935,0.016976,8.6152
1.9255,2.0884,0.077472,-0.025973,0.017252,8.6086
1.9256,2.0884,0.077473,-0.026009,0.017528,8.6238
1.9256,2.0884,0.077474,-0.026025,0.017803,8.6178
1.9257,2.0884,0.077475,-0.02604,0.018077,8.6121
1.9257,2.0884,0.077476,-0.026037,0.01835,8.6221
1.9258,2.0884,0.077477,-0.026034,0.018622,8.6272
1.9258,2.0884,0.077478,-0.026034,0.018893,8.614
1.9259,2.0884,0.077479,-0.02604,0.019162,8.6139
1.9259,2.0884,0.07748,-0.026056,0.01943,8.6142
1.926,2.0884,0.077481,-0.026086,0.019696,8.6009
1.9261,2.0884,0.077482,-0.026116,0.019961,8.595
1.9261,2.0884,0.077483,-0.026154,0.020225,8.6066
1.9262,2.0884,0.077484,-0.026182,0.020486,8.5976
1.9262,2.0884,0.077485,-0.026201,0.020746,8.5988
1.9263,2.0884,0.077486,-0.026219,0.021005,8.6052
1.9263,2.0884,0.077487,-0.026247,0.021261,8.6033
1.9264,2.0884,0.077488,-0.026274,0.021515,8.5996
1.9264,2.0884,0.077489,-0.0263,0.021767,8.6085
1.9265,2.0884,0.077491,-0.026319,0.022017,8.605
1.9265,2.0884,0.077492,-0.026341,0.022264,8.5945
1.9266,2.0884,0.077493,-0.02636,0.022509,8.6065
1.9266,2.0884,0.077494,-0.026374,0.022752,8.6101
1.9267,2.0884,0.077495,-0.026383,0.022993,8.6075
1.9267,2.0884,0.077497,-0.026391,0.02323,8.6141
1.9268,2.0884,0.077498,-0.026396,0.023466,8.6252
1.9268,2.0884,0.077499,-0.026403,0.023698,8.6165
1.9269,2.0884,0.0775,-0.026408,0.023927,8.6227
1.9269,2.0884,0.077502,-0.02641,0.024153,8.6314
1.927,2.0884,0.077503,-0.026413,0.024376,8.6207
1.9271,2.0884,0.077504,-0.026412,0.024597,8.6152
1.9271,2.0884,0.077505,-0.026405,0.024814,8.6214
1.9272,2.0884,0.077507,-0.026402,0.025027,8.6166
1.9272,2.0884,0.077508,-0.026415,0.025237,8.6122
1.9273,2.0884,0.077509,-0.026437,0.025444,8.6223
1.9273,2.0884,0.077511,-0.02646,0.025647,8.622
1.9274,2.0884,0.077512,-0.026489,0.025846,8.6061
1.9274,2.0884,0.077514,-0.02653,0.026041,8.6131
1.9275,2.0884,0.077515,-0.026574,0.026233,8.6048
1.9275,2.0884,0.077516,-0.026608,0.026421,8.5934
1.9276,2.0884,0.077518,-0.026632,0.026605,8.5841
1.9276,2.0884,0.077519,-0.026656,0.026784,8.5944
1.9277,2.0884,0.077521,-0.026675,0.02696,8.5826
1.9277,2.0884,0.077522,-0.026693,0.027131,8.5873
1.9278,2.0884,0.077523,-0.026722,0.027297,8.6012
1.9278,2.0884,0.077525,-0.026774,0.027459,8.592
1.9279,2.0884,0.077526,-0.026833,0.027616,8.5913
1.9279,2.0884,0.077528,-0.026882,0.027768,8.5967
1.928,2.0884,0.077529,-0.026916,0.027916,8.5961
1.9281,2.0884,0.077531,-0.026944,0.028058,8.5939
1.9281,2.0884,0.077532,-0.026972,0.028195,8.6054
1.9282,2.0884,0.077534,-0.027004,0.028326,8.6087
1.9282,2.0884,0.077535,-0.027046,0.028453,8.6013
1.9283,2.0884,0.077537,-0.027102,0.028573,8.6113
1.9283,2.0884,0.077538,-0.027162,0.028689,8.6226
1.9284,2.0884,0.07754,-0.027218,0.028784,8.6164
1.9284,2.0884,0.077541,-0.027274,0.028897,8.6237
1.9285,2.0884,0.077543,-0.027331,0.029024,8.6336
1.9285,2.0884,0.077544,-0.027387,0.029156,8.6287
1.9286,2.0884,0.077546,-0.027446,0.029289,8.6207
1.9286,2.0884,0.077547,-0.027504,0.029414,8.6321
1.9287,2.0884,0.077549,-0.027564,0.029525,8.6317
1.9287,2.0883,0.077551,-0.027626,0.029613,8.6279
1.9288,2.0883,0.077552,-0.027691,0.029672,8.6322
1.9288,2.0883,0.077554,-0.027757,0.029738,8.6344
1.9289,2.0883,0.077555,-0.027825,0.029798,8.6251
1.9289,2.0883,0.077557,-0.027896,0.029852,8.6326
1.929,2.0883,0.077558,-0.027967,0.029899,8.6315
1.9291,2.0883,0.07756,-0.028035,0.029939,8.6233
1.9291,2.0883,0.077562,-0.028096,0.029973,8.6262
1.9292,2.0883,0.077563,-0.028149,0.03,8.6379
1.9292,2.0883,0.077565,-0.028199,0.03002,8.6275
1.9293,2.0883,0.077566,-0.028243,0.030034,8.6271
1.9293,2.0883,0.077568,-0.02829,0.030041,8.6428
1.9294,2.0883,0.077569,-0.028344,0.030025,8.638
1.9294,2.0883,0.077571,-0.028405,0.030027,8.6327
1.9295,2.0883,0.077573,-0.028473,0.030025,8.6486
1.9295,2.0883,0.077574,-0.028543,0.030036,8.646
1.9296,2.0883,0.077576,-0.028613,0.030088,8.6368
1.9296,2.0883,0.077577,-0.028688,0.030161,8.6484
1.9297,2.0883,0.077579,-0.028763,0.03022,8.6585
1.9297,2.0883,0.077581,-0.028839,0.030268,8.6429
1.9298,2.0883,0.077582,-0.028912,0.030302,8.6508
1.9298,2.0883,0.077584,-0.028981,0.030355,8.6616
1.9299,2.0883,0.077585,-0.029045,0.030405,8.652
1.9299,2.0883,0.077587,-0.029102,0.030484,8.6581
1.93,2.0883,0.077589,-0.029155,0.030612,8.6626
1.9301,2.0883,0.07759,-0.029208,0.030754,8.6493
1.9301,2.0883,0.077592,-0.029275,0.030886,8.6417
1.9302,2.0883,0.077593,-0.02934,0.031017,8.652
1.9302,2.0883,0.077595,-0.029409,0.031146,8.6395
1.9303,2.0883,0.077597,-0.02948,0.031269,8.6304
1.9303,2.0883,0.077598,-0.029551,0.031389,8.6425
1.9304,2.0883,0.0776,-0.029618,0.031508,8.6444
1.9304,2.0883,0.077602,-0.029681,0.03163,8.6285
1.9305,2.0883,0.077603,-0.029745,0.031751,8.6344
1.9305,2.0883,0.077605,-0.029811,0.031888,8.6281
1.9306,2.0883,0.077607,-0.029873,0.032016,8.623
1.9306,2.0883,0.077608,-0.029943,0.032116,8.6257
1.9307,2.0883,0.07761,-0.030022,0.032177,8.6262
1.9307,2.0883,0.077612,-0.030106,0.032177,8.6144
1.9308,2.0883,0.077613,-0.030191,0.03214,8.6167
1.9308,2.0883,0.077615,-0.030275,0.032113,8.6306
1.9309,2.0883,0.077617,-0.030353,0.0321,8.6292
1.9309,2.0883,0.077619,-0.030423,0.032098,8.619
1.931,2.0883,0.07762,-0.03049,0.032099,8.6269
1.9311,2.0883,0.077622,-0.030555,0.032103,8.6243
1.9311,2.0883,0.077624,-0.030621,0.032108,8.6157
1.9312,2.0883,0.077625,-0.030691,0.032104,8.6217
1.9312,2.0883,0.077627,-0.030765,0.032122,8.6208
1.9313,2.0883,0.077629,-0.030841,0.032184,8.6105
1.9313,2.0883,0.07763,-0.030918,0.032259,8.614
1.9314,2.0883,0.077632,-0.030993,0.032326,8.614
1.9314,2.0883,0.077634,-0.031066,0.032391,8.6023
1.9315,2.0883,0.077635,-0.031137,0.032464,8.6015
1.9315,2.0883,0.077637,-0.031201,0.032526,8.6079
1.9316,2.0883,0.077639,-0.031262,0.032549,8.5986
1.9316,2.0883,0.077641,-0.031326,0.032548,8.5904
1.9317,2.0883,0.077642,-0.031393,0.032532,8.5925
1.9317,2.0883,0.077644,-0.031464,0.032517,8.5823
1.9318,2.0883,0.077646,-0.031539,0.032517,8.571
1.9318,2.0883,0.077647,-0.031613,0.03254,8.5821
1.9319,2.0883,0.077649,-0.031683,0.032605,8.58
1.9319,2.0883,0.077651,-0.031752,0.032679,8.5744
1.932,2.0883,0.077653,-0.031816,0.032731,8.5765
1.9321,2.0883,0.077654,-0.031884,0.032777,8.5717
1.9321,2.0882,0.077656,-0.03195,0.032813,8.5619
1.9322,2.0882,0.077658,-0.032014,0.032847,8.5646
1.9322,2.0882,0.07766,-0.032074,0.032877,8.5735
1.9323,2.0882,0.077661,-0.032124,0.032907,8.5642
1.9323,2.0882,0.077663,-0.032168,0.032937,8.5684
1.9324,2.0882,0.077665,-0.032211,0.032964,8.5823
1.9324,2.0882,0.077666,-0.032251,0.032988,8.5806
1.9325,2.0882,0.077668,-0.032299,0.033014,8.5749
1.9325,2.0882,0.07767,-0.032355,0.033043,8.5931
1.9326,2.0882,0.077672,-0.03242,0.033079,8.5867
1.9326,2.0882,0.077673,-0.032491,0.033119,8.5806
1.9327,2.0882,0.077675,-0.032559,0.033161,8.5869
1.9327,2.0882,0.077677,-0.032624,0.033202,8.5842
1.9328,2.0882,0.077679,-0.032684,0.033241,8.5759
1.9328,2.0882,0.07768,-0.032741,0.033284,8.5816
1.9329,2.0882,0.077682,-0.032804,0.03333,8.5832
1.9329,2.0882,0.077684,-0.032872,0.033377,8.5798
1.933,2.0882,0.077686,-0.032953,0.033425,8.5764
1.9331,2.0882,0.077687,-0.033036,0.033473,8.583
1.9331,2.0882,0.077689,-0.033119,0.033517,8.5744
1.9332,2.0882,0.077691,-0.033195,0.033563,8.5661
1.9332,2.0882,0.077693,-0.033265,0.033608,8.5682
1.9333,2.0882,0.077695,-0.033324,0.033655,8.5657
1.9333,2.0882,0.077696,-0.033377,0.033705,8.5594
1.9334,2.0882,0.077698,-0.033418,0.033758,8.5788
1.9334,2.0882,0.0777,-0.033454,0.033811,8.5832
1.9335,2.0882,0.077702,-0.033491,0.033862,8.5763
1.9335,2.0882,0.077703,-0.033527,0.03391,8.5848
1.9336,2.0882,0.077705,-0.033565,0.033958,8.5849
1.9336,2.0882,0.077707,-0.033606,0.034005,8.5755
1.9337,2.0882,0.077709,-0.033652,0.034048,8.5809
1.9337,2.0882,0.077711,-0.033696,0.034095,8.5836
1.9338,2.0882,0.077712,-0.033739,0.034142,8.5697
1.9338,2.0882,0.077714,-0.033781,0.034189,8.5776
1.9339,2.0882,0.077716,-0.033826,0.034237,8.5908
1.9339,2.0882,0.077718,-0.033875,0.034286,8.5843
1.934,2.0882,0.07772,-0.033925,0.034335,8.5815
1.9341,2.0882,0.077721,-0.03397,0.034385,8.5959
1.9341,2.0882,0.077723,-0.034008,0.034435,8.5933
1.9342,2.0882,0.077725,-0.034037,0.034486,8.5896
1.9342,2.0882,0.077727,-0.034062,0.034537,8.5909
1.9343,2.0882,0.077729,-0.034091,0.034588,8.5953
1.9343,2.0882,0.077731,-0.034117,0.034639,8.5816
1.9344,2.0882,0.077732,-0.034154,0.034691,8.5901
1.9344,2.0882,0.077734,-0.034194,0.034743,8.5958
1.9345,2.0882,0.077736,-0.034231,0.034796,8.5908
1.9345,2.0882,0.077738,-0.034256,0.034849,8.5916
1.9346,2.0882,0.07774,-0.034279,0.034902,8.5921
1.9346,2.0882,0.077741,-0.0343,0.034957,8.5835
1.9347,2.0882,0.077743,-0.034312,0.035011,8.5775
1.9347,2.0882,0.077745,-0.034322,0.035067,8.5838
1.9348,2.0882,0.077747,-0.034345,0.035123,8.5752
1.9348,2.0882,0.077749,-0.034369,0.035179,8.569
1.9349,2.0882,0.077751,-0.034396,0.035236,8.5846
1.9349,2.0882,0.077753,-0.034421,0.035293,8.584
1.935,2.0882,0.077754,-0.034447,0.035351,8.5871
1.9351,2.0882,0.077756,-0.03446,0.035409,8.5989
1.9351,2.0881,0.077758,-0.03445,0.035467,8.5999
1.9352,2.0881,0.07776,-0.034442,0.035525,8.5917
1.9352,2.0881,0.077762,-0.034439,0.035584,8.5978
1.9353,2.0881,0.077764,-0.034446,0.035644,8.6
1.9353,2.0881,0.077766,-0.034455,0.035703,8.5862
1.9354,2.0881,0.077768,-0.034472,0.035764,8.588
1.9354,2.0881,0.077769,-0.034496,0.035824,8.5968
1.9355,2.0881,0.077771,-0.034515,0.035885,8.5907
1.9355,2.0881,0.077773,-0.034536,0.035946,8.5927
1.9356,2.0881,0.077775,-0.034568,0.036008,8.6014
1.9356,2.0881,0.077777,-0.03462,0.03607,8.5996
1.9357,2.0881,0.077779,-0.034684,0.036133,8.5952
1.9357,2.0881,0.077781,-0.034746,0.036196,8.5997
1.9358,2.0881,0.077783,-0.034806,0.03626,8.6011
1.9358,2.0881,0.077785,-0.034862,0.036324,8.5811
1.9359,2.0881,0.077787,-0.034918,0.036389,8.5907
1.9359,2.0881,0.077788,-0.034976,0.036454,8.597
1.936,2.0881,0.07779,-0.03503,0.03652,8.5955
1.9361,2.0881,0.077792,-0.035089,0.036586,8.5943
1.9361,2.0881,0.077794,-0.03514,0.036653,8.6015
1.9362,2.0881,0.077796,-0.035187,0.03672,8.5908
1.9362,2.0881,0.077798,-0.035225,0.036787,8.5931
1.9363,2.0881,0.0778,-0.035262,0.036855,8.5973
1.9363,2.0881,0.077802,-0.035305,0.036924,8.59
1.9364,2.0881,0.077804,-0.035348,0.036993,8.5861
1.9364,2.0881,0.077806,-0.03539,0.037062,8.5995
1.9365,2.0881,0.077808,-0.035432,0.037132,8.5961
1.9365,2.0881,0.07781,-0.035476,0.037203,8.591
1.9366,2.0881,0.077812,-0.035521,0.037273,8.5978
1.9366,2.0881,0.077814,-0.035568,0.037344,8.5978
1.9367,2.0881,0.077816,-0.035617,0.037416,8.5832
1.9367,2.0881,0.077818,-0.035666,0.037488,8.5853
1.9368,2.0881,0.07782,-0.035716,0.03756,8.5812
1.9368,2.0881,0.077822,-0.035765,0.037633,8.5753
1.9369,2.0881,0.077824,-0.035817,0.037706,8.567
1.9369,2.0881,0.077826,-0.035869,0.03778,8.5779
1.937,2.0881,0.077828,-0.035922,0.037854,8.566
1.9371,2.0881,0.07783,-0.035977,0.037928,8.5602
1.9371,2.0881,0.077832,-0.036032,0.038003,8.5683
1.9372,2.0881,0.077834,-0.036088,0.038078,8.5582
1.9372,2.0881,0.077836,-0.036143,0.038153,8.5513
1.9373,2.0881,0.077838,-0.036202,0.038229,8.5534
1.9373,2.0881,0.07784,-0.036265,0.038304,8.5549
1.9374,2.0881,0.077842,-0.036331,0.03838,8.5414
1.9374,2.0881,0.077844,-0.036398,0.038455,8.5497
1.9375,2.0881,0.077846,-0.036465,0.038531,8.5515
1.9375,2.0881,0.077848,-0.036532,0.038607,8.546
1.9376,2.0881,0.07785,-0.036597,0.038684,8.5548
1.9376,2.0881,0.077852,-0.036658,0.03876,8.5628
1.9377,2.0881,0.077854,-0.036721,0.038837,8.5615
1.9377,2.0881,0.077856,-0.036785,0.038915,8.5582
1.9378,2.0881,0.077858,-0.03685,0.038992,8.5661
1.9378,2.0881,0.07786,-0.036915,0.03907,8.5629
1.9379,2.088,0.077862,-0.036979,0.039148,8.5546
1.9379,2.088,0.077864,-0.037045,0.039226,8.5643
1.938,2.088,0.077866,-0.03711,0.039305,8.5645
1.9381,2.088,0.077868,-0.037175,0.039384,8.561
1.9381,2.088,0.07787,-0.037241,0.039463,8.5787
1.9382,2.088,0.077872,-0.037306,0.039543,8.5859
1.9382,2.088,0.077875,-0.037371,0.039624,8.5789
1.9383,2.088,0.077877,-0.037437,0.039704,8.5885
1.9383,2.088,0.077879,-0.037502,0.039785,8.5875
1.9384,2.088,0.077881,-0.037567,0.039865,8.5748
1.9384,2.088,0.077883,-0.037632,0.039946,8.5689
1.9385,2.088,0.077885,-0.037696,0.040026,8.5808
1.9385,2.088,0.077887,-0.03776,0.040107,8.5696
1.9386,2.088,0.077889,-0.037824,0.040187,8.5701
1.9386,2.088,0.077891,-0.037887,0.040267,8.5864
1.9387,2.088,0.077894,-0.03795,0.040346,8.5834
1.9387,2.088,0.077896,-0.038013,0.040426,8.5682
1.9388,2.088,0.077898,-0.038075,0.040505,8.5735
1.9388,2.088,0.0779,-0.038136,0.040584,8.572
1.9389,2.088,0.077902,-0.038194,0.040663,8.5624
1.9389,2.088,0.077904,-0.038253,0.040742,8.5712
1.939,2.088,0.077906,-0.038316,0.040821,8.5718
1.9391,2.088,0.077908,-0.038384,0.0409,8.5704
1.9391,2.088,0.077911,-0.038462,0.040978,8.5804
1.9392,2.088,0.077913,-0.038542,0.041056,8.5892
1.9392,2.088,0.077915,-0.038627,0.041133,8.5837
1.9393,2.088,0.077917,-0.03871,0.04121,8.586
1.9393,2.088,0.077919,-0.038786,0.041287,8.5942
1.9394,2.088,0.077921,-0.038856,0.041364,8.5905
1.9394,2.088,0.077924,-0.03892,0.04144,8.5824
1.9395,2.088,0.077926,-0.03898,0.041516,8.5899
1.9395,2.088,0.077928,-0.039038,0.041591,8.5951
1.9396,2.088,0.07793,-0.039092,0.041665,8.5984
1.9396,2.088,0.077932,-0.039144,0.041739,8.6097
1.9397,2.088,0.077935,-0.039196,0.041812,8.611
1.9397,2.088,0.077937,-0.039252,0.041884,8.6054
1.9398,2.088,0.077939,-0.039312,0.041956,8.6124
1.9398,2.088,0.077941,-0.039379,0.042027,8.6098
1.9399,2.088,0.077943,-0.039452,0.042097,8.595
1.9399,2.088,0.077946,-0.039531,0.042166,8.5928
1.94,2.088,0.077948,-0.039611,0.042234,8.5966
1.9401,2.088,0.07795,-0.039678,0.042302,8.5894
1.9401,2.088,0.077952,-0.039747,0.042368,8.5861
1.9402,2.088,0.077955,-0.039813,0.042434,8.6019
1.9402,2.088,0.077957,-0.039876,0.042498,8.5961
1.9403,2.088,0.077959,-0.03994,0.042561,8.5907
1.9403,2.088,0.077961,-0.040007,0.042622,8.5995
1.9404,2.088,0.077964,-0.040078,0.042682,8.5993
1.9404,2.088,0.077966,-0.04015,0.042741,8.5909
1.9405,2.088,0.077968,-0.040219,0.042799,8.6017
1.9405,2.0879,0.07797,-0.040293,0.042855,8.6086
1.9406,2.0879,0.077973,-0.04036,0.04291,8.6036
1.9406,2.0879,0.077975,-0.040418,0.042963,8.6102
1.9407,2.0879,0.077977,-0.040468,0.043016,8.6229
1.9407,2.0879,0.077979,-0.040516,0.043067,8.6141
1.9408,2.0879,0.077982,-0.040564,0.043118,8.614
1.9408,2.0879,0.077984,-0.040615,0.043167,8.6208
1.9409,2.0879,0.077986,-0.040674,0.043214,8.6171
1.9409,2.0879,0.077988,-0.040737,0.04326,8.6156
1.941,2.0879,0.077991,-0.040801,0.043311,8.6257
1.9411,2.0879,0.077993,-0.040864,0.043364,8.6246
1.9411,2.0879,0.077995,-0.040922,0.043419,8.6213
1.9412,2.0879,0.077998,-0.040976,0.043473,8.6391
1.9412,2.0879,0.078,-0.041027,0.043524,8.6414
1.9413,2.0879,0.078002,-0.041077,0.04357,8.6285
1.9413,2.0879,0.078004,-0.041126,0.043607,8.6391
1.9414,2.0879,0.078007,-0.041175,0.043645,8.6405
1.9414,2.0879,0.078009,-0.041224,0.043685,8.6318
1.9415,2.0879,0.078011,-0.041279,0.043725,8.6288
1.9415,2.0879,0.078014,-0.041337,0.043765,8.6361
1.9416,2.0879,0.078016,-0.041393,0.043802,8.6243
1.9416,2.0879,0.078018,-0.041445,0.043837,8.6201
1.9417,2.0879,0.078021,-0.041493,0.043868,8.6368
1.9417,2.0879,0.078023,-0.041535,0.043894,8.6346
1.9418,2.0879,0.078025,-0.041578,0.04392,8.6242
1.9418,2.0879,0.078028,-0.041622,0.043942,8.6337
1.9419,2.0879,0.07803,-0.041666,0.043964,8.6384
1.9419,2.0879,0.078032,-0.041715,0.04399,8.6237
1.942,2.0879,0.078034,-0.041758,0.044018,8.6312
1.9421,2.0879,0.078037,-0.041802,0.044047,8.6384
1.9421,2.0879,0.078039,-0.041847,0.044075,8.6274
1.9422,2.0879,0.078041,-0.041895,0.044101,8.6316
1.9422,2.0879,0.078044,-0.041955,0.044124,8.645
1.9423,2.0879,0.078046,-0.042022,0.044142,8.6362
1.9423,2.0879,0.078048,-0.042084,0.044159,8.6339
1.9424,2.0879,0.078051,-0.042142,0.044178,8.6428
1.9424,2.0879,0.078053,-0.04219,0.044198,8.6376
1.9425,2.0879,0.078055,-0.042225,0.044219,8.6317
1.9425,2.0879,0.078058,-0.04225,0.04424,8.6361
1.9426,2.0879,0.07806,-0.042273,0.044261,8.6366
1.9426,2.0879,0.078062,-0.042309,0.044283,8.6309
1.9427,2.0879,0.078065,-0.042348,0.044306,8.637
1.9427,2.0879,0.078067,-0.042394,0.044331,8.6386
1.9428,2.0879,0.078069,-0.042436,0.044353,8.6263
1.9428,2.0879,0.078072,-0.042472,0.044373,8.6346
1.9429,2.0878,0.078074,-0.042499,0.044392,8.6342
1.9429,2.0878,0.078076,-0.042511,0.044411,8.6253
1.943,2.0878,0.078079,-0.04252,0.04443,8.6157
1.9431,2.0878,0.078081,-0.042534,0.044453,8.6271
1.9431,2.0878,0.078083,-0.042547,0.044475,8.6152
1.9432,2.0878,0.078086,-0.042565,0.044498,8.6147
1.9432,2.0878,0.078088,-0.042584,0.04452,8.6214
1.9433,2.0878,0.07809,-0.042602,0.044538,8.6187
1.9433,2.0878,0.078093,-0.042624,0.044555,8.6113
1.9434,2.0878,0.078095,-0.042652,0.044571,8.6225
1.9434,2.0878,0.078097,-0.042682,0.044589,8.6177
1.9435,2.0878,0.0781,-0.042718,0.044611,8.6103
1.9435,2.0878,0.078102,-0.042754,0.044633,8.6117
1.9436,2.0878,0.078105,-0.042792,0.044657,8.6165
1.9436,2.0878,0.078107,-0.042825,0.044684,8.6137
1.9437,2.0878,0.078109,-0.042854,0.044708,8.6205
1.9437,2.0878,0.078112,-0.042882,0.044735,8.6317
1.9438,2.0878,0.078114,-0.042909,0.044765,8.6201
1.9438,2.0878,0.078116,-0.042929,0.044796,8.6178
1.9439,2.0878,0.078119,-0.042943,0.044827,8.6232
1.9439,2.0878,0.078121,-0.04295,0.044858,8.6194
1.944,2.0878,0.078123,-0.04296,0.044887,8.6084
1.9441,2.0878,0.078126,-0.042972,0.044914,8.624
1.9441,2.0878,0.078128,-0.042994,0.044939,8.6186
1.9442,2.0878,0.07813,-0.043014,0.044965,8.6055
1.9442,2.0878,0.078133,-0.043022,0.044992,8.619
1.9443,2.0878,0.078135,-0.043019,0.045019,8.627
1.9443,2.0878,0.078138,-0.043009,0.045047,8.613
1.9444,2.0878,0.07814,-0.042999,0.045074,8.6227
1.9444,2.0878,0.078142,-0.042995,0.045102,8.6258
1.9445,2.0878,0.078145,-0.043007,0.04513,8.615
1.9445,2.0878,0.078147,-0.043026,0.045158,8.6174
1.9446,2.0878,0.078149,-0.043043,0.045187,8.6201
1.9446,2.0878,0.078152,-0.043052,0.045215,8.6098
1.9447,2.0878,0.078154,-0.043061,0.045244,8.6079
1.9447,2.0878,0.078157,-0.043068,0.045272,8.6205
1.9448,2.0878,0.078159,-0.04307,0.045301,8.6216
1.9448,2.0878,0.078161,-0.043067,0.045329,8.6142
1.9449,2.0878,0.078164,-0.043057,0.045358,8.6264
1.9449,2.0878,0.078166,-0.043036,0.045388,8.6235
1.945,2.0878,0.078169,-0.043018,0.045417,8.6186
1.9451,2.0878,0.078171,-0.043006,0.045447,8.6273
1.9451,2.0878,0.078173,-0.043003,0.045477,8.6346
1.9452,2.0878,0.078176,-0.043007,0.045506,8.6197
1.9452,2.0878,0.078178,-0.043019,0.045536,8.6318
1.9453,2.0877,0.078181,-0.043038,0.045567,8.6467
1.9453,2.0877,0.078183,-0.043055,0.045597,8.6366
1.9454,2.0877,0.078185,-0.04307,0.045628,8.64
1.9454,2.0877,0.078188,-0.043095,0.045658,8.6456
1.9455,2.0877,0.07819,-0.043115,0.045687,8.6344
1.9455,2.0877,0.078193,-0.043127,0.04572,8.6307
1.9456,2.0877,0.078195,-0.043125,0.045754,8.6369
1.9456,2.0877,0.078197,-0.043119,0.04579,8.6336
1.9457,2.0877,0.0782,-0.043107,0.045827,8.6302
1.9457,2.0877,0.078202,-0.043097,0.045862,8.6401
1.9458,2.0877,0.078205,-0.043089,0.045896,8.6449
1.9458,2.0877,0.078207,-0.043079,0.045928,8.6413
1.9459,2.0877,0.078209,-0.043064,0.045956,8.6492
1.9459,2.0877,0.078212,-0.04305,0.045986,8.6545
1.946,2.0877,0.078214,-0.043032,0.046017,8.6466
1.9461,2.0877,0.078217,-0.043021,0.046048,8.646
1.9461,2.0877,0.078219,-0.043017,0.046078,8.6513
1.9462,2.0877,0.078222,-0.043027,0.046109,8.6468
1.9462,2.0877,0.078224,-0.04304,0.04614,8.6459
1.9463,2.0877,0.078226,-0.043047,0.046171,8.6595
1.9463,2.0877,0.078229,-0.043055,0.046202,8.6541
1.9464,2.0877,0.078231,-0.043063,0.046233,8.6459
1.9464,2.0877,0.078234,-0.04307,0.046264,8.6591
1.9465,2.0877,0.078236,-0.043077,0.046295,8.6534
1.9465,2.0877,0.078239,-0.043084,0.046326,8.6462
1.9466,2.0877,0.078241,-0.04309,0.046357,8.6517
1.9466,2.0877,0.078243,-0.043097,0.046388,8.659
1.9467,2.0877,0.078246,-0.043103,0.046419,8.6467
1.9467,2.0877,0.078248,-0.043109,0.04645,8.6532
1.9468,2.0877,0.078251,-0.043115,0.046481,8.6603
1.9468,2.0877,0.078253,-0.043121,0.046511,8.6522
1.9469,2.0877,0.078256,-0.043127,0.046542,8.6502
1.9469,2.0877,0.078258,-0.043132,0.046573,8.6643
1.947,2.0877,0.078261,-0.043137,0.046604,8.6542
1.9471,2.0877,0.078263,-0.043142,0.046634,8.6443
1.9471,2.0877,0.078266,-0.043147,0.046665,8.6463
1.9472,2.0877,0.078268,-0.043151,0.046695,8.643
1.9472,2.0877,0.07827,-0.043156,0.046726,8.6378
1.9473,2.0877,0.078273,-0.04316,0.046757,8.6526
1.9473,2.0877,0.078275,-0.043164,0.046787,8.6531
1.9474,2.0877,0.078278,-0.043168,0.046818,8.6394
1.9474,2.0877,0.07828,-0.043171,0.046849,8.647
1.9475,2.0877,0.078283,-0.043175,0.046879,8.6523
1.9475,2.0877,0.078285,-0.043178,0.046909,8.6412
1.9476,2.0876,0.078288,-0.043181,0.046938,8.641
1.9476,2.0876,0.07829,-0.043184,0.046968,8.6421
1.9477,2.0876,0.078293,-0.043187,0.046997,8.6354
1.9477,2.0876,0.078295,-0.043189,0.047026,8.6298
1.9478,2.0876,0.078298,-0.043191,0.047055,8.6356
1.9478,2.0876,0.0783,-0.043193,0.047084,8.6316
1.9479,2.0876,0.078303,-0.043195,0.047112,8.6262
1.9479,2.0876,0.078305,-0.043197,0.047141,8.6336
1.948,2.0876,0.078308,-0.043198,0.047168,8.6251
1.9481,2.0876,0.07831,-0.0432,0.047196,8.6142
1.9481,2.0876,0.078312,-0.043201,0.047223,8.6223
1.9482,2.0876,0.078315,-0.043202,0.04725,8.6211
1.9482,2.0876,0.078317,-0.043202,0.047276,8.6063
1.9483,2.0876,0.07832,-0.043203,0.047302,8.6099
1.9483,2.0876,0.078322,-0.043203,0.047328,8.6112
1.9484,2.0876,0.078325,-0.043203,0.047353,8.6057
1.9484,2.0876,0.078327,-0.043203,0.047378,8.6044
1.9485,2.0876,0.07833,-0.043203,0.047402,8.6092
1.9485,2.0876,0.078332,-0.043203,0.047426,8.5947
1.9486,2.0876,0.078335,-0.043202,0.047451,8.5867
1.9486,2.0876,0.078337,-0.043201,0.047474,8.5949
1.9487,2.0876,0.07834,-0.0432,0.047498,8.5834
1.9487,2.0876,0.078342,-0.043199,0.047521,8.5749
1.9488,2.0876,0.078345,-0.043197,0.047544,8.5886
1.9488,2.0876,0.078347,-0.043196,0.047567,8.5945
1.9489,2.0876,0.07835,-0.043194,0.047589,8.5871
1.9489,2.0876,0.078352,-0.043192,0.047611,8.593
1.949,2.0876,0.078355,-0.04319,0.047633,8.5972
1.9491,2.0876,0.078357,-0.043188,0.047654,8.5929
1.9491,2.0876,0.07836,-0.043185,0.047674,8.5958
1.9492,2.0876,0.078362,-0.043182,0.047695,8.6009
1.9492,2.0876,0.078365,-0.043179,0.047714,8.5914
1.9493,2.0876,0.078367,-0.043176,0.047733,8.5876
1.9493,2.0876,0.07837,-0.043173,0.047752,8.5997
1.9494,2.0876,0.078373,-0.043169,0.04777,8.5931
1.9494,2.0876,0.078375,-0.043165,0.047787,8.5888
1.9495,2.0876,0.078378,-0.043162,0.047803,8.6014
1.9495,2.0876,0.07838,-0.043157,0.047819,8.5949
1.9496,2.0876,0.078383,-0.043153,0.047835,8.5849
1.9496,2.0876,0.078385,-0.043149,0.04785,8.5885
1.9497,2.0876,0.078388,-0.043144,0.047864,8.5899
1.9497,2.0876,0.07839,-0.043139,0.047878,8.5752
1.9498,2.0876,0.078393,-0.043134,0.047891,8.5738
1.9498,2.0876,0.078395,-0.043129,0.047904,8.5882
1.9499,2.0875,0.078398,-0.043123,0.047916,8.5799
1.9499,2.0875,0.0784,-0.043118,0.047926,8.5806
1.95,2.0875,0.078403,-0.043112,0.047936,8.5963
1.9501,2.0875,0.078405,-0.043106,0.047946,8.5811
1.9501,2.0875,0.078408,-0.0431,0.047954,8.5828
1.9502,2.0875,0.07841,-0.043093,0.047961,8.5879
1.9502,2.0875,0.078413,-0.043086,0.047968,8.5839
1.9503,2.0875,0.078415,-0.04308,0.047975,8.5776
1.9503,2.0875,0.078418,-0.043073,0.04798,8.5944
1.9504,2.0875,0.07842,-0.043065,0.047985,8.5974
1.9504,2.0875,0.078423,-0.043058,0.04799,8.5965
1.9505,2.0875,0.078425,-0.04305,0.047993,8.6055
1.9505,2.0875,0.078428,-0.043043,0.047996,8.6144
1.9506,2.0875,0.078431,-0.043035,0.047999,8.607
1.9506,2.0875,0.078433,-0.043027,0.048,8.6092
1.9507,2.0875,0.078436,-0.043018,0.048001,8.6143
1.9507,2.0875,0.078438,-0.04301,0.048,8.6034
1.9508,2.0875,0.078441,-0.043001,0.047999,8.5999
1.9508,2.0875,0.078443,-0.042992,0.047997,8.6094
1.9509,2.0875,0.078446,-0.042983,0.047994,8.6089
1.9509,2.0875,0.078448,-0.042974,0.04799,8.6094
1.951,2.0875,0.078451,-0.042964,0.047985,8.6187
1.9511,2.0875,0.078453,-0.042954,0.047979,8.6082
1.9511,2.0875,0.078456,-0.042944,0.047972,8.5966
1.9512,2.0875,0.078458,-0.042934,0.047964,8.6023
1.9512,2.0875,0.078461,-0.042924,0.047955,8.6055
1.9513,2.0875,0.078463,-0.042914,0.047945,8.5842
1.9513,2.0875,0.078466,-0.042903,0.047935,8.5838
1.9514,2.0875,0.078468,-0.042892,0.047923,8.5975
1.9514,2.0875,0.078471,-0.042881,0.047911,8.5933
1.9515,2.0875,0.078473,-0.04287,0.047897,8.5895
1.9515,2.0875,0.078476,-0.042858,0.047883,8.6019
1.9516,2.0875,0.078478,-0.042847,0.047868,8.5904
1.9516,2.0875,0.078481,-0.042835,0.047852,8.5941
1.9517,2.0875,0.078484,-0.042823,0.047835,8.6014
1.9517,2.0875,0.078486,-0.042811,0.047817,8.5948
1.9518,2.0875,0.078489,-0.042798,0.047797,8.5907
1.9518,2.0875,0.078491,-0.042786,0.047777,8.598
1.9519,2.0875,0.078494,-0.042773,0.047754,8.6039
1.9519,2.0875,0.078496,-0.04276,0.047731,8.5971
1.952,2.0875,0.078499,-0.042747,0.047711,8.6163
1.9521,2.0875,0.078501,-0.042733,0.047695,8.6187
1.9521,2.0875,0.078504,-0.04272,0.047684,8.6084
1.9522,2.0875,0.078506,-0.042704,0.047678,8.612
1.9522,2.0874,0.078509,-0.042688,0.047675,8.6124
1.9523,2.0874,0.078511,-0.042678,0.047674,8.6037
1.9523,2.0874,0.078514,-0.042677,0.047671,8.6027
1.9524,2.0874,0.078516,-0.042681,0.047668,8.6131
1.9524,2.0874,0.078519,-0.042691,0.047665,8.6075
1.9525,2.0874,0.078521,-0.042703,0.047663,8.6072
1.9525,2.0874,0.078524,-0.042711,0.04766,8.6141
1.9526,2.0874,0.078526,-0.042709,0.047658,8.6089
1.9526,2.0874,0.078529,-0.042705,0.047655,8.6031
1.9527,2.0874,0.078531,-0.042699,0.047653,8.6093
1.9527,2.0874,0.078534,-0.042698,0.047651,8.6066
1.9528,2.0874,0.078536,-0.042697,0.047648,8.6004
1.9528,2.0874,0.078539,-0.042701,0.047646,8.6045
1.9529,2.0874,0.078541,-0.042703,0.047644,8.6083
1.9529,2.0874,0.078544,-0.042703,0.047643,8.6036
1.953,2.0874,0.078546,-0.042694,0.047641,8.6111
1.9531,2.0874,0.078549,-0.042689,0.047639,8.6189
1.9531,2.0874,0.078551,-0.042681,0.047638,8.6204
1.9532,2.0874,0.078554,-0.042678,0.047637,8.613
1.9532,2.0874,0.078556,-0.042683,0.047636,8.6161
1.9533,2.0874,0.078559,-0.042693,0.047635,8.6068
1.9533,2.0874,0.078561,-0.042704,0.047634,8.5949
1.9534,2.0874,0.078564,-0.042713,0.047633,8.6037
1.9534,2.0874,0.078566,-0.042716,0.047632,8.6047
1.9535,2.0874,0.078569,-0.042718,0.047632,8.6006
1.9535,2.0874,0.078571,-0.042712,0.047632,8.6012
1.9536,2.0874,0.078574,-0.042705,0.047632,8.604
1.9536,2.0874,0.078576,-0.0427,0.047634,8.5893
1.9537,2.0874,0.078579,-0.042696,0.047633,8.5929
1.9537,2.0874,0.078581,-0.042691,0.047629,8.5918
1.9538,2.0874,0.078584,-0.042686,0.047624,8.5778
1.9538,2.0874,0.078586,-0.042681,0.047618,8.5747
1.9539,2.0874,0.078589,-0.042676,0.047613,8.5812
1.9539,2.0874,0.078591,-0.04267,0.047609,8.5766
1.954,2.0874,0.078594,-0.042665,0.047607,8.5704
1.9541,2.0874,0.078596,-0.042657,0.047608,8.5791
1.9541,2.0874,0.078599,-0.042651,0.047608,8.5763
1.9542,2.0874,0.078601,-0.042652,0.047608,8.5692
1.9542,2.0874,0.078604,-0.042658,0.047608,8.5752
1.9543,2.0874,0.078606,-0.042666,0.047608,8.5675
1.9543,2.0874,0.078609,-0.042675,0.047608,8.558
1.9544,2.0874,0.078611,-0.042683,0.047608,8.5638
1.9544,2.0874,0.078614,-0.042686,0.047608,8.5687
1.9545,2.0874,0.078616,-0.042683,0.047609,8.5653
1.9545,2.0874,0.078619,-0.042678,0.047609,8.5661
1.9546,2.0873,0.078621,-0.042675,0.04761,8.5801
1.9546,2.0873,0.078624,-0.042672,0.047611,8.5692
1.9547,2.0873,0.078626,-0.042667,0.047611,8.5689
1.9547,2.0873,0.078629,-0.042665,0.047612,8.5781
1.9548,2.0873,0.078631,-0.042664,0.047613,8.5759
1.9548,2.0873,0.078634,-0.042669,0.047614,8.5722
1.9549,2.0873,0.078636,-0.042679,0.047616,8.5858
1.9549,2.0873,0.078639,-0.042689,0.047617,8.5909
1.955,2.0873,0.078641,-0.0427,0.047619,8.5826
1.9551,2.0873,0.078644,-0.042707,0.04762,8.5853
1.9551,2.0873,0.078647,-0.042709,0.047622,8.5892
1.9552,2.0873,0.078649,-0.04271,0.047624,8.5828
1.9552,2.0873,0.078652,-0.042708,0.047625,8.589
1.9553,2.0873,0.078654,-0.042708,0.047627,8.588
1.9553,2.0873,0.078657,-0.042707,0.047629,8.5767
1.9554,2.0873,0.078659,-0.042707,0.047631,8.5722
1.9554,2.0873,0.078662,-0.042707,0.047636,8.5767
1.9555,2.0873,0.078664,-0.042706,0.047637,8.5641
1.9555,2.0873,0.078667,-0.042707,0.047635,8.5717
1.9556,2.0873,0.078669,-0.042708,0.047632,8.5876
1.9556,2.0873,0.078672,-0.042709,0.047629,8.5829
1.9557,2.0873,0.078674,-0.042711,0.047626,8.5718
1.9557,2.0873,0.078677,-0.042713,0.047623,8.5856
1.9558,2.0873,0.078679,-0.042714,0.047624,8.5874
1.9558,2.0873,0.078682,-0.042713,0.047627,8.5791
1.9559,2.0873,0.078684,-0.042712,0.047628,8.5876
1.9559,2.0873,0.078687,-0.042712,0.04763,8.5941
1.956,2.0873,0.078689,-0.042711,0.047631,8.5886
1.9561,2.0873,0.078692,-0.042711,0.047633,8.6001
1.9561,2.0873,0.078694,-0.04271,0.047634,8.6122
1.9562,2.0873,0.078697,-0.04271,0.047636,8.6078
1.9562,2.0873,0.078699,-0.042709,0.047637,8.6205
1.9563,2.0873,0.078702,-0.042709,0.047638,8.6318
1.9563,2.0873,0.078704,-0.042708,0.047639,8.6237
1.9564,2.0873,0.078707,-0.042708,0.04764,8.6146
1.9564,2.0873,0.078709,-0.042707,0.04764,8.6291
1.9565,2.0873,0.078712,-0.042707,0.047641,8.6308
1.9565,2.0873,0.078714,-0.042708,0.047641,8.6203
1.9566,2.0873,0.078717,-0.042709,0.047642,8.6324
1.9566,2.0873,0.078719,-0.04271,0.047642,8.6381
1.9567,2.0873,0.078722,-0.042712,0.047642,8.619
1.9567,2.0873,0.078724,-0.042712,0.047642,8.6278
1.9568,2.0873,0.078727,-0.042712,0.047641,8.6322
1.9568,2.0873,0.078729,-0.04271,0.047641,8.6174
1.9569,2.0872,0.078732,-0.04271,0.047641,8.6184
1.9569,2.0872,0.078734,-0.042709,0.04764,8.6248
1.957,2.0872,0.078737,-0.042708,0.04764,8.6189
1.9571,2.0872,0.078739,-0.042707,0.047639,8.6147
1.9571,2.0872,0.078742,-0.042707,0.047638,8.6283
1.9572,2.0872,0.078744,-0.042706,0.047637,8.6313
1.9572,2.0872,0.078747,-0.042705,0.047636,8.6244
1.9573,2.0872,0.078749,-0.042705,0.047635,8.6374
1.9573,2.0872,0.078752,-0.042703,0.047634,8.634
1.9574,2.0872,0.078754,-0.042702,0.047633,8.6275
1.9574,2.0872,0.078757,-0.042703,0.047632,8.6372
1.9575,2.0872,0.078759,-0.042706,0.047631,8.6421
1.9575,2.0872,0.078762,-0.04271,0.04763,8.6352
1.9576,2.0872,0.078764,-0.042715,0.047629,8.6409
1.9576,2.0872,0.078767,-0.04272,0.047629,8.654
1.9577,2.0872,0.078769,-0.042724,0.047628,8.6421
1.9577,2.0872,0.078772,-0.042725,0.047627,8.6456
1.9578,2.0872,0.078774,-0.042725,0.047626,8.6551
1.9578,2.0872,0.078777,-0.042723,0.047625,8.6473
1.9579,2.0872,0.078779,-0.042721,0.047625,8.6406
1.9579,2.0872,0.078782,-0.042719,0.047624,8.6516
1.958,2.0872,0.078784,-0.042716,0.047623,8.6487
1.9581,2.0872,0.078787,-0.042714,0.047622,8.6414
1.9581,2.0872,0.078789,-0.042712,0.047621,8.6517
1.9582,2.0872,0.078792,-0.042713,0.047621,8.659
1.9582,2.0872,0.078794,-0.042711,0.04762,8.6476
1.9583,2.0872,0.078797,-0.042704,0.047619,8.6491
1.9583,2.0872,0.078799,-0.042692,0.047619,8.6511
1.9584,2.0872,0.078802,-0.042679,0.047618,8.6422
1.9584,2.0872,0.078804,-0.042668,0.047617,8.6334
1.9585,2.0872,0.078807,-0.042662,0.047617,8.6425
1.9585,2.0872,0.078809,-0.042662,0.047616,8.6333
1.9586,2.0872,0.078812,-0.042671,0.047615,8.6357
1.9586,2.0872,0.078814,-0.04268,0.047615,8.6438
1.9587,2.0872,0.078817,-0.042685,0.047614,8.6478
1.9587,2.0872,0.078819,-0.042687,0.047613,8.6443
1.9588,2.0872,0.078822,-0.042687,0.047612,8.6479
1.9588,2.0872,0.078824,-0.042686,0.047611,8.6507
1.9589,2.0872,0.078827,-0.042685,0.04761,8.6457
1.9589,2.0872,0.07883,-0.042684,0.047609,8.6453
1.959,2.0872,0.078832,-0.042683,0.047608,8.6469
1.9591,2.0872,0.078835,-0.042682,0.047607,8.6416
1.9591,2.0872,0.078837,-0.042682,0.047606,8.6484
1.9592,2.0872,0.07884,-0.042681,0.047605,8.6565
1.9592,2.0872,0.078842,-0.04268,0.047604,8.6535
1.9593,2.0871,0.078845,-0.042679,0.047604,8.6541
1.9593,2.0871,0.078847,-0.042679,0.047603,8.6579
1.9594,2.0871,0.07885,-0.042678,0.047603,8.6444
1.9594,2.0871,0.078852,-0.042678,0.047603,8.6359
1.9595,2.0871,0.078855,-0.042677,0.047602,8.6393
1.9595,2.0871,0.078857,-0.042676,0.047602,8.6322
1.9596,2.0871,0.07886,-0.042678,0.047602,8.6235
1.9596,2.0871,0.078862,-0.042678,0.047602,8.6329
1.9597,2.0871,0.078865,-0.042672,0.047601,8.6363
1.9597,2.0871,0.078867,-0.042662,0.047601,8.6225
1.9598,2.0871,0.07887,-0.042651,0.047601,8.6318
1.9598,2.0871,0.078872,-0.04264,0.047601,8.6328
1.9599,2.0871,0.078875,-0.042632,0.047601,8.6181
1.9599,2.0871,0.078877,-0.042629,0.047601,8.6252
1.96,2.0871,0.07888,-0.042634,0.047602,8.6281
1.9601,2.0871,0.078882,-0.042639,0.047602,8.6229
1.9601,2.0871,0.078885,-0.042635,0.047602,8.6167
1.9602,2.0871,0.078887,-0.042628,0.047603,8.6335
1.9602,2.0871,0.07889,-0.042622,0.047604,8.6352
1.9603,2.0871,0.078892,-0.042614,0.047604,8.6362
1.9603,2.0871,0.078895,-0.042605,0.047605,8.6465
1.9604,2.0871,0.078897,-0.042595,0.047606,8.6454
1.9604,2.0871,0.0789,-0.042584,0.047607,8.6387
1.9605,2.0871,0.078902,-0.042573,0.047608,8.6416
1.9605,2.0871,0.078905,-0.042562,0.047609,8.6483
1.9606,2.0871,0.078907,-0.042556,0.04761,8.6357
1.9606,2.0871,0.07891,-0.042556,0.047611,8.6381
1.9607,2.0871,0.078912,-0.042556,0.047613,8.6464
1.9607,2.0871,0.078915,-0.042554,0.047614,8.632
1.9608,2.0871,0.078917,-0.042544,0.047616,8.6274
1.9608,2.0871,0.07892,-0.042531,0.047617,8.6389
1.9609,2.0871,0.078922,-0.042524,0.047619,8.6227
1.9609,2.0871,0.078925,-0.04252,0.047621,8.6253
1.961,2.0871,0.078927,-0.04252,0.047623,8.6325
1.9611,2.0871,0.07893,-0.042526,0.047625,8.6304
1.9611,2.0871,0.078932,-0.042535,0.047627,8.6228
1.9612,2.0871,0.078935,-0.042546,0.047629,8.6311
1.9612,2.0871,0.078937,-0.042557,0.047631,8.6339
1.9613,2.0871,0.07894,-0.04257,0.047633,8.6248
1.9613,2.0871,0.078942,-0.042587,0.047635,8.6314
1.9614,2.0871,0.078945,-0.042601,0.047637,8.6379
1.9614,2.0871,0.078947,-0.042616,0.047639,8.6284
1.9615,2.0871,0.07895,-0.04263,0.047642,8.6335
1.9615,2.0871,0.078952,-0.042644,0.047644,8.6349
1.9616,2.087,0.078955,-0.042659,0.047647,8.6278
1.9616,2.087,0.078957,-0.042671,0.047649,8.6286
1.9617,2.087,0.07896,-0.042681,0.047652,8.6527
1.9617,2.087,0.078962,-0.042689,0.047655,8.6505
1.9618,2.087,0.078965,-0.042696,0.047659,8.6571
1.9618,2.087,0.078967,-0.042705,0.047662,8.6725
1.9619,2.087,0.07897,-0.042715,0.047666,8.6669
1.9619,2.087,0.078972,-0.042727,0.04767,8.6706
1.962,2.087,0.078975,-0.042745,0.047674,8.6727
1.9621,2.087,0.078977,-0.042759,0.047679,8.6788
1.9621,2.087,0.07898,-0.042769,0.047684,8.661
1.9622,2.087,0.078982,-0.042772,0.047689,8.6621
1.9622,2.087,0.078985,-0.042772,0.047694,8.6703
1.9623,2.087,0.078987,-0.042767,0.047699,8.6667
1.9623,2.087,0.07899,-0.042762,0.047704,8.666
1.9624,2.087,0.078992,-0.042758,0.04771,8.6743
1.9624,2.087,0.078995,-0.042759,0.047716,8.6652
1.9625,2.087,0.078997,-0.042766,0.047722,8.6637
1.9625,2.087,0.079,-0.042773,0.047729,8.665
1.9626,2.087,0.079002,-0.042782,0.047735,8.6611
1.9626,2.087,0.079005,-0.04279,0.047742,8.6494
1.9627,2.087,0.079008,-0.042798,0.047749,8.6616
1.9627,2.087,0.07901,-0.042808,0.047757,8.669
1.9628,2.087,0.079013,-0.042813,0.047765,8.6593
1.9628,2.087,0.079015,-0.042813,0.047773,8.6672
1.9629,2.087,0.079018,-0.042817,0.047781,8.6748
1.9629,2.087,0.07902,-0.042817,0.04779,8.6714
1.963,2.087,0.079023,-0.042821,0.047798,8.6692
1.9631,2.087,0.079025,-0.042827,0.047807,8.672
1.9631,2.087,0.079028,-0.042837,0.047816,8.6661
1.9632,2.087,0.07903,-0.042845,0.047825,8.6664
1.9632,2.087,0.079033,-0.042852,0.047835,8.6791
1.9633,2.087,0.079035,-0.042858,0.047844,8.6741
1.9633,2.087,0.079038,-0.042871,0.047854,8.6684
1.9634,2.087,0.07904,-0.042883,0.047864,8.6819
1.9634,2.087,0.079043,-0.042898,0.047873,8.6799
1.9635,2.087,0.079045,-0.042917,0.047883,8.6704
1.9635,2.087,0.079048,-0.042941,0.047893,8.6734
1.9636,2.087,0.07905,-0.042959,0.047904,8.6708
1.9636,2.087,0.079053,-0.042976,0.047914,8.6583
1.9637,2.087,0.079055,-0.042996,0.047925,8.6577
1.9637,2.087,0.079058,-0.043017,0.047936,8.6604
1.9638,2.087,0.07906,-0.043031,0.047947,8.6504
1.9638,2.087,0.079063,-0.04304,0.047959,8.6528
1.9639,2.0869,0.079065,-0.043049,0.04797,8.6613
1.9639,2.0869,0.079068,-0.043057,0.047982,8.6551
1.964,2.0869,0.07907,-0.043061,0.047994,8.6457
1.9641,2.0869,0.079073,-0.043064,0.048006,8.6483
1.9641,2.0869,0.079076,-0.043069,0.048018,8.6453
1.9642,2.0869,0.079078,-0.043073,0.04803,8.6355
1.9642,2.0869,0.079081,-0.043074,0.048042,8.6474
1.9643,2.0869,0.079083,-0.043079,0.048055,8.6507
1.9643,2.0869,0.079086,-0.043085,0.048067,8.6427
1.9644,2.0869,0.079088,-0.043098,0.04808,8.6548
1.9644,2.0869,0.079091,-0.043114,0.048093,8.6604
1.9645,2.0869,0.079093,-0.043131,0.048106,8.6485
1.9645,2.0869,0.079096,-0.043147,0.048119,8.6444
1.9646,2.0869,0.079098,-0.043161,0.048133,8.6533
1.9646,2.0869,0.079101,-0.04317,0.048147,8.6448
1.9647,2.0869,0.079103,-0.043177,0.04816,8.6394
1.9647,2.0869,0.079106,-0.043182,0.048174,8.6488
1.9648,2.0869,0.079108,-0.043197,0.048188,8.6392
1.9648,2.0869,0.079111,-0.043216,0.048202,8.6379
1.9649,2.0869,0.079114,-0.043237,0.048216,8.653
1.9649,2.0869,0.079116,-0.043258,0.048229,8.6521
1.965,2.0869,0.079119,-0.043278,0.048243,8.6323
1.9651,2.0869,0.079121,-0.043293,0.048258,8.6339
1.9651,2.0869,0.079124,-0.043303,0.048272,8.635
1.9652,2.0869,0.079126,-0.043311,0.048287,8.6168
1.9652,2.0869,0.079129,-0.043323,0.048302,8.6216
1.9653,2.0869,0.079131,-0.043333,0.048316,8.6201
1.9653,2.0869,0.079134,-0.043348,0.048331,8.6111
1.9654,2.0869,0.079136,-0.043366,0.048346,8.6096
1.9654,2.0869,0.079139,-0.043386,0.048363,8.6201
1.9655,2.0869,0.079142,-0.043405,0.048376,8.6075
1.9655,2.0869,0.079144,-0.043425,0.048388,8.606
1.9656,2.0869,0.079147,-0.043446,0.048397,8.6086
1.9656,2.0869,0.079149,-0.043465,0.048402,8.6027
1.9657,2.0869,0.079152,-0.043482,0.048408,8.5948
1.9657,2.0869,0.079154,-0.0435,0.048414,8.607
1.9658,2.0869,0.079157,-0.043519,0.048424,8.6067
1.9658,2.0869,0.079159,-0.043534,0.048439,8.6
1.9659,2.0869,0.079162,-0.043547,0.048453,8.6153
1.9659,2.0869,0.079164,-0.043566,0.048471,8.627
1.966,2.0869,0.079167,-0.043593,0.048487,8.6107
1.9661,2.0869,0.07917,-0.043623,0.048502,8.6141
1.9661,2.0869,0.079172,-0.043655,0.048517,8.6203
1.9662,2.0869,0.079175,-0.04369,0.048533,8.611
1.9662,2.0868,0.079177,-0.043724,0.048548,8.6083
1.9663,2.0868,0.07918,-0.043757,0.048563,8.6142
1.9663,2.0868,0.079182,-0.04379,0.048578,8.6036
1.9664,2.0868,0.079185,-0.043828,0.048594,8.5988
1.9664,2.0868,0.079187,-0.043866,0.048609,8.6038
1.9665,2.0868,0.07919,-0.043896,0.048624,8.6026
1.9665,2.0868,0.079193,-0.043919,0.04864,8.5953
1.9666,2.0868,0.079195,-0.043934,0.048655,8.5953
1.9666,2.0868,0.079198,-0.043946,0.04867,8.5934
1.9667,2.0868,0.0792,-0.043958,0.048685,8.5869
1.9667,2.0868,0.079203,-0.043971,0.048702,8.589
1.9668,2.0868,0.079205,-0.043988,0.048715,8.5947
1.9668,2.0868,0.079208,-0.044004,0.048726,8.593
1.9669,2.0868,0.07921,-0.044018,0.048738,8.5911
1.9669,2.0868,0.079213,-0.04403,0.048748,8.6059
1.967,2.0868,0.079216,-0.044036,0.048756,8.6032
1.9671,2.0868,0.079218,-0.044049,0.04876,8.5981
1.9671,2.0868,0.079221,-0.044064,0.048762,8.6025
1.9672,2.0868,0.079223,-0.044081,0.048763,8.5985
1.9672,2.0868,0.079226,-0.044099,0.048757,8.594
1.9673,2.0868,0.079228,-0.044114,0.048754,8.6072
1.9673,2.0868,0.079231,-0.044131,0.048756,8.609
1.9674,2.0868,0.079234,-0.044147,0.048761,8.6094
1.9674,2.0868,0.079236,-0.044158,0.048766,8.6217
1.9675,2.0868,0.079239,-0.04417,0.048772,8.6269
1.9675,2.0868,0.079241,-0.04418,0.048777,8.6145
1.9676,2.0868,0.079244,-0.044187,0.048779,8.6266
1.9676,2.0868,0.079246,-0.044193,0.048779,8.6314
1.9677,2.0868,0.079249,-0.044197,0.048786,8.6174
1.9677,2.0868,0.079252,-0.044205,0.048798,8.6158
1.9678,2.0868,0.079254,-0.044214,0.048817,8.6276
1.9678,2.0868,0.079257,-0.044223,0.04884,8.6164
1.9679,2.0868,0.079259,-0.044234,0.048867,8.6146
1.9679,2.0868,0.079262,-0.044244,0.048894,8.6189
1.968,2.0868,0.079264,-0.044254,0.048919,8.6198
1.9681,2.0868,0.079267,-0.044264,0.048946,8.6063
1.9681,2.0868,0.07927,-0.044272,0.048971,8.615
1.9682,2.0868,0.079272,-0.044282,0.048993,8.6098
1.9682,2.0868,0.079275,-0.044297,0.049009,8.6003
1.9683,2.0868,0.079277,-0.044319,0.049018,8.6036
1.9683,2.0868,0.07928,-0.044342,0.049025,8.6231
1.9684,2.0868,0.079282,-0.044364,0.049032,8.6133
1.9684,2.0868,0.079285,-0.044383,0.049044,8.6196
1.9685,2.0867,0.079288,-0.044395,0.049064,8.6261
1.9685,2.0867,0.07929,-0.0444,0.049089,8.627
1.9686,2.0867,0.079293,-0.044402,0.049118,8.6272
1.9686,2.0867,0.079295,-0.044407,0.04915,8.6346
1.9687,2.0867,0.079298,-0.044415,0.049179,8.6305
1.9687,2.0867,0.079301,-0.044424,0.049203,8.6231
1.9688,2.0867,0.079303,-0.044435,0.049223,8.6304
1.9688,2.0867,0.079306,-0.044444,0.049238,8.6323
1.9689,2.0867,0.079308,-0.044454,0.049247,8.633
1.9689,2.0867,0.079311,-0.044469,0.049255,8.6418
1.969,2.0867,0.079314,-0.044488,0.049264,8.6428
1.9691,2.0867,0.079316,-0.044507,0.049278,8.6328
1.9691,2.0867,0.079319,-0.044528,0.049299,8.637
1.9692,2.0867,0.079321,-0.044549,0.049321,8.6379
1.9692,2.0867,0.079324,-0.044566,0.049347,8.6276
1.9693,2.0867,0.079327,-0.044579,0.049371,8.6214
1.9693,2.0867,0.079329,-0.044586,0.049395,8.632
1.9694,2.0867,0.079332,-0.04459,0.049418,8.6239
1.9694,2.0867,0.079334,-0.044586,0.049438,8.6224
1.9695,2.0867,0.079337,-0.044581,0.04946,8.6258
1.9695,2.0867,0.07934,-0.044579,0.049486,8.6277
1.9696,2.0867,0.079342,-0.044581,0.049514,8.62
1.9696,2.0867,0.079345,-0.044593,0.049546,8.6271
1.9697,2.0867,0.079347,-0.044614,0.04958,8.6212
1.9697,2.0867,0.07935,-0.044631,0.049615,8.6137
1.9698,2.0867,0.079353,-0.044652,0.049643,8.6135
1.9698,2.0867,0.079355,-0.044668,0.049666,8.6162
1.9699,2.0867,0.079358,-0.044679,0.04969,8.604
1.9699,2.0867,0.07936,-0.044675,0.049713,8.6056
1.97,2.0867,0.079363,-0.044665,0.049735,8.6125
1.9701,2.0867,0.079366,-0.044651,0.049753,8.6064
1.9701,2.0867,0.079368,-0.04464,0.049773,8.6047
1.9702,2.0867,0.079371,-0.044626,0.049796,8.6083
1.9702,2.0867,0.079374,-0.044626,0.049815,8.5998
1.9703,2.0867,0.079376,-0.044633,0.049839,8.5903
1.9703,2.0867,0.079379,-0.044642,0.049867,8.5975
1.9704,2.0867,0.079381,-0.044655,0.049893,8.5944
1.9704,2.0867,0.079384,-0.044672,0.049917,8.5849
1.9705,2.0867,0.079387,-0.044683,0.04994,8.5968
1.9705,2.0867,0.079389,-0.044695,0.049965,8.5947
1.9706,2.0867,0.079392,-0.044702,0.049995,8.5869
1.9706,2.0867,0.079395,-0.044712,0.05003,8.5866
1.9707,2.0867,0.079397,-0.044724,0.050066,8.5922
1.9707,2.0866,0.0794,-0.044737,0.050101,8.5815
1.9708,2.0866,0.079402,-0.044759,0.050135,8.5734
1.9708,2.0866,0.079405,-0.044783,0.050164,8.5828
1.9709,2.0866,0.079408,-0.044804,0.050192,8.5759
1.9709,2.0866,0.07941,-0.044829,0.050219,8.5732
1.971,2.0866,0.079413,-0.044857,0.050249,8.5832
1.9711,2.0866,0.079416,-0.044885,0.050282,8.5835
1.9711,2.0866,0.079418,-0.044908,0.050314,8.5755
1.9712,2.0866,0.079421,-0.044924,0.050349,8.5895
1.9712,2.0866,0.079424,-0.044931,0.050387,8.58
1.9713,2.0866,0.079426,-0.044937,0.050424,8.568
1.9713,2.0866,0.079429,-0.044935,0.05046,8.5719
1.9714,2.0866,0.079432,-0.044938,0.050492,8.5822
1.9714,2.0866,0.079434,-0.044956,0.050518,8.5757
1.9715,2.0866,0.079437,-0.044983,0.05054,8.5817
1.9715,2.0866,0.07944,-0.045018,0.050557,8.5963
1.9716,2.0866,0.079442,-0.045056,0.050568,8.5963
1.9716,2.0866,0.079445,-0.045087,0.050582,8.5941
1.9717,2.0866,0.079448,-0.045114,0.050602,8.5972
1.9717,2.0866,0.07945,-0.04513,0.050622,8.5924
1.9718,2.0866,0.079453,-0.045144,0.050644,8.5973
1.9718,2.0866,0.079456,-0.045164,0.050666,8.6067
1.9719,2.0866,0.079458,-0.045181,0.050686,8.6052
1.9719,2.0866,0.079461,-0.045199,0.050704,8.599
1.972,2.0866,0.079464,-0.045217,0.05072,8.608
1.9721,2.0866,0.079466,-0.045231,0.050738,8.6116
1.9721,2.0866,0.079469,-0.045246,0.050756,8.6036
1.9722,2.0866,0.079472,-0.045257,0.050775,8.6126
1.9722,2.0866,0.079474,-0.045272,0.050794,8.6172
1.9723,2.0866,0.079477,-0.045291,0.050814,8.6049
1.9723,2.0866,0.07948,-0.045314,0.050835,8.5936
1.9724,2.0866,0.079482,-0.045344,0.050856,8.5985
1.9724,2.0866,0.079485,-0.045374,0.050877,8.5977
1.9725,2.0866,0.079488,-0.045408,0.050898,8.6017
1.9725,2.0866,0.07949,-0.045446,0.05092,8.6161
1.9726,2.0866,0.079493,-0.045483,0.050943,8.6093
1.9726,2.0866,0.079496,-0.045521,0.050966,8.6083
1.9727,2.0866,0.079498,-0.045558,0.050989,8.6217
1.9727,2.0866,0.079501,-0.045596,0.051012,8.6249
1.9728,2.0866,0.079504,-0.04564,0.051036,8.6211
1.9728,2.0866,0.079506,-0.045681,0.05106,8.6268
1.9729,2.0866,0.079509,-0.045724,0.051085,8.6402
1.9729,2.0865,0.079512,-0.045763,0.051109,8.6276
1.973,2.0865,0.079514,-0.045808,0.051134,8.6317
1.9731,2.0865,0.079517,-0.045842,0.051159,8.6447
1.9731,2.0865,0.07952,-0.045875,0.051185,8.6413
1.9732,2.0865,0.079523,-0.045894,0.051211,8.6452
1.9732,2.0865,0.079525,-0.04591,0.051237,8.6543
1.9733,2.0865,0.079528,-0.045915,0.051263,8.6402
1.9733,2.0865,0.079531,-0.045922,0.05129,8.6295
1.9734,2.0865,0.079533,-0.04593,0.051317,8.638
1.9734,2.0865,0.079536,-0.04595,0.051344,8.6417
1.9735,2.0865,0.079539,-0.045964,0.051372,8.6283
1.9735,2.0865,0.079541,-0.045983,0.0514,8.6422
1.9736,2.0865,0.079544,-0.045992,0.051428,8.6453
1.9736,2.0865,0.079547,-0.045995,0.051456,8.6391
1.9737,2.0865,0.07955,-0.045996,0.051484,8.6464
1.9737,2.0865,0.079552,-0.046009,0.051513,8.6475
1.9738,2.0865,0.079555,-0.046027,0.05154,8.6344
1.9738,2.0865,0.079558,-0.04605,0.05157,8.6316
1.9739,2.0865,0.07956,-0.046075,0.0516,8.6399
1.9739,2.0865,0.079563,-0.046098,0.051636,8.6342
1.974,2.0865,0.079566,-0.046121,0.051674,8.6253
1.9741,2.0865,0.079569,-0.046145,0.051713,8.6363
1.9741,2.0865,0.079571,-0.046171,0.05175,8.6409
1.9742,2.0865,0.079574,-0.046201,0.051785,8.6333
1.9742,2.0865,0.079577,-0.046219,0.051815,8.6417
1.9743,2.0865,0.07958,-0.046237,0.051844,8.6436
1.9743,2.0865,0.079582,-0.04625,0.051871,8.6366
1.9744,2.0865,0.079585,-0.046255,0.051899,8.6403
1.9744,2.0865,0.079588,-0.046256,0.051928,8.6397
1.9745,2.0865,0.07959,-0.046262,0.051956,8.6418
1.9745,2.0865,0.079593,-0.046279,0.051984,8.6442
1.9746,2.0865,0.079596,-0.046298,0.052013,8.6556
1.9746,2.0865,0.079599,-0.046316,0.052041,8.6513
1.9747,2.0865,0.079601,-0.046344,0.05207,8.6469
1.9747,2.0865,0.079604,-0.046367,0.052099,8.6524
1.9748,2.0865,0.079607,-0.046392,0.052126,8.6467
1.9748,2.0865,0.07961,-0.04641,0.052156,8.6461
1.9749,2.0865,0.079612,-0.046436,0.052187,8.6484
1.9749,2.0865,0.079615,-0.046466,0.052221,8.6467
1.975,2.0865,0.079618,-0.046485,0.05226,8.6382
1.9751,2.0865,0.079621,-0.046498,0.0523,8.6533
1.9751,2.0864,0.079623,-0.046502,0.052342,8.6506
1.9752,2.0864,0.079626,-0.046496,0.052384,8.6477
1.9752,2.0864,0.079629,-0.04649,0.05242,8.6542
1.9753,2.0864,0.079632,-0.046476,0.052452,8.6642
1.9753,2.0864,0.079634,-0.046466,0.052482,8.6495
1.9754,2.0864,0.079637,-0.046458,0.052506,8.647
1.9754,2.0864,0.07964,-0.046452,0.052538,8.6615
1.9755,2.0864,0.079643,-0.046446,0.052569,8.6478
1.9755,2.0864,0.079645,-0.046441,0.052607,8.6409
1.9756,2.0864,0.079648,-0.046438,0.052648,8.654
1.9756,2.0864,0.079651,-0.046442,0.052686,8.6489
1.9757,2.0864,0.079654,-0.046445,0.052719,8.6461
1.9757,2.0864,0.079657,-0.046451,0.052749,8.6649
1.9758,2.0864,0.079659,-0.046465,0.052772,8.6664
1.9758,2.0864,0.079662,-0.046483,0.052796,8.6443
1.9759,2.0864,0.079665,-0.046496,0.052817,8.6513
1.9759,2.0864,0.079668,-0.046504,0.052841,8.6598
1.976,2.0864,0.07967,-0.04651,0.052863,8.6467
1.9761,2.0864,0.079673,-0.046514,0.052886,8.6549
1.9761,2.0864,0.079676,-0.046516,0.052914,8.664
1.9762,2.0864,0.079679,-0.046519,0.052946,8.6602
1.9762,2.0864,0.079682,-0.046524,0.052985,8.6605
1.9763,2.0864,0.079684,-0.046523,0.053026,8.6703
1.9763,2.0864,0.079687,-0.046527,0.053067,8.6598
1.9764,2.0864,0.07969,-0.046534,0.053103,8.6551
1.9764,2.0864,0.079693,-0.046551,0.053131,8.6606
1.9765,2.0864,0.079696,-0.046574,0.053152,8.657
1.9765,2.0864,0.079698,-0.046605,0.053173,8.6456
1.9766,2.0864,0.079701,-0.046635,0.053194,8.6495
1.9766,2.0864,0.079704,-0.046662,0.053221,8.6587
1.9767,2.0864,0.079707,-0.046677,0.053248,8.6542
1.9767,2.0864,0.07971,-0.046702,0.053279,8.6601
1.9768,2.0864,0.079712,-0.046732,0.053316,8.6662
1.9768,2.0864,0.079715,-0.046769,0.053354,8.6518
1.9769,2.0864,0.079718,-0.046809,0.053396,8.6517
1.9769,2.0864,0.079721,-0.046855,0.053444,8.6594
1.977,2.0864,0.079724,-0.046891,0.053493,8.6515
1.9771,2.0864,0.079726,-0.046914,0.053543,8.6457
1.9771,2.0864,0.079729,-0.046937,0.053588,8.6597
1.9772,2.0864,0.079732,-0.04697,0.053636,8.6522
1.9772,2.0864,0.079735,-0.047011,0.053681,8.6436
1.9773,2.0863,0.079738,-0.047055,0.053721,8.6524
1.9773,2.0863,0.079741,-0.0471,0.053763,8.6486
1.9774,2.0863,0.079743,-0.047144,0.053806,8.6372
1.9774,2.0863,0.079746,-0.047181,0.05385,8.6431
1.9775,2.0863,0.079749,-0.047208,0.053897,8.6394
1.9775,2.0863,0.079752,-0.047241,0.05395,8.6281
1.9776,2.0863,0.079755,-0.047276,0.054007,8.6248
1.9776,2.0863,0.079758,-0.047316,0.05406,8.6271
1.9777,2.0863,0.07976,-0.047355,0.054109,8.6322
1.9777,2.0863,0.079763,-0.047399,0.054153,8.6318
1.9778,2.0863,0.079766,-0.047443,0.054193,8.6425
1.9778,2.0863,0.079769,-0.047488,0.05423,8.6396
1.9779,2.0863,0.079772,-0.047536,0.054266,8.6453
1.9779,2.0863,0.079775,-0.047582,0.054304,8.6506
1.978,2.0863,0.079778,-0.047629,0.054338,8.6383
1.9781,2.0863,0.07978,-0.047674,0.054377,8.628
1.9781,2.0863,0.079783,-0.04772,0.054423,8.635
1.9782,2.0863,0.079786,-0.047766,0.054475,8.6385
1.9782,2.0863,0.079789,-0.047809,0.054535,8.6335
1.9783,2.0863,0.079792,-0.047855,0.0546,8.6415
1.9783,2.0863,0.079795,-0.047903,0.054663,8.6549
1.9784,2.0863,0.079798,-0.047952,0.054721,8.646
1.9784,2.0863,0.079801,-0.048002,0.054768,8.6513
1.9785,2.0863,0.079803,-0.048053,0.054813,8.6552
1.9785,2.0863,0.079806,-0.048103,0.054854,8.6537
1.9786,2.0863,0.079809,-0.048153,0.054891,8.6555
1.9786,2.0863,0.079812,-0.048204,0.054931,8.6632
1.9787,2.0863,0.079815,-0.048259,0.054975,8.6656
1.9787,2.0863,0.079818,-0.048317,0.055023,8.6605
1.9788,2.0863,0.079821,-0.048378,0.055077,8.6711
1.9788,2.0863,0.079824,-0.048438,0.055139,8.6772
1.9789,2.0863,0.079827,-0.04849,0.055202,8.6662
1.9789,2.0863,0.07983,-0.048537,0.055267,8.6711
1.979,2.0863,0.079832,-0.048583,0.055328,8.6682
1.9791,2.0863,0.079835,-0.048624,0.055382,8.6597
1.9791,2.0863,0.079838,-0.048669,0.055436,8.6642
1.9792,2.0863,0.079841,-0.048721,0.055485,8.6768
1.9792,2.0863,0.079844,-0.048777,0.055537,8.6762
1.9793,2.0863,0.079847,-0.048836,0.055588,8.6751
1.9793,2.0863,0.07985,-0.048898,0.055641,8.685
1.9794,2.0862,0.079853,-0.048973,0.055695,8.685
1.9794,2.0862,0.079856,-0.04905,0.055748,8.6777
1.9795,2.0862,0.079859,-0.049121,0.055803,8.6838
1.9795,2.0862,0.079862,-0.049189,0.055859,8.6803
1.9796,2.0862,0.079865,-0.049251,0.055912,8.6699
1.9796,2.0862,0.079868,-0.049303,0.055962,8.6848
1.9797,2.0862,0.079871,-0.049353,0.056006,8.6824
1.9797,2.0862,0.079874,-0.049397,0.056053,8.6797
1.9798,2.0862,0.079876,-0.049443,0.056098,8.6881
1.9798,2.0862,0.079879,-0.049492,0.056142,8.7004
1.9799,2.0862,0.079882,-0.04955,0.056189,8.6901
1.9799,2.0862,0.079885,-0.049621,0.056239,8.6877
1.98,2.0862,0.079888,-0.049711,0.056291,8.6858
1.9801,2.0862,0.079891,-0.04981,0.056343,8.6801
1.9801,2.0862,0.079894,-0.049915,0.056392,8.6779
1.9802,2.0862,0.079897,-0.050009,0.056444,8.6832
1.9802,2.0862,0.0799,-0.050096,0.056493,8.6813
1.9803,2.0862,0.079903,-0.050183,0.056536,8.6732
1.9803,2.0862,0.079906,-0.050265,0.056581,8.6908
1.9804,2.0862,0.079909,-0.050346,0.056628,8.6819
1.9804,2.0862,0.079912,-0.050435,0.056676,8.6626
1.9805,2.0862,0.079915,-0.050519,0.056721,8.6706
1.9805,2.0862,0.079918,-0.050605,0.05676,8.6721
1.9806,2.0862,0.079921,-0.05069,0.056795,8.6586
1.9806,2.0862,0.079924,-0.050779,0.056825,8.6527
1.9807,2.0862,0.079927,-0.050867,0.056856,8.6595
1.9807,2.0862,0.07993,-0.050938,0.056887,8.6568
1.9808,2.0862,0.079933,-0.051,0.056921,8.6624
1.9808,2.0862,0.079936,-0.051058,0.056956,8.6719
1.9809,2.0862,0.079939,-0.051109,0.05699,8.6661
1.9809,2.0862,0.079942,-0.05116,0.057021,8.656
1.981,2.0862,0.079945,-0.051219,0.057048,8.6705
1.9811,2.0862,0.079948,-0.051289,0.057073,8.6597
1.9811,2.0862,0.079951,-0.05137,0.057096,8.6458
1.9812,2.0862,0.079954,-0.051454,0.057113,8.65
1.9812,2.0862,0.079957,-0.051536,0.057128,8.6514
1.9813,2.0862,0.07996,-0.051617,0.057144,8.6449
1.9813,2.0861,0.079963,-0.051688,0.057161,8.6479
1.9814,2.0861,0.079966,-0.051737,0.057183,8.6575
1.9814,2.0861,0.079969,-0.05177,0.057209,8.6494
1.9815,2.0861,0.079972,-0.05179,0.05724,8.6427
1.9815,2.0861,0.079975,-0.051809,0.057276,8.6483
1.9816,2.0861,0.079978,-0.051836,0.057311,8.6311
1.9816,2.0861,0.079981,-0.051874,0.057341,8.6203
1.9817,2.0861,0.079984,-0.051925,0.057369,8.6305
1.9817,2.0861,0.079987,-0.051984,0.057396,8.6223
1.9818,2.0861,0.07999,-0.05203,0.057424,8.6155
1.9818,2.0861,0.079993,-0.052065,0.057452,8.623
1.9819,2.0861,0.079996,-0.052082,0.057483,8.6241
1.9819,2.0861,0.079999,-0.052082,0.057517,8.6132
1.982,2.0861,0.080002,-0.052082,0.057549,8.6166
1.9821,2.0861,0.080005,-0.05208,0.057581,8.6167
1.9821,2.0861,0.080008,-0.052082,0.057612,8.6022
1.9822,2.0861,0.080011,-0.052097,0.057644,8.6015
1.9822,2.0861,0.080014,-0.052112,0.057676,8.6153
1.9823,2.0861,0.080017,-0.052125,0.057707,8.6061
1.9823,2.0861,0.080021,-0.052136,0.057739,8.6089
1.9824,2.0861,0.080024,-0.052136,0.057771,8.619
1.9824,2.0861,0.080027,-0.052134,0.057803,8.6173
1.9825,2.0861,0.08003,-0.052127,0.057833,8.6138
1.9825,2.0861,0.080033,-0.05212,0.057866,8.6188
1.9826,2.0861,0.080036,-0.052109,0.057902,8.6146
1.9826,2.0861,0.080039,-0.052099,0.057938,8.6068
1.9827,2.0861,0.080042,-0.05209,0.057975,8.6128
1.9827,2.0861,0.080045,-0.052087,0.058012,8.6144
1.9828,2.0861,0.080048,-0.052081,0.058047,8.6101
1.9828,2.0861,0.080051,-0.052078,0.05808,8.618
1.9829,2.0861,0.080054,-0.052076,0.05811,8.6202
1.9829,2.0861,0.080057,-0.05206,0.058142,8.6062
1.983,2.0861,0.08006,-0.052043,0.058174,8.6101
1.9831,2.0861,0.080063,-0.052025,0.058207,8.6123
1.9831,2.0861,0.080066,-0.052022,0.058241,8.6045
1.9832,2.0861,0.080069,-0.052028,0.058274,8.599
1.9832,2.0861,0.080072,-0.05204,0.058308,8.6087
1.9833,2.086,0.080076,-0.052055,0.058342,8.6004
1.9833,2.086,0.080079,-0.052068,0.058376,8.5935
1.9834,2.086,0.080082,-0.052065,0.058411,8.6067
1.9834,2.086,0.080085,-0.052064,0.058446,8.6032
1.9835,2.086,0.080088,-0.052063,0.058482,8.5968
1.9835,2.086,0.080091,-0.052073,0.058518,8.6047
1.9836,2.086,0.080094,-0.052086,0.058555,8.6022
1.9836,2.086,0.080097,-0.052101,0.058592,8.6001
1.9837,2.086,0.0801,-0.052109,0.058629,8.5994
1.9837,2.086,0.080103,-0.052121,0.058669,8.6092
1.9838,2.086,0.080106,-0.052129,0.058706,8.6068
1.9838,2.086,0.080109,-0.052139,0.058743,8.6142
1.9839,2.086,0.080113,-0.052165,0.058775,8.624
1.9839,2.086,0.080116,-0.052199,0.058804,8.62
1.984,2.086,0.080119,-0.05223,0.058832,8.6143
1.9841,2.086,0.080122,-0.052261,0.058861,8.6291
1.9841,2.086,0.080125,-0.052292,0.058893,8.6303
1.9842,2.086,0.080128,-0.052334,0.05893,8.6218
1.9842,2.086,0.080131,-0.052372,0.058968,8.6213
1.9843,2.086,0.080134,-0.052411,0.05901,8.6252
1.9843,2.086,0.080137,-0.052461,0.05905,8.6227
1.9844,2.086,0.08014,-0.052513,0.059091,8.629
1.9844,2.086,0.080144,-0.052558,0.059133,8.6326
1.9845,2.086,0.080147,-0.0526,0.059175,8.6291
1.9845,2.086,0.08015,-0.052651,0.059219,8.6354
1.9846,2.086,0.080153,-0.052701,0.059263,8.641
1.9846,2.086,0.080156,-0.052738,0.059308,8.6305
1.9847,2.086,0.080159,-0.05276,0.059353,8.6259
1.9847,2.086,0.080162,-0.052761,0.059402,8.6278
1.9848,2.086,0.080165,-0.052756,0.059447,8.6233
1.9848,2.086,0.080169,-0.052741,0.059493,8.616
1.9849,2.086,0.080172,-0.05273,0.059537,8.6274
1.9849,2.086,0.080175,-0.052739,0.059575,8.6281
1.985,2.086,0.080178,-0.052762,0.059613,8.6165
1.9851,2.086,0.080181,-0.052801,0.059647,8.6291
1.9851,2.086,0.080184,-0.052847,0.059681,8.6316
1.9852,2.0859,0.080187,-0.052899,0.05972,8.6146
1.9852,2.0859,0.08019,-0.052961,0.059763,8.617
1.9853,2.0859,0.080194,-0.053018,0.05981,8.6268
1.9853,2.0859,0.080197,-0.053083,0.05986,8.6146
1.9854,2.0859,0.0802,-0.053152,0.059906,8.6207
1.9854,2.0859,0.080203,-0.053222,0.059954,8.6373
1.9855,2.0859,0.080206,-0.053291,0.059999,8.6338
1.9855,2.0859,0.080209,-0.053358,0.060047,8.6335
1.9856,2.0859,0.080213,-0.053426,0.060098,8.6469
1.9856,2.0859,0.080216,-0.053492,0.060155,8.6359
1.9857,2.0859,0.080219,-0.053554,0.060213,8.632
1.9857,2.0859,0.080222,-0.053623,0.060276,8.6307
1.9858,2.0859,0.080225,-0.053697,0.060338,8.6392
1.9858,2.0859,0.080228,-0.053772,0.0604,8.6241
1.9859,2.0859,0.080232,-0.053844,0.060464,8.6295
1.9859,2.0859,0.080235,-0.053921,0.060531,8.6358
1.986,2.0859,0.080238,-0.054005,0.060597,8.6199
1.9861,2.0859,0.080241,-0.054094,0.060661,8.6253
1.9861,2.0859,0.080244,-0.054188,0.060721,8.6301
1.9862,2.0859,0.080248,-0.054284,0.060774,8.6166
1.9862,2.0859,0.080251,-0.054383,0.060823,8.613
1.9863,2.0859,0.080254,-0.054472,0.060873,8.62
1.9863,2.0859,0.080257,-0.054548,0.060926,8.6146
1.9864,2.0859,0.08026,-0.05462,0.060987,8.6095
1.9864,2.0859,0.080264,-0.054693,0.061057,8.6246
1.9865,2.0859,0.080267,-0.054768,0.061127,8.6194
1.9865,2.0859,0.08027,-0.054846,0.061198,8.614
1.9866,2.0859,0.080273,-0.054929,0.061264,8.6158
1.9866,2.0859,0.080277,-0.055025,0.061329,8.6087
1.9867,2.0859,0.08028,-0.055109,0.061392,8.5964
1.9867,2.0859,0.080283,-0.05519,0.061453,8.6015
1.9868,2.0859,0.080286,-0.055267,0.061512,8.6
1.9868,2.0859,0.080289,-0.055343,0.061567,8.592
1.9869,2.0859,0.080293,-0.055419,0.061619,8.5936
1.9869,2.0859,0.080296,-0.055502,0.061673,8.6044
1.987,2.0858,0.080299,-0.055598,0.061728,8.6025
1.9871,2.0858,0.080302,-0.0557,0.061791,8.5982
1.9871,2.0858,0.080306,-0.055795,0.061858,8.6116
1.9872,2.0858,0.080309,-0.055886,0.061928,8.5999
1.9872,2.0858,0.080312,-0.055968,0.062001,8.6004
1.9873,2.0858,0.080315,-0.056048,0.062071,8.6006
1.9873,2.0858,0.080319,-0.056127,0.062141,8.6019
1.9874,2.0858,0.080322,-0.056215,0.062211,8.5882
1.9874,2.0858,0.080325,-0.056312,0.062282,8.5932
1.9875,2.0858,0.080329,-0.05641,0.062351,8.6009
1.9875,2.0858,0.080332,-0.056507,0.062421,8.5937
1.9876,2.0858,0.080335,-0.056601,0.062491,8.5931
1.9876,2.0858,0.080338,-0.056694,0.06256,8.6016
1.9877,2.0858,0.080342,-0.056776,0.062629,8.5894
1.9877,2.0858,0.080345,-0.056848,0.062697,8.5871
1.9878,2.0858,0.080348,-0.056924,0.062766,8.5939
1.9878,2.0858,0.080352,-0.056989,0.062834,8.5908
1.9879,2.0858,0.080355,-0.057053,0.062901,8.5796
1.9879,2.0858,0.080358,-0.057118,0.062971,8.597
1.988,2.0858,0.080362,-0.057195,0.063036,8.5991
1.9881,2.0858,0.080365,-0.057276,0.063099,8.5941
1.9881,2.0858,0.080368,-0.05735,0.063159,8.6098
1.9882,2.0858,0.080372,-0.057435,0.063218,8.612
1.9882,2.0858,0.080375,-0.057519,0.063277,8.6037
1.9883,2.0858,0.080378,-0.057598,0.063337,8.6076
1.9883,2.0858,0.080382,-0.057673,0.063398,8.6103
1.9884,2.0858,0.080385,-0.057742,0.063461,8.5962
1.9884,2.0858,0.080388,-0.057808,0.063522,8.5975
1.9885,2.0858,0.080392,-0.05787,0.063583,8.6119
1.9885,2.0858,0.080395,-0.057931,0.063642,8.6123
1.9886,2.0858,0.080398,-0.058007,0.063701,8.6086
1.9886,2.0858,0.080402,-0.058085,0.063759,8.6159
1.9887,2.0858,0.080405,-0.058185,0.063817,8.6091
1.9887,2.0858,0.080408,-0.058286,0.063874,8.5992
1.9888,2.0857,0.080412,-0.058384,0.06393,8.6132
1.9888,2.0857,0.080415,-0.058475,0.063986,8.6121
1.9889,2.0857,0.080419,-0.058576,0.064041,8.5986
1.9889,2.0857,0.080422,-0.058667,0.064096,8.6034
1.989,2.0857,0.080425,-0.058753,0.06415,8.6093
1.9891,2.0857,0.080429,-0.05883,0.064204,8.6063
1.9891,2.0857,0.080432,-0.05891,0.064257,8.6068
1.9892,2.0857,0.080435,-0.058982,0.06431,8.6158
1.9892,2.0857,0.080439,-0.059059,0.064362,8.6013
1.9893,2.0857,0.080442,-0.05914,0.064413,8.6048
1.9893,2.0857,0.080446,-0.059226,0.064467,8.6155
1.9894,2.0857,0.080449,-0.059302,0.064519,8.6113
1.9894,2.0857,0.080452,-0.059367,0.064565,8.6075
1.9895,2.0857,0.080456,-0.05942,0.064606,8.622
1.9895,2.0857,0.080459,-0.059469,0.064644,8.6285
1.9896,2.0857,0.080463,-0.059524,0.064682,8.626
1.9896,2.0857,0.080466,-0.059589,0.064721,8.6379
1.9897,2.0857,0.080469,-0.059658,0.064762,8.6376
1.9897,2.0857,0.080473,-0.059727,0.064808,8.6327
1.9898,2.0857,0.080476,-0.059792,0.064854,8.6366
1.9898,2.0857,0.08048,-0.059847,0.064897,8.6442
1.9899,2.0857,0.080483,-0.059889,0.064938,8.6323
1.9899,2.0857,0.080486,-0.059922,0.064979,8.6306
1.99,2.0857,0.08049,-0.059949,0.065018,8.6414
1.9901,2.0857,0.080493,-0.059972,0.065056,8.6426
1.9901,2.0857,0.080497,-0.059993,0.065094,8.6426
1.9902,2.0857,0.0805,-0.060015,0.06513,8.6566
1.9902,2.0857,0.080504,-0.060035,0.065166,8.6499
1.9903,2.0857,0.080507,-0.060055,0.0652,8.6413
1.9903,2.0857,0.08051,-0.060073,0.065234,8.6475
1.9904,2.0857,0.080514,-0.060088,0.065267,8.6425
1.9904,2.0857,0.080517,-0.0601,0.065299,8.6355
1.9905,2.0856,0.080521,-0.060109,0.06533,8.6424
1.9905,2.0856,0.080524,-0.060113,0.06536,8.6465
1.9906,2.0856,0.080528,-0.060113,0.06539,8.6472
1.9906,2.0856,0.080531,-0.060118,0.065418,8.6487
1.9907,2.0856,0.080535,-0.060136,0.065446,8.6596
1.9907,2.0856,0.080538,-0.060157,0.065473,8.6548
1.9908,2.0856,0.080541,-0.060184,0.065499,8.6558
1.9908,2.0856,0.080545,-0.060207,0.065524,8.6543
1.9909,2.0856,0.080548,-0.060226,0.065549,8.6548
1.9909,2.0856,0.080552,-0.060235,0.065572,8.653
1.991,2.0856,0.080555,-0.060233,0.065595,8.6663
1.9911,2.0856,0.080559,-0.060224,0.065616,8.6622
1.9911,2.0856,0.080562,-0.060212,0.065637,8.6616
1.9912,2.0856,0.080566,-0.060197,0.065658,8.6765
1.9912,2.0856,0.080569,-0.060184,0.065677,8.674
1.9913,2.0856,0.080573,-0.060172,0.065696,8.6649
1.9913,2.0856,0.080576,-0.060167,0.065714,8.6662
1.9914,2.0856,0.080579,-0.060165,0.065731,8.6688
1.9914,2.0856,0.080583,-0.060164,0.065748,8.6542
1.9915,2.0856,0.080586,-0.060162,0.065764,8.6547
1.9915,2.0856,0.08059,-0.060158,0.065779,8.6655
1.9916,2.0856,0.080593,-0.060146,0.065794,8.6544
1.9916,2.0856,0.080597,-0.06013,0.065809,8.6559
1.9917,2.0856,0.0806,-0.060103,0.065823,8.6704
1.9917,2.0856,0.080604,-0.060079,0.065836,8.6602
1.9918,2.0856,0.080607,-0.060062,0.065849,8.6516
1.9918,2.0856,0.080611,-0.060054,0.065862,8.659
1.9919,2.0856,0.080614,-0.060067,0.065875,8.6527
1.9919,2.0856,0.080618,-0.060088,0.065873,8.6365
1.992,2.0856,0.080621,-0.060117,0.065895,8.6493
1.9921,2.0856,0.080624,-0.060149,0.065934,8.659
1.9921,2.0855,0.080628,-0.060173,0.065982,8.6487
1.9922,2.0855,0.080631,-0.060195,0.066031,8.6539
1.9922,2.0855,0.080635,-0.060218,0.066074,8.6706
1.9923,2.0855,0.080638,-0.060235,0.066106,8.6604
1.9923,2.0855,0.080642,-0.060258,0.066119,8.6564
1.9924,2.0855,0.080645,-0.060282,0.066109,8.662
1.9924,2.0855,0.080649,-0.060306,0.066116,8.6656
1.9925,2.0855,0.080652,-0.06033,0.06612,8.6642
1.9925,2.0855,0.080656,-0.060359,0.066108,8.6709
1.9926,2.0855,0.080659,-0.060386,0.066105,8.6721
1.9926,2.0855,0.080663,-0.060413,0.066128,8.6642
1.9927,2.0855,0.080666,-0.060433,0.066201,8.6712
1.9927,2.0855,0.08067,-0.060449,0.066288,8.6745
1.9928,2.0855,0.080673,-0.060463,0.066392,8.6604
1.9928,2.0855,0.080677,-0.060475,0.066525,8.6732
1.9929,2.0855,0.08068,-0.060493,0.066631,8.6714
1.9929,2.0855,0.080684,-0.060514,0.066703,8.6508
1.993,2.0855,0.080687,-0.060539,0.066771,8.6508
1.9931,2.0855,0.080691,-0.060566,0.066849,8.6626
1.9931,2.0855,0.080694,-0.060595,0.066949,8.655
1.9932,2.0855,0.080698,-0.060626,0.067039,8.6484
1.9932,2.0855,0.080701,-0.060662,0.067141,8.6599
1.9933,2.0855,0.080705,-0.060708,0.067259,8.6531
1.9933,2.0855,0.080708,-0.060756,0.06737,8.6497
1.9934,2.0855,0.080712,-0.060803,0.06745,8.6558
1.9934,2.0855,0.080716,-0.060852,0.067506,8.6532
1.9935,2.0855,0.080719,-0.060906,0.067561,8.6411
1.9935,2.0855,0.080723,-0.060958,0.067598,8.6469
1.9936,2.0855,0.080726,-0.060996,0.067593,8.6479
1.9936,2.0855,0.08073,-0.061032,0.067569,8.6441
1.9937,2.0855,0.080733,-0.061052,0.067546,8.6519
1.9937,2.0855,0.080737,-0.061073,0.067545,8.6668
1.9938,2.0854,0.08074,-0.061088,0.067555,8.6599
1.9938,2.0854,0.080744,-0.061099,0.067564,8.6587
1.9939,2.0854,0.080748,-0.061117,0.067594,8.6682
1.9939,2.0854,0.080751,-0.061147,0.067618,8.6674
1.994,2.0854,0.080755,-0.061176,0.067633,8.6622
1.9941,2.0854,0.080758,-0.0612,0.067624,8.6682
1.9941,2.0854,0.080762,-0.061215,0.067605,8.6597
1.9942,2.0854,0.080765,-0.061231,0.067604,8.6551
1.9942,2.0854,0.080769,-0.061231,0.067609,8.6579
1.9943,2.0854,0.080772,-0.061219,0.067559,8.6592
1.9943,2.0854,0.080776,-0.061204,0.06749,8.6485
1.9944,2.0854,0.08078,-0.061195,0.067439,8.6462
1.9944,2.0854,0.080783,-0.061179,0.067385,8.6467
1.9945,2.0854,0.080787,-0.061151,0.067326,8.6302
1.9945,2.0854,0.08079,-0.061129,0.067274,8.636
1.9946,2.0854,0.080794,-0.061114,0.067216,8.6387
1.9946,2.0854,0.080797,-0.061111,0.067156,8.6297
1.9947,2.0854,0.080801,-0.061126,0.067055,8.6284
1.9947,2.0854,0.080804,-0.061148,0.066968,8.641
1.9948,2.0854,0.080808,-0.061185,0.066899,8.6454
1.9948,2.0854,0.080811,-0.061224,0.066812,8.64
1.9949,2.0854,0.080815,-0.061265,0.066733,8.6457
1.9949,2.0854,0.080818,-0.061306,0.066619,8.6464
1.995,2.0854,0.080822,-0.061345,0.066496,8.6389
1.9951,2.0854,0.080825,-0.061387,0.066376,8.6517
1.9951,2.0854,0.080829,-0.061425,0.066253,8.6599
1.9952,2.0854,0.080832,-0.061451,0.066191,8.6614
1.9952,2.0854,0.080836,-0.061493,0.066137,8.6743
1.9953,2.0854,0.080839,-0.06154,0.066109,8.6871
1.9953,2.0854,0.080843,-0.061592,0.066078,8.6886
1.9954,2.0854,0.080846,-0.061649,0.066017,8.6868
1.9954,2.0853,0.08085,-0.061708,0.065946,8.7031
1.9955,2.0853,0.080853,-0.061767,0.06583,8.6913
1.9955,2.0853,0.080857,-0.061821,0.065696,8.6933
1.9956,2.0853,0.08086,-0.061869,0.065563,8.7027
1.9956,2.0853,0.080864,-0.061925,0.065409,8.6936
1.9957,2.0853,0.080867,-0.061982,0.065259,8.6909
1.9957,2.0853,0.08087,-0.062032,0.065136,8.7013
1.9958,2.0853,0.080874,-0.062091,0.065034,8.7004
1.9958,2.0853,0.080877,-0.062169,0.064944,8.6849
1.9959,2.0853,0.080881,-0.062259,0.064859,8.6894
1.9959,2.0853,0.080884,-0.062356,0.064772,8.6994
1.996,2.0853,0.080887,-0.06246,0.064662,8.683
1.9961,2.0853,0.080891,-0.062564,0.064561,8.6751
1.9961,2.0853,0.080894,-0.062665,0.064442,8.6847
1.9962,2.0853,0.080898,-0.062756,0.064374,8.6717
1.9962,2.0853,0.080901,-0.062853,0.064327,8.6705
1.9963,2.0853,0.080904,-0.062956,0.064286,8.6848
1.9963,2.0853,0.080908,-0.06306,0.064238,8.6878
1.9964,2.0853,0.080911,-0.063162,0.06417,8.6874
1.9964,2.0853,0.080915,-0.063262,0.064069,8.6943
1.9965,2.0853,0.080918,-0.063361,0.063954,8.6929
1.9965,2.0853,0.080921,-0.063458,0.063843,8.6854
1.9966,2.0853,0.080925,-0.063554,0.063766,8.6947
1.9966,2.0853,0.080928,-0.063649,0.063701,8.6976
1.9967,2.0853,0.080931,-0.063741,0.06364,8.6945
1.9967,2.0853,0.080935,-0.063831,0.063578,8.7066
1.9968,2.0853,0.080938,-0.063919,0.063506,8.7126
1.9968,2.0853,0.080941,-0.064008,0.06342,8.7018
1.9969,2.0853,0.080945,-0.06409,0.063312,8.7058
1.9969,2.0853,0.080948,-0.06417,0.063224,8.7162
1.997,2.0852,0.080951,-0.06424,0.063138,8.6989
1.9971,2.0852,0.080955,-0.064309,0.063057,8.6911
1.9971,2.0852,0.080958,-0.064376,0.062978,8.6975
1.9972,2.0852,0.080961,-0.064446,0.062889,8.6876
1.9972,2.0852,0.080965,-0.064512,0.062828,8.6751
1.9973,2.0852,0.080968,-0.06458,0.062772,8.6747
1.9973,2.0852,0.080971,-0.064638,0.062738,8.6706
1.9974,2.0852,0.080974,-0.064692,0.06275,8.6627
1.9974,2.0852,0.080978,-0.064735,0.06277,8.6633
1.9975,2.0852,0.080981,-0.064779,0.062802,8.6556
1.9975,2.0852,0.080984,-0.064823,0.062841,8.6416
1.9976,2.0852,0.080988,-0.064865,0.062878,8.6449
1.9976,2.0852,0.080991,-0.064914,0.062953,8.6525
1.9977,2.0852,0.080994,-0.06497,0.063011,8.6414
1.9977,2.0852,0.080998,-0.06502,0.063041,8.6422
1.9978,2.0852,0.081001,-0.065079,0.063079,8.6499
1.9978,2.0852,0.081004,-0.065145,0.063064,8.6492
1.9979,2.0852,0.081008,-0.065208,0.063031,8.6459
1.9979,2.0852,0.081011,-0.065249,0.063003,8.654
1.998,2.0852,0.081014,-0.065276,0.062998,8.6498
1.9981,2.0852,0.081018,-0.065295,0.063035,8.6512
1.9981,2.0852,0.081021,-0.065295,0.063091,8.6552
1.9982,2.0852,0.081024,-0.065287,0.063149,8.6601
1.9982,2.0852,0.081028,-0.065283,0.063241,8.6454
1.9983,2.0852,0.081031,-0.065288,0.063305,8.6476
1.9983,2.0852,0.081034,-0.065301,0.063323,8.656
1.9984,2.0852,0.081038,-0.065322,0.06331,8.6508
1.9984,2.0852,0.081041,-0.065346,0.063281,8.6455
1.9985,2.0852,0.081044,-0.065385,0.063246,8.6541
1.9985,2.0851,0.081048,-0.065413,0.063245,8.6417
1.9986,2.0851,0.081051,-0.065446,0.063246,8.6357
1.9986,2.0851,0.081054,-0.065464,0.063288,8.6368
1.9987,2.0851,0.081058,-0.06549,0.063318,8.6299
1.9987,2.0851,0.081061,-0.065533,0.063303,8.6222
1.9988,2.0851,0.081064,-0.065583,0.063235,8.6227
1.9988,2.0851,0.081067,-0.065608,0.06315,8.621
1.9989,2.0851,0.081071,-0.065641,0.063072,8.6161
1.9989,2.0851,0.081074,-0.065669,0.063028,8.6191
1.999,2.0851,0.081077,-0.0657,0.063,8.6203
1.9991,2.0851,0.081081,-0.065726,0.06303,8.6066
1.9991,2.0851,0.081084,-0.065765,0.063085,8.6102
1.9992,2.0851,0.081087,-0.065814,0.063144,8.6226
1.9992,2.0851,0.081091,-0.065857,0.063179,8.6148
1.9993,2.0851,0.081094,-0.06588,0.063224,8.6131
1.9993,2.0851,0.081097,-0.065906,0.063251,8.6277
1.9994,2.0851,0.081101,-0.06594,0.063241,8.6332
1.9994,2.0851,0.081104,-0.065982,0.063175,8.6303
1.9995,2.0851,0.081107,-0.066025,0.063079,8.6396
1.9995,2.0851,0.081111,-0.066065,0.062976,8.6343
1.9996,2.0851,0.081114,-0.066101,0.062888,8.6281
1.9996,2.0851,0.081117,-0.06613,0.062839,8.632
1.9997,2.0851,0.081121,-0.066157,0.062841,8.632
1.9997,2.0851,0.081124,-0.066184,0.06287,8.6203
1.9998,2.0851,0.081127,-0.066211,0.062907,8.6296
1.9998,2.0851,0.081131,-0.066241,0.062939,8.6321
1.9999,2.0851,0.081134,-0.066269,0.062937,8.6253
1.9999,2.0851,0.081137,-0.066293,0.062925,8.6245
2,2.0851,0.08114,-0.066316,0.062874,8.6271
2.0001,2.085,0.081144,-0.06634,0.062799,8.6143
2.0001,2.085,0.081147,-0.066364,0.06271,8.6066
2.0002,2.085,0.08115,-0.066389,0.062644,8.6087
2.0002,2.085,0.081154,-0.066412,0.062594,8.6011
2.0003,2.085,0.081157,-0.066432,0.062551,8.5924
2.0003,2.085,0.08116,-0.066451,0.062459,8.6042
2.0004,2.085,0.081164,-0.066469,0.06236,8.6021
2.0004,2.085,0.081167,-0.066484,0.062239,8.5927
2.0005,2.085,0.08117,-0.066499,0.062134,8.6083
2.0005,2.085,0.081173,-0.066512,0.062076,8.6067
2.0006,2.085,0.081177,-0.066521,0.062063,8.6009
2.0006,2.085,0.08118,-0.066527,0.062048,8.6063
2.0007,2.085,0.081183,-0.066531,0.061988,8.6117
2.0007,2.085,0.081186,-0.066532,0.06188,8.6043
2.0008,2.085,0.08119,-0.066534,0.061758,8.6112
2.0008,2.085,0.081193,-0.066532,0.06165,8.6294
2.0009,2.085,0.081196,-0.066528,0.061578,8.6214
2.0009,2.085,0.081199,-0.066521,0.061558,8.6223
2.001,2.085,0.081203,-0.066512,0.061564,8.6446
2.0011,2.085,0.081206,-0.066503,0.061576,8.6389
2.0011,2.085,0.081209,-0.066493,0.061589,8.6343
2.0012,2.085,0.081212,-0.066483,0.061593,8.635
2.0012,2.085,0.081216,-0.066475,0.061571,8.6356
2.0013,2.085,0.081219,-0.066462,0.061514,8.6318
2.0013,2.085,0.081222,-0.066448,0.061403,8.6341
2.0014,2.085,0.081225,-0.066433,0.06127,8.6408
2.0014,2.085,0.081228,-0.066414,0.061141,8.6291
2.0015,2.085,0.081232,-0.066393,0.061041,8.6297
2.0015,2.0849,0.081235,-0.066371,0.061003,8.6391
2.0016,2.0849,0.081238,-0.066346,0.06101,8.6257
2.0016,2.0849,0.081241,-0.066318,0.061047,8.6195
2.0017,2.0849,0.081245,-0.066289,0.061095,8.624
2.0017,2.0849,0.081248,-0.066257,0.061127,8.6167
2.0018,2.0849,0.081251,-0.066221,0.061155,8.61
2.0018,2.0849,0.081254,-0.066181,0.061182,8.6219
2.0019,2.0849,0.081257,-0.066139,0.06122,8.6279
2.0019,2.0849,0.081261,-0.066097,0.061235,8.6213
2.002,2.0849,0.081264,-0.066055,0.061234,8.6316
2.0021,2.0849,0.081267,-0.066013,0.061221,8.6459
2.0021,2.0849,0.08127,-0.065969,0.061201,8.6345
2.0022,2.0849,0.081274,-0.065922,0.061181,8.6372
2.0022,2.0849,0.081277,-0.065875,0.061167,8.6463
2.0023,2.0849,0.08128,-0.065824,0.061172,8.6376
2.0023,2.0849,0.081283,-0.065771,0.061203,8.6394
2.0024,2.0849,0.081286,-0.065715,0.061221,8.6541
2.0024,2.0849,0.08129,-0.065658,0.06124,8.6556
2.0025,2.0849,0.081293,-0.065598,0.061275,8.6572
2.0025,2.0849,0.081296,-0.065537,0.061303,8.6641
2.0026,2.0849,0.081299,-0.065476,0.061306,8.6616
2.0026,2.0849,0.081303,-0.065413,0.061255,8.6504
2.0027,2.0849,0.081306,-0.065354,0.061186,8.6541
2.0027,2.0849,0.081309,-0.065296,0.061093,8.6503
2.0028,2.0849,0.081312,-0.065238,0.060965,8.6341
2.0028,2.0849,0.081315,-0.065178,0.060849,8.6418
2.0029,2.0849,0.081319,-0.065123,0.060758,8.6434
2.0029,2.0849,0.081322,-0.06507,0.060663,8.6344
2.003,2.0849,0.081325,-0.065018,0.060551,8.6326
2.0031,2.0848,0.081328,-0.064965,0.060406,8.6408
2.0031,2.0848,0.081331,-0.064904,0.060259,8.6267
2.0032,2.0848,0.081334,-0.064831,0.060089,8.6217
2.0032,2.0848,0.081338,-0.064745,0.059887,8.6274
2.0033,2.0848,0.081341,-0.064661,0.059678,8.6135
2.0033,2.0848,0.081344,-0.064569,0.059485,8.6022
2.0034,2.0848,0.081347,-0.064474,0.059304,8.6108
2.0034,2.0848,0.08135,-0.06438,0.059113,8.613
2.0035,2.0848,0.081353,-0.064292,0.05893,8.6045
2.0035,2.0848,0.081356,-0.064204,0.058782,8.6138
2.0036,2.0848,0.081359,-0.064113,0.058648,8.6153
2.0036,2.0848,0.081362,-0.064027,0.05851,8.6106
2.0037,2.0848,0.081366,-0.063944,0.058345,8.6123
2.0037,2.0848,0.081369,-0.063857,0.058164,8.6135
2.0038,2.0848,0.081372,-0.063771,0.057975,8.6068
2.0038,2.0848,0.081375,-0.063675,0.057758,8.6067
2.0039,2.0848,0.081378,-0.06357,0.057537,8.6196
2.0039,2.0848,0.081381,-0.063466,0.057316,8.6065
2.004,2.0848,0.081384,-0.063364,0.057111,8.6093
2.0041,2.0848,0.081387,-0.063277,0.05691,8.6195
2.0041,2.0848,0.08139,-0.063204,0.056684,8.6076
2.0042,2.0848,0.081393,-0.063155,0.056443,8.5966
2.0042,2.0848,0.081396,-0.063122,0.056252,8.5996
2.0043,2.0848,0.081399,-0.063096,0.056078,8.5967
2.0043,2.0848,0.081402,-0.063079,0.055885,8.5842
2.0044,2.0848,0.081405,-0.063077,0.055691,8.5871
2.0044,2.0848,0.081407,-0.063086,0.055499,8.5922
2.0045,2.0848,0.08141,-0.063094,0.055298,8.5867
2.0045,2.0848,0.081413,-0.063097,0.055101,8.5876
2.0046,2.0848,0.081416,-0.063091,0.054902,8.5968
2.0046,2.0847,0.081419,-0.063073,0.054746,8.5912
2.0047,2.0847,0.081422,-0.063054,0.054576,8.5834
2.0047,2.0847,0.081425,-0.063029,0.054389,8.5903
2.0048,2.0847,0.081428,-0.063008,0.054234,8.591
2.0048,2.0847,0.08143,-0.062986,0.054047,8.5844
2.0049,2.0847,0.081433,-0.062968,0.053881,8.6019
2.0049,2.0847,0.081436,-0.062954,0.053719,8.601
2.005,2.0847,0.081439,-0.062949,0.05356,8.6032
2.0051,2.0847,0.081442,-0.062953,0.053413,8.6161
2.0051,2.0847,0.081445,-0.062976,0.053221,8.6203
2.0052,2.0847,0.081447,-0.062993,0.053038,8.6142
2.0052,2.0847,0.08145,-0.063003,0.052851,8.6225
2.0053,2.0847,0.081453,-0.063012,0.052647,8.6199
2.0053,2.0847,0.081456,-0.063021,0.052485,8.6102
2.0054,2.0847,0.081458,-0.063034,0.052309,8.61
2.0054,2.0847,0.081461,-0.063055,0.052177,8.6232
2.0055,2.0847,0.081464,-0.063088,0.052036,8.6176
2.0055,2.0847,0.081467,-0.063136,0.051885,8.6091
2.0056,2.0847,0.081469,-0.06319,0.05176,8.6192
2.0056,2.0847,0.081472,-0.063244,0.051652,8.6151
2.0057,2.0847,0.081475,-0.063309,0.051562,8.6046
2.0057,2.0847,0.081477,-0.063372,0.051472,8.6148
2.0058,2.0847,0.08148,-0.063426,0.051362,8.6089
2.0058,2.0847,0.081483,-0.063469,0.051267,8.5942
2.0059,2.0847,0.081486,-0.0635,0.051177,8.6042
2.0059,2.0847,0.081488,-0.063522,0.051111,8.6126
2.006,2.0847,0.081491,-0.063539,0.051015,8.6064
2.0061,2.0847,0.081494,-0.063557,0.050938,8.609
2.0061,2.0847,0.081496,-0.063585,0.050831,8.6242
2.0062,2.0847,0.081499,-0.063611,0.050696,8.6208
2.0062,2.0846,0.081502,-0.063636,0.050589,8.6234
2.0063,2.0846,0.081504,-0.06366,0.050494,8.6306
2.0063,2.0846,0.081507,-0.063684,0.05046,8.6297
2.0064,2.0846,0.08151,-0.063703,0.05044,8.6295
2.0064,2.0846,0.081512,-0.06373,0.050425,8.6415
2.0065,2.0846,0.081515,-0.063765,0.050389,8.6429
2.0065,2.0846,0.081518,-0.063803,0.050322,8.6394
2.0066,2.0846,0.08152,-0.063844,0.050268,8.6499
2.0066,2.0846,0.081523,-0.063883,0.050252,8.6608
2.0067,2.0846,0.081525,-0.063918,0.05025,8.6526
2.0067,2.0846,0.081528,-0.06395,0.050299,8.6565
2.0068,2.0846,0.081531,-0.063966,0.050374,8.6576
2.0068,2.0846,0.081533,-0.063997,0.050504,8.6502
2.0069,2.0846,0.081536,-0.064021,0.05061,8.6487
2.0069,2.0846,0.081539,-0.064063,0.050721,8.66
2.007,2.0846,0.081541,-0.06411,0.050858,8.6556
2.0071,2.0846,0.081544,-0.064154,0.050976,8.6512
2.0071,2.0846,0.081547,-0.064192,0.051098,8.6576
2.0072,2.0846,0.08155,-0.064218,0.051207,8.6508
2.0072,2.0846,0.081552,-0.06423,0.051293,8.6399
2.0073,2.0846,0.081555,-0.064244,0.051352,8.6506
2.0073,2.0846,0.081558,-0.064246,0.051373,8.6518
2.0074,2.0846,0.08156,-0.064259,0.051403,8.6348
2.0074,2.0846,0.081563,-0.064265,0.051456,8.6454
2.0075,2.0846,0.081566,-0.064265,0.051512,8.6532
2.0075,2.0846,0.081568,-0.064259,0.05156,8.6447
2.0076,2.0846,0.081571,-0.064243,0.051571,8.649
2.0076,2.0846,0.081574,-0.064234,0.051585,8.662
2.0077,2.0846,0.081577,-0.064239,0.051594,8.6639
2.0077,2.0846,0.081579,-0.06426,0.051585,8.6646
2.0078,2.0845,0.081582,-0.064291,0.05164,8.6724
2.0078,2.0845,0.081585,-0.064338,0.051738,8.6732
2.0079,2.0845,0.081588,-0.064404,0.051869,8.6723
2.0079,2.0845,0.08159,-0.064487,0.051992,8.6851
2.008,2.0845,0.081593,-0.06458,0.052078,8.6821
2.0081,2.0845,0.081596,-0.064688,0.052133,8.6837
2.0081,2.0845,0.081598,-0.064807,0.052105,8.6923
2.0082,2.0845,0.081601,-0.064933,0.052004,8.6946
2.0082,2.0845,0.081604,-0.065056,0.05194,8.6813
2.0083,2.0845,0.081607,-0.06518,0.051923,8.6869
2.0083,2.0845,0.081609,-0.06531,0.05194,8.6825
2.0084,2.0845,0.081612,-0.06545,0.051998,8.6696
2.0084,2.0845,0.081615,-0.065586,0.052049,8.6685
2.0085,2.0845,0.081618,-0.065723,0.05204,8.6685
2.0085,2.0845,0.08162,-0.065853,0.051983,8.6542
2.0086,2.0845,0.081623,-0.065973,0.051878,8.6546
2.0086,2.0845,0.081626,-0.066086,0.051803,8.6574
2.0087,2.0845,0.081629,-0.066184,0.051778,8.6562
2.0087,2.0845,0.081631,-0.066282,0.051808,8.6422
2.0088,2.0845,0.081634,-0.066393,0.051875,8.6523
2.0088,2.0845,0.081637,-0.0665,0.051936,8.6441
2.0089,2.0845,0.081639,-0.066618,0.051991,8.6365
2.0089,2.0845,0.081642,-0.066732,0.052075,8.6431
2.009,2.0845,0.081645,-0.066842,0.052153,8.6457
2.0091,2.0845,0.081648,-0.066946,0.052251,8.6456
2.0091,2.0845,0.08165,-0.067034,0.052381,8.6546
2.0092,2.0845,0.081653,-0.067116,0.052548,8.6685
2.0092,2.0845,0.081656,-0.0672,0.052721,8.6627
2.0093,2.0845,0.081659,-0.06728,0.05287,8.6582
2.0093,2.0844,0.081662,-0.067361,0.05301,8.6733
2.0094,2.0844,0.081664,-0.067442,0.053161,8.6662
2.0094,2.0844,0.081667,-0.067522,0.053299,8.6562
2.0095,2.0844,0.08167,-0.067601,0.053411,8.6636
2.0095,2.0844,0.081673,-0.067679,0.053489,8.6659
2.0096,2.0844,0.081676,-0.067757,0.053524,8.6616
2.0096,2.0844,0.081678,-0.067833,0.053528,8.6627
2.0097,2.0844,0.081681,-0.067909,0.053505,8.6676
2.0097,2.0844,0.081684,-0.067986,0.053457,8.6569
2.0098,2.0844,0.081687,-0.068064,0.053446,8.6636
2.0098,2.0844,0.08169,-0.068143,0.053488,8.66
2.0099,2.0844,0.081693,-0.068222,0.053549,8.6462
2.0099,2.0844,0.081695,-0.0683,0.053655,8.6358
2.01,2.0844,0.081698,-0.068376,0.053766,8.6449
2.0101,2.0844,0.081701,-0.068448,0.053909,8.6296
2.0101,2.0844,0.081704,-0.068516,0.054033,8.6324
2.0102,2.0844,0.081707,-0.068586,0.05413,8.6458
2.0102,2.0844,0.08171,-0.068657,0.054242,8.6382
2.0103,2.0844,0.081712,-0.06873,0.054405,8.634
2.0103,2.0844,0.081715,-0.068801,0.054557,8.6431
2.0104,2.0844,0.081718,-0.06887,0.054758,8.6435
2.0104,2.0844,0.081721,-0.068935,0.054949,8.6381
2.0105,2.0844,0.081724,-0.068995,0.055117,8.6433
2.0105,2.0844,0.081727,-0.069054,0.055257,8.6511
2.0106,2.0844,0.08173,-0.06912,0.055424,8.641
2.0106,2.0844,0.081733,-0.069191,0.055662,8.6523
2.0107,2.0844,0.081736,-0.069264,0.055975,8.675
2.0107,2.0844,0.081739,-0.069334,0.056321,8.6698
2.0108,2.0843,0.081742,-0.0694,0.056722,8.6767
2.0108,2.0843,0.081745,-0.069457,0.057085,8.6827
2.0109,2.0843,0.081748,-0.069506,0.057344,8.6689
2.0109,2.0843,0.081751,-0.069552,0.05753,8.6639
2.011,2.0843,0.081754,-0.069597,0.057663,8.6676
2.0111,2.0843,0.081757,-0.069641,0.057748,8.6618
2.0111,2.0843,0.08176,-0.069685,0.057812,8.6472
2.0112,2.0843,0.081763,-0.069728,0.057897,8.6624
2.0112,2.0843,0.081766,-0.06977,0.058043,8.668
2.0113,2.0843,0.081769,-0.069811,0.058249,8.6577
2.0113,2.0843,0.081772,-0.06985,0.058493,8.6607
2.0114,2.0843,0.081775,-0.069887,0.058749,8.656
2.0114,2.0843,0.081778,-0.069921,0.058991,8.6431
2.0115,2.0843,0.081781,-0.069953,0.059182,8.6353
2.0115,2.0843,0.081784,-0.069983,0.059335,8.6384
2.0116,2.0843,0.081788,-0.070012,0.059458,8.6326
2.0116,2.0843,0.081791,-0.070037,0.059571,8.6401
2.0117,2.0843,0.081794,-0.070064,0.0597,8.6557
2.0117,2.0843,0.081797,-0.070091,0.059833,8.6531
2.0118,2.0843,0.0818,-0.070118,0.059969,8.6531
2.0118,2.0843,0.081803,-0.070143,0.060109,8.6676
2.0119,2.0843,0.081807,-0.070165,0.06025,8.6695
2.0119,2.0843,0.08181,-0.070184,0.06039,8.6615
2.012,2.0843,0.081813,-0.070198,0.060532,8.6744
2.0121,2.0843,0.081816,-0.070206,0.060677,8.6786
2.0121,2.0843,0.081819,-0.070217,0.060824,8.6756
2.0122,2.0843,0.081822,-0.070224,0.060977,8.6824
2.0122,2.0842,0.081826,-0.070225,0.061128,8.6998
2.0123,2.0842,0.081829,-0.070217,0.061279,8.6945
2.0123,2.0842,0.081832,-0.070202,0.061431,8.6952
2.0124,2.0842,0.081835,-0.070179,0.061583,8.7065
2.0124,2.0842,0.081839,-0.070151,0.061734,8.701
2.0125,2.0842,0.081842,-0.070121,0.061887,8.6958
2.0125,2.0842,0.081845,-0.070092,0.062039,8.6932
2.0126,2.0842,0.081848,-0.070062,0.062184,8.6941
2.0126,2.0842,0.081852,-0.070031,0.062324,8.6752
2.0127,2.0842,0.081855,-0.069999,0.062465,8.687
2.0127,2.0842,0.081858,-0.069961,0.062605,8.6896
2.0128,2.0842,0.081862,-0.069926,0.062743,8.6726
2.0128,2.0842,0.081865,-0.069902,0.06288,8.6731
2.0129,2.0842,0.081868,-0.069884,0.063017,8.6721
2.0129,2.0842,0.081872,-0.069869,0.063151,8.6636
2.013,2.0842,0.081875,-0.069848,0.063281,8.6617
2.0131,2.0842,0.081878,-0.069839,0.06341,8.6738
2.0131,2.0842,0.081882,-0.069835,0.063541,8.6649
2.0132,2.0842,0.081885,-0.069823,0.063674,8.6629
2.0132,2.0842,0.081888,-0.069804,0.063814,8.6792
2.0133,2.0842,0.081892,-0.069797,0.063958,8.6837
2.0133,2.0842,0.081895,-0.069784,0.064105,8.6738
2.0134,2.0842,0.081898,-0.069755,0.064252,8.6849
2.0134,2.0842,0.081902,-0.069711,0.064397,8.684
2.0135,2.0842,0.081905,-0.069676,0.064538,8.6823
2.0135,2.0842,0.081909,-0.06965,0.064675,8.6884
2.0136,2.0842,0.081912,-0.069634,0.06481,8.6906
2.0136,2.0841,0.081915,-0.06962,0.064949,8.6913
2.0137,2.0841,0.081919,-0.069625,0.065087,8.6937
2.0137,2.0841,0.081922,-0.069633,0.065226,8.7018
2.0138,2.0841,0.081926,-0.069642,0.065366,8.6945
2.0138,2.0841,0.081929,-0.069646,0.065506,8.6941
2.0139,2.0841,0.081933,-0.069646,0.065646,8.7041
2.0139,2.0841,0.081936,-0.069641,0.065786,8.6805
2.014,2.0841,0.08194,-0.069637,0.065927,8.6717
2.0141,2.0841,0.081943,-0.069626,0.066068,8.6783
2.0141,2.0841,0.081947,-0.069611,0.066209,8.6713
2.0142,2.0841,0.08195,-0.069594,0.06635,8.6579
2.0142,2.0841,0.081953,-0.069584,0.06649,8.6614
2.0143,2.0841,0.081957,-0.069566,0.066631,8.6589
2.0143,2.0841,0.081961,-0.069534,0.066771,8.6484
2.0144,2.0841,0.081964,-0.069491,0.06691,8.6513
2.0144,2.0841,0.081968,-0.069445,0.067049,8.6518
2.0145,2.0841,0.081971,-0.069402,0.067187,8.6383
2.0145,2.0841,0.081975,-0.069366,0.067324,8.6384
2.0146,2.0841,0.081978,-0.069348,0.06746,8.6408
2.0146,2.0841,0.081982,-0.069351,0.067596,8.6316
2.0147,2.0841,0.081985,-0.069361,0.06773,8.6253
2.0147,2.0841,0.081989,-0.069367,0.067847,8.6447
2.0148,2.0841,0.081992,-0.069382,0.067988,8.6453
2.0148,2.0841,0.081996,-0.069397,0.068145,8.636
2.0149,2.0841,0.082,-0.069412,0.068312,8.6533
2.0149,2.0841,0.082003,-0.069425,0.068484,8.6517
2.015,2.0841,0.082007,-0.069433,0.068652,8.6385
2.0151,2.084,0.08201,-0.069442,0.068809,8.6365
2.0151,2.084,0.082014,-0.069443,0.068948,8.6439
2.0152,2.084,0.082018,-0.069439,0.069061,8.6293
2.0152,2.084,0.082021,-0.069431,0.069186,8.6349
2.0153,2.084,0.082025,-0.069431,0.069293,8.6468
2.0153,2.084,0.082029,-0.069439,0.069422,8.6365
2.0154,2.084,0.082032,-0.069454,0.069552,8.6383
2.0154,2.084,0.082036,-0.069471,0.069716,8.6431
2.0155,2.084,0.08204,-0.069489,0.0699,8.626
2.0155,2.084,0.082043,-0.069498,0.070093,8.6221
2.0156,2.084,0.082047,-0.06949,0.070279,8.625
2.0156,2.084,0.082051,-0.069462,0.070431,8.6199
2.0157,2.084,0.082055,-0.069444,0.07057,8.5986
2.0157,2.084,0.082058,-0.069426,0.070722,8.609
2.0158,2.084,0.082062,-0.069419,0.07086,8.6079
2.0158,2.084,0.082066,-0.069426,0.070998,8.5984
2.0159,2.084,0.082069,-0.069444,0.071141,8.6006
2.0159,2.084,0.082073,-0.069468,0.071315,8.6039
2.016,2.084,0.082077,-0.069494,0.071498,8.5997
2.0161,2.084,0.082081,-0.06952,0.071672,8.5964
2.0161,2.084,0.082085,-0.069549,0.07186,8.6015
2.0162,2.084,0.082088,-0.069576,0.072017,8.5985
2.0162,2.084,0.082092,-0.069598,0.072173,8.599
2.0163,2.084,0.082096,-0.069618,0.07229,8.6127
2.0163,2.084,0.0821,-0.069643,0.07243,8.6172
2.0164,2.084,0.082104,-0.069663,0.072591,8.6199
2.0164,2.084,0.082107,-0.069676,0.072782,8.6297
2.0165,2.084,0.082111,-0.069681,0.072982,8.631
2.0165,2.0839,0.082115,-0.069683,0.07317,8.6235
2.0166,2.0839,0.082119,-0.069687,0.073323,8.6303
2.0166,2.0839,0.082123,-0.069686,0.07347,8.6243
2.0167,2.0839,0.082127,-0.069687,0.073579,8.6152
2.0167,2.0839,0.082131,-0.069709,0.073682,8.6232
2.0168,2.0839,0.082134,-0.069721,0.073755,8.6243
2.0168,2.0839,0.082138,-0.069747,0.073838,8.6208
2.0169,2.0839,0.082142,-0.069749,0.073918,8.621
2.0169,2.0839,0.082146,-0.069738,0.073973,8.6301
2.017,2.0839,0.08215,-0.069727,0.074047,8.6211
2.0171,2.0839,0.082154,-0.069714,0.074135,8.6124
2.0171,2.0839,0.082158,-0.06971,0.074216,8.6227
2.0172,2.0839,0.082162,-0.069728,0.074321,8.6112
2.0172,2.0839,0.082166,-0.069766,0.074439,8.6028
2.0173,2.0839,0.08217,-0.069832,0.074555,8.6179
2.0173,2.0839,0.082173,-0.069897,0.074655,8.6171
2.0174,2.0839,0.082177,-0.069972,0.074718,8.6066
2.0174,2.0839,0.082181,-0.070066,0.074765,8.6181
2.0175,2.0839,0.082185,-0.070168,0.074817,8.6272
2.0175,2.0839,0.082189,-0.070272,0.074858,8.6148
2.0176,2.0839,0.082193,-0.070362,0.074906,8.6167
2.0176,2.0839,0.082197,-0.070442,0.074979,8.6346
2.0177,2.0839,0.082201,-0.070503,0.075061,8.6242
2.0177,2.0839,0.082205,-0.070552,0.075132,8.6214
2.0178,2.0839,0.082209,-0.070592,0.075179,8.6383
2.0178,2.0839,0.082213,-0.070634,0.075189,8.6374
2.0179,2.0839,0.082217,-0.070673,0.075179,8.637
2.0179,2.0838,0.082221,-0.070706,0.075157,8.6442
2.018,2.0838,0.082225,-0.070725,0.075133,8.6448
2.0181,2.0838,0.082229,-0.070741,0.075182,8.6321
2.0181,2.0838,0.082233,-0.070757,0.075264,8.638
2.0182,2.0838,0.082237,-0.070778,0.075333,8.6328
2.0182,2.0838,0.082241,-0.070811,0.075397,8.6165
2.0183,2.0838,0.082245,-0.070852,0.07546,8.624
2.0183,2.0838,0.082249,-0.070896,0.0755,8.6259
2.0184,2.0838,0.082253,-0.070937,0.075556,8.617
2.0184,2.0838,0.082257,-0.070975,0.075642,8.6222
2.0185,2.0838,0.082261,-0.071005,0.075781,8.628
2.0185,2.0838,0.082265,-0.071025,0.075935,8.6177
2.0186,2.0838,0.082269,-0.071036,0.076074,8.6169
2.0186,2.0838,0.082273,-0.071045,0.076217,8.6243
2.0187,2.0838,0.082277,-0.071043,0.076367,8.6164
2.0187,2.0838,0.082281,-0.071034,0.076516,8.6104
2.0188,2.0838,0.082285,-0.071022,0.07668,8.617
2.0188,2.0838,0.082289,-0.071002,0.076831,8.6182
2.0189,2.0838,0.082293,-0.070977,0.076945,8.6188
2.0189,2.0838,0.082297,-0.07094,0.07701,8.6303
2.019,2.0838,0.082301,-0.070898,0.077021,8.6386
2.0191,2.0838,0.082305,-0.070854,0.076979,8.6275
2.0191,2.0838,0.082309,-0.070804,0.076903,8.6332
2.0192,2.0838,0.082313,-0.070751,0.076789,8.638
2.0192,2.0838,0.082317,-0.070695,0.076696,8.6296
2.0193,2.0838,0.082321,-0.070635,0.076631,8.6285
2.0193,2.0837,0.082325,-0.070578,0.076603,8.6423
2.0194,2.0837,0.082329,-0.070521,0.07662,8.6336
2.0194,2.0837,0.082333,-0.070465,0.076678,8.637
2.0195,2.0837,0.082337,-0.070411,0.076767,8.6496
2.0195,2.0837,0.082341,-0.070358,0.076872,8.6473
2.0196,2.0837,0.082345,-0.070305,0.076965,8.6372
2.0196,2.0837,0.082349,-0.070255,0.077058,8.6441
2.0197,2.0837,0.082353,-0.070205,0.077162,8.6365
2.0197,2.0837,0.082357,-0.07016,0.077229,8.6248
2.0198,2.0837,0.082362,-0.070117,0.077273,8.6318
2.0198,2.0837,0.082366,-0.070077,0.077304,8.6286
2.0199,2.0837,0.08237,-0.070037,0.077332,8.6172
2.0199,2.0837,0.082374,-0.069998,0.077389,8.6129
2.02,2.0837,0.082378,-0.069959,0.077447,8.6186
2.0201,2.0837,0.082382,-0.069923,0.077509,8.6124
2.0201,2.0837,0.082386,-0.069884,0.077586,8.6043
2.0202,2.0837,0.08239,-0.069843,0.077638,8.6074
2.0202,2.0837,0.082394,-0.069801,0.077686,8.5959
2.0203,2.0837,0.082398,-0.069758,0.077738,8.5925
2.0203,2.0837,0.082402,-0.069717,0.077795,8.5975
2.0204,2.0837,0.082406,-0.069677,0.077868,8.6003
2.0204,2.0837,0.082411,-0.069642,0.077935,8.5961
2.0205,2.0837,0.082415,-0.069611,0.077985,8.6084
2.0205,2.0837,0.082419,-0.069571,0.077999,8.6163
2.0206,2.0837,0.082423,-0.069528,0.077969,8.6002
2.0206,2.0837,0.082427,-0.069482,0.077889,8.6073
2.0207,2.0837,0.082431,-0.069436,0.077765,8.6066
2.0207,2.0837,0.082435,-0.069393,0.07758,8.5981
2.0208,2.0836,0.082439,-0.069353,0.077385,8.5959
2.0208,2.0836,0.082443,-0.06932,0.077218,8.6014
2.0209,2.0836,0.082447,-0.069289,0.077111,8.5977
2.0209,2.0836,0.082451,-0.069257,0.07706,8.5928
2.021,2.0836,0.082455,-0.069225,0.077059,8.599
2.0211,2.0836,0.08246,-0.069193,0.077088,8.5956
2.0211,2.0836,0.082464,-0.069162,0.07712,8.591
2.0212,2.0836,0.082468,-0.069131,0.0771,8.5931
2.0212,2.0836,0.082472,-0.069101,0.077068,8.5878
2.0213,2.0836,0.082476,-0.069071,0.077039,8.5753
2.0213,2.0836,0.08248,-0.069042,0.077059,8.5771
2.0214,2.0836,0.082484,-0.069013,0.077117,8.5843
2.0214,2.0836,0.082488,-0.068983,0.07722,8.5796
2.0215,2.0836,0.082492,-0.068953,0.077333,8.5802
2.0215,2.0836,0.082496,-0.068923,0.077425,8.5929
2.0216,2.0836,0.0825,-0.068896,0.077446,8.5889
2.0216,2.0836,0.082504,-0.068866,0.077439,8.5918
2.0217,2.0836,0.082508,-0.068835,0.077435,8.5986
2.0217,2.0836,0.082512,-0.068804,0.077431,8.5983
2.0218,2.0836,0.082516,-0.068771,0.077415,8.5866
2.0218,2.0836,0.082521,-0.068739,0.077434,8.5907
2.0219,2.0836,0.082525,-0.068708,0.077452,8.6014
2.0219,2.0836,0.082529,-0.068679,0.077448,8.6001
2.022,2.0836,0.082533,-0.068654,0.0774,8.6081
2.0221,2.0836,0.082537,-0.068629,0.077335,8.6239
2.0221,2.0836,0.082541,-0.068614,0.077265,8.6126
2.0222,2.0836,0.082545,-0.068605,0.077173,8.6132
2.0222,2.0835,0.082549,-0.068605,0.077053,8.6174
2.0223,2.0835,0.082553,-0.068616,0.076943,8.609
2.0223,2.0835,0.082557,-0.068634,0.07683,8.6127
2.0224,2.0835,0.082561,-0.06865,0.076714,8.6242
2.0224,2.0835,0.082565,-0.068662,0.076581,8.6109
2.0225,2.0835,0.082569,-0.068672,0.07648,8.6076
2.0225,2.0835,0.082573,-0.068684,0.076411,8.6252
2.0226,2.0835,0.082577,-0.068693,0.076365,8.6205
2.0226,2.0835,0.082581,-0.068703,0.076326,8.603
2.0227,2.0835,0.082585,-0.068722,0.076283,8.6145
2.0227,2.0835,0.082589,-0.068739,0.076232,8.6122
2.0228,2.0835,0.082593,-0.068741,0.076166,8.6104
2.0228,2.0835,0.082597,-0.068733,0.076073,8.6124
2.0229,2.0835,0.082601,-0.068721,0.076006,8.6188
2.0229,2.0835,0.082605,-0.068708,0.075934,8.6157
2.023,2.0835,0.082609,-0.06869,0.075876,8.6208
2.0231,2.0835,0.082613,-0.068669,0.075848,8.6378
2.0231,2.0835,0.082617,-0.068657,0.075858,8.6334
2.0232,2.0835,0.082621,-0.068647,0.075906,8.6336
2.0232,2.0835,0.082625,-0.068631,0.075999,8.6484
2.0233,2.0835,0.082629,-0.068621,0.076101,8.6437
2.0233,2.0835,0.082633,-0.068616,0.076184,8.6401
2.0234,2.0835,0.082637,-0.068622,0.076206,8.6507
2.0234,2.0835,0.082641,-0.068638,0.076186,8.6492
2.0235,2.0835,0.082645,-0.068662,0.076119,8.6489
2.0235,2.0835,0.082649,-0.068692,0.076054,8.6582
2.0236,2.0835,0.082653,-0.068724,0.075996,8.6645
2.0236,2.0835,0.082657,-0.068746,0.075944,8.6541
2.0237,2.0834,0.082661,-0.06876,0.075921,8.6577
2.0237,2.0834,0.082665,-0.068767,0.075911,8.6641
2.0238,2.0834,0.082669,-0.068775,0.075878,8.6525
2.0238,2.0834,0.082673,-0.06879,0.075839,8.6425
2.0239,2.0834,0.082677,-0.068814,0.075815,8.6483
2.0239,2.0834,0.082681,-0.068839,0.075829,8.6369
2.024,2.0834,0.082685,-0.068863,0.075837,8.6346
2.0241,2.0834,0.082689,-0.068884,0.075803,8.643
2.0241,2.0834,0.082693,-0.068902,0.075797,8.6404
2.0242,2.0834,0.082697,-0.068914,0.075765,8.6365
2.0242,2.0834,0.082701,-0.068925,0.075709,8.6478
2.0243,2.0834,0.082705,-0.068939,0.075688,8.6416
2.0243,2.0834,0.082709,-0.068955,0.075706,8.637
2.0244,2.0834,0.082713,-0.068985,0.075728,8.6446
2.0244,2.0834,0.082717,-0.069027,0.075723,8.6496
2.0245,2.0834,0.082721,-0.069078,0.075675,8.6481
2.0245,2.0834,0.082725,-0.069129,0.075612,8.6552
2.0246,2.0834,0.082729,-0.069168,0.075508,8.6704
2.0246,2.0834,0.082733,-0.069202,0.075398,8.6642
2.0247,2.0834,0.082737,-0.069224,0.075303,8.663
2.0247,2.0834,0.082741,-0.069238,0.075211,8.6752
2.0248,2.0834,0.082745,-0.069263,0.075105,8.6708
2.0248,2.0834,0.082749,-0.069291,0.075022,8.6636
2.0249,2.0834,0.082753,-0.069321,0.074952,8.6705
2.0249,2.0834,0.082757,-0.069356,0.074893,8.6733
2.025,2.0834,0.082761,-0.069386,0.074837,8.6591
2.0251,2.0834,0.082765,-0.069418,0.074777,8.6737
2.0251,2.0833,0.082769,-0.069445,0.074703,8.6749
2.0252,2.0833,0.082772,-0.069487,0.074611,8.6648
2.0252,2.0833,0.082776,-0.069531,0.074493,8.6639
2.0253,2.0833,0.08278,-0.069586,0.07439,8.6695
2.0253,2.0833,0.082784,-0.06964,0.074273,8.6628
2.0254,2.0833,0.082788,-0.069697,0.074169,8.6504
2.0254,2.0833,0.082792,-0.069757,0.074093,8.6566
2.0255,2.0833,0.082796,-0.069827,0.074057,8.65
2.0255,2.0833,0.0828,-0.069909,0.074062,8.6451
2.0256,2.0833,0.082804,-0.070015,0.074115,8.6557
2.0256,2.0833,0.082808,-0.07012,0.074179,8.6552
2.0257,2.0833,0.082812,-0.070236,0.074219,8.6498
2.0257,2.0833,0.082815,-0.070335,0.074185,8.6543
2.0258,2.0833,0.082819,-0.070422,0.074118,8.6476
2.0258,2.0833,0.082823,-0.070496,0.07404,8.6458
2.0259,2.0833,0.082827,-0.07056,0.073981,8.6569
2.0259,2.0833,0.082831,-0.070622,0.07397,8.6589
2.026,2.0833,0.082835,-0.07068,0.073997,8.649
2.0261,2.0833,0.082839,-0.070733,0.074001,8.6566
2.0261,2.0833,0.082843,-0.070784,0.073995,8.6704
2.0262,2.0833,0.082847,-0.070837,0.073927,8.665
2.0262,2.0833,0.08285,-0.070891,0.073856,8.6627
2.0263,2.0833,0.082854,-0.070942,0.073778,8.678
2.0263,2.0833,0.082858,-0.070988,0.0737,8.6671
2.0264,2.0833,0.082862,-0.071031,0.073611,8.6632
2.0264,2.0833,0.082866,-0.071076,0.073508,8.6627
2.0265,2.0833,0.08287,-0.071121,0.073414,8.6596
2.0265,2.0832,0.082874,-0.071161,0.073346,8.6505
2.0266,2.0832,0.082878,-0.071208,0.073266,8.6587
2.0266,2.0832,0.082881,-0.071255,0.0732,8.6655
2.0267,2.0832,0.082885,-0.071297,0.073102,8.6511
2.0267,2.0832,0.082889,-0.071334,0.072997,8.6537
2.0268,2.0832,0.082893,-0.071363,0.072862,8.6561
2.0268,2.0832,0.082897,-0.071397,0.072728,8.6475
2.0269,2.0832,0.082901,-0.071434,0.072615,8.646
2.0269,2.0832,0.082904,-0.071469,0.072499,8.6469
2.027,2.0832,0.082908,-0.071506,0.072374,8.6347
2.0271,2.0832,0.082912,-0.071545,0.072233,8.6292
2.0271,2.0832,0.082916,-0.071576,0.07207,8.6396
2.0272,2.0832,0.08292,-0.071585,0.071926,8.645
2.0272,2.0832,0.082923,-0.071578,0.071784,8.6391
2.0273,2.0832,0.082927,-0.071567,0.071645,8.6489
2.0273,2.0832,0.082931,-0.07155,0.071509,8.6506
2.0274,2.0832,0.082935,-0.071521,0.071375,8.6394
2.0274,2.0832,0.082938,-0.071487,0.071245,8.6477
2.0275,2.0832,0.082942,-0.071461,0.071117,8.6537
2.0275,2.0832,0.082946,-0.071441,0.070992,8.6439
2.0276,2.0832,0.08295,-0.071414,0.070869,8.6584
2.0276,2.0832,0.082953,-0.071388,0.070736,8.6702
2.0277,2.0832,0.082957,-0.071359,0.070616,8.6634
2.0277,2.0832,0.082961,-0.071324,0.070525,8.6633
2.0278,2.0832,0.082964,-0.071271,0.070486,8.6764
2.0278,2.0832,0.082968,-0.071213,0.070476,8.665
2.0279,2.0832,0.082972,-0.071161,0.070474,8.6565
2.0279,2.0831,0.082976,-0.071117,0.070458,8.654
2.028,2.0831,0.082979,-0.071074,0.07041,8.6497
2.0281,2.0831,0.082983,-0.071028,0.07031,8.6402
2.0281,2.0831,0.082987,-0.070972,0.070185,8.6485
2.0282,2.0831,0.08299,-0.070902,0.07004,8.6502
2.0282,2.0831,0.082994,-0.070814,0.069924,8.6468
2.0283,2.0831,0.082998,-0.070714,0.069851,8.6458
2.0283,2.0831,0.083001,-0.070606,0.069805,8.6571
2.0284,2.0831,0.083005,-0.070494,0.069759,8.6495
2.0284,2.0831,0.083009,-0.070385,0.069721,8.6549
2.0285,2.0831,0.083012,-0.07028,0.06971,8.6603
2.0285,2.0831,0.083016,-0.070165,0.069683,8.6569
2.0286,2.0831,0.08302,-0.070045,0.069637,8.6599
2.0286,2.0831,0.083023,-0.069919,0.069607,8.6695
2.0287,2.0831,0.083027,-0.069792,0.069614,8.6702
2.0287,2.0831,0.083031,-0.069669,0.06963,8.6683
2.0288,2.0831,0.083034,-0.069555,0.069638,8.6801
2.0288,2.0831,0.083038,-0.069446,0.06966,8.6861
2.0289,2.0831,0.083042,-0.069342,0.069702,8.6758
2.0289,2.0831,0.083045,-0.06924,0.069723,8.682
2.029,2.0831,0.083049,-0.06915,0.069741,8.6839
2.0291,2.0831,0.083053,-0.06907,0.069754,8.6824
2.0291,2.0831,0.083056,-0.069006,0.069763,8.6847
2.0292,2.0831,0.08306,-0.068948,0.069781,8.6968
2.0292,2.0831,0.083064,-0.068893,0.069772,8.6944
2.0293,2.0831,0.083067,-0.068824,0.069741,8.6838
2.0293,2.0831,0.083071,-0.068747,0.069699,8.6992
2.0294,2.083,0.083075,-0.068667,0.069651,8.6946
2.0294,2.083,0.083078,-0.068585,0.069605,8.6875
2.0295,2.083,0.083082,-0.068502,0.069568,8.6874
2.0295,2.083,0.083086,-0.068417,0.069543,8.6851
2.0296,2.083,0.083089,-0.068331,0.069541,8.6738
2.0296,2.083,0.083093,-0.068246,0.069526,8.6745
2.0297,2.083,0.083097,-0.068158,0.069513,8.6772
2.0297,2.083,0.0831,-0.068076,0.069499,8.6699
2.0298,2.083,0.083104,-0.067999,0.069485,8.6682
2.0298,2.083,0.083108,-0.067924,0.069466,8.6757
2.0299,2.083,0.083111,-0.067858,0.069436,8.6659
2.0299,2.083,0.083115,-0.067794,0.06939,8.6656
2.03,2.083,0.083119,-0.067738,0.069336,8.6709
2.0301,2.083,0.083122,-0.067673,0.069279,8.6664
2.0301,2.083,0.083126,-0.067611,0.06922,8.6626
2.0302,2.083,0.08313,-0.067545,0.069163,8.6728
2.0302,2.083,0.083133,-0.067474,0.069126,8.6678
2.0303,2.083,0.083137,-0.067399,0.069066,8.6657
2.0303,2.083,0.083141,-0.067328,0.068989,8.6777
2.0304,2.083,0.083144,-0.067258,0.068896,8.6849
2.0304,2.083,0.083148,-0.067191,0.068797,8.6803
2.0305,2.083,0.083151,-0.067122,0.068698,8.6832
2.0305,2.083,0.083155,-0.067059,0.068607,8.6806
2.0306,2.083,0.083159,-0.066988,0.068532,8.6714
2.0306,2.083,0.083162,-0.06691,0.068481,8.6757
2.0307,2.083,0.083166,-0.066828,0.068416,8.6845
2.0307,2.083,0.083169,-0.066746,0.068353,8.6783
2.0308,2.083,0.083173,-0.066666,0.068302,8.6712
2.0308,2.0829,0.083177,-0.066593,0.068225,8.6805
2.0309,2.0829,0.08318,-0.066528,0.068126,8.6717
2.0309,2.0829,0.083184,-0.066469,0.068017,8.6696
2.031,2.0829,0.083187,-0.066412,0.067908,8.6698
2.0311,2.0829,0.083191,-0.066355,0.067804,8.6541
2.0311,2.0829,0.083194,-0.066294,0.067731,8.6452
2.0312,2.0829,0.083198,-0.066231,0.067672,8.652
2.0312,2.0829,0.083202,-0.066167,0.067608,8.6497
2.0313,2.0829,0.083205,-0.066103,0.067487,8.6403
2.0313,2.0829,0.083209,-0.066042,0.067315,8.6445
2.0314,2.0829,0.083212,-0.065983,0.067085,8.6499
2.0314,2.0829,0.083216,-0.065927,0.066836,8.6417
2.0315,2.0829,0.083219,-0.06588,0.066593,8.6352
2.0315,2.0829,0.083223,-0.065837,0.066409,8.6428
2.0316,2.0829,0.083226,-0.065791,0.066246,8.638
2.0316,2.0829,0.08323,-0.065743,0.066072,8.6306
2.0317,2.0829,0.083233,-0.065692,0.06589,8.6432
2.0317,2.0829,0.083237,-0.065637,0.06571,8.6428
2.0318,2.0829,0.08324,-0.065586,0.06549,8.6347
2.0318,2.0829,0.083243,-0.065538,0.06526,8.6473
2.0319,2.0829,0.083247,-0.065494,0.065045,8.6477
2.0319,2.0829,0.08325,-0.065456,0.064871,8.6339
2.032,2.0829,0.083254,-0.065409,0.064717,8.6449
2.0321,2.0829,0.083257,-0.065357,0.064572,8.6437
2.0321,2.0829,0.083261,-0.065303,0.064453,8.6299
2.0322,2.0829,0.083264,-0.065254,0.064368,8.6249
2.0322,2.0829,0.083267,-0.065212,0.064277,8.6263
2.0323,2.0829,0.083271,-0.065178,0.06419,8.6222
2.0323,2.0829,0.083274,-0.065151,0.06411,8.6169
2.0324,2.0828,0.083277,-0.065132,0.06405,8.628
2.0324,2.0828,0.083281,-0.065103,0.063964,8.6154
2.0325,2.0828,0.083284,-0.065063,0.063855,8.6172
2.0325,2.0828,0.083288,-0.065014,0.063726,8.623
2.0326,2.0828,0.083291,-0.064963,0.063589,8.6119
2.0326,2.0828,0.083294,-0.064914,0.063456,8.6026
2.0327,2.0828,0.083298,-0.064869,0.063334,8.6141
2.0327,2.0828,0.083301,-0.064833,0.063231,8.6132
2.0328,2.0828,0.083304,-0.064805,0.063155,8.6066
2.0328,2.0828,0.083307,-0.064768,0.063058,8.6137
2.0329,2.0828,0.083311,-0.064727,0.062976,8.6229
2.0329,2.0828,0.083314,-0.064674,0.062886,8.6105
2.033,2.0828,0.083317,-0.064618,0.062769,8.6107
2.0331,2.0828,0.083321,-0.064564,0.062617,8.6185
2.0331,2.0828,0.083324,-0.064518,0.062414,8.6129
2.0332,2.0828,0.083327,-0.064477,0.062151,8.6014
2.0332,2.0828,0.083331,-0.064448,0.061863,8.6168
2.0333,2.0828,0.083334,-0.064429,0.061575,8.62
2.0333,2.0828,0.083337,-0.064419,0.061336,8.6161
2.0334,2.0828,0.08334,-0.064412,0.061138,8.6268
2.0334,2.0828,0.083343,-0.064396,0.060995,8.6294
2.0335,2.0828,0.083347,-0.064376,0.060859,8.6186
2.0335,2.0828,0.08335,-0.064352,0.060715,8.6258
2.0336,2.0828,0.083353,-0.064326,0.060569,8.6236
2.0336,2.0828,0.083356,-0.064299,0.060397,8.6163
2.0337,2.0828,0.083359,-0.064281,0.060208,8.611
2.0337,2.0828,0.083363,-0.064269,0.060039,8.6188
2.0338,2.0828,0.083366,-0.064261,0.059876,8.6146
2.0338,2.0828,0.083369,-0.064247,0.059697,8.6178
2.0339,2.0828,0.083372,-0.06423,0.059475,8.6283
2.0339,2.0827,0.083375,-0.064211,0.059254,8.6196
2.034,2.0827,0.083378,-0.064198,0.05907,8.6178
2.0341,2.0827,0.083381,-0.064193,0.058855,8.6247
2.0341,2.0827,0.083384,-0.064197,0.058663,8.6161
2.0342,2.0827,0.083387,-0.064205,0.058494,8.6164
2.0342,2.0827,0.083391,-0.06421,0.058287,8.6235
2.0343,2.0827,0.083394,-0.064217,0.058037,8.63
2.0343,2.0827,0.083397,-0.064214,0.057774,8.6207
2.0344,2.0827,0.0834,-0.064208,0.05753,8.6368
2.0344,2.0827,0.083403,-0.064206,0.057325,8.6472
2.0345,2.0827,0.083406,-0.064215,0.057134,8.6345
2.0345,2.0827,0.083409,-0.064227,0.056985,8.6349
2.0346,2.0827,0.083412,-0.064242,0.056846,8.6411
2.0346,2.0827,0.083415,-0.064264,0.056697,8.6341
2.0347,2.0827,0.083418,-0.06429,0.056548,8.6212
2.0347,2.0827,0.083421,-0.064302,0.056417,8.6298
2.0348,2.0827,0.083424,-0.064314,0.056269,8.6282
2.0348,2.0827,0.083426,-0.064322,0.056109,8.6241
2.0349,2.0827,0.083429,-0.064333,0.055933,8.6395
2.0349,2.0827,0.083432,-0.064343,0.055752,8.6415
2.035,2.0827,0.083435,-0.064367,0.055573,8.6268
2.0351,2.0827,0.083438,-0.064412,0.055404,8.6312
2.0351,2.0827,0.083441,-0.064457,0.055257,8.6329
2.0352,2.0827,0.083444,-0.064496,0.055143,8.6223
2.0352,2.0827,0.083447,-0.064526,0.055022,8.618
2.0353,2.0827,0.08345,-0.064554,0.054926,8.6244
2.0353,2.0827,0.083453,-0.064573,0.054825,8.6104
2.0354,2.0827,0.083456,-0.064585,0.05471,8.6214
2.0354,2.0827,0.083458,-0.064603,0.054559,8.6267
2.0355,2.0826,0.083461,-0.064618,0.054365,8.6288
2.0355,2.0826,0.083464,-0.064621,0.054118,8.6279
2.0356,2.0826,0.083467,-0.064604,0.053846,8.6356
2.0356,2.0826,0.08347,-0.064574,0.053588,8.6309
2.0357,2.0826,0.083473,-0.064545,0.053396,8.6247
2.0357,2.0826,0.083475,-0.064518,0.053238,8.6347
2.0358,2.0826,0.083478,-0.064494,0.05309,8.6432
2.0358,2.0826,0.083481,-0.064468,0.052923,8.6381
2.0359,2.0826,0.083484,-0.064438,0.052706,8.6466
2.0359,2.0826,0.083487,-0.06441,0.052443,8.6589
2.036,2.0826,0.083489,-0.064379,0.052193,8.6513
2.0361,2.0826,0.083492,-0.064355,0.051946,8.6529
2.0361,2.0826,0.083495,-0.064338,0.051756,8.6568
2.0362,2.0826,0.083497,-0.064333,0.051569,8.6459
2.0362,2.0826,0.0835,-0.064329,0.051386,8.6323
2.0363,2.0826,0.083503,-0.064317,0.051204,8.6439
2.0363,2.0826,0.083506,-0.064304,0.051033,8.6341
2.0364,2.0826,0.083508,-0.064288,0.050876,8.6364
2.0364,2.0826,0.083511,-0.06427,0.050713,8.646
2.0365,2.0826,0.083514,-0.064251,0.050522,8.6371
2.0365,2.0826,0.083516,-0.064229,0.050344,8.6284
2.0366,2.0826,0.083519,-0.064205,0.050152,8.6293
2.0366,2.0826,0.083521,-0.064179,0.049988,8.6241
2.0367,2.0826,0.083524,-0.064151,0.04983,8.6119
2.0367,2.0826,0.083527,-0.064122,0.049705,8.6077
2.0368,2.0826,0.083529,-0.06409,0.049584,8.6117
2.0368,2.0826,0.083532,-0.064057,0.049447,8.6037
2.0369,2.0826,0.083535,-0.064022,0.049319,8.6068
2.0369,2.0826,0.083537,-0.063985,0.049207,8.6137
2.037,2.0826,0.08354,-0.063946,0.04912,8.6152
2.0371,2.0825,0.083542,-0.063906,0.049061,8.6064
2.0371,2.0825,0.083545,-0.063864,0.048993,8.6153
2.0372,2.0825,0.083547,-0.063822,0.04893,8.6115
2.0372,2.0825,0.08355,-0.063775,0.048876,8.6061
2.0373,2.0825,0.083553,-0.063724,0.048827,8.6096
2.0373,2.0825,0.083555,-0.063669,0.048777,8.6048
2.0374,2.0825,0.083558,-0.063612,0.04873,8.6045
2.0374,2.0825,0.08356,-0.063553,0.048688,8.6087
2.0375,2.0825,0.083563,-0.063494,0.048653,8.6123
2.0375,2.0825,0.083565,-0.063437,0.048627,8.6087
2.0376,2.0825,0.083568,-0.063382,0.048628,8.6044
2.0376,2.0825,0.08357,-0.063323,0.048629,8.6098
2.0377,2.0825,0.083573,-0.063263,0.048609,8.6033
2.0377,2.0825,0.083576,-0.063202,0.048537,8.5927
2.0378,2.0825,0.083578,-0.063139,0.048438,8.6005
2.0378,2.0825,0.083581,-0.063076,0.048327,8.5923
2.0379,2.0825,0.083583,-0.063011,0.048226,8.5907
2.0379,2.0825,0.083586,-0.062944,0.04816,8.5955
2.038,2.0825,0.083588,-0.062877,0.048153,8.5981
2.0381,2.0825,0.083591,-0.062808,0.048178,8.5878
2.0381,2.0825,0.083593,-0.062739,0.048237,8.5988
2.0382,2.0825,0.083596,-0.062668,0.048282,8.5991
2.0382,2.0825,0.083598,-0.062596,0.048298,8.5876
2.0383,2.0825,0.083601,-0.062523,0.048288,8.5859
2.0383,2.0825,0.083604,-0.06245,0.048278,8.5955
2.0384,2.0825,0.083606,-0.062372,0.048258,8.5889
2.0384,2.0825,0.083609,-0.062296,0.048208,8.5927
2.0385,2.0825,0.083611,-0.062225,0.048171,8.6049
2.0385,2.0825,0.083614,-0.062157,0.048153,8.6023
2.0386,2.0825,0.083616,-0.062094,0.048122,8.6008
2.0386,2.0824,0.083619,-0.062034,0.048058,8.6224
2.0387,2.0824,0.083621,-0.061971,0.047983,8.6129
2.0387,2.0824,0.083624,-0.061906,0.047915,8.6099
2.0388,2.0824,0.083626,-0.06184,0.047832,8.6172
2.0388,2.0824,0.083629,-0.061778,0.047724,8.6189
2.0389,2.0824,0.083631,-0.061717,0.047632,8.6056
2.0389,2.0824,0.083634,-0.061644,0.047541,8.6204
2.039,2.0824,0.083636,-0.061567,0.04745,8.6302
2.0391,2.0824,0.083639,-0.06148,0.04736,8.6175
2.0391,2.0824,0.083641,-0.061389,0.047257,8.6199
2.0392,2.0824,0.083644,-0.061298,0.047178,8.6286
2.0392,2.0824,0.083646,-0.061219,0.047119,8.6213
2.0393,2.0824,0.083649,-0.061148,0.047071,8.6161
2.0393,2.0824,0.083651,-0.061082,0.04703,8.6191
2.0394,2.0824,0.083654,-0.061016,0.046996,8.6062
2.0394,2.0824,0.083656,-0.060954,0.046955,8.6032
2.0395,2.0824,0.083659,-0.060897,0.046904,8.6222
2.0395,2.0824,0.083661,-0.060842,0.046832,8.6244
2.0396,2.0824,0.083664,-0.060788,0.046772,8.6129
2.0396,2.0824,0.083666,-0.060736,0.046713,8.6258
2.0397,2.0824,0.083668,-0.060678,0.046651,8.6338
2.0397,2.0824,0.083671,-0.060614,0.046589,8.6265
2.0398,2.0824,0.083673,-0.060549,0.046528,8.6275
2.0398,2.0824,0.083676,-0.060476,0.046464,8.6385
2.0399,2.0824,0.083678,-0.060401,0.046402,8.632
2.0399,2.0824,0.083681,-0.060317,0.046339,8.6418
2.04,2.0824,0.083683,-0.060241,0.046274,8.6513
2.0401,2.0824,0.083686,-0.060162,0.046212,8.6516
2.0401,2.0824,0.083688,-0.060087,0.046153,8.6497
2.0402,2.0824,0.08369,-0.060017,0.046096,8.6617
2.0402,2.0824,0.083693,-0.059952,0.04604,8.6603
2.0403,2.0823,0.083695,-0.059884,0.045987,8.6584
2.0403,2.0823,0.083698,-0.059815,0.045936,8.6608
2.0404,2.0823,0.0837,-0.059745,0.045886,8.6611
2.0404,2.0823,0.083703,-0.059676,0.045839,8.6556
2.0405,2.0823,0.083705,-0.059603,0.045794,8.6603
2.0405,2.0823,0.083707,-0.059538,0.045751,8.6666
2.0406,2.0823,0.08371,-0.059481,0.04571,8.6592
2.0406,2.0823,0.083712,-0.059431,0.04567,8.6595
2.0407,2.0823,0.083715,-0.059385,0.045632,8.6633
2.0407,2.0823,0.083717,-0.059338,0.045596,8.6569
2.0408,2.0823,0.083719,-0.059287,0.045562,8.6539
2.0408,2.0823,0.083722,-0.05923,0.045531,8.6497
2.0409,2.0823,0.083724,-0.059168,0.045501,8.6425
2.0409,2.0823,0.083727,-0.059106,0.045467,8.6395
2.041,2.0823,0.083729,-0.059044,0.04543,8.6537
2.0411,2.0823,0.083731,-0.058987,0.045392,8.6578
2.0411,2.0823,0.083734,-0.058934,0.045356,8.6469
2.0412,2.0823,0.083736,-0.058884,0.045324,8.6595
2.0412,2.0823,0.083738,-0.058836,0.045297,8.6667
2.0413,2.0823,0.083741,-0.058788,0.045281,8.659
2.0413,2.0823,0.083743,-0.05874,0.045264,8.6647
2.0414,2.0823,0.083746,-0.058694,0.045246,8.6708
2.0414,2.0823,0.083748,-0.058639,0.045227,8.6624
2.0415,2.0823,0.08375,-0.058583,0.045208,8.6671
2.0415,2.0823,0.083753,-0.058529,0.045195,8.6796
2.0416,2.0823,0.083755,-0.058478,0.045188,8.6817
2.0416,2.0823,0.083758,-0.058431,0.045186,8.6786
2.0417,2.0823,0.08376,-0.05839,0.04519,8.6885
2.0417,2.0823,0.083762,-0.058349,0.045194,8.6811
2.0418,2.0823,0.083765,-0.058307,0.0452,8.6725
2.0418,2.0823,0.083767,-0.058264,0.045205,8.678
2.0419,2.0823,0.083769,-0.058217,0.045202,8.6772
2.0419,2.0822,0.083772,-0.058175,0.045199,8.6683
2.042,2.0822,0.083774,-0.058133,0.045196,8.6731
2.0421,2.0822,0.083777,-0.058092,0.045194,8.6721
2.0421,2.0822,0.083779,-0.058044,0.045194,8.6643
2.0422,2.0822,0.083781,-0.05798,0.045198,8.6615
2.0422,2.0822,0.083784,-0.057909,0.045208,8.665
2.0423,2.0822,0.083786,-0.05784,0.045219,8.6584
2.0423,2.0822,0.083788,-0.057776,0.045227,8.652
2.0424,2.0822,0.083791,-0.057724,0.045235,8.6521
2.0424,2.0822,0.083793,-0.057686,0.045243,8.6431
2.0425,2.0822,0.083796,-0.057664,0.04525,8.642
2.0425,2.0822,0.083798,-0.057641,0.045257,8.6573
2.0426,2.0822,0.0838,-0.057605,0.045264,8.6591
2.0426,2.0822,0.083803,-0.057567,0.04527,8.6517
2.0427,2.0822,0.083805,-0.057521,0.045274,8.6668
2.0427,2.0822,0.083808,-0.057478,0.045281,8.6721
2.0428,2.0822,0.08381,-0.057442,0.04529,8.6636
2.0428,2.0822,0.083812,-0.057416,0.045301,8.6705
2.0429,2.0822,0.083815,-0.057404,0.045311,8.6715
2.0429,2.0822,0.083817,-0.057395,0.045322,8.6655
2.043,2.0822,0.083819,-0.057382,0.045328,8.6648
2.0431,2.0822,0.083822,-0.05737,0.045333,8.6799
2.0431,2.0822,0.083824,-0.057352,0.045341,8.6773
2.0432,2.0822,0.083827,-0.057332,0.045352,8.6741
2.0432,2.0822,0.083829,-0.057315,0.045368,8.6806
2.0433,2.0822,0.083831,-0.057293,0.045386,8.6664
2.0433,2.0822,0.083834,-0.057265,0.045404,8.6584
2.0434,2.0822,0.083836,-0.057234,0.045417,8.6665
2.0434,2.0822,0.083839,-0.057198,0.045424,8.6597
2.0435,2.0822,0.083841,-0.057162,0.045428,8.6457
2.0435,2.0822,0.083843,-0.057125,0.045431,8.6461
2.0436,2.0822,0.083846,-0.057092,0.045431,8.654
2.0436,2.0822,0.083848,-0.057063,0.045434,8.6434
2.0437,2.0821,0.08385,-0.057036,0.045433,8.6487
2.0437,2.0821,0.083853,-0.057009,0.045429,8.6564
2.0438,2.0821,0.083855,-0.056989,0.045424,8.6466
2.0438,2.0821,0.083858,-0.056976,0.045418,8.6441
2.0439,2.0821,0.08386,-0.056969,0.045413,8.6415
2.0439,2.0821,0.083862,-0.05696,0.045409,8.6439
2.044,2.0821,0.083865,-0.056947,0.045406,8.63
2.0441,2.0821,0.083867,-0.056926,0.045407,8.6457
2.0441,2.0821,0.08387,-0.056906,0.045405,8.6466
2.0442,2.0821,0.083872,-0.056899,0.045402,8.6447
2.0442,2.0821,0.083874,-0.056901,0.045399,8.6565
2.0443,2.0821,0.083877,-0.056912,0.045395,8.6593
2.0443,2.0821,0.083879,-0.056922,0.045391,8.6494
2.0444,2.0821,0.083882,-0.056926,0.045386,8.6571
2.0444,2.0821,0.083884,-0.056914,0.045381,8.6588
2.0445,2.0821,0.083886,-0.056895,0.045375,8.6586
2.0445,2.0821,0.083889,-0.056878,0.045369,8.6628
2.0446,2.0821,0.083891,-0.056869,0.045362,8.6753
2.0446,2.0821,0.083893,-0.05686,0.045355,8.6691
2.0447,2.0821,0.083896,-0.056853,0.045347,8.6696
2.0447,2.0821,0.083898,-0.056851,0.045337,8.6767
2.0448,2.0821,0.083901,-0.056854,0.045326,8.6662
2.0448,2.0821,0.083903,-0.056864,0.045322,8.652
2.0449,2.0821,0.083905,-0.056885,0.045319,8.6572
2.0449,2.0821,0.083908,-0.056903,0.045319,8.6539
2.045,2.0821,0.08391,-0.056915,0.045324,8.6433
2.0451,2.0821,0.083913,-0.056918,0.04533,8.6542
2.0451,2.0821,0.083915,-0.056914,0.045338,8.6623
2.0452,2.0821,0.083917,-0.056902,0.045342,8.6541
2.0452,2.0821,0.08392,-0.056883,0.045344,8.6642
2.0453,2.0821,0.083922,-0.056866,0.045345,8.6714
2.0453,2.0821,0.083925,-0.056851,0.04534,8.6683
2.0454,2.0821,0.083927,-0.056826,0.045331,8.6695
2.0454,2.0821,0.083929,-0.056807,0.045323,8.6779
2.0455,2.082,0.083932,-0.056794,0.045307,8.6806
2.0455,2.082,0.083934,-0.056796,0.04529,8.6738
2.0456,2.082,0.083936,-0.056803,0.045272,8.6905
2.0456,2.082,0.083939,-0.056815,0.045252,8.6878
2.0457,2.082,0.083941,-0.056825,0.045233,8.6932
2.0457,2.082,0.083944,-0.056833,0.045215,8.7033
2.0458,2.082,0.083946,-0.056843,0.045199,8.7062
2.0458,2.082,0.083948,-0.056858,0.045186,8.6956
2.0459,2.082,0.083951,-0.056875,0.045171,8.6962
2.0459,2.082,0.083953,-0.056891,0.045154,8.6987
2.046,2.082,0.083955,-0.056898,0.045136,8.692
2.0461,2.082,0.083958,-0.056897,0.045118,8.6919
2.0461,2.082,0.08396,-0.056882,0.045099,8.7008
2.0462,2.082,0.083963,-0.056864,0.045079,8.6963
2.0462,2.082,0.083965,-0.056854,0.045058,8.6908
2.0463,2.082,0.083967,-0.056846,0.045037,8.6968
2.0463,2.082,0.08397,-0.056842,0.045015,8.6854
2.0464,2.082,0.083972,-0.056836,0.044992,8.6743
2.0464,2.082,0.083974,-0.056831,0.044968,8.6826
2.0465,2.082,0.083977,-0.056825,0.044943,8.6789
2.0465,2.082,0.083979,-0.05682,0.044916,8.6668
2.0466,2.082,0.083982,-0.056814,0.044891,8.6712
2.0466,2.082,0.083984,-0.056809,0.044868,8.6757
2.0467,2.082,0.083986,-0.056804,0.044846,8.6655
2.0467,2.082,0.083989,-0.0568,0.044824,8.6681
2.0468,2.082,0.083991,-0.056795,0.044801,8.677
2.0468,2.082,0.083993,-0.056791,0.044775,8.6703
2.0469,2.082,0.083996,-0.056787,0.044747,8.6706
2.0469,2.082,0.083998,-0.056782,0.044714,8.683
2.047,2.082,0.084,-0.056779,0.044683,8.6827
2.0471,2.082,0.084003,-0.056775,0.04465,8.6778
2.0471,2.082,0.084005,-0.056772,0.044617,8.6814
2.0472,2.082,0.084007,-0.056768,0.04458,8.6801
2.0472,2.0819,0.08401,-0.056765,0.044544,8.6812
2.0473,2.0819,0.084012,-0.056762,0.044513,8.6934
2.0473,2.0819,0.084014,-0.056759,0.044485,8.6927
2.0474,2.0819,0.084017,-0.056757,0.044458,8.6769
2.0474,2.0819,0.084019,-0.056754,0.044432,8.6872
2.0475,2.0819,0.084021,-0.056752,0.044403,8.6918
2.0475,2.0819,0.084024,-0.05675,0.044368,8.678
2.0476,2.0819,0.084026,-0.056748,0.04433,8.6724
2.0476,2.0819,0.084028,-0.056747,0.044292,8.6751
2.0477,2.0819,0.084031,-0.056745,0.044257,8.6635
2.0477,2.0819,0.084033,-0.056744,0.04422,8.6616
2.0478,2.0819,0.084035,-0.056742,0.044185,8.6706
2.0478,2.0819,0.084038,-0.056741,0.044152,8.6574
2.0479,2.0819,0.08404,-0.056741,0.044116,8.6509
2.0479,2.0819,0.084042,-0.05674,0.044078,8.6547
2.048,2.0819,0.084045,-0.056742,0.044041,8.6444
2.0481,2.0819,0.084047,-0.05674,0.044002,8.6288
2.0481,2.0819,0.084049,-0.056736,0.04396,8.6334
2.0482,2.0819,0.084052,-0.05673,0.043912,8.6365
2.0482,2.0819,0.084054,-0.056725,0.043866,8.6363
2.0483,2.0819,0.084056,-0.056721,0.043824,8.6422
2.0483,2.0819,0.084059,-0.056719,0.043788,8.6497
2.0484,2.0819,0.084061,-0.056721,0.043757,8.6404
2.0484,2.0819,0.084063,-0.056724,0.043731,8.6423
2.0485,2.0819,0.084065,-0.056723,0.043711,8.6442
2.0485,2.0819,0.084068,-0.056722,0.043692,8.6464
2.0486,2.0819,0.08407,-0.056718,0.043671,8.6326
2.0486,2.0819,0.084072,-0.056712,0.043651,8.6399
2.0487,2.0819,0.084075,-0.056706,0.043631,8.6374
2.0487,2.0819,0.084077,-0.056704,0.043612,8.6348
2.0488,2.0819,0.084079,-0.056706,0.043594,8.6465
2.0488,2.0819,0.084082,-0.056708,0.043576,8.6444
2.0489,2.0819,0.084084,-0.056712,0.043558,8.6304
2.0489,2.0819,0.084086,-0.056723,0.043542,8.6362
2.049,2.0818,0.084088,-0.05673,0.043526,8.6354
2.0491,2.0818,0.084091,-0.056733,0.04351,8.6242
2.0491,2.0818,0.084093,-0.056731,0.043495,8.6146
2.0492,2.0818,0.084095,-0.056723,0.043481,8.6234
2.0492,2.0818,0.084098,-0.056711,0.04347,8.6127
2.0493,2.0818,0.0841,-0.056694,0.043458,8.6092
2.0493,2.0818,0.084102,-0.056679,0.043441,8.6185
2.0494,2.0818,0.084104,-0.056671,0.043423,8.6141
2.0494,2.0818,0.084107,-0.05667,0.0434,8.6084
2.0495,2.0818,0.084109,-0.056676,0.043374,8.6136
2.0495,2.0818,0.084111,-0.056687,0.04335,8.6067
2.0496,2.0818,0.084114,-0.056703,0.043327,8.6025
2.0496,2.0818,0.084116,-0.056721,0.043308,8.6099
2.0497,2.0818,0.084118,-0.056736,0.04329,8.6067
2.0497,2.0818,0.08412,-0.056751,0.043273,8.5991
2.0498,2.0818,0.084123,-0.056767,0.043261,8.6145
2.0498,2.0818,0.084125,-0.056782,0.043248,8.6255
2.0499,2.0818,0.084127,-0.056797,0.04324,8.6162
2.0499,2.0818,0.08413,-0.056813,0.043235,8.6188
2.05,2.0818,0.084132,-0.056828,0.04323,8.629
2.0501,2.0818,0.084134,-0.056846,0.043226,8.6212
2.0501,2.0818,0.084136,-0.056862,0.043222,8.6175
2.0502,2.0818,0.084139,-0.056875,0.04322,8.6282
2.0502,2.0818,0.084141,-0.056879,0.043218,8.6236
2.0503,2.0818,0.084143,-0.056883,0.043217,8.6174
2.0503,2.0818,0.084145,-0.056883,0.043217,8.6262
2.0504,2.0818,0.084148,-0.056883,0.043218,8.6308
2.0504,2.0818,0.08415,-0.056882,0.04322,8.6232
2.0505,2.0818,0.084152,-0.056884,0.043223,8.6342
2.0505,2.0818,0.084155,-0.056886,0.043226,8.633
2.0506,2.0818,0.084157,-0.056886,0.043231,8.6172
2.0506,2.0818,0.084159,-0.056884,0.043237,8.62
2.0507,2.0818,0.084161,-0.056885,0.043243,8.6269
2.0507,2.0817,0.084164,-0.056888,0.043251,8.6188
2.0508,2.0817,0.084166,-0.056889,0.04326,8.6165
2.0508,2.0817,0.084168,-0.056894,0.043271,8.6283
2.0509,2.0817,0.08417,-0.056903,0.043282,8.6295
2.0509,2.0817,0.084173,-0.056921,0.043295,8.6193
2.051,2.0817,0.084175,-0.056944,0.043309,8.6281
2.0511,2.0817,0.084177,-0.056967,0.043324,8.6269
2.0511,2.0817,0.08418,-0.056993,0.04334,8.6177
2.0512,2.0817,0.084182,-0.057016,0.043358,8.6236
2.0512,2.0817,0.084184,-0.057032,0.043376,8.6262
2.0513,2.0817,0.084186,-0.057048,0.043395,8.6228
2.0513,2.0817,0.084189,-0.057066,0.043416,8.631
2.0514,2.0817,0.084191,-0.057087,0.043438,8.6413
2.0514,2.0817,0.084193,-0.057106,0.043463,8.6329
2.0515,2.0817,0.084196,-0.057122,0.043485,8.632
2.0515,2.0817,0.084198,-0.057138,0.043506,8.64
2.0516,2.0817,0.0842,-0.057155,0.043527,8.6337
2.0516,2.0817,0.084202,-0.05717,0.043548,8.6277
2.0517,2.0817,0.084205,-0.057191,0.04357,8.6295
2.0517,2.0817,0.084207,-0.05722,0.043595,8.6234
2.0518,2.0817,0.084209,-0.057252,0.043623,8.6156
2.0518,2.0817,0.084212,-0.057284,0.043658,8.6325
2.0519,2.0817,0.084214,-0.057314,0.043691,8.635
2.0519,2.0817,0.084216,-0.057343,0.043722,8.6233
2.052,2.0817,0.084219,-0.057376,0.043748,8.631
2.0521,2.0817,0.084221,-0.057409,0.043769,8.6289
2.0521,2.0817,0.084223,-0.057449,0.043785,8.6208
2.0522,2.0817,0.084225,-0.057494,0.043798,8.6218
2.0522,2.0817,0.084228,-0.057535,0.043809,8.6313
2.0523,2.0817,0.08423,-0.057565,0.043823,8.6229
2.0523,2.0817,0.084232,-0.057593,0.043836,8.6274
2.0524,2.0817,0.084235,-0.057611,0.04385,8.6377
2.0524,2.0817,0.084237,-0.057623,0.043864,8.6339
2.0525,2.0816,0.084239,-0.057636,0.043879,8.632
2.0525,2.0816,0.084242,-0.057659,0.043893,8.6445
2.0526,2.0816,0.084244,-0.057682,0.043908,8.6408
2.0526,2.0816,0.084246,-0.057712,0.043923,8.6342
2.0527,2.0816,0.084249,-0.057734,0.043939,8.6387
2.0527,2.0816,0.084251,-0.05776,0.043954,8.6462
2.0528,2.0816,0.084253,-0.057777,0.04397,8.6341
2.0528,2.0816,0.084256,-0.057789,0.043986,8.6465
2.0529,2.0816,0.084258,-0.057799,0.044002,8.6518
2.0529,2.0816,0.08426,-0.057813,0.044019,8.6403
2.053,2.0816,0.084262,-0.057821,0.044038,8.6459
2.0531,2.0816,0.084265,-0.057833,0.044053,8.6544
2.0531,2.0816,0.084267,-0.057836,0.04405,8.6411
2.0532,2.0816,0.084269,-0.057834,0.044073,8.6306
2.0532,2.0816,0.084272,-0.057829,0.044114,8.6349
2.0533,2.0816,0.084274,-0.057822,0.044165,8.6239
2.0533,2.0816,0.084276,-0.057819,0.044202,8.6157
2.0534,2.0816,0.084279,-0.057822,0.044264,8.6203
2.0534,2.0816,0.084281,-0.057827,0.044318,8.6176
2.0535,2.0816,0.084283,-0.05784,0.044387,8.6057
2.0535,2.0816,0.084286,-0.057855,0.044433,8.6122
2.0536,2.0816,0.084288,-0.057869,0.044509,8.6083
2.0536,2.0816,0.08429,-0.057883,0.044607,8.6004
2.0537,2.0816,0.084293,-0.057898,0.044722,8.602
2.0537,2.0816,0.084295,-0.057913,0.044839,8.6101
2.0538,2.0816,0.084297,-0.057927,0.045005,8.6012
2.0538,2.0816,0.0843,-0.057945,0.045154,8.6045
2.0539,2.0816,0.084302,-0.057966,0.045291,8.6123
2.0539,2.0816,0.084305,-0.05799,0.045358,8.6009
2.054,2.0816,0.084307,-0.058016,0.045372,8.6075
2.0541,2.0816,0.084309,-0.058041,0.045327,8.6126
2.0541,2.0816,0.084312,-0.058057,0.045279,8.6091
2.0542,2.0816,0.084314,-0.058066,0.045224,8.6019
2.0542,2.0815,0.084317,-0.058069,0.045225,8.6087
2.0543,2.0815,0.084319,-0.058075,0.045246,8.607
2.0543,2.0815,0.084321,-0.058082,0.045272,8.5943
2.0544,2.0815,0.084324,-0.058094,0.045286,8.6034
2.0544,2.0815,0.084326,-0.058113,0.045274,8.6054
2.0545,2.0815,0.084328,-0.058134,0.045222,8.5993
2.0545,2.0815,0.084331,-0.058153,0.045166,8.5966
2.0546,2.0815,0.084333,-0.058173,0.045085,8.6102
2.0546,2.0815,0.084336,-0.058195,0.045021,8.5986
2.0547,2.0815,0.084338,-0.058214,0.044958,8.5903
2.0547,2.0815,0.08434,-0.058233,0.044897,8.5887
2.0548,2.0815,0.084343,-0.058246,0.04482,8.5802
2.0548,2.0815,0.084345,-0.058256,0.044772,8.5736
2.0549,2.0815,0.084347,-0.058264,0.04473,8.5878
2.0549,2.0815,0.08435,-0.058273,0.044707,8.5899
2.055,2.0815,0.084352,-0.058285,0.044715,8.5884
2.0551,2.0815,0.084354,-0.058303,0.044758,8.5985
2.0551,2.0815,0.084357,-0.058321,0.044828,8.5929
2.0552,2.0815,0.084359,-0.058344,0.044927,8.5858
2.0552,2.0815,0.084362,-0.058364,0.044995,8.5903
2.0553,2.0815,0.084364,-0.058385,0.045081,8.5965
2.0553,2.0815,0.084366,-0.058406,0.045125,8.5935
2.0554,2.0815,0.084369,-0.058427,0.04511,8.5982
2.0554,2.0815,0.084371,-0.058448,0.04507,8.6056
2.0555,2.0815,0.084373,-0.058469,0.04503,8.5997
2.0555,2.0815,0.084376,-0.05849,0.045007,8.6015
2.0556,2.0815,0.084378,-0.058512,0.045041,8.6177
2.0556,2.0815,0.084381,-0.058534,0.045056,8.6113
2.0557,2.0815,0.084383,-0.058555,0.045108,8.6038
2.0557,2.0815,0.084385,-0.058577,0.045122,8.6089
2.0558,2.0815,0.084388,-0.058599,0.045103,8.6097
2.0558,2.0815,0.08439,-0.058619,0.045047,8.5977
2.0559,2.0815,0.084392,-0.058642,0.044994,8.6067
2.0559,2.0814,0.084395,-0.058668,0.044938,8.615
2.056,2.0814,0.084397,-0.058696,0.044884,8.6152
2.0561,2.0814,0.084399,-0.058725,0.044792,8.6176
2.0561,2.0814,0.084402,-0.058754,0.044693,8.6271
2.0562,2.0814,0.084404,-0.058779,0.044539,8.6134
2.0562,2.0814,0.084407,-0.058803,0.044394,8.6128
2.0563,2.0814,0.084409,-0.058827,0.044272,8.625
2.0563,2.0814,0.084411,-0.058859,0.044197,8.6218
2.0564,2.0814,0.084413,-0.058896,0.044136,8.6127
2.0564,2.0814,0.084416,-0.058938,0.044073,8.6255
2.0565,2.0814,0.084418,-0.058983,0.043992,8.6279
2.0565,2.0814,0.08442,-0.059028,0.043879,8.626
2.0566,2.0814,0.084423,-0.059069,0.04372,8.6429
2.0566,2.0814,0.084425,-0.059109,0.043552,8.6469
2.0567,2.0814,0.084427,-0.059147,0.043405,8.6427
2.0567,2.0814,0.08443,-0.059184,0.04326,8.6576
2.0568,2.0814,0.084432,-0.059222,0.043117,8.6597
2.0568,2.0814,0.084434,-0.059257,0.042961,8.6542
2.0569,2.0814,0.084436,-0.059287,0.042819,8.658
2.0569,2.0814,0.084439,-0.059308,0.042726,8.6679
2.057,2.0814,0.084441,-0.059323,0.042665,8.6663
2.0571,2.0814,0.084443,-0.059339,0.042602,8.6669
2.0571,2.0814,0.084445,-0.059351,0.042565,8.6856
2.0572,2.0814,0.084448,-0.059368,0.042512,8.6767
2.0572,2.0814,0.08445,-0.059389,0.042466,8.6666
2.0573,2.0814,0.084452,-0.059408,0.042378,8.6697
2.0573,2.0814,0.084454,-0.059422,0.042315,8.6703
2.0574,2.0814,0.084456,-0.05943,0.042261,8.6562
2.0574,2.0814,0.084459,-0.059431,0.042205,8.6579
2.0575,2.0814,0.084461,-0.059436,0.042158,8.6603
2.0575,2.0814,0.084463,-0.05944,0.042133,8.6581
2.0576,2.0814,0.084465,-0.059446,0.042065,8.6593
2.0576,2.0813,0.084468,-0.059453,0.042019,8.6634
2.0577,2.0813,0.08447,-0.059459,0.041948,8.657
2.0577,2.0813,0.084472,-0.059463,0.041856,8.6601
2.0578,2.0813,0.084474,-0.059464,0.041733,8.6602
2.0578,2.0813,0.084476,-0.059461,0.041626,8.652
2.0579,2.0813,0.084479,-0.059457,0.041565,8.6473
2.0579,2.0813,0.084481,-0.059453,0.04153,8.6603
2.058,2.0813,0.084483,-0.059458,0.041521,8.6576
2.0581,2.0813,0.084485,-0.059468,0.041527,8.6487
2.0581,2.0813,0.084487,-0.05948,0.041535,8.6669
2.0582,2.0813,0.084489,-0.059497,0.041481,8.6731
2.0582,2.0813,0.084492,-0.059525,0.041401,8.6572
2.0583,2.0813,0.084494,-0.059554,0.041312,8.6641
2.0583,2.0813,0.084496,-0.059574,0.041228,8.6683
2.0584,2.0813,0.084498,-0.05959,0.041166,8.6526
2.0584,2.0813,0.0845,-0.059604,0.04114,8.6523
2.0585,2.0813,0.084503,-0.059604,0.041111,8.6684
2.0585,2.0813,0.084505,-0.059599,0.041105,8.6583
2.0586,2.0813,0.084507,-0.059592,0.041076,8.6588
2.0586,2.0813,0.084509,-0.059591,0.041042,8.6706
2.0587,2.0813,0.084511,-0.059587,0.041003,8.6609
2.0587,2.0813,0.084513,-0.059579,0.040958,8.6465
2.0588,2.0813,0.084515,-0.059572,0.040909,8.6564
2.0588,2.0813,0.084518,-0.059562,0.040854,8.6512
2.0589,2.0813,0.08452,-0.059545,0.040795,8.6325
2.0589,2.0813,0.084522,-0.059532,0.040746,8.6349
2.059,2.0813,0.084524,-0.059522,0.040682,8.6458
2.0591,2.0813,0.084526,-0.059518,0.040567,8.6412
2.0591,2.0813,0.084528,-0.059521,0.040418,8.637
2.0592,2.0813,0.08453,-0.059529,0.040253,8.6529
2.0592,2.0813,0.084533,-0.059545,0.040105,8.6428
2.0593,2.0813,0.084535,-0.059562,0.039944,8.6418
2.0593,2.0812,0.084537,-0.059573,0.039795,8.6453
2.0594,2.0812,0.084539,-0.059579,0.039681,8.6373
2.0594,2.0812,0.084541,-0.059579,0.039571,8.6342
2.0595,2.0812,0.084543,-0.059573,0.039449,8.6449
2.0595,2.0812,0.084545,-0.059561,0.039335,8.6456
2.0596,2.0812,0.084547,-0.059549,0.039249,8.6422
2.0596,2.0812,0.084549,-0.059544,0.039157,8.6631
2.0597,2.0812,0.084551,-0.059542,0.039023,8.669
2.0597,2.0812,0.084553,-0.059542,0.038871,8.6579
2.0598,2.0812,0.084555,-0.05954,0.038712,8.6629
2.0598,2.0812,0.084557,-0.059535,0.038555,8.6666
2.0599,2.0812,0.084559,-0.059525,0.03841,8.6584
2.0599,2.0812,0.084561,-0.059506,0.038282,8.654
2.06,2.0812,0.084563,-0.059484,0.038175,8.6663
2.0601,2.0812,0.084565,-0.059472,0.038052,8.6513
2.0601,2.0812,0.084567,-0.059467,0.037927,8.657
2.0602,2.0812,0.084569,-0.059468,0.0378,8.6693
2.0602,2.0812,0.084571,-0.059474,0.037671,8.6612
2.0603,2.0812,0.084573,-0.059484,0.037541,8.6554
2.0603,2.0812,0.084575,-0.059498,0.037424,8.6514
2.0604,2.0812,0.084577,-0.059514,0.037282,8.6483
2.0604,2.0812,0.084579,-0.059531,0.037121,8.6339
2.0605,2.0812,0.084581,-0.059549,0.036951,8.6405
2.0605,2.0812,0.084583,-0.059566,0.036779,8.6442
2.0606,2.0812,0.084585,-0.059583,0.036626,8.635
2.0606,2.0812,0.084587,-0.059598,0.036457,8.6409
2.0607,2.0812,0.084589,-0.059614,0.036291,8.6493
2.0607,2.0812,0.084591,-0.05964,0.036143,8.6398
2.0608,2.0812,0.084593,-0.059668,0.035984,8.6386
2.0608,2.0812,0.084595,-0.059687,0.035835,8.6472
2.0609,2.0812,0.084596,-0.059693,0.035702,8.645
2.0609,2.0812,0.084598,-0.059691,0.03559,8.6369
2.061,2.0811,0.0846,-0.059684,0.035502,8.6492
2.0611,2.0811,0.084602,-0.059671,0.035396,8.6487
2.0611,2.0811,0.084604,-0.059658,0.035288,8.644
2.0612,2.0811,0.084606,-0.059654,0.035179,8.6564
2.0612,2.0811,0.084608,-0.059647,0.035069,8.6578
2.0613,2.0811,0.084609,-0.059637,0.034959,8.6457
2.0613,2.0811,0.084611,-0.059627,0.034848,8.6456
2.0614,2.0811,0.084613,-0.05962,0.034738,8.6436
2.0614,2.0811,0.084615,-0.059617,0.034625,8.6454
2.0615,2.0811,0.084617,-0.059616,0.034508,8.6346
2.0615,2.0811,0.084619,-0.059613,0.034391,8.6486
2.0616,2.0811,0.08462,-0.059617,0.034273,8.6384
2.0616,2.0811,0.084622,-0.059619,0.034159,8.6411
2.0617,2.0811,0.084624,-0.059616,0.034042,8.6587
2.0617,2.0811,0.084626,-0.05961,0.033926,8.6528
2.0618,2.0811,0.084627,-0.059605,0.033815,8.6521
2.0618,2.0811,0.084629,-0.059598,0.033701,8.6633
2.0619,2.0811,0.084631,-0.059591,0.033581,8.665
2.0619,2.0811,0.084633,-0.059575,0.033461,8.6541
2.062,2.0811,0.084635,-0.059562,0.033344,8.6605
2.0621,2.0811,0.084636,-0.059549,0.033228,8.666
2.0621,2.0811,0.084638,-0.059537,0.033111,8.6637
2.0622,2.0811,0.08464,-0.059524,0.032998,8.6692
2.0622,2.0811,0.084642,-0.059518,0.032892,8.6804
2.0623,2.0811,0.084643,-0.059506,0.03279,8.672
2.0623,2.0811,0.084645,-0.059497,0.032688,8.6769
2.0624,2.0811,0.084647,-0.059485,0.03259,8.6914
2.0624,2.0811,0.084648,-0.059468,0.032497,8.6825
2.0625,2.0811,0.08465,-0.059452,0.032403,8.677
2.0625,2.0811,0.084652,-0.059434,0.03231,8.6849
2.0626,2.0811,0.084653,-0.059411,0.032219,8.6807
2.0626,2.081,0.084655,-0.059389,0.03213,8.6808
2.0627,2.081,0.084657,-0.059362,0.032042,8.6811
2.0627,2.081,0.084659,-0.059344,0.031957,8.69
2.0628,2.081,0.08466,-0.059334,0.031873,8.6804
2.0628,2.081,0.084662,-0.059326,0.031791,8.6867
2.0629,2.081,0.084664,-0.059326,0.031711,8.6927
2.0629,2.081,0.084665,-0.059325,0.031634,8.6797
2.063,2.081,0.084667,-0.059323,0.031559,8.672
2.0631,2.081,0.084669,-0.059323,0.031505,8.6798
2.0631,2.081,0.08467,-0.059323,0.031423,8.6715
2.0632,2.081,0.084672,-0.059324,0.031323,8.6706
2.0632,2.081,0.084673,-0.059327,0.031207,8.6781
2.0633,2.081,0.084675,-0.059322,0.031105,8.6765
2.0633,2.081,0.084677,-0.059318,0.030977,8.6721
2.0634,2.081,0.084678,-0.059309,0.030871,8.6827
2.0634,2.081,0.08468,-0.059298,0.03072,8.6799
2.0635,2.081,0.084682,-0.059285,0.030573,8.6728
2.0635,2.081,0.084683,-0.059277,0.030377,8.6717
2.0636,2.081,0.084685,-0.059271,0.030156,8.6714
2.0636,2.081,0.084686,-0.059261,0.029917,8.6576
2.0637,2.081,0.084688,-0.059251,0.029682,8.6696
2.0637,2.081,0.084689,-0.059249,0.029403,8.6835
2.0638,2.081,0.084691,-0.059248,0.029153,8.6715
2.0638,2.081,0.084693,-0.059247,0.02889,8.6738
2.0639,2.081,0.084694,-0.059247,0.028688,8.6848
2.0639,2.081,0.084696,-0.059251,0.02854,8.6681
2.064,2.081,0.084697,-0.059257,0.028457,8.6569
2.0641,2.081,0.084699,-0.059261,0.02838,8.6682
2.0641,2.081,0.0847,-0.059267,0.028309,8.6645
2.0642,2.081,0.084702,-0.059278,0.028179,8.6443
2.0642,2.081,0.084703,-0.059284,0.028022,8.659
2.0643,2.081,0.084704,-0.059288,0.027856,8.6615
2.0643,2.081,0.084706,-0.059287,0.027702,8.6487
2.0644,2.0809,0.084707,-0.059283,0.02758,8.654
2.0644,2.0809,0.084709,-0.059278,0.027506,8.6492
2.0645,2.0809,0.08471,-0.059274,0.027437,8.6393
2.0645,2.0809,0.084712,-0.059274,0.027399,8.6315
2.0646,2.0809,0.084713,-0.059278,0.027351,8.6303
2.0646,2.0809,0.084715,-0.059285,0.027305,8.6184
2.0647,2.0809,0.084716,-0.059293,0.027264,8.6218
2.0647,2.0809,0.084717,-0.059293,0.027246,8.6375
2.0648,2.0809,0.084719,-0.059289,0.027207,8.6332
2.0648,2.0809,0.08472,-0.059283,0.027171,8.6229
2.0649,2.0809,0.084722,-0.059277,0.027117,8.6326
2.0649,2.0809,0.084723,-0.059273,0.027032,8.6291
2.065,2.0809,0.084725,-0.059274,0.026907,8.6217
2.0651,2.0809,0.084726,-0.059281,0.026752,8.6265
2.0651,2.0809,0.084727,-0.059289,0.026553,8.6339
2.0652,2.0809,0.084729,-0.059294,0.026371,8.6188
2.0652,2.0809,0.08473,-0.059302,0.02616,8.6222
2.0653,2.0809,0.084732,-0.059305,0.025977,8.6352
2.0653,2.0809,0.084733,-0.059306,0.025846,8.628
2.0654,2.0809,0.084734,-0.059305,0.025736,8.6291
2.0654,2.0809,0.084736,-0.059305,0.025632,8.6335
2.0655,2.0809,0.084737,-0.059303,0.025515,8.6194
2.0655,2.0809,0.084738,-0.059299,0.025341,8.6142
2.0656,2.0809,0.08474,-0.059298,0.025184,8.6249
2.0656,2.0809,0.084741,-0.0593,0.024986,8.6166
2.0657,2.0809,0.084742,-0.0593,0.024813,8.6053
2.0657,2.0809,0.084743,-0.059302,0.024662,8.6166
2.0658,2.0809,0.084745,-0.059308,0.024539,8.6168
2.0658,2.0809,0.084746,-0.059317,0.024412,8.608
2.0659,2.0809,0.084747,-0.059319,0.024282,8.6125
2.0659,2.0809,0.084749,-0.059314,0.024152,8.6164
2.066,2.0809,0.08475,-0.059307,0.024055,8.6041
2.0661,2.0808,0.084751,-0.059297,0.023966,8.6057
2.0661,2.0808,0.084752,-0.059288,0.023936,8.6129
2.0662,2.0808,0.084754,-0.059278,0.023906,8.6014
2.0662,2.0808,0.084755,-0.059266,0.02386,8.609
2.0663,2.0808,0.084756,-0.059248,0.023767,8.6164
2.0663,2.0808,0.084757,-0.059219,0.023658,8.6136
2.0664,2.0808,0.084759,-0.059182,0.023548,8.6081
2.0664,2.0808,0.08476,-0.059148,0.023449,8.625
2.0665,2.0808,0.084761,-0.059117,0.023382,8.6187
2.0665,2.0808,0.084762,-0.059097,0.023366,8.6085
2.0666,2.0808,0.084764,-0.059077,0.023375,8.6121
2.0666,2.0808,0.084765,-0.059057,0.023378,8.6177
2.0667,2.0808,0.084766,-0.059036,0.023389,8.6038
2.0667,2.0808,0.084767,-0.059009,0.023409,8.6083
2.0668,2.0808,0.084769,-0.058983,0.023459,8.6226
2.0668,2.0808,0.08477,-0.058961,0.023505,8.615
2.0669,2.0808,0.084771,-0.058949,0.023514,8.6227
2.0669,2.0808,0.084772,-0.058946,0.023499,8.6275
2.067,2.0808,0.084773,-0.058937,0.023493,8.6106
2.0671,2.0808,0.084775,-0.058927,0.023467,8.6076
2.0671,2.0808,0.084776,-0.05891,0.023458,8.6104
2.0672,2.0808,0.084777,-0.058888,0.023447,8.599
2.0672,2.0808,0.084778,-0.058868,0.023478,8.5912
2.0673,2.0808,0.08478,-0.058849,0.023476,8.5996
2.0673,2.0808,0.084781,-0.058837,0.023468,8.6016
2.0674,2.0808,0.084782,-0.058832,0.023464,8.5955
2.0674,2.0808,0.084783,-0.058821,0.023448,8.6003
2.0675,2.0808,0.084785,-0.058812,0.023413,8.6051
2.0675,2.0808,0.084786,-0.058801,0.023425,8.5951
2.0676,2.0808,0.084787,-0.058792,0.023414,8.592
2.0676,2.0808,0.084788,-0.058786,0.023421,8.6027
2.0677,2.0808,0.084789,-0.05878,0.023443,8.5996
2.0677,2.0807,0.084791,-0.058776,0.023499,8.5945
2.0678,2.0807,0.084792,-0.058776,0.02354,8.6082
2.0678,2.0807,0.084793,-0.058775,0.023535,8.6128
2.0679,2.0807,0.084794,-0.058774,0.023504,8.61
2.0679,2.0807,0.084796,-0.058766,0.02343,8.6266
2.068,2.0807,0.084797,-0.058756,0.023362,8.6142
2.0681,2.0807,0.084798,-0.058744,0.023304,8.6099
2.0681,2.0807,0.084799,-0.058726,0.023305,8.6143
2.0682,2.0807,0.084801,-0.058695,0.023367,8.6238
2.0682,2.0807,0.084802,-0.058658,0.023466,8.6093
2.0683,2.0807,0.084803,-0.058622,0.02356,8.6117
2.0683,2.0807,0.084804,-0.058588,0.023618,8.6264
2.0684,2.0807,0.084806,-0.058557,0.023597,8.6238
2.0684,2.0807,0.084807,-0.058537,0.023569,8.6197
2.0685,2.0807,0.084808,-0.058528,0.023483,8.6254
2.0685,2.0807,0.084809,-0.058521,0.023365,8.6165
2.0686,2.0807,0.08481,-0.058511,0.023284,8.6152
2.0686,2.0807,0.084812,-0.058501,0.023223,8.6145
2.0687,2.0807,0.084813,-0.058491,0.023154,8.6101
2.0687,2.0807,0.084814,-0.058481,0.023103,8.6012
2.0688,2.0807,0.084815,-0.058473,0.023092,8.6142
2.0688,2.0807,0.084817,-0.058464,0.023108,8.6133
2.0689,2.0807,0.084818,-0.05845,0.023099,8.604
2.0689,2.0807,0.084819,-0.058431,0.02307,8.6138
2.069,2.0807,0.08482,-0.058413,0.023078,8.6235
2.0691,2.0807,0.084821,-0.058393,0.023081,8.6164
2.0691,2.0807,0.084823,-0.058373,0.023055,8.6189
2.0692,2.0807,0.084824,-0.058356,0.023,8.6201
2.0692,2.0807,0.084825,-0.058343,0.022978,8.6142
2.0693,2.0807,0.084826,-0.058337,0.022949,8.6159
2.0693,2.0807,0.084827,-0.058334,0.022887,8.6304
2.0694,2.0807,0.084829,-0.058339,0.022819,8.631
2.0694,2.0806,0.08483,-0.058346,0.022759,8.6286
2.0695,2.0806,0.084831,-0.05835,0.022688,8.6387
2.0695,2.0806,0.084832,-0.058348,0.022585,8.6392
2.0696,2.0806,0.084833,-0.058337,0.02248,8.6314
2.0696,2.0806,0.084835,-0.058318,0.022414,8.637
2.0697,2.0806,0.084836,-0.058302,0.022365,8.6362
2.0697,2.0806,0.084837,-0.058282,0.022336,8.6269
2.0698,2.0806,0.084838,-0.058267,0.022311,8.6267
2.0698,2.0806,0.084839,-0.058257,0.022278,8.6315
2.0699,2.0806,0.08484,-0.058262,0.02223,8.6177
2.0699,2.0806,0.084842,-0.058274,0.022161,8.6177
2.07,2.0806,0.084843,-0.058289,0.022111,8.6198
2.0701,2.0806,0.084844,-0.058301,0.022061,8.6028
2.0701,2.0806,0.084845,-0.058317,0.022009,8.592
2.0702,2.0806,0.084846,-0.058319,0.021963,8.5881
2.0702,2.0806,0.084847,-0.058314,0.021897,8.5836
2.0703,2.0806,0.084849,-0.058307,0.021841,8.5706
2.0703,2.0806,0.08485,-0.058294,0.021815,8.5809
2.0704,2.0806,0.084851,-0.058278,0.021848,8.5828
2.0704,2.0806,0.084852,-0.058267,0.021901,8.5777
2.0705,2.0806,0.084853,-0.058253,0.02199,8.586
2.0705,2.0806,0.084854,-0.058244,0.022051,8.5867
2.0706,2.0806,0.084856,-0.058232,0.022117,8.5843
2.0706,2.0806,0.084857,-0.058218,0.022175,8.5778
2.0707,2.0806,0.084858,-0.058205,0.022244,8.5906
2.0707,2.0806,0.084859,-0.058182,0.022331,8.5809
2.0708,2.0806,0.08486,-0.058158,0.022446,8.5814
2.0708,2.0806,0.084861,-0.058139,0.022543,8.598
2.0709,2.0806,0.084863,-0.058115,0.022634,8.5932
2.0709,2.0806,0.084864,-0.058087,0.022673,8.5918
2.071,2.0806,0.084865,-0.05806,0.022716,8.6042
2.0711,2.0806,0.084866,-0.058037,0.022759,8.6036
2.0711,2.0806,0.084867,-0.058022,0.022807,8.596
2.0712,2.0805,0.084869,-0.058016,0.022838,8.6001
2.0712,2.0805,0.08487,-0.058011,0.022833,8.5968
2.0713,2.0805,0.084871,-0.058013,0.022769,8.579
2.0713,2.0805,0.084872,-0.058011,0.02268,8.5864
2.0714,2.0805,0.084873,-0.057994,0.022574,8.5874
2.0714,2.0805,0.084875,-0.057968,0.022444,8.5736
2.0715,2.0805,0.084876,-0.057934,0.022341,8.5721
2.0715,2.0805,0.084877,-0.057896,0.022272,8.5802
2.0716,2.0805,0.084878,-0.057866,0.022196,8.5741
2.0716,2.0805,0.084879,-0.057839,0.022101,8.5724
2.0717,2.0805,0.08488,-0.057824,0.021977,8.572
2.0717,2.0805,0.084882,-0.057811,0.021853,8.5634
2.0718,2.0805,0.084883,-0.057792,0.021716,8.555
2.0718,2.0805,0.084884,-0.057776,0.021565,8.5741
2.0719,2.0805,0.084885,-0.057759,0.021435,8.5778
2.0719,2.0805,0.084886,-0.057741,0.021294,8.5774
2.072,2.0805,0.084887,-0.057728,0.021163,8.5916
2.0721,2.0805,0.084888,-0.057714,0.02106,8.5934
2.0721,2.0805,0.084889,-0.057704,0.02101,8.5821
2.0722,2.0805,0.08489,-0.057691,0.02097,8.5924
2.0722,2.0805,0.084892,-0.057672,0.020946,8.6025
2.0723,2.0805,0.084893,-0.05765,0.020948,8.5951
2.0723,2.0805,0.084894,-0.057622,0.020924,8.5932
2.0724,2.0805,0.084895,-0.057592,0.020861,8.6037
2.0724,2.0805,0.084896,-0.057559,0.020795,8.6005
2.0725,2.0805,0.084897,-0.057522,0.020735,8.6043
2.0725,2.0805,0.084898,-0.057485,0.020699,8.6179
2.0726,2.0805,0.084899,-0.057448,0.020654,8.6112
2.0726,2.0805,0.0849,-0.057413,0.020621,8.6001
2.0727,2.0805,0.084901,-0.057376,0.020605,8.6144
2.0727,2.0805,0.084903,-0.057332,0.020568,8.6124
2.0728,2.0805,0.084904,-0.057292,0.020524,8.6048
2.0728,2.0805,0.084905,-0.05725,0.020475,8.6053
2.0729,2.0804,0.084906,-0.057213,0.020419,8.6096
2.0729,2.0804,0.084907,-0.057168,0.020355,8.6028
2.073,2.0804,0.084908,-0.057134,0.020286,8.6036
2.0731,2.0804,0.084909,-0.0571,0.020217,8.6194
2.0731,2.0804,0.08491,-0.05708,0.020142,8.6141
2.0732,2.0804,0.084911,-0.057063,0.02007,8.6115
2.0732,2.0804,0.084912,-0.057057,0.019995,8.6193
2.0733,2.0804,0.084913,-0.05705,0.019917,8.6177
2.0733,2.0804,0.084914,-0.057045,0.019819,8.6117
2.0734,2.0804,0.084915,-0.057025,0.019737,8.6268
2.0734,2.0804,0.084916,-0.05701,0.019673,8.6319
2.0735,2.0804,0.084917,-0.05699,0.019621,8.6299
2.0735,2.0804,0.084918,-0.05698,0.01957,8.6435
2.0736,2.0804,0.084919,-0.056977,0.019519,8.6544
2.0736,2.0804,0.08492,-0.056975,0.019453,8.6464
2.0737,2.0804,0.084921,-0.056963,0.019368,8.6483
2.0737,2.0804,0.084922,-0.056946,0.019253,8.6573
2.0738,2.0804,0.084923,-0.056922,0.019138,8.6503
2.0738,2.0804,0.084924,-0.056894,0.019013,8.6466
2.0739,2.0804,0.084925,-0.056867,0.018873,8.6508
2.0739,2.0804,0.084926,-0.056841,0.018728,8.646
2.074,2.0804,0.084927,-0.056814,0.01858,8.649
2.0741,2.0804,0.084928,-0.056785,0.018438,8.6606
2.0741,2.0804,0.084929,-0.056755,0.018307,8.6554
2.0742,2.0804,0.08493,-0.056738,0.018184,8.6493
2.0742,2.0804,0.084931,-0.05672,0.018057,8.6615
2.0743,2.0804,0.084932,-0.056706,0.01792,8.6587
2.0743,2.0804,0.084933,-0.056701,0.017767,8.6424
2.0744,2.0804,0.084934,-0.056701,0.017603,8.6457
2.0744,2.0804,0.084935,-0.056695,0.017429,8.6555
2.0745,2.0804,0.084936,-0.056677,0.017253,8.6441
2.0745,2.0804,0.084937,-0.056659,0.017073,8.6458
2.0746,2.0804,0.084938,-0.05664,0.016895,8.6555
2.0746,2.0803,0.084939,-0.056612,0.016717,8.6469
2.0747,2.0803,0.084939,-0.056588,0.016535,8.6456
2.0747,2.0803,0.08494,-0.056563,0.016351,8.6536
2.0748,2.0803,0.084941,-0.056545,0.016155,8.6456
2.0748,2.0803,0.084942,-0.056519,0.015956,8.6452
2.0749,2.0803,0.084943,-0.056488,0.01575,8.6518
2.0749,2.0803,0.084944,-0.056469,0.015531,8.6588
2.075,2.0803,0.084944,-0.056455,0.015309,8.6547
2.0751,2.0803,0.084945,-0.056451,0.015086,8.6667
2.0751,2.0803,0.084946,-0.056457,0.014864,8.6759
2.0752,2.0803,0.084947,-0.056463,0.014645,8.6624
2.0752,2.0803,0.084948,-0.056477,0.014432,8.6702
2.0753,2.0803,0.084948,-0.056486,0.014221,8.6714
2.0753,2.0803,0.084949,-0.056495,0.014018,8.6648
2.0754,2.0803,0.08495,-0.0565,0.013806,8.6499
2.0754,2.0803,0.08495,-0.056506,0.01359,8.6539
2.0755,2.0803,0.084951,-0.056511,0.013366,8.6513
2.0755,2.0803,0.084952,-0.056513,0.013137,8.6436
2.0756,2.0803,0.084953,-0.056509,0.012903,8.6572
2.0756,2.0803,0.084953,-0.056506,0.012673,8.6543
2.0757,2.0803,0.084954,-0.056499,0.012441,8.6391
2.0757,2.0803,0.084954,-0.056486,0.012218,8.646
2.0758,2.0803,0.084955,-0.056468,0.011992,8.6377
2.0758,2.0803,0.084956,-0.056454,0.011768,8.625
2.0759,2.0803,0.084956,-0.056446,0.011538,8.6292
2.0759,2.0803,0.084957,-0.05644,0.011313,8.6357
2.076,2.0803,0.084958,-0.056436,0.011087,8.6179
2.0761,2.0803,0.084958,-0.056433,0.010859,8.6272
2.0761,2.0803,0.084959,-0.05643,0.010623,8.6381
2.0762,2.0803,0.084959,-0.056425,0.010381,8.6329
2.0762,2.0803,0.08496,-0.056426,0.010137,8.6283
2.0763,2.0803,0.08496,-0.056423,0.0098976,8.6356
2.0763,2.0803,0.084961,-0.056415,0.0096658,8.6351
2.0764,2.0803,0.084961,-0.056398,0.0094509,8.631
2.0764,2.0802,0.084962,-0.056375,0.0092484,8.6393
2.0765,2.0802,0.084962,-0.056344,0.0090508,8.6447
2.0765,2.0802,0.084963,-0.056313,0.0088492,8.6369
2.0766,2.0802,0.084963,-0.056287,0.0086387,8.6513
2.0766,2.0802,0.084964,-0.056273,0.0084291,8.6555
2.0767,2.0802,0.084964,-0.056246,0.0082167,8.6503
2.0767,2.0802,0.084964,-0.056212,0.0079973,8.6502
2.0768,2.0802,0.084965,-0.056173,0.0077789,8.6568
2.0768,2.0802,0.084965,-0.056129,0.0075547,8.6495
2.0769,2.0802,0.084966,-0.05608,0.0073257,8.6402
2.0769,2.0802,0.084966,-0.056039,0.0070969,8.6465
2.077,2.0802,0.084966,-0.056012,0.0068652,8.6323
2.0771,2.0802,0.084967,-0.055984,0.0066412,8.6261
2.0771,2.0802,0.084967,-0.055946,0.0064184,8.6423
2.0772,2.0802,0.084967,-0.055901,0.006202,8.636
2.0772,2.0802,0.084968,-0.055857,0.0059986,8.6257
2.0773,2.0802,0.084968,-0.055813,0.0057912,8.6353
2.0773,2.0802,0.084968,-0.055771,0.0055852,8.6352
2.0774,2.0802,0.084969,-0.055737,0.0053818,8.6256
2.0774,2.0802,0.084969,-0.055711,0.0051751,8.6267
2.0775,2.0802,0.084969,-0.055677,0.0049651,8.6317
2.0775,2.0802,0.084969,-0.055639,0.0047553,8.6284
2.0776,2.0802,0.08497,-0.055597,0.0045552,8.6289
2.0776,2.0802,0.08497,-0.055556,0.0043658,8.6421
2.0777,2.0802,0.08497,-0.055515,0.0041825,8.6395
2.0777,2.0802,0.08497,-0.055472,0.0040071,8.6388
2.0778,2.0802,0.08497,-0.055429,0.0038386,8.6492
2.0778,2.0802,0.084971,-0.055384,0.0036745,8.6394
2.0779,2.0802,0.084971,-0.055339,0.0035286,8.6332
2.0779,2.0802,0.084971,-0.055294,0.0033625,8.6398
2.078,2.0802,0.084971,-0.055248,0.0031761,8.6414
2.0781,2.0802,0.084971,-0.055201,0.0029863,8.6352
2.0781,2.0802,0.084971,-0.055153,0.0027586,8.6519
2.0782,2.0802,0.084972,-0.055105,0.002501,8.6582
2.0782,2.0801,0.084972,-0.055056,0.0022379,8.6438
2.0783,2.0801,0.084972,-0.055007,0.0019869,8.6491
2.0783,2.0801,0.084972,-0.054957,0.0017752,8.6565
2.0784,2.0801,0.084972,-0.054907,0.0015698,8.6375
2.0784,2.0801,0.084972,-0.054856,0.0013916,8.6382
2.0785,2.0801,0.084972,-0.054805,0.0012655,8.6464
2.0785,2.0801,0.084972,-0.054754,0.0011078,8.6413
2.0786,2.0801,0.084972,-0.054702,0.00093093,8.6351
2.0786,2.0801,0.084972,-0.05465,0.00076291,8.6501
2.0787,2.0801,0.084972,-0.054598,0.00057736,8.6537
2.0787,2.0801,0.084972,-0.054543,0.00034885,8.6495
2.0788,2.0801,0.084972,-0.054489,8.6096e-05,8.6558
2.0788,2.0801,0.084972,-0.054442,-0.00017747,8.6538
2.0789,2.0801,0.084972,-0.054399,-0.00043311,8.6447
2.0789,2.0801,0.084972,-0.054356,-0.00065502,8.6479
2.079,2.0801,0.084972,-0.05432,-0.00082188,8.6585
2.0791,2.0801,0.084972,-0.054281,-0.00092743,8.6486
2.0791,2.0801,0.084972,-0.054238,-0.00101,8.6604
2.0792,2.0801,0.084972,-0.05419,-0.0011094,8.6692
2.0792,2.0801,0.084972,-0.054139,-0.0012198,8.666
2.0793,2.0801,0.084972,-0.054085,-0.0013454,8.67
2.0793,2.0801,0.084972,-0.054017,-0.0014923,8.6768
2.0794,2.0801,0.084972,-0.053946,-0.001613,8.669
2.0794,2.0801,0.084972,-0.053883,-0.0017456,8.666
2.0795,2.0801,0.084972,-0.053821,-0.0018506,8.6778
2.0795,2.0801,0.084972,-0.053767,-0.0019294,8.6766
2.0796,2.0801,0.084971,-0.053721,-0.002004,8.6702
2.0796,2.0801,0.084971,-0.053678,-0.0020556,8.6799
2.0797,2.0801,0.084971,-0.053641,-0.0020835,8.6912
2.0797,2.0801,0.084971,-0.053601,-0.0020658,8.6731
2.0798,2.0801,0.084971,-0.053559,-0.0020323,8.6733
2.0798,2.0801,0.084971,-0.053507,-0.0020298,8.6795
2.0799,2.0801,0.084971,-0.053441,-0.0019998,8.664
2.0799,2.0801,0.084971,-0.053358,-0.0020005,8.6623
2.08,2.0801,0.084971,-0.053266,-0.0020141,8.6639
2.0801,2.08,0.08497,-0.053164,-0.0020283,8.6569
2.0801,2.08,0.08497,-0.053073,-0.0020451,8.6622
2.0802,2.08,0.08497,-0.052988,-0.0020288,8.6708
2.0802,2.08,0.08497,-0.052904,-0.0020653,8.667
2.0803,2.08,0.08497,-0.052823,-0.0021259,8.6638
2.0803,2.08,0.08497,-0.052743,-0.0021846,8.6761
2.0804,2.08,0.08497,-0.052656,-0.0022611,8.6692
2.0804,2.08,0.08497,-0.052575,-0.0023174,8.6611
2.0805,2.08,0.08497,-0.052493,-0.0023496,8.6621
2.0805,2.08,0.084969,-0.052412,-0.0023783,8.6672
2.0806,2.08,0.084969,-0.052328,-0.0024235,8.6538
2.0806,2.08,0.084969,-0.052246,-0.0025443,8.6524
2.0807,2.08,0.084969,-0.052179,-0.002691,8.6628
2.0807,2.08,0.084969,-0.05212,-0.0028807,8.6619
2.0808,2.08,0.084969,-0.052064,-0.0030961,8.6607
2.0808,2.08,0.084969,-0.052016,-0.0033197,8.6687
2.0809,2.08,0.084968,-0.05197,-0.0035253,8.658
2.0809,2.08,0.084968,-0.051916,-0.0037393,8.6528
2.081,2.08,0.084968,-0.051851,-0.0039505,8.6538
2.0811,2.08,0.084968,-0.051777,-0.0041481,8.6426
2.0811,2.08,0.084967,-0.051698,-0.0043011,8.6349
2.0812,2.08,0.084967,-0.051622,-0.0043879,8.64
2.0812,2.08,0.084967,-0.051546,-0.0043855,8.6407
2.0813,2.08,0.084967,-0.05148,-0.0043385,8.628
2.0813,2.08,0.084967,-0.051434,-0.0042659,8.6294
2.0814,2.08,0.084966,-0.051404,-0.0041824,8.6285
2.0814,2.08,0.084966,-0.051387,-0.0041253,8.6176
2.0815,2.08,0.084966,-0.051372,-0.0041048,8.6197
2.0815,2.08,0.084966,-0.051348,-0.0040849,8.615
2.0816,2.08,0.084965,-0.051313,-0.0040485,8.6044
2.0816,2.08,0.084965,-0.051265,-0.0039836,8.6018
2.0817,2.08,0.084965,-0.051206,-0.0039221,8.6119
2.0817,2.08,0.084965,-0.051157,-0.0038432,8.6118
2.0818,2.08,0.084965,-0.051119,-0.00374,8.5997
2.0818,2.08,0.084964,-0.051099,-0.0036518,8.6141
2.0819,2.08,0.084964,-0.051097,-0.0035506,8.6132
2.0819,2.08,0.084964,-0.051096,-0.0034545,8.6004
2.082,2.0799,0.084964,-0.051096,-0.0033815,8.6074
2.0821,2.0799,0.084964,-0.051092,-0.0033642,8.6072
2.0821,2.0799,0.084964,-0.051075,-0.003368,8.5939
2.0822,2.0799,0.084963,-0.05106,-0.0033966,8.5989
2.0822,2.0799,0.084963,-0.051045,-0.0034611,8.6104
2.0823,2.0799,0.084963,-0.051034,-0.0035119,8.6042
2.0823,2.0799,0.084963,-0.051035,-0.0035361,8.598
2.0824,2.0799,0.084963,-0.051036,-0.00356,8.6095
2.0824,2.0799,0.084962,-0.051044,-0.0035943,8.5979
2.0825,2.0799,0.084962,-0.051051,-0.0036653,8.5901
2.0825,2.0799,0.084962,-0.051063,-0.0037385,8.5953
2.0826,2.0799,0.084962,-0.051074,-0.0038343,8.5959
2.0826,2.0799,0.084962,-0.051084,-0.0039598,8.5881
2.0827,2.0799,0.084961,-0.051089,-0.0040754,8.5962
2.0827,2.0799,0.084961,-0.051096,-0.0041942,8.601
2.0828,2.0799,0.084961,-0.051101,-0.0043154,8.6007
2.0828,2.0799,0.084961,-0.051106,-0.0044379,8.605
2.0829,2.0799,0.084961,-0.051124,-0.0045652,8.6062
2.0829,2.0799,0.08496,-0.051143,-0.0047008,8.5997
2.083,2.0799,0.08496,-0.051164,-0.0048438,8.6054
2.0831,2.0799,0.08496,-0.051169,-0.0049908,8.6046
2.0831,2.0799,0.084959,-0.051166,-0.0051467,8.5927
2.0832,2.0799,0.084959,-0.051156,-0.0053095,8.5979
2.0832,2.0799,0.084959,-0.051145,-0.0054772,8.6163
2.0833,2.0799,0.084959,-0.051135,-0.0056476,8.6163
2.0833,2.0799,0.084958,-0.051141,-0.0058163,8.6068
2.0834,2.0799,0.084958,-0.051146,-0.0059936,8.6224
2.0834,2.0799,0.084958,-0.051151,-0.0061754,8.6136
2.0835,2.0799,0.084957,-0.051145,-0.0063595,8.6068
2.0835,2.0799,0.084957,-0.051135,-0.0065506,8.6176
2.0836,2.0799,0.084957,-0.051124,-0.0067453,8.6123
2.0836,2.0799,0.084956,-0.05112,-0.0069426,8.5998
2.0837,2.0799,0.084956,-0.051112,-0.0071432,8.6027
2.0837,2.0799,0.084956,-0.051108,-0.0073401,8.6091
2.0838,2.0799,0.084955,-0.051103,-0.0075396,8.6017
2.0838,2.0799,0.084955,-0.051083,-0.0077382,8.6012
2.0839,2.0799,0.084954,-0.051056,-0.0079427,8.6149
2.0839,2.0798,0.084954,-0.051035,-0.008151,8.6031
2.084,2.0798,0.084953,-0.051016,-0.0083668,8.5984
2.0841,2.0798,0.084953,-0.050997,-0.0085952,8.6058
2.0841,2.0798,0.084952,-0.050967,-0.0088345,8.6032
2.0842,2.0798,0.084952,-0.050941,-0.0090761,8.5942
2.0842,2.0798,0.084952,-0.050913,-0.0093189,8.6049
2.0843,2.0798,0.084951,-0.050873,-0.0095596,8.6097
2.0843,2.0798,0.084951,-0.050828,-0.0098015,8.6035
2.0844,2.0798,0.08495,-0.050787,-0.01004,8.6104
2.0844,2.0798,0.084949,-0.050749,-0.01028,8.6158
2.0845,2.0798,0.084949,-0.0507,-0.010523,8.6132
2.0845,2.0798,0.084948,-0.050656,-0.010771,8.6131
2.0846,2.0798,0.084948,-0.050627,-0.011025,8.6173
2.0846,2.0798,0.084947,-0.050613,-0.011282,8.6091
2.0847,2.0798,0.084947,-0.050619,-0.011545,8.605
2.0847,2.0798,0.084946,-0.050631,-0.011806,8.6199
2.0848,2.0798,0.084945,-0.050652,-0.012067,8.6184
2.0848,2.0798,0.084945,-0.050667,-0.012325,8.6131
2.0849,2.0798,0.084944,-0.050663,-0.012574,8.6225
2.0849,2.0798,0.084943,-0.050644,-0.012825,8.6221
2.085,2.0798,0.084943,-0.050608,-0.013073,8.614
2.0851,2.0798,0.084942,-0.050562,-0.013323,8.6176
2.0851,2.0798,0.084941,-0.05051,-0.013579,8.6117
2.0852,2.0798,0.08494,-0.050451,-0.01384,8.5953
2.0852,2.0798,0.08494,-0.050396,-0.014105,8.5963
2.0853,2.0798,0.084939,-0.050334,-0.014374,8.606
2.0853,2.0798,0.084938,-0.050269,-0.014641,8.6021
2.0854,2.0798,0.084937,-0.050203,-0.014909,8.6091
2.0854,2.0798,0.084937,-0.050138,-0.015175,8.6145
2.0855,2.0798,0.084936,-0.050072,-0.015443,8.6053
2.0855,2.0798,0.084935,-0.050006,-0.015715,8.606
2.0856,2.0798,0.084934,-0.049941,-0.015993,8.6095
2.0856,2.0798,0.084933,-0.049879,-0.016273,8.6034
2.0857,2.0798,0.084932,-0.04981,-0.016557,8.5962
2.0857,2.0798,0.084932,-0.049736,-0.016839,8.6098
2.0858,2.0798,0.084931,-0.049662,-0.017122,8.6157
2.0858,2.0798,0.08493,-0.04959,-0.017405,8.6048
2.0859,2.0797,0.084929,-0.049514,-0.017691,8.6166
2.0859,2.0797,0.084928,-0.04943,-0.017975,8.6258
2.086,2.0797,0.084927,-0.049341,-0.018257,8.6176
2.0861,2.0797,0.084926,-0.049248,-0.018533,8.6231
2.0861,2.0797,0.084925,-0.049153,-0.0188,8.629
2.0862,2.0797,0.084924,-0.049054,-0.019063,8.6234
2.0862,2.0797,0.084923,-0.048966,-0.019325,8.6219
2.0863,2.0797,0.084922,-0.048892,-0.01959,8.635
2.0863,2.0797,0.084921,-0.048821,-0.019863,8.6354
2.0864,2.0797,0.08492,-0.04875,-0.020142,8.6319
2.0864,2.0797,0.084919,-0.048678,-0.020421,8.6431
2.0865,2.0797,0.084918,-0.048602,-0.0207,8.6386
2.0865,2.0797,0.084916,-0.04852,-0.02097,8.624
2.0866,2.0797,0.084915,-0.048424,-0.021239,8.6235
2.0866,2.0797,0.084914,-0.048341,-0.021503,8.6157
2.0867,2.0797,0.084913,-0.048263,-0.021763,8.6008
2.0867,2.0797,0.084912,-0.048189,-0.022019,8.5966
2.0868,2.0797,0.084911,-0.048117,-0.02227,8.6
2.0868,2.0797,0.08491,-0.048046,-0.022515,8.5839
2.0869,2.0797,0.084908,-0.047968,-0.02276,8.5901
2.0869,2.0797,0.084907,-0.047878,-0.023004,8.5931
2.087,2.0797,0.084906,-0.047783,-0.023254,8.5895
2.0871,2.0797,0.084905,-0.047697,-0.023507,8.5821
2.0871,2.0797,0.084903,-0.047613,-0.023761,8.5926
2.0872,2.0797,0.084902,-0.047536,-0.024014,8.5859
2.0872,2.0797,0.084901,-0.047457,-0.024262,8.5767
2.0873,2.0797,0.0849,-0.047381,-0.024508,8.5872
2.0873,2.0797,0.084898,-0.047294,-0.024751,8.5851
2.0874,2.0797,0.084897,-0.047199,-0.02499,8.5828
2.0874,2.0797,0.084896,-0.047107,-0.025226,8.588
2.0875,2.0797,0.084894,-0.047016,-0.025458,8.5957
2.0875,2.0797,0.084893,-0.046928,-0.025687,8.5935
2.0876,2.0797,0.084892,-0.046842,-0.025912,8.5945
2.0876,2.0797,0.08489,-0.046764,-0.026132,8.5988
2.0877,2.0797,0.084889,-0.046695,-0.026349,8.5907
2.0877,2.0797,0.084887,-0.046623,-0.026562,8.5845
2.0878,2.0797,0.084886,-0.046564,-0.026771,8.5932
2.0878,2.0797,0.084885,-0.046501,-0.026976,8.5851
2.0879,2.0797,0.084883,-0.046431,-0.027178,8.5826
2.0879,2.0797,0.084882,-0.046347,-0.027373,8.5977
2.088,2.0796,0.08488,-0.046261,-0.02756,8.5942
2.0881,2.0796,0.084879,-0.046184,-0.027741,8.5827
2.0881,2.0796,0.084877,-0.046104,-0.027916,8.5919
2.0882,2.0796,0.084876,-0.04603,-0.028087,8.5971
2.0882,2.0796,0.084874,-0.045969,-0.028254,8.5803
2.0883,2.0796,0.084873,-0.045906,-0.028419,8.5757
2.0883,2.0796,0.084871,-0.045849,-0.028596,8.5815
2.0884,2.0796,0.08487,-0.045795,-0.028742,8.5722
2.0884,2.0796,0.084868,-0.045747,-0.028866,8.5718
2.0885,2.0796,0.084867,-0.0457,-0.02899,8.5764
2.0885,2.0796,0.084865,-0.045639,-0.029096,8.5722
2.0886,2.0796,0.084864,-0.045578,-0.029162,8.568
2.0886,2.0796,0.084862,-0.045488,-0.029224,8.5846
2.0887,2.0796,0.084861,-0.045382,-0.029277,8.5777
2.0887,2.0796,0.084859,-0.045271,-0.029312,8.5654
2.0888,2.0796,0.084858,-0.045164,-0.029319,8.5758
2.0888,2.0796,0.084856,-0.045049,-0.029322,8.5849
2.0889,2.0796,0.084855,-0.044951,-0.029394,8.5847
2.0889,2.0796,0.084853,-0.044868,-0.029506,8.595
2.089,2.0796,0.084851,-0.044807,-0.02964,8.602
2.0891,2.0796,0.08485,-0.044746,-0.029816,8.5965
2.0891,2.0796,0.084848,-0.044688,-0.030007,8.6057
2.0892,2.0796,0.084847,-0.044626,-0.030141,8.6152
2.0892,2.0796,0.084845,-0.04456,-0.030234,8.5983
2.0893,2.0796,0.084843,-0.044492,-0.030285,8.597
2.0893,2.0796,0.084842,-0.044423,-0.030342,8.6098
2.0894,2.0796,0.08484,-0.044363,-0.030376,8.6028
2.0894,2.0796,0.084839,-0.044303,-0.030435,8.5969
2.0895,2.0796,0.084837,-0.04424,-0.03052,8.6128
2.0895,2.0796,0.084835,-0.04417,-0.030618,8.6202
2.0896,2.0796,0.084834,-0.044099,-0.03071,8.6117
2.0896,2.0796,0.084832,-0.044027,-0.030823,8.6155
2.0897,2.0796,0.084831,-0.043954,-0.030979,8.611
2.0897,2.0796,0.084829,-0.043878,-0.031148,8.6041
2.0898,2.0796,0.084827,-0.043815,-0.031283,8.6111
2.0898,2.0796,0.084826,-0.043762,-0.031442,8.6166
2.0899,2.0796,0.084824,-0.043723,-0.03157,8.6028
2.0899,2.0796,0.084822,-0.043699,-0.031676,8.6057
2.09,2.0796,0.084821,-0.043696,-0.031771,8.6215
2.0901,2.0796,0.084819,-0.0437,-0.031858,8.6198
2.0901,2.0796,0.084817,-0.043697,-0.031946,8.6167
2.0902,2.0796,0.084816,-0.043696,-0.031994,8.6286
2.0902,2.0796,0.084814,-0.043697,-0.032009,8.6213
2.0903,2.0795,0.084812,-0.043699,-0.032055,8.6179
2.0903,2.0795,0.084811,-0.043703,-0.032084,8.6273
2.0904,2.0795,0.084809,-0.043709,-0.032159,8.6295
2.0904,2.0795,0.084807,-0.043721,-0.032248,8.6239
2.0905,2.0795,0.084805,-0.043735,-0.032329,8.6373
2.0905,2.0795,0.084804,-0.043742,-0.032382,8.6489
2.0906,2.0795,0.084802,-0.04373,-0.032384,8.6374
2.0906,2.0795,0.0848,-0.043695,-0.032358,8.6418
2.0907,2.0795,0.084799,-0.043641,-0.032321,8.656
2.0907,2.0795,0.084797,-0.043578,-0.032249,8.6477
2.0908,2.0795,0.084795,-0.043526,-0.032183,8.6448
2.0908,2.0795,0.084794,-0.043497,-0.032107,8.6476
2.0909,2.0795,0.084792,-0.043493,-0.032006,8.6482
2.0909,2.0795,0.08479,-0.043513,-0.031906,8.6417
2.091,2.0795,0.084789,-0.043553,-0.031823,8.6533
2.0911,2.0795,0.084787,-0.043589,-0.03177,8.6554
2.0911,2.0795,0.084785,-0.043618,-0.031753,8.6449
2.0912,2.0795,0.084784,-0.043645,-0.03177,8.6537
2.0912,2.0795,0.084782,-0.043663,-0.031812,8.6487
2.0913,2.0795,0.08478,-0.043674,-0.031864,8.6393
2.0913,2.0795,0.084778,-0.04368,-0.031899,8.6465
2.0914,2.0795,0.084777,-0.043677,-0.031934,8.6494
2.0914,2.0795,0.084775,-0.043677,-0.031981,8.6378
2.0915,2.0795,0.084773,-0.043674,-0.032002,8.6472
2.0915,2.0795,0.084772,-0.043688,-0.03202,8.6573
2.0916,2.0795,0.08477,-0.043725,-0.032018,8.6555
2.0916,2.0795,0.084768,-0.043772,-0.031987,8.6529
2.0917,2.0795,0.084767,-0.043828,-0.03191,8.6682
2.0917,2.0795,0.084765,-0.043877,-0.031832,8.657
2.0918,2.0795,0.084763,-0.043912,-0.031757,8.6477
2.0918,2.0795,0.084762,-0.04393,-0.031679,8.6581
2.0919,2.0795,0.08476,-0.043942,-0.031596,8.6533
2.0919,2.0795,0.084758,-0.043951,-0.03157,8.6465
2.092,2.0795,0.084757,-0.043961,-0.031563,8.6588
2.0921,2.0795,0.084755,-0.043977,-0.031542,8.6632
2.0921,2.0795,0.084753,-0.043991,-0.031509,8.6594
2.0922,2.0795,0.084752,-0.043994,-0.031507,8.6563
2.0922,2.0795,0.08475,-0.04399,-0.031531,8.6654
2.0923,2.0795,0.084748,-0.043968,-0.031546,8.6478
2.0923,2.0795,0.084747,-0.043935,-0.031563,8.651
2.0924,2.0795,0.084745,-0.043893,-0.031574,8.6504
2.0924,2.0795,0.084743,-0.04385,-0.031562,8.6421
2.0925,2.0795,0.084742,-0.043811,-0.031527,8.6343
2.0925,2.0794,0.08474,-0.043775,-0.031504,8.644
2.0926,2.0794,0.084738,-0.043742,-0.031515,8.6481
2.0926,2.0794,0.084737,-0.043715,-0.031592,8.6362
2.0927,2.0794,0.084735,-0.043695,-0.031672,8.644
2.0927,2.0794,0.084733,-0.04368,-0.031746,8.6429
2.0928,2.0794,0.084732,-0.043666,-0.031811,8.6323
2.0928,2.0794,0.08473,-0.043644,-0.031847,8.6331
2.0929,2.0794,0.084728,-0.043624,-0.03187,8.6384
2.0929,2.0794,0.084727,-0.043617,-0.031894,8.6271
2.093,2.0794,0.084725,-0.043614,-0.031934,8.6328
2.0931,2.0794,0.084723,-0.043621,-0.032001,8.6398
2.0931,2.0794,0.084722,-0.04363,-0.032064,8.6393
2.0932,2.0794,0.08472,-0.043639,-0.032143,8.6286
2.0932,2.0794,0.084718,-0.043638,-0.032244,8.6406
2.0933,2.0794,0.084717,-0.043617,-0.032343,8.6317
2.0933,2.0794,0.084715,-0.043595,-0.032415,8.6234
2.0934,2.0794,0.084713,-0.04358,-0.032468,8.631
2.0934,2.0794,0.084711,-0.043567,-0.032525,8.6283
2.0935,2.0794,0.08471,-0.043567,-0.032568,8.6185
2.0935,2.0794,0.084708,-0.04357,-0.032575,8.6315
2.0936,2.0794,0.084706,-0.04358,-0.032566,8.6394
2.0936,2.0794,0.084705,-0.043605,-0.032564,8.6331
2.0937,2.0794,0.084703,-0.043629,-0.032588,8.6301
2.0937,2.0794,0.084701,-0.043663,-0.032628,8.6351
2.0938,2.0794,0.084699,-0.0437,-0.032673,8.6243
2.0938,2.0794,0.084698,-0.043731,-0.032742,8.623
2.0939,2.0794,0.084696,-0.043738,-0.032811,8.6306
2.0939,2.0794,0.084694,-0.043727,-0.032875,8.6211
2.094,2.0794,0.084693,-0.043705,-0.03292,8.6225
2.0941,2.0794,0.084691,-0.043693,-0.032958,8.6306
2.0941,2.0794,0.084689,-0.043692,-0.033018,8.6264
2.0942,2.0794,0.084687,-0.043718,-0.033088,8.6186
2.0942,2.0794,0.084686,-0.043762,-0.033107,8.6355
2.0943,2.0794,0.084684,-0.043813,-0.033111,8.6337
2.0943,2.0794,0.084682,-0.043857,-0.033136,8.6257
2.0944,2.0794,0.08468,-0.043901,-0.033163,8.6353
2.0944,2.0794,0.084679,-0.043951,-0.033189,8.6403
2.0945,2.0794,0.084677,-0.043993,-0.033225,8.6249
2.0945,2.0794,0.084675,-0.044028,-0.033259,8.6277
2.0946,2.0794,0.084673,-0.044055,-0.033295,8.6445
2.0946,2.0794,0.084672,-0.044064,-0.033292,8.6354
2.0947,2.0794,0.08467,-0.04406,-0.033307,8.6361
2.0947,2.0794,0.084668,-0.044048,-0.033343,8.6428
2.0948,2.0793,0.084666,-0.044037,-0.033365,8.6325
2.0948,2.0793,0.084665,-0.044033,-0.033398,8.624
2.0949,2.0793,0.084663,-0.04403,-0.0334,8.6313
2.0949,2.0793,0.084661,-0.044028,-0.033395,8.6349
2.095,2.0793,0.084659,-0.044026,-0.033396,8.6275
2.0951,2.0793,0.084658,-0.044019,-0.033397,8.6407
2.0951,2.0793,0.084656,-0.044012,-0.03346,8.6463
2.0952,2.0793,0.084654,-0.044005,-0.033535,8.6519
2.0952,2.0793,0.084652,-0.043997,-0.033638,8.6514
2.0953,2.0793,0.08465,-0.043988,-0.03374,8.6653
2.0953,2.0793,0.084649,-0.043975,-0.033815,8.6615
2.0954,2.0793,0.084647,-0.04396,-0.033881,8.6556
2.0954,2.0793,0.084645,-0.043943,-0.033905,8.6666
2.0955,2.0793,0.084643,-0.043926,-0.033913,8.6612
2.0955,2.0793,0.084642,-0.043907,-0.033923,8.6573
2.0956,2.0793,0.08464,-0.043888,-0.033915,8.6687
2.0956,2.0793,0.084638,-0.043869,-0.033913,8.6686
2.0957,2.0793,0.084636,-0.043855,-0.033941,8.6651
2.0957,2.0793,0.084634,-0.043833,-0.033992,8.6787
2.0958,2.0793,0.084633,-0.043805,-0.034057,8.6821
2.0958,2.0793,0.084631,-0.043785,-0.034129,8.6693
2.0959,2.0793,0.084629,-0.043773,-0.0342,8.6736
2.0959,2.0793,0.084627,-0.043769,-0.03425,8.6745
2.096,2.0793,0.084625,-0.043777,-0.034311,8.6714
2.0961,2.0793,0.084624,-0.043791,-0.034354,8.6764
2.0961,2.0793,0.084622,-0.043804,-0.03445,8.6803
2.0962,2.0793,0.08462,-0.043802,-0.034568,8.6778
2.0962,2.0793,0.084618,-0.043788,-0.034693,8.6763
2.0963,2.0793,0.084616,-0.043768,-0.034812,8.6836
2.0963,2.0793,0.084614,-0.043743,-0.034912,8.6787
2.0964,2.0793,0.084613,-0.043715,-0.034981,8.6695
2.0964,2.0793,0.084611,-0.043689,-0.035036,8.6715
2.0965,2.0793,0.084609,-0.043663,-0.035096,8.6619
2.0965,2.0793,0.084607,-0.043636,-0.035191,8.6537
2.0966,2.0793,0.084605,-0.043609,-0.035299,8.6549
2.0966,2.0793,0.084603,-0.043582,-0.035412,8.6649
2.0967,2.0793,0.084602,-0.043554,-0.035522,8.664
2.0967,2.0793,0.0846,-0.043525,-0.035624,8.6623
2.0968,2.0793,0.084598,-0.043494,-0.035712,8.6698
2.0968,2.0793,0.084596,-0.043464,-0.035778,8.6542
2.0969,2.0793,0.084594,-0.043435,-0.035863,8.6572
2.0969,2.0793,0.084592,-0.043422,-0.035951,8.6635
2.097,2.0793,0.08459,-0.043412,-0.036042,8.6607
2.0971,2.0793,0.084588,-0.043403,-0.036136,8.6569
2.0971,2.0792,0.084586,-0.043389,-0.036219,8.6696
2.0972,2.0792,0.084584,-0.043373,-0.036329,8.667
2.0972,2.0792,0.084583,-0.043346,-0.036444,8.6627
2.0973,2.0792,0.084581,-0.043319,-0.036581,8.6748
2.0973,2.0792,0.084579,-0.043293,-0.036764,8.6752
2.0974,2.0792,0.084577,-0.043277,-0.036955,8.6674
2.0974,2.0792,0.084575,-0.043258,-0.037157,8.6655
2.0975,2.0792,0.084573,-0.043237,-0.037367,8.6644
2.0975,2.0792,0.084571,-0.043215,-0.037574,8.6483
2.0976,2.0792,0.084569,-0.043185,-0.037819,8.6486
2.0976,2.0792,0.084567,-0.043144,-0.038045,8.6548
2.0977,2.0792,0.084565,-0.043107,-0.038244,8.6446
2.0977,2.0792,0.084563,-0.043054,-0.038451,8.6406
2.0978,2.0792,0.084561,-0.043004,-0.038603,8.6501
2.0978,2.0792,0.084559,-0.042959,-0.038737,8.6406
2.0979,2.0792,0.084557,-0.042927,-0.038874,8.6277
2.0979,2.0792,0.084555,-0.042898,-0.039035,8.6332
2.098,2.0792,0.084553,-0.04286,-0.039235,8.6245
2.0981,2.0792,0.084551,-0.042826,-0.039455,8.6186
2.0981,2.0792,0.084548,-0.042784,-0.039673,8.6192
2.0982,2.0792,0.084546,-0.042728,-0.039926,8.6179
2.0982,2.0792,0.084544,-0.042673,-0.040147,8.6128
2.0983,2.0792,0.084542,-0.04261,-0.040307,8.6144
2.0983,2.0792,0.08454,-0.042541,-0.040457,8.6256
2.0984,2.0792,0.084538,-0.042463,-0.040608,8.6149
2.0984,2.0792,0.084536,-0.042381,-0.040748,8.614
2.0985,2.0792,0.084534,-0.042309,-0.040934,8.6141
2.0985,2.0792,0.084531,-0.042234,-0.041162,8.6068
2.0986,2.0792,0.084529,-0.042189,-0.041435,8.5972
2.0986,2.0792,0.084527,-0.04216,-0.041705,8.6045
2.0987,2.0792,0.084525,-0.042139,-0.041948,8.608
2.0987,2.0792,0.084523,-0.042118,-0.042172,8.6014
2.0988,2.0792,0.08452,-0.042108,-0.042368,8.6128
2.0988,2.0792,0.084518,-0.042084,-0.042532,8.6144
2.0989,2.0792,0.084516,-0.042046,-0.042708,8.6054
2.0989,2.0792,0.084514,-0.041988,-0.042887,8.6119
2.099,2.0792,0.084511,-0.041934,-0.043081,8.6136
2.0991,2.0792,0.084509,-0.041878,-0.043272,8.5954
2.0991,2.0792,0.084507,-0.041823,-0.043504,8.5973
2.0992,2.0792,0.084504,-0.041774,-0.043728,8.604
2.0992,2.0792,0.084502,-0.041733,-0.043971,8.5958
2.0993,2.0792,0.0845,-0.041699,-0.044197,8.5932
2.0993,2.0792,0.084497,-0.041655,-0.044383,8.6091
2.0994,2.0792,0.084495,-0.041611,-0.044501,8.5995
2.0994,2.0791,0.084493,-0.041564,-0.04457,8.5859
2.0995,2.0791,0.08449,-0.041514,-0.044604,8.5892
2.0995,2.0791,0.084488,-0.04146,-0.044665,8.5844
2.0996,2.0791,0.084486,-0.041406,-0.044762,8.5765
2.0996,2.0791,0.084483,-0.041354,-0.044908,8.5826
2.0997,2.0791,0.084481,-0.041315,-0.045077,8.5884
2.0997,2.0791,0.084479,-0.041273,-0.045252,8.5833
2.0998,2.0791,0.084476,-0.041235,-0.045417,8.5905
2.0998,2.0791,0.084474,-0.041196,-0.045545,8.5966
2.0999,2.0791,0.084471,-0.041151,-0.045658,8.5968
2.0999,2.0791,0.084469,-0.041098,-0.045728,8.602
2.1,2.0791,0.084467,-0.041042,-0.04577,8.6045
2.1001,2.0791,0.084464,-0.040988,-0.045793,8.6031
2.1001,2.0791,0.084462,-0.040935,-0.045836,8.5966
2.1002,2.0791,0.084459,-0.040877,-0.04589,8.6133
2.1002,2.0791,0.084457,-0.040818,-0.045946,8.6092
2.1003,2.0791,0.084455,-0.040754,-0.045952,8.6116
2.1003,2.0791,0.084452,-0.040685,-0.045947,8.6181
2.1004,2.0791,0.08445,-0.040611,-0.045917,8.6198
2.1004,2.0791,0.084447,-0.04054,-0.045899,8.6102
2.1005,2.0791,0.084445,-0.040482,-0.045922,8.6129
2.1005,2.0791,0.084442,-0.040443,-0.045983,8.6156
2.1006,2.0791,0.08444,-0.040419,-0.046035,8.6069
2.1006,2.0791,0.084438,-0.040418,-0.046032,8.6015
2.1007,2.0791,0.084435,-0.040424,-0.045978,8.6117
2.1007,2.0791,0.084433,-0.040425,-0.045905,8.6009
2.1008,2.0791,0.08443,-0.040411,-0.045837,8.6058
2.1008,2.0791,0.084428,-0.040383,-0.045802,8.6142
2.1009,2.0791,0.084426,-0.040342,-0.045817,8.6099
2.1009,2.0791,0.084423,-0.040287,-0.045849,8.6031
2.101,2.0791,0.084421,-0.040238,-0.045884,8.6116
2.1011,2.0791,0.084418,-0.040199,-0.045915,8.6079
2.1011,2.0791,0.084416,-0.040159,-0.045928,8.5956
2.1012,2.0791,0.084413,-0.040129,-0.045905,8.6035
2.1012,2.0791,0.084411,-0.040099,-0.045839,8.6049
2.1013,2.0791,0.084409,-0.040075,-0.045719,8.6027
2.1013,2.0791,0.084406,-0.040057,-0.045571,8.6082
2.1014,2.0791,0.084404,-0.040038,-0.045408,8.6139
2.1014,2.0791,0.084401,-0.040028,-0.045293,8.6103
2.1015,2.0791,0.084399,-0.04001,-0.045233,8.6149
2.1015,2.0791,0.084397,-0.039972,-0.045222,8.619
2.1016,2.0791,0.084394,-0.039932,-0.045261,8.6099
2.1016,2.0791,0.084392,-0.039882,-0.045349,8.6058
2.1017,2.0791,0.08439,-0.039835,-0.045421,8.6163
2.1017,2.0791,0.084387,-0.039798,-0.045489,8.6111
2.1018,2.0791,0.084385,-0.039761,-0.045563,8.6038
2.1018,2.0791,0.084382,-0.03973,-0.045642,8.6196
2.1019,2.079,0.08438,-0.039694,-0.045669,8.6222
2.1019,2.079,0.084378,-0.039645,-0.045678,8.6028
2.102,2.079,0.084375,-0.039589,-0.045706,8.6093
2.1021,2.079,0.084373,-0.039532,-0.045744,8.6141
2.1021,2.079,0.08437,-0.039481,-0.04575,8.6001
2.1022,2.079,0.084368,-0.039445,-0.045726,8.6027
2.1022,2.079,0.084366,-0.039421,-0.045712,8.6075
2.1023,2.079,0.084363,-0.039416,-0.045693,8.5971
2.1023,2.079,0.084361,-0.039425,-0.045686,8.5968
2.1024,2.079,0.084358,-0.03944,-0.045692,8.6106
2.1024,2.079,0.084356,-0.039456,-0.045724,8.6127
2.1025,2.079,0.084353,-0.039475,-0.045738,8.6058
2.1025,2.079,0.084351,-0.039496,-0.045711,8.618
2.1026,2.079,0.084349,-0.039522,-0.04561,8.6139
2.1026,2.079,0.084346,-0.039547,-0.045497,8.6036
2.1027,2.079,0.084344,-0.039572,-0.045384,8.6121
2.1027,2.079,0.084342,-0.039603,-0.045273,8.6147
2.1028,2.079,0.084339,-0.039641,-0.045181,8.6093
2.1028,2.079,0.084337,-0.039674,-0.045106,8.6216
2.1029,2.079,0.084334,-0.039694,-0.045028,8.6333
2.1029,2.079,0.084332,-0.039711,-0.044931,8.6273
2.103,2.079,0.08433,-0.039715,-0.0448,8.6327
2.1031,2.079,0.084327,-0.039728,-0.04467,8.6436
2.1031,2.079,0.084325,-0.039746,-0.044513,8.632
2.1032,2.079,0.084323,-0.039779,-0.044321,8.6223
2.1032,2.079,0.08432,-0.039829,-0.044118,8.6225
2.1033,2.079,0.084318,-0.03989,-0.043937,8.6083
2.1033,2.079,0.084316,-0.03995,-0.043769,8.6043
2.1034,2.079,0.084313,-0.040002,-0.043588,8.6064
2.1034,2.079,0.084311,-0.04004,-0.043415,8.606
2.1035,2.079,0.084309,-0.040088,-0.043278,8.5945
2.1035,2.079,0.084307,-0.040135,-0.043158,8.5994
2.1036,2.079,0.084304,-0.04018,-0.043034,8.5878
2.1036,2.079,0.084302,-0.040221,-0.042883,8.5783
2.1037,2.079,0.0843,-0.040264,-0.042724,8.5715
2.1037,2.079,0.084298,-0.040306,-0.042555,8.5814
2.1038,2.079,0.084295,-0.040355,-0.042355,8.5728
2.1038,2.079,0.084293,-0.040423,-0.042151,8.5736
2.1039,2.079,0.084291,-0.040511,-0.041941,8.5927
2.1039,2.079,0.084289,-0.040611,-0.041748,8.582
2.104,2.079,0.084287,-0.040702,-0.041559,8.5818
2.1041,2.079,0.084284,-0.040769,-0.041346,8.5911
2.1041,2.079,0.084282,-0.040804,-0.041121,8.5851
2.1042,2.079,0.08428,-0.04082,-0.040941,8.5814
2.1042,2.079,0.084278,-0.040828,-0.040775,8.5888
2.1043,2.079,0.084276,-0.040832,-0.040589,8.5883
2.1043,2.079,0.084274,-0.040834,-0.0404,8.5815
2.1044,2.079,0.084271,-0.040831,-0.040211,8.5891
2.1044,2.0789,0.084269,-0.040835,-0.040012,8.5968
2.1045,2.0789,0.084267,-0.040845,-0.039813,8.59
2.1045,2.0789,0.084265,-0.040863,-0.039611,8.5873
2.1046,2.0789,0.084263,-0.040897,-0.039451,8.5955
2.1046,2.0789,0.084261,-0.04094,-0.039275,8.5912
2.1047,2.0789,0.084259,-0.040987,-0.039079,8.5801
2.1047,2.0789,0.084257,-0.041032,-0.038914,8.5917
2.1048,2.0789,0.084255,-0.041072,-0.038716,8.5886
2.1048,2.0789,0.084253,-0.041113,-0.038536,8.5765
2.1049,2.0789,0.084251,-0.041148,-0.038359,8.583
2.1049,2.0789,0.084249,-0.041178,-0.038182,8.5824
2.105,2.0789,0.084247,-0.041206,-0.038017,8.5732
2.1051,2.0789,0.084245,-0.041231,-0.037804,8.5774
2.1051,2.0789,0.084243,-0.041255,-0.037598,8.5797
2.1052,2.0789,0.084241,-0.041282,-0.037386,8.5726
2.1052,2.0789,0.084239,-0.041308,-0.037157,8.5758
2.1053,2.0789,0.084237,-0.041333,-0.036966,8.5699
2.1053,2.0789,0.084235,-0.04135,-0.03676,8.5654
2.1054,2.0789,0.084233,-0.04136,-0.036598,8.5762
2.1054,2.0789,0.084231,-0.041363,-0.036424,8.5905
2.1055,2.0789,0.084229,-0.041363,-0.036239,8.5876
2.1055,2.0789,0.084227,-0.04136,-0.036078,8.5839
2.1056,2.0789,0.084226,-0.041359,-0.035932,8.5951
2.1056,2.0789,0.084224,-0.041355,-0.035804,8.5917
2.1057,2.0789,0.084222,-0.041357,-0.035672,8.5961
2.1057,2.0789,0.08422,-0.041361,-0.03552,8.5975
2.1058,2.0789,0.084218,-0.041358,-0.035381,8.5938
2.1058,2.0789,0.084216,-0.041352,-0.035245,8.5931
2.1059,2.0789,0.084214,-0.041341,-0.035133,8.6058
2.1059,2.0789,0.084213,-0.04132,-0.034989,8.6158
2.106,2.0789,0.084211,-0.041289,-0.034863,8.6097
2.1061,2.0789,0.084209,-0.041259,-0.034706,8.6092
2.1061,2.0789,0.084207,-0.041241,-0.034519,8.6176
2.1062,2.0789,0.084205,-0.041227,-0.034359,8.6167
2.1062,2.0789,0.084203,-0.041214,-0.034209,8.6092
2.1063,2.0789,0.084202,-0.041208,-0.034119,8.6143
2.1063,2.0789,0.0842,-0.0412,-0.034042,8.612
2.1064,2.0789,0.084198,-0.041189,-0.033968,8.6034
2.1064,2.0789,0.084196,-0.041177,-0.033873,8.615
2.1065,2.0789,0.084194,-0.041168,-0.033746,8.6103
2.1065,2.0789,0.084193,-0.041157,-0.03363,8.6043
2.1066,2.0789,0.084191,-0.041146,-0.033553,8.61
2.1066,2.0789,0.084189,-0.041139,-0.03349,8.6124
2.1067,2.0789,0.084187,-0.041128,-0.033477,8.602
2.1067,2.0789,0.084186,-0.04112,-0.033489,8.6033
2.1068,2.0789,0.084184,-0.041123,-0.033556,8.6201
2.1068,2.0788,0.084182,-0.041132,-0.033599,8.6089
2.1069,2.0788,0.08418,-0.041124,-0.033649,8.62
2.1069,2.0788,0.084179,-0.041105,-0.033722,8.6349
2.107,2.0788,0.084177,-0.041085,-0.033773,8.633
2.1071,2.0788,0.084175,-0.041061,-0.033827,8.6327
2.1071,2.0788,0.084173,-0.041034,-0.033868,8.6433
2.1072,2.0788,0.084171,-0.04101,-0.033887,8.6416
2.1072,2.0788,0.08417,-0.040993,-0.033882,8.6353
2.1073,2.0788,0.084168,-0.040982,-0.033841,8.6388
2.1073,2.0788,0.084166,-0.040967,-0.033812,8.6407
2.1074,2.0788,0.084164,-0.040961,-0.033806,8.6265
2.1074,2.0788,0.084163,-0.040958,-0.033802,8.6405
2.1075,2.0788,0.084161,-0.040955,-0.033791,8.6431
2.1075,2.0788,0.084159,-0.040956,-0.033744,8.6395
2.1076,2.0788,0.084157,-0.040953,-0.033701,8.6407
2.1076,2.0788,0.084155,-0.040948,-0.033653,8.6503
2.1077,2.0788,0.084154,-0.040945,-0.033582,8.6382
2.1077,2.0788,0.084152,-0.040948,-0.033569,8.6318
2.1078,2.0788,0.08415,-0.040947,-0.033596,8.6416
2.1078,2.0788,0.084148,-0.04094,-0.033658,8.64
2.1079,2.0788,0.084147,-0.040927,-0.033712,8.6248
2.1079,2.0788,0.084145,-0.040905,-0.033733,8.6388
2.108,2.0788,0.084143,-0.040877,-0.033728,8.641
2.1081,2.0788,0.084141,-0.040849,-0.033643,8.6381
2.1081,2.0788,0.08414,-0.04082,-0.033485,8.6437
2.1082,2.0788,0.084138,-0.040792,-0.033358,8.6516
2.1082,2.0788,0.084136,-0.040757,-0.033279,8.6432
2.1083,2.0788,0.084134,-0.040719,-0.03324,8.6415
2.1083,2.0788,0.084133,-0.040679,-0.033241,8.6493
2.1084,2.0788,0.084131,-0.040634,-0.033239,8.6385
2.1084,2.0788,0.084129,-0.040586,-0.033179,8.6413
2.1085,2.0788,0.084127,-0.040543,-0.033076,8.6589
2.1085,2.0788,0.084126,-0.0405,-0.032927,8.6546
2.1086,2.0788,0.084124,-0.040456,-0.03281,8.6542
2.1086,2.0788,0.084122,-0.040405,-0.032745,8.6692
2.1087,2.0788,0.08412,-0.040352,-0.032743,8.6583
2.1087,2.0788,0.084119,-0.040298,-0.032774,8.6543
2.1088,2.0788,0.084117,-0.040251,-0.032796,8.6507
2.1088,2.0788,0.084115,-0.040197,-0.032809,8.6553
2.1089,2.0788,0.084113,-0.040149,-0.032847,8.6388
2.1089,2.0788,0.084112,-0.040104,-0.032874,8.6462
2.109,2.0788,0.08411,-0.040062,-0.03292,8.6481
2.1091,2.0788,0.084108,-0.040017,-0.032996,8.636
2.1091,2.0788,0.084107,-0.03997,-0.033118,8.6482
2.1092,2.0788,0.084105,-0.03991,-0.033247,8.6511
2.1092,2.0788,0.084103,-0.039852,-0.033357,8.6336
2.1093,2.0788,0.084101,-0.039782,-0.033467,8.6362
2.1093,2.0787,0.084099,-0.039715,-0.033589,8.639
2.1094,2.0787,0.084098,-0.039652,-0.033702,8.6324
2.1094,2.0787,0.084096,-0.039599,-0.03379,8.6205
2.1095,2.0787,0.084094,-0.039544,-0.033845,8.6345
2.1095,2.0787,0.084092,-0.039493,-0.033861,8.6368
2.1096,2.0787,0.084091,-0.039442,-0.033847,8.629
2.1096,2.0787,0.084089,-0.039392,-0.033808,8.6426
2.1097,2.0787,0.084087,-0.039339,-0.033742,8.6441
2.1097,2.0787,0.084085,-0.039282,-0.033709,8.6321
2.1098,2.0787,0.084083,-0.039219,-0.033727,8.6333
2.1098,2.0787,0.084082,-0.039151,-0.033768,8.6391
2.1099,2.0787,0.08408,-0.039072,-0.033854,8.6252
2.1099,2.0787,0.084078,-0.038994,-0.033947,8.629
2.11,2.0787,0.084076,-0.038923,-0.034079,8.6453
2.1101,2.0787,0.084075,-0.038845,-0.034193,8.6438
2.1101,2.0787,0.084073,-0.03876,-0.034281,8.6357
2.1102,2.0787,0.084071,-0.038665,-0.034386,8.6441
2.1102,2.0787,0.084069,-0.038561,-0.034538,8.6359
2.1103,2.0787,0.084067,-0.038463,-0.034675,8.6305
2.1103,2.0787,0.084065,-0.038372,-0.034852,8.6388
2.1104,2.0787,0.084064,-0.038287,-0.035015,8.6333
2.1104,2.0787,0.084062,-0.038212,-0.035152,8.621
2.1105,2.0787,0.08406,-0.038127,-0.035263,8.6313
2.1105,2.0787,0.084058,-0.038039,-0.035406,8.6288
2.1106,2.0787,0.084056,-0.037941,-0.035629,8.6202
2.1106,2.0787,0.084054,-0.037843,-0.035929,8.6278
2.1107,2.0787,0.084052,-0.037754,-0.036264,8.6324
2.1107,2.0787,0.08405,-0.037684,-0.036659,8.6252
2.1108,2.0787,0.084049,-0.037622,-0.037015,8.6222
2.1108,2.0787,0.084047,-0.03756,-0.037267,8.6265
2.1109,2.0787,0.084045,-0.037486,-0.037447,8.6218
2.1109,2.0787,0.084043,-0.037402,-0.037569,8.6154
2.111,2.0787,0.084041,-0.037304,-0.037643,8.6238
2.1111,2.0787,0.084039,-0.037196,-0.037699,8.6233
2.1111,2.0787,0.084037,-0.037083,-0.037775,8.6246
2.1112,2.0787,0.084035,-0.036981,-0.037911,8.64
2.1112,2.0787,0.084033,-0.036879,-0.038105,8.6407
2.1113,2.0787,0.084031,-0.036784,-0.038335,8.6296
2.1113,2.0787,0.084029,-0.036694,-0.038575,8.6368
2.1114,2.0787,0.084027,-0.036602,-0.038798,8.6349
2.1114,2.0787,0.084024,-0.036523,-0.038972,8.6228
2.1115,2.0787,0.084022,-0.036457,-0.039117,8.619
2.1115,2.0787,0.08402,-0.036404,-0.03924,8.6393
2.1116,2.0787,0.084018,-0.036359,-0.03936,8.6383
2.1116,2.0787,0.084016,-0.036305,-0.039501,8.6278
2.1117,2.0787,0.084014,-0.036255,-0.039651,8.6492
2.1117,2.0787,0.084012,-0.036205,-0.039804,8.6452
2.1118,2.0787,0.08401,-0.03614,-0.039965,8.6405
2.1118,2.0787,0.084008,-0.036086,-0.040126,8.6496
2.1119,2.0787,0.084006,-0.036053,-0.040287,8.6498
2.1119,2.0786,0.084004,-0.036038,-0.040446,8.6366
2.112,2.0786,0.084001,-0.036033,-0.040608,8.6457
2.1121,2.0786,0.083999,-0.036015,-0.040773,8.6575
2.1121,2.0786,0.083997,-0.036007,-0.040942,8.6564
2.1122,2.0786,0.083995,-0.036009,-0.041107,8.6547
2.1122,2.0786,0.083993,-0.036016,-0.041274,8.6666
2.1123,2.0786,0.083991,-0.036047,-0.041435,8.6527
2.1123,2.0786,0.083988,-0.036096,-0.041601,8.6578
2.1124,2.0786,0.083986,-0.036152,-0.041765,8.6648
2.1124,2.0786,0.083984,-0.03621,-0.041937,8.6633
2.1125,2.0786,0.083982,-0.03626,-0.042115,8.6637
2.1125,2.0786,0.08398,-0.036314,-0.04229,8.6738
2.1126,2.0786,0.083977,-0.036368,-0.042464,8.6743
2.1126,2.0786,0.083975,-0.036429,-0.042642,8.6689
2.1127,2.0786,0.083973,-0.036494,-0.042822,8.6788
2.1127,2.0786,0.083971,-0.03655,-0.043005,8.6772
2.1128,2.0786,0.083968,-0.036599,-0.043181,8.6678
2.1128,2.0786,0.083966,-0.036646,-0.043357,8.6704
2.1129,2.0786,0.083964,-0.036698,-0.043533,8.6685
2.1129,2.0786,0.083961,-0.03676,-0.043704,8.6563
2.113,2.0786,0.083959,-0.036811,-0.043874,8.655
2.1131,2.0786,0.083957,-0.03686,-0.044047,8.6687
2.1131,2.0786,0.083954,-0.036908,-0.044229,8.6633
2.1132,2.0786,0.083952,-0.036963,-0.044421,8.6543
2.1132,2.0786,0.08395,-0.03701,-0.044614,8.6663
2.1133,2.0786,0.083947,-0.037059,-0.044808,8.6674
2.1133,2.0786,0.083945,-0.037122,-0.045007,8.6579
2.1134,2.0786,0.083943,-0.037191,-0.045204,8.6597
2.1134,2.0786,0.08394,-0.037244,-0.045395,8.6558
2.1135,2.0786,0.083938,-0.037286,-0.04558,8.6444
2.1135,2.0786,0.083935,-0.037317,-0.045762,8.6507
2.1136,2.0786,0.083933,-0.037345,-0.045945,8.6592
2.1136,2.0786,0.083931,-0.037361,-0.04612,8.6501
2.1137,2.0786,0.083928,-0.037376,-0.046295,8.6493
2.1137,2.0786,0.083926,-0.037387,-0.046473,8.6552
2.1138,2.0786,0.083923,-0.037398,-0.046648,8.6532
2.1138,2.0786,0.083921,-0.037404,-0.046826,8.6511
2.1139,2.0786,0.083918,-0.037408,-0.047004,8.656
2.1139,2.0786,0.083916,-0.037412,-0.047179,8.6531
2.114,2.0786,0.083913,-0.037424,-0.047352,8.6424
2.1141,2.0786,0.083911,-0.037444,-0.04752,8.6607
2.1141,2.0786,0.083908,-0.037468,-0.047689,8.6681
2.1142,2.0786,0.083906,-0.037491,-0.047857,8.6595
2.1142,2.0786,0.083903,-0.037523,-0.048024,8.6621
2.1143,2.0786,0.083901,-0.037566,-0.04819,8.6653
2.1143,2.0786,0.083898,-0.037608,-0.048355,8.6555
2.1144,2.0786,0.083896,-0.037645,-0.048518,8.6533
2.1144,2.0786,0.083893,-0.037674,-0.04868,8.6516
2.1145,2.0786,0.083891,-0.037689,-0.04884,8.6341
2.1145,2.0786,0.083888,-0.037683,-0.048998,8.6252
2.1146,2.0786,0.083885,-0.037663,-0.049154,8.633
2.1146,2.0785,0.083883,-0.037635,-0.049308,8.62
2.1147,2.0785,0.08388,-0.037608,-0.049445,8.6174
2.1147,2.0785,0.083878,-0.037574,-0.049603,8.6264
2.1148,2.0785,0.083875,-0.037536,-0.049778,8.6241
2.1148,2.0785,0.083872,-0.037503,-0.049961,8.6153
2.1149,2.0785,0.08387,-0.037478,-0.050148,8.6167
2.1149,2.0785,0.083867,-0.037451,-0.050331,8.6197
2.115,2.0785,0.083864,-0.03741,-0.050503,8.6119
2.1151,2.0785,0.083862,-0.037362,-0.050655,8.6103
2.1151,2.0785,0.083859,-0.037306,-0.05078,8.614
2.1152,2.0785,0.083856,-0.037245,-0.050917,8.6085
2.1152,2.0785,0.083854,-0.037178,-0.051037,8.6114
2.1153,2.0785,0.083851,-0.037118,-0.051177,8.6209
2.1153,2.0785,0.083848,-0.037069,-0.051318,8.6087
2.1154,2.0785,0.083846,-0.037018,-0.051492,8.6064
2.1154,2.0785,0.083843,-0.036966,-0.051686,8.6112
2.1155,2.0785,0.08384,-0.036924,-0.051888,8.6062
2.1155,2.0785,0.083837,-0.036892,-0.052083,8.6058
2.1156,2.0785,0.083835,-0.03687,-0.052242,8.6185
2.1156,2.0785,0.083832,-0.036854,-0.052389,8.6137
2.1157,2.0785,0.083829,-0.036841,-0.052548,8.6051
2.1157,2.0785,0.083826,-0.036831,-0.052691,8.6235
2.1158,2.0785,0.083824,-0.036822,-0.052835,8.6218
2.1158,2.0785,0.083821,-0.036816,-0.052983,8.6072
2.1159,2.0785,0.083818,-0.036817,-0.05316,8.6129
2.1159,2.0785,0.083815,-0.036821,-0.053348,8.6149
2.116,2.0785,0.083812,-0.036825,-0.053525,8.5987
2.1161,2.0785,0.08381,-0.036825,-0.053716,8.5909
2.1161,2.0785,0.083807,-0.036824,-0.053877,8.5988
2.1162,2.0785,0.083804,-0.036826,-0.054037,8.5861
2.1162,2.0785,0.083801,-0.036833,-0.054158,8.5832
2.1163,2.0785,0.083798,-0.036848,-0.054303,8.5897
2.1163,2.0785,0.083795,-0.036866,-0.054468,8.5893
2.1164,2.0785,0.083792,-0.036886,-0.054663,8.5726
2.1164,2.0785,0.08379,-0.03691,-0.054868,8.5891
2.1165,2.0785,0.083787,-0.036942,-0.05506,8.582
2.1165,2.0785,0.083784,-0.036977,-0.055217,8.5766
2.1166,2.0785,0.083781,-0.037007,-0.055367,8.5818
2.1166,2.0785,0.083778,-0.03704,-0.05548,8.5897
2.1167,2.0785,0.083775,-0.037066,-0.055586,8.5819
2.1167,2.0785,0.083772,-0.037079,-0.055662,8.591
2.1168,2.0785,0.083769,-0.037078,-0.055748,8.6054
2.1168,2.0785,0.083766,-0.03709,-0.055828,8.5951
2.1169,2.0785,0.083763,-0.037114,-0.055886,8.6059
2.1169,2.0785,0.08376,-0.037138,-0.055966,8.6096
2.117,2.0785,0.083757,-0.037166,-0.056061,8.6083
2.1171,2.0785,0.083754,-0.037198,-0.05615,8.603
2.1171,2.0785,0.083751,-0.037222,-0.056262,8.6108
2.1172,2.0785,0.083748,-0.037244,-0.056385,8.606
2.1172,2.0785,0.083745,-0.037251,-0.056504,8.607
2.1173,2.0785,0.083742,-0.037256,-0.056603,8.6159
2.1173,2.0785,0.083739,-0.037264,-0.056666,8.6138
2.1174,2.0784,0.083737,-0.037274,-0.056712,8.6088
2.1174,2.0784,0.083734,-0.03729,-0.056762,8.6168
2.1175,2.0784,0.083731,-0.037297,-0.056801,8.6155
2.1175,2.0784,0.083728,-0.0373,-0.056843,8.5986
2.1176,2.0784,0.083725,-0.037302,-0.056912,8.6044
2.1176,2.0784,0.083722,-0.037295,-0.056993,8.6079
2.1177,2.0784,0.083719,-0.037282,-0.05707,8.5911
2.1177,2.0784,0.083716,-0.037283,-0.057126,8.5977
2.1178,2.0784,0.083713,-0.0373,-0.057146,8.6105
2.1178,2.0784,0.08371,-0.037324,-0.057146,8.6074
2.1179,2.0784,0.083707,-0.03735,-0.05713,8.5939
2.1179,2.0784,0.083704,-0.037375,-0.057109,8.6009
2.118,2.0784,0.083701,-0.037396,-0.057159,8.6002
2.1181,2.0784,0.083697,-0.037413,-0.057241,8.5981
2.1181,2.0784,0.083694,-0.037425,-0.057317,8.6008
2.1182,2.0784,0.083691,-0.037441,-0.057389,8.6053
2.1182,2.0784,0.083688,-0.037457,-0.057454,8.596
2.1183,2.0784,0.083685,-0.037464,-0.057499,8.6106
2.1183,2.0784,0.083682,-0.037461,-0.057557,8.6238
2.1184,2.0784,0.083679,-0.037454,-0.057643,8.6114
2.1184,2.0784,0.083676,-0.037442,-0.057778,8.6151
2.1185,2.0784,0.083673,-0.037432,-0.057924,8.6189
2.1185,2.0784,0.08367,-0.037424,-0.058055,8.6086
2.1186,2.0784,0.083667,-0.037421,-0.058186,8.6073
2.1186,2.0784,0.083664,-0.037425,-0.058319,8.6133
2.1187,2.0784,0.083661,-0.03744,-0.058452,8.6105
2.1187,2.0784,0.083658,-0.03746,-0.058604,8.602
2.1188,2.0784,0.083655,-0.037497,-0.058745,8.6089
2.1188,2.0784,0.083652,-0.037537,-0.058857,8.6161
2.1189,2.0784,0.083649,-0.037581,-0.058924,8.6075
2.1189,2.0784,0.083646,-0.037615,-0.05894,8.6148
2.119,2.0784,0.083642,-0.037642,-0.058908,8.6177
2.1191,2.0784,0.083639,-0.037667,-0.058836,8.609
2.1191,2.0784,0.083636,-0.037701,-0.058726,8.6054
2.1192,2.0784,0.083633,-0.03773,-0.058633,8.6059
2.1192,2.0784,0.08363,-0.037765,-0.058563,8.5998
2.1193,2.0784,0.083627,-0.037797,-0.058528,8.6025
2.1193,2.0784,0.083624,-0.037827,-0.058536,8.612
2.1194,2.0784,0.083621,-0.037853,-0.058584,8.6058
2.1194,2.0784,0.083618,-0.037879,-0.058663,8.6027
2.1195,2.0784,0.083615,-0.037902,-0.058753,8.6097
2.1195,2.0784,0.083612,-0.037922,-0.05883,8.609
2.1196,2.0784,0.083608,-0.037936,-0.058905,8.6022
2.1196,2.0784,0.083605,-0.037946,-0.058993,8.6096
2.1197,2.0784,0.083602,-0.037954,-0.05905,8.6138
2.1197,2.0784,0.083599,-0.03796,-0.059086,8.6056
2.1198,2.0784,0.083596,-0.037967,-0.059109,8.613
2.1198,2.0784,0.083593,-0.037972,-0.059129,8.6184
2.1199,2.0784,0.08359,-0.037974,-0.059174,8.6088
2.1199,2.0784,0.083587,-0.037975,-0.059208,8.6052
2.12,2.0783,0.083584,-0.03798,-0.059242,8.6103
2.1201,2.0783,0.08358,-0.037996,-0.059289,8.5994
2.1201,2.0783,0.083577,-0.038022,-0.059314,8.5926
2.1202,2.0783,0.083574,-0.038059,-0.059343,8.5932
2.1202,2.0783,0.083571,-0.038089,-0.059385,8.5942
2.1203,2.0783,0.083568,-0.038109,-0.059444,8.5802
2.1203,2.0783,0.083565,-0.03812,-0.059528,8.5925
2.1204,2.0783,0.083562,-0.03812,-0.059609,8.5917
2.1204,2.0783,0.083559,-0.038125,-0.059676,8.5869
2.1205,2.0783,0.083555,-0.038132,-0.059709,8.5928
2.1205,2.0783,0.083552,-0.038146,-0.059695,8.591
2.1206,2.0783,0.083549,-0.038164,-0.059632,8.5719
2.1206,2.0783,0.083546,-0.03817,-0.059523,8.5749
2.1207,2.0783,0.083543,-0.038161,-0.059356,8.5721
2.1207,2.0783,0.08354,-0.038145,-0.05918,8.5646
2.1208,2.0783,0.083537,-0.038129,-0.059027,8.5686
2.1208,2.0783,0.083534,-0.038127,-0.058936,8.5759
2.1209,2.0783,0.08353,-0.038133,-0.058903,8.5787
2.1209,2.0783,0.083527,-0.038155,-0.058919,8.5773
2.121,2.0783,0.083524,-0.038187,-0.058968,8.5907
2.1211,2.0783,0.083521,-0.038221,-0.059026,8.5858
2.1211,2.0783,0.083518,-0.038256,-0.059038,8.5756
2.1212,2.0783,0.083515,-0.038293,-0.05904,8.5822
2.1212,2.0783,0.083512,-0.038334,-0.059043,8.584
2.1213,2.0783,0.083509,-0.038376,-0.059097,8.5715
2.1213,2.0783,0.083506,-0.038423,-0.059189,8.5821
2.1214,2.0783,0.083502,-0.038461,-0.059328,8.5902
2.1214,2.0783,0.083499,-0.038491,-0.059479,8.5811
2.1215,2.0783,0.083496,-0.038514,-0.059608,8.5863
2.1215,2.0783,0.083493,-0.038536,-0.059662,8.5975
2.1216,2.0783,0.08349,-0.038571,-0.059682,8.5829
2.1216,2.0783,0.083487,-0.038604,-0.059704,8.5778
2.1217,2.0783,0.083484,-0.038633,-0.059724,8.5872
2.1217,2.0783,0.08348,-0.038672,-0.059732,8.5801
2.1218,2.0783,0.083477,-0.038697,-0.059776,8.5692
2.1218,2.0783,0.083474,-0.038707,-0.059819,8.5859
2.1219,2.0783,0.083471,-0.038711,-0.059841,8.5847
2.1219,2.0783,0.083468,-0.038715,-0.059825,8.577
2.122,2.0783,0.083465,-0.038741,-0.059794,8.5865
2.1221,2.0783,0.083462,-0.038759,-0.059763,8.5956
2.1221,2.0783,0.083458,-0.038774,-0.059708,8.5795
2.1222,2.0783,0.083455,-0.038782,-0.059625,8.576
2.1222,2.0783,0.083452,-0.038758,-0.059554,8.5826
2.1223,2.0783,0.083449,-0.038718,-0.05948,8.5784
2.1223,2.0783,0.083446,-0.038674,-0.059407,8.5851
2.1224,2.0783,0.083443,-0.038635,-0.059321,8.5974
2.1224,2.0783,0.08344,-0.038604,-0.059265,8.5914
2.1225,2.0783,0.083437,-0.03857,-0.059236,8.589
2.1225,2.0783,0.083433,-0.038544,-0.059224,8.6112
2.1226,2.0783,0.08343,-0.03851,-0.059217,8.6047
2.1226,2.0782,0.083427,-0.038464,-0.059204,8.5978
2.1227,2.0782,0.083424,-0.038427,-0.059186,8.6034
2.1227,2.0782,0.083421,-0.038394,-0.059154,8.6114
2.1228,2.0782,0.083418,-0.038364,-0.059096,8.6002
2.1228,2.0782,0.083415,-0.038325,-0.059065,8.6091
2.1229,2.0782,0.083412,-0.038283,-0.059028,8.6179
2.1229,2.0782,0.083409,-0.038246,-0.059007,8.613
2.123,2.0782,0.083405,-0.038209,-0.059016,8.6172
2.1231,2.0782,0.083402,-0.038171,-0.059063,8.6297
2.1231,2.0782,0.083399,-0.038131,-0.059149,8.6189
2.1232,2.0782,0.083396,-0.038083,-0.059281,8.6152
2.1232,2.0782,0.083393,-0.038023,-0.05942,8.6194
2.1233,2.0782,0.08339,-0.037951,-0.059541,8.6193
2.1233,2.0782,0.083387,-0.037867,-0.059601,8.6112
2.1234,2.0782,0.083384,-0.037777,-0.05962,8.6244
2.1234,2.0782,0.08338,-0.037676,-0.059591,8.6281
2.1235,2.0782,0.083377,-0.037573,-0.059565,8.6289
2.1235,2.0782,0.083374,-0.037467,-0.059545,8.6336
2.1236,2.0782,0.083371,-0.037362,-0.059533,8.6391
2.1236,2.0782,0.083368,-0.037261,-0.05955,8.6295
2.1237,2.0782,0.083365,-0.037167,-0.059579,8.6322
2.1237,2.0782,0.083362,-0.037076,-0.059585,8.6394
2.1238,2.0782,0.083358,-0.036983,-0.059585,8.6356
2.1238,2.0782,0.083355,-0.036887,-0.059601,8.6315
2.1239,2.0782,0.083352,-0.036794,-0.059654,8.6375
2.1239,2.0782,0.083349,-0.03671,-0.059701,8.6356
2.124,2.0782,0.083346,-0.036628,-0.059706,8.6341
2.1241,2.0782,0.083343,-0.036534,-0.059739,8.6384
2.1241,2.0782,0.08334,-0.036428,-0.059746,8.6358
2.1242,2.0782,0.083336,-0.036314,-0.05973,8.6323
2.1242,2.0782,0.083333,-0.036189,-0.05975,8.6424
2.1243,2.0782,0.08333,-0.036055,-0.059807,8.6337
2.1243,2.0782,0.083327,-0.035922,-0.05987,8.6289
2.1244,2.0782,0.083324,-0.0358,-0.059905,8.6365
2.1244,2.0782,0.083321,-0.035673,-0.059898,8.6384
2.1245,2.0782,0.083318,-0.035545,-0.059875,8.6287
2.1245,2.0782,0.083314,-0.035428,-0.059811,8.6361
2.1246,2.0782,0.083311,-0.035324,-0.059741,8.649
2.1246,2.0782,0.083308,-0.035234,-0.059686,8.6327
2.1247,2.0782,0.083305,-0.03515,-0.059634,8.627
2.1247,2.0782,0.083302,-0.035082,-0.059568,8.6397
2.1248,2.0782,0.083299,-0.035011,-0.059525,8.6319
2.1248,2.0782,0.083296,-0.03492,-0.059495,8.6228
2.1249,2.0782,0.083292,-0.034831,-0.059476,8.6401
2.1249,2.0782,0.083289,-0.034749,-0.05946,8.6368
2.125,2.0782,0.083286,-0.034663,-0.059441,8.6347
2.1251,2.0782,0.083283,-0.034583,-0.059406,8.6476
2.1251,2.0782,0.08328,-0.03451,-0.059353,8.6503
2.1252,2.0782,0.083277,-0.03445,-0.059272,8.6385
2.1252,2.0782,0.083274,-0.03439,-0.059208,8.6449
2.1253,2.0782,0.083271,-0.034336,-0.059127,8.6559
2.1253,2.0782,0.083267,-0.034302,-0.059061,8.6417
2.1254,2.0781,0.083264,-0.03429,-0.059021,8.6359
2.1254,2.0781,0.083261,-0.034276,-0.059021,8.6503
2.1255,2.0781,0.083258,-0.034253,-0.059062,8.6441
2.1255,2.0781,0.083255,-0.034216,-0.059151,8.6389
2.1256,2.0781,0.083252,-0.034169,-0.059252,8.6511
2.1256,2.0781,0.083249,-0.034121,-0.059327,8.6514
2.1257,2.0781,0.083246,-0.034069,-0.059327,8.6357
2.1257,2.0781,0.083243,-0.034024,-0.059293,8.645
2.1258,2.0781,0.083239,-0.033988,-0.059249,8.6458
2.1258,2.0781,0.083236,-0.033955,-0.059224,8.6302
2.1259,2.0781,0.083233,-0.033923,-0.059246,8.6356
2.1259,2.0781,0.08323,-0.03389,-0.059306,8.6408
2.126,2.0781,0.083227,-0.033859,-0.059342,8.6372
2.1261,2.0781,0.083224,-0.033832,-0.059367,8.6373
2.1261,2.0781,0.083221,-0.033807,-0.059329,8.6486
2.1262,2.0781,0.083218,-0.033784,-0.059287,8.6381
2.1262,2.0781,0.083214,-0.033762,-0.059237,8.6397
2.1263,2.0781,0.083211,-0.033745,-0.059186,8.6454
2.1263,2.0781,0.083208,-0.03373,-0.059123,8.6377
2.1264,2.0781,0.083205,-0.033708,-0.059047,8.6258
2.1264,2.0781,0.083202,-0.033678,-0.058976,8.6456
2.1265,2.0781,0.083199,-0.033651,-0.058933,8.6514
2.1265,2.0781,0.083196,-0.03363,-0.058875,8.6432
2.1266,2.0781,0.083193,-0.03362,-0.058831,8.6535
2.1266,2.0781,0.08319,-0.03362,-0.058754,8.6572
2.1267,2.0781,0.083187,-0.033631,-0.058669,8.6472
2.1267,2.0781,0.083183,-0.033649,-0.058553,8.6502
2.1268,2.0781,0.08318,-0.033661,-0.058436,8.6543
2.1268,2.0781,0.083177,-0.033667,-0.05834,8.6473
2.1269,2.0781,0.083174,-0.033678,-0.058241,8.6422
2.1269,2.0781,0.083171,-0.033689,-0.05813,8.6547
2.127,2.0781,0.083168,-0.033711,-0.058004,8.6479
2.1271,2.0781,0.083165,-0.033745,-0.057855,8.6429
2.1271,2.0781,0.083162,-0.033788,-0.057722,8.6552
2.1272,2.0781,0.083159,-0.033844,-0.057592,8.6483
2.1272,2.0781,0.083156,-0.033903,-0.057463,8.636
2.1273,2.0781,0.083153,-0.033963,-0.057336,8.6411
2.1273,2.0781,0.08315,-0.034023,-0.057211,8.64
2.1274,2.0781,0.083147,-0.034081,-0.057088,8.6273
2.1274,2.0781,0.083144,-0.034144,-0.056967,8.6311
2.1275,2.0781,0.083141,-0.034218,-0.056848,8.635
2.1275,2.0781,0.083138,-0.0343,-0.056745,8.6224
2.1276,2.0781,0.083135,-0.034388,-0.056605,8.6252
2.1276,2.0781,0.083132,-0.034475,-0.05646,8.6336
2.1277,2.0781,0.083129,-0.034555,-0.056336,8.6199
2.1277,2.0781,0.083126,-0.034621,-0.056261,8.616
2.1278,2.0781,0.083123,-0.034681,-0.05622,8.6312
2.1278,2.0781,0.08312,-0.034745,-0.056197,8.6264
2.1279,2.0781,0.083117,-0.034817,-0.056179,8.6205
2.1279,2.0781,0.083114,-0.034894,-0.056165,8.6217
2.128,2.0781,0.083111,-0.034975,-0.056058,8.6321
2.1281,2.0781,0.083108,-0.035062,-0.055925,8.6274
2.1281,2.0781,0.083105,-0.035151,-0.055751,8.6343
2.1282,2.0781,0.083103,-0.035244,-0.055576,8.6396
2.1282,2.0781,0.0831,-0.035349,-0.055414,8.6246
2.1283,2.078,0.083097,-0.035473,-0.055255,8.6326
2.1283,2.078,0.083094,-0.035608,-0.055067,8.6384
2.1284,2.078,0.083091,-0.035745,-0.054903,8.6327
2.1284,2.078,0.083088,-0.035885,-0.054776,8.6363
2.1285,2.078,0.083085,-0.036035,-0.054704,8.6428
2.1285,2.078,0.083082,-0.036192,-0.054648,8.638
2.1286,2.078,0.083079,-0.036352,-0.054606,8.6366
2.1286,2.078,0.083077,-0.036507,-0.054602,8.6468
2.1287,2.078,0.083074,-0.036647,-0.054605,8.6449
2.1287,2.078,0.083071,-0.036774,-0.05459,8.6356
2.1288,2.078,0.083068,-0.036889,-0.054604,8.6509
2.1288,2.078,0.083065,-0.036994,-0.054667,8.6436
2.1289,2.078,0.083062,-0.0371,-0.054766,8.6364
2.1289,2.078,0.083059,-0.037205,-0.054845,8.6411
2.129,2.078,0.083056,-0.03731,-0.054886,8.6574
2.1291,2.078,0.083054,-0.037414,-0.054914,8.6443
2.1291,2.078,0.083051,-0.037513,-0.054949,8.6539
2.1292,2.078,0.083048,-0.037619,-0.054961,8.6672
2.1292,2.078,0.083045,-0.037736,-0.054964,8.6565
2.1293,2.078,0.083042,-0.037852,-0.054972,8.6588
2.1293,2.078,0.083039,-0.037966,-0.054998,8.6681
2.1294,2.078,0.083036,-0.038075,-0.055012,8.6583
2.1294,2.078,0.083033,-0.038183,-0.055033,8.6537
2.1295,2.078,0.08303,-0.038288,-0.055066,8.665
2.1295,2.078,0.083027,-0.038393,-0.055121,8.6612
2.1296,2.078,0.083025,-0.038512,-0.055163,8.6656
2.1296,2.078,0.083022,-0.038641,-0.055206,8.6737
2.1297,2.078,0.083019,-0.03877,-0.055248,8.6746
2.1297,2.078,0.083016,-0.038897,-0.055301,8.6685
2.1298,2.078,0.083013,-0.039023,-0.055339,8.6739
2.1298,2.078,0.08301,-0.039134,-0.055329,8.6738
2.1299,2.078,0.083007,-0.039227,-0.055284,8.6664
2.1299,2.078,0.083004,-0.039302,-0.055225,8.6599
2.13,2.078,0.083001,-0.039375,-0.055169,8.6739
2.1301,2.078,0.082998,-0.039446,-0.055128,8.6613
2.1301,2.078,0.082995,-0.039518,-0.055129,8.6574
2.1302,2.078,0.082993,-0.039598,-0.055174,8.6713
2.1302,2.078,0.08299,-0.039688,-0.055161,8.6672
2.1303,2.078,0.082987,-0.039778,-0.055087,8.6512
2.1303,2.078,0.082984,-0.039869,-0.054988,8.661
2.1304,2.078,0.082981,-0.039956,-0.054885,8.6633
2.1304,2.078,0.082978,-0.040041,-0.054799,8.6478
2.1305,2.078,0.082975,-0.040124,-0.054749,8.6466
2.1305,2.078,0.082972,-0.040206,-0.054756,8.6523
2.1306,2.078,0.082969,-0.040285,-0.054794,8.6452
2.1306,2.078,0.082967,-0.040366,-0.054801,8.6486
2.1307,2.078,0.082964,-0.040441,-0.054806,8.6584
2.1307,2.078,0.082961,-0.040511,-0.054838,8.6513
2.1308,2.078,0.082958,-0.040578,-0.054835,8.6533
2.1308,2.078,0.082955,-0.040643,-0.054786,8.6589
2.1309,2.0779,0.082952,-0.040706,-0.054673,8.6473
2.1309,2.0779,0.082949,-0.04077,-0.054542,8.6381
2.131,2.0779,0.082946,-0.040837,-0.05438,8.6497
2.1311,2.0779,0.082944,-0.040903,-0.054243,8.6463
2.1311,2.0779,0.082941,-0.04096,-0.054142,8.6372
2.1312,2.0779,0.082938,-0.041014,-0.054107,8.6411
2.1312,2.0779,0.082935,-0.041065,-0.05404,8.6438
2.1313,2.0779,0.082932,-0.041114,-0.053921,8.6374
2.1313,2.0779,0.082929,-0.041162,-0.05371,8.6417
2.1314,2.0779,0.082927,-0.04121,-0.053457,8.6483
2.1314,2.0779,0.082924,-0.04126,-0.053162,8.6288
2.1315,2.0779,0.082921,-0.041306,-0.05291,8.6278
2.1315,2.0779,0.082918,-0.041347,-0.052683,8.6299
2.1316,2.0779,0.082915,-0.041387,-0.052472,8.6284
2.1316,2.0779,0.082913,-0.041431,-0.052264,8.6217
2.1317,2.0779,0.08291,-0.041475,-0.05207,8.6202
2.1317,2.0779,0.082907,-0.041523,-0.051842,8.6237
2.1318,2.0779,0.082904,-0.041572,-0.051612,8.6136
2.1318,2.0779,0.082902,-0.041616,-0.051403,8.6164
2.1319,2.0779,0.082899,-0.041657,-0.051234,8.6145
2.1319,2.0779,0.082896,-0.041692,-0.051085,8.6015
2.132,2.0779,0.082894,-0.041731,-0.050941,8.604
2.1321,2.0779,0.082891,-0.04177,-0.050827,8.6117
2.1321,2.0779,0.082888,-0.041806,-0.050751,8.5999
2.1322,2.0779,0.082886,-0.041847,-0.050674,8.6043
2.1322,2.0779,0.082883,-0.041887,-0.05061,8.6119
2.1323,2.0779,0.08288,-0.041921,-0.050555,8.6059
2.1323,2.0779,0.082878,-0.041946,-0.050523,8.6049
2.1324,2.0779,0.082875,-0.04197,-0.050471,8.6125
2.1324,2.0779,0.082872,-0.041993,-0.050407,8.599
2.1325,2.0779,0.08287,-0.042009,-0.050322,8.5979
2.1325,2.0779,0.082867,-0.042019,-0.050264,8.6072
2.1326,2.0779,0.082864,-0.042032,-0.050234,8.5983
2.1326,2.0779,0.082862,-0.042041,-0.050226,8.5913
2.1327,2.0779,0.082859,-0.04205,-0.050244,8.6009
2.1327,2.0779,0.082857,-0.042057,-0.050293,8.607
2.1328,2.0779,0.082854,-0.042064,-0.050318,8.5989
2.1328,2.0779,0.082851,-0.042068,-0.050346,8.6017
2.1329,2.0779,0.082849,-0.042066,-0.050348,8.6087
2.1329,2.0779,0.082846,-0.042056,-0.050342,8.6002
2.133,2.0779,0.082843,-0.042041,-0.050303,8.592
2.1331,2.0779,0.082841,-0.04202,-0.05022,8.5972
2.1331,2.0779,0.082838,-0.042002,-0.050081,8.591
2.1332,2.0779,0.082835,-0.041988,-0.049922,8.5816
2.1332,2.0779,0.082833,-0.041975,-0.049773,8.5953
2.1333,2.0778,0.08283,-0.041967,-0.04968,8.5917
2.1333,2.0778,0.082828,-0.041965,-0.049632,8.5866
2.1334,2.0778,0.082825,-0.041971,-0.049642,8.5933
2.1334,2.0778,0.082822,-0.041978,-0.049644,8.5934
2.1335,2.0778,0.08282,-0.041986,-0.049668,8.5852
2.1335,2.0778,0.082817,-0.041991,-0.049708,8.5866
2.1336,2.0778,0.082814,-0.04199,-0.049733,8.5948
2.1336,2.0778,0.082812,-0.04198,-0.049747,8.5897
2.1337,2.0778,0.082809,-0.041964,-0.049782,8.5977
2.1337,2.0778,0.082807,-0.041947,-0.049815,8.603
2.1338,2.0778,0.082804,-0.041929,-0.049804,8.6038
2.1338,2.0778,0.082801,-0.041904,-0.049754,8.6037
2.1339,2.0778,0.082799,-0.041866,-0.049741,8.608
2.1339,2.0778,0.082796,-0.04182,-0.049778,8.6038
2.134,2.0778,0.082794,-0.041782,-0.049789,8.6052
2.1341,2.0778,0.082791,-0.041751,-0.049821,8.6044
2.1341,2.0778,0.082788,-0.041724,-0.049867,8.5992
2.1342,2.0778,0.082786,-0.041704,-0.049861,8.5967
2.1342,2.0778,0.082783,-0.041694,-0.04979,8.6025
2.1343,2.0778,0.08278,-0.041687,-0.049725,8.6068
2.1343,2.0778,0.082778,-0.041667,-0.049681,8.5996
2.1344,2.0778,0.082775,-0.041652,-0.04968,8.6081
2.1344,2.0778,0.082773,-0.041641,-0.049696,8.6149
2.1345,2.0778,0.08277,-0.041624,-0.049758,8.5995
2.1345,2.0778,0.082767,-0.041596,-0.049832,8.6007
2.1346,2.0778,0.082765,-0.041554,-0.049898,8.613
2.1346,2.0778,0.082762,-0.04151,-0.049967,8.6023
2.1347,2.0778,0.082759,-0.041449,-0.050057,8.5998
2.1347,2.0778,0.082757,-0.041384,-0.050132,8.6057
2.1348,2.0778,0.082754,-0.041331,-0.050197,8.611
2.1348,2.0778,0.082752,-0.041276,-0.050248,8.6076
2.1349,2.0778,0.082749,-0.041227,-0.050296,8.6162
2.1349,2.0778,0.082746,-0.041186,-0.050333,8.6194
2.135,2.0778,0.082744,-0.041148,-0.050408,8.6116
2.1351,2.0778,0.082741,-0.041114,-0.050522,8.6148
2.1351,2.0778,0.082738,-0.041077,-0.050679,8.6202
2.1352,2.0778,0.082736,-0.041047,-0.050834,8.6115
2.1352,2.0778,0.082733,-0.041014,-0.051009,8.6174
2.1353,2.0778,0.08273,-0.040972,-0.051169,8.6253
2.1353,2.0778,0.082727,-0.040916,-0.051297,8.6175
2.1354,2.0778,0.082725,-0.040855,-0.051366,8.6175
2.1354,2.0778,0.082722,-0.040798,-0.051408,8.6312
2.1355,2.0778,0.082719,-0.040748,-0.051398,8.6203
2.1355,2.0778,0.082717,-0.040708,-0.051364,8.6132
2.1356,2.0778,0.082714,-0.040671,-0.051344,8.6187
2.1356,2.0778,0.082711,-0.040641,-0.051392,8.6113
2.1357,2.0777,0.082709,-0.04061,-0.051474,8.597
2.1357,2.0777,0.082706,-0.040572,-0.051567,8.6136
2.1358,2.0777,0.082703,-0.040531,-0.051643,8.6151
2.1358,2.0777,0.0827,-0.040492,-0.051667,8.6072
2.1359,2.0777,0.082698,-0.040456,-0.051645,8.6171
2.1359,2.0777,0.082695,-0.040425,-0.051638,8.6249
2.136,2.0777,0.082692,-0.040395,-0.051632,8.6153
2.1361,2.0777,0.08269,-0.040367,-0.051684,8.6165
2.1361,2.0777,0.082687,-0.040339,-0.051738,8.6194
2.1362,2.0777,0.082684,-0.040313,-0.051797,8.6084
2.1362,2.0777,0.082681,-0.040282,-0.051855,8.6068
2.1363,2.0777,0.082679,-0.040249,-0.051924,8.6164
2.1363,2.0777,0.082676,-0.040223,-0.052007,8.6118
2.1364,2.0777,0.082673,-0.040201,-0.052082,8.6105
2.1364,2.0777,0.08267,-0.040176,-0.052129,8.6178
2.1365,2.0777,0.082668,-0.040149,-0.052187,8.6154
2.1365,2.0777,0.082665,-0.040121,-0.05223,8.6046
2.1366,2.0777,0.082662,-0.040094,-0.052299,8.6087
2.1366,2.0777,0.082659,-0.040067,-0.052374,8.6046
2.1367,2.0777,0.082657,-0.040043,-0.052479,8.5869
2.1367,2.0777,0.082654,-0.040027,-0.052586,8.5874
2.1368,2.0777,0.082651,-0.040014,-0.052676,8.5968
2.1368,2.0777,0.082648,-0.040002,-0.052772,8.5884
2.1369,2.0777,0.082646,-0.039995,-0.052883,8.5878
2.1369,2.0777,0.082643,-0.039987,-0.053016,8.6
2.137,2.0777,0.08264,-0.039979,-0.053175,8.5884
2.1371,2.0777,0.082637,-0.039972,-0.053323,8.5818
2.1371,2.0777,0.082634,-0.039966,-0.053474,8.5847
2.1372,2.0777,0.082631,-0.039964,-0.05363,8.5759
2.1372,2.0777,0.082629,-0.039958,-0.053787,8.5689
2.1373,2.0777,0.082626,-0.039951,-0.053942,8.5734
2.1373,2.0777,0.082623,-0.039942,-0.054096,8.5762
2.1374,2.0777,0.08262,-0.039936,-0.054252,8.5683
2.1374,2.0777,0.082617,-0.039928,-0.054412,8.576
2.1375,2.0777,0.082614,-0.039919,-0.054563,8.5894
2.1375,2.0777,0.082611,-0.039911,-0.054762,8.5754
2.1376,2.0777,0.082609,-0.039908,-0.054976,8.5815
2.1376,2.0777,0.082606,-0.039903,-0.055177,8.5858
2.1377,2.0777,0.082603,-0.039901,-0.055329,8.5739
2.1377,2.0777,0.0826,-0.039908,-0.055448,8.5783
2.1378,2.0777,0.082597,-0.03991,-0.055543,8.5872
2.1378,2.0777,0.082594,-0.039906,-0.055629,8.588
2.1379,2.0777,0.082591,-0.0399,-0.055706,8.5869
2.1379,2.0777,0.082588,-0.039896,-0.055877,8.5968
2.138,2.0777,0.082585,-0.039897,-0.056081,8.5915
2.1381,2.0777,0.082582,-0.039896,-0.056335,8.5861
2.1381,2.0777,0.082579,-0.039893,-0.056605,8.5908
2.1382,2.0777,0.082576,-0.039886,-0.05688,8.5897
2.1382,2.0776,0.082573,-0.039861,-0.05716,8.576
2.1383,2.0776,0.08257,-0.03983,-0.057479,8.5805
2.1383,2.0776,0.082567,-0.039804,-0.057784,8.5945
2.1384,2.0776,0.082564,-0.039787,-0.05806,8.5828
2.1384,2.0776,0.082561,-0.039777,-0.058283,8.5832
2.1385,2.0776,0.082558,-0.039773,-0.058494,8.5979
2.1385,2.0776,0.082555,-0.03977,-0.058693,8.5832
2.1386,2.0776,0.082552,-0.039775,-0.058859,8.5864
2.1386,2.0776,0.082549,-0.039783,-0.059017,8.5888
2.1387,2.0776,0.082546,-0.039801,-0.059195,8.5873
2.1387,2.0776,0.082542,-0.039821,-0.059342,8.5814
2.1388,2.0776,0.082539,-0.039844,-0.059436,8.5908
2.1388,2.0776,0.082536,-0.039864,-0.059484,8.5896
2.1389,2.0776,0.082533,-0.039887,-0.059542,8.5773
2.1389,2.0776,0.08253,-0.039906,-0.059627,8.5851
2.139,2.0776,0.082527,-0.039926,-0.059721,8.5969
2.1391,2.0776,0.082524,-0.039943,-0.059801,8.5939
2.1391,2.0776,0.08252,-0.039955,-0.059898,8.5976
2.1392,2.0776,0.082517,-0.039957,-0.060001,8.5975
2.1392,2.0776,0.082514,-0.039958,-0.060092,8.5958
2.1393,2.0776,0.082511,-0.039956,-0.060161,8.5948
2.1393,2.0776,0.082508,-0.039958,-0.060244,8.6081
2.1394,2.0776,0.082505,-0.039969,-0.060315,8.601
2.1394,2.0776,0.082501,-0.039991,-0.060369,8.5982
2.1395,2.0776,0.082498,-0.040011,-0.060396,8.6124
2.1395,2.0776,0.082495,-0.040018,-0.060428,8.6131
2.1396,2.0776,0.082492,-0.040018,-0.060453,8.603
2.1396,2.0776,0.082489,-0.040014,-0.060469,8.6003
2.1397,2.0776,0.082486,-0.040008,-0.060463,8.5994
2.1397,2.0776,0.082482,-0.04001,-0.06046,8.5898
2.1398,2.0776,0.082479,-0.040031,-0.060489,8.5952
2.1398,2.0776,0.082476,-0.04007,-0.060544,8.6086
2.1399,2.0776,0.082473,-0.040114,-0.060608,8.6024
2.1399,2.0776,0.08247,-0.040149,-0.060666,8.6036
2.14,2.0776,0.082466,-0.040182,-0.060711,8.6136
2.1401,2.0776,0.082463,-0.040214,-0.06071,8.6067
2.1401,2.0776,0.08246,-0.040242,-0.060671,8.6111
2.1402,2.0776,0.082457,-0.040265,-0.060658,8.6178
2.1402,2.0776,0.082454,-0.04028,-0.060683,8.6178
2.1403,2.0776,0.08245,-0.040289,-0.060719,8.6093
2.1403,2.0776,0.082447,-0.040302,-0.060754,8.6229
2.1404,2.0776,0.082444,-0.04031,-0.060772,8.6318
2.1404,2.0776,0.082441,-0.040322,-0.060758,8.622
2.1405,2.0776,0.082438,-0.040343,-0.060698,8.6313
2.1405,2.0776,0.082434,-0.040371,-0.06062,8.6437
2.1406,2.0776,0.082431,-0.040403,-0.06055,8.6312
2.1406,2.0776,0.082428,-0.040434,-0.060473,8.6357
2.1407,2.0775,0.082425,-0.040471,-0.060374,8.6422
2.1407,2.0775,0.082422,-0.040514,-0.060277,8.6313
2.1408,2.0775,0.082419,-0.040554,-0.0602,8.6331
2.1408,2.0775,0.082415,-0.040593,-0.060171,8.6396
2.1409,2.0775,0.082412,-0.04063,-0.060155,8.6367
2.1409,2.0775,0.082409,-0.040665,-0.060172,8.6402
2.141,2.0775,0.082406,-0.040696,-0.060195,8.6481
2.1411,2.0775,0.082403,-0.040728,-0.060197,8.6444
2.1411,2.0775,0.0824,-0.040753,-0.060132,8.6383
2.1412,2.0775,0.082396,-0.040773,-0.060041,8.6489
2.1412,2.0775,0.082393,-0.040793,-0.05995,8.6373
2.1413,2.0775,0.08239,-0.040811,-0.05989,8.6331
2.1413,2.0775,0.082387,-0.040827,-0.059842,8.6404
2.1414,2.0775,0.082384,-0.040842,-0.059844,8.6442
2.1414,2.0775,0.082381,-0.040857,-0.059871,8.6437
2.1415,2.0775,0.082378,-0.040868,-0.059913,8.6454
2.1415,2.0775,0.082374,-0.040875,-0.059943,8.6575
2.1416,2.0775,0.082371,-0.04088,-0.059975,8.6463
2.1416,2.0775,0.082368,-0.040883,-0.060008,8.6459
2.1417,2.0775,0.082365,-0.04088,-0.06004,8.6534
2.1417,2.0775,0.082362,-0.04087,-0.060071,8.652
2.1418,2.0775,0.082359,-0.040851,-0.0601,8.6429
2.1418,2.0775,0.082355,-0.040837,-0.060125,8.6521
2.1419,2.0775,0.082352,-0.040829,-0.060153,8.6561
2.1419,2.0775,0.082349,-0.040829,-0.060182,8.6435
2.142,2.0775,0.082346,-0.04083,-0.06021,8.6566
2.1421,2.0775,0.082343,-0.040829,-0.060239,8.6617
2.1421,2.0775,0.08234,-0.040838,-0.060268,8.6515
2.1422,2.0775,0.082336,-0.040847,-0.060297,8.65
2.1422,2.0775,0.082333,-0.040858,-0.060326,8.655
2.1423,2.0775,0.08233,-0.04088,-0.060355,8.6479
2.1423,2.0775,0.082327,-0.040902,-0.060385,8.6364
2.1424,2.0775,0.082324,-0.04092,-0.060415,8.6438
2.1424,2.0775,0.08232,-0.040927,-0.06046,8.6385
2.1425,2.0775,0.082317,-0.040929,-0.06048,8.6355
2.1425,2.0775,0.082314,-0.040934,-0.060483,8.6358
2.1426,2.0775,0.082311,-0.040936,-0.060474,8.6348
2.1426,2.0775,0.082308,-0.040938,-0.060459,8.631
2.1427,2.0775,0.082305,-0.040948,-0.060445,8.6341
2.1427,2.0775,0.082301,-0.04097,-0.06044,8.6269
2.1428,2.0775,0.082298,-0.040999,-0.060452,8.623
2.1428,2.0775,0.082295,-0.041032,-0.060487,8.6256
2.1429,2.0775,0.082292,-0.041065,-0.060509,8.6317
2.1429,2.0775,0.082289,-0.041095,-0.06053,8.6182
2.143,2.0775,0.082285,-0.041117,-0.060549,8.6213
2.1431,2.0775,0.082282,-0.041129,-0.060572,8.6395
2.1431,2.0775,0.082279,-0.041144,-0.060597,8.6314
2.1432,2.0774,0.082276,-0.041163,-0.060624,8.6283
2.1432,2.0774,0.082273,-0.041183,-0.060651,8.6367
2.1433,2.0774,0.08227,-0.041205,-0.060678,8.6237
2.1433,2.0774,0.082266,-0.041228,-0.060703,8.628
2.1434,2.0774,0.082263,-0.041253,-0.060741,8.6313
2.1434,2.0774,0.08226,-0.041279,-0.060751,8.6297
2.1435,2.0774,0.082257,-0.041306,-0.060745,8.6176
2.1435,2.0774,0.082254,-0.041334,-0.060727,8.6226
2.1436,2.0774,0.08225,-0.041364,-0.060704,8.6331
2.1436,2.0774,0.082247,-0.041395,-0.060682,8.6301
2.1437,2.0774,0.082244,-0.041428,-0.060667,8.6291
2.1437,2.0774,0.082241,-0.041461,-0.060684,8.6334
2.1438,2.0774,0.082238,-0.041496,-0.060701,8.6217
2.1438,2.0774,0.082234,-0.041532,-0.060685,8.6166
2.1439,2.0774,0.082231,-0.041568,-0.060656,8.6242
2.1439,2.0774,0.082228,-0.041606,-0.060621,8.6171
2.144,2.0774,0.082225,-0.041645,-0.060587,8.6188
2.1441,2.0774,0.082222,-0.041685,-0.060561,8.6316
2.1441,2.0774,0.082218,-0.041726,-0.060551,8.6322
2.1442,2.0774,0.082215,-0.041768,-0.060565,8.6211
2.1442,2.0774,0.082212,-0.041811,-0.060564,8.6223
2.1443,2.0774,0.082209,-0.041854,-0.060563,8.6215
2.1443,2.0774,0.082206,-0.041898,-0.060562,8.6094
2.1444,2.0774,0.082202,-0.041944,-0.060561,8.6165
2.1444,2.0774,0.082199,-0.04199,-0.060558,8.6241
2.1445,2.0774,0.082196,-0.042036,-0.060556,8.6135
2.1445,2.0774,0.082193,-0.042084,-0.060552,8.6176
2.1446,2.0774,0.08219,-0.042132,-0.060548,8.6308
2.1446,2.0774,0.082187,-0.042181,-0.060543,8.6291
2.1447,2.0774,0.082183,-0.04223,-0.060535,8.6261
2.1447,2.0774,0.08218,-0.04228,-0.060528,8.637
2.1448,2.0774,0.082177,-0.04233,-0.060527,8.6305
2.1448,2.0774,0.082174,-0.042381,-0.060526,8.6258
2.1449,2.0774,0.082171,-0.042433,-0.060543,8.6402
2.1449,2.0774,0.082167,-0.042485,-0.060543,8.6444
2.145,2.0774,0.082164,-0.042537,-0.060523,8.6389
2.1451,2.0774,0.082161,-0.04259,-0.060493,8.6471
2.1451,2.0774,0.082158,-0.042643,-0.060454,8.6553
2.1452,2.0774,0.082155,-0.042697,-0.060414,8.6551
2.1452,2.0774,0.082152,-0.04275,-0.060381,8.6578
2.1453,2.0774,0.082148,-0.042804,-0.060358,8.6605
2.1453,2.0774,0.082145,-0.042859,-0.060355,8.6546
2.1454,2.0774,0.082142,-0.042913,-0.060336,8.6491
2.1454,2.0774,0.082139,-0.042968,-0.060313,8.6577
2.1455,2.0774,0.082136,-0.043023,-0.060291,8.6495
2.1455,2.0773,0.082132,-0.043078,-0.060268,8.6448
2.1456,2.0773,0.082129,-0.043133,-0.060244,8.6568
2.1456,2.0773,0.082126,-0.043188,-0.060218,8.6602
2.1457,2.0773,0.082123,-0.043243,-0.060191,8.6522
2.1457,2.0773,0.08212,-0.043298,-0.060163,8.6566
2.1458,2.0773,0.082117,-0.043353,-0.060134,8.6625
2.1458,2.0773,0.082113,-0.043406,-0.060104,8.6488
2.1459,2.0773,0.08211,-0.043462,-0.060072,8.6588
2.1459,2.0773,0.082107,-0.043521,-0.060039,8.661
2.146,2.0773,0.082104,-0.043581,-0.060005,8.6564
2.1461,2.0773,0.082101,-0.043641,-0.05997,8.6613
2.1461,2.0773,0.082098,-0.043697,-0.059933,8.6759
2.1462,2.0773,0.082095,-0.043756,-0.059895,8.6684
2.1462,2.0773,0.082091,-0.043814,-0.059856,8.6666
2.1463,2.0773,0.082088,-0.043868,-0.059816,8.6786
2.1463,2.0773,0.082085,-0.043928,-0.059775,8.667
2.1464,2.0773,0.082082,-0.043991,-0.059733,8.6625
2.1464,2.0773,0.082079,-0.044054,-0.059689,8.6699
2.1465,2.0773,0.082076,-0.044115,-0.059643,8.6674
2.1465,2.0773,0.082073,-0.044171,-0.0596,8.6595
2.1466,2.0773,0.082069,-0.044228,-0.059558,8.6768
2.1466,2.0773,0.082066,-0.044282,-0.059518,8.6783
2.1467,2.0773,0.082063,-0.044331,-0.059479,8.6582
2.1467,2.0773,0.08206,-0.044381,-0.059439,8.6606
2.1468,2.0773,0.082057,-0.044432,-0.059397,8.669
2.1468,2.0773,0.082054,-0.044481,-0.059353,8.655
2.1469,2.0773,0.082051,-0.04453,-0.059305,8.6578
2.1469,2.0773,0.082048,-0.044578,-0.059258,8.6638
2.147,2.0773,0.082044,-0.044626,-0.059211,8.6527
2.1471,2.0773,0.082041,-0.044673,-0.059163,8.6468
2.1471,2.0773,0.082038,-0.044719,-0.059113,8.6538
2.1472,2.0773,0.082035,-0.044764,-0.059077,8.6532
2.1472,2.0773,0.082032,-0.044808,-0.059023,8.6466
2.1473,2.0773,0.082029,-0.044852,-0.058956,8.6531
2.1473,2.0773,0.082026,-0.044894,-0.058882,8.6509
2.1474,2.0773,0.082023,-0.044936,-0.058806,8.6433
2.1474,2.0773,0.08202,-0.044977,-0.058734,8.6494
2.1475,2.0773,0.082016,-0.045016,-0.058668,8.6526
2.1475,2.0773,0.082013,-0.045055,-0.058617,8.6386
2.1476,2.0773,0.08201,-0.045093,-0.058591,8.6419
2.1476,2.0773,0.082007,-0.045129,-0.058554,8.6538
2.1477,2.0773,0.082004,-0.045159,-0.058514,8.6493
2.1477,2.0773,0.082001,-0.045197,-0.058477,8.6416
2.1478,2.0772,0.081998,-0.045239,-0.058441,8.646
2.1478,2.0772,0.081995,-0.045285,-0.058404,8.6388
2.1479,2.0772,0.081992,-0.045329,-0.058363,8.6302
2.1479,2.0772,0.081989,-0.045368,-0.058324,8.6283
2.148,2.0772,0.081986,-0.045412,-0.058283,8.6155
2.1481,2.0772,0.081983,-0.045463,-0.058238,8.6048
2.1481,2.0772,0.08198,-0.045521,-0.058188,8.6153
2.1482,2.0772,0.081977,-0.0456,-0.058141,8.622
2.1482,2.0772,0.081973,-0.04569,-0.058097,8.6119
2.1483,2.0772,0.08197,-0.04578,-0.058059,8.6129
2.1483,2.0772,0.081967,-0.04586,-0.058027,8.6172
2.1484,2.0772,0.081964,-0.04593,-0.058,8.6027
2.1484,2.0772,0.081961,-0.046001,-0.057979,8.6005
2.1485,2.0772,0.081958,-0.046065,-0.057959,8.6067
2.1485,2.0772,0.081955,-0.046123,-0.057938,8.598
2.1486,2.0772,0.081952,-0.046184,-0.057918,8.5874
2.1486,2.0772,0.081949,-0.046237,-0.057899,8.6003
2.1487,2.0772,0.081946,-0.046286,-0.05788,8.5995
2.1487,2.0772,0.081943,-0.046326,-0.057862,8.5922
2.1488,2.0772,0.08194,-0.046367,-0.057845,8.6018
2.1488,2.0772,0.081937,-0.04641,-0.057828,8.6038
2.1489,2.0772,0.081934,-0.046449,-0.057813,8.5924
2.1489,2.0772,0.081931,-0.046492,-0.057797,8.5922
2.149,2.0772,0.081928,-0.046545,-0.057782,8.5975
2.1491,2.0772,0.081925,-0.046603,-0.057768,8.5887
2.1491,2.0772,0.081922,-0.046667,-0.057754,8.5954
2.1492,2.0772,0.081919,-0.046738,-0.057744,8.6016
2.1492,2.0772,0.081916,-0.04682,-0.057732,8.598
2.1493,2.0772,0.081913,-0.046901,-0.057714,8.5992
2.1493,2.0772,0.08191,-0.046968,-0.057695,8.6055
2.1494,2.0772,0.081906,-0.047021,-0.057671,8.5976
2.1494,2.0772,0.081903,-0.047068,-0.057643,8.5964
2.1495,2.0772,0.0819,-0.047108,-0.057618,8.5992
2.1495,2.0772,0.081897,-0.047138,-0.057593,8.5916
2.1496,2.0772,0.081894,-0.047167,-0.057572,8.5746
2.1496,2.0772,0.081891,-0.047198,-0.057552,8.5883
2.1497,2.0772,0.081888,-0.047221,-0.057533,8.5904
2.1497,2.0772,0.081885,-0.047233,-0.057518,8.5801
2.1498,2.0772,0.081882,-0.047234,-0.057502,8.5908
2.1498,2.0772,0.081879,-0.04724,-0.05749,8.5965
2.1499,2.0772,0.081876,-0.047251,-0.057481,8.5857
2.1499,2.0771,0.081873,-0.047265,-0.057471,8.5898
2.15,2.0771,0.08187,-0.047276,-0.057461,8.5954
2.1501,2.0771,0.081867,-0.047293,-0.057452,8.5922
2.1501,2.0771,0.081864,-0.047309,-0.057444,8.5867
2.1502,2.0771,0.081861,-0.04733,-0.057435,8.6017
2.1502,2.0771,0.081858,-0.047337,-0.057427,8.6032
2.1503,2.0771,0.081855,-0.04734,-0.05742,8.5946
2.1503,2.0771,0.081852,-0.047344,-0.057413,8.6073
2.1504,2.0771,0.081849,-0.047336,-0.057406,8.6094
2.1504,2.0771,0.081846,-0.047324,-0.0574,8.6016
2.1505,2.0771,0.081843,-0.047316,-0.057394,8.6038
2.1505,2.0771,0.08184,-0.047303,-0.057389,8.6102
2.1506,2.0771,0.081837,-0.047285,-0.057384,8.5949
2.1506,2.0771,0.081834,-0.047255,-0.057379,8.597
2.1507,2.0771,0.081831,-0.047236,-0.057375,8.6121
2.1507,2.0771,0.081828,-0.047223,-0.057371,8.6034
2.1508,2.0771,0.081825,-0.047203,-0.057367,8.6065
2.1508,2.0771,0.081822,-0.047182,-0.057363,8.6161
2.1509,2.0771,0.081819,-0.047141,-0.05736,8.6069
2.1509,2.0771,0.081816,-0.047091,-0.057357,8.6031
2.151,2.0771,0.081813,-0.047034,-0.057355,8.6019
2.1511,2.0771,0.08181,-0.046982,-0.057352,8.5995
2.1511,2.0771,0.081807,-0.046942,-0.05735,8.5907
2.1512,2.0771,0.081804,-0.046909,-0.057348,8.5947
2.1512,2.0771,0.081801,-0.046873,-0.057345,8.5996
2.1513,2.0771,0.081798,-0.046832,-0.057344,8.5876
2.1513,2.0771,0.081795,-0.046777,-0.057342,8.5938
2.1514,2.0771,0.081792,-0.046733,-0.057342,8.6072
2.1514,2.0771,0.081789,-0.046707,-0.057339,8.5974
2.1515,2.0771,0.081786,-0.046699,-0.057333,8.5982
2.1515,2.0771,0.081783,-0.046706,-0.057325,8.6019
2.1516,2.0771,0.08178,-0.046731,-0.057317,8.5959
2.1516,2.0771,0.081777,-0.046769,-0.057308,8.5981
2.1517,2.0771,0.081774,-0.046806,-0.057301,8.6116
2.1517,2.0771,0.081771,-0.046831,-0.057297,8.6124
2.1518,2.0771,0.081767,-0.046845,-0.057295,8.6033
2.1518,2.0771,0.081764,-0.046851,-0.057292,8.6138
2.1519,2.0771,0.081761,-0.046858,-0.057289,8.619
2.1519,2.0771,0.081758,-0.046857,-0.057286,8.6116
2.152,2.0771,0.081755,-0.04687,-0.057283,8.6117
2.1521,2.077,0.081752,-0.046882,-0.05728,8.6159
2.1521,2.077,0.081749,-0.046882,-0.057277,8.6041
2.1522,2.077,0.081746,-0.046866,-0.057274,8.6058
2.1522,2.077,0.081743,-0.046827,-0.057272,8.6115
2.1523,2.077,0.08174,-0.046784,-0.057269,8.6071
2.1523,2.077,0.081737,-0.046762,-0.057266,8.611
2.1524,2.077,0.081734,-0.046747,-0.057264,8.6202
2.1524,2.077,0.081731,-0.046763,-0.057261,8.6103
2.1525,2.077,0.081728,-0.046784,-0.057258,8.6067
2.1525,2.077,0.081725,-0.046804,-0.057256,8.6145
2.1526,2.077,0.081722,-0.046818,-0.057253,8.6123
2.1526,2.077,0.081719,-0.046828,-0.057251,8.5987
2.1527,2.077,0.081716,-0.046827,-0.057248,8.6065
2.1527,2.077,0.081713,-0.046824,-0.057246,8.611
2.1528,2.077,0.08171,-0.046822,-0.057243,8.6037
2.1528,2.077,0.081707,-0.046831,-0.057241,8.6137
2.1529,2.077,0.081704,-0.046838,-0.057252,8.6259
2.1529,2.077,0.081701,-0.046845,-0.057241,8.613
2.153,2.077,0.081698,-0.046875,-0.057211,8.6176
2.1531,2.077,0.081695,-0.046919,-0.057152,8.6197
2.1531,2.077,0.081692,-0.046957,-0.057117,8.6101
2.1532,2.077,0.081689,-0.046986,-0.057105,8.6058
2.1532,2.077,0.081686,-0.047015,-0.057115,8.6129
2.1533,2.077,0.081683,-0.04703,-0.057129,8.6068
2.1533,2.077,0.08168,-0.047039,-0.05719,8.5947
2.1534,2.077,0.081677,-0.047053,-0.057228,8.6014
2.1534,2.077,0.081674,-0.047075,-0.057281,8.6013
2.1535,2.077,0.081671,-0.047095,-0.057309,8.5817
2.1535,2.077,0.081668,-0.047117,-0.057369,8.5823
2.1536,2.077,0.081665,-0.04715,-0.057447,8.5902
2.1536,2.077,0.081662,-0.047187,-0.057537,8.5665
2.1537,2.077,0.081659,-0.04722,-0.057628,8.5738
2.1537,2.077,0.081656,-0.04726,-0.057767,8.5782
2.1538,2.077,0.081653,-0.047291,-0.057888,8.5698
2.1538,2.077,0.08165,-0.047311,-0.057996,8.5658
2.1539,2.077,0.081647,-0.047315,-0.058051,8.5773
2.1539,2.077,0.081644,-0.047317,-0.058031,8.5704
2.154,2.077,0.081641,-0.047326,-0.057932,8.5625
2.1541,2.077,0.081638,-0.047338,-0.057835,8.5715
2.1541,2.077,0.081635,-0.047353,-0.057705,8.5678
2.1542,2.077,0.081632,-0.047374,-0.057618,8.556
2.1542,2.0769,0.081629,-0.047393,-0.057554,8.5706
2.1543,2.0769,0.081626,-0.047413,-0.057525,8.5703
2.1543,2.0769,0.081622,-0.047433,-0.057488,8.5687
2.1544,2.0769,0.081619,-0.047455,-0.057404,8.5789
2.1544,2.0769,0.081616,-0.047478,-0.057288,8.586
2.1545,2.0769,0.081613,-0.047501,-0.057191,8.5783
2.1545,2.0769,0.08161,-0.047526,-0.057057,8.5845
2.1546,2.0769,0.081607,-0.047551,-0.056952,8.5829
2.1546,2.0769,0.081604,-0.047577,-0.056865,8.5748
2.1547,2.0769,0.081601,-0.047604,-0.056802,8.5762
2.1547,2.0769,0.081598,-0.047632,-0.056708,8.5825
2.1548,2.0769,0.081595,-0.04766,-0.056641,8.5837
2.1548,2.0769,0.081593,-0.047689,-0.05658,8.5751
2.1549,2.0769,0.08159,-0.047719,-0.056536,8.581
2.1549,2.0769,0.081587,-0.04775,-0.056522,8.5824
2.155,2.0769,0.081584,-0.047781,-0.056557,8.5715
2.1551,2.0769,0.081581,-0.047813,-0.056592,8.5739
2.1551,2.0769,0.081578,-0.047846,-0.056654,8.5708
2.1552,2.0769,0.081575,-0.047879,-0.05665,8.5696
2.1552,2.0769,0.081572,-0.047913,-0.056661,8.5675
2.1553,2.0769,0.081569,-0.047948,-0.0566,8.5756
2.1553,2.0769,0.081566,-0.047983,-0.056477,8.5652
2.1554,2.0769,0.081563,-0.048019,-0.056339,8.5681
2.1554,2.0769,0.08156,-0.048055,-0.056233,8.586
2.1555,2.0769,0.081557,-0.048092,-0.056165,8.5803
2.1555,2.0769,0.081554,-0.048129,-0.056178,8.5765
2.1556,2.0769,0.081551,-0.048167,-0.056134,8.5839
2.1556,2.0769,0.081548,-0.048206,-0.056127,8.5823
2.1557,2.0769,0.081545,-0.048245,-0.056059,8.5788
2.1557,2.0769,0.081542,-0.048284,-0.055964,8.5961
2.1558,2.0769,0.081539,-0.048326,-0.055847,8.6005
2.1558,2.0769,0.081536,-0.048365,-0.055762,8.5878
2.1559,2.0769,0.081533,-0.048401,-0.055716,8.5973
2.1559,2.0769,0.08153,-0.048436,-0.055681,8.6159
2.156,2.0769,0.081527,-0.048471,-0.055593,8.6059
2.1561,2.0769,0.081524,-0.048506,-0.055496,8.6088
2.1561,2.0769,0.081522,-0.048544,-0.055343,8.6202
2.1562,2.0769,0.081519,-0.048584,-0.055199,8.6166
2.1562,2.0769,0.081516,-0.048624,-0.055077,8.6148
2.1563,2.0768,0.081513,-0.048657,-0.055002,8.6214
2.1563,2.0768,0.08151,-0.048685,-0.054955,8.6104
2.1564,2.0768,0.081507,-0.048708,-0.05488,8.6124
2.1564,2.0768,0.081504,-0.048728,-0.054785,8.6209
2.1565,2.0768,0.081501,-0.048748,-0.054638,8.6214
2.1565,2.0768,0.081498,-0.048772,-0.054416,8.6114
2.1566,2.0768,0.081496,-0.048797,-0.054154,8.6181
2.1566,2.0768,0.081493,-0.048824,-0.053873,8.6162
2.1567,2.0768,0.08149,-0.048852,-0.05359,8.6041
2.1567,2.0768,0.081487,-0.048879,-0.053353,8.6063
2.1568,2.0768,0.081484,-0.048909,-0.053097,8.6136
2.1568,2.0768,0.081482,-0.048944,-0.052912,8.6042
2.1569,2.0768,0.081479,-0.048988,-0.052795,8.6123
2.1569,2.0768,0.081476,-0.049037,-0.052707,8.6246
2.157,2.0768,0.081473,-0.049086,-0.052582,8.6234
2.1571,2.0768,0.08147,-0.049137,-0.052465,8.6221
2.1571,2.0768,0.081468,-0.049184,-0.05232,8.6288
2.1572,2.0768,0.081465,-0.049227,-0.052204,8.6288
2.1572,2.0768,0.081462,-0.04927,-0.052059,8.6274
2.1573,2.0768,0.08146,-0.049318,-0.052007,8.6269
2.1573,2.0768,0.081457,-0.049373,-0.051991,8.6334
2.1574,2.0768,0.081454,-0.049433,-0.051955,8.6277
2.1574,2.0768,0.081451,-0.04949,-0.05191,8.6441
2.1575,2.0768,0.081449,-0.049547,-0.0519,8.6508
2.1575,2.0768,0.081446,-0.049601,-0.051835,8.6389
2.1576,2.0768,0.081443,-0.049653,-0.051807,8.6475
2.1576,2.0768,0.08144,-0.049707,-0.051781,8.6547
2.1577,2.0768,0.081438,-0.049761,-0.051776,8.6427
2.1577,2.0768,0.081435,-0.049818,-0.051746,8.6358
2.1578,2.0768,0.081432,-0.049878,-0.051716,8.6433
2.1578,2.0768,0.08143,-0.049938,-0.051731,8.6388
2.1579,2.0768,0.081427,-0.049998,-0.051769,8.6304
2.1579,2.0768,0.081424,-0.050047,-0.051833,8.6411
2.158,2.0768,0.081421,-0.050091,-0.051909,8.6443
2.1581,2.0768,0.081419,-0.05013,-0.051986,8.6329
2.1581,2.0768,0.081416,-0.050165,-0.051999,8.6357
2.1582,2.0768,0.081413,-0.050193,-0.051984,8.6359
2.1582,2.0768,0.08141,-0.050224,-0.051957,8.6257
2.1583,2.0768,0.081408,-0.050264,-0.051936,8.623
2.1583,2.0767,0.081405,-0.050307,-0.051934,8.6308
2.1584,2.0767,0.081402,-0.050348,-0.051981,8.6224
2.1584,2.0767,0.081399,-0.050396,-0.051999,8.6281
2.1585,2.0767,0.081397,-0.050444,-0.052022,8.6375
2.1585,2.0767,0.081394,-0.050489,-0.052012,8.6433
2.1586,2.0767,0.081391,-0.050531,-0.051994,8.6382
2.1586,2.0767,0.081388,-0.050574,-0.051974,8.6482
2.1587,2.0767,0.081386,-0.05062,-0.051959,8.6465
2.1587,2.0767,0.081383,-0.050664,-0.051956,8.6388
2.1588,2.0767,0.08138,-0.05071,-0.051984,8.6442
2.1588,2.0767,0.081378,-0.05076,-0.051966,8.6467
2.1589,2.0767,0.081375,-0.050806,-0.051942,8.639
2.1589,2.0767,0.081372,-0.050847,-0.051892,8.6482
2.159,2.0767,0.081369,-0.050882,-0.051788,8.6459
2.1591,2.0767,0.081367,-0.050908,-0.051655,8.6434
2.1591,2.0767,0.081364,-0.050926,-0.051516,8.6457
2.1592,2.0767,0.081361,-0.050936,-0.051412,8.644
2.1592,2.0767,0.081359,-0.050944,-0.051318,8.633
2.1593,2.0767,0.081356,-0.050955,-0.051219,8.6234
2.1593,2.0767,0.081353,-0.05097,-0.051168,8.6297
2.1594,2.0767,0.08135,-0.050989,-0.05111,8.6147
2.1594,2.0767,0.081348,-0.051013,-0.051012,8.6101
2.1595,2.0767,0.081345,-0.051039,-0.050871,8.6214
2.1595,2.0767,0.081342,-0.051065,-0.050744,8.6228
2.1596,2.0767,0.08134,-0.051088,-0.050595,8.6135
2.1596,2.0767,0.081337,-0.05111,-0.050377,8.62
2.1597,2.0767,0.081334,-0.051131,-0.050152,8.6196
2.1597,2.0767,0.081332,-0.05115,-0.049976,8.6115
2.1598,2.0767,0.081329,-0.051168,-0.049808,8.6204
2.1598,2.0767,0.081327,-0.051185,-0.049674,8.6207
2.1599,2.0767,0.081324,-0.0512,-0.049538,8.6145
2.1599,2.0767,0.081321,-0.051216,-0.049446,8.6202
2.16,2.0767,0.081319,-0.051224,-0.049343,8.6326
2.1601,2.0767,0.081316,-0.05123,-0.049231,8.6357
2.1601,2.0767,0.081314,-0.051235,-0.049153,8.6315
2.1602,2.0767,0.081311,-0.051255,-0.049098,8.6363
2.1602,2.0767,0.081308,-0.051277,-0.049003,8.6344
2.1603,2.0766,0.081306,-0.051303,-0.048917,8.6299
2.1603,2.0766,0.081303,-0.051339,-0.048793,8.6406
2.1604,2.0766,0.081301,-0.05137,-0.048643,8.6385
2.1604,2.0766,0.081298,-0.051389,-0.048459,8.6265
2.1605,2.0766,0.081296,-0.051404,-0.048289,8.6326
2.1605,2.0766,0.081293,-0.051425,-0.048158,8.6383
2.1606,2.0766,0.081291,-0.051454,-0.047996,8.6293
2.1606,2.0766,0.081288,-0.051466,-0.047802,8.6332
2.1607,2.0766,0.081286,-0.051472,-0.047618,8.6388
2.1607,2.0766,0.081283,-0.051481,-0.047431,8.6237
2.1608,2.0766,0.081281,-0.051488,-0.047242,8.6218
2.1608,2.0766,0.081278,-0.05151,-0.047051,8.6262
2.1609,2.0766,0.081276,-0.051542,-0.046901,8.6166
2.1609,2.0766,0.081273,-0.051582,-0.046781,8.6061
2.161,2.0766,0.081271,-0.05163,-0.046647,8.6149
2.1611,2.0766,0.081268,-0.051673,-0.046518,8.6226
2.1611,2.0766,0.081266,-0.051709,-0.046392,8.6164
2.1612,2.0766,0.081263,-0.051747,-0.046271,8.6224
2.1612,2.0766,0.081261,-0.051788,-0.046153,8.6234
2.1613,2.0766,0.081259,-0.051839,-0.04604,8.618
2.1613,2.0766,0.081256,-0.051881,-0.045933,8.6247
2.1614,2.0766,0.081254,-0.051902,-0.045827,8.6311
2.1614,2.0766,0.081251,-0.051913,-0.045723,8.6212
2.1615,2.0766,0.081249,-0.051916,-0.045622,8.6257
2.1615,2.0766,0.081247,-0.051902,-0.045525,8.6359
2.1616,2.0766,0.081244,-0.05188,-0.045436,8.6395
2.1616,2.0766,0.081242,-0.051868,-0.045349,8.6328
2.1617,2.0766,0.081239,-0.051878,-0.045267,8.6509
2.1617,2.0766,0.081237,-0.051891,-0.045194,8.6522
2.1618,2.0766,0.081235,-0.0519,-0.045122,8.6508
2.1618,2.0766,0.081232,-0.051897,-0.045048,8.6552
2.1619,2.0766,0.08123,-0.051897,-0.044977,8.6568
2.1619,2.0766,0.081227,-0.051881,-0.044914,8.6477
2.162,2.0766,0.081225,-0.051859,-0.044855,8.6563
2.1621,2.0766,0.081223,-0.051852,-0.044799,8.6598
2.1621,2.0766,0.08122,-0.051862,-0.04475,8.6492
2.1622,2.0766,0.081218,-0.051885,-0.044712,8.6489
2.1622,2.0765,0.081216,-0.051918,-0.044666,8.6567
2.1623,2.0765,0.081213,-0.051936,-0.044648,8.6515
2.1623,2.0765,0.081211,-0.051958,-0.044653,8.6411
2.1624,2.0765,0.081209,-0.051967,-0.044675,8.6433
2.1624,2.0765,0.081206,-0.051971,-0.0447,8.6441
2.1625,2.0765,0.081204,-0.051982,-0.044724,8.6351
2.1625,2.0765,0.081202,-0.051997,-0.044739,8.6436
2.1626,2.0765,0.081199,-0.052005,-0.044741,8.6467
2.1626,2.0765,0.081197,-0.052014,-0.044723,8.6378
2.1627,2.0765,0.081195,-0.052008,-0.044723,8.653
2.1627,2.0765,0.081192,-0.051995,-0.044728,8.6576
2.1628,2.0765,0.08119,-0.051967,-0.044737,8.6539
2.1628,2.0765,0.081187,-0.051942,-0.044722,8.6548
2.1629,2.0765,0.081185,-0.051923,-0.044759,8.6581
2.1629,2.0765,0.081183,-0.051894,-0.044835,8.6568
2.163,2.0765,0.08118,-0.051855,-0.044956,8.6516
2.1631,2.0765,0.081178,-0.051821,-0.045057,8.6647
2.1631,2.0765,0.081176,-0.051791,-0.04512,8.6674
2.1632,2.0765,0.081173,-0.051757,-0.045159,8.665
2.1632,2.0765,0.081171,-0.051728,-0.045204,8.6785
2.1633,2.0765,0.081169,-0.051703,-0.045213,8.6776
2.1633,2.0765,0.081166,-0.051674,-0.045311,8.662
2.1634,2.0765,0.081164,-0.051636,-0.045394,8.6626
2.1634,2.0765,0.081161,-0.051608,-0.045503,8.664
2.1635,2.0765,0.081159,-0.051578,-0.045565,8.6493
2.1635,2.0765,0.081157,-0.05154,-0.045594,8.6539
2.1636,2.0765,0.081154,-0.051499,-0.045573,8.6595
2.1636,2.0765,0.081152,-0.051457,-0.045533,8.6509
2.1637,2.0765,0.081149,-0.051409,-0.045447,8.6494
2.1637,2.0765,0.081147,-0.051365,-0.04537,8.6624
2.1638,2.0765,0.081145,-0.051329,-0.045238,8.6571
2.1638,2.0765,0.081142,-0.051306,-0.045146,8.6474
2.1639,2.0765,0.08114,-0.051287,-0.045123,8.6526
2.1639,2.0765,0.081137,-0.05127,-0.045177,8.6419
2.164,2.0765,0.081135,-0.051258,-0.045194,8.636
2.1641,2.0765,0.081133,-0.05125,-0.045233,8.6487
2.1641,2.0764,0.08113,-0.051244,-0.045234,8.6489
2.1642,2.0764,0.081128,-0.051246,-0.045192,8.6447
2.1642,2.0764,0.081126,-0.051248,-0.045093,8.6561
2.1643,2.0764,0.081123,-0.051243,-0.045019,8.6528
2.1643,2.0764,0.081121,-0.051232,-0.045002,8.6452
2.1644,2.0764,0.081118,-0.051215,-0.045029,8.6489
2.1644,2.0764,0.081116,-0.051193,-0.045044,8.6514
2.1645,2.0764,0.081114,-0.051166,-0.045101,8.6398
2.1645,2.0764,0.081111,-0.051142,-0.045141,8.6399
2.1646,2.0764,0.081109,-0.051121,-0.045166,8.6522
2.1646,2.0764,0.081107,-0.051104,-0.045171,8.644
2.1647,2.0764,0.081104,-0.051095,-0.045214,8.6318
2.1647,2.0764,0.081102,-0.051089,-0.045237,8.6437
2.1648,2.0764,0.081099,-0.051081,-0.045261,8.6344
2.1648,2.0764,0.081097,-0.051073,-0.045267,8.6242
2.1649,2.0764,0.081095,-0.051065,-0.045242,8.6237
2.1649,2.0764,0.081092,-0.051057,-0.045162,8.6179
2.165,2.0764,0.08109,-0.051047,-0.045076,8.6095
2.1651,2.0764,0.081088,-0.05104,-0.044947,8.6078
2.1651,2.0764,0.081085,-0.051038,-0.044873,8.6056
2.1652,2.0764,0.081083,-0.051038,-0.044777,8.6002
2.1652,2.0764,0.08108,-0.051037,-0.044743,8.5945
2.1653,2.0764,0.081078,-0.051039,-0.044775,8.6066
2.1653,2.0764,0.081076,-0.051043,-0.044823,8.5941
2.1654,2.0764,0.081073,-0.051047,-0.044845,8.5901
2.1654,2.0764,0.081071,-0.051049,-0.044834,8.5963
2.1655,2.0764,0.081069,-0.051044,-0.044736,8.5918
2.1655,2.0764,0.081066,-0.051035,-0.044691,8.5874
2.1656,2.0764,0.081064,-0.051026,-0.04461,8.5929
2.1656,2.0764,0.081062,-0.051014,-0.044584,8.5948
2.1657,2.0764,0.081059,-0.051003,-0.044587,8.5927
2.1657,2.0764,0.081057,-0.050991,-0.044612,8.6023
2.1658,2.0764,0.081055,-0.050985,-0.044606,8.5975
2.1658,2.0764,0.081052,-0.050978,-0.044557,8.5928
2.1659,2.0764,0.08105,-0.050965,-0.044495,8.5983
2.1659,2.0764,0.081048,-0.05095,-0.044478,8.6014
2.166,2.0764,0.081045,-0.050935,-0.044466,8.5906
2.1661,2.0764,0.081043,-0.050912,-0.044511,8.5853
2.1661,2.0763,0.081041,-0.050891,-0.044553,8.6015
2.1662,2.0763,0.081038,-0.050871,-0.044578,8.5937
2.1662,2.0763,0.081036,-0.050858,-0.044552,8.5875
2.1663,2.0763,0.081034,-0.050857,-0.044492,8.6078
2.1663,2.0763,0.081031,-0.050865,-0.044453,8.5993
2.1664,2.0763,0.081029,-0.050881,-0.044426,8.5897
2.1664,2.0763,0.081027,-0.0509,-0.044449,8.5903
2.1665,2.0763,0.081024,-0.050918,-0.044552,8.5865
2.1665,2.0763,0.081022,-0.050937,-0.044717,8.5699
2.1666,2.0763,0.081019,-0.050954,-0.044923,8.5759
2.1666,2.0763,0.081017,-0.050969,-0.045154,8.5802
2.1667,2.0763,0.081015,-0.050991,-0.045356,8.5713
2.1667,2.0763,0.081012,-0.051012,-0.045601,8.5783
2.1668,2.0763,0.08101,-0.051034,-0.04579,8.593
2.1668,2.0763,0.081007,-0.051052,-0.045925,8.579
2.1669,2.0763,0.081005,-0.051069,-0.046035,8.5796
2.1669,2.0763,0.081003,-0.051087,-0.046191,8.5811
2.167,2.0763,0.081,-0.051103,-0.046348,8.5812
2.1671,2.0763,0.080998,-0.051123,-0.046526,8.5785
2.1671,2.0763,0.080995,-0.051144,-0.046706,8.5913
2.1672,2.0763,0.080993,-0.051169,-0.046945,8.5952
2.1672,2.0763,0.08099,-0.051191,-0.047108,8.5953
2.1673,2.0763,0.080988,-0.051207,-0.04725,8.6066
2.1673,2.0763,0.080985,-0.051219,-0.047415,8.6052
2.1674,2.0763,0.080983,-0.051232,-0.047585,8.5977
2.1674,2.0763,0.08098,-0.051238,-0.047709,8.6117
2.1675,2.0763,0.080978,-0.051237,-0.047865,8.6134
2.1675,2.0763,0.080975,-0.051239,-0.047999,8.5998
2.1676,2.0763,0.080973,-0.051243,-0.048129,8.6017
2.1676,2.0763,0.08097,-0.051246,-0.048235,8.6103
2.1677,2.0763,0.080968,-0.051257,-0.048368,8.6011
2.1677,2.0763,0.080965,-0.051279,-0.048502,8.6002
2.1678,2.0763,0.080963,-0.051312,-0.04859,8.6134
2.1678,2.0763,0.08096,-0.051353,-0.04865,8.6065
2.1679,2.0763,0.080957,-0.051401,-0.048659,8.6037
2.1679,2.0763,0.080955,-0.051458,-0.048672,8.6028
2.168,2.0763,0.080952,-0.051514,-0.04869,8.5988
2.1681,2.0762,0.08095,-0.051573,-0.048757,8.5885
2.1681,2.0762,0.080947,-0.051638,-0.048877,8.5944
2.1682,2.0762,0.080945,-0.051704,-0.049021,8.5952
2.1682,2.0762,0.080942,-0.051765,-0.049154,8.5836
2.1683,2.0762,0.080939,-0.051824,-0.049246,8.5934
2.1683,2.0762,0.080937,-0.051879,-0.049245,8.608
2.1684,2.0762,0.080934,-0.051927,-0.049265,8.5986
2.1684,2.0762,0.080932,-0.051969,-0.049246,8.5978
2.1685,2.0762,0.080929,-0.052014,-0.049207,8.6026
2.1685,2.0762,0.080926,-0.052057,-0.049208,8.595
2.1686,2.0762,0.080924,-0.052085,-0.04922,8.5967
2.1686,2.0762,0.080921,-0.052103,-0.049207,8.6057
2.1687,2.0762,0.080919,-0.052117,-0.04917,8.6031
2.1687,2.0762,0.080916,-0.052136,-0.049147,8.5981
2.1688,2.0762,0.080913,-0.052157,-0.049194,8.6137
2.1688,2.0762,0.080911,-0.052179,-0.049239,8.6154
2.1689,2.0762,0.080908,-0.052197,-0.049271,8.6072
2.1689,2.0762,0.080906,-0.052213,-0.04934,8.6151
2.169,2.0762,0.080903,-0.052218,-0.049394,8.6191
2.1691,2.0762,0.080901,-0.052214,-0.049387,8.6059
2.1691,2.0762,0.080898,-0.052217,-0.049309,8.6061
2.1692,2.0762,0.080895,-0.052231,-0.049246,8.6161
2.1692,2.0762,0.080893,-0.052246,-0.049185,8.602
2.1693,2.0762,0.08089,-0.052257,-0.049068,8.6017
2.1693,2.0762,0.080888,-0.05226,-0.048946,8.6143
2.1694,2.0762,0.080885,-0.052265,-0.048854,8.6155
2.1694,2.0762,0.080882,-0.052266,-0.048804,8.6047
2.1695,2.0762,0.08088,-0.052261,-0.048739,8.6141
2.1695,2.0762,0.080877,-0.052262,-0.048696,8.6109
2.1696,2.0762,0.080875,-0.052265,-0.048726,8.5993
2.1696,2.0762,0.080872,-0.05227,-0.048771,8.6072
2.1697,2.0762,0.08087,-0.052277,-0.048775,8.6139
2.1697,2.0762,0.080867,-0.052285,-0.048775,8.6056
2.1698,2.0762,0.080864,-0.052295,-0.048742,8.6084
2.1698,2.0762,0.080862,-0.052307,-0.048713,8.6182
2.1699,2.0762,0.080859,-0.05232,-0.048638,8.6065
2.1699,2.0761,0.080857,-0.052335,-0.048571,8.5982
2.17,2.0761,0.080854,-0.052351,-0.048511,8.6037
2.1701,2.0761,0.080852,-0.052369,-0.048412,8.5948
2.1701,2.0761,0.080849,-0.052388,-0.048283,8.5847
2.1702,2.0761,0.080847,-0.052409,-0.048173,8.5865
2.1702,2.0761,0.080844,-0.052431,-0.048076,8.5821
2.1703,2.0761,0.080842,-0.05245,-0.048016,8.5779
2.1703,2.0761,0.080839,-0.052478,-0.04802,8.5868
2.1704,2.0761,0.080837,-0.052514,-0.048066,8.5867
2.1704,2.0761,0.080834,-0.052553,-0.048134,8.5775
2.1705,2.0761,0.080831,-0.052595,-0.048158,8.5783
2.1705,2.0761,0.080829,-0.052636,-0.048206,8.5784
2.1706,2.0761,0.080826,-0.052673,-0.048283,8.5671
2.1706,2.0761,0.080824,-0.052706,-0.048383,8.5605
2.1707,2.0761,0.080821,-0.052732,-0.048494,8.5701
2.1707,2.0761,0.080819,-0.052763,-0.048647,8.5608
2.1708,2.0761,0.080816,-0.052799,-0.048803,8.5573
2.1708,2.0761,0.080814,-0.052831,-0.048941,8.5686
2.1709,2.0761,0.080811,-0.052864,-0.04903,8.5648
2.1709,2.0761,0.080808,-0.052892,-0.049127,8.5595
2.171,2.0761,0.080806,-0.052917,-0.049225,8.569
2.1711,2.0761,0.080803,-0.052942,-0.049331,8.5645
2.1711,2.0761,0.080801,-0.052968,-0.049424,8.5548
2.1712,2.0761,0.080798,-0.052997,-0.049483,8.5629
2.1712,2.0761,0.080795,-0.053033,-0.04948,8.5665
2.1713,2.0761,0.080793,-0.05307,-0.04945,8.5607
2.1713,2.0761,0.08079,-0.053114,-0.049398,8.5653
2.1714,2.0761,0.080788,-0.053155,-0.049317,8.5832
2.1714,2.0761,0.080785,-0.05319,-0.049259,8.5756
2.1715,2.0761,0.080782,-0.053223,-0.04923,8.5739
2.1715,2.0761,0.08078,-0.053252,-0.049198,8.5874
2.1716,2.0761,0.080777,-0.053275,-0.049154,8.5771
2.1716,2.0761,0.080775,-0.053294,-0.049083,8.5655
2.1717,2.0761,0.080772,-0.053316,-0.049014,8.5744
2.1717,2.0761,0.08077,-0.053344,-0.048918,8.5713
2.1718,2.0761,0.080767,-0.053375,-0.048832,8.569
2.1718,2.076,0.080764,-0.053409,-0.048783,8.5796
2.1719,2.076,0.080762,-0.05345,-0.048715,8.5874
2.1719,2.076,0.080759,-0.053493,-0.048686,8.5773
2.172,2.076,0.080757,-0.053533,-0.048697,8.5806
2.1721,2.076,0.080754,-0.053574,-0.04876,8.5843
2.1721,2.076,0.080752,-0.053618,-0.048817,8.5743
2.1722,2.076,0.080749,-0.053658,-0.048877,8.5775
2.1722,2.076,0.080746,-0.053698,-0.048944,8.5837
2.1723,2.076,0.080744,-0.053734,-0.048949,8.5719
2.1723,2.076,0.080741,-0.053763,-0.048882,8.5777
2.1724,2.076,0.080739,-0.053787,-0.048821,8.5921
2.1724,2.076,0.080736,-0.05381,-0.04877,8.5898
2.1725,2.076,0.080734,-0.053835,-0.048754,8.5849
2.1725,2.076,0.080731,-0.053865,-0.048747,8.5959
2.1726,2.076,0.080728,-0.053895,-0.048778,8.5921
2.1726,2.076,0.080726,-0.053935,-0.048813,8.5927
2.1727,2.076,0.080723,-0.053977,-0.048829,8.6001
2.1727,2.076,0.080721,-0.054022,-0.04884,8.6027
2.1728,2.076,0.080718,-0.054071,-0.048861,8.5995
2.1728,2.076,0.080716,-0.054121,-0.048853,8.6129
2.1729,2.076,0.080713,-0.05417,-0.04882,8.6233
2.1729,2.076,0.08071,-0.054214,-0.04877,8.6158
2.173,2.076,0.080708,-0.054254,-0.048717,8.6184
2.1731,2.076,0.080705,-0.054298,-0.048674,8.6293
2.1731,2.076,0.080703,-0.054344,-0.048635,8.6176
2.1732,2.076,0.0807,-0.0544,-0.048583,8.6134
2.1732,2.076,0.080698,-0.054459,-0.048528,8.6191
2.1733,2.076,0.080695,-0.054518,-0.048371,8.6138
2.1733,2.076,0.080693,-0.054584,-0.04817,8.6061
2.1734,2.076,0.08069,-0.054647,-0.047945,8.6184
2.1734,2.076,0.080688,-0.054713,-0.047714,8.6201
2.1735,2.076,0.080685,-0.054775,-0.047479,8.6098
2.1735,2.076,0.080683,-0.054838,-0.047273,8.6301
2.1736,2.076,0.08068,-0.054901,-0.047081,8.6256
2.1736,2.076,0.080678,-0.054949,-0.046882,8.6211
2.1737,2.0759,0.080675,-0.054997,-0.046644,8.6235
2.1737,2.0759,0.080673,-0.055053,-0.046442,8.6237
2.1738,2.0759,0.08067,-0.055116,-0.046229,8.6203
2.1738,2.0759,0.080668,-0.05519,-0.046009,8.6177
2.1739,2.0759,0.080665,-0.055268,-0.045785,8.6349
2.1739,2.0759,0.080663,-0.055356,-0.045595,8.631
2.174,2.0759,0.080661,-0.055439,-0.045422,8.6215
2.1741,2.0759,0.080658,-0.055505,-0.04525,8.6376
2.1741,2.0759,0.080656,-0.055565,-0.045099,8.6395
2.1742,2.0759,0.080653,-0.055614,-0.044967,8.6245
2.1742,2.0759,0.080651,-0.055667,-0.04481,8.6349
2.1743,2.0759,0.080649,-0.05572,-0.044638,8.6376
2.1743,2.0759,0.080646,-0.055781,-0.044456,8.6281
2.1744,2.0759,0.080644,-0.055853,-0.044265,8.6357
2.1744,2.0759,0.080642,-0.055934,-0.044073,8.6449
2.1745,2.0759,0.080639,-0.056013,-0.043876,8.6414
2.1745,2.0759,0.080637,-0.056096,-0.043684,8.6372
2.1746,2.0759,0.080635,-0.056175,-0.043491,8.6428
2.1746,2.0759,0.080633,-0.05625,-0.043297,8.6334
2.1747,2.0759,0.08063,-0.056316,-0.043098,8.626
2.1747,2.0759,0.080628,-0.056385,-0.042893,8.6314
2.1748,2.0759,0.080626,-0.056449,-0.042686,8.628
2.1748,2.0759,0.080624,-0.056507,-0.042475,8.6212
2.1749,2.0759,0.080621,-0.056565,-0.042272,8.6271
2.1749,2.0759,0.080619,-0.056621,-0.042044,8.6272
2.175,2.0759,0.080617,-0.056669,-0.041801,8.6294
2.1751,2.0759,0.080615,-0.056703,-0.041551,8.6343
2.1751,2.0759,0.080613,-0.05673,-0.041312,8.6357
2.1752,2.0759,0.08061,-0.05676,-0.041058,8.6336
2.1752,2.0759,0.080608,-0.056784,-0.040798,8.6309
2.1753,2.0759,0.080606,-0.056809,-0.040551,8.6376
2.1753,2.0759,0.080604,-0.056842,-0.040326,8.6308
2.1754,2.0759,0.080602,-0.056879,-0.04009,8.6309
2.1754,2.0759,0.0806,-0.056921,-0.039865,8.644
2.1755,2.0758,0.080598,-0.056962,-0.039656,8.6386
2.1755,2.0758,0.080596,-0.057001,-0.039464,8.6406
2.1756,2.0758,0.080594,-0.057042,-0.039257,8.6506
2.1756,2.0758,0.080592,-0.057079,-0.039059,8.6426
2.1757,2.0758,0.08059,-0.057116,-0.038839,8.6346
2.1757,2.0758,0.080587,-0.057144,-0.038602,8.6445
2.1758,2.0758,0.080585,-0.057172,-0.038357,8.6444
2.1758,2.0758,0.080583,-0.057203,-0.038107,8.6302
2.1759,2.0758,0.080581,-0.057234,-0.037867,8.6323
2.1759,2.0758,0.080579,-0.057264,-0.037641,8.6428
2.176,2.0758,0.080578,-0.057299,-0.037435,8.6364
2.1761,2.0758,0.080576,-0.057332,-0.037252,8.6395
2.1761,2.0758,0.080574,-0.057367,-0.037056,8.6386
2.1762,2.0758,0.080572,-0.057401,-0.036862,8.6324
2.1762,2.0758,0.08057,-0.05743,-0.036672,8.6263
2.1763,2.0758,0.080568,-0.057455,-0.036486,8.6306
2.1763,2.0758,0.080566,-0.057476,-0.036308,8.625
2.1764,2.0758,0.080564,-0.057495,-0.036137,8.615
2.1764,2.0758,0.080562,-0.057512,-0.035985,8.6275
2.1765,2.0758,0.08056,-0.05753,-0.035805,8.629
2.1765,2.0758,0.080558,-0.057549,-0.035622,8.6246
2.1766,2.0758,0.080556,-0.05757,-0.035422,8.6273
2.1766,2.0758,0.080555,-0.057588,-0.035197,8.6345
2.1767,2.0758,0.080553,-0.057607,-0.034941,8.6272
2.1767,2.0758,0.080551,-0.05762,-0.034665,8.6297
2.1768,2.0758,0.080549,-0.057629,-0.034361,8.6342
2.1768,2.0758,0.080547,-0.057635,-0.034089,8.6202
2.1769,2.0758,0.080546,-0.057639,-0.033819,8.624
2.1769,2.0758,0.080544,-0.057641,-0.03358,8.6413
2.177,2.0758,0.080542,-0.057643,-0.033354,8.6295
2.1771,2.0758,0.08054,-0.057646,-0.033136,8.6248
2.1771,2.0758,0.080539,-0.05765,-0.032917,8.6387
2.1772,2.0758,0.080537,-0.057653,-0.032697,8.6309
2.1772,2.0757,0.080535,-0.057658,-0.032459,8.6179
2.1773,2.0757,0.080533,-0.057661,-0.032247,8.6226
2.1773,2.0757,0.080532,-0.057662,-0.032049,8.6248
2.1774,2.0757,0.08053,-0.05767,-0.031858,8.6146
2.1774,2.0757,0.080528,-0.057687,-0.03168,8.6153
2.1775,2.0757,0.080527,-0.057705,-0.031513,8.6284
2.1775,2.0757,0.080525,-0.057728,-0.031361,8.6239
2.1776,2.0757,0.080523,-0.057749,-0.031223,8.6186
2.1776,2.0757,0.080522,-0.057763,-0.031094,8.6289
2.1777,2.0757,0.08052,-0.057759,-0.030977,8.6152
2.1777,2.0757,0.080519,-0.057737,-0.03087,8.6206
2.1778,2.0757,0.080517,-0.057709,-0.030775,8.6248
2.1778,2.0757,0.080515,-0.057676,-0.030707,8.6175
2.1779,2.0757,0.080514,-0.05763,-0.030623,8.607
2.1779,2.0757,0.080512,-0.057586,-0.030532,8.6179
2.178,2.0757,0.080511,-0.057539,-0.030451,8.6216
2.1781,2.0757,0.080509,-0.057495,-0.030346,8.6182
2.1781,2.0757,0.080507,-0.057451,-0.030228,8.6278
2.1782,2.0757,0.080506,-0.057406,-0.030115,8.6279
2.1782,2.0757,0.080504,-0.057363,-0.030006,8.6175
2.1783,2.0757,0.080503,-0.057318,-0.029962,8.6246
2.1783,2.0757,0.080501,-0.057266,-0.029935,8.6298
2.1784,2.0757,0.080499,-0.05721,-0.029949,8.6228
2.1784,2.0757,0.080498,-0.057144,-0.030017,8.6275
2.1785,2.0757,0.080496,-0.057078,-0.030052,8.6455
2.1785,2.0757,0.080495,-0.057022,-0.030064,8.6436
2.1786,2.0757,0.080493,-0.056975,-0.030077,8.6477
2.1786,2.0757,0.080492,-0.056929,-0.030061,8.6582
2.1787,2.0757,0.08049,-0.05687,-0.030029,8.6613
2.1787,2.0757,0.080488,-0.056801,-0.029975,8.6494
2.1788,2.0757,0.080487,-0.056721,-0.02991,8.6541
2.1788,2.0757,0.080485,-0.05664,-0.02988,8.6517
2.1789,2.0757,0.080484,-0.056556,-0.029897,8.6419
2.1789,2.0756,0.080482,-0.056485,-0.029959,8.6461
2.179,2.0756,0.08048,-0.056432,-0.030096,8.6571
2.1791,2.0756,0.080479,-0.056377,-0.030277,8.6515
2.1791,2.0756,0.080477,-0.056317,-0.030473,8.6555
2.1792,2.0756,0.080476,-0.056255,-0.030696,8.6665
2.1792,2.0756,0.080474,-0.056193,-0.030893,8.654
2.1793,2.0756,0.080472,-0.056142,-0.031106,8.6511
2.1793,2.0756,0.080471,-0.056087,-0.031332,8.6639
2.1794,2.0756,0.080469,-0.056036,-0.031487,8.6576
2.1794,2.0756,0.080467,-0.055991,-0.031663,8.6494
2.1795,2.0756,0.080466,-0.055935,-0.031848,8.6644
2.1795,2.0756,0.080464,-0.055879,-0.032026,8.656
2.1796,2.0756,0.080462,-0.055816,-0.032224,8.6494
2.1796,2.0756,0.080461,-0.055754,-0.032424,8.6683
2.1797,2.0756,0.080459,-0.055694,-0.032674,8.67
2.1797,2.0756,0.080457,-0.055636,-0.032925,8.6576
2.1798,2.0756,0.080455,-0.055577,-0.033128,8.6591
2.1798,2.0756,0.080454,-0.05552,-0.03338,8.6615
2.1799,2.0756,0.080452,-0.055466,-0.033609,8.6471
2.1799,2.0756,0.08045,-0.055416,-0.033828,8.641
2.18,2.0756,0.080448,-0.055361,-0.034047,8.655
2.1801,2.0756,0.080447,-0.055308,-0.034272,8.6528
2.1801,2.0756,0.080445,-0.055255,-0.034528,8.6491
2.1802,2.0756,0.080443,-0.055201,-0.034731,8.6653
2.1802,2.0756,0.080441,-0.055151,-0.034914,8.6603
2.1803,2.0756,0.080439,-0.055096,-0.035104,8.6492
2.1803,2.0756,0.080437,-0.055039,-0.035282,8.6519
2.1804,2.0756,0.080436,-0.054971,-0.03548,8.6452
2.1804,2.0756,0.080434,-0.054895,-0.035698,8.6396
2.1805,2.0756,0.080432,-0.05482,-0.035917,8.6417
2.1805,2.0756,0.08043,-0.054751,-0.036119,8.6426
2.1806,2.0756,0.080428,-0.054696,-0.036248,8.6331
2.1806,2.0756,0.080426,-0.054647,-0.036354,8.636
2.1807,2.0756,0.080424,-0.054598,-0.036422,8.6565
2.1807,2.0756,0.080422,-0.054548,-0.036469,8.6484
2.1808,2.0755,0.08042,-0.054496,-0.036509,8.6404
2.1808,2.0755,0.080418,-0.054446,-0.036566,8.6401
2.1809,2.0755,0.080416,-0.054396,-0.036611,8.6408
2.1809,2.0755,0.080414,-0.054345,-0.036661,8.6271
2.181,2.0755,0.080413,-0.054291,-0.036722,8.6346
2.1811,2.0755,0.080411,-0.054229,-0.036824,8.6305
2.1811,2.0755,0.080409,-0.054162,-0.036991,8.618
2.1812,2.0755,0.080407,-0.054092,-0.037249,8.6304
2.1812,2.0755,0.080405,-0.054021,-0.037556,8.6309
2.1813,2.0755,0.080403,-0.053954,-0.037893,8.6162
2.1813,2.0755,0.080401,-0.053888,-0.038247,8.6222
2.1814,2.0755,0.080399,-0.053824,-0.038581,8.6215
2.1814,2.0755,0.080397,-0.053761,-0.038884,8.6102
2.1815,2.0755,0.080395,-0.053699,-0.039186,8.6054
2.1815,2.0755,0.080393,-0.053638,-0.039499,8.6119
2.1816,2.0755,0.08039,-0.053579,-0.039839,8.6075
2.1816,2.0755,0.080388,-0.053519,-0.040174,8.6037
2.1817,2.0755,0.080386,-0.053464,-0.040543,8.6138
2.1817,2.0755,0.080384,-0.053413,-0.040913,8.6145
2.1818,2.0755,0.080382,-0.053365,-0.041252,8.6029
2.1818,2.0755,0.08038,-0.053319,-0.04161,8.6076
2.1819,2.0755,0.080377,-0.053273,-0.041932,8.6039
2.1819,2.0755,0.080375,-0.053227,-0.042213,8.5878
2.182,2.0755,0.080373,-0.053179,-0.042434,8.5946
2.1821,2.0755,0.080371,-0.053127,-0.042644,8.5998
2.1821,2.0755,0.080368,-0.05308,-0.042854,8.5861
2.1822,2.0755,0.080366,-0.053039,-0.043022,8.5943
2.1822,2.0755,0.080364,-0.053005,-0.043218,8.6031
2.1823,2.0755,0.080362,-0.052981,-0.043465,8.5988
2.1823,2.0755,0.080359,-0.05296,-0.043696,8.5953
2.1824,2.0755,0.080357,-0.052943,-0.043913,8.5997
2.1824,2.0755,0.080355,-0.052925,-0.044095,8.6002
2.1825,2.0755,0.080352,-0.0529,-0.044276,8.5904
2.1825,2.0755,0.08035,-0.052871,-0.044433,8.594
2.1826,2.0755,0.080348,-0.052838,-0.044559,8.594
2.1826,2.0754,0.080345,-0.052804,-0.044692,8.5902
2.1827,2.0754,0.080343,-0.05277,-0.044817,8.5959
2.1827,2.0754,0.080341,-0.052735,-0.044936,8.594
2.1828,2.0754,0.080338,-0.052704,-0.045033,8.583
2.1828,2.0754,0.080336,-0.052675,-0.045136,8.5887
2.1829,2.0754,0.080334,-0.052652,-0.045255,8.5871
2.1829,2.0754,0.080331,-0.052623,-0.0454,8.5733
2.183,2.0754,0.080329,-0.05259,-0.045589,8.5721
2.1831,2.0754,0.080326,-0.052556,-0.045787,8.5802
2.1831,2.0754,0.080324,-0.052523,-0.045954,8.5694
2.1832,2.0754,0.080321,-0.052495,-0.046089,8.5753
2.1832,2.0754,0.080319,-0.052475,-0.046184,8.5861
2.1833,2.0754,0.080317,-0.052459,-0.046291,8.5814
2.1833,2.0754,0.080314,-0.052449,-0.046388,8.574
2.1834,2.0754,0.080312,-0.052437,-0.046478,8.5884
2.1834,2.0754,0.080309,-0.052424,-0.046566,8.5823
2.1835,2.0754,0.080307,-0.052406,-0.046612,8.577
2.1835,2.0754,0.080304,-0.052387,-0.046599,8.5805
2.1836,2.0754,0.080302,-0.052377,-0.046553,8.5869
2.1836,2.0754,0.080299,-0.052365,-0.046493,8.5779
2.1837,2.0754,0.080297,-0.052348,-0.046445,8.5902
2.1837,2.0754,0.080295,-0.052331,-0.04639,8.6037
2.1838,2.0754,0.080292,-0.052308,-0.046329,8.5993
2.1838,2.0754,0.08029,-0.052279,-0.046254,8.5949
2.1839,2.0754,0.080287,-0.052235,-0.046172,8.5989
2.1839,2.0754,0.080285,-0.052187,-0.046079,8.5906
2.184,2.0754,0.080282,-0.052151,-0.045958,8.5877
2.1841,2.0754,0.08028,-0.052113,-0.045853,8.5974
2.1841,2.0754,0.080278,-0.052092,-0.045758,8.5948
2.1842,2.0754,0.080275,-0.052082,-0.045671,8.5842
2.1842,2.0754,0.080273,-0.052077,-0.045581,8.5928
2.1843,2.0754,0.08027,-0.05208,-0.045482,8.6014
2.1843,2.0754,0.080268,-0.052076,-0.045369,8.5938
2.1844,2.0754,0.080266,-0.052069,-0.045233,8.5973
2.1844,2.0754,0.080263,-0.052058,-0.045067,8.5956
2.1845,2.0754,0.080261,-0.052045,-0.044892,8.5853
2.1845,2.0753,0.080259,-0.052031,-0.044732,8.5946
2.1846,2.0753,0.080256,-0.05202,-0.04458,8.5984
2.1846,2.0753,0.080254,-0.052009,-0.04443,8.588
2.1847,2.0753,0.080252,-0.051999,-0.044261,8.5918
2.1847,2.0753,0.080249,-0.051999,-0.044106,8.6025
2.1848,2.0753,0.080247,-0.052005,-0.043937,8.6012
2.1848,2.0753,0.080245,-0.052013,-0.043765,8.5958
2.1849,2.0753,0.080242,-0.052029,-0.043602,8.604
2.1849,2.0753,0.08024,-0.052047,-0.04347,8.604
2.185,2.0753,0.080238,-0.052072,-0.043332,8.5947
2.1851,2.0753,0.080235,-0.0521,-0.043155,8.6028
2.1851,2.0753,0.080233,-0.05213,-0.042958,8.6052
2.1852,2.0753,0.080231,-0.052162,-0.042761,8.5993
2.1852,2.0753,0.080229,-0.052186,-0.04253,8.6022
2.1853,2.0753,0.080226,-0.052206,-0.042288,8.6162
2.1853,2.0753,0.080224,-0.052214,-0.042053,8.6121
2.1854,2.0753,0.080222,-0.052221,-0.041803,8.606
2.1854,2.0753,0.08022,-0.052244,-0.041531,8.6181
2.1855,2.0753,0.080218,-0.052279,-0.041229,8.6011
2.1855,2.0753,0.080216,-0.052328,-0.040934,8.5984
2.1856,2.0753,0.080213,-0.052387,-0.040604,8.6077
2.1856,2.0753,0.080211,-0.05246,-0.040316,8.6005
2.1857,2.0753,0.080209,-0.05254,-0.040057,8.5951
2.1857,2.0753,0.080207,-0.052611,-0.039813,8.607
2.1858,2.0753,0.080205,-0.052686,-0.03957,8.6108
2.1858,2.0753,0.080203,-0.052766,-0.039314,8.5971
2.1859,2.0753,0.080201,-0.052837,-0.039032,8.6032
2.1859,2.0753,0.080199,-0.052905,-0.038709,8.5995
2.186,2.0753,0.080197,-0.052974,-0.038332,8.5893
2.1861,2.0753,0.080195,-0.053046,-0.037978,8.5942
2.1861,2.0753,0.080193,-0.053104,-0.037618,8.5992
2.1862,2.0753,0.080191,-0.053154,-0.037253,8.5919
2.1862,2.0753,0.080189,-0.053205,-0.036883,8.5911
2.1863,2.0753,0.080187,-0.053251,-0.036507,8.6062
2.1863,2.0753,0.080185,-0.05329,-0.036126,8.6025
2.1864,2.0753,0.080183,-0.053319,-0.035725,8.6016
2.1864,2.0753,0.080181,-0.053359,-0.035342,8.6172
2.1865,2.0752,0.08018,-0.053402,-0.034957,8.6078
2.1865,2.0752,0.080178,-0.053444,-0.034575,8.5995
2.1866,2.0752,0.080176,-0.053503,-0.034244,8.6003
2.1866,2.0752,0.080174,-0.053572,-0.033948,8.6015
2.1867,2.0752,0.080172,-0.05365,-0.033716,8.5875
2.1867,2.0752,0.080171,-0.053729,-0.033539,8.5905
2.1868,2.0752,0.080169,-0.0538,-0.033347,8.6001
2.1868,2.0752,0.080167,-0.053879,-0.033154,8.5888
2.1869,2.0752,0.080165,-0.053949,-0.032914,8.5892
2.1869,2.0752,0.080164,-0.054016,-0.032636,8.5927
2.187,2.0752,0.080162,-0.054091,-0.03236,8.5821
2.1871,2.0752,0.08016,-0.054163,-0.032073,8.5726
2.1871,2.0752,0.080159,-0.054238,-0.031821,8.5811
2.1872,2.0752,0.080157,-0.054311,-0.031597,8.5773
2.1872,2.0752,0.080155,-0.054388,-0.031364,8.571
2.1873,2.0752,0.080154,-0.054469,-0.031135,8.5842
2.1873,2.0752,0.080152,-0.054549,-0.03091,8.5812
2.1874,2.0752,0.08015,-0.054635,-0.03069,8.568
2.1874,2.0752,0.080149,-0.054725,-0.030475,8.5719
2.1875,2.0752,0.080147,-0.054815,-0.030264,8.5767
2.1875,2.0752,0.080146,-0.054906,-0.030059,8.564
2.1876,2.0752,0.080144,-0.05499,-0.029859,8.5566
2.1876,2.0752,0.080142,-0.055074,-0.029664,8.5684
2.1877,2.0752,0.080141,-0.055157,-0.029475,8.561
2.1877,2.0752,0.080139,-0.05523,-0.029291,8.5576
2.1878,2.0752,0.080138,-0.055313,-0.029112,8.5725
2.1878,2.0752,0.080136,-0.055402,-0.028939,8.571
2.1879,2.0752,0.080135,-0.055496,-0.028771,8.561
2.1879,2.0752,0.080133,-0.055589,-0.028609,8.5766
2.188,2.0752,0.080132,-0.055668,-0.028453,8.5756
2.1881,2.0752,0.08013,-0.055734,-0.028303,8.5734
2.1881,2.0752,0.080129,-0.055788,-0.028158,8.5829
2.1882,2.0752,0.080127,-0.055824,-0.028035,8.5857
2.1882,2.0752,0.080126,-0.055863,-0.027893,8.5756
2.1883,2.0751,0.080124,-0.055908,-0.027725,8.5814
2.1883,2.0751,0.080123,-0.055955,-0.027576,8.5853
2.1884,2.0751,0.080122,-0.056002,-0.027443,8.5797
2.1884,2.0751,0.08012,-0.056051,-0.027313,8.5838
2.1885,2.0751,0.080119,-0.056101,-0.027209,8.5903
2.1885,2.0751,0.080117,-0.056144,-0.027163,8.5762
2.1886,2.0751,0.080116,-0.056193,-0.027161,8.5716
2.1886,2.0751,0.080114,-0.056262,-0.02713,8.5756
2.1887,2.0751,0.080113,-0.056346,-0.027101,8.5659
2.1887,2.0751,0.080112,-0.056445,-0.027103,8.5594
2.1888,2.0751,0.08011,-0.056546,-0.027081,8.5736
2.1888,2.0751,0.080109,-0.056645,-0.026975,8.5748
2.1889,2.0751,0.080107,-0.056734,-0.026841,8.5639
2.1889,2.0751,0.080106,-0.05681,-0.026687,8.5721
2.189,2.0751,0.080104,-0.056881,-0.026492,8.5821
2.1891,2.0751,0.080103,-0.056954,-0.026238,8.5711
2.1891,2.0751,0.080102,-0.057026,-0.025998,8.5718
2.1892,2.0751,0.0801,-0.0571,-0.025806,8.5753
2.1892,2.0751,0.080099,-0.057161,-0.025613,8.5657
2.1893,2.0751,0.080098,-0.057227,-0.025416,8.5724
2.1893,2.0751,0.080096,-0.057293,-0.02529,8.5923
2.1894,2.0751,0.080095,-0.057375,-0.025142,8.5886
2.1894,2.0751,0.080094,-0.057471,-0.024975,8.5875
2.1895,2.0751,0.080092,-0.057567,-0.024803,8.6087
2.1895,2.0751,0.080091,-0.057663,-0.024636,8.6139
2.1896,2.0751,0.08009,-0.057755,-0.024477,8.606
2.1896,2.0751,0.080089,-0.057847,-0.024276,8.6083
2.1897,2.0751,0.080087,-0.057946,-0.024081,8.6145
2.1897,2.0751,0.080086,-0.058041,-0.023942,8.6067
2.1898,2.0751,0.080085,-0.058139,-0.023764,8.6122
2.1898,2.0751,0.080084,-0.058229,-0.023632,8.6229
2.1899,2.0751,0.080082,-0.058304,-0.023498,8.6161
2.1899,2.0751,0.080081,-0.058369,-0.023359,8.6191
2.19,2.0751,0.08008,-0.058429,-0.02322,8.6267
2.1901,2.075,0.080079,-0.058495,-0.023077,8.6168
2.1901,2.075,0.080077,-0.058561,-0.022982,8.6174
2.1902,2.075,0.080076,-0.058634,-0.022931,8.6216
2.1902,2.075,0.080075,-0.058699,-0.022868,8.6178
2.1903,2.075,0.080074,-0.058751,-0.022846,8.6078
2.1903,2.075,0.080073,-0.058797,-0.022764,8.6175
2.1904,2.075,0.080071,-0.05883,-0.022668,8.6188
2.1904,2.075,0.08007,-0.058858,-0.02258,8.6091
2.1905,2.075,0.080069,-0.058885,-0.022521,8.6181
2.1905,2.075,0.080068,-0.058915,-0.022514,8.6199
2.1906,2.075,0.080067,-0.058967,-0.022534,8.6163
2.1906,2.075,0.080065,-0.059029,-0.022565,8.6157
2.1907,2.075,0.080064,-0.059104,-0.02263,8.625
2.1907,2.075,0.080063,-0.059181,-0.022705,8.6234
2.1908,2.075,0.080062,-0.059239,-0.022764,8.6253
2.1908,2.075,0.080061,-0.059282,-0.022831,8.6313
2.1909,2.075,0.08006,-0.059313,-0.02289,8.6355
2.1909,2.075,0.080058,-0.059335,-0.02293,8.6351
2.191,2.075,0.080057,-0.059377,-0.022945,8.6482
2.1911,2.075,0.080056,-0.059434,-0.022937,8.6464
2.1911,2.075,0.080055,-0.059499,-0.022914,8.6393
2.1912,2.075,0.080053,-0.059579,-0.02289,8.646
2.1912,2.075,0.080052,-0.059655,-0.022842,8.6465
2.1913,2.075,0.080051,-0.059727,-0.022811,8.6376
2.1913,2.075,0.08005,-0.059802,-0.022781,8.6371
2.1914,2.075,0.080049,-0.05988,-0.022739,8.6479
2.1914,2.075,0.080047,-0.059965,-0.022738,8.6398
2.1915,2.075,0.080046,-0.060045,-0.022717,8.6446
2.1915,2.075,0.080045,-0.060109,-0.022714,8.6503
2.1916,2.075,0.080044,-0.060191,-0.022708,8.6365
2.1916,2.075,0.080043,-0.060265,-0.02273,8.6315
2.1917,2.075,0.080041,-0.060335,-0.022751,8.6369
2.1917,2.0749,0.08004,-0.060404,-0.022781,8.6321
2.1918,2.0749,0.080039,-0.060464,-0.022837,8.6201
2.1918,2.0749,0.080038,-0.060517,-0.02292,8.6323
2.1919,2.0749,0.080037,-0.060565,-0.022975,8.6336
2.1919,2.0749,0.080035,-0.060609,-0.02305,8.6193
2.192,2.0749,0.080034,-0.060664,-0.023136,8.6262
2.1921,2.0749,0.080033,-0.060716,-0.023234,8.6358
2.1921,2.0749,0.080032,-0.060775,-0.023297,8.6225
2.1922,2.0749,0.080031,-0.060842,-0.023336,8.6203
2.1922,2.0749,0.080029,-0.060916,-0.023343,8.6301
2.1923,2.0749,0.080028,-0.061008,-0.023308,8.6236
2.1923,2.0749,0.080027,-0.06111,-0.023303,8.6145
2.1924,2.0749,0.080026,-0.061216,-0.023291,8.6324
2.1924,2.0749,0.080024,-0.061322,-0.023291,8.6349
2.1925,2.0749,0.080023,-0.061427,-0.023279,8.6316
2.1925,2.0749,0.080022,-0.061532,-0.023251,8.6404
2.1926,2.0749,0.080021,-0.061637,-0.023187,8.6394
2.1926,2.0749,0.08002,-0.061742,-0.023105,8.629
2.1927,2.0749,0.080018,-0.061842,-0.023061,8.6382
2.1927,2.0749,0.080017,-0.061933,-0.023122,8.6322
2.1928,2.0749,0.080016,-0.062024,-0.023188,8.615
2.1928,2.0749,0.080015,-0.062103,-0.023219,8.6257
2.1929,2.0749,0.080013,-0.062173,-0.023208,8.6269
2.1929,2.0749,0.080012,-0.062244,-0.023129,8.6258
2.193,2.0749,0.080011,-0.062307,-0.023,8.6176
2.1931,2.0749,0.08001,-0.062373,-0.022889,8.6341
2.1931,2.0749,0.080009,-0.062427,-0.022815,8.6207
2.1932,2.0749,0.080007,-0.062478,-0.022814,8.6156
2.1932,2.0749,0.080006,-0.062541,-0.022789,8.62
2.1933,2.0749,0.080005,-0.062593,-0.022712,8.609
2.1933,2.0749,0.080004,-0.062632,-0.022593,8.606
2.1934,2.0748,0.080003,-0.062658,-0.022426,8.6169
2.1934,2.0748,0.080001,-0.062669,-0.022252,8.6194
2.1935,2.0748,0.08,-0.06269,-0.022106,8.6164
2.1935,2.0748,0.079999,-0.062706,-0.021979,8.6253
2.1936,2.0748,0.079998,-0.062733,-0.02188,8.6295
2.1936,2.0748,0.079997,-0.062771,-0.021769,8.6243
2.1937,2.0748,0.079996,-0.06281,-0.021647,8.6297
2.1937,2.0748,0.079995,-0.062851,-0.021552,8.6336
2.1938,2.0748,0.079993,-0.062891,-0.021461,8.6219
2.1938,2.0748,0.079992,-0.062945,-0.021392,8.6172
2.1939,2.0748,0.079991,-0.063021,-0.021354,8.6327
2.1939,2.0748,0.07999,-0.063109,-0.021363,8.6263
2.194,2.0748,0.079989,-0.0632,-0.021375,8.6265
2.1941,2.0748,0.079988,-0.063277,-0.021384,8.6377
2.1941,2.0748,0.079987,-0.063339,-0.021379,8.6373
2.1942,2.0748,0.079986,-0.063393,-0.021402,8.627
2.1942,2.0748,0.079984,-0.063435,-0.021396,8.6346
2.1943,2.0748,0.079983,-0.063482,-0.021367,8.6287
2.1943,2.0748,0.079982,-0.06354,-0.021313,8.6123
2.1944,2.0748,0.079981,-0.063611,-0.021229,8.6103
2.1944,2.0748,0.07998,-0.063679,-0.021133,8.6133
2.1945,2.0748,0.079979,-0.06375,-0.021005,8.5964
2.1945,2.0748,0.079978,-0.063815,-0.020862,8.602
2.1946,2.0748,0.079977,-0.063882,-0.020726,8.6127
2.1946,2.0748,0.079976,-0.063948,-0.020597,8.6099
2.1947,2.0748,0.079975,-0.064018,-0.020436,8.6171
2.1947,2.0748,0.079973,-0.064094,-0.020266,8.6231
2.1948,2.0748,0.079972,-0.064168,-0.020055,8.6146
2.1948,2.0748,0.079971,-0.064232,-0.019862,8.6073
2.1949,2.0747,0.07997,-0.064293,-0.019647,8.62
2.1949,2.0747,0.079969,-0.064351,-0.019439,8.6239
2.195,2.0747,0.079968,-0.064407,-0.019252,8.6203
2.1951,2.0747,0.079967,-0.064456,-0.0191,8.6332
2.1951,2.0747,0.079966,-0.064508,-0.018953,8.6448
2.1952,2.0747,0.079965,-0.064568,-0.018834,8.6392
2.1952,2.0747,0.079964,-0.064626,-0.018703,8.6528
2.1953,2.0747,0.079963,-0.064697,-0.018576,8.6543
2.1953,2.0747,0.079962,-0.064769,-0.018452,8.6497
2.1954,2.0747,0.079961,-0.064832,-0.018332,8.6461
2.1954,2.0747,0.07996,-0.064887,-0.018215,8.6603
2.1955,2.0747,0.079959,-0.064928,-0.018102,8.653
2.1955,2.0747,0.079959,-0.06496,-0.018008,8.6547
2.1956,2.0747,0.079958,-0.064978,-0.017893,8.6658
2.1956,2.0747,0.079957,-0.064986,-0.017763,8.6659
2.1957,2.0747,0.079956,-0.065005,-0.017625,8.6646
2.1957,2.0747,0.079955,-0.065016,-0.017484,8.6661
2.1958,2.0747,0.079954,-0.065012,-0.017348,8.6652
2.1958,2.0747,0.079953,-0.065014,-0.017224,8.6524
2.1959,2.0747,0.079952,-0.065013,-0.01712,8.6438
2.1959,2.0747,0.079951,-0.065002,-0.017044,8.652
2.196,2.0747,0.07995,-0.064987,-0.016958,8.6408
2.1961,2.0747,0.079949,-0.064989,-0.016875,8.6444
2.1961,2.0747,0.079949,-0.065007,-0.016797,8.6593
2.1962,2.0747,0.079948,-0.06503,-0.016721,8.6469
2.1962,2.0747,0.079947,-0.065064,-0.016649,8.6496
2.1963,2.0747,0.079946,-0.065113,-0.016581,8.6621
2.1963,2.0747,0.079945,-0.065178,-0.016516,8.6609
2.1964,2.0747,0.079944,-0.065232,-0.016454,8.6521
2.1964,2.0747,0.079943,-0.065287,-0.016396,8.662
2.1965,2.0746,0.079942,-0.065345,-0.016356,8.6638
2.1965,2.0746,0.079942,-0.065389,-0.016295,8.6571
2.1966,2.0746,0.079941,-0.065424,-0.016235,8.671
2.1966,2.0746,0.07994,-0.06545,-0.016143,8.6785
2.1967,2.0746,0.079939,-0.065475,-0.01603,8.6689
2.1967,2.0746,0.079938,-0.065508,-0.01591,8.6765
2.1968,2.0746,0.079937,-0.065538,-0.015796,8.6762
2.1968,2.0746,0.079937,-0.065573,-0.015704,8.6631
2.1969,2.0746,0.079936,-0.065606,-0.015649,8.6504
2.1969,2.0746,0.079935,-0.065631,-0.0156,8.657
2.197,2.0746,0.079934,-0.065653,-0.015578,8.6472
2.1971,2.0746,0.079933,-0.065672,-0.015547,8.6449
2.1971,2.0746,0.079932,-0.065694,-0.015519,8.6477
2.1972,2.0746,0.079932,-0.065718,-0.015494,8.6464
2.1972,2.0746,0.079931,-0.06575,-0.015473,8.6303
2.1973,2.0746,0.07993,-0.065782,-0.015454,8.6396
2.1973,2.0746,0.079929,-0.065807,-0.015438,8.6392
2.1974,2.0746,0.079928,-0.065826,-0.015425,8.6283
2.1974,2.0746,0.079928,-0.065839,-0.015414,8.627
2.1975,2.0746,0.079927,-0.06585,-0.015405,8.6284
2.1975,2.0746,0.079926,-0.065864,-0.015399,8.6159
2.1976,2.0746,0.079925,-0.065877,-0.015395,8.6252
2.1976,2.0746,0.079924,-0.065896,-0.015394,8.6371
2.1977,2.0746,0.079924,-0.065923,-0.015394,8.6276
2.1977,2.0746,0.079923,-0.06594,-0.015398,8.6241
2.1978,2.0746,0.079922,-0.065951,-0.015403,8.6303
2.1978,2.0746,0.079921,-0.065956,-0.015411,8.6208
2.1979,2.0746,0.07992,-0.065962,-0.015421,8.6168
2.1979,2.0746,0.079919,-0.065973,-0.015434,8.619
2.198,2.0745,0.079919,-0.065993,-0.01545,8.6255
2.1981,2.0745,0.079918,-0.066024,-0.015469,8.6157
2.1981,2.0745,0.079917,-0.066067,-0.01549,8.6219
2.1982,2.0745,0.079916,-0.066107,-0.015513,8.6274
2.1982,2.0745,0.079915,-0.066144,-0.015554,8.6209
2.1983,2.0745,0.079915,-0.066182,-0.015574,8.6201
2.1983,2.0745,0.079914,-0.066219,-0.015579,8.6234
2.1984,2.0745,0.079913,-0.066257,-0.015588,8.6097
2.1984,2.0745,0.079912,-0.066294,-0.015587,8.6022
2.1985,2.0745,0.079911,-0.066336,-0.015547,8.6063
2.1985,2.0745,0.07991,-0.066375,-0.015503,8.5938
2.1986,2.0745,0.07991,-0.066399,-0.015452,8.5883
2.1986,2.0745,0.079909,-0.066412,-0.015382,8.5952
2.1987,2.0745,0.079908,-0.066419,-0.01528,8.6011
2.1987,2.0745,0.079907,-0.066424,-0.015188,8.5921
2.1988,2.0745,0.079906,-0.066435,-0.015134,8.602
2.1988,2.0745,0.079906,-0.066452,-0.015103,8.5967
2.1989,2.0745,0.079905,-0.066477,-0.015085,8.5814
2.1989,2.0745,0.079904,-0.066501,-0.015109,8.5858
2.199,2.0745,0.079903,-0.066517,-0.015161,8.5968
2.1991,2.0745,0.079902,-0.066531,-0.015176,8.583
2.1991,2.0745,0.079902,-0.066547,-0.015174,8.5848
2.1992,2.0745,0.079901,-0.066572,-0.015163,8.6018
2.1992,2.0745,0.0799,-0.066591,-0.015148,8.5966
2.1993,2.0745,0.079899,-0.066612,-0.015137,8.5969
2.1993,2.0745,0.079898,-0.066622,-0.015136,8.6102
2.1994,2.0745,0.079898,-0.066633,-0.015153,8.6073
2.1994,2.0745,0.079897,-0.06664,-0.015197,8.5995
2.1995,2.0744,0.079896,-0.066647,-0.015228,8.605
2.1995,2.0744,0.079895,-0.066654,-0.01526,8.6036
2.1996,2.0744,0.079894,-0.066658,-0.015295,8.5909
2.1996,2.0744,0.079894,-0.066648,-0.015331,8.6018
2.1997,2.0744,0.079893,-0.06664,-0.015369,8.6001
2.1997,2.0744,0.079892,-0.066631,-0.015408,8.594
2.1998,2.0744,0.079891,-0.066626,-0.015434,8.5968
2.1998,2.0744,0.07989,-0.066611,-0.015485,8.5995
2.1999,2.0744,0.07989,-0.066592,-0.015557,8.5861
2.1999,2.0744,0.079889,-0.066561,-0.015641,8.5825
2.2,2.0744,0.079888,-0.066516,-0.015733,8.5893
2.2001,2.0744,0.079887,-0.066462,-0.015825,8.5764
2.2001,2.0744,0.079886,-0.066404,-0.01591,8.5723
2.2002,2.0744,0.079885,-0.066358,-0.015983,8.5838
2.2002,2.0744,0.079885,-0.066329,-0.016029,8.5816
2.2003,2.0744,0.079884,-0.066318,-0.016089,8.5754
2.2003,2.0744,0.079883,-0.06633,-0.016149,8.5883
2.2004,2.0744,0.079882,-0.066355,-0.01621,8.5886
2.2004,2.0744,0.079881,-0.06638,-0.016274,8.5786
2.2005,2.0744,0.07988,-0.066395,-0.016342,8.5874
2.2005,2.0744,0.079879,-0.066393,-0.016415,8.5892
2.2006,2.0744,0.079879,-0.066377,-0.016493,8.5807
2.2006,2.0744,0.079878,-0.06635,-0.016571,8.5894
2.2007,2.0744,0.079877,-0.066323,-0.016635,8.608
2.2007,2.0744,0.079876,-0.066315,-0.016728,8.6008
2.2008,2.0744,0.079875,-0.066329,-0.016838,8.5967
2.2008,2.0744,0.079874,-0.06636,-0.01696,8.614
2.2009,2.0744,0.079873,-0.066408,-0.01709,8.603
2.2009,2.0744,0.079872,-0.06645,-0.017217,8.5965
2.201,2.0743,0.079871,-0.066485,-0.017336,8.6002
2.2011,2.0743,0.079871,-0.066518,-0.017444,8.605
2.2011,2.0743,0.07987,-0.066537,-0.01753,8.5963
2.2012,2.0743,0.079869,-0.066564,-0.017634,8.6064
2.2012,2.0743,0.079868,-0.066595,-0.017733,8.6071
2.2013,2.0743,0.079867,-0.066631,-0.017832,8.6008
2.2013,2.0743,0.079866,-0.06667,-0.017944,8.6046
2.2014,2.0743,0.079865,-0.066702,-0.018015,8.6046
2.2014,2.0743,0.079864,-0.066744,-0.018113,8.5918
2.2015,2.0743,0.079863,-0.066809,-0.018203,8.5836
2.2015,2.0743,0.079862,-0.066862,-0.018305,8.5988
2.2016,2.0743,0.079861,-0.066931,-0.018385,8.5924
2.2016,2.0743,0.07986,-0.067007,-0.018469,8.5896
2.2017,2.0743,0.079859,-0.067086,-0.018544,8.5995
2.2017,2.0743,0.079858,-0.067169,-0.018587,8.6002
2.2018,2.0743,0.079857,-0.067261,-0.018598,8.5956
2.2018,2.0743,0.079856,-0.06736,-0.018627,8.6064
2.2019,2.0743,0.079855,-0.06748,-0.018628,8.6053
2.2019,2.0743,0.079854,-0.067605,-0.018605,8.5976
2.202,2.0743,0.079853,-0.067745,-0.018559,8.6057
2.2021,2.0743,0.079852,-0.067877,-0.018536,8.607
2.2021,2.0743,0.079851,-0.067988,-0.018527,8.5991
2.2022,2.0743,0.07985,-0.068074,-0.018545,8.6081
2.2022,2.0743,0.079849,-0.068134,-0.018604,8.6158
2.2023,2.0743,0.079848,-0.068167,-0.018627,8.6123
2.2023,2.0743,0.079847,-0.068195,-0.018659,8.6131
2.2024,2.0743,0.079846,-0.068226,-0.018677,8.6291
2.2024,2.0743,0.079845,-0.068254,-0.018711,8.6173
2.2025,2.0742,0.079844,-0.068278,-0.018769,8.6154
2.2025,2.0742,0.079843,-0.068298,-0.018868,8.6165
2.2026,2.0742,0.079842,-0.068315,-0.018993,8.6208
2.2026,2.0742,0.079841,-0.068332,-0.019088,8.6097
2.2027,2.0742,0.07984,-0.068349,-0.019094,8.6208
2.2027,2.0742,0.079839,-0.068362,-0.019082,8.6218
2.2028,2.0742,0.079838,-0.068381,-0.019062,8.6121
2.2028,2.0742,0.079837,-0.06841,-0.019038,8.6158
2.2029,2.0742,0.079836,-0.068443,-0.019016,8.6165
2.2029,2.0742,0.079835,-0.068487,-0.019005,8.6006
2.203,2.0742,0.079834,-0.06853,-0.018975,8.6019
2.2031,2.0742,0.079833,-0.068581,-0.0189,8.6066
2.2031,2.0742,0.079832,-0.068629,-0.01879,8.5919
2.2032,2.0742,0.079831,-0.068655,-0.018693,8.5859
2.2032,2.0742,0.07983,-0.068679,-0.018636,8.5988
2.2033,2.0742,0.07983,-0.068716,-0.018614,8.5872
2.2033,2.0742,0.079829,-0.068762,-0.018632,8.5884
2.2034,2.0742,0.079828,-0.068822,-0.018676,8.5964
2.2034,2.0742,0.079827,-0.068881,-0.018728,8.5995
2.2035,2.0742,0.079826,-0.068946,-0.018765,8.5866
2.2035,2.0742,0.079825,-0.06901,-0.0188,8.585
2.2036,2.0742,0.079824,-0.069075,-0.018835,8.591
2.2036,2.0742,0.079823,-0.069144,-0.018877,8.5707
2.2037,2.0742,0.079822,-0.069211,-0.018896,8.5783
2.2037,2.0742,0.079821,-0.069278,-0.018915,8.5843
2.2038,2.0742,0.07982,-0.069332,-0.018912,8.5796
2.2038,2.0742,0.079819,-0.06937,-0.01888,8.5807
2.2039,2.0742,0.079818,-0.069395,-0.01881,8.5809
2.2039,2.0741,0.079817,-0.069417,-0.018703,8.5737
2.204,2.0741,0.079816,-0.069454,-0.018566,8.5624
2.2041,2.0741,0.079815,-0.069501,-0.018416,8.5686
2.2041,2.0741,0.079814,-0.069554,-0.018222,8.5701
2.2042,2.0741,0.079813,-0.069615,-0.018042,8.5556
2.2042,2.0741,0.079812,-0.069671,-0.017883,8.5656
2.2043,2.0741,0.079811,-0.06972,-0.017755,8.5687
2.2043,2.0741,0.07981,-0.06976,-0.017679,8.5604
2.2044,2.0741,0.079809,-0.069796,-0.017614,8.5728
2.2044,2.0741,0.079808,-0.069835,-0.017558,8.5765
2.2045,2.0741,0.079807,-0.069877,-0.017501,8.5605
2.2045,2.0741,0.079806,-0.069918,-0.017425,8.5685
2.2046,2.0741,0.079805,-0.06996,-0.01735,8.5684
2.2046,2.0741,0.079804,-0.070001,-0.017285,8.5585
2.2047,2.0741,0.079804,-0.070032,-0.017236,8.5573
2.2047,2.0741,0.079803,-0.070052,-0.017212,8.569
2.2048,2.0741,0.079802,-0.070067,-0.017174,8.5752
2.2048,2.0741,0.079801,-0.070083,-0.017137,8.5732
2.2049,2.0741,0.0798,-0.070094,-0.0171,8.5892
2.2049,2.0741,0.079799,-0.070106,-0.017065,8.5918
2.205,2.0741,0.079798,-0.070119,-0.017031,8.5858
2.2051,2.0741,0.079797,-0.070139,-0.016998,8.5874
2.2051,2.0741,0.079796,-0.070165,-0.016967,8.5864
2.2052,2.0741,0.079795,-0.070195,-0.016937,8.5846
2.2052,2.0741,0.079795,-0.070235,-0.016908,8.5834
2.2053,2.0741,0.079794,-0.070284,-0.01688,8.5899
2.2053,2.0741,0.079793,-0.070342,-0.016853,8.5907
2.2054,2.074,0.079792,-0.070402,-0.016827,8.5868
2.2054,2.074,0.079791,-0.070458,-0.016802,8.5935
2.2055,2.074,0.07979,-0.070508,-0.016777,8.5882
2.2055,2.074,0.079789,-0.070558,-0.016753,8.5915
2.2056,2.074,0.079788,-0.070602,-0.01673,8.5932
2.2056,2.074,0.079788,-0.070643,-0.016709,8.5878
2.2057,2.074,0.079787,-0.070683,-0.016688,8.5736
2.2057,2.074,0.079786,-0.070733,-0.016669,8.5849
2.2058,2.074,0.079785,-0.070787,-0.01665,8.5922
2.2058,2.074,0.079784,-0.070845,-0.016632,8.5854
2.2059,2.074,0.079783,-0.070912,-0.016615,8.5897
2.2059,2.074,0.079782,-0.070986,-0.016598,8.598
2.206,2.074,0.079781,-0.071055,-0.016583,8.5911
2.2061,2.074,0.079781,-0.071114,-0.016569,8.5985
2.2061,2.074,0.07978,-0.071168,-0.016556,8.6039
2.2062,2.074,0.079779,-0.07122,-0.016544,8.5966
2.2062,2.074,0.079778,-0.071265,-0.016533,8.5931
2.2063,2.074,0.079777,-0.07131,-0.016523,8.607
2.2063,2.074,0.079776,-0.071361,-0.016514,8.6049
2.2064,2.074,0.079775,-0.071415,-0.016506,8.6041
2.2064,2.074,0.079774,-0.071467,-0.016499,8.6209
2.2065,2.074,0.079774,-0.071521,-0.016493,8.6231
2.2065,2.074,0.079773,-0.071573,-0.016487,8.6167
2.2066,2.074,0.079772,-0.071618,-0.016482,8.6243
2.2066,2.074,0.079771,-0.071662,-0.016477,8.6261
2.2067,2.074,0.07977,-0.071702,-0.016473,8.6178
2.2067,2.074,0.079769,-0.071734,-0.016469,8.6144
2.2068,2.0739,0.079768,-0.071766,-0.016465,8.6249
2.2068,2.0739,0.079767,-0.071809,-0.016462,8.6195
2.2069,2.0739,0.079767,-0.071864,-0.016458,8.6216
2.2069,2.0739,0.079766,-0.071923,-0.016454,8.631
2.207,2.0739,0.079765,-0.07199,-0.016449,8.6218
2.2071,2.0739,0.079764,-0.072062,-0.016444,8.6164
2.2071,2.0739,0.079763,-0.072133,-0.016439,8.6172
2.2072,2.0739,0.079762,-0.072193,-0.016434,8.6161
2.2072,2.0739,0.079761,-0.07225,-0.016429,8.6096
2.2073,2.0739,0.079761,-0.072304,-0.016424,8.618
2.2073,2.0739,0.07976,-0.072357,-0.01642,8.6208
2.2074,2.0739,0.079759,-0.072411,-0.016416,8.6182
2.2074,2.0739,0.079758,-0.07247,-0.016412,8.6227
2.2075,2.0739,0.079757,-0.072532,-0.016408,8.6343
2.2075,2.0739,0.079756,-0.072596,-0.016405,8.6277
2.2076,2.0739,0.079755,-0.072658,-0.016402,8.63
2.2076,2.0739,0.079755,-0.072714,-0.016399,8.6388
2.2077,2.0739,0.079754,-0.072757,-0.016397,8.6351
2.2077,2.0739,0.079753,-0.072803,-0.016396,8.636
2.2078,2.0739,0.079752,-0.072849,-0.016395,8.647
2.2078,2.0739,0.079751,-0.072897,-0.016408,8.6499
2.2079,2.0739,0.07975,-0.072956,-0.016398,8.6517
2.2079,2.0739,0.079749,-0.073025,-0.016372,8.6605
2.208,2.0739,0.079748,-0.07309,-0.016337,8.6608
2.2081,2.0739,0.079748,-0.073154,-0.016301,8.6486
2.2081,2.0739,0.079747,-0.073208,-0.016271,8.6604
2.2082,2.0738,0.079746,-0.073269,-0.016253,8.6574
2.2082,2.0738,0.079745,-0.073318,-0.016254,8.644
2.2083,2.0738,0.079744,-0.073361,-0.016279,8.6452
2.2083,2.0738,0.079743,-0.073406,-0.016287,8.6564
2.2084,2.0738,0.079742,-0.073456,-0.016299,8.6382
2.2084,2.0738,0.079742,-0.073497,-0.016313,8.6441
2.2085,2.0738,0.079741,-0.073538,-0.016329,8.6572
2.2085,2.0738,0.07974,-0.073568,-0.016345,8.6406
2.2086,2.0738,0.079739,-0.0736,-0.016361,8.638
2.2086,2.0738,0.079738,-0.073625,-0.016375,8.6459
2.2087,2.0738,0.079737,-0.073648,-0.016386,8.6369
2.2087,2.0738,0.079736,-0.073663,-0.016393,8.622
2.2088,2.0738,0.079736,-0.073682,-0.016404,8.6325
2.2088,2.0738,0.079735,-0.073689,-0.016414,8.6319
2.2089,2.0738,0.079734,-0.073687,-0.016425,8.6198
2.2089,2.0738,0.079733,-0.07367,-0.016436,8.6274
2.209,2.0738,0.079732,-0.073651,-0.016447,8.6414
2.2091,2.0738,0.079731,-0.073636,-0.016459,8.6315
2.2091,2.0738,0.07973,-0.07363,-0.016471,8.6304
2.2092,2.0738,0.07973,-0.073627,-0.016482,8.641
2.2092,2.0738,0.079729,-0.07363,-0.016494,8.6355
2.2093,2.0738,0.079728,-0.073631,-0.016506,8.6297
2.2093,2.0738,0.079727,-0.073623,-0.016519,8.6361
2.2094,2.0738,0.079726,-0.07361,-0.016531,8.6365
2.2094,2.0738,0.079725,-0.0736,-0.016544,8.6359
2.2095,2.0738,0.079724,-0.073589,-0.016557,8.6549
2.2095,2.0737,0.079723,-0.073559,-0.01657,8.6509
2.2096,2.0737,0.079723,-0.073523,-0.016583,8.64
2.2096,2.0737,0.079722,-0.073478,-0.016596,8.6453
2.2097,2.0737,0.079721,-0.073427,-0.01661,8.6442
2.2097,2.0737,0.07972,-0.073375,-0.016624,8.6326
2.2098,2.0737,0.079719,-0.073343,-0.016639,8.6287
2.2098,2.0737,0.079718,-0.073336,-0.016653,8.6417
2.2099,2.0737,0.079717,-0.073344,-0.016669,8.6217
2.2099,2.0737,0.079716,-0.073357,-0.016685,8.6299
2.21,2.0737,0.079716,-0.073384,-0.016702,8.6318
2.2101,2.0737,0.079715,-0.073418,-0.016719,8.6218
2.2101,2.0737,0.079714,-0.073449,-0.016734,8.6183
2.2102,2.0737,0.079713,-0.073476,-0.016754,8.6331
2.2102,2.0737,0.079712,-0.073484,-0.016776,8.6203
2.2103,2.0737,0.079711,-0.07347,-0.016801,8.6137
2.2103,2.0737,0.07971,-0.073451,-0.016826,8.6184
2.2104,2.0737,0.079709,-0.073436,-0.016866,8.6208
2.2104,2.0737,0.079708,-0.073432,-0.016879,8.6149
2.2105,2.0737,0.079708,-0.07343,-0.016874,8.6237
2.2105,2.0737,0.079707,-0.073435,-0.016871,8.6443
2.2106,2.0737,0.079706,-0.073438,-0.016844,8.638
2.2106,2.0737,0.079705,-0.073427,-0.016804,8.6401
2.2107,2.0737,0.079704,-0.073396,-0.016768,8.6472
2.2107,2.0737,0.079703,-0.073368,-0.016769,8.6374
2.2108,2.0737,0.079702,-0.073349,-0.016793,8.634
2.2108,2.0737,0.079701,-0.073348,-0.016787,8.6441
2.2109,2.0736,0.079701,-0.073356,-0.01675,8.6404
2.2109,2.0736,0.0797,-0.073381,-0.016728,8.6393
2.211,2.0736,0.079699,-0.073419,-0.016674,8.6433
2.2111,2.0736,0.079698,-0.073464,-0.016591,8.6495
2.2111,2.0736,0.079697,-0.073501,-0.016519,8.6313
2.2112,2.0736,0.079696,-0.073541,-0.016514,8.6389
2.2112,2.0736,0.079695,-0.073576,-0.016533,8.637
2.2113,2.0736,0.079694,-0.073609,-0.016539,8.6239
2.2113,2.0736,0.079694,-0.073647,-0.016554,8.6238
2.2114,2.0736,0.079693,-0.073675,-0.016575,8.6254
2.2114,2.0736,0.079692,-0.073692,-0.016587,8.6094
2.2115,2.0736,0.079691,-0.073705,-0.016602,8.6168
2.2115,2.0736,0.07969,-0.073705,-0.016629,8.6283
2.2116,2.0736,0.079689,-0.073707,-0.016673,8.6275
2.2116,2.0736,0.079688,-0.073702,-0.016697,8.6218
2.2117,2.0736,0.079687,-0.073701,-0.016681,8.6336
2.2117,2.0736,0.079687,-0.073709,-0.016652,8.6294
2.2118,2.0736,0.079686,-0.073712,-0.016585,8.6301
2.2118,2.0736,0.079685,-0.073691,-0.016497,8.6372
2.2119,2.0736,0.079684,-0.073657,-0.016466,8.6434
2.2119,2.0736,0.079683,-0.073612,-0.016445,8.64
2.212,2.0736,0.079682,-0.073579,-0.016468,8.6494
2.2121,2.0736,0.079681,-0.073547,-0.016525,8.6583
2.2121,2.0736,0.07968,-0.073522,-0.016594,8.6534
2.2122,2.0736,0.07968,-0.073502,-0.016646,8.6594
2.2122,2.0735,0.079679,-0.073474,-0.016714,8.6636
2.2123,2.0735,0.079678,-0.073432,-0.016764,8.6585
2.2123,2.0735,0.079677,-0.073386,-0.016832,8.6546
2.2124,2.0735,0.079676,-0.073344,-0.016878,8.6635
2.2124,2.0735,0.079675,-0.073313,-0.016933,8.6642
2.2125,2.0735,0.079674,-0.07328,-0.016984,8.66
2.2125,2.0735,0.079673,-0.073247,-0.017,8.6729
2.2126,2.0735,0.079672,-0.073212,-0.017017,8.6696
2.2126,2.0735,0.079672,-0.073177,-0.017065,8.6593
2.2127,2.0735,0.079671,-0.073151,-0.017116,8.6669
2.2127,2.0735,0.07967,-0.073124,-0.017178,8.6618
2.2128,2.0735,0.079669,-0.073098,-0.017222,8.6536
2.2128,2.0735,0.079668,-0.073066,-0.017267,8.6527
2.2129,2.0735,0.079667,-0.073031,-0.017328,8.6585
2.2129,2.0735,0.079666,-0.072995,-0.017421,8.649
2.213,2.0735,0.079665,-0.07296,-0.017564,8.6488
2.2131,2.0735,0.079664,-0.072929,-0.017712,8.6584
2.2131,2.0735,0.079663,-0.072898,-0.017844,8.6504
2.2132,2.0735,0.079662,-0.072866,-0.017952,8.644
2.2132,2.0735,0.079661,-0.072829,-0.018007,8.6575
2.2133,2.0735,0.07966,-0.072794,-0.018034,8.6532
2.2133,2.0735,0.07966,-0.072765,-0.018054,8.6467
2.2134,2.0735,0.079659,-0.072736,-0.018094,8.6564
2.2134,2.0735,0.079658,-0.072713,-0.018138,8.6553
2.2135,2.0735,0.079657,-0.072694,-0.018186,8.6419
2.2135,2.0735,0.079656,-0.072673,-0.018239,8.6483
2.2136,2.0734,0.079655,-0.072653,-0.018303,8.6572
2.2136,2.0734,0.079654,-0.072636,-0.01837,8.6552
2.2137,2.0734,0.079653,-0.072623,-0.018437,8.6579
2.2137,2.0734,0.079652,-0.072616,-0.01851,8.6667
2.2138,2.0734,0.079651,-0.072608,-0.018583,8.6528
2.2138,2.0734,0.07965,-0.072602,-0.018659,8.6486
2.2139,2.0734,0.079649,-0.072597,-0.018739,8.6608
2.2139,2.0734,0.079648,-0.072589,-0.018826,8.6576
2.214,2.0734,0.079647,-0.072578,-0.018919,8.6516
2.2141,2.0734,0.079646,-0.072572,-0.019013,8.6556
2.2141,2.0734,0.079645,-0.072563,-0.01911,8.6527
2.2142,2.0734,0.079644,-0.072561,-0.01921,8.6458
2.2142,2.0734,0.079643,-0.072556,-0.019312,8.6557
2.2143,2.0734,0.079642,-0.072557,-0.019417,8.6486
2.2143,2.0734,0.079641,-0.072566,-0.019524,8.6345
2.2144,2.0734,0.07964,-0.072572,-0.019634,8.6361
2.2144,2.0734,0.079639,-0.072579,-0.019746,8.6413
2.2145,2.0734,0.079638,-0.072592,-0.01986,8.626
2.2145,2.0734,0.079637,-0.072605,-0.019977,8.6252
2.2146,2.0734,0.079636,-0.072618,-0.020096,8.6343
2.2146,2.0734,0.079635,-0.072631,-0.020217,8.6283
2.2147,2.0734,0.079633,-0.07266,-0.020342,8.6219
2.2147,2.0734,0.079632,-0.072701,-0.020468,8.6301
2.2148,2.0734,0.079631,-0.072744,-0.020597,8.6182
2.2148,2.0734,0.07963,-0.072795,-0.020728,8.6111
2.2149,2.0734,0.079629,-0.072858,-0.02086,8.6152
2.2149,2.0734,0.079628,-0.072941,-0.020994,8.6167
2.215,2.0733,0.079627,-0.073026,-0.021129,8.6022
2.2151,2.0733,0.079626,-0.073113,-0.021266,8.6104
2.2151,2.0733,0.079625,-0.073205,-0.021404,8.6114
2.2152,2.0733,0.079624,-0.073297,-0.021543,8.6051
2.2152,2.0733,0.079622,-0.073381,-0.021683,8.6064
2.2153,2.0733,0.079621,-0.073453,-0.021825,8.6127
2.2153,2.0733,0.07962,-0.073525,-0.021969,8.6097
2.2154,2.0733,0.079619,-0.073606,-0.022114,8.6049
2.2154,2.0733,0.079618,-0.073684,-0.022261,8.608
2.2155,2.0733,0.079617,-0.07376,-0.022408,8.6078
2.2155,2.0733,0.079615,-0.073839,-0.022557,8.5943
2.2156,2.0733,0.079614,-0.073918,-0.022708,8.6141
2.2156,2.0733,0.079613,-0.073996,-0.022859,8.6084
2.2157,2.0733,0.079612,-0.074066,-0.023012,8.6045
2.2157,2.0733,0.079611,-0.074128,-0.023166,8.6077
2.2158,2.0733,0.079609,-0.074182,-0.023321,8.6094
2.2158,2.0733,0.079608,-0.074226,-0.023478,8.5984
2.2159,2.0733,0.079607,-0.074266,-0.023635,8.5979
2.2159,2.0733,0.079606,-0.074311,-0.023792,8.6014
2.216,2.0733,0.079604,-0.074361,-0.023949,8.5846
2.2161,2.0733,0.079603,-0.074412,-0.024107,8.5921
2.2161,2.0733,0.079602,-0.074463,-0.024265,8.5999
2.2162,2.0733,0.0796,-0.07451,-0.024422,8.5915
2.2162,2.0733,0.079599,-0.074553,-0.024579,8.5955
2.2163,2.0733,0.079598,-0.074588,-0.024736,8.6026
2.2163,2.0732,0.079597,-0.074622,-0.024893,8.5878
2.2164,2.0732,0.079595,-0.074656,-0.02505,8.5869
2.2164,2.0732,0.079594,-0.074688,-0.025206,8.5886
2.2165,2.0732,0.079593,-0.074721,-0.025362,8.5867
2.2165,2.0732,0.079591,-0.074759,-0.025518,8.5734
2.2166,2.0732,0.07959,-0.074799,-0.025673,8.5832
2.2166,2.0732,0.079589,-0.074842,-0.025828,8.5866
2.2167,2.0732,0.079587,-0.074892,-0.025982,8.5784
2.2167,2.0732,0.079586,-0.074944,-0.026136,8.5852
2.2168,2.0732,0.079584,-0.074994,-0.026289,8.5969
2.2168,2.0732,0.079583,-0.075037,-0.026443,8.587
2.2169,2.0732,0.079582,-0.075081,-0.026596,8.5859
2.2169,2.0732,0.07958,-0.07512,-0.026749,8.5972
2.217,2.0732,0.079579,-0.075153,-0.026902,8.5865
2.2171,2.0732,0.079577,-0.075188,-0.027054,8.5836
2.2171,2.0732,0.079576,-0.075225,-0.027206,8.6034
2.2172,2.0732,0.079575,-0.075265,-0.027357,8.6038
2.2172,2.0732,0.079573,-0.075308,-0.027508,8.594
2.2173,2.0732,0.079572,-0.075346,-0.027658,8.6057
2.2173,2.0732,0.07957,-0.075376,-0.027808,8.6038
2.2174,2.0732,0.079569,-0.075395,-0.027957,8.5893
2.2174,2.0732,0.079567,-0.07541,-0.028106,8.5924
2.2175,2.0732,0.079566,-0.075425,-0.028253,8.6021
2.2175,2.0732,0.079564,-0.075437,-0.0284,8.5912
2.2176,2.0732,0.079563,-0.075454,-0.028546,8.5894
2.2176,2.0732,0.079561,-0.075484,-0.028691,8.599
2.2177,2.0731,0.07956,-0.075496,-0.028835,8.5931
2.2177,2.0731,0.079558,-0.075494,-0.028978,8.5953
2.2178,2.0731,0.079557,-0.075484,-0.029104,8.5983
2.2178,2.0731,0.079555,-0.075461,-0.029254,8.5935
2.2179,2.0731,0.079554,-0.075432,-0.02942,8.5923
2.2179,2.0731,0.079552,-0.075402,-0.029598,8.593
2.218,2.0731,0.07955,-0.075366,-0.02978,8.592
2.2181,2.0731,0.079549,-0.075326,-0.02996,8.5749
2.2181,2.0731,0.079547,-0.075263,-0.030129,8.5893
2.2182,2.0731,0.079546,-0.075204,-0.030281,8.5905
2.2182,2.0731,0.079544,-0.075142,-0.030408,8.5902
2.2183,2.0731,0.079542,-0.075089,-0.03055,8.5959
2.2183,2.0731,0.079541,-0.075038,-0.030688,8.6038
2.2184,2.0731,0.079539,-0.075007,-0.030821,8.6028
2.2184,2.0731,0.079538,-0.074971,-0.030952,8.6
2.2185,2.0731,0.079536,-0.074942,-0.03108,8.6133
2.2185,2.0731,0.079534,-0.074918,-0.031207,8.6089
2.2186,2.0731,0.079533,-0.074901,-0.031334,8.5998
2.2186,2.0731,0.079531,-0.074879,-0.031462,8.6155
2.2187,2.0731,0.079529,-0.074864,-0.031592,8.62
2.2187,2.0731,0.079528,-0.07484,-0.031718,8.6127
2.2188,2.0731,0.079526,-0.074826,-0.031843,8.6259
2.2188,2.0731,0.079524,-0.074811,-0.031965,8.628
2.2189,2.0731,0.079523,-0.074814,-0.032086,8.6149
2.2189,2.0731,0.079521,-0.074828,-0.032205,8.6119
2.219,2.073,0.079519,-0.074833,-0.032321,8.6209
2.2191,2.073,0.079518,-0.074823,-0.032436,8.6104
2.2191,2.073,0.079516,-0.07481,-0.032548,8.6155
2.2192,2.073,0.079514,-0.074786,-0.032658,8.6213
2.2192,2.073,0.079512,-0.074738,-0.032767,8.6169
2.2193,2.073,0.079511,-0.074678,-0.032872,8.6107
2.2193,2.073,0.079509,-0.074618,-0.032974,8.6185
2.2194,2.073,0.079507,-0.074562,-0.033076,8.6118
2.2194,2.073,0.079505,-0.074502,-0.033178,8.6055
2.2195,2.073,0.079504,-0.07447,-0.033277,8.61
2.2195,2.073,0.079502,-0.074448,-0.033376,8.6083
2.2196,2.073,0.0795,-0.074427,-0.033475,8.5991
2.2196,2.073,0.079498,-0.074393,-0.033569,8.6025
2.2197,2.073,0.079497,-0.074357,-0.033657,8.6124
2.2197,2.073,0.079495,-0.074306,-0.033737,8.6011
2.2198,2.073,0.079493,-0.074245,-0.033814,8.6066
2.2198,2.073,0.079491,-0.074181,-0.033884,8.6158
2.2199,2.073,0.079489,-0.074121,-0.033946,8.6026
2.2199,2.073,0.079488,-0.074048,-0.034005,8.5979
2.22,2.073,0.079486,-0.073967,-0.034062,8.6051
2.2201,2.073,0.079484,-0.073886,-0.034115,8.5961
2.2201,2.073,0.079482,-0.07381,-0.034168,8.5889
2.2202,2.073,0.07948,-0.073746,-0.034219,8.5937
2.2202,2.073,0.079479,-0.073707,-0.034265,8.5944
2.2203,2.073,0.079477,-0.073675,-0.034304,8.5841
2.2203,2.0729,0.079475,-0.073639,-0.034317,8.6007
2.2204,2.0729,0.079473,-0.073598,-0.034345,8.5962
2.2204,2.0729,0.079471,-0.073554,-0.034391,8.5835
2.2205,2.0729,0.07947,-0.073507,-0.034428,8.5904
2.2205,2.0729,0.079468,-0.073459,-0.034493,8.5824
2.2206,2.0729,0.079466,-0.073428,-0.03457,8.572
2.2206,2.0729,0.079464,-0.073416,-0.034639,8.5684
2.2207,2.0729,0.079462,-0.073401,-0.034668,8.5791
2.2207,2.0729,0.079461,-0.073377,-0.034665,8.5693
2.2208,2.0729,0.079459,-0.073337,-0.03469,8.5602
2.2208,2.0729,0.079457,-0.073289,-0.034754,8.5682
2.2209,2.0729,0.079455,-0.073223,-0.034806,8.5614
2.2209,2.0729,0.079453,-0.073145,-0.034892,8.5531
2.221,2.0729,0.079451,-0.073064,-0.035015,8.5629
2.2211,2.0729,0.07945,-0.072981,-0.035138,8.5559
2.2211,2.0729,0.079448,-0.072893,-0.035208,8.5477
2.2212,2.0729,0.079446,-0.072802,-0.035257,8.5523
2.2212,2.0729,0.079444,-0.072707,-0.035331,8.5562
2.2213,2.0729,0.079442,-0.072611,-0.035401,8.555
2.2213,2.0729,0.07944,-0.072515,-0.035461,8.5654
2.2214,2.0729,0.079438,-0.072424,-0.035523,8.5814
2.2214,2.0729,0.079436,-0.072328,-0.035576,8.5741
2.2215,2.0729,0.079435,-0.072223,-0.035607,8.5679
2.2215,2.0729,0.079433,-0.072107,-0.035609,8.5828
2.2216,2.0729,0.079431,-0.071999,-0.035624,8.5698
2.2216,2.0729,0.079429,-0.071904,-0.035678,8.5662
2.2217,2.0728,0.079427,-0.071811,-0.035746,8.5809
2.2217,2.0728,0.079425,-0.071733,-0.035865,8.5826
2.2218,2.0728,0.079423,-0.071677,-0.036011,8.5794
2.2218,2.0728,0.079421,-0.071619,-0.036115,8.5858
2.2219,2.0728,0.07942,-0.071556,-0.036212,8.587
2.2219,2.0728,0.079418,-0.071471,-0.03627,8.5754
2.222,2.0728,0.079416,-0.071385,-0.036297,8.5841
2.2221,2.0728,0.079414,-0.071295,-0.036314,8.5879
2.2221,2.0728,0.079412,-0.071203,-0.036348,8.5821
2.2222,2.0728,0.07941,-0.071131,-0.036379,8.5776
2.2222,2.0728,0.079408,-0.071071,-0.03642,8.5871
2.2223,2.0728,0.079406,-0.071019,-0.03644,8.5844
2.2223,2.0728,0.079404,-0.070963,-0.036474,8.5881
2.2224,2.0728,0.079402,-0.07089,-0.03649,8.5968
2.2224,2.0728,0.0794,-0.070807,-0.036508,8.5946
2.2225,2.0728,0.079398,-0.070707,-0.036564,8.5825
2.2225,2.0728,0.079397,-0.070602,-0.036623,8.5991
2.2226,2.0728,0.079395,-0.070499,-0.036658,8.595
2.2226,2.0728,0.079393,-0.070388,-0.036688,8.5875
2.2227,2.0728,0.079391,-0.07029,-0.036711,8.5906
2.2227,2.0728,0.079389,-0.0702,-0.036753,8.5936
2.2228,2.0728,0.079387,-0.070119,-0.036794,8.5917
2.2228,2.0728,0.079385,-0.070042,-0.03682,8.6074
2.2229,2.0728,0.079383,-0.069963,-0.036814,8.6184
2.2229,2.0728,0.079381,-0.069885,-0.03675,8.6044
2.223,2.0728,0.079379,-0.069806,-0.036666,8.6187
2.2231,2.0728,0.079377,-0.069729,-0.036585,8.6233
2.2231,2.0727,0.079375,-0.069664,-0.036526,8.6167
2.2232,2.0727,0.079373,-0.069611,-0.036517,8.6152
2.2232,2.0727,0.079371,-0.069572,-0.036533,8.6228
2.2233,2.0727,0.079369,-0.06954,-0.036559,8.6113
2.2233,2.0727,0.079368,-0.069515,-0.036569,8.612
2.2234,2.0727,0.079366,-0.069494,-0.036578,8.6232
2.2234,2.0727,0.079364,-0.069475,-0.036586,8.6246
2.2235,2.0727,0.079362,-0.069458,-0.036592,8.6235
2.2235,2.0727,0.07936,-0.069445,-0.036597,8.6248
2.2236,2.0727,0.079358,-0.069435,-0.0366,8.6285
2.2236,2.0727,0.079356,-0.069428,-0.036602,8.6171
2.2237,2.0727,0.079354,-0.069425,-0.036602,8.6186
2.2237,2.0727,0.079352,-0.069427,-0.036601,8.6228
2.2238,2.0727,0.07935,-0.069431,-0.036598,8.6158
2.2238,2.0727,0.079348,-0.069434,-0.036593,8.6142
2.2239,2.0727,0.079346,-0.06943,-0.036587,8.6275
2.2239,2.0727,0.079344,-0.069425,-0.036579,8.6224
2.224,2.0727,0.079343,-0.069435,-0.03657,8.6177
2.2241,2.0727,0.079341,-0.069459,-0.036558,8.6312
2.2241,2.0727,0.079339,-0.069491,-0.036545,8.6248
2.2242,2.0727,0.079337,-0.069537,-0.036531,8.6196
2.2242,2.0727,0.079335,-0.069594,-0.036516,8.6192
2.2243,2.0727,0.079333,-0.069653,-0.036499,8.628
2.2243,2.0727,0.079331,-0.069702,-0.036481,8.6181
2.2244,2.0727,0.079329,-0.069758,-0.036462,8.6307
2.2244,2.0727,0.079327,-0.069817,-0.036442,8.643
2.2245,2.0727,0.079325,-0.069868,-0.03642,8.636
2.2245,2.0727,0.079323,-0.069907,-0.0364,8.6387
2.2246,2.0726,0.079321,-0.069935,-0.036374,8.6438
2.2246,2.0726,0.07932,-0.069958,-0.036344,8.642
2.2247,2.0726,0.079318,-0.069967,-0.036312,8.6388
2.2247,2.0726,0.079316,-0.069982,-0.036278,8.6447
2.2248,2.0726,0.079314,-0.070018,-0.036244,8.6427
2.2248,2.0726,0.079312,-0.070055,-0.036211,8.6395
2.2249,2.0726,0.07931,-0.070087,-0.036179,8.6492
2.2249,2.0726,0.079308,-0.070125,-0.036151,8.651
2.225,2.0726,0.079306,-0.070159,-0.03612,8.641
2.2251,2.0726,0.079304,-0.070188,-0.036088,8.6456
2.2251,2.0726,0.079302,-0.070207,-0.036055,8.6432
2.2252,2.0726,0.0793,-0.070227,-0.036022,8.6411
2.2252,2.0726,0.079299,-0.070244,-0.035987,8.6382
2.2253,2.0726,0.079297,-0.070245,-0.035952,8.642
2.2253,2.0726,0.079295,-0.070225,-0.035916,8.6343
2.2254,2.0726,0.079293,-0.070205,-0.035879,8.6384
2.2254,2.0726,0.079291,-0.070191,-0.035841,8.6468
2.2255,2.0726,0.079289,-0.070183,-0.035802,8.6476
2.2255,2.0726,0.079287,-0.070183,-0.035763,8.6396
2.2256,2.0726,0.079285,-0.070185,-0.035723,8.6512
2.2256,2.0726,0.079283,-0.070196,-0.035682,8.6428
2.2257,2.0726,0.079282,-0.07021,-0.03564,8.6341
2.2257,2.0726,0.07928,-0.070223,-0.035597,8.6397
2.2258,2.0726,0.079278,-0.070239,-0.035553,8.6425
2.2258,2.0726,0.079276,-0.070258,-0.035509,8.6297
2.2259,2.0726,0.079274,-0.070277,-0.035465,8.6378
2.2259,2.0726,0.079272,-0.070297,-0.03542,8.6417
2.226,2.0725,0.07927,-0.070315,-0.035375,8.6349
2.2261,2.0725,0.079269,-0.070334,-0.03533,8.6313
2.2261,2.0725,0.079267,-0.070353,-0.035285,8.6397
2.2262,2.0725,0.079265,-0.070373,-0.03524,8.6285
2.2262,2.0725,0.079263,-0.070393,-0.035194,8.6224
2.2263,2.0725,0.079261,-0.070412,-0.035149,8.633
2.2263,2.0725,0.079259,-0.070434,-0.035104,8.6253
2.2264,2.0725,0.079257,-0.070462,-0.035059,8.6165
2.2264,2.0725,0.079256,-0.070487,-0.035015,8.6312
2.2265,2.0725,0.079254,-0.070507,-0.034971,8.6347
2.2265,2.0725,0.079252,-0.07052,-0.034928,8.6269
2.2266,2.0725,0.07925,-0.070529,-0.034885,8.6274
2.2266,2.0725,0.079248,-0.070536,-0.034843,8.6365
2.2267,2.0725,0.079246,-0.070543,-0.034801,8.6252
2.2267,2.0725,0.079245,-0.070552,-0.03476,8.6253
2.2268,2.0725,0.079243,-0.070567,-0.034719,8.6284
2.2268,2.0725,0.079241,-0.070577,-0.034679,8.614
2.2269,2.0725,0.079239,-0.070589,-0.034638,8.6131
2.2269,2.0725,0.079237,-0.070594,-0.034599,8.6262
2.227,2.0725,0.079235,-0.07059,-0.03456,8.6217
2.2271,2.0725,0.079234,-0.070582,-0.034522,8.6225
2.2271,2.0725,0.079232,-0.070567,-0.034484,8.6333
2.2272,2.0725,0.07923,-0.070552,-0.034448,8.6212
2.2272,2.0725,0.079228,-0.070535,-0.034412,8.6153
2.2273,2.0725,0.079226,-0.070518,-0.034377,8.6216
2.2273,2.0725,0.079225,-0.070504,-0.034343,8.6283
2.2274,2.0725,0.079223,-0.070486,-0.03431,8.619
2.2274,2.0724,0.079221,-0.07046,-0.034278,8.6271
2.2275,2.0724,0.079219,-0.070432,-0.034234,8.6418
2.2275,2.0724,0.079217,-0.070402,-0.034215,8.6314
2.2276,2.0724,0.079216,-0.070371,-0.034215,8.6315
2.2276,2.0724,0.079214,-0.070349,-0.034225,8.6434
2.2277,2.0724,0.079212,-0.070341,-0.034238,8.6243
2.2277,2.0724,0.07921,-0.070341,-0.034248,8.6211
2.2278,2.0724,0.079208,-0.070342,-0.034248,8.6201
2.2278,2.0724,0.079207,-0.070335,-0.034232,8.621
2.2279,2.0724,0.079205,-0.070326,-0.034179,8.6142
2.2279,2.0724,0.079203,-0.070321,-0.034168,8.6269
2.228,2.0724,0.079201,-0.070325,-0.034161,8.6279
2.2281,2.0724,0.079199,-0.070343,-0.034175,8.6204
2.2281,2.0724,0.079198,-0.070367,-0.034219,8.6293
2.2282,2.0724,0.079196,-0.070399,-0.034295,8.6347
2.2282,2.0724,0.079194,-0.07042,-0.034398,8.6249
2.2283,2.0724,0.079192,-0.07043,-0.034529,8.6237
2.2283,2.0724,0.07919,-0.070426,-0.034648,8.6337
2.2284,2.0724,0.079188,-0.070422,-0.034757,8.6314
2.2284,2.0724,0.079187,-0.070418,-0.034797,8.6414
2.2285,2.0724,0.079185,-0.070401,-0.034804,8.6554
2.2285,2.0724,0.079183,-0.07038,-0.034815,8.655
2.2286,2.0724,0.079181,-0.070359,-0.034826,8.6545
2.2286,2.0724,0.079179,-0.070334,-0.034841,8.6701
2.2287,2.0724,0.079177,-0.07031,-0.034868,8.667
2.2287,2.0724,0.079176,-0.070282,-0.034881,8.6555
2.2288,2.0724,0.079174,-0.070259,-0.034866,8.6655
2.2288,2.0723,0.079172,-0.070231,-0.034798,8.6641
2.2289,2.0723,0.07917,-0.07019,-0.034747,8.6569
2.2289,2.0723,0.079168,-0.070151,-0.034731,8.6613
2.229,2.0723,0.079167,-0.070114,-0.034725,8.6741
2.2291,2.0723,0.079165,-0.070073,-0.034724,8.6637
2.2291,2.0723,0.079163,-0.070032,-0.03472,8.6671
2.2292,2.0723,0.079161,-0.070006,-0.034705,8.6791
2.2292,2.0723,0.079159,-0.069986,-0.034675,8.6619
2.2293,2.0723,0.079157,-0.069964,-0.034626,8.6576
2.2293,2.0723,0.079156,-0.069934,-0.03459,8.661
2.2294,2.0723,0.079154,-0.069904,-0.034553,8.652
2.2294,2.0723,0.079152,-0.069863,-0.034519,8.6523
2.2295,2.0723,0.07915,-0.069811,-0.034483,8.6614
2.2295,2.0723,0.079148,-0.069747,-0.034447,8.6575
2.2296,2.0723,0.079146,-0.069681,-0.034413,8.6557
2.2296,2.0723,0.079145,-0.069607,-0.034382,8.6589
2.2297,2.0723,0.079143,-0.06954,-0.034345,8.6609
2.2297,2.0723,0.079141,-0.06948,-0.034319,8.6582
2.2298,2.0723,0.079139,-0.069428,-0.034338,8.6633
2.2298,2.0723,0.079137,-0.06939,-0.034389,8.6636
2.2299,2.0723,0.079136,-0.069364,-0.034452,8.6569
2.2299,2.0723,0.079134,-0.06933,-0.03451,8.657
2.23,2.0723,0.079132,-0.06929,-0.034552,8.6645
2.2301,2.0723,0.07913,-0.069238,-0.034547,8.6594
2.2301,2.0723,0.079128,-0.069186,-0.034509,8.655
2.2302,2.0723,0.079127,-0.069126,-0.034503,8.6726
2.2302,2.0723,0.079125,-0.069063,-0.03454,8.6688
2.2303,2.0722,0.079123,-0.069001,-0.034594,8.6578
2.2303,2.0722,0.079121,-0.068938,-0.03465,8.6557
2.2304,2.0722,0.079119,-0.068874,-0.034686,8.6526
2.2304,2.0722,0.079117,-0.068808,-0.034694,8.6472
2.2305,2.0722,0.079116,-0.068741,-0.034658,8.6553
2.2305,2.0722,0.079114,-0.068673,-0.034615,8.6598
2.2306,2.0722,0.079112,-0.068601,-0.03459,8.6531
2.2306,2.0722,0.07911,-0.068532,-0.034572,8.6515
2.2307,2.0722,0.079108,-0.068464,-0.034551,8.6567
2.2307,2.0722,0.079107,-0.068397,-0.034541,8.6455
2.2308,2.0722,0.079105,-0.068328,-0.034554,8.6413
2.2308,2.0722,0.079103,-0.068258,-0.03462,8.6367
2.2309,2.0722,0.079101,-0.068184,-0.034698,8.6325
2.2309,2.0722,0.079099,-0.068104,-0.034804,8.6266
2.231,2.0722,0.079097,-0.068023,-0.034907,8.6376
2.2311,2.0722,0.079096,-0.067946,-0.034982,8.6377
2.2311,2.0722,0.079094,-0.06787,-0.03499,8.6306
2.2312,2.0722,0.079092,-0.067794,-0.03497,8.639
2.2312,2.0722,0.07909,-0.067712,-0.034955,8.6431
2.2313,2.0722,0.079088,-0.067635,-0.034976,8.6258
2.2313,2.0722,0.079086,-0.067556,-0.03501,8.6291
2.2314,2.0722,0.079084,-0.067485,-0.03509,8.6331
2.2314,2.0722,0.079083,-0.067423,-0.035193,8.6266
2.2315,2.0722,0.079081,-0.067366,-0.035301,8.6214
2.2315,2.0722,0.079079,-0.067306,-0.035389,8.6323
2.2316,2.0722,0.079077,-0.067232,-0.035472,8.6312
2.2316,2.0722,0.079075,-0.067144,-0.035547,8.6192
2.2317,2.0722,0.079073,-0.067048,-0.035613,8.6281
2.2317,2.0721,0.079071,-0.066939,-0.035673,8.6253
2.2318,2.0721,0.07907,-0.066833,-0.035726,8.6162
2.2318,2.0721,0.079068,-0.06673,-0.035776,8.6208
2.2319,2.0721,0.079066,-0.066632,-0.03582,8.6138
2.2319,2.0721,0.079064,-0.066537,-0.035859,8.5976
2.232,2.0721,0.079062,-0.066443,-0.035889,8.6021
2.2321,2.0721,0.07906,-0.066348,-0.035911,8.6023
2.2321,2.0721,0.079058,-0.066248,-0.035922,8.5942
2.2322,2.0721,0.079056,-0.066145,-0.03593,8.5956
2.2322,2.0721,0.079054,-0.066035,-0.035938,8.603
2.2323,2.0721,0.079053,-0.065928,-0.035946,8.5922
2.2323,2.0721,0.079051,-0.065831,-0.03595,8.5848
2.2324,2.0721,0.079049,-0.06575,-0.03595,8.5903
2.2324,2.0721,0.079047,-0.065688,-0.035957,8.5866
2.2325,2.0721,0.079045,-0.06564,-0.035931,8.578
2.2325,2.0721,0.079043,-0.0656,-0.035877,8.5868
2.2326,2.0721,0.079041,-0.065565,-0.035808,8.5952
2.2326,2.0721,0.079039,-0.065523,-0.035735,8.592
2.2327,2.0721,0.079037,-0.065479,-0.035662,8.5996
2.2327,2.0721,0.079036,-0.065436,-0.035596,8.6026
2.2328,2.0721,0.079034,-0.065397,-0.035543,8.5999
2.2328,2.0721,0.079032,-0.065362,-0.035509,8.6005
2.2329,2.0721,0.07903,-0.065335,-0.035456,8.6043
2.2329,2.0721,0.079028,-0.065314,-0.035398,8.5974
2.233,2.0721,0.079026,-0.065297,-0.035334,8.593
2.2331,2.0721,0.079024,-0.065277,-0.035267,8.6089
2.2331,2.0721,0.079023,-0.065254,-0.035194,8.6019
2.2332,2.0721,0.079021,-0.065226,-0.035117,8.6017
2.2332,2.0721,0.079019,-0.065195,-0.035035,8.6107
2.2333,2.072,0.079017,-0.065162,-0.034949,8.6042
2.2333,2.072,0.079015,-0.065128,-0.034859,8.5979
2.2334,2.072,0.079013,-0.065098,-0.034778,8.6058
2.2334,2.072,0.079012,-0.065071,-0.034669,8.5936
2.2335,2.072,0.07901,-0.065044,-0.03454,8.5817
2.2335,2.072,0.079008,-0.06502,-0.034399,8.5936
2.2336,2.072,0.079006,-0.064997,-0.034251,8.5968
2.2336,2.072,0.079004,-0.064977,-0.034106,8.5852
2.2337,2.072,0.079002,-0.064955,-0.033968,8.598
2.2337,2.072,0.079001,-0.064937,-0.033859,8.6058
2.2338,2.072,0.078999,-0.064926,-0.033746,8.5928
2.2338,2.072,0.078997,-0.064927,-0.033598,8.599
2.2339,2.072,0.078995,-0.064936,-0.033437,8.6058
2.2339,2.072,0.078994,-0.064938,-0.033272,8.6009
2.234,2.072,0.078992,-0.064933,-0.03311,8.5986
2.2341,2.072,0.07899,-0.064923,-0.032955,8.6144
2.2341,2.072,0.078988,-0.064906,-0.032816,8.6141
2.2342,2.072,0.078987,-0.064879,-0.032698,8.608
2.2342,2.072,0.078985,-0.06485,-0.032561,8.6176
2.2343,2.072,0.078983,-0.064833,-0.032422,8.6294
2.2343,2.072,0.078982,-0.064811,-0.03228,8.62
2.2344,2.072,0.07898,-0.064786,-0.032134,8.6239
2.2344,2.072,0.078978,-0.064767,-0.031986,8.6237
2.2345,2.072,0.078977,-0.064758,-0.031834,8.6203
2.2345,2.072,0.078975,-0.064764,-0.031682,8.6134
2.2346,2.072,0.078973,-0.064772,-0.031531,8.6189
2.2346,2.072,0.078972,-0.064798,-0.03138,8.6108
2.2347,2.072,0.07897,-0.064827,-0.031228,8.6108
2.2347,2.072,0.078968,-0.064845,-0.031073,8.6164
2.2348,2.0719,0.078967,-0.064864,-0.030915,8.6108
2.2348,2.0719,0.078965,-0.064878,-0.030753,8.5984
2.2349,2.0719,0.078963,-0.064885,-0.030599,8.5992
2.2349,2.0719,0.078962,-0.064888,-0.030421,8.5963
2.235,2.0719,0.07896,-0.064887,-0.030224,8.584
2.2351,2.0719,0.078959,-0.06489,-0.030018,8.5872
2.2351,2.0719,0.078957,-0.064886,-0.029809,8.5863
2.2352,2.0719,0.078956,-0.064886,-0.029604,8.5788
2.2352,2.0719,0.078954,-0.064895,-0.02941,8.5878
2.2353,2.0719,0.078952,-0.064918,-0.029232,8.6039
2.2353,2.0719,0.078951,-0.064947,-0.029078,8.6006
2.2354,2.0719,0.078949,-0.064971,-0.028908,8.6071
2.2354,2.0719,0.078948,-0.064989,-0.028738,8.6115
2.2355,2.0719,0.078946,-0.064998,-0.028566,8.6092
2.2355,2.0719,0.078945,-0.065003,-0.028394,8.6037
2.2356,2.0719,0.078943,-0.065003,-0.028221,8.6166
2.2356,2.0719,0.078942,-0.065003,-0.028048,8.6234
2.2357,2.0719,0.07894,-0.065011,-0.027875,8.618
2.2357,2.0719,0.078939,-0.065023,-0.027701,8.632
2.2358,2.0719,0.078938,-0.065033,-0.027527,8.6354
2.2358,2.0719,0.078936,-0.065041,-0.027353,8.625
2.2359,2.0719,0.078935,-0.065044,-0.027179,8.6281
2.2359,2.0719,0.078933,-0.065046,-0.027005,8.6302
2.236,2.0719,0.078932,-0.065047,-0.026832,8.6201
2.2361,2.0719,0.07893,-0.065049,-0.026659,8.6233
2.2361,2.0719,0.078929,-0.065049,-0.026487,8.6271
2.2362,2.0719,0.078928,-0.065055,-0.026315,8.6147
2.2362,2.0719,0.078926,-0.065063,-0.026145,8.6178
2.2363,2.0719,0.078925,-0.065066,-0.025976,8.6266
2.2363,2.0718,0.078924,-0.065064,-0.025807,8.6243
2.2364,2.0718,0.078922,-0.065066,-0.02564,8.6115
2.2364,2.0718,0.078921,-0.065071,-0.025475,8.616
2.2365,2.0718,0.07892,-0.065077,-0.025311,8.6089
2.2365,2.0718,0.078918,-0.065083,-0.025148,8.594
2.2366,2.0718,0.078917,-0.065091,-0.024987,8.5912
2.2366,2.0718,0.078916,-0.065095,-0.024828,8.5961
2.2367,2.0718,0.078914,-0.065093,-0.024671,8.5856
2.2367,2.0718,0.078913,-0.065088,-0.024517,8.5929
2.2368,2.0718,0.078912,-0.065082,-0.024365,8.5985
2.2368,2.0718,0.07891,-0.065073,-0.024216,8.5952
2.2369,2.0718,0.078909,-0.065066,-0.024069,8.5916
2.2369,2.0718,0.078908,-0.065059,-0.023925,8.6009
2.237,2.0718,0.078907,-0.065052,-0.023784,8.5966
2.2371,2.0718,0.078905,-0.065045,-0.023646,8.5924
2.2371,2.0718,0.078904,-0.065035,-0.023511,8.6004
2.2372,2.0718,0.078903,-0.065029,-0.023379,8.5992
2.2372,2.0718,0.078902,-0.065026,-0.023251,8.597
2.2373,2.0718,0.078901,-0.065025,-0.023126,8.6034
2.2373,2.0718,0.078899,-0.065022,-0.023004,8.6041
2.2374,2.0718,0.078898,-0.065023,-0.022886,8.5922
2.2374,2.0718,0.078897,-0.065025,-0.022786,8.5978
2.2375,2.0718,0.078896,-0.065026,-0.022666,8.5895
2.2375,2.0718,0.078895,-0.065024,-0.022532,8.5829
2.2376,2.0718,0.078893,-0.065025,-0.022388,8.5787
2.2376,2.0718,0.078892,-0.065024,-0.022244,8.5802
2.2377,2.0718,0.078891,-0.065015,-0.022104,8.5707
2.2377,2.0718,0.07889,-0.065012,-0.021977,8.5679
2.2378,2.0718,0.078889,-0.065016,-0.021869,8.579
2.2378,2.0717,0.078888,-0.065023,-0.021805,8.5808
2.2379,2.0717,0.078886,-0.065029,-0.021707,8.5681
2.2379,2.0717,0.078885,-0.065031,-0.02161,8.5683
2.238,2.0717,0.078884,-0.065036,-0.021495,8.5673
2.2381,2.0717,0.078883,-0.065044,-0.021352,8.5622
2.2381,2.0717,0.078882,-0.065057,-0.021175,8.5666
2.2382,2.0717,0.078881,-0.06509,-0.020967,8.5755
2.2382,2.0717,0.07888,-0.06513,-0.020721,8.5753
2.2383,2.0717,0.078879,-0.065168,-0.020477,8.58
2.2383,2.0717,0.078878,-0.065196,-0.020234,8.5903
2.2384,2.0717,0.078877,-0.065212,-0.020054,8.5804
2.2384,2.0717,0.078875,-0.065222,-0.019906,8.5821
2.2385,2.0717,0.078874,-0.065223,-0.019756,8.5966
2.2385,2.0717,0.078873,-0.065215,-0.019607,8.5893
2.2386,2.0717,0.078872,-0.065207,-0.019455,8.5864
2.2386,2.0717,0.078871,-0.065192,-0.019289,8.599
2.2387,2.0717,0.07887,-0.065176,-0.019138,8.5968
2.2387,2.0717,0.078869,-0.065157,-0.019017,8.5885
2.2388,2.0717,0.078868,-0.065139,-0.018956,8.5954
2.2388,2.0717,0.078867,-0.065126,-0.018886,8.6096
2.2389,2.0717,0.078866,-0.065115,-0.018789,8.6012
2.2389,2.0717,0.078865,-0.065104,-0.018684,8.6033
2.239,2.0717,0.078864,-0.065098,-0.01858,8.6022
2.2391,2.0717,0.078863,-0.065091,-0.018482,8.5974
2.2391,2.0717,0.078862,-0.065085,-0.018398,8.5973
2.2392,2.0717,0.078862,-0.06508,-0.018335,8.5996
2.2392,2.0717,0.078861,-0.065079,-0.018303,8.5913
2.2393,2.0717,0.07886,-0.065077,-0.018262,8.5873
2.2393,2.0717,0.078859,-0.065067,-0.018227,8.6017
2.2394,2.0717,0.078858,-0.065044,-0.018198,8.6049
2.2394,2.0716,0.078857,-0.065026,-0.018174,8.5995
2.2395,2.0716,0.078856,-0.065021,-0.018157,8.6184
2.2395,2.0716,0.078855,-0.065021,-0.018146,8.616
2.2396,2.0716,0.078854,-0.065028,-0.018141,8.6153
2.2396,2.0716,0.078853,-0.065036,-0.018156,8.621
2.2397,2.0716,0.078852,-0.065034,-0.018169,8.6278
2.2397,2.0716,0.078851,-0.065013,-0.018146,8.622
2.2398,2.0716,0.07885,-0.064971,-0.018098,8.6409
2.2398,2.0716,0.078849,-0.064932,-0.01804,8.6451
2.2399,2.0716,0.078848,-0.064905,-0.017984,8.6384
2.2399,2.0716,0.078847,-0.064882,-0.017945,8.6357
2.24,2.0716,0.078846,-0.064859,-0.017952,8.6495
2.2401,2.0716,0.078845,-0.064838,-0.017998,8.6431
2.2401,2.0716,0.078844,-0.064816,-0.018018,8.6316
2.2402,2.0716,0.078843,-0.064803,-0.018,8.6409
2.2402,2.0716,0.078842,-0.06479,-0.017973,8.6367
2.2403,2.0716,0.078842,-0.064777,-0.017948,8.6314
2.2403,2.0716,0.078841,-0.064768,-0.017939,8.6439
2.2404,2.0716,0.07884,-0.064755,-0.017963,8.6426
2.2404,2.0716,0.078839,-0.064734,-0.018035,8.6337
2.2405,2.0716,0.078838,-0.064705,-0.018123,8.6436
2.2405,2.0716,0.078837,-0.064673,-0.018205,8.645
2.2406,2.0716,0.078836,-0.06464,-0.018295,8.6335
2.2406,2.0716,0.078835,-0.064603,-0.018407,8.6304
2.2407,2.0716,0.078834,-0.06456,-0.018518,8.6411
2.2407,2.0716,0.078833,-0.064519,-0.018608,8.6366
2.2408,2.0716,0.078832,-0.064479,-0.018655,8.6357
2.2408,2.0716,0.078831,-0.064441,-0.018685,8.6477
2.2409,2.0716,0.07883,-0.064406,-0.018681,8.6504
2.2409,2.0715,0.078829,-0.064374,-0.018669,8.6458
2.241,2.0715,0.078828,-0.064341,-0.018679,8.6581
2.2411,2.0715,0.078827,-0.064316,-0.018757,8.6558
2.2411,2.0715,0.078826,-0.064295,-0.018864,8.6499
2.2412,2.0715,0.078825,-0.064274,-0.018973,8.6518
2.2412,2.0715,0.078824,-0.064254,-0.019058,8.6572
2.2413,2.0715,0.078823,-0.064237,-0.019126,8.6501
2.2413,2.0715,0.078822,-0.064221,-0.019143,8.6605
2.2414,2.0715,0.078821,-0.064205,-0.019132,8.6676
2.2414,2.0715,0.07882,-0.064193,-0.019106,8.6593
2.2415,2.0715,0.078819,-0.064184,-0.019087,8.6621
2.2415,2.0715,0.078818,-0.064178,-0.019066,8.6711
2.2416,2.0715,0.078817,-0.064174,-0.019047,8.6552
2.2416,2.0715,0.078816,-0.064177,-0.019034,8.6556
2.2417,2.0715,0.078815,-0.064185,-0.019024,8.6583
2.2417,2.0715,0.078814,-0.064204,-0.019022,8.6527
2.2418,2.0715,0.078813,-0.064217,-0.019025,8.6419
2.2418,2.0715,0.078812,-0.064224,-0.019029,8.6565
2.2419,2.0715,0.078811,-0.064223,-0.01903,8.6565
2.2419,2.0715,0.07881,-0.064219,-0.019032,8.6442
2.242,2.0715,0.078809,-0.06422,-0.019034,8.6574
2.2421,2.0715,0.078808,-0.064215,-0.019035,8.6507
2.2421,2.0715,0.078807,-0.064211,-0.019037,8.6403
2.2422,2.0715,0.078806,-0.064206,-0.019039,8.6452
2.2422,2.0715,0.078805,-0.06419,-0.019041,8.6484
2.2423,2.0715,0.078804,-0.064173,-0.019043,8.634
2.2423,2.0715,0.078803,-0.064157,-0.019045,8.6405
2.2424,2.0715,0.078802,-0.064147,-0.019032,8.6545
2.2424,2.0715,0.078801,-0.064146,-0.019043,8.6546
2.2425,2.0715,0.0788,-0.064142,-0.019073,8.6476
2.2425,2.0714,0.078799,-0.06414,-0.019114,8.6545
2.2426,2.0714,0.078798,-0.064138,-0.019161,8.6566
2.2426,2.0714,0.078797,-0.064129,-0.019207,8.6492
2.2427,2.0714,0.078796,-0.064107,-0.019244,8.6486
2.2427,2.0714,0.078795,-0.064078,-0.019266,8.6555
2.2428,2.0714,0.078794,-0.064045,-0.019263,8.6462
2.2428,2.0714,0.078793,-0.064012,-0.019274,8.6541
2.2429,2.0714,0.078792,-0.063983,-0.019285,8.6551
2.2429,2.0714,0.078791,-0.06396,-0.019296,8.6473
2.243,2.0714,0.07879,-0.063948,-0.019308,8.646
2.2431,2.0714,0.078789,-0.063934,-0.019319,8.6598
2.2431,2.0714,0.078788,-0.063916,-0.01933,8.6424
2.2432,2.0714,0.078787,-0.063896,-0.019341,8.6372
2.2432,2.0714,0.078786,-0.063874,-0.019351,8.6424
2.2433,2.0714,0.078785,-0.063851,-0.01936,8.6363
2.2433,2.0714,0.078784,-0.063827,-0.019355,8.6246
2.2434,2.0714,0.078783,-0.063801,-0.019373,8.6351
2.2434,2.0714,0.078782,-0.063774,-0.019409,8.6331
2.2435,2.0714,0.078781,-0.063745,-0.019457,8.6224
2.2435,2.0714,0.07878,-0.063716,-0.019511,8.6291
2.2436,2.0714,0.078779,-0.063685,-0.019563,8.6359
2.2436,2.0714,0.078778,-0.063652,-0.019606,8.6247
2.2437,2.0714,0.078776,-0.063619,-0.019619,8.6278
2.2437,2.0714,0.078775,-0.063584,-0.019632,8.6335
2.2438,2.0714,0.078774,-0.063549,-0.019677,8.6245
2.2438,2.0714,0.078773,-0.063512,-0.019735,8.6257
2.2439,2.0714,0.078772,-0.063474,-0.019798,8.6428
2.2439,2.0714,0.078771,-0.063435,-0.01986,8.6452
2.244,2.0714,0.07877,-0.063396,-0.019914,8.6404
2.2441,2.0713,0.078769,-0.063355,-0.019951,8.6522
2.2441,2.0713,0.078768,-0.063313,-0.019964,8.6468
2.2442,2.0713,0.078767,-0.06327,-0.019992,8.6333
2.2442,2.0713,0.078766,-0.063227,-0.020019,8.6448
2.2443,2.0713,0.078765,-0.063182,-0.020047,8.6461
2.2443,2.0713,0.078764,-0.063137,-0.020075,8.6353
2.2444,2.0713,0.078763,-0.063091,-0.020103,8.6575
2.2444,2.0713,0.078762,-0.063044,-0.020131,8.664
2.2445,2.0713,0.078761,-0.062997,-0.020159,8.6585
2.2445,2.0713,0.07876,-0.062949,-0.020188,8.6542
2.2446,2.0713,0.078759,-0.0629,-0.020216,8.6638
2.2446,2.0713,0.078758,-0.062851,-0.020245,8.6505
2.2447,2.0713,0.078756,-0.062801,-0.020274,8.6449
2.2447,2.0713,0.078755,-0.06275,-0.020303,8.6461
2.2448,2.0713,0.078754,-0.062699,-0.020333,8.6434
2.2448,2.0713,0.078753,-0.062647,-0.020349,8.628
2.2449,2.0713,0.078752,-0.062595,-0.020388,8.6378
2.2449,2.0713,0.078751,-0.062543,-0.020447,8.6459
2.245,2.0713,0.07875,-0.06249,-0.020517,8.6466
2.2451,2.0713,0.078749,-0.062437,-0.020594,8.6588
2.2451,2.0713,0.078748,-0.062383,-0.020669,8.6725
2.2452,2.0713,0.078747,-0.062329,-0.020737,8.6535
2.2452,2.0713,0.078746,-0.062275,-0.020788,8.6631
2.2453,2.0713,0.078745,-0.06222,-0.020816,8.6745
2.2453,2.0713,0.078744,-0.062166,-0.020858,8.6717
2.2454,2.0713,0.078742,-0.062111,-0.0209,8.6719
2.2454,2.0713,0.078741,-0.062056,-0.020944,8.6827
2.2455,2.0713,0.07874,-0.062,-0.020987,8.6833
2.2455,2.0713,0.078739,-0.061945,-0.021032,8.6809
2.2456,2.0713,0.078738,-0.06189,-0.021076,8.6897
2.2456,2.0713,0.078737,-0.061835,-0.021122,8.6816
2.2457,2.0712,0.078736,-0.061779,-0.021168,8.6799
2.2457,2.0712,0.078735,-0.061724,-0.021215,8.6844
2.2458,2.0712,0.078734,-0.061669,-0.021262,8.6828
2.2458,2.0712,0.078732,-0.061614,-0.02131,8.6671
2.2459,2.0712,0.078731,-0.061558,-0.021358,8.6773
2.2459,2.0712,0.07873,-0.061504,-0.021407,8.6801
2.246,2.0712,0.078729,-0.061449,-0.021456,8.6689
2.2461,2.0712,0.078728,-0.061397,-0.021506,8.6747
2.2461,2.0712,0.078727,-0.061341,-0.021556,8.6751
2.2462,2.0712,0.078726,-0.061283,-0.021606,8.6674
2.2462,2.0712,0.078724,-0.061225,-0.021659,8.6599
2.2463,2.0712,0.078723,-0.061163,-0.021708,8.6637
2.2463,2.0712,0.078722,-0.061099,-0.021755,8.6616
2.2464,2.0712,0.078721,-0.061035,-0.021801,8.6497
2.2464,2.0712,0.07872,-0.060972,-0.021847,8.6599
2.2465,2.0712,0.078719,-0.060915,-0.021893,8.6562
2.2465,2.0712,0.078718,-0.060857,-0.021941,8.6552
2.2466,2.0712,0.078716,-0.060802,-0.021991,8.6607
2.2466,2.0712,0.078715,-0.060751,-0.022045,8.6698
2.2467,2.0712,0.078714,-0.060699,-0.022095,8.6643
2.2467,2.0712,0.078713,-0.060647,-0.022144,8.6694
2.2468,2.0712,0.078712,-0.060596,-0.022193,8.6678
2.2468,2.0712,0.078711,-0.060546,-0.022242,8.6558
2.2469,2.0712,0.078709,-0.060496,-0.02229,8.6564
2.2469,2.0712,0.078708,-0.060447,-0.022337,8.6691
2.247,2.0712,0.078707,-0.060399,-0.022384,8.6628
2.2471,2.0712,0.078706,-0.060351,-0.02243,8.6576
2.2471,2.0712,0.078705,-0.060305,-0.022461,8.6732
2.2472,2.0712,0.078704,-0.060259,-0.022519,8.6671
2.2472,2.0712,0.078702,-0.060214,-0.022589,8.6561
2.2473,2.0712,0.078701,-0.06017,-0.022664,8.6618
2.2473,2.0711,0.0787,-0.060127,-0.02274,8.6634
2.2474,2.0711,0.078699,-0.060085,-0.022809,8.65
2.2474,2.0711,0.078698,-0.060044,-0.022866,8.6517
2.2475,2.0711,0.078696,-0.060004,-0.022906,8.6583
2.2475,2.0711,0.078695,-0.059965,-0.022925,8.6492
2.2476,2.0711,0.078694,-0.059927,-0.022961,8.6419
2.2476,2.0711,0.078693,-0.059896,-0.022994,8.6544
2.2477,2.0711,0.078691,-0.059857,-0.023027,8.6455
2.2477,2.0711,0.07869,-0.059813,-0.023059,8.6416
2.2478,2.0711,0.078689,-0.059766,-0.023091,8.6449
2.2478,2.0711,0.078688,-0.059721,-0.023123,8.6345
2.2479,2.0711,0.078687,-0.059679,-0.023154,8.6257
2.2479,2.0711,0.078685,-0.059635,-0.023185,8.6344
2.248,2.0711,0.078684,-0.059587,-0.023215,8.6377
2.2481,2.0711,0.078683,-0.059533,-0.023244,8.626
2.2481,2.0711,0.078682,-0.059458,-0.023273,8.6431
2.2482,2.0711,0.078681,-0.059372,-0.023301,8.6507
2.2482,2.0711,0.078679,-0.059283,-0.023329,8.6371
2.2483,2.0711,0.078678,-0.0592,-0.023355,8.643
2.2483,2.0711,0.078677,-0.059127,-0.023382,8.6452
2.2484,2.0711,0.078676,-0.059058,-0.023408,8.6363
2.2484,2.0711,0.078674,-0.058996,-0.023433,8.6322
2.2485,2.0711,0.078673,-0.058942,-0.023457,8.6408
2.2485,2.0711,0.078672,-0.058889,-0.023481,8.6298
2.2486,2.0711,0.078671,-0.058842,-0.023505,8.621
2.2486,2.0711,0.078669,-0.058796,-0.023528,8.633
2.2487,2.0711,0.078668,-0.058755,-0.02355,8.6257
2.2487,2.0711,0.078667,-0.058714,-0.023571,8.6168
2.2488,2.0711,0.078666,-0.058668,-0.023592,8.6226
2.2488,2.0711,0.078664,-0.05862,-0.023612,8.6159
2.2489,2.0711,0.078663,-0.058572,-0.023632,8.6003
2.2489,2.0711,0.078662,-0.058519,-0.023651,8.603
2.249,2.071,0.078661,-0.058466,-0.02367,8.6091
2.2491,2.071,0.078659,-0.058412,-0.023688,8.6005
2.2491,2.071,0.078658,-0.058356,-0.023706,8.6033
2.2492,2.071,0.078657,-0.058295,-0.023723,8.6151
2.2492,2.071,0.078656,-0.058233,-0.02374,8.6074
2.2493,2.071,0.078654,-0.058177,-0.023756,8.6009
2.2493,2.071,0.078653,-0.05813,-0.023772,8.6057
2.2494,2.071,0.078652,-0.05808,-0.023788,8.6063
2.2494,2.071,0.078651,-0.058033,-0.023802,8.596
2.2495,2.071,0.078649,-0.057991,-0.023817,8.5992
2.2495,2.071,0.078648,-0.057949,-0.023833,8.6025
2.2496,2.071,0.078647,-0.057907,-0.023845,8.5992
2.2496,2.071,0.078646,-0.057874,-0.023854,8.6061
2.2497,2.071,0.078644,-0.057852,-0.023863,8.6085
2.2497,2.071,0.078643,-0.05784,-0.023868,8.5992
2.2498,2.071,0.078642,-0.057824,-0.023871,8.609
2.2498,2.071,0.078641,-0.057803,-0.023874,8.6113
2.2499,2.071,0.078639,-0.057779,-0.023879,8.6041
2.2499,2.071,0.078638,-0.057757,-0.023888,8.6001
2.25,2.071,0.078637,-0.05773,-0.023896,8.6086
2.2501,2.071,0.078636,-0.057708,-0.023906,8.5991
2.2501,2.071,0.078634,-0.057689,-0.02392,8.6039
2.2502,2.071,0.078633,-0.057686,-0.023931,8.6091
2.2502,2.071,0.078632,-0.057689,-0.023942,8.6038
2.2503,2.071,0.078631,-0.057693,-0.023952,8.5994
2.2503,2.071,0.078629,-0.057709,-0.023962,8.6098
2.2504,2.071,0.078628,-0.057727,-0.023971,8.6042
2.2504,2.071,0.078627,-0.057741,-0.02398,8.5934
2.2505,2.071,0.078626,-0.057762,-0.023989,8.5984
2.2505,2.071,0.078624,-0.057791,-0.023997,8.6042
2.2506,2.071,0.078623,-0.057828,-0.024005,8.5926
2.2506,2.071,0.078622,-0.057853,-0.024013,8.5952
2.2507,2.071,0.078621,-0.057873,-0.024021,8.6081
2.2507,2.0709,0.078619,-0.057898,-0.024026,8.6064
2.2508,2.0709,0.078618,-0.057919,-0.024034,8.606
2.2508,2.0709,0.078617,-0.057951,-0.024045,8.6235
2.2509,2.0709,0.078615,-0.057987,-0.024058,8.6158
2.2509,2.0709,0.078614,-0.058031,-0.024071,8.6135
2.251,2.0709,0.078613,-0.058068,-0.024083,8.6226
2.2511,2.0709,0.078612,-0.058094,-0.024095,8.6211
2.2511,2.0709,0.07861,-0.058122,-0.024103,8.6155
2.2512,2.0709,0.078609,-0.058152,-0.024106,8.6231
2.2512,2.0709,0.078608,-0.058186,-0.024116,8.6326
2.2513,2.0709,0.078607,-0.058231,-0.024123,8.6217
2.2513,2.0709,0.078605,-0.058267,-0.024131,8.626
2.2514,2.0709,0.078604,-0.058289,-0.024143,8.6277
2.2514,2.0709,0.078603,-0.058294,-0.024162,8.6151
2.2515,2.0709,0.078601,-0.058281,-0.024186,8.6113
2.2515,2.0709,0.0786,-0.058254,-0.024214,8.6198
2.2516,2.0709,0.078599,-0.058207,-0.024237,8.6132
2.2516,2.0709,0.078598,-0.058153,-0.02426,8.6098
2.2517,2.0709,0.078596,-0.058108,-0.024271,8.6175
2.2517,2.0709,0.078595,-0.058075,-0.024279,8.6159
2.2518,2.0709,0.078594,-0.058051,-0.024285,8.6067
2.2518,2.0709,0.078593,-0.058028,-0.024296,8.6151
2.2519,2.0709,0.078591,-0.058009,-0.02431,8.6091
2.2519,2.0709,0.07859,-0.057976,-0.024327,8.5988
2.252,2.0709,0.078589,-0.05794,-0.024343,8.6035
2.2521,2.0709,0.078587,-0.057909,-0.024358,8.6127
2.2521,2.0709,0.078586,-0.057895,-0.024374,8.6003
2.2522,2.0709,0.078585,-0.057905,-0.02439,8.6089
2.2522,2.0709,0.078584,-0.057919,-0.024408,8.6219
2.2523,2.0709,0.078582,-0.057915,-0.024425,8.6234
2.2523,2.0709,0.078581,-0.057908,-0.024438,8.6226
2.2524,2.0709,0.07858,-0.057871,-0.024446,8.6317
2.2524,2.0708,0.078578,-0.05783,-0.024449,8.6234
2.2525,2.0708,0.078577,-0.057789,-0.024445,8.6228
2.2525,2.0708,0.078576,-0.057751,-0.02444,8.6276
2.2526,2.0708,0.078575,-0.057719,-0.024439,8.6311
2.2526,2.0708,0.078573,-0.057694,-0.024447,8.6246
2.2527,2.0708,0.078572,-0.057677,-0.024462,8.6363
2.2527,2.0708,0.078571,-0.057664,-0.024483,8.6426
2.2528,2.0708,0.078569,-0.057644,-0.024509,8.6325
2.2528,2.0708,0.078568,-0.057632,-0.024522,8.6314
2.2529,2.0708,0.078567,-0.057621,-0.024558,8.634
2.2529,2.0708,0.078566,-0.057587,-0.02461,8.6232
2.253,2.0708,0.078564,-0.057542,-0.024671,8.6219
2.2531,2.0708,0.078563,-0.057501,-0.024734,8.6255
2.2531,2.0708,0.078562,-0.057468,-0.024792,8.616
2.2532,2.0708,0.07856,-0.057433,-0.024841,8.6035
2.2532,2.0708,0.078559,-0.057413,-0.024869,8.6143
2.2533,2.0708,0.078558,-0.057397,-0.024871,8.6143
2.2533,2.0708,0.078556,-0.057376,-0.024888,8.5985
2.2534,2.0708,0.078555,-0.057345,-0.024905,8.6016
2.2534,2.0708,0.078554,-0.057317,-0.024924,8.5911
2.2535,2.0708,0.078552,-0.057286,-0.024946,8.5856
2.2535,2.0708,0.078551,-0.057243,-0.02497,8.589
2.2536,2.0708,0.07855,-0.057196,-0.025,8.5966
2.2536,2.0708,0.078549,-0.057152,-0.025027,8.5821
2.2537,2.0708,0.078547,-0.057103,-0.025055,8.5922
2.2537,2.0708,0.078546,-0.057058,-0.025084,8.6033
2.2538,2.0708,0.078545,-0.057022,-0.025114,8.597
2.2538,2.0708,0.078543,-0.056999,-0.02513,8.6007
2.2539,2.0708,0.078542,-0.056978,-0.025172,8.6121
2.2539,2.0708,0.078541,-0.05695,-0.02523,8.6025
2.254,2.0708,0.078539,-0.056921,-0.025284,8.5986
2.2541,2.0708,0.078538,-0.05689,-0.025364,8.6043
2.2541,2.0708,0.078537,-0.056858,-0.025456,8.6027
2.2542,2.0708,0.078535,-0.056824,-0.025546,8.5952
2.2542,2.0707,0.078534,-0.056789,-0.025606,8.6058
2.2543,2.0707,0.078533,-0.056753,-0.025661,8.6091
2.2543,2.0707,0.078531,-0.056715,-0.025737,8.6047
2.2544,2.0707,0.07853,-0.056676,-0.025805,8.6054
2.2544,2.0707,0.078528,-0.056635,-0.025851,8.6048
2.2545,2.0707,0.078527,-0.056594,-0.025907,8.5925
2.2545,2.0707,0.078526,-0.056551,-0.025953,8.5895
2.2546,2.0707,0.078524,-0.056507,-0.025981,8.5933
2.2546,2.0707,0.078523,-0.056462,-0.025987,8.5859
2.2547,2.0707,0.078522,-0.056415,-0.026009,8.5744
2.2547,2.0707,0.07852,-0.056368,-0.026031,8.5825
2.2548,2.0707,0.078519,-0.05632,-0.026055,8.5831
2.2548,2.0707,0.078518,-0.05627,-0.026079,8.5814
2.2549,2.0707,0.078516,-0.05622,-0.026105,8.5899
2.2549,2.0707,0.078515,-0.056169,-0.026118,8.5933
2.255,2.0707,0.078513,-0.056116,-0.026156,8.5818
2.2551,2.0707,0.078512,-0.056063,-0.026199,8.5863
2.2551,2.0707,0.078511,-0.056009,-0.026273,8.5902
2.2552,2.0707,0.078509,-0.055954,-0.026348,8.5772
2.2552,2.0707,0.078508,-0.055899,-0.02645,8.582
2.2553,2.0707,0.078506,-0.055842,-0.026558,8.5956
2.2553,2.0707,0.078505,-0.055785,-0.026653,8.5961
2.2554,2.0707,0.078504,-0.055727,-0.026715,8.5919
2.2554,2.0707,0.078502,-0.055669,-0.026758,8.6001
2.2555,2.0707,0.078501,-0.055609,-0.026779,8.5971
2.2555,2.0707,0.078499,-0.05555,-0.026836,8.5933
2.2556,2.0707,0.078498,-0.055489,-0.026894,8.5977
2.2556,2.0707,0.078497,-0.055428,-0.026977,8.5973
2.2557,2.0707,0.078495,-0.055367,-0.027057,8.5844
2.2557,2.0707,0.078494,-0.055305,-0.027123,8.6034
2.2558,2.0707,0.078492,-0.055243,-0.027155,8.6121
2.2558,2.0707,0.078491,-0.05518,-0.027143,8.606
2.2559,2.0707,0.078489,-0.055117,-0.027122,8.6115
2.2559,2.0707,0.078488,-0.055053,-0.027117,8.6079
2.256,2.0706,0.078487,-0.054989,-0.02711,8.6017
2.2561,2.0706,0.078485,-0.054925,-0.027103,8.6059
2.2561,2.0706,0.078484,-0.054861,-0.027099,8.6101
2.2562,2.0706,0.078482,-0.054796,-0.027096,8.6006
2.2562,2.0706,0.078481,-0.054731,-0.027091,8.6033
2.2563,2.0706,0.078479,-0.054666,-0.027071,8.6213
2.2563,2.0706,0.078478,-0.054601,-0.027075,8.6159
2.2564,2.0706,0.078477,-0.054536,-0.027081,8.613
2.2564,2.0706,0.078475,-0.05447,-0.027101,8.625
2.2565,2.0706,0.078474,-0.054405,-0.027148,8.6347
2.2565,2.0706,0.078472,-0.054339,-0.027225,8.6247
2.2566,2.0706,0.078471,-0.054274,-0.02734,8.634
2.2566,2.0706,0.078469,-0.054208,-0.027466,8.641
2.2567,2.0706,0.078468,-0.054143,-0.027554,8.6334
2.2567,2.0706,0.078467,-0.054078,-0.027657,8.6438
2.2568,2.0706,0.078465,-0.054013,-0.027708,8.6536
2.2568,2.0706,0.078464,-0.053948,-0.027737,8.6556
2.2569,2.0706,0.078462,-0.053883,-0.027768,8.655
2.2569,2.0706,0.078461,-0.053819,-0.027827,8.6642
2.257,2.0706,0.078459,-0.053755,-0.027901,8.6528
2.2571,2.0706,0.078458,-0.053691,-0.027988,8.6489
2.2571,2.0706,0.078456,-0.053627,-0.028056,8.6597
2.2572,2.0706,0.078455,-0.053564,-0.028121,8.6492
2.2572,2.0706,0.078453,-0.053501,-0.028122,8.6384
2.2573,2.0706,0.078452,-0.053439,-0.028103,8.6467
2.2573,2.0706,0.07845,-0.053377,-0.0281,8.6524
2.2574,2.0706,0.078449,-0.053315,-0.028112,8.6449
2.2574,2.0706,0.078447,-0.053254,-0.028107,8.6512
2.2575,2.0706,0.078446,-0.053194,-0.028112,8.6595
2.2575,2.0706,0.078444,-0.053134,-0.028099,8.6507
2.2576,2.0706,0.078443,-0.053075,-0.028061,8.6514
2.2576,2.0706,0.078441,-0.053017,-0.027985,8.6566
2.2577,2.0706,0.07844,-0.052959,-0.027905,8.6486
2.2577,2.0706,0.078439,-0.052902,-0.027839,8.6473
2.2578,2.0706,0.078437,-0.052845,-0.027775,8.6593
2.2578,2.0705,0.078436,-0.052789,-0.027712,8.6575
2.2579,2.0705,0.078434,-0.052735,-0.02765,8.657
2.2579,2.0705,0.078433,-0.052681,-0.02759,8.6679
2.258,2.0705,0.078431,-0.052627,-0.027531,8.6608
2.2581,2.0705,0.07843,-0.052575,-0.027473,8.6543
2.2581,2.0705,0.078428,-0.052524,-0.027418,8.6642
2.2582,2.0705,0.078427,-0.052473,-0.027363,8.6607
2.2582,2.0705,0.078425,-0.052424,-0.02731,8.6492
2.2583,2.0705,0.078424,-0.052376,-0.027258,8.6613
2.2583,2.0705,0.078423,-0.052328,-0.027193,8.6686
2.2584,2.0705,0.078421,-0.052282,-0.027155,8.6614
2.2584,2.0705,0.07842,-0.052237,-0.027132,8.6566
2.2585,2.0705,0.078418,-0.052193,-0.027115,8.6649
2.2585,2.0705,0.078417,-0.05215,-0.0271,8.6615
2.2586,2.0705,0.078415,-0.052108,-0.027083,8.6498
2.2586,2.0705,0.078414,-0.052068,-0.027055,8.6542
2.2587,2.0705,0.078413,-0.052029,-0.027008,8.6524
2.2587,2.0705,0.078411,-0.051991,-0.026919,8.634
2.2588,2.0705,0.07841,-0.051954,-0.026872,8.6441
2.2588,2.0705,0.078408,-0.051919,-0.026836,8.6446
2.2589,2.0705,0.078407,-0.051886,-0.026812,8.6306
2.2589,2.0705,0.078406,-0.051853,-0.026793,8.6405
2.259,2.0705,0.078404,-0.051822,-0.026773,8.6523
2.2591,2.0705,0.078403,-0.051793,-0.026742,8.6404
2.2591,2.0705,0.078401,-0.051765,-0.026689,8.6389
2.2592,2.0705,0.0784,-0.051739,-0.02661,8.6439
2.2592,2.0705,0.078399,-0.051714,-0.026552,8.6437
2.2593,2.0705,0.078397,-0.051691,-0.026484,8.6402
2.2593,2.0705,0.078396,-0.05167,-0.026438,8.6486
2.2594,2.0705,0.078394,-0.05165,-0.026421,8.652
2.2594,2.0705,0.078393,-0.051632,-0.026458,8.6478
2.2595,2.0705,0.078392,-0.051616,-0.026505,8.6584
2.2595,2.0705,0.07839,-0.051601,-0.026565,8.6577
2.2596,2.0705,0.078389,-0.051588,-0.026646,8.6513
2.2596,2.0705,0.078387,-0.051577,-0.026718,8.6599
2.2597,2.0705,0.078386,-0.051568,-0.026735,8.6577
2.2597,2.0704,0.078385,-0.051561,-0.026754,8.647
2.2598,2.0704,0.078383,-0.051556,-0.026751,8.6486
2.2598,2.0704,0.078382,-0.051553,-0.026769,8.6634
2.2599,2.0704,0.07838,-0.051551,-0.02676,8.6516
2.2599,2.0704,0.078379,-0.051557,-0.026745,8.6499
2.26,2.0704,0.078378,-0.051562,-0.026728,8.6592
2.2601,2.0704,0.078376,-0.051559,-0.026673,8.6543
2.2601,2.0704,0.078375,-0.05154,-0.026593,8.6485
2.2602,2.0704,0.078373,-0.051515,-0.026555,8.6531
2.2602,2.0704,0.078372,-0.051483,-0.02652,8.651
2.2603,2.0704,0.078371,-0.05144,-0.026499,8.6352
2.2603,2.0704,0.078369,-0.051404,-0.026487,8.6405
2.2604,2.0704,0.078368,-0.051377,-0.0265,8.6431
2.2604,2.0704,0.078366,-0.051351,-0.026497,8.6361
2.2605,2.0704,0.078365,-0.051315,-0.026475,8.6423
2.2605,2.0704,0.078364,-0.051272,-0.02647,8.654
2.2606,2.0704,0.078362,-0.051246,-0.026499,8.6419
2.2606,2.0704,0.078361,-0.051223,-0.026538,8.6397
2.2607,2.0704,0.078359,-0.051198,-0.026569,8.649
2.2607,2.0704,0.078358,-0.051178,-0.026613,8.6414
2.2608,2.0704,0.078357,-0.051151,-0.026676,8.636
2.2608,2.0704,0.078355,-0.051119,-0.026719,8.6527
2.2609,2.0704,0.078354,-0.051078,-0.026757,8.6479
2.2609,2.0704,0.078352,-0.051032,-0.02679,8.649
2.261,2.0704,0.078351,-0.050989,-0.026819,8.6585
2.2611,2.0704,0.07835,-0.050945,-0.026843,8.6572
2.2611,2.0704,0.078348,-0.050898,-0.026863,8.6441
2.2612,2.0704,0.078347,-0.050849,-0.026876,8.6461
2.2612,2.0704,0.078345,-0.050792,-0.026888,8.6432
2.2613,2.0704,0.078344,-0.050742,-0.026899,8.6369
2.2613,2.0704,0.078342,-0.050707,-0.026908,8.6333
2.2614,2.0704,0.078341,-0.050682,-0.026913,8.6411
2.2614,2.0704,0.07834,-0.050665,-0.026915,8.6313
2.2615,2.0704,0.078338,-0.050661,-0.026908,8.6321
2.2615,2.0704,0.078337,-0.050671,-0.026899,8.645
2.2616,2.0704,0.078335,-0.050677,-0.026886,8.6399
2.2616,2.0704,0.078334,-0.050665,-0.026873,8.6454
2.2617,2.0703,0.078333,-0.050648,-0.026857,8.6515
2.2617,2.0703,0.078331,-0.050634,-0.026837,8.6548
2.2618,2.0703,0.07833,-0.050631,-0.026813,8.6463
2.2618,2.0703,0.078328,-0.050628,-0.026783,8.6586
2.2619,2.0703,0.078327,-0.050642,-0.026746,8.6646
2.2619,2.0703,0.078326,-0.050667,-0.026708,8.6621
2.262,2.0703,0.078324,-0.050683,-0.026668,8.6712
2.2621,2.0703,0.078323,-0.050684,-0.026624,8.6784
2.2621,2.0703,0.078321,-0.050672,-0.026577,8.6691
2.2622,2.0703,0.07832,-0.050652,-0.02654,8.6741
2.2622,2.0703,0.078319,-0.050645,-0.026477,8.6794
2.2623,2.0703,0.078317,-0.050632,-0.026399,8.6751
2.2623,2.0703,0.078316,-0.050631,-0.026316,8.6743
2.2624,2.0703,0.078314,-0.050634,-0.026236,8.6878
2.2624,2.0703,0.078313,-0.050633,-0.026169,8.6828
2.2625,2.0703,0.078312,-0.050632,-0.026114,8.683
2.2625,2.0703,0.07831,-0.050637,-0.026075,8.696
2.2626,2.0703,0.078309,-0.050645,-0.026051,8.6923
2.2626,2.0703,0.078307,-0.050664,-0.026005,8.6844
2.2627,2.0703,0.078306,-0.050686,-0.025951,8.6906
2.2627,2.0703,0.078305,-0.050718,-0.025891,8.6907
2.2628,2.0703,0.078303,-0.050743,-0.025857,8.6817
2.2628,2.0703,0.078302,-0.050759,-0.025776,8.6775
2.2629,2.0703,0.078301,-0.050783,-0.025658,8.685
2.2629,2.0703,0.078299,-0.050814,-0.025517,8.6714
2.263,2.0703,0.078298,-0.050842,-0.025369,8.6747
2.2631,2.0703,0.078297,-0.050865,-0.025239,8.6831
2.2631,2.0703,0.078295,-0.050892,-0.025117,8.6789
2.2632,2.0703,0.078294,-0.050914,-0.025004,8.6712
2.2632,2.0703,0.078293,-0.050931,-0.024906,8.6891
2.2633,2.0703,0.078291,-0.050952,-0.024744,8.6871
2.2633,2.0703,0.07829,-0.050982,-0.02455,8.6719
2.2634,2.0703,0.078289,-0.051002,-0.024334,8.6787
2.2634,2.0703,0.078288,-0.051023,-0.024119,8.6787
2.2635,2.0703,0.078286,-0.051052,-0.023911,8.6714
2.2635,2.0703,0.078285,-0.051084,-0.023732,8.6808
2.2636,2.0703,0.078284,-0.051115,-0.02358,8.6915
2.2636,2.0703,0.078283,-0.051151,-0.023428,8.6854
2.2637,2.0702,0.078281,-0.051186,-0.023294,8.6874
2.2637,2.0702,0.07828,-0.051217,-0.023199,8.6888
2.2638,2.0702,0.078279,-0.051234,-0.023122,8.6713
2.2638,2.0702,0.078278,-0.051249,-0.023033,8.6759
2.2639,2.0702,0.078277,-0.051261,-0.022931,8.681
2.2639,2.0702,0.078275,-0.051267,-0.022872,8.6746
2.264,2.0702,0.078274,-0.051265,-0.022798,8.668
2.2641,2.0702,0.078273,-0.051258,-0.022703,8.6752
2.2641,2.0702,0.078272,-0.051245,-0.022622,8.6803
2.2642,2.0702,0.078271,-0.051232,-0.02259,8.6645
2.2642,2.0702,0.078269,-0.051225,-0.022545,8.6718
2.2643,2.0702,0.078268,-0.051223,-0.022475,8.6603
2.2643,2.0702,0.078267,-0.051228,-0.022409,8.6416
2.2644,2.0702,0.078266,-0.051237,-0.022361,8.6428
2.2644,2.0702,0.078265,-0.051251,-0.0223,8.6451
2.2645,2.0702,0.078263,-0.051262,-0.022248,8.6356
2.2645,2.0702,0.078262,-0.051269,-0.022211,8.6383
2.2646,2.0702,0.078261,-0.051272,-0.022198,8.649
2.2646,2.0702,0.07826,-0.051267,-0.022171,8.6403
2.2647,2.0702,0.078259,-0.051259,-0.022144,8.6323
2.2647,2.0702,0.078258,-0.051251,-0.022117,8.6423
2.2648,2.0702,0.078256,-0.051245,-0.02209,8.6378
2.2648,2.0702,0.078255,-0.051237,-0.022063,8.6377
2.2649,2.0702,0.078254,-0.051229,-0.022051,8.6384
2.2649,2.0702,0.078253,-0.051224,-0.022015,8.6353
2.265,2.0702,0.078252,-0.051215,-0.021973,8.6309
2.2651,2.0702,0.078251,-0.0512,-0.0219,8.6356
2.2651,2.0702,0.07825,-0.051183,-0.02182,8.6428
2.2652,2.0702,0.078248,-0.051167,-0.021709,8.6371
2.2652,2.0702,0.078247,-0.051148,-0.021584,8.6403
2.2653,2.0702,0.078246,-0.051126,-0.021464,8.6393
2.2653,2.0702,0.078245,-0.051104,-0.021372,8.6277
2.2654,2.0702,0.078244,-0.051084,-0.021296,8.6219
2.2654,2.0702,0.078243,-0.05107,-0.021241,8.6295
2.2655,2.0702,0.078242,-0.05106,-0.021149,8.6249
2.2655,2.0702,0.078241,-0.05105,-0.021051,8.6198
2.2656,2.0702,0.078239,-0.051044,-0.020923,8.627
2.2656,2.0701,0.078238,-0.051035,-0.020792,8.6267
2.2657,2.0701,0.078237,-0.051026,-0.020669,8.6207
2.2657,2.0701,0.078236,-0.051012,-0.020577,8.6266
2.2658,2.0701,0.078235,-0.050999,-0.020528,8.6189
2.2658,2.0701,0.078234,-0.050991,-0.020493,8.6098
2.2659,2.0701,0.078233,-0.050985,-0.020443,8.6117
2.2659,2.0701,0.078232,-0.050979,-0.020399,8.6196
2.266,2.0701,0.078231,-0.050978,-0.020358,8.607
2.2661,2.0701,0.07823,-0.050976,-0.020315,8.6175
2.2661,2.0701,0.078229,-0.050977,-0.020273,8.6304
2.2662,2.0701,0.078228,-0.050977,-0.02024,8.622
2.2662,2.0701,0.078227,-0.050972,-0.020227,8.6217
2.2663,2.0701,0.078225,-0.050964,-0.020197,8.6361
2.2663,2.0701,0.078224,-0.050953,-0.020169,8.6281
2.2664,2.0701,0.078223,-0.050941,-0.02013,8.6168
2.2664,2.0701,0.078222,-0.05093,-0.020062,8.6249
2.2665,2.0701,0.078221,-0.050919,-0.019961,8.6244
2.2665,2.0701,0.07822,-0.05091,-0.01981,8.6152
2.2666,2.0701,0.078219,-0.050904,-0.019641,8.6258
2.2666,2.0701,0.078218,-0.050895,-0.019501,8.6305
2.2667,2.0701,0.078217,-0.050887,-0.019338,8.6214
2.2667,2.0701,0.078216,-0.050875,-0.019221,8.6185
2.2668,2.0701,0.078215,-0.050859,-0.019123,8.6301
2.2668,2.0701,0.078214,-0.050841,-0.019021,8.6171
2.2669,2.0701,0.078213,-0.050822,-0.018888,8.6116
2.2669,2.0701,0.078212,-0.050803,-0.018734,8.6184
2.267,2.0701,0.078211,-0.050785,-0.018573,8.6097
2.2671,2.0701,0.07821,-0.050772,-0.018399,8.604
2.2671,2.0701,0.078209,-0.050755,-0.018203,8.6146
2.2672,2.0701,0.078208,-0.050737,-0.018053,8.6225
2.2672,2.0701,0.078207,-0.05072,-0.017916,8.6128
2.2673,2.0701,0.078206,-0.050701,-0.01776,8.6187
2.2673,2.0701,0.078205,-0.050684,-0.017592,8.6225
2.2674,2.0701,0.078205,-0.050673,-0.017451,8.6089
2.2674,2.0701,0.078204,-0.050673,-0.01732,8.6087
2.2675,2.0701,0.078203,-0.050672,-0.017188,8.6187
2.2675,2.0701,0.078202,-0.050668,-0.017082,8.6126
2.2676,2.07,0.078201,-0.050663,-0.017017,8.6152
2.2676,2.07,0.0782,-0.050648,-0.016961,8.6327
2.2677,2.07,0.078199,-0.050618,-0.016896,8.6304
2.2677,2.07,0.078198,-0.050577,-0.016832,8.6276
2.2678,2.07,0.078197,-0.050529,-0.016772,8.6447
2.2678,2.07,0.078197,-0.050481,-0.016721,8.6389
2.2679,2.07,0.078196,-0.050425,-0.016677,8.6274
2.2679,2.07,0.078195,-0.050376,-0.016637,8.639
2.268,2.07,0.078194,-0.050327,-0.016601,8.6383
2.2681,2.07,0.078193,-0.050279,-0.016565,8.6244
2.2681,2.07,0.078192,-0.050232,-0.016527,8.635
2.2682,2.07,0.078191,-0.050185,-0.016487,8.6446
2.2682,2.07,0.07819,-0.05014,-0.016446,8.6404
2.2683,2.07,0.07819,-0.050095,-0.01643,8.6428
2.2683,2.07,0.078189,-0.050051,-0.016394,8.645
2.2684,2.07,0.078188,-0.050008,-0.016348,8.6353
2.2684,2.07,0.078187,-0.049961,-0.016296,8.6248
2.2685,2.07,0.078186,-0.049918,-0.016244,8.6352
2.2685,2.07,0.078185,-0.04989,-0.016194,8.6244
2.2686,2.07,0.078184,-0.049872,-0.016155,8.6199
2.2686,2.07,0.078184,-0.049858,-0.016149,8.6296
2.2687,2.07,0.078183,-0.049838,-0.01617,8.6298
2.2687,2.07,0.078182,-0.049817,-0.01614,8.6217
2.2688,2.07,0.078181,-0.049795,-0.016096,8.6366
2.2688,2.07,0.07818,-0.049777,-0.016042,8.6385
2.2689,2.07,0.078179,-0.04976,-0.015992,8.6259
2.2689,2.07,0.078178,-0.049755,-0.015957,8.6331
2.269,2.07,0.078178,-0.04976,-0.015955,8.633
2.2691,2.07,0.078177,-0.049756,-0.016004,8.6257
2.2691,2.07,0.078176,-0.049742,-0.016072,8.6341
2.2692,2.07,0.078175,-0.049727,-0.016128,8.6468
2.2692,2.07,0.078174,-0.049715,-0.016204,8.6466
2.2693,2.07,0.078173,-0.049713,-0.016265,8.6489
2.2693,2.07,0.078173,-0.049707,-0.016302,8.6618
2.2694,2.07,0.078172,-0.049706,-0.016287,8.6497
2.2694,2.07,0.078171,-0.049711,-0.016257,8.6439
2.2695,2.07,0.07817,-0.049709,-0.016214,8.647
2.2695,2.07,0.078169,-0.049706,-0.016147,8.646
2.2696,2.0699,0.078168,-0.049701,-0.016082,8.6375
2.2696,2.0699,0.078167,-0.049694,-0.016073,8.6417
2.2697,2.0699,0.078167,-0.049685,-0.016064,8.6454
2.2697,2.0699,0.078166,-0.049675,-0.016078,8.6393
2.2698,2.0699,0.078165,-0.049663,-0.01607,8.6393
2.2698,2.0699,0.078164,-0.049649,-0.016086,8.6449
2.2699,2.0699,0.078163,-0.049634,-0.016111,8.6322
2.2699,2.0699,0.078162,-0.049618,-0.016137,8.6207
2.27,2.0699,0.078161,-0.049599,-0.016203,8.621
2.2701,2.0699,0.078161,-0.04958,-0.016303,8.6057
2.2701,2.0699,0.07816,-0.049559,-0.016369,8.6006
2.2702,2.0699,0.078159,-0.049536,-0.016436,8.608
2.2702,2.0699,0.078158,-0.049517,-0.016493,8.6063
2.2703,2.0699,0.078157,-0.049488,-0.016546,8.5935
2.2703,2.0699,0.078156,-0.049453,-0.016573,8.6078
2.2704,2.0699,0.078155,-0.049412,-0.016618,8.606
2.2704,2.0699,0.078155,-0.04937,-0.016684,8.5938
2.2705,2.0699,0.078154,-0.049329,-0.016736,8.5953
2.2705,2.0699,0.078153,-0.049291,-0.016752,8.599
2.2706,2.0699,0.078152,-0.049258,-0.016756,8.589
2.2706,2.0699,0.078151,-0.049232,-0.016765,8.5921
2.2707,2.0699,0.07815,-0.0492,-0.016757,8.6103
2.2707,2.0699,0.078149,-0.049164,-0.016723,8.6035
2.2708,2.0699,0.078148,-0.049131,-0.016703,8.6016
2.2708,2.0699,0.078148,-0.049097,-0.016683,8.6109
2.2709,2.0699,0.078147,-0.049069,-0.016661,8.603
2.2709,2.0699,0.078146,-0.049043,-0.016639,8.6002
2.271,2.0699,0.078145,-0.049018,-0.016616,8.5973
2.2711,2.0699,0.078144,-0.048991,-0.016591,8.5968
2.2711,2.0699,0.078143,-0.048961,-0.016566,8.5909
2.2712,2.0699,0.078142,-0.048925,-0.01654,8.5981
2.2712,2.0699,0.078141,-0.048887,-0.016514,8.6091
2.2713,2.0699,0.078141,-0.048842,-0.016486,8.599
2.2713,2.0699,0.07814,-0.048801,-0.016457,8.5999
2.2714,2.0699,0.078139,-0.048765,-0.016428,8.6092
2.2714,2.0699,0.078138,-0.048732,-0.016398,8.5958
2.2715,2.0699,0.078137,-0.048701,-0.016367,8.6016
2.2715,2.0699,0.078136,-0.048678,-0.016333,8.5965
2.2716,2.0699,0.078135,-0.048657,-0.0163,8.5942
2.2716,2.0698,0.078134,-0.048635,-0.01627,8.592
2.2717,2.0698,0.078134,-0.048606,-0.016258,8.6041
2.2717,2.0698,0.078133,-0.048574,-0.016229,8.6037
2.2718,2.0698,0.078132,-0.04854,-0.016186,8.6018
2.2718,2.0698,0.078131,-0.048498,-0.016145,8.6142
2.2719,2.0698,0.07813,-0.048455,-0.016073,8.6131
2.2719,2.0698,0.078129,-0.048413,-0.015985,8.6033
2.272,2.0698,0.078129,-0.048372,-0.015898,8.6166
2.2721,2.0698,0.078128,-0.048327,-0.015831,8.6159
2.2721,2.0698,0.078127,-0.048286,-0.015778,8.6075
2.2722,2.0698,0.078126,-0.048246,-0.015749,8.6086
2.2722,2.0698,0.078125,-0.048209,-0.015751,8.6227
2.2723,2.0698,0.078124,-0.048179,-0.015781,8.6205
2.2723,2.0698,0.078124,-0.048154,-0.0158,8.6213
2.2724,2.0698,0.078123,-0.04813,-0.015816,8.6352
2.2724,2.0698,0.078122,-0.048105,-0.015825,8.6261
2.2725,2.0698,0.078121,-0.048073,-0.01582,8.6261
2.2725,2.0698,0.07812,-0.048043,-0.01579,8.6319
2.2726,2.0698,0.078119,-0.048002,-0.015774,8.6262
2.2726,2.0698,0.078119,-0.047959,-0.015755,8.6147
2.2727,2.0698,0.078118,-0.047914,-0.015733,8.6207
2.2727,2.0698,0.078117,-0.047864,-0.015694,8.6294
2.2728,2.0698,0.078116,-0.047814,-0.015677,8.6238
2.2728,2.0698,0.078115,-0.047764,-0.015677,8.6274
2.2729,2.0698,0.078114,-0.047719,-0.015687,8.6425
2.2729,2.0698,0.078114,-0.047678,-0.015701,8.6318
2.273,2.0698,0.078113,-0.047634,-0.015697,8.6342
2.2731,2.0698,0.078112,-0.047587,-0.015694,8.6412
2.2731,2.0698,0.078111,-0.04753,-0.015697,8.6313
2.2732,2.0698,0.07811,-0.04747,-0.015699,8.6205
2.2732,2.0698,0.078109,-0.047411,-0.015777,8.6393
2.2733,2.0698,0.078109,-0.047344,-0.015911,8.6409
2.2733,2.0698,0.078108,-0.04728,-0.016088,8.6346
2.2734,2.0698,0.078107,-0.047213,-0.016282,8.6479
2.2734,2.0698,0.078106,-0.04715,-0.016481,8.6505
2.2735,2.0698,0.078105,-0.047086,-0.016653,8.6402
2.2735,2.0698,0.078104,-0.047023,-0.016792,8.6477
2.2736,2.0698,0.078103,-0.046974,-0.016916,8.6493
2.2736,2.0698,0.078103,-0.046925,-0.017038,8.6428
2.2737,2.0698,0.078102,-0.046868,-0.017127,8.6481
2.2737,2.0697,0.078101,-0.046805,-0.017221,8.6618
2.2738,2.0697,0.0781,-0.04673,-0.017314,8.6549
2.2738,2.0697,0.078099,-0.04665,-0.017418,8.6583
2.2739,2.0697,0.078098,-0.046561,-0.017493,8.6693
2.2739,2.0697,0.078097,-0.046477,-0.017556,8.663
2.274,2.0697,0.078096,-0.04641,-0.017623,8.6554
2.2741,2.0697,0.078095,-0.046349,-0.017668,8.663
2.2741,2.0697,0.078094,-0.0463,-0.017688,8.662
2.2742,2.0697,0.078093,-0.046247,-0.017724,8.6526
2.2742,2.0697,0.078092,-0.046193,-0.017756,8.6576
2.2743,2.0697,0.078091,-0.046132,-0.01779,8.6626
2.2743,2.0697,0.078091,-0.046059,-0.017821,8.6602
2.2744,2.0697,0.07809,-0.045977,-0.017848,8.6651
2.2744,2.0697,0.078089,-0.045897,-0.017871,8.6731
2.2745,2.0697,0.078088,-0.045814,-0.017888,8.669
2.2745,2.0697,0.078087,-0.045734,-0.017906,8.6686
2.2746,2.0697,0.078086,-0.045658,-0.017923,8.6743
2.2746,2.0697,0.078085,-0.045591,-0.017939,8.6646
2.2747,2.0697,0.078084,-0.045521,-0.017955,8.6662
2.2747,2.0697,0.078083,-0.045457,-0.017969,8.6753
2.2748,2.0697,0.078082,-0.045398,-0.017987,8.6719
2.2748,2.0697,0.078081,-0.04534,-0.017993,8.6666
2.2749,2.0697,0.07808,-0.045283,-0.018025,8.6809
2.2749,2.0697,0.078079,-0.045235,-0.018073,8.682
2.275,2.0697,0.078078,-0.045201,-0.018127,8.6683
2.2751,2.0697,0.078077,-0.045174,-0.018171,8.679
2.2751,2.0697,0.078076,-0.045144,-0.018225,8.6736
2.2752,2.0697,0.078075,-0.04512,-0.018281,8.6669
2.2752,2.0697,0.078074,-0.045094,-0.018327,8.6684
2.2753,2.0697,0.078073,-0.045061,-0.018351,8.6801
2.2753,2.0697,0.078072,-0.045024,-0.018387,8.6705
2.2754,2.0697,0.078071,-0.044982,-0.01841,8.6714
2.2754,2.0697,0.078071,-0.04494,-0.018416,8.6851
2.2755,2.0697,0.07807,-0.044901,-0.018401,8.6695
2.2755,2.0697,0.078069,-0.04486,-0.018397,8.6612
2.2756,2.0697,0.078068,-0.044823,-0.018377,8.6676
2.2756,2.0697,0.078067,-0.044786,-0.01838,8.6603
2.2757,2.0697,0.078066,-0.044758,-0.018399,8.6484
2.2757,2.0697,0.078065,-0.04473,-0.018424,8.6571
2.2758,2.0697,0.078064,-0.044699,-0.018449,8.6664
2.2758,2.0697,0.078063,-0.044668,-0.018468,8.6531
2.2759,2.0696,0.078062,-0.044638,-0.018473,8.6604
2.2759,2.0696,0.078061,-0.044604,-0.018458,8.6722
2.276,2.0696,0.07806,-0.044571,-0.018418,8.6611
2.2761,2.0696,0.078059,-0.044535,-0.018392,8.6635
2.2761,2.0696,0.078058,-0.044501,-0.018365,8.6688
2.2762,2.0696,0.078057,-0.044473,-0.018336,8.6613
2.2762,2.0696,0.078056,-0.044448,-0.018306,8.6629
2.2763,2.0696,0.078055,-0.044427,-0.018275,8.674
2.2763,2.0696,0.078054,-0.044409,-0.018243,8.6675
2.2764,2.0696,0.078053,-0.044391,-0.018196,8.662
2.2764,2.0696,0.078052,-0.044374,-0.018171,8.6685
2.2765,2.0696,0.078051,-0.044355,-0.018147,8.6767
2.2765,2.0696,0.07805,-0.044334,-0.018141,8.6614
2.2766,2.0696,0.078049,-0.044317,-0.018161,8.6722
2.2766,2.0696,0.078048,-0.044299,-0.01821,8.6623
2.2767,2.0696,0.078047,-0.044286,-0.018281,8.6568
2.2767,2.0696,0.078046,-0.044277,-0.018378,8.6592
2.2768,2.0696,0.078045,-0.044272,-0.018445,8.6634
2.2768,2.0696,0.078044,-0.044269,-0.01851,8.6506
2.2769,2.0696,0.078043,-0.044268,-0.018543,8.6477
2.2769,2.0696,0.078043,-0.044266,-0.018565,8.6575
2.277,2.0696,0.078042,-0.044263,-0.018583,8.655
2.2771,2.0696,0.078041,-0.044261,-0.018605,8.651
2.2771,2.0696,0.07804,-0.044258,-0.018635,8.6622
2.2772,2.0696,0.078039,-0.044253,-0.018681,8.6605
2.2772,2.0696,0.078038,-0.044252,-0.018703,8.6474
2.2773,2.0696,0.078037,-0.044251,-0.018716,8.6538
2.2773,2.0696,0.078036,-0.044244,-0.018721,8.6575
2.2774,2.0696,0.078035,-0.044228,-0.018716,8.6485
2.2774,2.0696,0.078034,-0.04421,-0.018704,8.6546
2.2775,2.0696,0.078033,-0.044188,-0.018682,8.673
2.2775,2.0696,0.078032,-0.044168,-0.018653,8.6606
2.2776,2.0696,0.078031,-0.044154,-0.018615,8.6593
2.2776,2.0696,0.07803,-0.044158,-0.01857,8.6652
2.2777,2.0696,0.078029,-0.044181,-0.018519,8.6532
2.2777,2.0696,0.078028,-0.04421,-0.018459,8.6526
2.2778,2.0696,0.078027,-0.044244,-0.018385,8.6528
2.2778,2.0696,0.078026,-0.04429,-0.018299,8.6536
2.2779,2.0696,0.078025,-0.044335,-0.018202,8.6514
2.2779,2.0696,0.078024,-0.044383,-0.018098,8.6617
2.278,2.0696,0.078023,-0.044428,-0.017989,8.6632
2.2781,2.0696,0.078022,-0.044472,-0.017876,8.6529
2.2781,2.0696,0.078021,-0.044519,-0.017762,8.6585
2.2782,2.0695,0.07802,-0.044562,-0.01766,8.6646
2.2782,2.0695,0.078019,-0.044609,-0.01752,8.6532
2.2783,2.0695,0.078018,-0.044662,-0.017356,8.6492
2.2783,2.0695,0.078017,-0.044719,-0.017174,8.6585
2.2784,2.0695,0.078017,-0.044785,-0.016984,8.6492
2.2784,2.0695,0.078016,-0.044852,-0.016793,8.6536
2.2785,2.0695,0.078015,-0.044909,-0.01661,8.6659
2.2785,2.0695,0.078014,-0.044957,-0.016441,8.6692
2.2786,2.0695,0.078013,-0.045004,-0.016293,8.6667
2.2786,2.0695,0.078012,-0.045064,-0.016122,8.6742
2.2787,2.0695,0.078011,-0.045133,-0.015948,8.6686
2.2787,2.0695,0.078011,-0.045214,-0.015785,8.6679
2.2788,2.0695,0.07801,-0.045295,-0.015597,8.6753
2.2788,2.0695,0.078009,-0.04538,-0.015392,8.6847
2.2789,2.0695,0.078008,-0.045451,-0.015191,8.6731
2.2789,2.0695,0.078007,-0.045505,-0.014975,8.6873
2.279,2.0695,0.078007,-0.045561,-0.014734,8.6993
2.2791,2.0695,0.078006,-0.045622,-0.014464,8.6953
2.2791,2.0695,0.078005,-0.045685,-0.014158,8.7069
2.2792,2.0695,0.078004,-0.045747,-0.013864,8.7107
2.2792,2.0695,0.078004,-0.045799,-0.013533,8.6987
2.2793,2.0695,0.078003,-0.045854,-0.013216,8.6959
2.2793,2.0695,0.078002,-0.045906,-0.01296,8.6986
2.2794,2.0695,0.078002,-0.045952,-0.012713,8.6959
2.2794,2.0695,0.078001,-0.046008,-0.012478,8.6884
2.2795,2.0695,0.078,-0.046064,-0.012252,8.6999
2.2795,2.0695,0.078,-0.046128,-0.012024,8.7032
2.2796,2.0695,0.077999,-0.04619,-0.011821,8.6926
2.2796,2.0695,0.077998,-0.046251,-0.011612,8.706
2.2797,2.0695,0.077998,-0.04631,-0.011417,8.6982
2.2797,2.0695,0.077997,-0.046368,-0.011242,8.686
2.2798,2.0695,0.077997,-0.046426,-0.01105,8.6857
2.2798,2.0695,0.077996,-0.046481,-0.010853,8.6942
2.2799,2.0695,0.077996,-0.046532,-0.010654,8.6839
2.2799,2.0695,0.077995,-0.046587,-0.010451,8.6782
2.28,2.0695,0.077994,-0.04664,-0.010244,8.6927
2.2801,2.0695,0.077994,-0.046694,-0.010035,8.6874
2.2801,2.0695,0.077993,-0.046748,-0.0098221,8.69
2.2802,2.0695,0.077993,-0.046799,-0.0096066,8.7034
2.2802,2.0695,0.077992,-0.046854,-0.0093883,8.6947
2.2803,2.0695,0.077992,-0.046912,-0.0091674,8.6823
2.2803,2.0695,0.077991,-0.04698,-0.0089442,8.689
2.2804,2.0694,0.077991,-0.047056,-0.0087188,8.6936
2.2804,2.0694,0.077991,-0.047132,-0.0084913,8.6802
2.2805,2.0694,0.07799,-0.047202,-0.0082618,8.6952
2.2805,2.0694,0.07799,-0.047257,-0.0080303,8.7018
2.2806,2.0694,0.077989,-0.047306,-0.0077968,8.6921
2.2806,2.0694,0.077989,-0.047356,-0.0075614,8.6938
2.2807,2.0694,0.077988,-0.047406,-0.0073243,8.6939
2.2807,2.0694,0.077988,-0.047459,-0.0070856,8.6894
2.2808,2.0694,0.077988,-0.047509,-0.0068453,8.6834
2.2808,2.0694,0.077987,-0.047559,-0.0066038,8.684
2.2809,2.0694,0.077987,-0.047611,-0.0063612,8.6751
2.2809,2.0694,0.077987,-0.047665,-0.0061176,8.6664
2.281,2.0694,0.077986,-0.047727,-0.0058733,8.6745
2.2811,2.0694,0.077986,-0.047794,-0.0056284,8.6741
2.2811,2.0694,0.077986,-0.047865,-0.0053831,8.6551
2.2812,2.0694,0.077986,-0.047935,-0.0051375,8.6564
2.2812,2.0694,0.077985,-0.048002,-0.0048919,8.6579
2.2813,2.0694,0.077985,-0.048068,-0.0046464,8.6472
2.2813,2.0694,0.077985,-0.048133,-0.0044011,8.6449
2.2814,2.0694,0.077985,-0.048196,-0.0041562,8.6445
2.2814,2.0694,0.077984,-0.048258,-0.0039118,8.6321
2.2815,2.0694,0.077984,-0.048318,-0.0036703,8.6345
2.2815,2.0694,0.077984,-0.048378,-0.0034261,8.6399
2.2816,2.0694,0.077984,-0.048438,-0.0031821,8.6395
2.2816,2.0694,0.077984,-0.048493,-0.0029207,8.6314
2.2817,2.0694,0.077984,-0.048543,-0.0026765,8.6392
2.2817,2.0694,0.077983,-0.048591,-0.0024465,8.6386
2.2818,2.0694,0.077983,-0.048638,-0.0022151,8.6249
2.2818,2.0694,0.077983,-0.048684,-0.0020144,8.6342
2.2819,2.0694,0.077983,-0.04873,-0.0018327,8.6343
2.2819,2.0694,0.077983,-0.048778,-0.0016518,8.6155
2.282,2.0694,0.077983,-0.04883,-0.0014592,8.6243
2.2821,2.0694,0.077983,-0.048877,-0.0012417,8.6324
2.2821,2.0694,0.077983,-0.048918,-0.0010248,8.625
2.2822,2.0694,0.077983,-0.048951,-0.00079653,8.6312
2.2822,2.0694,0.077983,-0.048976,-0.00055096,8.6373
2.2823,2.0694,0.077983,-0.048997,-0.00032234,8.625
2.2823,2.0694,0.077983,-0.049014,-9.463e-05,8.6182
2.2824,2.0694,0.077983,-0.049032,0.00013421,8.629
2.2824,2.0693,0.077983,-0.049057,0.00036632,8.6271
2.2825,2.0693,0.077983,-0.049086,0.0005969,8.6193
2.2825,2.0693,0.077983,-0.049119,0.00082918,8.6332
2.2826,2.0693,0.077983,-0.049153,0.0010572,8.628
2.2826,2.0693,0.077983,-0.049186,0.0012832,8.6252
2.2827,2.0693,0.077983,-0.049221,0.0015069,8.6314
2.2827,2.0693,0.077983,-0.049252,0.0017144,8.6292
2.2828,2.0693,0.077983,-0.049281,0.0019296,8.6234
2.2828,2.0693,0.077983,-0.049303,0.0021689,8.6243
2.2829,2.0693,0.077983,-0.049332,0.0024407,8.6267
2.2829,2.0693,0.077984,-0.049365,0.0027625,8.6173
2.283,2.0693,0.077984,-0.049399,0.003101,8.6204
2.2831,2.0693,0.077984,-0.049431,0.0034091,8.6331
2.2831,2.0693,0.077984,-0.04946,0.0036876,8.6373
2.2832,2.0693,0.077984,-0.049479,0.0039241,8.6379
2.2832,2.0693,0.077985,-0.049495,0.0041665,8.6487
2.2833,2.0693,0.077985,-0.049504,0.0044086,8.6411
2.2833,2.0693,0.077985,-0.049516,0.0046505,8.6367
2.2834,2.0693,0.077985,-0.049528,0.0049008,8.6426
2.2834,2.0693,0.077986,-0.049546,0.0051172,8.6409
2.2835,2.0693,0.077986,-0.049566,0.0052745,8.6242
2.2835,2.0693,0.077986,-0.049575,0.0053989,8.6369
2.2836,2.0693,0.077986,-0.049587,0.0054989,8.6497
2.2836,2.0693,0.077987,-0.049604,0.0056052,8.6362
2.2837,2.0693,0.077987,-0.049622,0.0057071,8.6415
2.2837,2.0693,0.077987,-0.049645,0.005809,8.6563
2.2838,2.0693,0.077988,-0.049675,0.0059152,8.6353
2.2838,2.0693,0.077988,-0.049718,0.0060255,8.6371
2.2839,2.0693,0.077988,-0.049767,0.0061328,8.6414
2.2839,2.0693,0.077989,-0.049803,0.006221,8.6345
2.284,2.0693,0.077989,-0.049841,0.0063257,8.6246
2.2841,2.0693,0.077989,-0.049863,0.0064419,8.6372
2.2841,2.0693,0.07799,-0.049873,0.0065652,8.6404
2.2842,2.0693,0.07799,-0.049877,0.0066834,8.633
2.2842,2.0693,0.07799,-0.049874,0.0067939,8.6377
2.2843,2.0693,0.077991,-0.049878,0.0068862,8.6407
2.2843,2.0693,0.077991,-0.049886,0.0069546,8.6297
2.2844,2.0693,0.077991,-0.049896,0.0069901,8.63
2.2844,2.0692,0.077992,-0.04991,0.0070096,8.63
2.2845,2.0692,0.077992,-0.049924,0.0070474,8.6178
2.2845,2.0692,0.077993,-0.049935,0.0070924,8.6246
2.2846,2.0692,0.077993,-0.049946,0.0071371,8.6407
2.2846,2.0692,0.077993,-0.049956,0.0071613,8.6306
2.2847,2.0692,0.077994,-0.049956,0.0071965,8.6336
2.2847,2.0692,0.077994,-0.04995,0.0072229,8.6467
2.2848,2.0692,0.077994,-0.049942,0.0072446,8.6418
2.2848,2.0692,0.077995,-0.049926,0.0072791,8.6306
2.2849,2.0692,0.077995,-0.049908,0.0073493,8.6371
2.2849,2.0692,0.077996,-0.049882,0.0074143,8.6311
2.285,2.0692,0.077996,-0.049854,0.0074463,8.6247
2.2851,2.0692,0.077996,-0.049823,0.0074541,8.6349
2.2851,2.0692,0.077997,-0.04979,0.0074612,8.642
2.2852,2.0692,0.077997,-0.049766,0.0074353,8.6336
2.2852,2.0692,0.077998,-0.049745,0.0074027,8.6352
2.2853,2.0692,0.077998,-0.049738,0.0073822,8.6464
2.2853,2.0692,0.077998,-0.049731,0.0073475,8.6401
2.2854,2.0692,0.077999,-0.049707,0.0072943,8.6313
2.2854,2.0692,0.077999,-0.049672,0.0072158,8.6345
2.2855,2.0692,0.077999,-0.049622,0.007144,8.6301
2.2855,2.0692,0.078,-0.049563,0.0070382,8.6213
2.2856,2.0692,0.078,-0.049489,0.0069752,8.6325
2.2856,2.0692,0.078001,-0.049408,0.0069411,8.637
2.2857,2.0692,0.078001,-0.049338,0.0069222,8.6299
2.2857,2.0692,0.078001,-0.049262,0.0069048,8.641
2.2858,2.0692,0.078002,-0.049182,0.006875,8.6422
2.2858,2.0692,0.078002,-0.049111,0.0068191,8.6312
2.2859,2.0692,0.078002,-0.049042,0.0067233,8.6458
2.2859,2.0692,0.078003,-0.048972,0.0065739,8.6469
2.286,2.0692,0.078003,-0.048901,0.0064479,8.6421
2.2861,2.0692,0.078003,-0.048843,0.0063164,8.6454
2.2861,2.0692,0.078004,-0.048792,0.0061793,8.6568
2.2862,2.0692,0.078004,-0.048741,0.0060367,8.6564
2.2862,2.0692,0.078004,-0.048695,0.0058883,8.6493
2.2863,2.0692,0.078005,-0.048656,0.0057341,8.6611
2.2863,2.0692,0.078005,-0.048627,0.0055592,8.655
2.2864,2.0692,0.078005,-0.048587,0.0054022,8.6486
2.2864,2.0692,0.078006,-0.048544,0.0052424,8.6516
2.2865,2.0691,0.078006,-0.048502,0.0050835,8.6475
2.2865,2.0691,0.078006,-0.048443,0.0049753,8.6378
2.2866,2.0691,0.078006,-0.048374,0.004901,8.6367
2.2866,2.0691,0.078007,-0.048296,0.0048894,8.6331
2.2867,2.0691,0.078007,-0.048217,0.0049311,8.622
2.2867,2.0691,0.078007,-0.048146,0.0049562,8.6201
2.2868,2.0691,0.078007,-0.048067,0.0049788,8.6318
2.2868,2.0691,0.078008,-0.047997,0.0049537,8.6145
2.2869,2.0691,0.078008,-0.04793,0.0048892,8.6122
2.2869,2.0691,0.078008,-0.047855,0.0048249,8.614
2.287,2.0691,0.078008,-0.047783,0.0047474,8.605
2.2871,2.0691,0.078009,-0.047708,0.004703,8.6022
2.2871,2.0691,0.078009,-0.047635,0.0046848,8.6137
2.2872,2.0691,0.078009,-0.047557,0.0046545,8.6149
2.2872,2.0691,0.078009,-0.047477,0.004626,8.6071
2.2873,2.0691,0.07801,-0.047397,0.0045994,8.6189
2.2873,2.0691,0.07801,-0.04731,0.0045746,8.6215
2.2874,2.0691,0.07801,-0.04722,0.0045517,8.6134
2.2874,2.0691,0.07801,-0.047131,0.0045308,8.6249
2.2875,2.0691,0.078011,-0.04704,0.0045118,8.624
2.2875,2.0691,0.078011,-0.046956,0.0044949,8.6183
2.2876,2.0691,0.078011,-0.046872,0.00448,8.6133
2.2876,2.0691,0.078011,-0.046789,0.0044671,8.6243
2.2877,2.0691,0.078011,-0.046711,0.0044563,8.6214
2.2877,2.0691,0.078012,-0.046631,0.0044474,8.6176
2.2878,2.0691,0.078012,-0.046552,0.0044405,8.6298
2.2878,2.0691,0.078012,-0.046469,0.0044355,8.6231
2.2879,2.0691,0.078012,-0.04639,0.0044324,8.6122
2.2879,2.0691,0.078013,-0.046321,0.0044314,8.6178
2.288,2.0691,0.078013,-0.046261,0.0044324,8.6163
2.2881,2.0691,0.078013,-0.046208,0.0044355,8.6068
2.2881,2.0691,0.078013,-0.046164,0.0044554,8.6093
2.2882,2.0691,0.078014,-0.046121,0.0044533,8.62
2.2882,2.0691,0.078014,-0.046073,0.004435,8.6066
2.2883,2.0691,0.078014,-0.046024,0.0044064,8.6133
2.2883,2.0691,0.078014,-0.045973,0.004374,8.6258
2.2884,2.0691,0.078015,-0.045922,0.0043446,8.6069
2.2884,2.0691,0.078015,-0.045869,0.0043255,8.6073
2.2885,2.0691,0.078015,-0.045818,0.0043243,8.6163
2.2885,2.0691,0.078015,-0.045764,0.0043637,8.612
2.2886,2.069,0.078015,-0.045706,0.0043668,8.6073
2.2886,2.069,0.078016,-0.04564,0.0043535,8.6128
2.2887,2.069,0.078016,-0.045564,0.0043449,8.616
2.2887,2.069,0.078016,-0.045484,0.0043086,8.6143
2.2888,2.069,0.078016,-0.045401,0.0042576,8.6245
2.2888,2.069,0.078017,-0.045316,0.0042199,8.633
2.2889,2.069,0.078017,-0.04523,0.0041859,8.6207
2.2889,2.069,0.078017,-0.045145,0.0041522,8.6243
2.289,2.069,0.078017,-0.045065,0.0040756,8.6343
2.2891,2.069,0.078017,-0.044984,0.0039575,8.625
2.2891,2.069,0.078018,-0.044903,0.0038458,8.6256
2.2892,2.069,0.078018,-0.044828,0.0036901,8.6346
2.2892,2.069,0.078018,-0.044759,0.0035384,8.6276
2.2893,2.069,0.078018,-0.044689,0.0034412,8.626
2.2893,2.069,0.078018,-0.044615,0.003351,8.645
2.2894,2.069,0.078019,-0.044534,0.0032716,8.6421
2.2894,2.069,0.078019,-0.044454,0.0032004,8.6328
2.2895,2.069,0.078019,-0.044365,0.0031272,8.6415
2.2895,2.069,0.078019,-0.044276,0.003081,8.6387
2.2896,2.069,0.078019,-0.044189,0.0030305,8.6291
2.2896,2.069,0.078019,-0.044102,0.0029976,8.6314
2.2897,2.069,0.07802,-0.044014,0.0029902,8.6374
2.2897,2.069,0.07802,-0.043928,0.0029699,8.6336
2.2898,2.069,0.07802,-0.043843,0.0029669,8.6431
2.2898,2.069,0.07802,-0.043763,0.0029394,8.6462
2.2899,2.069,0.07802,-0.043679,0.0028905,8.6422
2.2899,2.069,0.07802,-0.043597,0.0028302,8.6483
2.29,2.069,0.07802,-0.043514,0.0027679,8.6491
2.2901,2.069,0.078021,-0.043431,0.0027126,8.6468
2.2901,2.069,0.078021,-0.043342,0.0026728,8.6469
2.2902,2.069,0.078021,-0.04326,0.0026567,8.6576
2.2902,2.069,0.078021,-0.043192,0.002672,8.6578
2.2903,2.069,0.078021,-0.04313,0.002675,8.6565
2.2903,2.069,0.078021,-0.043076,0.0026767,8.6688
2.2904,2.069,0.078021,-0.043032,0.0026794,8.6786
2.2904,2.069,0.078022,-0.042998,0.002683,8.6613
2.2905,2.069,0.078022,-0.042973,0.0026872,8.6733
2.2905,2.069,0.078022,-0.042938,0.0026919,8.6768
2.2906,2.069,0.078022,-0.042911,0.0026969,8.6693
2.2906,2.069,0.078022,-0.042874,0.0027023,8.6685
2.2907,2.069,0.078022,-0.042826,0.0027241,8.6825
2.2907,2.069,0.078022,-0.042776,0.0027203,8.6767
2.2908,2.069,0.078023,-0.042727,0.0026966,8.6713
2.2908,2.069,0.078023,-0.042675,0.0026591,8.6822
2.2909,2.0689,0.078023,-0.042619,0.0026127,8.6832
2.2909,2.0689,0.078023,-0.042549,0.0025711,8.6763
2.291,2.0689,0.078023,-0.042474,0.0025391,8.6869
2.2911,2.0689,0.078023,-0.04239,0.0025304,8.6803
2.2911,2.0689,0.078023,-0.0423,0.0025501,8.6726
2.2912,2.0689,0.078023,-0.042214,0.0025587,8.6761
2.2912,2.0689,0.078024,-0.042135,0.0025715,8.6791
2.2913,2.0689,0.078024,-0.042061,0.00259,8.6692
2.2913,2.0689,0.078024,-0.041984,0.0026088,8.6809
2.2914,2.0689,0.078024,-0.041904,0.0026439,8.6927
2.2914,2.0689,0.078024,-0.041822,0.0026504,8.6868
2.2915,2.0689,0.078024,-0.041737,0.0026511,8.6888
2.2915,2.0689,0.078024,-0.041638,0.0026159,8.7032
2.2916,2.0689,0.078025,-0.041537,0.0025632,8.6945
2.2916,2.0689,0.078025,-0.041441,0.0025091,8.6836
2.2917,2.0689,0.078025,-0.041353,0.0024699,8.6966
2.2917,2.0689,0.078025,-0.041271,0.0024553,8.6945
2.2918,2.0689,0.078025,-0.041194,0.0024743,8.6862
2.2918,2.0689,0.078025,-0.041116,0.002499,8.7009
2.2919,2.0689,0.078025,-0.041034,0.0025476,8.7033
2.2919,2.0689,0.078026,-0.040942,0.0025859,8.6868
2.292,2.0689,0.078026,-0.040856,0.0026255,8.6947
2.2921,2.0689,0.078026,-0.040774,0.0026653,8.6945
2.2921,2.0689,0.078026,-0.040696,0.0027183,8.6814
2.2922,2.0689,0.078026,-0.040624,0.0027452,8.6773
2.2922,2.0689,0.078026,-0.040545,0.0027532,8.6823
2.2923,2.0689,0.078026,-0.040465,0.0027696,8.675
2.2923,2.0689,0.078027,-0.04038,0.0027611,8.6696
2.2924,2.0689,0.078027,-0.040288,0.0027566,8.6795
2.2924,2.0689,0.078027,-0.040196,0.0027459,8.6767
2.2925,2.0689,0.078027,-0.0401,0.002726,8.6691
2.2925,2.0689,0.078027,-0.040003,0.0026868,8.6746
2.2926,2.0689,0.078027,-0.039904,0.002619,8.6735
2.2926,2.0689,0.078027,-0.039807,0.0025651,8.6608
2.2927,2.0689,0.078028,-0.039717,0.0025803,8.6621
2.2927,2.0689,0.078028,-0.03963,0.0025973,8.665
2.2928,2.0689,0.078028,-0.039551,0.0026008,8.6549
2.2928,2.0689,0.078028,-0.039463,0.0025674,8.664
2.2929,2.0689,0.078028,-0.039369,0.0024713,8.6756
2.2929,2.0689,0.078028,-0.039269,0.0023337,8.666
2.293,2.0689,0.078028,-0.039164,0.0022237,8.6672
2.2931,2.0689,0.078028,-0.039064,0.0021563,8.6751
2.2931,2.0689,0.078029,-0.03897,0.0021686,8.6669
2.2932,2.0689,0.078029,-0.03888,0.0021623,8.6609
2.2932,2.0689,0.078029,-0.038803,0.0021072,8.6698
2.2933,2.0689,0.078029,-0.038731,0.0020125,8.6668
2.2933,2.0688,0.078029,-0.038667,0.0018716,8.6587
2.2934,2.0688,0.078029,-0.038606,0.001731,8.6719
2.2934,2.0688,0.078029,-0.038546,0.0016217,8.6714
2.2935,2.0688,0.078029,-0.038486,0.0015369,8.6618
2.2935,2.0688,0.078029,-0.038416,0.0014835,8.6693
2.2936,2.0688,0.078029,-0.038335,0.0014233,8.6703
2.2936,2.0688,0.078029,-0.038252,0.001356,8.6568
2.2937,2.0688,0.078029,-0.038166,0.0013198,8.6595
2.2937,2.0688,0.07803,-0.03808,0.0012924,8.6643
2.2938,2.0688,0.07803,-0.037991,0.0012904,8.6504
2.2938,2.0688,0.07803,-0.037897,0.0013226,8.6445
2.2939,2.0688,0.07803,-0.037802,0.0014053,8.6587
2.2939,2.0688,0.07803,-0.037703,0.0014948,8.6618
2.294,2.0688,0.07803,-0.037606,0.001585,8.6546
2.2941,2.0688,0.07803,-0.037513,0.0016642,8.6719
2.2941,2.0688,0.07803,-0.037423,0.0017737,8.6812
2.2942,2.0688,0.07803,-0.03734,0.0018573,8.6675
2.2942,2.0688,0.07803,-0.037255,0.0019208,8.6743
2.2943,2.0688,0.07803,-0.037167,0.0019611,8.674
2.2943,2.0688,0.078031,-0.03707,0.001974,8.669
2.2944,2.0688,0.078031,-0.036976,0.001985,8.6733
2.2944,2.0688,0.078031,-0.036878,0.001969,8.6851
2.2945,2.0688,0.078031,-0.036782,0.0019441,8.6831
2.2945,2.0688,0.078031,-0.036683,0.0019335,8.6843
2.2946,2.0688,0.078031,-0.036586,0.0019366,8.6941
2.2946,2.0688,0.078031,-0.036488,0.0019134,8.6793
2.2947,2.0688,0.078031,-0.036386,0.0018829,8.674
2.2947,2.0688,0.078031,-0.036282,0.0018176,8.6815
2.2948,2.0688,0.078031,-0.036187,0.0017776,8.671
2.2948,2.0688,0.078032,-0.036094,0.0017169,8.6576
2.2949,2.0688,0.078032,-0.036002,0.0016651,8.6726
2.2949,2.0688,0.078032,-0.035912,0.0016366,8.6773
2.295,2.0688,0.078032,-0.035827,0.0016462,8.6718
2.2951,2.0688,0.078032,-0.035739,0.0016633,8.6924
2.2951,2.0688,0.078032,-0.035641,0.0017098,8.6952
2.2952,2.0688,0.078032,-0.035544,0.0017474,8.683
2.2952,2.0688,0.078032,-0.035434,0.0017903,8.684
2.2953,2.0688,0.078032,-0.03532,0.0018384,8.6896
2.2953,2.0688,0.078032,-0.035215,0.001892,8.6799
2.2954,2.0688,0.078032,-0.035119,0.001951,8.685
2.2954,2.0688,0.078033,-0.035034,0.0020156,8.6922
2.2955,2.0688,0.078033,-0.034958,0.0021006,8.6933
2.2955,2.0688,0.078033,-0.034896,0.0021672,8.6884
2.2956,2.0688,0.078033,-0.034842,0.002221,8.7041
2.2956,2.0688,0.078033,-0.034779,0.002268,8.7004
2.2957,2.0688,0.078033,-0.034722,0.0023147,8.6901
2.2957,2.0688,0.078033,-0.034671,0.0023677,8.6953
2.2958,2.0688,0.078033,-0.034613,0.0024342,8.6998
2.2958,2.0688,0.078034,-0.034552,0.0025217,8.6887
2.2959,2.0688,0.078034,-0.034493,0.0026379,8.6959
2.2959,2.0688,0.078034,-0.034437,0.0027445,8.7064
2.296,2.0688,0.078034,-0.034368,0.0028555,8.7065
2.2961,2.0687,0.078034,-0.03429,0.0029706,8.7081
2.2961,2.0687,0.078034,-0.034211,0.0030897,8.721
2.2962,2.0687,0.078034,-0.034125,0.0032129,8.7023
2.2962,2.0687,0.078035,-0.03403,0.00334,8.6913
2.2963,2.0687,0.078035,-0.033921,0.003471,8.7073
2.2963,2.0687,0.078035,-0.03382,0.0036058,8.7023
2.2964,2.0687,0.078035,-0.033718,0.0037444,8.6909
2.2964,2.0687,0.078035,-0.033612,0.0039013,8.7059
2.2965,2.0687,0.078036,-0.03352,0.0040377,8.7101
2.2965,2.0687,0.078036,-0.033437,0.0041741,8.6984
2.2966,2.0687,0.078036,-0.033361,0.0042776,8.7047
2.2966,2.0687,0.078036,-0.033287,0.0043605,8.7088
2.2967,2.0687,0.078037,-0.033205,0.0044358,8.6948
2.2967,2.0687,0.078037,-0.033129,0.0045173,8.6971
2.2968,2.0687,0.078037,-0.033044,0.0046195,8.7008
2.2968,2.0687,0.078037,-0.032955,0.0047574,8.6954
2.2969,2.0687,0.078037,-0.03287,0.0049003,8.6909
2.2969,2.0687,0.078038,-0.032784,0.0050702,8.7002
2.297,2.0687,0.078038,-0.032703,0.0052285,8.6972
2.2971,2.0687,0.078038,-0.032622,0.0053892,8.6998
2.2971,2.0687,0.078039,-0.032545,0.0055519,8.7192
2.2972,2.0687,0.078039,-0.032468,0.0057166,8.7073
2.2972,2.0687,0.078039,-0.032392,0.005883,8.6968
2.2973,2.0687,0.07804,-0.032322,0.0060508,8.6972
2.2973,2.0687,0.07804,-0.032257,0.0062199,8.6978
2.2974,2.0687,0.07804,-0.032198,0.0063902,8.6887
2.2974,2.0687,0.078041,-0.032141,0.0065615,8.694
2.2975,2.0687,0.078041,-0.032082,0.0067336,8.7
2.2975,2.0687,0.078041,-0.032024,0.0069066,8.6934
2.2976,2.0687,0.078042,-0.03196,0.0070803,8.6932
2.2976,2.0687,0.078042,-0.031895,0.0072547,8.697
2.2977,2.0687,0.078042,-0.031831,0.0074297,8.6871
2.2977,2.0687,0.078043,-0.031767,0.0076054,8.678
2.2978,2.0687,0.078043,-0.031705,0.0077815,8.6789
2.2978,2.0687,0.078044,-0.031641,0.0079579,8.672
2.2979,2.0687,0.078044,-0.031573,0.0081344,8.6609
2.2979,2.0687,0.078045,-0.031499,0.0083109,8.6668
2.298,2.0687,0.078045,-0.031421,0.0084873,8.6717
2.2981,2.0687,0.078045,-0.031339,0.0086633,8.6664
2.2981,2.0687,0.078046,-0.031257,0.0088389,8.6673
2.2982,2.0687,0.078046,-0.031177,0.0090139,8.6738
2.2982,2.0687,0.078047,-0.031098,0.0091885,8.6583
2.2983,2.0687,0.078047,-0.03102,0.0093646,8.6567
2.2983,2.0687,0.078048,-0.030942,0.0095385,8.6526
2.2984,2.0687,0.078048,-0.030866,0.0097077,8.6476
2.2984,2.0687,0.078049,-0.03079,0.0098707,8.644
2.2985,2.0687,0.078049,-0.030716,0.010027,8.6539
2.2985,2.0687,0.07805,-0.030642,0.010178,8.6478
2.2986,2.0687,0.07805,-0.03057,0.010325,8.6437
2.2986,2.0687,0.078051,-0.030498,0.010468,8.6576
2.2987,2.0687,0.078052,-0.030428,0.010617,8.6498
2.2987,2.0687,0.078052,-0.030357,0.010768,8.6393
2.2988,2.0687,0.078053,-0.030288,0.010917,8.6428
2.2988,2.0687,0.078053,-0.030227,0.01107,8.6412
2.2989,2.0687,0.078054,-0.030172,0.011224,8.6379
2.2989,2.0687,0.078054,-0.030121,0.011376,8.6405
2.299,2.0687,0.078055,-0.030073,0.011524,8.6383
2.2991,2.0687,0.078056,-0.030024,0.011667,8.636
2.2991,2.0687,0.078056,-0.029973,0.011809,8.6411
2.2992,2.0687,0.078057,-0.029917,0.011947,8.6467
2.2992,2.0686,0.078058,-0.029862,0.01208,8.6357
2.2993,2.0686,0.078058,-0.02981,0.012213,8.6361
2.2993,2.0686,0.078059,-0.029755,0.012345,8.6419
2.2994,2.0686,0.07806,-0.02971,0.012475,8.6365
2.2994,2.0686,0.07806,-0.029673,0.012603,8.6241
2.2995,2.0686,0.078061,-0.029641,0.012728,8.6362
2.2995,2.0686,0.078062,-0.029611,0.012852,8.6402
2.2996,2.0686,0.078062,-0.029581,0.012973,8.6306
2.2996,2.0686,0.078063,-0.029549,0.013091,8.6352
2.2997,2.0686,0.078064,-0.029508,0.013207,8.6423
2.2997,2.0686,0.078064,-0.029464,0.013303,8.6258
2.2998,2.0686,0.078065,-0.029437,0.013421,8.632
2.2998,2.0686,0.078066,-0.029424,0.013561,8.638
2.2999,2.0686,0.078066,-0.029427,0.013714,8.6335
2.2999,2.0686,0.078067,-0.029442,0.013872,8.6308
2.3,2.0686,0.078068,-0.029467,0.014026,8.6431
2.3001,2.0686,0.078069,-0.0295,0.014166,8.6425
2.3001,2.0686,0.078069,-0.029524,0.014283,8.6364
2.3002,2.0686,0.07807,-0.029538,0.014366,8.6483
2.3002,2.0686,0.078071,-0.029538,0.014458,8.6473
2.3003,2.0686,0.078072,-0.029522,0.014548,8.6386
2.3003,2.0686,0.078072,-0.02949,0.014634,8.644
2.3004,2.0686,0.078073,-0.029446,0.014716,8.6446
2.3004,2.0686,0.078074,-0.029396,0.014794,8.6389
2.3005,2.0686,0.078075,-0.029347,0.014868,8.646
2.3005,2.0686,0.078076,-0.029291,0.014938,8.6438
2.3006,2.0686,0.078076,-0.02924,0.015003,8.6451
2.3006,2.0686,0.078077,-0.029193,0.015048,8.6476
2.3007,2.0686,0.078078,-0.029147,0.015113,8.6563
2.3007,2.0686,0.078079,-0.029097,0.015196,8.6471
2.3008,2.0686,0.07808,-0.029047,0.015292,8.6469
2.3008,2.0686,0.07808,-0.028995,0.015399,8.6519
2.3009,2.0686,0.078081,-0.028946,0.015502,8.6436
2.3009,2.0686,0.078082,-0.028893,0.015596,8.6348
2.301,2.0686,0.078083,-0.028843,0.015667,8.648
2.3011,2.0686,0.078084,-0.028793,0.015707,8.6508
2.3011,2.0686,0.078085,-0.02874,0.015753,8.6463
2.3012,2.0686,0.078085,-0.028678,0.015792,8.6539
2.3012,2.0686,0.078086,-0.028607,0.015821,8.6559
2.3013,2.0686,0.078087,-0.028535,0.015845,8.6453
2.3013,2.0686,0.078088,-0.028464,0.015847,8.6532
2.3014,2.0686,0.078089,-0.028391,0.015874,8.6501
2.3014,2.0686,0.07809,-0.028318,0.015901,8.6437
2.3015,2.0686,0.07809,-0.028266,0.015966,8.6422
2.3015,2.0686,0.078091,-0.0282,0.016055,8.6542
2.3016,2.0686,0.078092,-0.028125,0.016151,8.6491
2.3016,2.0686,0.078093,-0.028034,0.016237,8.6379
2.3017,2.0686,0.078094,-0.02793,0.0163,8.6529
2.3017,2.0686,0.078095,-0.027803,0.016328,8.6536
2.3018,2.0686,0.078095,-0.027667,0.016344,8.6449
2.3018,2.0686,0.078096,-0.027516,0.016329,8.652
2.3019,2.0686,0.078097,-0.027374,0.01632,8.6527
2.3019,2.0686,0.078098,-0.02723,0.016305,8.6375
2.302,2.0686,0.078099,-0.0271,0.016285,8.6439
2.3021,2.0686,0.0781,-0.026993,0.016246,8.6511
2.3021,2.0686,0.078101,-0.026903,0.016227,8.6426
2.3022,2.0686,0.078101,-0.026828,0.016224,8.6496
2.3022,2.0686,0.078102,-0.026775,0.016211,8.6604
2.3023,2.0686,0.078103,-0.026711,0.016221,8.6483
2.3023,2.0686,0.078104,-0.026655,0.016226,8.6478
2.3024,2.0686,0.078105,-0.026607,0.016239,8.6539
2.3024,2.0686,0.078106,-0.026553,0.016262,8.6515
2.3025,2.0686,0.078107,-0.026498,0.016307,8.6449
2.3025,2.0686,0.078107,-0.026431,0.016387,8.6536
2.3026,2.0686,0.078108,-0.026358,0.016461,8.6567
2.3026,2.0686,0.078109,-0.026284,0.016485,8.655
2.3027,2.0686,0.07811,-0.026202,0.016499,8.6642
2.3027,2.0685,0.078111,-0.026124,0.016501,8.6775
2.3028,2.0685,0.078112,-0.026051,0.016499,8.6622
2.3028,2.0685,0.078113,-0.025981,0.016499,8.6687
2.3029,2.0685,0.078114,-0.025916,0.01651,8.669
2.3029,2.0685,0.078114,-0.025855,0.016504,8.6599
2.303,2.0685,0.078115,-0.025797,0.016452,8.6507
2.3031,2.0685,0.078116,-0.025743,0.016361,8.6633
2.3031,2.0685,0.078117,-0.025695,0.016281,8.6456
2.3032,2.0685,0.078118,-0.025649,0.016247,8.6429
2.3032,2.0685,0.078119,-0.0256,0.016251,8.6585
2.3033,2.0685,0.07812,-0.025551,0.016291,8.6472
2.3033,2.0685,0.07812,-0.025499,0.016358,8.6311
2.3034,2.0685,0.078121,-0.025443,0.016436,8.6369
2.3034,2.0685,0.078122,-0.025387,0.016502,8.6294
2.3035,2.0685,0.078123,-0.025333,0.016568,8.622
2.3035,2.0685,0.078124,-0.025282,0.016636,8.6182
2.3036,2.0685,0.078125,-0.025232,0.016719,8.6227
2.3036,2.0685,0.078126,-0.025185,0.01678,8.6122
2.3037,2.0685,0.078127,-0.025144,0.016838,8.6143
2.3037,2.0685,0.078127,-0.025107,0.016876,8.6292
2.3038,2.0685,0.078128,-0.025071,0.016882,8.621
2.3038,2.0685,0.078129,-0.025036,0.01685,8.6232
2.3039,2.0685,0.07813,-0.025003,0.016784,8.6237
2.3039,2.0685,0.078131,-0.024967,0.016691,8.614
2.304,2.0685,0.078132,-0.024932,0.016588,8.609
2.3041,2.0685,0.078133,-0.024899,0.016438,8.6125
2.3041,2.0685,0.078134,-0.024862,0.016303,8.6141
2.3042,2.0685,0.078134,-0.02483,0.016187,8.6064
2.3042,2.0685,0.078135,-0.024798,0.016102,8.6177
2.3043,2.0685,0.078136,-0.024772,0.016069,8.6237
2.3043,2.0685,0.078137,-0.024749,0.016048,8.6201
2.3044,2.0685,0.078138,-0.024723,0.016035,8.6246
2.3044,2.0685,0.078139,-0.024701,0.01602,8.6241
2.3045,2.0685,0.078139,-0.024679,0.015987,8.6208
2.3045,2.0685,0.07814,-0.024656,0.015955,8.6138
2.3046,2.0685,0.078141,-0.024632,0.015931,8.6236
2.3046,2.0685,0.078142,-0.024614,0.015925,8.6155
2.3047,2.0685,0.078143,-0.02461,0.015942,8.6132
2.3047,2.0685,0.078144,-0.02461,0.015945,8.6227
2.3048,2.0685,0.078145,-0.024614,0.015949,8.6196
2.3048,2.0685,0.078145,-0.024626,0.015953,8.6133
2.3049,2.0685,0.078146,-0.024639,0.015957,8.6273
2.3049,2.0685,0.078147,-0.024653,0.015963,8.6276
2.305,2.0685,0.078148,-0.024657,0.015969,8.615
2.3051,2.0685,0.078149,-0.024656,0.015976,8.6205
2.3051,2.0685,0.07815,-0.024652,0.015984,8.6242
2.3052,2.0685,0.07815,-0.024641,0.015992,8.6226
2.3052,2.0685,0.078151,-0.02463,0.016002,8.6284
2.3053,2.0685,0.078152,-0.024616,0.016012,8.6395
2.3053,2.0685,0.078153,-0.024602,0.016022,8.6356
2.3054,2.0685,0.078154,-0.024594,0.016033,8.6315
2.3054,2.0685,0.078155,-0.024588,0.016043,8.6446
2.3055,2.0685,0.078155,-0.024583,0.016054,8.6381
2.3055,2.0685,0.078156,-0.024582,0.016065,8.6345
2.3056,2.0685,0.078157,-0.024581,0.016076,8.6371
2.3056,2.0685,0.078158,-0.024583,0.016088,8.6366
2.3057,2.0685,0.078159,-0.024581,0.016099,8.6315
2.3057,2.0685,0.07816,-0.024579,0.016111,8.6497
2.3058,2.0685,0.078161,-0.024576,0.016123,8.6624
2.3058,2.0685,0.078161,-0.024572,0.016135,8.6484
2.3059,2.0685,0.078162,-0.024568,0.016147,8.6486
2.3059,2.0685,0.078163,-0.024562,0.016159,8.6523
2.306,2.0685,0.078164,-0.024557,0.016171,8.6457
2.3061,2.0685,0.078165,-0.02455,0.016184,8.6453
2.3061,2.0685,0.078166,-0.024543,0.016197,8.6543
2.3062,2.0685,0.078167,-0.024536,0.01621,8.653
2.3062,2.0685,0.078167,-0.02453,0.016223,8.6556
2.3063,2.0685,0.078168,-0.024519,0.016236,8.6611
2.3063,2.0685,0.078169,-0.024506,0.016249,8.6579
2.3064,2.0685,0.07817,-0.024491,0.016262,8.6559
2.3064,2.0685,0.078171,-0.024475,0.016275,8.6757
2.3065,2.0685,0.078172,-0.02446,0.016288,8.6718
2.3065,2.0685,0.078173,-0.024446,0.016301,8.6633
2.3066,2.0685,0.078173,-0.024435,0.016313,8.6669
2.3066,2.0685,0.078174,-0.024427,0.016325,8.6749
2.3067,2.0685,0.078175,-0.024416,0.016337,8.6667
2.3067,2.0684,0.078176,-0.024405,0.016347,8.6693
2.3068,2.0684,0.078177,-0.024394,0.016357,8.6885
2.3068,2.0684,0.078178,-0.024383,0.016364,8.6852
2.3069,2.0684,0.078179,-0.024371,0.016371,8.6831
2.3069,2.0684,0.078179,-0.024359,0.016376,8.693
2.307,2.0684,0.07818,-0.024347,0.01638,8.6844
2.3071,2.0684,0.078181,-0.024335,0.016383,8.6717
2.3071,2.0684,0.078182,-0.024323,0.016384,8.6803
2.3072,2.0684,0.078183,-0.024311,0.016385,8.6791
2.3072,2.0684,0.078184,-0.024299,0.016386,8.67
2.3073,2.0684,0.078185,-0.024287,0.016385,8.6758
2.3073,2.0684,0.078185,-0.024275,0.016384,8.6835
2.3074,2.0684,0.078186,-0.024265,0.016382,8.6708
2.3074,2.0684,0.078187,-0.024251,0.016379,8.6776
2.3075,2.0684,0.078188,-0.024235,0.016375,8.6794
2.3075,2.0684,0.078189,-0.024218,0.01637,8.6669
2.3076,2.0684,0.07819,-0.024201,0.016364,8.6661
2.3076,2.0684,0.078191,-0.024187,0.016356,8.6745
2.3077,2.0684,0.078191,-0.024171,0.016347,8.6634
2.3077,2.0684,0.078192,-0.024158,0.016337,8.6628
2.3078,2.0684,0.078193,-0.024146,0.016339,8.6745
2.3078,2.0684,0.078194,-0.024128,0.016316,8.6717
2.3079,2.0684,0.078195,-0.024103,0.016275,8.6641
2.3079,2.0684,0.078196,-0.024079,0.016223,8.6815
2.308,2.0684,0.078197,-0.024053,0.016169,8.6763
2.3081,2.0684,0.078197,-0.024039,0.016119,8.6723
2.3081,2.0684,0.078198,-0.024014,0.016079,8.6746
2.3082,2.0684,0.078199,-0.023992,0.016055,8.6851
2.3082,2.0684,0.0782,-0.02397,0.016051,8.6748
2.3083,2.0684,0.078201,-0.023946,0.01603,8.6774
2.3083,2.0684,0.078202,-0.023919,0.016015,8.695
2.3084,2.0684,0.078203,-0.0239,0.016007,8.6839
2.3084,2.0684,0.078203,-0.023884,0.016005,8.6871
2.3085,2.0684,0.078204,-0.023885,0.016008,8.6928
2.3085,2.0684,0.078205,-0.023878,0.016014,8.6898
2.3086,2.0684,0.078206,-0.02387,0.016021,8.6796
2.3086,2.0684,0.078207,-0.023863,0.016019,8.6783
2.3087,2.0684,0.078208,-0.023858,0.01601,8.6836
2.3087,2.0684,0.078208,-0.023856,0.016003,8.6697
2.3088,2.0684,0.078209,-0.023862,0.015991,8.6815
2.3088,2.0684,0.07821,-0.023874,0.015976,8.6867
2.3089,2.0684,0.078211,-0.023898,0.015959,8.6801
2.3089,2.0684,0.078212,-0.02392,0.015944,8.6858
2.309,2.0684,0.078213,-0.023942,0.015933,8.6857
2.3091,2.0684,0.078213,-0.023973,0.01592,8.6765
2.3091,2.0684,0.078214,-0.023994,0.015908,8.6778
2.3092,2.0684,0.078215,-0.023999,0.0159,8.6804
2.3092,2.0684,0.078216,-0.023991,0.015889,8.668
2.3093,2.0684,0.078217,-0.023985,0.015878,8.6656
2.3093,2.0684,0.078218,-0.023963,0.015866,8.6778
2.3094,2.0684,0.078218,-0.023937,0.015853,8.6835
2.3094,2.0684,0.078219,-0.023912,0.015839,8.6702
2.3095,2.0684,0.07822,-0.023916,0.015825,8.6854
2.3095,2.0684,0.078221,-0.023922,0.015811,8.6916
2.3096,2.0684,0.078222,-0.023934,0.015795,8.6826
2.3096,2.0684,0.078223,-0.023961,0.01578,8.6843
2.3097,2.0684,0.078223,-0.023999,0.015763,8.6834
2.3097,2.0684,0.078224,-0.024017,0.015747,8.6784
2.3098,2.0684,0.078225,-0.02402,0.01573,8.6849
2.3098,2.0684,0.078226,-0.024006,0.015713,8.6974
2.3099,2.0684,0.078227,-0.023981,0.015696,8.6877
2.3099,2.0684,0.078228,-0.023948,0.015679,8.6877
2.31,2.0684,0.078228,-0.023905,0.015662,8.6967
2.3101,2.0684,0.078229,-0.023866,0.015644,8.6875
2.3101,2.0684,0.07823,-0.023827,0.015627,8.6821
2.3102,2.0684,0.078231,-0.023796,0.01561,8.6856
2.3102,2.0684,0.078232,-0.023784,0.015592,8.6757
2.3103,2.0684,0.078233,-0.023773,0.015574,8.669
2.3103,2.0684,0.078233,-0.023759,0.01557,8.6849
2.3104,2.0684,0.078234,-0.023756,0.015542,8.6852
2.3104,2.0684,0.078235,-0.023743,0.015497,8.6759
2.3105,2.0684,0.078236,-0.023731,0.015458,8.676
2.3105,2.0684,0.078237,-0.023716,0.015393,8.6818
2.3106,2.0684,0.078237,-0.023698,0.015315,8.6702
2.3106,2.0684,0.078238,-0.023686,0.015244,8.6677
2.3107,2.0684,0.078239,-0.023662,0.015207,8.6727
2.3107,2.0684,0.07824,-0.023641,0.01519,8.6621
2.3108,2.0684,0.078241,-0.023623,0.015144,8.657
2.3108,2.0684,0.078241,-0.023599,0.015065,8.6752
2.3109,2.0683,0.078242,-0.023572,0.014998,8.6648
2.3109,2.0683,0.078243,-0.023536,0.014902,8.6672
2.311,2.0683,0.078244,-0.023488,0.014779,8.683
2.3111,2.0683,0.078245,-0.023432,0.014667,8.6779
2.3111,2.0683,0.078245,-0.023373,0.014615,8.6686
2.3112,2.0683,0.078246,-0.023314,0.014585,8.6713
2.3112,2.0683,0.078247,-0.023253,0.014538,8.6742
2.3113,2.0683,0.078248,-0.023189,0.014494,8.6643
2.3113,2.0683,0.078248,-0.023124,0.01446,8.6753
2.3114,2.0683,0.078249,-0.023056,0.014423,8.6853
2.3114,2.0683,0.07825,-0.022976,0.014397,8.6795
2.3115,2.0683,0.078251,-0.02291,0.014389,8.6769
2.3115,2.0683,0.078251,-0.02285,0.014403,8.6883
2.3116,2.0683,0.078252,-0.022799,0.014399,8.6804
2.3116,2.0683,0.078253,-0.022757,0.014355,8.6782
2.3117,2.0683,0.078254,-0.02273,0.014301,8.6863
2.3117,2.0683,0.078254,-0.022709,0.014206,8.6821
2.3118,2.0683,0.078255,-0.022706,0.014091,8.6754
2.3118,2.0683,0.078256,-0.022704,0.01403,8.6827
2.3119,2.0683,0.078257,-0.022704,0.013978,8.6883
2.3119,2.0683,0.078257,-0.022691,0.013969,8.6904
2.312,2.0683,0.078258,-0.022654,0.013991,8.7
2.3121,2.0683,0.078259,-0.022605,0.014025,8.708
2.3121,2.0683,0.07826,-0.022548,0.014042,8.6959
2.3122,2.0683,0.07826,-0.022471,0.014068,8.6972
2.3122,2.0683,0.078261,-0.022412,0.01408,8.7017
2.3123,2.0683,0.078262,-0.022357,0.014107,8.6951
2.3123,2.0683,0.078263,-0.022295,0.014117,8.695
2.3124,2.0683,0.078263,-0.02224,0.014145,8.7055
2.3124,2.0683,0.078264,-0.022182,0.014172,8.7019
2.3125,2.0683,0.078265,-0.022143,0.014167,8.7021
2.3125,2.0683,0.078266,-0.022104,0.014167,8.7125
2.3126,2.0683,0.078266,-0.022061,0.0142,8.7168
2.3126,2.0683,0.078267,-0.022027,0.014241,8.7058
2.3127,2.0683,0.078268,-0.021996,0.014287,8.7082
2.3127,2.0683,0.078269,-0.021965,0.014316,8.7114
2.3128,2.0683,0.078269,-0.021939,0.014348,8.7013
2.3128,2.0683,0.07827,-0.021917,0.014399,8.7031
2.3129,2.0683,0.078271,-0.021901,0.014482,8.7225
2.3129,2.0683,0.078272,-0.021885,0.014618,8.7166
2.313,2.0683,0.078272,-0.021873,0.014767,8.7117
2.3131,2.0683,0.078273,-0.021862,0.014905,8.722
2.3131,2.0683,0.078274,-0.021853,0.015015,8.7078
2.3132,2.0683,0.078275,-0.021848,0.015073,8.697
2.3132,2.0683,0.078275,-0.02184,0.015109,8.7035
2.3133,2.0683,0.078276,-0.021832,0.015139,8.7021
2.3133,2.0683,0.078277,-0.021827,0.015189,8.696
2.3134,2.0683,0.078278,-0.021822,0.015243,8.6998
2.3134,2.0683,0.078279,-0.021818,0.015301,8.6965
2.3135,2.0683,0.07828,-0.021819,0.015364,8.6912
2.3135,2.0683,0.07828,-0.021824,0.015431,8.6945
2.3136,2.0683,0.078281,-0.021828,0.015503,8.7006
2.3136,2.0683,0.078282,-0.02183,0.015579,8.6919
2.3137,2.0683,0.078283,-0.021829,0.015659,8.6951
2.3137,2.0683,0.078284,-0.021829,0.015743,8.7003
2.3138,2.0683,0.078284,-0.02183,0.015832,8.6872
2.3138,2.0683,0.078285,-0.021832,0.015925,8.6873
2.3139,2.0683,0.078286,-0.02184,0.016023,8.705
2.3139,2.0683,0.078287,-0.021855,0.016124,8.7075
2.314,2.0683,0.078288,-0.021868,0.016231,8.702
2.3141,2.0683,0.078289,-0.021889,0.016341,8.7061
2.3141,2.0683,0.07829,-0.021907,0.016456,8.7059
2.3142,2.0683,0.07829,-0.021931,0.016574,8.6987
2.3142,2.0683,0.078291,-0.021958,0.016695,8.7016
2.3143,2.0683,0.078292,-0.021985,0.01682,8.7001
2.3143,2.0683,0.078293,-0.022019,0.016948,8.686
2.3144,2.0683,0.078294,-0.022057,0.017079,8.6883
2.3144,2.0683,0.078295,-0.022094,0.017213,8.6974
2.3145,2.0683,0.078296,-0.022137,0.01735,8.6787
2.3145,2.0683,0.078297,-0.022187,0.017491,8.6743
2.3146,2.0683,0.078298,-0.022242,0.017635,8.6885
2.3146,2.0683,0.078299,-0.022289,0.017782,8.6822
2.3147,2.0683,0.0783,-0.022329,0.017932,8.6771
2.3147,2.0683,0.0783,-0.022362,0.018086,8.6731
2.3148,2.0683,0.078301,-0.022382,0.018242,8.6661
2.3148,2.0683,0.078302,-0.022393,0.018401,8.6511
2.3149,2.0683,0.078303,-0.022399,0.018563,8.6596
2.3149,2.0683,0.078304,-0.022411,0.018727,8.6649
2.315,2.0683,0.078305,-0.022429,0.018894,8.6566
2.3151,2.0683,0.078306,-0.022451,0.019063,8.6609
2.3151,2.0683,0.078307,-0.022478,0.019236,8.6757
2.3152,2.0683,0.078308,-0.022506,0.019408,8.6636
2.3152,2.0683,0.078309,-0.022538,0.01958,8.6635
2.3153,2.0683,0.07831,-0.022568,0.019753,8.6644
2.3153,2.0683,0.078312,-0.022594,0.019929,8.6549
2.3154,2.0682,0.078313,-0.022615,0.020109,8.6497
2.3154,2.0682,0.078314,-0.022636,0.02029,8.6645
2.3155,2.0682,0.078315,-0.02265,0.020473,8.6569
2.3155,2.0682,0.078316,-0.022663,0.02066,8.6499
2.3156,2.0682,0.078317,-0.022671,0.020848,8.6564
2.3156,2.0682,0.078318,-0.022684,0.021036,8.6552
2.3157,2.0682,0.078319,-0.022697,0.021225,8.6477
2.3157,2.0682,0.07832,-0.022711,0.021416,8.6512
2.3158,2.0682,0.078321,-0.022726,0.021613,8.6453
2.3158,2.0682,0.078323,-0.02274,0.02181,8.636
2.3159,2.0682,0.078324,-0.022754,0.02201,8.6351
2.3159,2.0682,0.078325,-0.022767,0.022213,8.641
2.316,2.0682,0.078326,-0.02278,0.022422,8.6322
2.3161,2.0682,0.078327,-0.022793,0.022629,8.6388
2.3161,2.0682,0.078328,-0.022806,0.022836,8.6474
2.3162,2.0682,0.07833,-0.022817,0.023044,8.6351
2.3162,2.0682,0.078331,-0.022832,0.023252,8.6289
2.3163,2.0682,0.078332,-0.02285,0.023461,8.6377
2.3163,2.0682,0.078333,-0.022869,0.023672,8.6256
2.3164,2.0682,0.078335,-0.02289,0.023879,8.613
2.3164,2.0682,0.078336,-0.02291,0.024086,8.6238
2.3165,2.0682,0.078337,-0.022929,0.024288,8.6254
2.3165,2.0682,0.078338,-0.022945,0.024487,8.6164
2.3166,2.0682,0.07834,-0.022958,0.024685,8.6237
2.3166,2.0682,0.078341,-0.022973,0.024885,8.6413
2.3167,2.0682,0.078342,-0.022987,0.025088,8.6315
2.3167,2.0682,0.078344,-0.023002,0.025298,8.6376
2.3168,2.0682,0.078345,-0.023016,0.025507,8.6417
2.3168,2.0682,0.078346,-0.023031,0.025715,8.6387
2.3169,2.0682,0.078348,-0.023045,0.025915,8.6375
2.3169,2.0682,0.078349,-0.023059,0.026106,8.6522
2.317,2.0682,0.078351,-0.023073,0.026293,8.6445
2.3171,2.0682,0.078352,-0.023086,0.026482,8.6383
2.3171,2.0682,0.078353,-0.023099,0.026671,8.6556
2.3172,2.0682,0.078355,-0.023113,0.026867,8.6535
2.3172,2.0682,0.078356,-0.023125,0.027065,8.6442
2.3173,2.0682,0.078358,-0.023137,0.027258,8.645
2.3173,2.0682,0.078359,-0.023148,0.027448,8.6431
2.3174,2.0682,0.078361,-0.023163,0.027634,8.6337
2.3174,2.0682,0.078362,-0.02318,0.027823,8.6348
2.3175,2.0682,0.078363,-0.023198,0.028014,8.6413
2.3175,2.0682,0.078365,-0.023218,0.028199,8.6325
2.3176,2.0682,0.078366,-0.02323,0.028384,8.641
2.3176,2.0682,0.078368,-0.023253,0.028568,8.6455
2.3177,2.0682,0.078369,-0.023276,0.028743,8.645
2.3177,2.0682,0.078371,-0.023304,0.028904,8.6385
2.3178,2.0682,0.078372,-0.023339,0.029086,8.6462
2.3178,2.0682,0.078374,-0.023374,0.029287,8.6405
2.3179,2.0682,0.078376,-0.023408,0.029492,8.6361
2.3179,2.0682,0.078377,-0.023451,0.029695,8.642
2.318,2.0682,0.078379,-0.023492,0.02989,8.6471
2.3181,2.0682,0.07838,-0.023554,0.030075,8.6442
2.3181,2.0682,0.078382,-0.023621,0.030237,8.6555
2.3182,2.0682,0.078383,-0.023699,0.030376,8.6701
2.3182,2.0682,0.078385,-0.02377,0.030528,8.6558
2.3183,2.0682,0.078387,-0.023842,0.030675,8.658
2.3183,2.0682,0.078388,-0.023897,0.030817,8.6663
2.3184,2.0682,0.07839,-0.023957,0.030954,8.6658
2.3184,2.0682,0.078392,-0.024003,0.031088,8.6639
2.3185,2.0682,0.078393,-0.024045,0.03122,8.664
2.3185,2.0682,0.078395,-0.024082,0.03135,8.6567
2.3186,2.0682,0.078397,-0.024117,0.03148,8.6514
2.3186,2.0682,0.078398,-0.024138,0.031611,8.6581
2.3187,2.0682,0.0784,-0.024158,0.031737,8.6601
2.3187,2.0682,0.078402,-0.024161,0.031858,8.6491
2.3188,2.0682,0.078403,-0.024165,0.031979,8.6565
2.3188,2.0682,0.078405,-0.024159,0.0321,8.6533
2.3189,2.0682,0.078407,-0.024148,0.032218,8.6437
2.3189,2.0682,0.078408,-0.024147,0.032334,8.6453
2.319,2.0682,0.07841,-0.024142,0.032446,8.6541
2.3191,2.0682,0.078412,-0.024145,0.032552,8.6455
2.3191,2.0682,0.078413,-0.024171,0.032652,8.6515
2.3192,2.0682,0.078415,-0.024224,0.032745,8.6633
2.3192,2.0682,0.078417,-0.02429,0.032837,8.6586
2.3193,2.0682,0.078419,-0.024365,0.032923,8.6526
2.3193,2.0682,0.07842,-0.024434,0.033009,8.6654
2.3194,2.0682,0.078422,-0.024502,0.033093,8.6557
2.3194,2.0682,0.078424,-0.024529,0.033174,8.6551
2.3195,2.0682,0.078426,-0.024549,0.033254,8.6637
2.3195,2.0682,0.078427,-0.024574,0.033333,8.6638
2.3196,2.0682,0.078429,-0.024604,0.033407,8.6588
2.3196,2.0681,0.078431,-0.024627,0.033475,8.6711
2.3197,2.0681,0.078433,-0.024663,0.033534,8.6787
2.3197,2.0681,0.078434,-0.024707,0.033589,8.673
2.3198,2.0681,0.078436,-0.024752,0.033637,8.6718
2.3198,2.0681,0.078438,-0.024792,0.033677,8.6756
2.3199,2.0681,0.07844,-0.024826,0.033713,8.6588
2.3199,2.0681,0.078442,-0.024862,0.033748,8.6504
2.32,2.0681,0.078443,-0.024882,0.033778,8.6569
2.3201,2.0681,0.078445,-0.024889,0.033809,8.6415
2.3201,2.0681,0.078447,-0.024892,0.033835,8.6343
2.3202,2.0681,0.078449,-0.024878,0.033861,8.6438
2.3202,2.0681,0.07845,-0.02487,0.033883,8.6408
2.3203,2.0681,0.078452,-0.024873,0.033881,8.6259
2.3203,2.0681,0.078454,-0.024864,0.033894,8.6328
2.3204,2.0681,0.078456,-0.024869,0.033924,8.6291
2.3204,2.0681,0.078458,-0.024865,0.033945,8.6221
2.3205,2.0681,0.078459,-0.02486,0.033991,8.6176
2.3205,2.0681,0.078461,-0.024854,0.034046,8.6273
2.3206,2.0681,0.078463,-0.024837,0.034093,8.6111
2.3206,2.0681,0.078465,-0.024833,0.034103,8.6172
2.3207,2.0681,0.078467,-0.024813,0.034086,8.6296
2.3207,2.0681,0.078468,-0.02478,0.034102,8.6215
2.3208,2.0681,0.07847,-0.024745,0.034159,8.6223
2.3208,2.0681,0.078472,-0.024707,0.034201,8.632
2.3209,2.0681,0.078474,-0.024675,0.034279,8.6247
2.3209,2.0681,0.078476,-0.024663,0.034389,8.6161
2.321,2.0681,0.078477,-0.024653,0.034499,8.6276
2.3211,2.0681,0.078479,-0.024646,0.034557,8.6278
2.3211,2.0681,0.078481,-0.024633,0.034599,8.6154
2.3212,2.0681,0.078483,-0.024614,0.034663,8.6298
2.3212,2.0681,0.078485,-0.024581,0.034722,8.6352
2.3213,2.0681,0.078486,-0.024547,0.034764,8.624
2.3213,2.0681,0.078488,-0.024506,0.034808,8.6339
2.3214,2.0681,0.07849,-0.024474,0.03484,8.6378
2.3214,2.0681,0.078492,-0.024435,0.034853,8.6182
2.3215,2.0681,0.078494,-0.024395,0.034837,8.6199
2.3215,2.0681,0.078496,-0.02436,0.034836,8.6231
2.3216,2.0681,0.078497,-0.024316,0.034874,8.6154
2.3216,2.0681,0.078499,-0.024261,0.034927,8.6124
2.3217,2.0681,0.078501,-0.024218,0.035032,8.6213
2.3217,2.0681,0.078503,-0.024176,0.035165,8.6219
2.3218,2.0681,0.078505,-0.024141,0.035257,8.6123
2.3218,2.0681,0.078507,-0.024109,0.035342,8.6184
2.3219,2.0681,0.078509,-0.024073,0.035388,8.6212
2.3219,2.0681,0.07851,-0.02405,0.035406,8.6095
2.322,2.0681,0.078512,-0.024028,0.035414,8.6189
2.3221,2.0681,0.078514,-0.024007,0.03544,8.6238
2.3221,2.0681,0.078516,-0.024,0.035465,8.6127
2.3222,2.0681,0.078518,-0.023993,0.0355,8.62
2.3222,2.0681,0.07852,-0.023971,0.035515,8.6356
2.3223,2.0681,0.078522,-0.023945,0.035546,8.6324
2.3223,2.0681,0.078524,-0.023922,0.035558,8.636
2.3224,2.0681,0.078525,-0.023923,0.035574,8.6454
2.3224,2.0681,0.078527,-0.023938,0.035629,8.636
2.3225,2.0681,0.078529,-0.023971,0.035689,8.6359
2.3225,2.0681,0.078531,-0.024019,0.035726,8.6422
2.3226,2.0681,0.078533,-0.024072,0.035759,8.6399
2.3226,2.0681,0.078535,-0.024117,0.035785,8.6279
2.3227,2.0681,0.078537,-0.024162,0.035833,8.6458
2.3227,2.0681,0.078539,-0.024206,0.03588,8.6512
2.3228,2.0681,0.07854,-0.024249,0.035913,8.6483
2.3228,2.0681,0.078542,-0.024293,0.035915,8.6531
2.3229,2.0681,0.078544,-0.024335,0.03586,8.6649
2.3229,2.0681,0.078546,-0.024377,0.035785,8.6536
2.323,2.0681,0.078548,-0.024419,0.035715,8.6511
2.3231,2.0681,0.07855,-0.024461,0.035666,8.6606
2.3231,2.0681,0.078552,-0.024504,0.035669,8.6529
2.3232,2.0681,0.078554,-0.024548,0.035698,8.6517
2.3232,2.0681,0.078556,-0.024591,0.035738,8.6675
2.3233,2.0681,0.078557,-0.024634,0.035763,8.6676
2.3233,2.0681,0.078559,-0.024676,0.035788,8.6589
2.3234,2.0681,0.078561,-0.024716,0.035813,8.6708
2.3234,2.0681,0.078563,-0.024755,0.035837,8.6749
2.3235,2.0681,0.078565,-0.024792,0.035862,8.6634
2.3235,2.0681,0.078567,-0.024828,0.035886,8.6708
2.3236,2.0681,0.078569,-0.024867,0.035909,8.6742
2.3236,2.0681,0.078571,-0.024908,0.035932,8.667
2.3237,2.0681,0.078573,-0.02495,0.035955,8.6659
2.3237,2.068,0.078574,-0.024995,0.035977,8.6845
2.3238,2.068,0.078576,-0.02504,0.035999,8.6855
2.3238,2.068,0.078578,-0.025085,0.036019,8.6839
2.3239,2.068,0.07858,-0.025128,0.03604,8.694
2.3239,2.068,0.078582,-0.025171,0.036059,8.6876
2.324,2.068,0.078584,-0.025216,0.036078,8.6868
2.3241,2.068,0.078586,-0.02526,0.036096,8.6868
2.3241,2.068,0.078588,-0.025303,0.036114,8.6854
2.3242,2.068,0.07859,-0.025344,0.036132,8.6748
2.3242,2.068,0.078591,-0.025381,0.036149,8.6883
2.3243,2.068,0.078593,-0.025416,0.036167,8.6873
2.3243,2.068,0.078595,-0.025447,0.036184,8.6805
2.3244,2.068,0.078597,-0.025478,0.036201,8.6868
2.3244,2.068,0.078599,-0.025509,0.036217,8.6913
2.3245,2.068,0.078601,-0.02554,0.036235,8.68
2.3245,2.068,0.078603,-0.02557,0.036248,8.6767
2.3246,2.068,0.078605,-0.025599,0.036258,8.6861
2.3246,2.068,0.078607,-0.025628,0.036266,8.6775
2.3247,2.068,0.078609,-0.025657,0.036274,8.6724
2.3247,2.068,0.078611,-0.025685,0.036281,8.6865
2.3248,2.068,0.078612,-0.025712,0.03629,8.6889
2.3248,2.068,0.078614,-0.025739,0.036301,8.6793
2.3249,2.068,0.078616,-0.025765,0.036315,8.6902
2.3249,2.068,0.078618,-0.025791,0.036326,8.6892
2.325,2.068,0.07862,-0.025815,0.036336,8.6872
2.3251,2.068,0.078622,-0.02584,0.036342,8.6876
2.3251,2.068,0.078624,-0.025865,0.036351,8.6912
2.3252,2.068,0.078626,-0.02589,0.036361,8.6876
2.3252,2.068,0.078628,-0.025914,0.036371,8.6895
2.3253,2.068,0.07863,-0.02594,0.036381,8.7006
2.3253,2.068,0.078632,-0.025966,0.036388,8.6968
2.3254,2.068,0.078634,-0.025993,0.036395,8.6984
2.3254,2.068,0.078635,-0.02602,0.036402,8.7076
2.3255,2.068,0.078637,-0.026049,0.036405,8.7012
2.3255,2.068,0.078639,-0.026079,0.036408,8.6965
2.3256,2.068,0.078641,-0.026106,0.036413,8.7057
2.3256,2.068,0.078643,-0.026133,0.036418,8.6945
2.3257,2.068,0.078645,-0.026161,0.036422,8.6832
2.3257,2.068,0.078647,-0.026187,0.03642,8.6874
2.3258,2.068,0.078649,-0.026214,0.036419,8.6897
2.3258,2.068,0.078651,-0.026243,0.036415,8.6755
2.3259,2.068,0.078653,-0.026273,0.036407,8.6847
2.3259,2.068,0.078655,-0.026304,0.036394,8.6949
2.326,2.068,0.078657,-0.026333,0.036381,8.679
2.3261,2.068,0.078658,-0.026363,0.036367,8.6796
2.3261,2.068,0.07866,-0.026392,0.036351,8.6829
2.3262,2.068,0.078662,-0.026417,0.036334,8.6784
2.3262,2.068,0.078664,-0.026442,0.036314,8.671
2.3263,2.068,0.078666,-0.026466,0.036291,8.6805
2.3263,2.068,0.078668,-0.026488,0.036272,8.6823
2.3264,2.068,0.07867,-0.026512,0.036247,8.6791
2.3264,2.068,0.078672,-0.026537,0.036226,8.6881
2.3265,2.068,0.078674,-0.026561,0.036203,8.6977
2.3265,2.068,0.078676,-0.026586,0.036173,8.6815
2.3266,2.068,0.078678,-0.02661,0.03614,8.6841
2.3266,2.068,0.078679,-0.026634,0.036099,8.6839
2.3267,2.068,0.078681,-0.026656,0.036048,8.6772
2.3267,2.068,0.078683,-0.026677,0.036002,8.6753
2.3268,2.068,0.078685,-0.026698,0.035956,8.6884
2.3268,2.068,0.078687,-0.02672,0.035924,8.6803
2.3269,2.068,0.078689,-0.026741,0.035904,8.6861
2.3269,2.068,0.078691,-0.026762,0.035886,8.6947
2.327,2.068,0.078693,-0.026783,0.035864,8.6886
2.3271,2.068,0.078695,-0.026803,0.035833,8.6794
2.3271,2.068,0.078696,-0.026824,0.035788,8.6813
2.3272,2.068,0.078698,-0.026844,0.03573,8.6744
2.3272,2.068,0.0787,-0.026865,0.035673,8.6615
2.3273,2.068,0.078702,-0.026884,0.03562,8.664
2.3273,2.068,0.078704,-0.026903,0.035578,8.6649
2.3274,2.068,0.078706,-0.02692,0.035537,8.6575
2.3274,2.068,0.078708,-0.026937,0.035496,8.6644
2.3275,2.068,0.07871,-0.026956,0.035463,8.6689
2.3275,2.068,0.078711,-0.026979,0.035428,8.6609
2.3276,2.0679,0.078713,-0.026996,0.035389,8.6608
2.3276,2.0679,0.078715,-0.027008,0.035355,8.6652
2.3277,2.0679,0.078717,-0.027013,0.035318,8.6574
2.3277,2.0679,0.078719,-0.027016,0.03528,8.6549
2.3278,2.0679,0.078721,-0.027025,0.03524,8.6659
2.3278,2.0679,0.078723,-0.027035,0.035203,8.664
2.3279,2.0679,0.078724,-0.027039,0.035172,8.6718
2.3279,2.0679,0.078726,-0.027029,0.035145,8.6752
2.328,2.0679,0.078728,-0.027008,0.035118,8.6853
2.3281,2.0679,0.07873,-0.026976,0.035095,8.6714
2.3281,2.0679,0.078732,-0.026929,0.035071,8.6781
2.3282,2.0679,0.078734,-0.026887,0.035047,8.6789
2.3282,2.0679,0.078735,-0.026847,0.035023,8.67
2.3283,2.0679,0.078737,-0.026813,0.035,8.6715
2.3283,2.0679,0.078739,-0.026771,0.034978,8.6853
2.3284,2.0679,0.078741,-0.026726,0.034956,8.6841
2.3284,2.0679,0.078743,-0.026683,0.034935,8.6876
2.3285,2.0679,0.078745,-0.026639,0.034914,8.7031
2.3285,2.0679,0.078747,-0.026599,0.034894,8.7037
2.3286,2.0679,0.078748,-0.026566,0.034875,8.6979
2.3286,2.0679,0.07875,-0.026528,0.034857,8.7014
2.3287,2.0679,0.078752,-0.026491,0.034842,8.7017
2.3287,2.0679,0.078754,-0.026442,0.034824,8.6921
2.3288,2.0679,0.078756,-0.026391,0.034804,8.6926
2.3288,2.0679,0.078758,-0.026332,0.034783,8.7064
2.3289,2.0679,0.078759,-0.026263,0.034763,8.6963
2.3289,2.0679,0.078761,-0.026195,0.034744,8.7027
2.329,2.0679,0.078763,-0.026129,0.034727,8.7114
2.3291,2.0679,0.078765,-0.02606,0.034714,8.701
2.3291,2.0679,0.078767,-0.02598,0.034706,8.7078
2.3292,2.0679,0.078768,-0.025894,0.034698,8.7129
2.3292,2.0679,0.07877,-0.02581,0.034693,8.7105
2.3293,2.0679,0.078772,-0.025735,0.034685,8.7025
2.3293,2.0679,0.078774,-0.025661,0.034676,8.716
2.3294,2.0679,0.078776,-0.025603,0.034669,8.7141
2.3294,2.0679,0.078778,-0.025552,0.034658,8.7155
2.3295,2.0679,0.078779,-0.025501,0.034647,8.7316
2.3295,2.0679,0.078781,-0.025443,0.034636,8.7349
2.3296,2.0679,0.078783,-0.025389,0.034628,8.7274
2.3296,2.0679,0.078785,-0.02533,0.034626,8.7334
2.3297,2.0679,0.078787,-0.025269,0.034625,8.7277
2.3297,2.0679,0.078789,-0.025212,0.034628,8.7156
2.3298,2.0679,0.07879,-0.025157,0.034636,8.7165
2.3298,2.0679,0.078792,-0.025107,0.034646,8.7219
2.3299,2.0679,0.078794,-0.025064,0.034654,8.7099
2.3299,2.0679,0.078796,-0.025042,0.034663,8.7059
2.33,2.0679,0.078798,-0.025041,0.034668,8.7234
2.3301,2.0679,0.078799,-0.025041,0.034674,8.7121
2.3301,2.0679,0.078801,-0.025044,0.034676,8.6979
2.3302,2.0679,0.078803,-0.025042,0.034678,8.7035
2.3302,2.0679,0.078805,-0.025031,0.034684,8.703
2.3303,2.0679,0.078807,-0.02502,0.034696,8.6912
2.3303,2.0679,0.078809,-0.025001,0.034703,8.6952
2.3304,2.0679,0.07881,-0.024987,0.034713,8.699
2.3304,2.0679,0.078812,-0.024972,0.034722,8.6903
2.3305,2.0679,0.078814,-0.024956,0.034736,8.692
2.3305,2.0679,0.078816,-0.02494,0.034754,8.704
2.3306,2.0679,0.078818,-0.024919,0.034777,8.6968
2.3306,2.0679,0.07882,-0.024907,0.034804,8.6982
2.3307,2.0679,0.078821,-0.024904,0.034826,8.6967
2.3307,2.0679,0.078823,-0.024906,0.034843,8.6861
2.3308,2.0679,0.078825,-0.024911,0.034864,8.6849
2.3308,2.0679,0.078827,-0.024917,0.034882,8.6996
2.3309,2.0679,0.078829,-0.024914,0.034903,8.6911
2.3309,2.0679,0.078831,-0.024915,0.034922,8.6795
2.331,2.0679,0.078832,-0.024915,0.034936,8.6926
2.3311,2.0679,0.078834,-0.024919,0.034947,8.6924
2.3311,2.0679,0.078836,-0.024931,0.034952,8.6743
2.3312,2.0679,0.078838,-0.024958,0.03496,8.677
2.3312,2.0679,0.07884,-0.02499,0.034976,8.6788
2.3313,2.0679,0.078842,-0.025031,0.034993,8.6688
2.3313,2.0679,0.078843,-0.025068,0.035013,8.6629
2.3314,2.0679,0.078845,-0.025114,0.035036,8.6647
2.3314,2.0678,0.078847,-0.025165,0.035062,8.6526
2.3315,2.0678,0.078849,-0.025214,0.035091,8.6566
2.3315,2.0678,0.078851,-0.025273,0.035122,8.669
2.3316,2.0678,0.078853,-0.025352,0.035155,8.6612
2.3316,2.0678,0.078855,-0.025427,0.035184,8.6497
2.3317,2.0678,0.078856,-0.025508,0.035217,8.6648
2.3317,2.0678,0.078858,-0.025585,0.035249,8.653
2.3318,2.0678,0.07886,-0.025664,0.035287,8.642
2.3318,2.0678,0.078862,-0.025753,0.035326,8.6506
2.3319,2.0678,0.078864,-0.02584,0.035367,8.6521
2.3319,2.0678,0.078866,-0.025931,0.035407,8.6392
2.332,2.0678,0.078868,-0.026031,0.035447,8.6431
2.3321,2.0678,0.078869,-0.026129,0.035481,8.66
2.3321,2.0678,0.078871,-0.026231,0.03552,8.6522
2.3322,2.0678,0.078873,-0.026344,0.035567,8.6513
2.3322,2.0678,0.078875,-0.026464,0.03562,8.6565
2.3323,2.0678,0.078877,-0.026585,0.035677,8.6434
2.3323,2.0678,0.078879,-0.026691,0.035736,8.6457
2.3324,2.0678,0.078881,-0.026785,0.035794,8.6552
2.3324,2.0678,0.078883,-0.026867,0.03585,8.6509
2.3325,2.0678,0.078884,-0.026941,0.035901,8.6427
2.3325,2.0678,0.078886,-0.027012,0.035952,8.6581
2.3326,2.0678,0.078888,-0.027089,0.036006,8.653
2.3326,2.0678,0.07889,-0.027167,0.036061,8.6447
2.3327,2.0678,0.078892,-0.027245,0.036118,8.6483
2.3327,2.0678,0.078894,-0.027324,0.036176,8.646
2.3328,2.0678,0.078896,-0.027404,0.036235,8.6374
2.3328,2.0678,0.078898,-0.027484,0.036295,8.6284
2.3329,2.0678,0.0789,-0.027565,0.036357,8.6327
2.3329,2.0678,0.078902,-0.027646,0.03642,8.6247
2.333,2.0678,0.078904,-0.027728,0.036484,8.6227
2.3331,2.0678,0.078905,-0.02781,0.036548,8.6363
2.3331,2.0678,0.078907,-0.027893,0.036614,8.6338
2.3332,2.0678,0.078909,-0.027976,0.03668,8.6299
2.3332,2.0678,0.078911,-0.02806,0.036747,8.6429
2.3333,2.0678,0.078913,-0.028144,0.036814,8.6359
2.3333,2.0678,0.078915,-0.02823,0.036882,8.629
2.3334,2.0678,0.078917,-0.028318,0.03695,8.6381
2.3334,2.0678,0.078919,-0.028406,0.037019,8.6386
2.3335,2.0678,0.078921,-0.028494,0.037088,8.6352
2.3335,2.0678,0.078923,-0.02858,0.037157,8.6441
2.3336,2.0678,0.078925,-0.028664,0.037227,8.6498
2.3336,2.0678,0.078927,-0.028747,0.037296,8.6471
2.3337,2.0678,0.078929,-0.028829,0.037366,8.6509
2.3337,2.0678,0.078931,-0.028911,0.037436,8.6545
2.3338,2.0678,0.078933,-0.028995,0.037506,8.6484
2.3338,2.0678,0.078935,-0.029079,0.037575,8.646
2.3339,2.0678,0.078937,-0.029164,0.037644,8.655
2.3339,2.0678,0.078939,-0.029247,0.037712,8.6461
2.334,2.0678,0.078941,-0.029328,0.03778,8.6374
2.3341,2.0678,0.078943,-0.029408,0.037848,8.6559
2.3341,2.0678,0.078945,-0.029488,0.037914,8.6547
2.3342,2.0678,0.078947,-0.029568,0.037982,8.6444
2.3342,2.0678,0.078949,-0.029649,0.038046,8.649
2.3343,2.0678,0.078951,-0.029731,0.038107,8.6516
2.3343,2.0678,0.078953,-0.029814,0.038165,8.6419
2.3344,2.0678,0.078955,-0.029896,0.038222,8.6358
2.3344,2.0678,0.078957,-0.029977,0.038279,8.6405
2.3345,2.0678,0.078959,-0.030058,0.03834,8.6325
2.3345,2.0678,0.078961,-0.030139,0.038398,8.6427
2.3346,2.0678,0.078963,-0.030219,0.03846,8.6494
2.3346,2.0678,0.078965,-0.030299,0.038517,8.645
2.3347,2.0678,0.078967,-0.030378,0.038567,8.6447
2.3347,2.0678,0.078969,-0.030457,0.038613,8.6611
2.3348,2.0678,0.078971,-0.030535,0.038658,8.6559
2.3348,2.0678,0.078973,-0.030612,0.038706,8.6527
2.3349,2.0678,0.078975,-0.030689,0.038759,8.6581
2.3349,2.0678,0.078977,-0.030765,0.038813,8.6605
2.335,2.0677,0.078979,-0.030841,0.038875,8.6522
2.3351,2.0677,0.078981,-0.030918,0.038933,8.6625
2.3351,2.0677,0.078983,-0.030995,0.038986,8.6638
2.3352,2.0677,0.078985,-0.031072,0.039036,8.6574
2.3352,2.0677,0.078987,-0.031149,0.039085,8.6582
2.3353,2.0677,0.078989,-0.031225,0.039134,8.6616
2.3353,2.0677,0.078991,-0.0313,0.039184,8.6558
2.3354,2.0677,0.078993,-0.031374,0.039236,8.6529
2.3354,2.0677,0.078996,-0.031446,0.03929,8.6554
2.3355,2.0677,0.078998,-0.031515,0.039341,8.6538
2.3355,2.0677,0.079,-0.031585,0.03939,8.6429
2.3356,2.0677,0.079002,-0.03165,0.039439,8.6508
2.3356,2.0677,0.079004,-0.031714,0.039485,8.6547
2.3357,2.0677,0.079006,-0.031777,0.039531,8.6475
2.3357,2.0677,0.079008,-0.031838,0.039575,8.6554
2.3358,2.0677,0.07901,-0.031896,0.039617,8.6561
2.3358,2.0677,0.079012,-0.031953,0.039659,8.6442
2.3359,2.0677,0.079014,-0.032005,0.039698,8.6495
2.3359,2.0677,0.079016,-0.032057,0.039736,8.6481
2.336,2.0677,0.079018,-0.032106,0.039772,8.6372
2.3361,2.0677,0.079021,-0.032155,0.039807,8.6386
2.3361,2.0677,0.079023,-0.032205,0.03984,8.6563
2.3362,2.0677,0.079025,-0.032256,0.039871,8.6569
2.3362,2.0677,0.079027,-0.032307,0.039901,8.6544
2.3363,2.0677,0.079029,-0.032359,0.039927,8.6682
2.3363,2.0677,0.079031,-0.032407,0.039955,8.6576
2.3364,2.0677,0.079033,-0.032455,0.039983,8.6601
2.3364,2.0677,0.079035,-0.032499,0.040012,8.6603
2.3365,2.0677,0.079037,-0.032539,0.040047,8.6649
2.3365,2.0677,0.079039,-0.032575,0.040082,8.6447
2.3366,2.0677,0.079042,-0.032609,0.040122,8.6525
2.3366,2.0677,0.079044,-0.032641,0.040161,8.6478
2.3367,2.0677,0.079046,-0.032671,0.040195,8.6369
2.3367,2.0677,0.079048,-0.032701,0.040227,8.6406
2.3368,2.0677,0.07905,-0.03273,0.040253,8.6459
2.3368,2.0677,0.079052,-0.032758,0.04027,8.6278
2.3369,2.0677,0.079054,-0.032784,0.040283,8.6224
2.3369,2.0677,0.079056,-0.032807,0.040295,8.6259
2.337,2.0677,0.079059,-0.032827,0.040313,8.616
2.3371,2.0677,0.079061,-0.032843,0.040338,8.6108
2.3371,2.0677,0.079063,-0.032857,0.040373,8.623
2.3372,2.0677,0.079065,-0.032868,0.040413,8.6258
2.3372,2.0677,0.079067,-0.032876,0.040455,8.6107
2.3373,2.0677,0.079069,-0.032883,0.040487,8.6196
2.3373,2.0677,0.079071,-0.032888,0.040512,8.6212
2.3374,2.0677,0.079073,-0.032891,0.04053,8.606
2.3374,2.0677,0.079076,-0.032892,0.040543,8.6121
2.3375,2.0677,0.079078,-0.032895,0.040554,8.6171
2.3375,2.0677,0.07908,-0.032887,0.040565,8.6028
2.3376,2.0677,0.079082,-0.032872,0.040575,8.613
2.3376,2.0677,0.079084,-0.032852,0.040584,8.6247
2.3377,2.0677,0.079086,-0.032832,0.040592,8.622
2.3377,2.0677,0.079088,-0.032806,0.040599,8.6253
2.3378,2.0677,0.079091,-0.032766,0.040604,8.6389
2.3378,2.0677,0.079093,-0.032719,0.040609,8.6326
2.3379,2.0677,0.079095,-0.032675,0.040613,8.6301
2.3379,2.0677,0.079097,-0.032624,0.040616,8.6334
2.338,2.0677,0.079099,-0.032577,0.040618,8.6286
2.3381,2.0677,0.079101,-0.032541,0.04062,8.6189
2.3381,2.0676,0.079103,-0.032518,0.040621,8.6283
2.3382,2.0676,0.079105,-0.032496,0.040621,8.6361
2.3382,2.0676,0.079108,-0.032469,0.040621,8.6327
2.3383,2.0676,0.07911,-0.032439,0.040619,8.6306
2.3383,2.0676,0.079112,-0.032402,0.040617,8.6331
2.3384,2.0676,0.079114,-0.032371,0.040614,8.6176
2.3384,2.0676,0.079116,-0.032342,0.040611,8.6217
2.3385,2.0676,0.079118,-0.032311,0.040608,8.6278
2.3385,2.0676,0.07912,-0.032284,0.040604,8.6225
2.3386,2.0676,0.079123,-0.032261,0.040599,8.6147
2.3386,2.0676,0.079125,-0.032247,0.040594,8.6229
2.3387,2.0676,0.079127,-0.032238,0.040589,8.6248
2.3387,2.0676,0.079129,-0.032232,0.040583,8.6271
2.3388,2.0676,0.079131,-0.032241,0.040578,8.6378
2.3388,2.0676,0.079133,-0.032253,0.040571,8.6399
2.3389,2.0676,0.079135,-0.032261,0.040565,8.6281
2.3389,2.0676,0.079138,-0.032274,0.040558,8.6352
2.339,2.0676,0.07914,-0.032278,0.04055,8.6455
2.3391,2.0676,0.079142,-0.032276,0.040543,8.6354
2.3391,2.0676,0.079144,-0.03227,0.040535,8.6382
2.3392,2.0676,0.079146,-0.032264,0.040527,8.6446
2.3392,2.0676,0.079148,-0.03226,0.040519,8.6445
2.3393,2.0676,0.07915,-0.032259,0.040511,8.6467
2.3393,2.0676,0.079152,-0.03227,0.040503,8.6597
2.3394,2.0676,0.079155,-0.032285,0.040494,8.6571
2.3394,2.0676,0.079157,-0.03228,0.040486,8.6507
2.3395,2.0676,0.079159,-0.032271,0.040477,8.6606
2.3395,2.0676,0.079161,-0.03225,0.040469,8.6577
2.3396,2.0676,0.079163,-0.032224,0.04046,8.647
2.3396,2.0676,0.079165,-0.032201,0.040452,8.6523
2.3397,2.0676,0.079167,-0.032188,0.040443,8.6575
2.3397,2.0676,0.07917,-0.032191,0.040435,8.6464
2.3398,2.0676,0.079172,-0.032203,0.040428,8.6558
2.3398,2.0676,0.079174,-0.032214,0.04042,8.6606
2.3399,2.0676,0.079176,-0.032237,0.040413,8.6524
2.3399,2.0676,0.079178,-0.032245,0.040406,8.6467
2.34,2.0676,0.07918,-0.032249,0.040399,8.6518
2.3401,2.0676,0.079182,-0.032244,0.040392,8.6508
2.3401,2.0676,0.079184,-0.032227,0.040386,8.6456
2.3402,2.0676,0.079187,-0.032199,0.040381,8.6582
2.3402,2.0676,0.079189,-0.032161,0.040376,8.6625
2.3403,2.0676,0.079191,-0.032118,0.040371,8.661
2.3403,2.0676,0.079193,-0.032078,0.040367,8.672
2.3404,2.0676,0.079195,-0.032033,0.040364,8.6789
2.3404,2.0676,0.079197,-0.031997,0.040361,8.6695
2.3405,2.0676,0.079199,-0.031966,0.040359,8.678
2.3405,2.0676,0.079201,-0.031938,0.040357,8.6819
2.3406,2.0676,0.079204,-0.031914,0.040356,8.6717
2.3406,2.0676,0.079206,-0.031891,0.040355,8.6688
2.3407,2.0676,0.079208,-0.031865,0.040355,8.6845
2.3407,2.0676,0.07921,-0.03185,0.040357,8.6816
2.3408,2.0676,0.079212,-0.031843,0.040357,8.6781
2.3408,2.0676,0.079214,-0.031842,0.040354,8.6894
2.3409,2.0676,0.079216,-0.031843,0.040351,8.6861
2.3409,2.0676,0.079218,-0.031845,0.040348,8.6813
2.341,2.0676,0.079221,-0.031844,0.040347,8.6857
2.3411,2.0676,0.079223,-0.031839,0.040348,8.6838
2.3411,2.0676,0.079225,-0.031828,0.040353,8.6759
2.3412,2.0676,0.079227,-0.031825,0.040365,8.6845
2.3412,2.0675,0.079229,-0.031823,0.040371,8.6844
2.3413,2.0675,0.079231,-0.031824,0.040378,8.6805
2.3413,2.0675,0.079233,-0.031826,0.040382,8.6867
2.3414,2.0675,0.079235,-0.031831,0.040384,8.6984
2.3414,2.0675,0.079237,-0.031837,0.040379,8.6889
2.3415,2.0675,0.07924,-0.031846,0.040373,8.6891
2.3415,2.0675,0.079242,-0.031856,0.04037,8.6907
2.3416,2.0675,0.079244,-0.031869,0.040374,8.6892
2.3416,2.0675,0.079246,-0.031883,0.040382,8.6821
2.3417,2.0675,0.079248,-0.031899,0.040399,8.6903
2.3417,2.0675,0.07925,-0.031917,0.040421,8.6924
2.3418,2.0675,0.079252,-0.031935,0.040446,8.6857
2.3418,2.0675,0.079255,-0.031958,0.040469,8.6999
2.3419,2.0675,0.079257,-0.031985,0.040493,8.7068
2.3419,2.0675,0.079259,-0.032012,0.040518,8.6951
2.342,2.0675,0.079261,-0.032045,0.040543,8.6996
2.3421,2.0675,0.079263,-0.032075,0.040569,8.698
2.3421,2.0675,0.079265,-0.032115,0.040596,8.6878
2.3422,2.0675,0.079267,-0.032156,0.040624,8.6862
2.3422,2.0675,0.079269,-0.032205,0.040652,8.6938
2.3423,2.0675,0.079272,-0.032264,0.040681,8.6862
2.3423,2.0675,0.079274,-0.032317,0.040711,8.6853
2.3424,2.0675,0.079276,-0.032368,0.040741,8.6913
2.3424,2.0675,0.079278,-0.032423,0.040772,8.6909
2.3425,2.0675,0.07928,-0.032485,0.040803,8.6851
2.3425,2.0675,0.079282,-0.032551,0.040835,8.6896
2.3426,2.0675,0.079284,-0.032616,0.040868,8.6744
2.3426,2.0675,0.079287,-0.032696,0.040901,8.6662
2.3427,2.0675,0.079289,-0.032773,0.040934,8.674
2.3427,2.0675,0.079291,-0.032837,0.040968,8.6776
2.3428,2.0675,0.079293,-0.032891,0.041001,8.665
2.3428,2.0675,0.079295,-0.032935,0.041035,8.6786
2.3429,2.0675,0.079297,-0.032979,0.041069,8.6904
2.3429,2.0675,0.0793,-0.033006,0.041103,8.6791
2.343,2.0675,0.079302,-0.033038,0.041137,8.6759
2.3431,2.0675,0.079304,-0.033085,0.041171,8.6808
2.3431,2.0675,0.079306,-0.033151,0.041205,8.6762
2.3432,2.0675,0.079308,-0.033224,0.04124,8.6715
2.3432,2.0675,0.07931,-0.033297,0.041275,8.6834
2.3433,2.0675,0.079313,-0.033356,0.04131,8.6797
2.3433,2.0675,0.079315,-0.033413,0.041346,8.6717
2.3434,2.0675,0.079317,-0.033457,0.041381,8.6851
2.3434,2.0675,0.079319,-0.033497,0.041417,8.6926
2.3435,2.0675,0.079321,-0.033533,0.041453,8.6801
2.3435,2.0675,0.079324,-0.033579,0.041489,8.6833
2.3436,2.0675,0.079326,-0.033623,0.041525,8.6832
2.3436,2.0675,0.079328,-0.033666,0.041561,8.6759
2.3437,2.0675,0.07933,-0.033706,0.041598,8.6704
2.3437,2.0675,0.079332,-0.033756,0.041635,8.6824
2.3438,2.0675,0.079334,-0.033812,0.041672,8.6788
2.3438,2.0675,0.079337,-0.033873,0.04171,8.6743
2.3439,2.0675,0.079339,-0.033933,0.041748,8.6808
2.3439,2.0675,0.079341,-0.03399,0.041786,8.6762
2.344,2.0675,0.079343,-0.03404,0.041825,8.6666
2.3441,2.0675,0.079345,-0.034088,0.041863,8.6752
2.3441,2.0675,0.079348,-0.034137,0.0419,8.6737
2.3442,2.0675,0.07935,-0.034189,0.04194,8.6607
2.3442,2.0675,0.079352,-0.034245,0.041983,8.6612
2.3443,2.0674,0.079354,-0.034309,0.042029,8.6668
2.3443,2.0674,0.079356,-0.034368,0.042075,8.6602
2.3444,2.0674,0.079359,-0.034427,0.042119,8.6631
2.3444,2.0674,0.079361,-0.034486,0.042163,8.6707
2.3445,2.0674,0.079363,-0.034549,0.042211,8.6577
2.3445,2.0674,0.079365,-0.03461,0.042257,8.6605
2.3446,2.0674,0.079368,-0.03467,0.04231,8.6702
2.3446,2.0674,0.07937,-0.034725,0.042369,8.6573
2.3447,2.0674,0.079372,-0.034779,0.042431,8.6597
2.3447,2.0674,0.079374,-0.034822,0.042492,8.6707
2.3448,2.0674,0.079377,-0.034866,0.042548,8.6829
2.3448,2.0674,0.079379,-0.034912,0.0426,8.6726
2.3449,2.0674,0.079381,-0.034963,0.042651,8.6845
2.3449,2.0674,0.079383,-0.035016,0.042693,8.688
2.345,2.0674,0.079386,-0.035072,0.042737,8.6841
2.3451,2.0674,0.079388,-0.035122,0.042787,8.6908
2.3451,2.0674,0.07939,-0.035168,0.042838,8.694
2.3452,2.0674,0.079392,-0.035205,0.042889,8.689
2.3452,2.0674,0.079395,-0.03523,0.042939,8.6907
2.3453,2.0674,0.079397,-0.035256,0.042987,8.6987
2.3453,2.0674,0.079399,-0.035292,0.043032,8.6907
2.3454,2.0674,0.079401,-0.035341,0.043072,8.6924
2.3454,2.0674,0.079404,-0.035401,0.043113,8.7081
2.3455,2.0674,0.079406,-0.035466,0.043154,8.7021
2.3455,2.0674,0.079408,-0.035527,0.043193,8.6982
2.3456,2.0674,0.07941,-0.035581,0.043232,8.712
2.3456,2.0674,0.079413,-0.035632,0.043269,8.7054
2.3457,2.0674,0.079415,-0.035682,0.043306,8.6978
2.3457,2.0674,0.079417,-0.035733,0.043341,8.7052
2.3458,2.0674,0.07942,-0.035782,0.043376,8.7114
2.3458,2.0674,0.079422,-0.035832,0.04341,8.6937
2.3459,2.0674,0.079424,-0.035879,0.043443,8.7018
2.3459,2.0674,0.079426,-0.035917,0.043475,8.7091
2.346,2.0674,0.079429,-0.035954,0.043507,8.7026
2.3461,2.0674,0.079431,-0.035997,0.043537,8.7061
2.3461,2.0674,0.079433,-0.036037,0.043566,8.7115
2.3462,2.0674,0.079436,-0.036071,0.043597,8.7111
2.3462,2.0674,0.079438,-0.036099,0.043622,8.7078
2.3463,2.0674,0.07944,-0.036125,0.043644,8.7194
2.3463,2.0674,0.079442,-0.036147,0.043663,8.7157
2.3464,2.0674,0.079445,-0.03617,0.043682,8.7022
2.3464,2.0674,0.079447,-0.036195,0.0437,8.7117
2.3465,2.0674,0.079449,-0.036224,0.043718,8.7172
2.3465,2.0674,0.079452,-0.036256,0.043739,8.7052
2.3466,2.0674,0.079454,-0.036289,0.043762,8.7118
2.3466,2.0674,0.079456,-0.036319,0.043782,8.7171
2.3467,2.0674,0.079459,-0.03634,0.043801,8.7037
2.3467,2.0674,0.079461,-0.036356,0.043816,8.7025
2.3468,2.0674,0.079463,-0.036365,0.043834,8.709
2.3468,2.0674,0.079466,-0.03637,0.043853,8.6959
2.3469,2.0674,0.079468,-0.036376,0.043874,8.701
2.3469,2.0674,0.07947,-0.036386,0.043894,8.7098
2.347,2.0674,0.079472,-0.036405,0.043913,8.7049
2.3471,2.0673,0.079475,-0.036426,0.04393,8.7011
2.3471,2.0673,0.079477,-0.036447,0.043945,8.7105
2.3472,2.0673,0.079479,-0.036472,0.043953,8.7066
2.3472,2.0673,0.079482,-0.036492,0.043958,8.6988
2.3473,2.0673,0.079484,-0.036512,0.043962,8.7004
2.3473,2.0673,0.079486,-0.03653,0.043965,8.6984
2.3474,2.0673,0.079489,-0.036545,0.043968,8.6845
2.3474,2.0673,0.079491,-0.036553,0.043972,8.6884
2.3475,2.0673,0.079493,-0.036566,0.043979,8.6941
2.3475,2.0673,0.079496,-0.036582,0.043988,8.6907
2.3476,2.0673,0.079498,-0.0366,0.043995,8.6871
2.3476,2.0673,0.0795,-0.036614,0.044002,8.6925
2.3477,2.0673,0.079503,-0.036631,0.044008,8.6816
2.3477,2.0673,0.079505,-0.036659,0.044013,8.6799
2.3478,2.0673,0.079507,-0.036691,0.044018,8.6792
2.3478,2.0673,0.079509,-0.036722,0.044022,8.6735
2.3479,2.0673,0.079512,-0.036758,0.044026,8.6656
2.3479,2.0673,0.079514,-0.036789,0.044028,8.6683
2.348,2.0673,0.079516,-0.036809,0.04403,8.6673
2.3481,2.0673,0.079519,-0.036812,0.044031,8.6539
2.3481,2.0673,0.079521,-0.036809,0.044031,8.6648
2.3482,2.0673,0.079523,-0.036808,0.044031,8.6645
2.3482,2.0673,0.079526,-0.036805,0.04403,8.658
2.3483,2.0673,0.079528,-0.0368,0.044029,8.6554
2.3483,2.0673,0.07953,-0.036793,0.044028,8.6582
2.3484,2.0673,0.079533,-0.036784,0.044026,8.6449
2.3484,2.0673,0.079535,-0.036773,0.044023,8.643
2.3485,2.0673,0.079537,-0.036759,0.044019,8.6528
2.3485,2.0673,0.07954,-0.036742,0.044015,8.6534
2.3486,2.0673,0.079542,-0.036723,0.04401,8.6444
2.3486,2.0673,0.079544,-0.036702,0.044004,8.6467
2.3487,2.0673,0.079547,-0.036679,0.043997,8.6454
2.3487,2.0673,0.079549,-0.036654,0.04399,8.636
2.3488,2.0673,0.079551,-0.036627,0.043983,8.6403
2.3488,2.0673,0.079553,-0.036597,0.043975,8.6398
2.3489,2.0673,0.079556,-0.036561,0.043966,8.6317
2.3489,2.0673,0.079558,-0.036531,0.043957,8.6392
2.349,2.0673,0.07956,-0.036505,0.043947,8.6528
2.3491,2.0673,0.079563,-0.036482,0.043937,8.6452
2.3491,2.0673,0.079565,-0.036458,0.043927,8.6438
2.3492,2.0673,0.079567,-0.036432,0.043916,8.6556
2.3492,2.0673,0.07957,-0.0364,0.043902,8.6479
2.3493,2.0673,0.079572,-0.036356,0.043892,8.6369
2.3493,2.0673,0.079574,-0.036304,0.043881,8.641
2.3494,2.0673,0.079577,-0.036269,0.043874,8.6357
2.3494,2.0673,0.079579,-0.036238,0.043872,8.6277
2.3495,2.0673,0.079581,-0.036219,0.043873,8.6373
2.3495,2.0673,0.079584,-0.036206,0.043872,8.6345
2.3496,2.0673,0.079586,-0.036192,0.043869,8.6238
2.3496,2.0673,0.079588,-0.036168,0.043867,8.6373
2.3497,2.0673,0.07959,-0.036127,0.04386,8.6333
2.3497,2.0673,0.079593,-0.036078,0.043847,8.6261
2.3498,2.0672,0.079595,-0.036026,0.043835,8.6337
2.3498,2.0672,0.079597,-0.035959,0.043829,8.6371
2.3499,2.0672,0.0796,-0.0359,0.043824,8.6264
2.3499,2.0672,0.079602,-0.035838,0.043814,8.6326
2.35,2.0672,0.079604,-0.035779,0.043803,8.6475
2.3501,2.0672,0.079607,-0.035729,0.043792,8.6388
2.3501,2.0672,0.079609,-0.035692,0.04377,8.6356
2.3502,2.0672,0.079611,-0.035666,0.043744,8.6468
2.3502,2.0672,0.079614,-0.035651,0.043716,8.6426
2.3503,2.0672,0.079616,-0.035641,0.04369,8.6338
2.3503,2.0672,0.079618,-0.035638,0.043663,8.6489
2.3504,2.0672,0.07962,-0.03563,0.043637,8.6477
2.3504,2.0672,0.079623,-0.035624,0.043611,8.6258
2.3505,2.0672,0.079625,-0.035618,0.043585,8.6359
2.3505,2.0672,0.079627,-0.035612,0.043559,8.6483
2.3506,2.0672,0.07963,-0.035608,0.043533,8.6432
2.3506,2.0672,0.079632,-0.035609,0.043507,8.6372
2.3507,2.0672,0.079634,-0.035603,0.043479,8.6609
2.3507,2.0672,0.079636,-0.035591,0.043455,8.6531
2.3508,2.0672,0.079639,-0.035576,0.043434,8.6391
2.3508,2.0672,0.079641,-0.03556,0.043415,8.6434
2.3509,2.0672,0.079643,-0.035545,0.043398,8.6345
2.3509,2.0672,0.079646,-0.035534,0.04338,8.6305
2.351,2.0672,0.079648,-0.035529,0.04336,8.6322
2.3511,2.0672,0.07965,-0.035534,0.043339,8.6344
2.3511,2.0672,0.079652,-0.035535,0.043311,8.6335
2.3512,2.0672,0.079655,-0.035536,0.043292,8.6379
2.3512,2.0672,0.079657,-0.035539,0.04327,8.644
2.3513,2.0672,0.079659,-0.035542,0.043248,8.6303
2.3513,2.0672,0.079662,-0.035549,0.043231,8.6415
2.3514,2.0672,0.079664,-0.035552,0.043221,8.6492
2.3514,2.0672,0.079666,-0.035554,0.043217,8.639
2.3515,2.0672,0.079668,-0.035556,0.043215,8.6426
2.3515,2.0672,0.079671,-0.035558,0.043209,8.6562
2.3516,2.0672,0.079673,-0.035562,0.043207,8.6596
2.3516,2.0672,0.079675,-0.035569,0.043199,8.6567
2.3517,2.0672,0.079677,-0.03558,0.043195,8.6691
2.3517,2.0672,0.07968,-0.035599,0.043194,8.6698
2.3518,2.0672,0.079682,-0.035612,0.043196,8.6586
2.3518,2.0672,0.079684,-0.035623,0.043195,8.6674
2.3519,2.0672,0.079687,-0.035636,0.043189,8.6689
2.3519,2.0672,0.079689,-0.035645,0.043174,8.6568
2.352,2.0672,0.079691,-0.035657,0.043156,8.6573
2.3521,2.0672,0.079693,-0.035662,0.043136,8.6648
2.3521,2.0672,0.079696,-0.035669,0.043119,8.6572
2.3522,2.0672,0.079698,-0.035668,0.043105,8.6526
2.3522,2.0672,0.0797,-0.035659,0.043089,8.667
2.3523,2.0672,0.079702,-0.035655,0.04307,8.6599
2.3523,2.0672,0.079705,-0.035653,0.043046,8.6547
2.3524,2.0672,0.079707,-0.035648,0.043016,8.6613
2.3524,2.0672,0.079709,-0.035636,0.042979,8.6512
2.3525,2.0672,0.079711,-0.035618,0.042941,8.6407
2.3525,2.0672,0.079714,-0.035602,0.042908,8.6558
2.3526,2.0672,0.079716,-0.035568,0.042884,8.6527
2.3526,2.0671,0.079718,-0.035533,0.042868,8.6493
2.3527,2.0671,0.079721,-0.035512,0.042858,8.6607
2.3527,2.0671,0.079723,-0.035498,0.042853,8.6695
2.3528,2.0671,0.079725,-0.035496,0.04285,8.6581
2.3528,2.0671,0.079727,-0.035495,0.042845,8.6643
2.3529,2.0671,0.07973,-0.035511,0.04284,8.6736
2.3529,2.0671,0.079732,-0.035527,0.042836,8.664
2.353,2.0671,0.079734,-0.035528,0.042833,8.6664
2.3531,2.0671,0.079736,-0.035512,0.04283,8.6743
2.3531,2.0671,0.079739,-0.035485,0.042827,8.6713
2.3532,2.0671,0.079741,-0.035457,0.042825,8.6659
2.3532,2.0671,0.079743,-0.03544,0.042822,8.6737
2.3533,2.0671,0.079745,-0.035423,0.042821,8.6627
2.3533,2.0671,0.079748,-0.035418,0.042819,8.648
2.3534,2.0671,0.07975,-0.035419,0.042818,8.6493
2.3534,2.0671,0.079752,-0.035426,0.042817,8.6423
2.3535,2.0671,0.079754,-0.035425,0.042814,8.6247
2.3535,2.0671,0.079757,-0.035428,0.042813,8.6288
2.3536,2.0671,0.079759,-0.035434,0.042817,8.6234
2.3536,2.0671,0.079761,-0.035444,0.042826,8.6114
2.3537,2.0671,0.079763,-0.035445,0.042843,8.6129
2.3537,2.0671,0.079766,-0.035441,0.042864,8.62
2.3538,2.0671,0.079768,-0.035432,0.042882,8.6065
2.3538,2.0671,0.07977,-0.035424,0.042896,8.5998
2.3539,2.0671,0.079772,-0.035418,0.042907,8.6064
2.3539,2.0671,0.079775,-0.035419,0.042916,8.6019
2.354,2.0671,0.079777,-0.035423,0.042922,8.5889
2.3541,2.0671,0.079779,-0.035427,0.042927,8.6012
2.3541,2.0671,0.079781,-0.035429,0.042932,8.6022
2.3542,2.0671,0.079784,-0.035428,0.042932,8.5982
2.3542,2.0671,0.079786,-0.035417,0.042925,8.6074
2.3543,2.0671,0.079788,-0.035411,0.042917,8.6164
2.3543,2.0671,0.07979,-0.035406,0.042912,8.6156
2.3544,2.0671,0.079793,-0.035399,0.042904,8.6173
2.3544,2.0671,0.079795,-0.035388,0.042901,8.6175
2.3545,2.0671,0.079797,-0.035379,0.0429,8.61
2.3545,2.0671,0.079799,-0.03537,0.0429,8.6118
2.3546,2.0671,0.079802,-0.035365,0.042902,8.6232
2.3546,2.0671,0.079804,-0.035361,0.042902,8.6196
2.3547,2.0671,0.079806,-0.035369,0.042901,8.623
2.3547,2.0671,0.079809,-0.035376,0.042896,8.6367
2.3548,2.0671,0.079811,-0.035383,0.042888,8.6325
2.3548,2.0671,0.079813,-0.035385,0.042883,8.6213
2.3549,2.0671,0.079815,-0.035384,0.042877,8.6252
2.3549,2.0671,0.079818,-0.035379,0.04287,8.6247
2.355,2.0671,0.07982,-0.035378,0.042866,8.613
2.3551,2.0671,0.079822,-0.03538,0.042858,8.6157
2.3551,2.0671,0.079824,-0.03539,0.042847,8.6291
2.3552,2.0671,0.079827,-0.035413,0.042835,8.6169
2.3552,2.0671,0.079829,-0.035438,0.042822,8.6215
2.3553,2.0671,0.079831,-0.035453,0.042811,8.6334
2.3553,2.0671,0.079833,-0.035455,0.042802,8.6233
2.3554,2.0671,0.079836,-0.035448,0.042795,8.6241
2.3554,2.067,0.079838,-0.035433,0.042793,8.632
2.3555,2.067,0.07984,-0.035421,0.042788,8.6258
2.3555,2.067,0.079842,-0.035414,0.042783,8.6195
2.3556,2.067,0.079845,-0.035408,0.042779,8.6327
2.3556,2.067,0.079847,-0.035403,0.042774,8.6318
2.3557,2.067,0.079849,-0.035394,0.042772,8.6354
2.3557,2.067,0.079851,-0.035385,0.042766,8.6468
2.3558,2.067,0.079854,-0.035377,0.042758,8.65
2.3558,2.067,0.079856,-0.035368,0.042748,8.6422
2.3559,2.067,0.079858,-0.035369,0.04274,8.6558
2.3559,2.067,0.07986,-0.035369,0.04273,8.6554
2.356,2.067,0.079863,-0.035362,0.042719,8.6544
2.3561,2.067,0.079865,-0.035355,0.042711,8.6524
2.3561,2.067,0.079867,-0.035351,0.042704,8.6662
2.3562,2.067,0.079869,-0.035351,0.042695,8.6647
2.3562,2.067,0.079872,-0.035352,0.042685,8.6606
2.3563,2.067,0.079874,-0.035354,0.042674,8.6676
2.3563,2.067,0.079876,-0.035356,0.042663,8.6649
2.3564,2.067,0.079878,-0.035356,0.042644,8.657
2.3564,2.067,0.079881,-0.035353,0.042626,8.6651
2.3565,2.067,0.079883,-0.035347,0.042611,8.6658
2.3565,2.067,0.079885,-0.035341,0.042602,8.6473
2.3566,2.067,0.079887,-0.035335,0.042604,8.6492
2.3566,2.067,0.07989,-0.035337,0.042614,8.6538
2.3567,2.067,0.079892,-0.035341,0.042638,8.6434
2.3567,2.067,0.079894,-0.035351,0.042665,8.6482
2.3568,2.067,0.079896,-0.035365,0.042683,8.6634
2.3568,2.067,0.079898,-0.03538,0.042695,8.6578
2.3569,2.067,0.079901,-0.035391,0.042697,8.6599
2.3569,2.067,0.079903,-0.035395,0.042694,8.6677
2.357,2.067,0.079905,-0.035396,0.042686,8.6617
2.3571,2.067,0.079907,-0.035397,0.042679,8.66
2.3571,2.067,0.07991,-0.035394,0.042685,8.6655
2.3572,2.067,0.079912,-0.035394,0.042698,8.6636
2.3572,2.067,0.079914,-0.035393,0.042713,8.6642
2.3573,2.067,0.079916,-0.035392,0.042731,8.6766
2.3573,2.067,0.079919,-0.035392,0.042748,8.6789
2.3574,2.067,0.079921,-0.035391,0.04277,8.6704
2.3574,2.067,0.079923,-0.03539,0.042794,8.6754
2.3575,2.067,0.079925,-0.035389,0.042815,8.6795
2.3575,2.067,0.079928,-0.035388,0.042837,8.6749
2.3576,2.067,0.07993,-0.035387,0.042857,8.6744
2.3576,2.067,0.079932,-0.035386,0.042872,8.6857
2.3577,2.067,0.079935,-0.035385,0.042881,8.6808
2.3577,2.067,0.079937,-0.035384,0.042888,8.6756
2.3578,2.067,0.079939,-0.035383,0.042897,8.6874
2.3578,2.067,0.079941,-0.035382,0.042906,8.6873
2.3579,2.067,0.079944,-0.035381,0.042916,8.6778
2.3579,2.067,0.079946,-0.03538,0.042926,8.6843
2.358,2.067,0.079948,-0.035379,0.042935,8.6801
2.3581,2.067,0.07995,-0.035378,0.042945,8.6685
2.3581,2.067,0.079953,-0.035377,0.042955,8.6722
2.3582,2.067,0.079955,-0.035375,0.042965,8.6772
2.3582,2.067,0.079957,-0.035374,0.042974,8.6708
2.3583,2.0669,0.079959,-0.035373,0.042984,8.6784
2.3583,2.0669,0.079962,-0.035372,0.042996,8.6902
2.3584,2.0669,0.079964,-0.03537,0.043004,8.6878
2.3584,2.0669,0.079966,-0.035369,0.043009,8.689
2.3585,2.0669,0.079968,-0.035367,0.043014,8.6919
2.3585,2.0669,0.079971,-0.035366,0.04302,8.6886
2.3586,2.0669,0.079973,-0.035365,0.043026,8.6846
2.3586,2.0669,0.079975,-0.035363,0.04303,8.6865
2.3587,2.0669,0.079977,-0.035362,0.043029,8.6872
2.3587,2.0669,0.07998,-0.03536,0.043029,8.6825
2.3588,2.0669,0.079982,-0.035359,0.043023,8.6894
2.3588,2.0669,0.079984,-0.035357,0.043019,8.6945
2.3589,2.0669,0.079987,-0.035355,0.043018,8.6831
2.3589,2.0669,0.079989,-0.035354,0.043021,8.6861
2.359,2.0669,0.079991,-0.035352,0.043024,8.6925
2.3591,2.0669,0.079993,-0.03535,0.043021,8.6772
2.3591,2.0669,0.079996,-0.035349,0.043017,8.6744
2.3592,2.0669,0.079998,-0.035347,0.043019,8.6796
2.3592,2.0669,0.08,-0.035345,0.043021,8.6683
2.3593,2.0669,0.080002,-0.035343,0.043034,8.6677
2.3593,2.0669,0.080005,-0.035341,0.043045,8.6812
2.3594,2.0669,0.080007,-0.035339,0.043053,8.6816
2.3594,2.0669,0.080009,-0.035338,0.043055,8.6709
2.3595,2.0669,0.080011,-0.035336,0.043051,8.6782
2.3595,2.0669,0.080014,-0.035334,0.04304,8.6764
2.3596,2.0669,0.080016,-0.035332,0.043026,8.6638
2.3596,2.0669,0.080018,-0.03533,0.043013,8.6742
2.3597,2.0669,0.080021,-0.035328,0.04301,8.6732
2.3597,2.0669,0.080023,-0.035326,0.043007,8.664
2.3598,2.0669,0.080025,-0.035321,0.042999,8.672
2.3598,2.0669,0.080027,-0.03532,0.042986,8.6803
2.3599,2.0669,0.08003,-0.035323,0.042978,8.6749
2.3599,2.0669,0.080032,-0.035327,0.042964,8.6739
2.36,2.0669,0.080034,-0.035332,0.042953,8.6838
2.3601,2.0669,0.080036,-0.035336,0.042955,8.6768
2.3601,2.0669,0.080039,-0.03534,0.042967,8.672
2.3602,2.0669,0.080041,-0.03534,0.042983,8.6755
2.3602,2.0669,0.080043,-0.035337,0.042993,8.6728
2.3603,2.0669,0.080045,-0.035336,0.042999,8.6604
2.3603,2.0669,0.080048,-0.035335,0.043002,8.6774
2.3604,2.0669,0.08005,-0.035334,0.043001,8.6834
2.3604,2.0669,0.080052,-0.035333,0.042999,8.6666
2.3605,2.0669,0.080054,-0.035332,0.043,8.6789
2.3605,2.0669,0.080057,-0.035331,0.043002,8.6836
2.3606,2.0669,0.080059,-0.03533,0.043004,8.6664
2.3606,2.0669,0.080061,-0.035329,0.043008,8.6606
2.3607,2.0669,0.080063,-0.035328,0.043013,8.6774
2.3607,2.0669,0.080066,-0.035327,0.043018,8.6633
2.3608,2.0669,0.080068,-0.035326,0.043025,8.6637
2.3608,2.0669,0.08007,-0.035325,0.043032,8.6774
2.3609,2.0669,0.080073,-0.035324,0.04304,8.6719
2.3609,2.0669,0.080075,-0.035323,0.043049,8.6687
2.361,2.0669,0.080077,-0.035321,0.043059,8.6824
2.3611,2.0669,0.080079,-0.03532,0.043069,8.6737
2.3611,2.0668,0.080082,-0.035319,0.043078,8.6648
2.3612,2.0668,0.080084,-0.035318,0.043092,8.6675
2.3612,2.0668,0.080086,-0.035317,0.043109,8.6737
2.3613,2.0668,0.080088,-0.035313,0.043129,8.6619
2.3613,2.0668,0.080091,-0.035313,0.04315,8.6686
2.3614,2.0668,0.080093,-0.035316,0.043172,8.677
2.3614,2.0668,0.080095,-0.035322,0.043193,8.6729
2.3615,2.0668,0.080098,-0.035327,0.043215,8.6727
2.3615,2.0668,0.0801,-0.035333,0.043232,8.6869
2.3616,2.0668,0.080102,-0.035337,0.043248,8.6762
2.3616,2.0668,0.080104,-0.035339,0.043254,8.6771
2.3617,2.0668,0.080107,-0.035337,0.043259,8.6866
2.3617,2.0668,0.080109,-0.035337,0.043264,8.6794
2.3618,2.0668,0.080111,-0.035337,0.043272,8.675
2.3618,2.0668,0.080113,-0.035337,0.043285,8.6843
2.3619,2.0668,0.080116,-0.035337,0.043306,8.6899
2.3619,2.0668,0.080118,-0.035337,0.04333,8.6854
2.362,2.0668,0.08012,-0.035337,0.043353,8.694
2.3621,2.0668,0.080123,-0.035337,0.04337,8.6928
2.3621,2.0668,0.080125,-0.035337,0.043388,8.6816
2.3622,2.0668,0.080127,-0.035337,0.043408,8.6756
2.3622,2.0668,0.080129,-0.035338,0.043433,8.6867
2.3623,2.0668,0.080132,-0.035338,0.043462,8.673
2.3623,2.0668,0.080134,-0.035338,0.043503,8.6759
2.3624,2.0668,0.080136,-0.035338,0.043553,8.6952
2.3624,2.0668,0.080139,-0.035338,0.043613,8.6927
2.3625,2.0668,0.080141,-0.035338,0.043673,8.6913
2.3625,2.0668,0.080143,-0.035338,0.043729,8.7039
2.3626,2.0668,0.080145,-0.035338,0.043781,8.6973
2.3626,2.0668,0.080148,-0.035338,0.043831,8.6969
2.3627,2.0668,0.08015,-0.035338,0.043879,8.7018
2.3627,2.0668,0.080152,-0.035338,0.043929,8.7002
2.3628,2.0668,0.080155,-0.035338,0.043974,8.6967
2.3628,2.0668,0.080157,-0.035338,0.044018,8.7041
2.3629,2.0668,0.080159,-0.035338,0.04406,8.7133
2.3629,2.0668,0.080162,-0.035339,0.044098,8.7078
2.363,2.0668,0.080164,-0.035339,0.044135,8.7109
2.3631,2.0668,0.080166,-0.035339,0.044174,8.7212
2.3631,2.0668,0.080169,-0.035339,0.044221,8.7082
2.3632,2.0668,0.080171,-0.035339,0.044266,8.6955
2.3632,2.0668,0.080173,-0.035339,0.04431,8.7047
2.3633,2.0668,0.080176,-0.035339,0.044352,8.704
2.3633,2.0668,0.080178,-0.035339,0.04439,8.6886
2.3634,2.0668,0.08018,-0.035339,0.044425,8.7022
2.3634,2.0668,0.080183,-0.035339,0.044459,8.7046
2.3635,2.0668,0.080185,-0.035339,0.044491,8.6984
2.3635,2.0668,0.080187,-0.035339,0.044518,8.6988
2.3636,2.0668,0.08019,-0.035339,0.044535,8.6977
2.3636,2.0668,0.080192,-0.035339,0.044544,8.6946
2.3637,2.0668,0.080194,-0.035339,0.044544,8.6971
2.3637,2.0668,0.080197,-0.03534,0.044542,8.6961
2.3638,2.0668,0.080199,-0.03534,0.044545,8.6809
2.3638,2.0668,0.080201,-0.03534,0.044549,8.6779
2.3639,2.0668,0.080204,-0.03534,0.044554,8.6972
2.3639,2.0667,0.080206,-0.03534,0.044561,8.6955
2.364,2.0667,0.080208,-0.03534,0.044569,8.6941
2.3641,2.0667,0.080211,-0.03534,0.044576,8.7117
2.3641,2.0667,0.080213,-0.03534,0.044588,8.7066
2.3642,2.0667,0.080216,-0.03534,0.044606,8.6994
2.3642,2.0667,0.080218,-0.03534,0.044626,8.707
2.3643,2.0667,0.08022,-0.03534,0.044643,8.7056
2.3643,2.0667,0.080223,-0.03534,0.044664,8.6837
2.3644,2.0667,0.080225,-0.03534,0.04468,8.6905
2.3644,2.0667,0.080227,-0.03534,0.044694,8.6911
2.3645,2.0667,0.08023,-0.035341,0.044705,8.6855
2.3645,2.0667,0.080232,-0.035341,0.044716,8.6773
2.3646,2.0667,0.080234,-0.035341,0.044728,8.6845
2.3646,2.0667,0.080237,-0.035341,0.04474,8.6732
2.3647,2.0667,0.080239,-0.035341,0.044755,8.6652
2.3647,2.0667,0.080241,-0.035341,0.044774,8.6604
2.3648,2.0667,0.080244,-0.035341,0.044791,8.654
2.3648,2.0667,0.080246,-0.035341,0.044807,8.6447
2.3649,2.0667,0.080248,-0.035341,0.044824,8.6484
2.3649,2.0667,0.080251,-0.035341,0.044838,8.6475
2.365,2.0667,0.080253,-0.035341,0.044856,8.638
2.3651,2.0667,0.080256,-0.035341,0.044876,8.6421
2.3651,2.0667,0.080258,-0.035341,0.044899,8.6447
2.3652,2.0667,0.08026,-0.035341,0.044922,8.6351
2.3652,2.0667,0.080263,-0.035342,0.044944,8.6321
2.3653,2.0667,0.080265,-0.035342,0.044966,8.6342
2.3653,2.0667,0.080267,-0.035342,0.044984,8.6324
2.3654,2.0667,0.08027,-0.035342,0.044999,8.6289
2.3654,2.0667,0.080272,-0.035342,0.045015,8.6441
2.3655,2.0667,0.080274,-0.035342,0.045032,8.6394
2.3655,2.0667,0.080277,-0.035342,0.045048,8.6328
2.3656,2.0667,0.080279,-0.035342,0.045064,8.6527
2.3656,2.0667,0.080282,-0.035342,0.045077,8.6508
2.3657,2.0667,0.080284,-0.035342,0.045094,8.6409
2.3657,2.0667,0.080286,-0.035342,0.045113,8.6478
2.3658,2.0667,0.080289,-0.035342,0.045134,8.6465
2.3658,2.0667,0.080291,-0.035342,0.045153,8.6326
2.3659,2.0667,0.080293,-0.035342,0.045176,8.6352
2.3659,2.0667,0.080296,-0.035342,0.045199,8.6431
2.366,2.0667,0.080298,-0.035343,0.04522,8.6376
2.3661,2.0667,0.080301,-0.035343,0.045238,8.6318
2.3661,2.0667,0.080303,-0.035343,0.045262,8.6442
2.3662,2.0667,0.080305,-0.035343,0.045291,8.6318
2.3662,2.0667,0.080308,-0.035343,0.045324,8.6328
2.3663,2.0667,0.08031,-0.035343,0.04536,8.6312
2.3663,2.0667,0.080313,-0.035343,0.045405,8.6208
2.3664,2.0667,0.080315,-0.035343,0.045451,8.6093
2.3664,2.0667,0.080317,-0.035343,0.045494,8.6266
2.3665,2.0667,0.08032,-0.035343,0.045528,8.6204
2.3665,2.0667,0.080322,-0.035343,0.045556,8.6154
2.3666,2.0667,0.080325,-0.035343,0.045574,8.629
2.3666,2.0667,0.080327,-0.035343,0.045578,8.6341
2.3667,2.0667,0.080329,-0.035343,0.045577,8.6257
2.3667,2.0666,0.080332,-0.035344,0.045583,8.6272
2.3668,2.0666,0.080334,-0.035344,0.045593,8.6318
2.3668,2.0666,0.080337,-0.035344,0.045614,8.6279
2.3669,2.0666,0.080339,-0.035344,0.04564,8.623
2.3669,2.0666,0.080341,-0.035344,0.045672,8.6394
2.367,2.0666,0.080344,-0.035344,0.045702,8.6357
2.3671,2.0666,0.080346,-0.035344,0.045723,8.6381
2.3671,2.0666,0.080349,-0.035344,0.04574,8.6595
2.3672,2.0666,0.080351,-0.035344,0.045756,8.6546
2.3672,2.0666,0.080353,-0.035344,0.045771,8.6471
2.3673,2.0666,0.080356,-0.035344,0.045785,8.6516
2.3673,2.0666,0.080358,-0.035344,0.045793,8.6463
2.3674,2.0666,0.080361,-0.035344,0.045795,8.6398
2.3674,2.0666,0.080363,-0.035344,0.045794,8.6306
2.3675,2.0666,0.080365,-0.035344,0.045791,8.6387
2.3675,2.0666,0.080368,-0.035345,0.045789,8.6318
2.3676,2.0666,0.08037,-0.035345,0.045791,8.6296
2.3676,2.0666,0.080373,-0.035345,0.045798,8.6394
2.3677,2.0666,0.080375,-0.035345,0.045804,8.629
2.3677,2.0666,0.080377,-0.035345,0.045809,8.6281
2.3678,2.0666,0.08038,-0.035345,0.045819,8.6321
2.3678,2.0666,0.080382,-0.035345,0.045832,8.6271
2.3679,2.0666,0.080385,-0.035345,0.045846,8.6157
2.3679,2.0666,0.080387,-0.035345,0.045859,8.625
2.368,2.0666,0.08039,-0.035345,0.045868,8.6264
2.3681,2.0666,0.080392,-0.035345,0.045872,8.6267
2.3681,2.0666,0.080394,-0.035345,0.045868,8.6269
2.3682,2.0666,0.080397,-0.035345,0.04586,8.6398
2.3682,2.0666,0.080399,-0.035345,0.045857,8.6324
2.3683,2.0666,0.080402,-0.035346,0.045854,8.6424
2.3683,2.0666,0.080404,-0.035346,0.045855,8.6459
2.3684,2.0666,0.080406,-0.035346,0.045858,8.6362
2.3684,2.0666,0.080409,-0.035346,0.045861,8.631
2.3685,2.0666,0.080411,-0.035346,0.04586,8.646
2.3685,2.0666,0.080414,-0.035346,0.045857,8.6491
2.3686,2.0666,0.080416,-0.035346,0.045851,8.6427
2.3686,2.0666,0.080418,-0.035346,0.045853,8.6592
2.3687,2.0666,0.080421,-0.035346,0.045854,8.6613
2.3687,2.0666,0.080423,-0.035346,0.045862,8.6487
2.3688,2.0666,0.080426,-0.035346,0.045869,8.6606
2.3688,2.0666,0.080428,-0.035346,0.045875,8.6605
2.3689,2.0666,0.080431,-0.035346,0.045877,8.6504
2.3689,2.0666,0.080433,-0.035346,0.04588,8.6534
2.369,2.0666,0.080435,-0.035347,0.045888,8.6571
2.3691,2.0666,0.080438,-0.035347,0.0459,8.6452
2.3691,2.0666,0.08044,-0.035347,0.045909,8.6448
2.3692,2.0666,0.080443,-0.035347,0.045916,8.6563
2.3692,2.0666,0.080445,-0.035347,0.045912,8.6464
2.3693,2.0666,0.080447,-0.035347,0.045905,8.6479
2.3693,2.0666,0.08045,-0.035347,0.045893,8.6492
2.3694,2.0666,0.080452,-0.035347,0.045882,8.6433
2.3694,2.0666,0.080455,-0.035347,0.045878,8.6362
2.3695,2.0666,0.080457,-0.035347,0.04588,8.6416
2.3695,2.0666,0.08046,-0.035347,0.045884,8.6478
2.3696,2.0665,0.080462,-0.035347,0.04589,8.6418
2.3696,2.0665,0.080464,-0.035347,0.045892,8.6537
2.3697,2.0665,0.080467,-0.035347,0.045894,8.6625
2.3697,2.0665,0.080469,-0.035347,0.045892,8.6515
2.3698,2.0665,0.080472,-0.035348,0.045893,8.6558
2.3698,2.0665,0.080474,-0.035348,0.045894,8.6564
2.3699,2.0665,0.080476,-0.035348,0.045899,8.6462
2.3699,2.0665,0.080479,-0.035348,0.045902,8.6353
2.37,2.0665,0.080481,-0.035348,0.045902,8.6424
2.3701,2.0665,0.080484,-0.035348,0.045894,8.6299
2.3701,2.0665,0.080486,-0.035348,0.045886,8.6285
2.3702,2.0665,0.080489,-0.035348,0.04588,8.6355
2.3702,2.0665,0.080491,-0.035348,0.04588,8.6357
2.3703,2.0665,0.080493,-0.035348,0.045881,8.6197
2.3703,2.0665,0.080496,-0.035348,0.04589,8.6222
2.3704,2.0665,0.080498,-0.035348,0.0459,8.6176
2.3704,2.0665,0.080501,-0.035348,0.045908,8.6054
2.3705,2.0665,0.080503,-0.035348,0.045916,8.6023
2.3705,2.0665,0.080505,-0.035349,0.045925,8.6036
2.3706,2.0665,0.080508,-0.035349,0.045934,8.5959
2.3706,2.0665,0.08051,-0.035349,0.045943,8.5919
2.3707,2.0665,0.080513,-0.035349,0.045952,8.6001
2.3707,2.0665,0.080515,-0.035349,0.045961,8.5965
2.3708,2.0665,0.080518,-0.035349,0.045971,8.5902
2.3708,2.0665,0.08052,-0.035349,0.045981,8.6029
2.3709,2.0665,0.080522,-0.035349,0.045991,8.598
2.3709,2.0665,0.080525,-0.035349,0.046002,8.5937
2.371,2.0665,0.080527,-0.035349,0.046012,8.6053
2.3711,2.0665,0.08053,-0.035349,0.046025,8.6043
2.3711,2.0665,0.080532,-0.035349,0.046035,8.6057
2.3712,2.0665,0.080534,-0.035349,0.046042,8.6158
2.3712,2.0665,0.080537,-0.035349,0.046048,8.617
2.3713,2.0665,0.080539,-0.035349,0.046054,8.6096
2.3713,2.0665,0.080542,-0.03535,0.046062,8.6155
2.3714,2.0665,0.080544,-0.03535,0.046071,8.6163
2.3714,2.0665,0.080547,-0.03535,0.046084,8.6132
2.3715,2.0665,0.080549,-0.03535,0.046099,8.6117
2.3715,2.0665,0.080551,-0.03535,0.046113,8.618
2.3716,2.0665,0.080554,-0.03535,0.046134,8.6158
2.3716,2.0665,0.080556,-0.03535,0.046157,8.6074
2.3717,2.0665,0.080559,-0.03535,0.046185,8.6185
2.3717,2.0665,0.080561,-0.03535,0.046215,8.6163
2.3718,2.0665,0.080564,-0.03535,0.046241,8.6103
2.3718,2.0665,0.080566,-0.03535,0.046263,8.6262
2.3719,2.0665,0.080568,-0.03535,0.046282,8.6225
2.3719,2.0665,0.080571,-0.03535,0.046303,8.6127
2.372,2.0665,0.080573,-0.03535,0.046332,8.6093
2.3721,2.0665,0.080576,-0.035351,0.046358,8.6154
2.3721,2.0665,0.080578,-0.035351,0.04639,8.6103
2.3722,2.0665,0.080581,-0.035351,0.046417,8.6148
2.3722,2.0665,0.080583,-0.035351,0.046443,8.6256
2.3723,2.0665,0.080586,-0.035351,0.046461,8.6212
2.3723,2.0665,0.080588,-0.035351,0.046476,8.6177
2.3724,2.0665,0.08059,-0.035351,0.046479,8.6355
2.3724,2.0664,0.080593,-0.035351,0.046482,8.6311
2.3725,2.0664,0.080595,-0.035351,0.04648,8.6292
2.3725,2.0664,0.080598,-0.035351,0.04648,8.6361
2.3726,2.0664,0.0806,-0.035351,0.046479,8.6362
2.3726,2.0664,0.080603,-0.035351,0.046481,8.6399
2.3727,2.0664,0.080605,-0.035351,0.046483,8.6561
2.3727,2.0664,0.080608,-0.035351,0.04649,8.6668
2.3728,2.0664,0.08061,-0.035352,0.046488,8.6584
2.3728,2.0664,0.080612,-0.035352,0.046481,8.6702
2.3729,2.0664,0.080615,-0.035352,0.046471,8.6772
2.3729,2.0664,0.080617,-0.035352,0.046454,8.6657
2.373,2.0664,0.08062,-0.035352,0.04643,8.6616
2.3731,2.0664,0.080622,-0.035352,0.046396,8.667
2.3731,2.0664,0.080625,-0.035352,0.046367,8.6692
2.3732,2.0664,0.080627,-0.035352,0.046333,8.6653
2.3732,2.0664,0.08063,-0.035352,0.046299,8.6717
2.3733,2.0664,0.080632,-0.035352,0.046266,8.6705
2.3733,2.0664,0.080634,-0.035352,0.04624,8.6629
2.3734,2.0664,0.080637,-0.035352,0.046222,8.6704
2.3734,2.0664,0.080639,-0.035352,0.04621,8.6626
2.3735,2.0664,0.080642,-0.035352,0.046203,8.6622
2.3735,2.0664,0.080644,-0.035352,0.046196,8.6585
2.3736,2.0664,0.080647,-0.035353,0.046177,8.6642
2.3736,2.0664,0.080649,-0.035353,0.046157,8.6503
2.3737,2.0664,0.080651,-0.035353,0.046134,8.6533
2.3737,2.0664,0.080654,-0.035353,0.046106,8.6652
2.3738,2.0664,0.080656,-0.035353,0.046086,8.6664
2.3738,2.0664,0.080659,-0.035353,0.046075,8.6624
2.3739,2.0664,0.080661,-0.035353,0.046065,8.6692
2.3739,2.0664,0.080664,-0.035353,0.04605,8.6666
2.374,2.0664,0.080666,-0.035353,0.046033,8.6584
2.3741,2.0664,0.080668,-0.035353,0.046014,8.6692
2.3741,2.0664,0.080671,-0.035353,0.045996,8.6688
2.3742,2.0664,0.080673,-0.035353,0.045972,8.6571
2.3742,2.0664,0.080676,-0.035353,0.045951,8.6708
2.3743,2.0664,0.080678,-0.035353,0.045932,8.6792
2.3743,2.0664,0.080681,-0.035354,0.045913,8.6671
2.3744,2.0664,0.080683,-0.035354,0.045894,8.6751
2.3744,2.0664,0.080685,-0.035354,0.04587,8.6878
2.3745,2.0664,0.080688,-0.035354,0.045848,8.6723
2.3745,2.0664,0.08069,-0.035354,0.045824,8.6665
2.3746,2.0664,0.080693,-0.035354,0.045799,8.6742
2.3746,2.0664,0.080695,-0.035354,0.045771,8.6711
2.3747,2.0664,0.080697,-0.035354,0.045746,8.6656
2.3747,2.0664,0.0807,-0.035354,0.045727,8.6786
2.3748,2.0664,0.080702,-0.035354,0.045711,8.6794
2.3748,2.0664,0.080705,-0.035354,0.0457,8.6708
2.3749,2.0664,0.080707,-0.035354,0.045691,8.6796
2.3749,2.0664,0.080709,-0.035354,0.04568,8.6744
2.375,2.0664,0.080712,-0.035354,0.045674,8.6693
2.3751,2.0664,0.080714,-0.035357,0.045661,8.6704
2.3751,2.0664,0.080717,-0.035355,0.045648,8.6781
2.3752,2.0664,0.080719,-0.035351,0.045635,8.6692
2.3752,2.0664,0.080721,-0.035346,0.045626,8.6734
2.3753,2.0663,0.080724,-0.03534,0.045621,8.6818
2.3753,2.0663,0.080726,-0.035336,0.045617,8.679
2.3754,2.0663,0.080729,-0.035333,0.045616,8.6849
2.3754,2.0663,0.080731,-0.035333,0.045619,8.6913
2.3755,2.0663,0.080733,-0.035336,0.04562,8.6829
2.3755,2.0663,0.080736,-0.035338,0.045622,8.6814
2.3756,2.0663,0.080738,-0.035339,0.045624,8.6863
2.3756,2.0663,0.080741,-0.03534,0.045626,8.6889
2.3757,2.0663,0.080743,-0.035341,0.045629,8.6827
2.3757,2.0663,0.080745,-0.035343,0.045632,8.6915
2.3758,2.0663,0.080748,-0.035344,0.045635,8.6966
2.3758,2.0663,0.08075,-0.035345,0.045639,8.6869
2.3759,2.0663,0.080753,-0.035346,0.045643,8.6894
2.3759,2.0663,0.080755,-0.03535,0.045648,8.6913
2.376,2.0663,0.080757,-0.035351,0.045653,8.6797
2.3761,2.0663,0.08076,-0.035349,0.045658,8.6783
2.3761,2.0663,0.080762,-0.035339,0.045663,8.6831
2.3762,2.0663,0.080765,-0.035328,0.045669,8.6762
2.3762,2.0663,0.080767,-0.035314,0.045675,8.6705
2.3763,2.0663,0.080769,-0.035298,0.045681,8.6756
2.3763,2.0663,0.080772,-0.03528,0.045688,8.6735
2.3764,2.0663,0.080774,-0.035267,0.045695,8.6672
2.3764,2.0663,0.080777,-0.035257,0.045703,8.6774
2.3765,2.0663,0.080779,-0.035252,0.04571,8.6762
2.3765,2.0663,0.080782,-0.03525,0.045718,8.6619
2.3766,2.0663,0.080784,-0.035251,0.045727,8.6736
2.3766,2.0663,0.080786,-0.035252,0.045735,8.6762
2.3767,2.0663,0.080789,-0.035248,0.045744,8.6627
2.3767,2.0663,0.080791,-0.035237,0.045753,8.668
2.3768,2.0663,0.080794,-0.035223,0.045763,8.679
2.3768,2.0663,0.080796,-0.035208,0.045773,8.6714
2.3769,2.0663,0.080798,-0.035197,0.045783,8.6695
2.3769,2.0663,0.080801,-0.035187,0.045794,8.6812
2.377,2.0663,0.080803,-0.035179,0.045805,8.6714
2.3771,2.0663,0.080806,-0.035171,0.045816,8.6641
2.3771,2.0663,0.080808,-0.035165,0.045827,8.6687
2.3772,2.0663,0.08081,-0.035159,0.045839,8.6609
2.3772,2.0663,0.080813,-0.035155,0.045851,8.6528
2.3773,2.0663,0.080815,-0.035151,0.045863,8.6649
2.3773,2.0663,0.080818,-0.035149,0.045875,8.6666
2.3774,2.0663,0.08082,-0.035148,0.045888,8.6592
2.3774,2.0663,0.080823,-0.035147,0.045901,8.6606
2.3775,2.0663,0.080825,-0.035148,0.045914,8.6654
2.3775,2.0663,0.080827,-0.035152,0.045928,8.6491
2.3776,2.0663,0.08083,-0.035155,0.045942,8.6542
2.3776,2.0663,0.080832,-0.035155,0.045959,8.6599
2.3777,2.0663,0.080835,-0.035151,0.045974,8.6463
2.3777,2.0663,0.080837,-0.035141,0.045984,8.6429
2.3778,2.0663,0.080839,-0.035125,0.045989,8.6562
2.3778,2.0663,0.080842,-0.035111,0.045992,8.6492
2.3779,2.0663,0.080844,-0.035098,0.045995,8.6437
2.3779,2.0663,0.080847,-0.035093,0.046,8.6557
2.378,2.0663,0.080849,-0.035092,0.046009,8.6569
2.3781,2.0662,0.080852,-0.035099,0.046025,8.6489
2.3781,2.0662,0.080854,-0.035116,0.046045,8.6568
2.3782,2.0662,0.080856,-0.035145,0.04606,8.6608
2.3782,2.0662,0.080859,-0.035177,0.046073,8.6559
2.3783,2.0662,0.080861,-0.035216,0.046084,8.6637
2.3783,2.0662,0.080864,-0.035257,0.046095,8.6742
2.3784,2.0662,0.080866,-0.035297,0.046106,8.6738
2.3784,2.0662,0.080869,-0.035329,0.04612,8.6803
2.3785,2.0662,0.080871,-0.03536,0.046136,8.6956
2.3785,2.0662,0.080873,-0.035391,0.046157,8.6824
2.3786,2.0662,0.080876,-0.035421,0.046176,8.6831
2.3786,2.0662,0.080878,-0.035445,0.046195,8.6837
2.3787,2.0662,0.080881,-0.03547,0.046215,8.6809
2.3787,2.0662,0.080883,-0.035491,0.046235,8.6725
2.3788,2.0662,0.080886,-0.03551,0.046256,8.6829
2.3788,2.0662,0.080888,-0.035525,0.046277,8.6916
2.3789,2.0662,0.08089,-0.035546,0.046299,8.6851
2.3789,2.0662,0.080893,-0.035572,0.046321,8.6969
2.379,2.0662,0.080895,-0.035605,0.046344,8.7037
2.3791,2.0662,0.080898,-0.035646,0.046368,8.6971
2.3791,2.0662,0.0809,-0.035693,0.046392,8.7047
2.3792,2.0662,0.080903,-0.03574,0.046416,8.7016
2.3792,2.0662,0.080905,-0.035786,0.046442,8.6953
2.3793,2.0662,0.080908,-0.035826,0.046467,8.6937
2.3793,2.0662,0.08091,-0.035864,0.046494,8.7012
2.3794,2.0662,0.080912,-0.035904,0.04652,8.7008
2.3794,2.0662,0.080915,-0.035942,0.046548,8.6974
2.3795,2.0662,0.080917,-0.035975,0.046575,8.7036
2.3795,2.0662,0.08092,-0.036011,0.046603,8.7057
2.3796,2.0662,0.080922,-0.036043,0.046632,8.7
2.3796,2.0662,0.080925,-0.036063,0.046662,8.7008
2.3797,2.0662,0.080927,-0.036082,0.046692,8.7036
2.3797,2.0662,0.08093,-0.036102,0.046724,8.6949
2.3798,2.0662,0.080932,-0.036125,0.046755,8.7017
2.3798,2.0662,0.080935,-0.036148,0.046788,8.7098
2.3799,2.0662,0.080937,-0.036169,0.046821,8.7048
2.3799,2.0662,0.080939,-0.036195,0.046855,8.707
2.38,2.0662,0.080942,-0.036218,0.046889,8.7119
2.3801,2.0662,0.080944,-0.036234,0.046924,8.6943
2.3801,2.0662,0.080947,-0.036253,0.046959,8.7031
2.3802,2.0662,0.080949,-0.036269,0.046998,8.7053
2.3802,2.0662,0.080952,-0.036282,0.047035,8.6951
2.3803,2.0662,0.080954,-0.03629,0.047065,8.6908
2.3803,2.0662,0.080957,-0.036296,0.047093,8.6896
2.3804,2.0662,0.080959,-0.036299,0.047121,8.6914
2.3804,2.0662,0.080962,-0.036304,0.047146,8.6833
2.3805,2.0662,0.080964,-0.036307,0.047175,8.6883
2.3805,2.0662,0.080967,-0.036313,0.047203,8.6979
2.3806,2.0662,0.080969,-0.036321,0.047235,8.6858
2.3806,2.0662,0.080972,-0.036329,0.047268,8.6852
2.3807,2.0662,0.080974,-0.036341,0.047301,8.6888
2.3807,2.0662,0.080977,-0.036356,0.047339,8.683
2.3808,2.0662,0.080979,-0.036377,0.047382,8.6748
2.3808,2.0661,0.080982,-0.036402,0.047426,8.6803
2.3809,2.0661,0.080984,-0.036429,0.047474,8.6808
2.3809,2.0661,0.080987,-0.036456,0.04752,8.6798
2.381,2.0661,0.080989,-0.036481,0.047564,8.6927
2.3811,2.0661,0.080992,-0.036501,0.047614,8.6862
2.3811,2.0661,0.080994,-0.036522,0.047666,8.6732
2.3812,2.0661,0.080997,-0.036541,0.047715,8.6803
2.3812,2.0661,0.080999,-0.036563,0.047757,8.6778
2.3813,2.0661,0.081002,-0.036585,0.047797,8.6634
2.3813,2.0661,0.081004,-0.036611,0.047834,8.6592
2.3814,2.0661,0.081007,-0.036641,0.047866,8.6673
2.3814,2.0661,0.081009,-0.036673,0.047896,8.6551
2.3815,2.0661,0.081012,-0.036707,0.047928,8.6595
2.3815,2.0661,0.081014,-0.036741,0.047959,8.6654
2.3816,2.0661,0.081017,-0.036775,0.047985,8.6607
2.3816,2.0661,0.081019,-0.036806,0.047998,8.6548
2.3817,2.0661,0.081022,-0.036835,0.048013,8.6526
2.3817,2.0661,0.081024,-0.036865,0.048032,8.6504
2.3818,2.0661,0.081027,-0.0369,0.048054,8.6371
2.3818,2.0661,0.081029,-0.036938,0.048077,8.6407
2.3819,2.0661,0.081032,-0.036976,0.048096,8.6416
2.3819,2.0661,0.081035,-0.037017,0.048112,8.6355
2.382,2.0661,0.081037,-0.037064,0.048124,8.6353
2.3821,2.0661,0.08104,-0.037112,0.048126,8.6409
2.3821,2.0661,0.081042,-0.037161,0.048134,8.6276
2.3822,2.0661,0.081045,-0.03721,0.048145,8.6346
2.3822,2.0661,0.081047,-0.037265,0.048159,8.6432
2.3823,2.0661,0.08105,-0.037324,0.048176,8.6313
2.3823,2.0661,0.081052,-0.037379,0.048199,8.628
2.3824,2.0661,0.081055,-0.037433,0.048222,8.6463
2.3824,2.0661,0.081057,-0.037489,0.048246,8.6395
2.3825,2.0661,0.08106,-0.037543,0.048266,8.6403
2.3825,2.0661,0.081062,-0.037597,0.048283,8.6495
2.3826,2.0661,0.081065,-0.037648,0.048292,8.6533
2.3826,2.0661,0.081067,-0.037695,0.048294,8.6428
2.3827,2.0661,0.08107,-0.03774,0.048295,8.6426
2.3827,2.0661,0.081073,-0.037778,0.048301,8.6456
2.3828,2.0661,0.081075,-0.037811,0.048313,8.6296
2.3828,2.0661,0.081078,-0.037844,0.048332,8.6266
2.3829,2.0661,0.08108,-0.03788,0.048354,8.6293
2.3829,2.0661,0.081083,-0.037916,0.048385,8.6194
2.383,2.0661,0.081085,-0.037952,0.04842,8.6246
2.3831,2.0661,0.081088,-0.037989,0.048453,8.6251
2.3831,2.0661,0.08109,-0.038027,0.048493,8.6211
2.3832,2.0661,0.081093,-0.038064,0.048532,8.6167
2.3832,2.0661,0.081096,-0.038102,0.048571,8.623
2.3833,2.0661,0.081098,-0.038141,0.048607,8.6175
2.3833,2.0661,0.081101,-0.03818,0.048632,8.6071
2.3834,2.0661,0.081103,-0.038219,0.048654,8.6145
2.3834,2.0661,0.081106,-0.038258,0.048671,8.6155
2.3835,2.0661,0.081108,-0.038297,0.048691,8.6099
2.3835,2.066,0.081111,-0.038337,0.048722,8.6258
2.3836,2.066,0.081113,-0.038377,0.048758,8.6325
2.3836,2.066,0.081116,-0.038417,0.048802,8.6284
2.3837,2.066,0.081119,-0.038457,0.048851,8.6342
2.3837,2.066,0.081121,-0.038497,0.048894,8.6437
2.3838,2.066,0.081124,-0.038537,0.048929,8.63
2.3838,2.066,0.081126,-0.038582,0.048963,8.6323
2.3839,2.066,0.081129,-0.038619,0.049002,8.6468
2.3839,2.066,0.081131,-0.038654,0.049045,8.6378
2.384,2.066,0.081134,-0.038679,0.04909,8.639
2.3841,2.066,0.081137,-0.038696,0.049137,8.6564
2.3841,2.066,0.081139,-0.038713,0.049191,8.658
2.3842,2.066,0.081142,-0.038733,0.049244,8.6475
2.3842,2.066,0.081144,-0.038761,0.049297,8.655
2.3843,2.066,0.081147,-0.038802,0.049349,8.6526
2.3843,2.066,0.08115,-0.038848,0.049405,8.637
2.3844,2.066,0.081152,-0.038899,0.049475,8.6379
2.3844,2.066,0.081155,-0.038936,0.049547,8.6402
2.3845,2.066,0.081157,-0.038959,0.049626,8.6378
2.3845,2.066,0.08116,-0.038969,0.049713,8.6349
2.3846,2.066,0.081163,-0.038968,0.049808,8.645
2.3846,2.066,0.081165,-0.03896,0.049906,8.6405
2.3847,2.066,0.081168,-0.03895,0.049997,8.6364
2.3847,2.066,0.081171,-0.038949,0.05009,8.6485
2.3848,2.066,0.081173,-0.038949,0.050183,8.641
2.3848,2.066,0.081176,-0.038952,0.050271,8.6316
2.3849,2.066,0.081179,-0.038957,0.050362,8.6425
2.3849,2.066,0.081181,-0.038964,0.050449,8.6464
2.385,2.066,0.081184,-0.038971,0.050542,8.6417
2.3851,2.066,0.081186,-0.038983,0.050637,8.6488
2.3851,2.066,0.081189,-0.039,0.050733,8.6601
2.3852,2.066,0.081192,-0.039021,0.050827,8.6583
2.3852,2.066,0.081195,-0.039045,0.050917,8.6583
2.3853,2.066,0.081197,-0.039065,0.051007,8.6634
2.3853,2.066,0.0812,-0.039094,0.051094,8.6579
2.3854,2.066,0.081203,-0.039127,0.051176,8.6519
2.3854,2.066,0.081205,-0.039162,0.051261,8.6602
2.3855,2.066,0.081208,-0.039201,0.051344,8.6576
2.3855,2.066,0.081211,-0.039239,0.051427,8.652
2.3856,2.066,0.081213,-0.039275,0.051509,8.6596
2.3856,2.066,0.081216,-0.039306,0.051591,8.6631
2.3857,2.066,0.081219,-0.039329,0.051672,8.6506
2.3857,2.066,0.081222,-0.039359,0.051753,8.6606
2.3858,2.066,0.081224,-0.03939,0.051833,8.6584
2.3858,2.066,0.081227,-0.039422,0.051913,8.6449
2.3859,2.066,0.08123,-0.039453,0.051992,8.6388
2.3859,2.066,0.081233,-0.039487,0.052071,8.648
2.386,2.066,0.081235,-0.039525,0.052149,8.6336
2.3861,2.066,0.081238,-0.039573,0.052228,8.6362
2.3861,2.0659,0.081241,-0.039625,0.052305,8.6474
2.3862,2.0659,0.081244,-0.039681,0.052383,8.6385
2.3862,2.0659,0.081246,-0.039742,0.052459,8.645
2.3863,2.0659,0.081249,-0.039807,0.052535,8.6528
2.3863,2.0659,0.081252,-0.039872,0.052611,8.6442
2.3864,2.0659,0.081255,-0.039935,0.052687,8.6392
2.3864,2.0659,0.081257,-0.039994,0.052762,8.6486
2.3865,2.0659,0.08126,-0.040054,0.052836,8.6431
2.3865,2.0659,0.081263,-0.04011,0.052911,8.6346
2.3866,2.0659,0.081266,-0.040169,0.052985,8.6367
2.3866,2.0659,0.081268,-0.040233,0.053058,8.6409
2.3867,2.0659,0.081271,-0.040307,0.053131,8.6366
2.3867,2.0659,0.081274,-0.040386,0.053204,8.6338
2.3868,2.0659,0.081277,-0.040468,0.053276,8.6473
2.3868,2.0659,0.08128,-0.040549,0.053349,8.6329
2.3869,2.0659,0.081283,-0.040632,0.05342,8.626
2.3869,2.0659,0.081285,-0.040716,0.053492,8.6352
2.387,2.0659,0.081288,-0.040802,0.053564,8.623
2.3871,2.0659,0.081291,-0.040888,0.053637,8.6205
2.3871,2.0659,0.081294,-0.040976,0.053709,8.6267
2.3872,2.0659,0.081297,-0.041065,0.053775,8.6254
2.3872,2.0659,0.081299,-0.041155,0.053836,8.6167
2.3873,2.0659,0.081302,-0.041246,0.053898,8.6213
2.3873,2.0659,0.081305,-0.041339,0.053959,8.621
2.3874,2.0659,0.081308,-0.041432,0.054016,8.6047
2.3874,2.0659,0.081311,-0.041526,0.054074,8.6009
2.3875,2.0659,0.081314,-0.041619,0.054137,8.6042
2.3875,2.0659,0.081317,-0.041714,0.054204,8.594
2.3876,2.0659,0.081319,-0.041814,0.054267,8.5934
2.3876,2.0659,0.081322,-0.041921,0.054333,8.6093
2.3877,2.0659,0.081325,-0.042036,0.054406,8.6054
2.3877,2.0659,0.081328,-0.04216,0.054478,8.5946
2.3878,2.0659,0.081331,-0.042288,0.054544,8.6118
2.3878,2.0659,0.081334,-0.042418,0.054606,8.6077
2.3879,2.0659,0.081337,-0.042545,0.054665,8.5997
2.3879,2.0659,0.081339,-0.04267,0.054723,8.61
2.388,2.0659,0.081342,-0.04279,0.054775,8.6114
2.3881,2.0659,0.081345,-0.042902,0.054826,8.6039
2.3881,2.0659,0.081348,-0.043003,0.054881,8.6105
2.3882,2.0659,0.081351,-0.0431,0.054937,8.6188
2.3882,2.0659,0.081354,-0.04319,0.054994,8.6111
2.3883,2.0659,0.081357,-0.043277,0.055051,8.6132
2.3883,2.0659,0.08136,-0.043364,0.055109,8.6233
2.3884,2.0659,0.081363,-0.043458,0.055167,8.6138
2.3884,2.0659,0.081366,-0.043552,0.055226,8.609
2.3885,2.0659,0.081368,-0.043646,0.055286,8.6141
2.3885,2.0658,0.081371,-0.043739,0.055347,8.6154
2.3886,2.0658,0.081374,-0.043839,0.055407,8.6048
2.3886,2.0658,0.081377,-0.043937,0.055469,8.6138
2.3887,2.0658,0.08138,-0.044041,0.05553,8.6189
2.3887,2.0658,0.081383,-0.044146,0.055592,8.6111
2.3888,2.0658,0.081386,-0.044256,0.055654,8.6199
2.3888,2.0658,0.081389,-0.044361,0.055717,8.6153
2.3889,2.0658,0.081392,-0.04446,0.055779,8.6026
2.3889,2.0658,0.081395,-0.044552,0.055841,8.6109
2.389,2.0658,0.081398,-0.044633,0.055904,8.6162
2.3891,2.0658,0.081401,-0.044709,0.055966,8.6076
2.3891,2.0658,0.081404,-0.044788,0.056028,8.6125
2.3892,2.0658,0.081407,-0.044865,0.05609,8.6265
2.3892,2.0658,0.08141,-0.044945,0.056152,8.6234
2.3893,2.0658,0.081412,-0.045022,0.056215,8.6276
2.3893,2.0658,0.081415,-0.045091,0.056277,8.6426
2.3894,2.0658,0.081418,-0.045154,0.05634,8.6374
2.3894,2.0658,0.081421,-0.045215,0.056403,8.6374
2.3895,2.0658,0.081424,-0.045273,0.056466,8.6432
2.3895,2.0658,0.081427,-0.045335,0.056528,8.6433
2.3896,2.0658,0.08143,-0.045407,0.05659,8.6363
2.3896,2.0658,0.081433,-0.045482,0.056651,8.6567
2.3897,2.0658,0.081436,-0.045557,0.05671,8.662
2.3897,2.0658,0.081439,-0.045629,0.056767,8.6584
2.3898,2.0658,0.081442,-0.045699,0.056824,8.6601
2.3898,2.0658,0.081445,-0.045769,0.056886,8.6656
2.3899,2.0658,0.081448,-0.045835,0.056951,8.6597
2.3899,2.0658,0.081451,-0.045899,0.057018,8.6574
2.39,2.0658,0.081454,-0.045966,0.057082,8.6669
2.3901,2.0658,0.081457,-0.046022,0.057143,8.658
2.3901,2.0658,0.08146,-0.046076,0.057195,8.654
2.3902,2.0658,0.081463,-0.046132,0.057242,8.6714
2.3902,2.0658,0.081466,-0.046197,0.057292,8.6673
2.3903,2.0658,0.081469,-0.046272,0.057349,8.6619
2.3903,2.0658,0.081472,-0.04636,0.057405,8.6721
2.3904,2.0658,0.081475,-0.046453,0.057464,8.6763
2.3904,2.0658,0.081478,-0.046553,0.057522,8.6601
2.3905,2.0658,0.081481,-0.046649,0.05758,8.6598
2.3905,2.0658,0.081484,-0.046746,0.057634,8.6677
2.3906,2.0658,0.081487,-0.046845,0.057687,8.6616
2.3906,2.0658,0.081491,-0.046939,0.057738,8.6632
2.3907,2.0658,0.081494,-0.04703,0.057786,8.6771
2.3907,2.0657,0.081497,-0.047113,0.057832,8.6754
2.3908,2.0657,0.0815,-0.04719,0.057882,8.6807
2.3908,2.0657,0.081503,-0.047263,0.057935,8.6883
2.3909,2.0657,0.081506,-0.047336,0.057989,8.6808
2.3909,2.0657,0.081509,-0.047413,0.058044,8.6814
2.391,2.0657,0.081512,-0.047495,0.05809,8.6829
2.3911,2.0657,0.081515,-0.047576,0.058132,8.682
2.3911,2.0657,0.081518,-0.047661,0.058172,8.6713
2.3912,2.0657,0.081521,-0.047745,0.058217,8.6822
2.3912,2.0657,0.081524,-0.047832,0.058257,8.6909
2.3913,2.0657,0.081527,-0.047913,0.058301,8.6748
2.3913,2.0657,0.08153,-0.04799,0.058345,8.6783
2.3914,2.0657,0.081533,-0.048064,0.058395,8.6839
2.3914,2.0657,0.081536,-0.048136,0.058447,8.6736
2.3915,2.0657,0.081539,-0.048206,0.058505,8.6707
2.3915,2.0657,0.081543,-0.048277,0.058565,8.6759
2.3916,2.0657,0.081546,-0.048349,0.058629,8.6683
2.3916,2.0657,0.081549,-0.048423,0.058682,8.6575
2.3917,2.0657,0.081552,-0.048496,0.058732,8.6743
2.3917,2.0657,0.081555,-0.048568,0.058781,8.6718
2.3918,2.0657,0.081558,-0.048628,0.058828,8.6649
2.3918,2.0657,0.081561,-0.048682,0.058874,8.6752
2.3919,2.0657,0.081564,-0.048729,0.058917,8.6798
2.3919,2.0657,0.081567,-0.048774,0.058961,8.6686
2.392,2.0657,0.08157,-0.048809,0.059008,8.6722
2.3921,2.0657,0.081574,-0.04884,0.059054,8.6776
2.3921,2.0657,0.081577,-0.048873,0.059102,8.6646
2.3922,2.0657,0.08158,-0.048904,0.059153,8.6618
2.3922,2.0657,0.081583,-0.048927,0.0592,8.6708
2.3923,2.0657,0.081586,-0.048958,0.059247,8.6748
2.3923,2.0657,0.081589,-0.04899,0.059292,8.6691
2.3924,2.0657,0.081592,-0.049024,0.059336,8.6778
2.3924,2.0657,0.081595,-0.049048,0.05938,8.6752
2.3925,2.0657,0.081598,-0.049072,0.059423,8.672
2.3925,2.0657,0.081602,-0.049094,0.059465,8.6768
2.3926,2.0657,0.081605,-0.04911,0.059507,8.6722
2.3926,2.0657,0.081608,-0.049135,0.059548,8.6576
2.3927,2.0657,0.081611,-0.049163,0.059589,8.667
2.3927,2.0657,0.081614,-0.049176,0.05963,8.6716
2.3928,2.0656,0.081617,-0.049177,0.05967,8.661
2.3928,2.0656,0.08162,-0.04916,0.059713,8.6689
2.3929,2.0656,0.081624,-0.049134,0.059752,8.6802
2.3929,2.0656,0.081627,-0.049098,0.059787,8.6659
2.393,2.0656,0.08163,-0.049064,0.059821,8.6619
2.3931,2.0656,0.081633,-0.049059,0.059853,8.6642
2.3931,2.0656,0.081636,-0.049067,0.059886,8.6562
2.3932,2.0656,0.081639,-0.04908,0.05992,8.6499
2.3932,2.0656,0.081642,-0.049089,0.059956,8.6671
2.3933,2.0656,0.081646,-0.049101,0.059996,8.6635
2.3933,2.0656,0.081649,-0.049103,0.060034,8.6602
2.3934,2.0656,0.081652,-0.049087,0.060072,8.6635
2.3934,2.0656,0.081655,-0.049072,0.060109,8.6772
2.3935,2.0656,0.081658,-0.049069,0.060148,8.6644
2.3935,2.0656,0.081661,-0.049069,0.060186,8.6676
2.3936,2.0656,0.081665,-0.049073,0.060225,8.6731
2.3936,2.0656,0.081668,-0.04908,0.060264,8.6594
2.3937,2.0656,0.081671,-0.049104,0.060303,8.6635
2.3937,2.0656,0.081674,-0.049129,0.060343,8.6777
2.3938,2.0656,0.081677,-0.049148,0.060383,8.6646
2.3938,2.0656,0.081681,-0.049174,0.060424,8.6653
2.3939,2.0656,0.081684,-0.049205,0.060465,8.6763
2.3939,2.0656,0.081687,-0.049231,0.060507,8.6684
2.394,2.0656,0.08169,-0.049257,0.060549,8.6611
2.3941,2.0656,0.081693,-0.049271,0.060592,8.6655
2.3941,2.0656,0.081696,-0.049267,0.060635,8.6605
2.3942,2.0656,0.0817,-0.049247,0.060678,8.6514
2.3942,2.0656,0.081703,-0.049208,0.060725,8.6592
2.3943,2.0656,0.081706,-0.04916,0.060771,8.6654
2.3943,2.0656,0.081709,-0.049112,0.060811,8.6546
2.3944,2.0656,0.081712,-0.049075,0.060849,8.6609
2.3944,2.0656,0.081716,-0.049055,0.060883,8.672
2.3945,2.0656,0.081719,-0.049047,0.060913,8.6676
2.3945,2.0656,0.081722,-0.049063,0.060939,8.6659
2.3946,2.0656,0.081725,-0.049103,0.060963,8.6713
2.3946,2.0656,0.081728,-0.049155,0.060986,8.6624
2.3947,2.0656,0.081732,-0.049207,0.061009,8.6599
2.3947,2.0656,0.081735,-0.049256,0.061023,8.6656
2.3948,2.0656,0.081738,-0.049293,0.061036,8.6638
2.3948,2.0655,0.081741,-0.049314,0.061046,8.656
2.3949,2.0655,0.081745,-0.049322,0.061056,8.6788
2.3949,2.0655,0.081748,-0.049328,0.061069,8.6825
2.395,2.0655,0.081751,-0.049335,0.061081,8.6774
2.3951,2.0655,0.081754,-0.049345,0.061092,8.6896
2.3951,2.0655,0.081757,-0.049359,0.0611,8.6924
2.3952,2.0655,0.081761,-0.049377,0.061097,8.6871
2.3952,2.0655,0.081764,-0.049403,0.06109,8.686
2.3953,2.0655,0.081767,-0.049424,0.061084,8.6979
2.3953,2.0655,0.08177,-0.049441,0.061085,8.6938
2.3954,2.0655,0.081773,-0.049457,0.061092,8.6929
2.3954,2.0655,0.081777,-0.049474,0.061106,8.7088
2.3955,2.0655,0.08178,-0.049494,0.06112,8.7143
2.3955,2.0655,0.081783,-0.04952,0.06113,8.6983
2.3956,2.0655,0.081786,-0.049552,0.061133,8.7036
2.3956,2.0655,0.08179,-0.049599,0.061138,8.7009
2.3957,2.0655,0.081793,-0.049644,0.061146,8.6895
2.3957,2.0655,0.081796,-0.049695,0.06116,8.6927
2.3958,2.0655,0.081799,-0.049752,0.061177,8.6949
2.3958,2.0655,0.081802,-0.049817,0.061201,8.6869
2.3959,2.0655,0.081806,-0.04989,0.061226,8.6929
2.3959,2.0655,0.081809,-0.049966,0.061248,8.7028
2.396,2.0655,0.081812,-0.050039,0.061273,8.6896
2.3961,2.0655,0.081815,-0.050112,0.061296,8.6943
2.3961,2.0655,0.081819,-0.050177,0.061315,8.7026
2.3962,2.0655,0.081822,-0.050241,0.061326,8.6898
2.3962,2.0655,0.081825,-0.050298,0.061335,8.6905
2.3963,2.0655,0.081828,-0.050353,0.061341,8.7018
2.3963,2.0655,0.081831,-0.05041,0.061344,8.6958
2.3964,2.0655,0.081835,-0.050469,0.061348,8.6858
2.3964,2.0655,0.081838,-0.050531,0.06136,8.6998
2.3965,2.0655,0.081841,-0.050597,0.061376,8.7113
2.3965,2.0655,0.081844,-0.050666,0.061397,8.6966
2.3966,2.0655,0.081848,-0.050744,0.061419,8.6998
2.3966,2.0655,0.081851,-0.050824,0.061449,8.7007
2.3967,2.0655,0.081854,-0.050912,0.061482,8.6855
2.3967,2.0655,0.081857,-0.051009,0.061511,8.683
2.3968,2.0655,0.081861,-0.051112,0.061535,8.6845
2.3968,2.0654,0.081864,-0.051214,0.061553,8.6843
2.3969,2.0654,0.081867,-0.051311,0.061563,8.6804
2.3969,2.0654,0.08187,-0.051401,0.061571,8.6884
2.397,2.0654,0.081874,-0.051493,0.061573,8.6792
2.3971,2.0654,0.081877,-0.051583,0.061579,8.6699
2.3971,2.0654,0.08188,-0.051677,0.061602,8.6802
2.3972,2.0654,0.081883,-0.05178,0.061632,8.6759
2.3972,2.0654,0.081887,-0.051886,0.061665,8.6674
2.3973,2.0654,0.08189,-0.051989,0.061703,8.6663
2.3973,2.0654,0.081893,-0.052086,0.061746,8.6672
2.3974,2.0654,0.081896,-0.052181,0.061787,8.6552
2.3974,2.0654,0.0819,-0.052276,0.061821,8.666
2.3975,2.0654,0.081903,-0.052364,0.061852,8.6774
2.3975,2.0654,0.081906,-0.052445,0.061888,8.6619
2.3976,2.0654,0.081909,-0.052526,0.061916,8.6579
2.3976,2.0654,0.081913,-0.052606,0.061936,8.6678
2.3977,2.0654,0.081916,-0.052688,0.061958,8.6638
2.3977,2.0654,0.081919,-0.052773,0.061984,8.6551
2.3978,2.0654,0.081922,-0.052863,0.062012,8.6664
2.3978,2.0654,0.081926,-0.052961,0.062047,8.6609
2.3979,2.0654,0.081929,-0.053061,0.062085,8.6657
2.3979,2.0654,0.081932,-0.053158,0.062131,8.6726
2.398,2.0654,0.081935,-0.053257,0.062181,8.6717
2.3981,2.0654,0.081939,-0.053356,0.062227,8.6592
2.3981,2.0654,0.081942,-0.053457,0.062277,8.6653
2.3982,2.0654,0.081945,-0.053558,0.062336,8.6658
2.3982,2.0654,0.081949,-0.053654,0.062398,8.656
2.3983,2.0654,0.081952,-0.053746,0.062466,8.6509
2.3983,2.0654,0.081955,-0.053832,0.062537,8.6624
2.3984,2.0654,0.081958,-0.053914,0.062616,8.6487
2.3984,2.0654,0.081962,-0.053992,0.062699,8.6488
2.3985,2.0654,0.081965,-0.054071,0.062787,8.6623
2.3985,2.0654,0.081968,-0.054153,0.06288,8.6536
2.3986,2.0654,0.081972,-0.054237,0.062983,8.6511
2.3986,2.0654,0.081975,-0.054319,0.063082,8.6576
2.3987,2.0654,0.081978,-0.054407,0.063177,8.6455
2.3987,2.0653,0.081982,-0.054495,0.063269,8.639
2.3988,2.0653,0.081985,-0.05459,0.063356,8.6435
2.3988,2.0653,0.081988,-0.054688,0.063437,8.6438
2.3989,2.0653,0.081992,-0.054787,0.063519,8.6373
2.3989,2.0653,0.081995,-0.054889,0.063601,8.6426
2.399,2.0653,0.081998,-0.054983,0.063691,8.6563
2.3991,2.0653,0.082002,-0.055068,0.06378,8.6417
2.3991,2.0653,0.082005,-0.055156,0.063877,8.641
2.3992,2.0653,0.082008,-0.055232,0.06398,8.6487
2.3992,2.0653,0.082012,-0.055308,0.064083,8.6431
2.3993,2.0653,0.082015,-0.055385,0.064186,8.6372
2.3993,2.0653,0.082019,-0.055467,0.064289,8.6377
2.3994,2.0653,0.082022,-0.055557,0.06439,8.6403
2.3994,2.0653,0.082025,-0.055651,0.064489,8.6304
2.3995,2.0653,0.082029,-0.055748,0.064585,8.6439
2.3995,2.0653,0.082032,-0.055855,0.064683,8.641
2.3996,2.0653,0.082036,-0.055959,0.064783,8.6317
2.3996,2.0653,0.082039,-0.056069,0.064884,8.6394
2.3997,2.0653,0.082042,-0.056183,0.064989,8.6349
2.3997,2.0653,0.082046,-0.05631,0.065093,8.6219
2.3998,2.0653,0.082049,-0.056435,0.065191,8.6217
2.3998,2.0653,0.082053,-0.05654,0.065286,8.6202
2.3999,2.0653,0.082056,-0.056632,0.065378,8.6045
2.3999,2.0653,0.08206,-0.05672,0.06547,8.6132
2.4,2.0653,0.082063,-0.056818,0.065564,8.6179
2.4001,2.0653,0.082066,-0.056927,0.065662,8.6171
2.4001,2.0653,0.08207,-0.057041,0.065768,8.6134
2.4002,2.0653,0.082073,-0.05716,0.065876,8.6244
2.4002,2.0653,0.082077,-0.057264,0.065982,8.6157
2.4003,2.0653,0.08208,-0.057337,0.066088,8.6072
2.4003,2.0653,0.082084,-0.057391,0.066195,8.6156
2.4004,2.0653,0.082087,-0.057442,0.066303,8.6179
2.4004,2.0653,0.082091,-0.057503,0.066411,8.6101
2.4005,2.0652,0.082094,-0.057567,0.066519,8.6271
2.4005,2.0652,0.082098,-0.05763,0.066628,8.6352
2.4006,2.0652,0.082101,-0.057696,0.06674,8.6267
2.4006,2.0652,0.082105,-0.057761,0.066852,8.6236
2.4007,2.0652,0.082108,-0.057824,0.066959,8.6348
2.4007,2.0652,0.082112,-0.057881,0.067061,8.6238
2.4008,2.0652,0.082115,-0.057947,0.067154,8.6236
2.4008,2.0652,0.082119,-0.058016,0.067245,8.6306
2.4009,2.0652,0.082123,-0.058085,0.067332,8.629
2.4009,2.0652,0.082126,-0.058154,0.067422,8.6232
2.401,2.0652,0.08213,-0.058225,0.067516,8.6332
2.4011,2.0652,0.082133,-0.058296,0.067612,8.6382
2.4011,2.0652,0.082137,-0.058367,0.067712,8.6321
2.4012,2.0652,0.08214,-0.058437,0.067817,8.6339
2.4012,2.0652,0.082144,-0.058509,0.067922,8.6354
2.4013,2.0652,0.082147,-0.058583,0.068028,8.6247
2.4013,2.0652,0.082151,-0.058657,0.068128,8.629
2.4014,2.0652,0.082155,-0.058732,0.068226,8.6318
2.4014,2.0652,0.082158,-0.058804,0.068315,8.6274
2.4015,2.0652,0.082162,-0.058885,0.068399,8.6261
2.4015,2.0652,0.082165,-0.058967,0.068481,8.6415
2.4016,2.0652,0.082169,-0.059056,0.068564,8.641
2.4016,2.0652,0.082173,-0.059157,0.068647,8.6355
2.4017,2.0652,0.082176,-0.059264,0.068727,8.6478
2.4017,2.0652,0.08218,-0.059387,0.06881,8.6449
2.4018,2.0652,0.082184,-0.059526,0.068896,8.6381
2.4018,2.0652,0.082187,-0.059665,0.068983,8.6388
2.4019,2.0652,0.082191,-0.059791,0.06907,8.6485
2.4019,2.0652,0.082194,-0.059913,0.069157,8.6408
2.402,2.0652,0.082198,-0.060023,0.069242,8.6494
2.4021,2.0652,0.082202,-0.060129,0.069324,8.6566
2.4021,2.0652,0.082205,-0.060226,0.069401,8.6478
2.4022,2.0652,0.082209,-0.060319,0.06948,8.6516
2.4022,2.0651,0.082213,-0.060414,0.069559,8.6617
2.4023,2.0651,0.082216,-0.0605,0.069637,8.6518
2.4023,2.0651,0.08222,-0.060573,0.069715,8.649
2.4024,2.0651,0.082224,-0.06066,0.069793,8.6538
2.4024,2.0651,0.082227,-0.060748,0.06987,8.6531
2.4025,2.0651,0.082231,-0.060851,0.069946,8.6442
2.4025,2.0651,0.082235,-0.060965,0.070021,8.651
2.4026,2.0651,0.082238,-0.061069,0.070096,8.6568
2.4026,2.0651,0.082242,-0.06118,0.070169,8.6525
2.4027,2.0651,0.082246,-0.0613,0.070242,8.6547
2.4027,2.0651,0.08225,-0.061431,0.070313,8.6604
2.4028,2.0651,0.082253,-0.061577,0.070384,8.6481
2.4028,2.0651,0.082257,-0.061731,0.070454,8.6469
2.4029,2.0651,0.082261,-0.061898,0.070523,8.6457
2.4029,2.0651,0.082264,-0.062063,0.070591,8.6396
2.403,2.0651,0.082268,-0.0622,0.070659,8.6378
2.4031,2.0651,0.082272,-0.062321,0.070725,8.6464
2.4031,2.0651,0.082276,-0.062434,0.070791,8.6438
2.4032,2.0651,0.082279,-0.062547,0.070855,8.6312
2.4032,2.0651,0.082283,-0.062653,0.070919,8.6441
2.4033,2.0651,0.082287,-0.062766,0.070981,8.6337
2.4033,2.0651,0.08229,-0.062895,0.071042,8.6234
2.4034,2.0651,0.082294,-0.06302,0.071101,8.6259
2.4034,2.0651,0.082298,-0.063132,0.07116,8.6259
2.4035,2.0651,0.082302,-0.063238,0.071216,8.6106
2.4035,2.0651,0.082305,-0.063336,0.071272,8.6177
2.4036,2.0651,0.082309,-0.063426,0.071326,8.6153
2.4036,2.0651,0.082313,-0.063494,0.071379,8.6174
2.4037,2.0651,0.082317,-0.063553,0.07143,8.6152
2.4037,2.0651,0.08232,-0.063608,0.07148,8.6224
2.4038,2.065,0.082324,-0.063655,0.071528,8.6121
2.4038,2.065,0.082328,-0.063688,0.071576,8.6037
2.4039,2.065,0.082332,-0.063729,0.071622,8.6077
2.4039,2.065,0.082336,-0.063772,0.071667,8.5988
2.404,2.065,0.082339,-0.063825,0.07171,8.5916
2.4041,2.065,0.082343,-0.06389,0.071753,8.607
2.4041,2.065,0.082347,-0.063965,0.071794,8.6049
2.4042,2.065,0.082351,-0.064045,0.071833,8.6028
2.4042,2.065,0.082354,-0.064128,0.07187,8.6132
2.4043,2.065,0.082358,-0.064201,0.071906,8.6084
2.4043,2.065,0.082362,-0.064276,0.07194,8.5989
2.4044,2.065,0.082366,-0.064343,0.071972,8.6
2.4044,2.065,0.08237,-0.06441,0.072002,8.6059
2.4045,2.065,0.082373,-0.064465,0.072031,8.5996
2.4045,2.065,0.082377,-0.064504,0.072058,8.5916
2.4046,2.065,0.082381,-0.064532,0.072084,8.604
2.4046,2.065,0.082385,-0.064553,0.072105,8.6042
2.4047,2.065,0.082389,-0.064577,0.07213,8.6007
2.4047,2.065,0.082392,-0.064609,0.072155,8.6167
2.4048,2.065,0.082396,-0.064656,0.072182,8.6171
2.4048,2.065,0.0824,-0.064717,0.072208,8.6152
2.4049,2.065,0.082404,-0.064781,0.072229,8.6168
2.4049,2.065,0.082408,-0.064846,0.07225,8.6164
2.405,2.065,0.082411,-0.064911,0.07227,8.6076
2.4051,2.065,0.082415,-0.064973,0.072291,8.6175
2.4051,2.065,0.082419,-0.065033,0.072322,8.622
2.4052,2.065,0.082423,-0.065091,0.072357,8.6161
2.4052,2.065,0.082427,-0.065148,0.072391,8.6205
2.4053,2.065,0.08243,-0.065201,0.072418,8.6308
2.4053,2.065,0.082434,-0.065251,0.072438,8.6164
2.4054,2.0649,0.082438,-0.065299,0.072451,8.6084
2.4054,2.0649,0.082442,-0.065345,0.072461,8.618
2.4055,2.0649,0.082446,-0.06539,0.072476,8.618
2.4055,2.0649,0.082449,-0.065435,0.072495,8.611
2.4056,2.0649,0.082453,-0.065476,0.072513,8.6192
2.4056,2.0649,0.082457,-0.065515,0.072528,8.6154
2.4057,2.0649,0.082461,-0.065549,0.072535,8.6108
2.4057,2.0649,0.082465,-0.065577,0.072539,8.6204
2.4058,2.0649,0.082469,-0.0656,0.072535,8.6254
2.4058,2.0649,0.082472,-0.065614,0.072526,8.6152
2.4059,2.0649,0.082476,-0.065626,0.072519,8.6178
2.4059,2.0649,0.08248,-0.065639,0.072507,8.6279
2.406,2.0649,0.082484,-0.065652,0.072494,8.6245
2.4061,2.0649,0.082488,-0.06567,0.072484,8.6304
2.4061,2.0649,0.082491,-0.065688,0.072481,8.6398
2.4062,2.0649,0.082495,-0.065715,0.072479,8.6427
2.4062,2.0649,0.082499,-0.065748,0.072479,8.6458
2.4063,2.0649,0.082503,-0.065778,0.072483,8.6581
2.4063,2.0649,0.082507,-0.06581,0.072486,8.6577
2.4064,2.0649,0.082511,-0.06584,0.072483,8.656
2.4064,2.0649,0.082514,-0.065863,0.072473,8.6628
2.4065,2.0649,0.082518,-0.065883,0.072459,8.6618
2.4065,2.0649,0.082522,-0.065895,0.072441,8.6507
2.4066,2.0649,0.082526,-0.065903,0.072415,8.6596
2.4066,2.0649,0.08253,-0.065903,0.072383,8.6638
2.4067,2.0649,0.082533,-0.065893,0.072353,8.6584
2.4067,2.0649,0.082537,-0.065878,0.072327,8.6599
2.4068,2.0649,0.082541,-0.065861,0.072307,8.6757
2.4068,2.0649,0.082545,-0.065843,0.072294,8.6643
2.4069,2.0648,0.082549,-0.065828,0.072284,8.6586
2.4069,2.0648,0.082552,-0.065809,0.072278,8.664
2.407,2.0648,0.082556,-0.065787,0.072271,8.6569
2.4071,2.0648,0.08256,-0.065757,0.072253,8.6439
2.4071,2.0648,0.082564,-0.065712,0.072233,8.6575
2.4072,2.0648,0.082568,-0.06566,0.072211,8.6661
2.4072,2.0648,0.082571,-0.065605,0.072183,8.6607
2.4073,2.0648,0.082575,-0.06555,0.072157,8.6688
2.4073,2.0648,0.082579,-0.065496,0.072131,8.6774
2.4074,2.0648,0.082583,-0.065443,0.072108,8.6694
2.4074,2.0648,0.082587,-0.065397,0.072086,8.6747
2.4075,2.0648,0.08259,-0.065359,0.072063,8.6762
2.4075,2.0648,0.082594,-0.065322,0.072048,8.6695
2.4076,2.0648,0.082598,-0.065288,0.072034,8.6714
2.4076,2.0648,0.082602,-0.065253,0.072021,8.6786
2.4077,2.0648,0.082606,-0.065217,0.072011,8.6757
2.4077,2.0648,0.082609,-0.065175,0.072006,8.6735
2.4078,2.0648,0.082613,-0.065127,0.072,8.6857
2.4078,2.0648,0.082617,-0.065076,0.071996,8.6779
2.4079,2.0648,0.082621,-0.065027,0.071993,8.6749
2.4079,2.0648,0.082625,-0.064977,0.071992,8.6823
2.408,2.0648,0.082628,-0.064921,0.071994,8.6753
2.4081,2.0648,0.082632,-0.06487,0.071997,8.6618
2.4081,2.0648,0.082636,-0.064826,0.071994,8.6714
2.4082,2.0648,0.08264,-0.064787,0.07199,8.6695
2.4082,2.0648,0.082643,-0.064755,0.071984,8.6628
2.4083,2.0648,0.082647,-0.064726,0.071976,8.6662
2.4083,2.0648,0.082651,-0.064698,0.071962,8.6782
2.4084,2.0648,0.082655,-0.064669,0.071946,8.6654
2.4084,2.0647,0.082659,-0.06463,0.071925,8.6584
2.4085,2.0647,0.082662,-0.064599,0.071901,8.6707
2.4085,2.0647,0.082666,-0.06457,0.071866,8.6655
2.4086,2.0647,0.08267,-0.064547,0.071834,8.6536
2.4086,2.0647,0.082674,-0.06452,0.071807,8.6686
2.4087,2.0647,0.082678,-0.064487,0.071784,8.6694
2.4087,2.0647,0.082681,-0.064439,0.071766,8.6612
2.4088,2.0647,0.082685,-0.064383,0.071757,8.6729
2.4088,2.0647,0.082689,-0.064319,0.071749,8.6783
2.4089,2.0647,0.082693,-0.064257,0.071743,8.6676
2.4089,2.0647,0.082696,-0.0642,0.071732,8.6729
2.409,2.0647,0.0827,-0.064139,0.071723,8.6763
2.4091,2.0647,0.082704,-0.064077,0.071709,8.6688
2.4091,2.0647,0.082708,-0.06404,0.071689,8.6678
2.4092,2.0647,0.082712,-0.064013,0.07167,8.673
2.4092,2.0647,0.082715,-0.063997,0.07165,8.6637
2.4093,2.0647,0.082719,-0.063993,0.071632,8.6637
2.4093,2.0647,0.082723,-0.063994,0.071616,8.6781
2.4094,2.0647,0.082727,-0.063992,0.071603,8.6691
2.4094,2.0647,0.08273,-0.063971,0.071595,8.6639
2.4095,2.0647,0.082734,-0.063942,0.071585,8.6734
2.4095,2.0647,0.082738,-0.063917,0.071576,8.673
2.4096,2.0647,0.082742,-0.063881,0.071568,8.6634
2.4096,2.0647,0.082745,-0.063831,0.07156,8.6632
2.4097,2.0647,0.082749,-0.063772,0.071553,8.6743
2.4097,2.0647,0.082753,-0.063716,0.071547,8.6635
2.4098,2.0647,0.082757,-0.063678,0.071542,8.6647
2.4098,2.0647,0.08276,-0.063649,0.071537,8.6758
2.4099,2.0647,0.082764,-0.063637,0.071533,8.6658
2.4099,2.0647,0.082768,-0.063627,0.071531,8.6698
2.41,2.0646,0.082772,-0.06362,0.071529,8.6741
2.4101,2.0646,0.082776,-0.063616,0.071529,8.6691
2.4101,2.0646,0.082779,-0.063613,0.07153,8.6593
2.4102,2.0646,0.082783,-0.063618,0.071531,8.6709
2.4102,2.0646,0.082787,-0.063642,0.071534,8.6683
2.4103,2.0646,0.082791,-0.063673,0.071538,8.665
2.4103,2.0646,0.082794,-0.0637,0.071543,8.6795
2.4104,2.0646,0.082798,-0.063723,0.071549,8.6851
2.4104,2.0646,0.082802,-0.063738,0.071556,8.669
2.4105,2.0646,0.082806,-0.06375,0.071565,8.6762
2.4105,2.0646,0.082809,-0.063757,0.071574,8.673
2.4106,2.0646,0.082813,-0.063768,0.071584,8.6663
2.4106,2.0646,0.082817,-0.063785,0.071596,8.6638
2.4107,2.0646,0.082821,-0.0638,0.071608,8.6776
2.4107,2.0646,0.082825,-0.063802,0.071622,8.6695
2.4108,2.0646,0.082828,-0.063813,0.071637,8.6686
2.4108,2.0646,0.082832,-0.063826,0.071653,8.6754
2.4109,2.0646,0.082836,-0.063839,0.07167,8.6695
2.4109,2.0646,0.08284,-0.063864,0.071689,8.6588
2.411,2.0646,0.082843,-0.063905,0.071708,8.6645
2.4111,2.0646,0.082847,-0.063952,0.071728,8.6653
2.4111,2.0646,0.082851,-0.063997,0.071749,8.648
2.4112,2.0646,0.082855,-0.064042,0.071771,8.6518
2.4112,2.0646,0.082858,-0.064091,0.071794,8.6575
2.4113,2.0646,0.082862,-0.064141,0.071818,8.6483
2.4113,2.0646,0.082866,-0.064192,0.071844,8.6494
2.4114,2.0646,0.08287,-0.064252,0.07187,8.6657
2.4114,2.0646,0.082874,-0.064311,0.071897,8.6594
2.4115,2.0646,0.082877,-0.064375,0.071926,8.6567
2.4115,2.0645,0.082881,-0.064438,0.071956,8.6648
2.4116,2.0645,0.082885,-0.064491,0.071986,8.6583
2.4116,2.0645,0.082889,-0.064537,0.072018,8.6569
2.4117,2.0645,0.082893,-0.064575,0.07205,8.6784
2.4117,2.0645,0.082896,-0.064601,0.072084,8.6771
2.4118,2.0645,0.0829,-0.064625,0.072118,8.6779
2.4118,2.0645,0.082904,-0.064659,0.072153,8.6869
2.4119,2.0645,0.082908,-0.064707,0.072189,8.6977
2.4119,2.0645,0.082912,-0.064775,0.072226,8.688
2.412,2.0645,0.082915,-0.064839,0.072263,8.6936
2.4121,2.0645,0.082919,-0.064922,0.072301,8.6979
2.4121,2.0645,0.082923,-0.065023,0.072339,8.6807
2.4122,2.0645,0.082927,-0.065117,0.072378,8.6848
2.4122,2.0645,0.082931,-0.065211,0.072417,8.6931
2.4123,2.0645,0.082934,-0.065308,0.072456,8.6832
2.4123,2.0645,0.082938,-0.065394,0.072495,8.6903
2.4124,2.0645,0.082942,-0.065475,0.072535,8.699
2.4124,2.0645,0.082946,-0.065533,0.072575,8.7008
2.4125,2.0645,0.08295,-0.065594,0.072614,8.691
2.4125,2.0645,0.082953,-0.06566,0.072654,8.699
2.4126,2.0645,0.082957,-0.065719,0.072695,8.6924
2.4126,2.0645,0.082961,-0.065779,0.072735,8.6863
2.4127,2.0645,0.082965,-0.06584,0.072776,8.6926
2.4127,2.0645,0.082969,-0.065899,0.072816,8.7008
2.4128,2.0645,0.082973,-0.065958,0.072857,8.6863
2.4128,2.0645,0.082976,-0.066017,0.072898,8.6972
2.4129,2.0645,0.08298,-0.066074,0.072939,8.7083
2.4129,2.0645,0.082984,-0.066131,0.072979,8.6983
2.413,2.0645,0.082988,-0.066188,0.07302,8.7011
2.4131,2.0644,0.082992,-0.066244,0.07306,8.7104
2.4131,2.0644,0.082996,-0.066301,0.073101,8.7048
2.4132,2.0644,0.083,-0.066359,0.073141,8.7017
2.4132,2.0644,0.083003,-0.066416,0.073182,8.7028
2.4133,2.0644,0.083007,-0.066471,0.073222,8.6972
2.4133,2.0644,0.083011,-0.066525,0.073263,8.691
2.4134,2.0644,0.083015,-0.066576,0.073303,8.7079
2.4134,2.0644,0.083019,-0.066626,0.073343,8.7091
2.4135,2.0644,0.083023,-0.066674,0.073384,8.7042
2.4135,2.0644,0.083027,-0.066721,0.073424,8.708
2.4136,2.0644,0.08303,-0.06677,0.073464,8.6989
2.4136,2.0644,0.083034,-0.066819,0.073503,8.687
2.4137,2.0644,0.083038,-0.066868,0.073543,8.6871
2.4137,2.0644,0.083042,-0.066918,0.073583,8.6968
2.4138,2.0644,0.083046,-0.066971,0.073622,8.6831
2.4138,2.0644,0.08305,-0.067023,0.07366,8.6824
2.4139,2.0644,0.083054,-0.067075,0.073698,8.687
2.4139,2.0644,0.083058,-0.067126,0.073735,8.6823
2.414,2.0644,0.083061,-0.067175,0.073771,8.6769
2.4141,2.0644,0.083065,-0.06722,0.073807,8.6869
2.4141,2.0644,0.083069,-0.06726,0.073842,8.677
2.4142,2.0644,0.083073,-0.067296,0.073876,8.6624
2.4142,2.0644,0.083077,-0.067329,0.07391,8.6719
2.4143,2.0644,0.083081,-0.067361,0.073943,8.6753
2.4143,2.0644,0.083085,-0.067393,0.073976,8.6647
2.4144,2.0644,0.083089,-0.067426,0.074009,8.6684
2.4144,2.0644,0.083093,-0.067459,0.074042,8.6768
2.4145,2.0644,0.083096,-0.067491,0.074073,8.6692
2.4145,2.0644,0.0831,-0.067521,0.074105,8.6619
2.4146,2.0643,0.083104,-0.067549,0.074135,8.6697
2.4146,2.0643,0.083108,-0.067574,0.074165,8.661
2.4147,2.0643,0.083112,-0.067597,0.074194,8.6577
2.4147,2.0643,0.083116,-0.06762,0.074221,8.6671
2.4148,2.0643,0.08312,-0.067641,0.074248,8.6655
2.4148,2.0643,0.083124,-0.067661,0.074274,8.6505
2.4149,2.0643,0.083128,-0.06768,0.074299,8.6587
2.4149,2.0643,0.083132,-0.067698,0.074323,8.6598
2.415,2.0643,0.083136,-0.067713,0.074346,8.6537
2.4151,2.0643,0.083139,-0.067729,0.074367,8.6532
2.4151,2.0643,0.083143,-0.067747,0.07439,8.659
2.4152,2.0643,0.083147,-0.067761,0.074415,8.6429
2.4152,2.0643,0.083151,-0.067773,0.074442,8.6401
2.4153,2.0643,0.083155,-0.067784,0.074468,8.6417
2.4153,2.0643,0.083159,-0.067797,0.07449,8.6276
2.4154,2.0643,0.083163,-0.067814,0.074513,8.6306
2.4154,2.0643,0.083167,-0.067831,0.074536,8.6353
2.4155,2.0643,0.083171,-0.067848,0.074555,8.6372
2.4155,2.0643,0.083175,-0.067862,0.074574,8.6342
2.4156,2.0643,0.083179,-0.067865,0.074596,8.6458
2.4156,2.0643,0.083183,-0.067862,0.074617,8.6375
2.4157,2.0643,0.083187,-0.067853,0.074635,8.6329
2.4157,2.0643,0.08319,-0.06784,0.074649,8.6321
2.4158,2.0643,0.083194,-0.067827,0.074664,8.6425
2.4158,2.0643,0.083198,-0.067814,0.074675,8.6284
2.4159,2.0643,0.083202,-0.067804,0.074683,8.6297
2.4159,2.0643,0.083206,-0.067802,0.074686,8.6465
2.416,2.0643,0.08321,-0.067804,0.07469,8.6415
2.4161,2.0642,0.083214,-0.067812,0.074694,8.6379
2.4161,2.0642,0.083218,-0.067822,0.074696,8.649
2.4162,2.0642,0.083222,-0.067829,0.074698,8.6446
2.4162,2.0642,0.083226,-0.067834,0.074699,8.6367
2.4163,2.0642,0.08323,-0.067831,0.074697,8.6383
2.4163,2.0642,0.083234,-0.067825,0.074698,8.6344
2.4164,2.0642,0.083238,-0.067817,0.074698,8.6258
2.4164,2.0642,0.083242,-0.067808,0.074702,8.6341
2.4165,2.0642,0.083245,-0.067801,0.074708,8.634
2.4165,2.0642,0.083249,-0.067793,0.074714,8.6333
2.4166,2.0642,0.083253,-0.06778,0.074717,8.6344
2.4166,2.0642,0.083257,-0.067763,0.074715,8.6321
2.4167,2.0642,0.083261,-0.06774,0.074704,8.6244
2.4167,2.0642,0.083265,-0.067715,0.074693,8.6262
2.4168,2.0642,0.083269,-0.067693,0.074682,8.6322
2.4168,2.0642,0.083273,-0.067672,0.074678,8.6209
2.4169,2.0642,0.083277,-0.067651,0.074681,8.6205
2.4169,2.0642,0.083281,-0.067633,0.074687,8.6268
2.417,2.0642,0.083285,-0.067616,0.074689,8.6275
2.4171,2.0642,0.083289,-0.067604,0.07469,8.6243
2.4171,2.0642,0.083293,-0.067599,0.07468,8.6394
2.4172,2.0642,0.083297,-0.067602,0.074668,8.6305
2.4172,2.0642,0.083301,-0.067614,0.074658,8.6231
2.4173,2.0642,0.083304,-0.067622,0.074649,8.6294
2.4173,2.0642,0.083308,-0.067627,0.074643,8.6247
2.4174,2.0642,0.083312,-0.067631,0.07463,8.6164
2.4174,2.0642,0.083316,-0.067635,0.074612,8.6279
2.4175,2.0642,0.08332,-0.067638,0.074599,8.6333
2.4175,2.0641,0.083324,-0.067639,0.074582,8.6251
2.4176,2.0641,0.083328,-0.067641,0.074563,8.6295
2.4176,2.0641,0.083332,-0.067644,0.07455,8.6465
2.4177,2.0641,0.083336,-0.067645,0.074534,8.6362
2.4177,2.0641,0.08334,-0.067645,0.074516,8.6324
2.4178,2.0641,0.083344,-0.067644,0.074497,8.633
2.4178,2.0641,0.083348,-0.067645,0.07448,8.6357
2.4179,2.0641,0.083352,-0.067644,0.074471,8.6237
2.4179,2.0641,0.083355,-0.067648,0.074463,8.6362
2.418,2.0641,0.083359,-0.067643,0.074455,8.633
2.4181,2.0641,0.083363,-0.067632,0.074451,8.6267
2.4181,2.0641,0.083367,-0.067615,0.074442,8.6388
2.4182,2.0641,0.083371,-0.067598,0.074433,8.6475
2.4182,2.0641,0.083375,-0.06758,0.074423,8.6331
2.4183,2.0641,0.083379,-0.067566,0.074412,8.6342
2.4183,2.0641,0.083383,-0.067554,0.0744,8.6374
2.4184,2.0641,0.083387,-0.067555,0.074388,8.6349
2.4184,2.0641,0.083391,-0.067544,0.074374,8.6329
2.4185,2.0641,0.083395,-0.067526,0.07436,8.6431
2.4185,2.0641,0.083399,-0.067499,0.074345,8.6431
2.4186,2.0641,0.083402,-0.067468,0.07433,8.6358
2.4186,2.0641,0.083406,-0.067436,0.074314,8.6496
2.4187,2.0641,0.08341,-0.067412,0.074299,8.649
2.4187,2.0641,0.083414,-0.067389,0.07428,8.6438
2.4188,2.0641,0.083418,-0.067382,0.074258,8.6546
2.4188,2.0641,0.083422,-0.067378,0.074235,8.6561
2.4189,2.0641,0.083426,-0.067377,0.07421,8.6433
2.4189,2.0641,0.08343,-0.067387,0.074186,8.6522
2.419,2.064,0.083434,-0.067395,0.074164,8.6606
2.4191,2.064,0.083438,-0.067391,0.074145,8.6571
2.4191,2.064,0.083441,-0.06739,0.074129,8.6568
2.4192,2.064,0.083445,-0.067382,0.07411,8.6654
2.4192,2.064,0.083449,-0.067357,0.074091,8.657
2.4193,2.064,0.083453,-0.067328,0.074071,8.6521
2.4193,2.064,0.083457,-0.067294,0.074051,8.6568
2.4194,2.064,0.083461,-0.067261,0.07403,8.6527
2.4194,2.064,0.083465,-0.067221,0.07401,8.6414
2.4195,2.064,0.083469,-0.067185,0.073989,8.6514
2.4195,2.064,0.083473,-0.067168,0.073967,8.6483
2.4196,2.064,0.083477,-0.067162,0.073945,8.6456
2.4196,2.064,0.08348,-0.067152,0.073924,8.6582
2.4197,2.064,0.083484,-0.067143,0.073901,8.6638
2.4197,2.064,0.083488,-0.067126,0.073879,8.6519
2.4198,2.064,0.083492,-0.067099,0.073856,8.6556
2.4198,2.064,0.083496,-0.067073,0.073833,8.649
2.4199,2.064,0.0835,-0.067043,0.07381,8.6395
2.4199,2.064,0.083504,-0.067024,0.073787,8.6283
2.42,2.064,0.083508,-0.067015,0.073764,8.6366
2.4201,2.064,0.083512,-0.066996,0.073742,8.6313
2.4201,2.064,0.083515,-0.066968,0.073717,8.6278
2.4202,2.064,0.083519,-0.06693,0.073689,8.6322
2.4202,2.064,0.083523,-0.066884,0.073659,8.6317
2.4203,2.064,0.083527,-0.066845,0.07363,8.6219
2.4203,2.064,0.083531,-0.066799,0.073601,8.6275
2.4204,2.064,0.083535,-0.066768,0.073573,8.6207
2.4204,2.064,0.083539,-0.066745,0.073549,8.6128
2.4205,2.0639,0.083543,-0.066717,0.073529,8.6132
2.4205,2.0639,0.083546,-0.066683,0.073509,8.6214
2.4206,2.0639,0.08355,-0.066639,0.073486,8.61
2.4206,2.0639,0.083554,-0.06661,0.073457,8.6107
2.4207,2.0639,0.083558,-0.066603,0.073424,8.6169
2.4207,2.0639,0.083562,-0.066603,0.073389,8.6078
2.4208,2.0639,0.083566,-0.066607,0.073356,8.5971
2.4208,2.0639,0.08357,-0.066613,0.073322,8.6015
2.4209,2.0639,0.083573,-0.066603,0.073293,8.6019
2.4209,2.0639,0.083577,-0.066587,0.073265,8.5885
2.421,2.0639,0.083581,-0.066567,0.073235,8.5994
2.4211,2.0639,0.083585,-0.066557,0.073203,8.6008
2.4211,2.0639,0.083589,-0.066555,0.073172,8.5979
2.4212,2.0639,0.083593,-0.066576,0.073146,8.6105
2.4212,2.0639,0.083597,-0.066616,0.073125,8.624
2.4213,2.0639,0.0836,-0.066674,0.073105,8.6128
2.4213,2.0639,0.083604,-0.066741,0.073089,8.6173
2.4214,2.0639,0.083608,-0.066821,0.073071,8.6215
2.4214,2.0639,0.083612,-0.066896,0.073052,8.6124
2.4215,2.0639,0.083616,-0.066956,0.073034,8.6103
2.4215,2.0639,0.08362,-0.067009,0.073015,8.6223
2.4216,2.0639,0.083623,-0.067069,0.072997,8.6231
2.4216,2.0639,0.083627,-0.067114,0.072978,8.6249
2.4217,2.0639,0.083631,-0.067163,0.07296,8.6358
2.4217,2.0639,0.083635,-0.067221,0.072941,8.6338
2.4218,2.0639,0.083639,-0.067279,0.072922,8.6267
2.4218,2.0639,0.083643,-0.067343,0.072903,8.6248
2.4219,2.0639,0.083646,-0.067395,0.072884,8.6308
2.4219,2.0639,0.08365,-0.067449,0.072865,8.6232
2.422,2.0638,0.083654,-0.067488,0.072846,8.6265
2.4221,2.0638,0.083658,-0.067501,0.072827,8.6358
2.4221,2.0638,0.083662,-0.067517,0.072808,8.6254
2.4222,2.0638,0.083666,-0.067542,0.072789,8.626
2.4222,2.0638,0.083669,-0.067578,0.07277,8.6382
2.4223,2.0638,0.083673,-0.067624,0.072752,8.6305
2.4223,2.0638,0.083677,-0.067666,0.072734,8.6273
2.4224,2.0638,0.083681,-0.067714,0.072716,8.6308
2.4224,2.0638,0.083685,-0.067757,0.072698,8.6228
2.4225,2.0638,0.083689,-0.067796,0.072681,8.6171
2.4225,2.0638,0.083692,-0.067831,0.072663,8.6288
2.4226,2.0638,0.083696,-0.067873,0.072646,8.6284
2.4226,2.0638,0.0837,-0.067915,0.07263,8.6214
2.4227,2.0638,0.083704,-0.067957,0.072613,8.641
2.4227,2.0638,0.083708,-0.067994,0.072597,8.6528
2.4228,2.0638,0.083712,-0.068025,0.072581,8.6432
2.4228,2.0638,0.083715,-0.068055,0.072565,8.6492
2.4229,2.0638,0.083719,-0.068082,0.07255,8.6503
2.4229,2.0638,0.083723,-0.068102,0.072535,8.6514
2.423,2.0638,0.083727,-0.068125,0.07252,8.6528
2.4231,2.0638,0.083731,-0.068144,0.072506,8.66
2.4231,2.0638,0.083734,-0.068162,0.072491,8.6495
2.4232,2.0638,0.083738,-0.068178,0.072477,8.6488
2.4232,2.0638,0.083742,-0.068194,0.072463,8.661
2.4233,2.0638,0.083746,-0.06821,0.072449,8.6644
2.4233,2.0638,0.08375,-0.068227,0.072435,8.6534
2.4234,2.0638,0.083754,-0.068245,0.072422,8.659
2.4234,2.0638,0.083757,-0.068263,0.072409,8.6627
2.4235,2.0637,0.083761,-0.06827,0.072396,8.6509
2.4235,2.0637,0.083765,-0.068278,0.072382,8.6524
2.4236,2.0637,0.083769,-0.068279,0.072369,8.6622
2.4236,2.0637,0.083773,-0.068278,0.072356,8.6527
2.4237,2.0637,0.083776,-0.068278,0.072342,8.6596
2.4237,2.0637,0.08378,-0.068277,0.072328,8.6685
2.4238,2.0637,0.083784,-0.068279,0.072314,8.6598
2.4238,2.0637,0.083788,-0.068273,0.0723,8.6548
2.4239,2.0637,0.083792,-0.068266,0.072285,8.665
2.4239,2.0637,0.083795,-0.06826,0.072271,8.6617
2.424,2.0637,0.083799,-0.068251,0.072257,8.6508
2.4241,2.0637,0.083803,-0.068245,0.072243,8.6622
2.4241,2.0637,0.083807,-0.068245,0.072229,8.6636
2.4242,2.0637,0.083811,-0.068245,0.072214,8.6648
2.4242,2.0637,0.083814,-0.068249,0.0722,8.6764
2.4243,2.0637,0.083818,-0.068251,0.072186,8.6754
2.4243,2.0637,0.083822,-0.068258,0.072172,8.6726
2.4244,2.0637,0.083826,-0.068261,0.072158,8.6808
2.4244,2.0637,0.08383,-0.068264,0.072143,8.6866
2.4245,2.0637,0.083833,-0.068266,0.072129,8.6776
2.4245,2.0637,0.083837,-0.068267,0.072114,8.6818
2.4246,2.0637,0.083841,-0.068267,0.0721,8.6863
2.4246,2.0637,0.083845,-0.068267,0.072086,8.6791
2.4247,2.0637,0.083849,-0.068266,0.072072,8.6807
2.4247,2.0637,0.083852,-0.068264,0.072058,8.7043
2.4248,2.0637,0.083856,-0.068261,0.072044,8.6993
2.4248,2.0637,0.08386,-0.068258,0.072031,8.6906
2.4249,2.0637,0.083864,-0.068253,0.072018,8.695
2.4249,2.0636,0.083868,-0.068251,0.072005,8.6925
2.425,2.0636,0.083871,-0.068244,0.071995,8.6874
2.4251,2.0636,0.083875,-0.06823,0.071981,8.6852
2.4251,2.0636,0.083879,-0.068218,0.071965,8.6961
2.4252,2.0636,0.083883,-0.068207,0.071947,8.6779
2.4252,2.0636,0.083886,-0.068196,0.071929,8.682
2.4253,2.0636,0.08389,-0.068187,0.071913,8.6974
2.4253,2.0636,0.083894,-0.068175,0.071895,8.6837
2.4254,2.0636,0.083898,-0.068166,0.071876,8.6854
2.4254,2.0636,0.083902,-0.068153,0.07186,8.6869
2.4255,2.0636,0.083905,-0.06814,0.071844,8.6827
2.4255,2.0636,0.083909,-0.068138,0.071823,8.6801
2.4256,2.0636,0.083913,-0.068141,0.071801,8.6797
2.4256,2.0636,0.083917,-0.068149,0.071779,8.683
2.4257,2.0636,0.083921,-0.068159,0.071761,8.6701
2.4257,2.0636,0.083924,-0.068169,0.071741,8.6764
2.4258,2.0636,0.083928,-0.068175,0.071722,8.6842
2.4258,2.0636,0.083932,-0.068177,0.071706,8.6758
2.4259,2.0636,0.083936,-0.068171,0.071695,8.6837
2.4259,2.0636,0.083939,-0.06816,0.071681,8.6808
2.426,2.0636,0.083943,-0.068141,0.071667,8.673
2.4261,2.0636,0.083947,-0.068119,0.071653,8.6741
2.4261,2.0636,0.083951,-0.068096,0.071639,8.6857
2.4262,2.0636,0.083954,-0.068074,0.071626,8.6712
2.4262,2.0636,0.083958,-0.068054,0.071616,8.6632
2.4263,2.0636,0.083962,-0.068038,0.0716,8.6811
2.4263,2.0636,0.083966,-0.068021,0.071589,8.6769
2.4264,2.0635,0.08397,-0.068003,0.071574,8.67
2.4264,2.0635,0.083973,-0.067981,0.071559,8.6743
2.4265,2.0635,0.083977,-0.067958,0.071551,8.6702
2.4265,2.0635,0.083981,-0.067938,0.071545,8.6626
2.4266,2.0635,0.083985,-0.067919,0.071547,8.6628
2.4266,2.0635,0.083988,-0.067905,0.071557,8.6655
2.4267,2.0635,0.083992,-0.06789,0.071561,8.6472
2.4267,2.0635,0.083996,-0.067872,0.071564,8.6499
2.4268,2.0635,0.084,-0.067856,0.071551,8.6639
2.4268,2.0635,0.084003,-0.067838,0.071525,8.6627
2.4269,2.0635,0.084007,-0.06782,0.071495,8.6619
2.4269,2.0635,0.084011,-0.067803,0.071468,8.6673
2.427,2.0635,0.084015,-0.067785,0.07145,8.6559
2.4271,2.0635,0.084018,-0.067761,0.071447,8.6463
2.4271,2.0635,0.084022,-0.06773,0.071454,8.6609
2.4272,2.0635,0.084026,-0.067696,0.071461,8.6624
2.4272,2.0635,0.08403,-0.067664,0.071462,8.6521
2.4273,2.0635,0.084034,-0.067632,0.071451,8.6626
2.4273,2.0635,0.084037,-0.0676,0.071438,8.6737
2.4274,2.0635,0.084041,-0.067567,0.071425,8.6659
2.4274,2.0635,0.084045,-0.067531,0.071403,8.6678
2.4275,2.0635,0.084049,-0.067495,0.071383,8.6682
2.4275,2.0635,0.084052,-0.067456,0.071368,8.6647
2.4276,2.0635,0.084056,-0.067414,0.071347,8.6608
2.4276,2.0635,0.08406,-0.067374,0.071329,8.6694
2.4277,2.0635,0.084064,-0.067332,0.071314,8.6628
2.4277,2.0635,0.084067,-0.06729,0.071301,8.6559
2.4278,2.0635,0.084071,-0.067245,0.071285,8.6708
2.4278,2.0634,0.084075,-0.0672,0.071262,8.6661
2.4279,2.0634,0.084079,-0.067158,0.071236,8.6574
2.4279,2.0634,0.084082,-0.067114,0.071209,8.6718
2.428,2.0634,0.084086,-0.067071,0.071179,8.6623
2.4281,2.0634,0.08409,-0.067027,0.07115,8.6565
2.4281,2.0634,0.084094,-0.066982,0.071122,8.6527
2.4282,2.0634,0.084097,-0.066937,0.071093,8.6588
2.4282,2.0634,0.084101,-0.066889,0.071064,8.6512
2.4283,2.0634,0.084105,-0.066844,0.071035,8.667
2.4283,2.0634,0.084109,-0.066793,0.071006,8.6814
2.4284,2.0634,0.084112,-0.066751,0.070977,8.6775
2.4284,2.0634,0.084116,-0.066718,0.070948,8.6804
2.4285,2.0634,0.08412,-0.066687,0.070918,8.6937
2.4285,2.0634,0.084123,-0.066666,0.070889,8.6915
2.4286,2.0634,0.084127,-0.066656,0.070859,8.6882
2.4286,2.0634,0.084131,-0.066658,0.070826,8.6966
2.4287,2.0634,0.084135,-0.066671,0.070797,8.6899
2.4287,2.0634,0.084138,-0.06668,0.070771,8.6856
2.4288,2.0634,0.084142,-0.0667,0.070746,8.6934
2.4288,2.0634,0.084146,-0.066719,0.070722,8.696
2.4289,2.0634,0.08415,-0.06673,0.070698,8.6895
2.4289,2.0634,0.084153,-0.066743,0.070672,8.6965
2.429,2.0634,0.084157,-0.066752,0.070642,8.7051
2.4291,2.0634,0.084161,-0.066753,0.070608,8.692
2.4291,2.0634,0.084164,-0.066752,0.070576,8.6965
2.4292,2.0634,0.084168,-0.066755,0.070544,8.6968
2.4292,2.0634,0.084172,-0.066754,0.070512,8.6886
2.4293,2.0634,0.084176,-0.066755,0.070479,8.6926
2.4293,2.0634,0.084179,-0.066767,0.070446,8.7003
2.4294,2.0633,0.084183,-0.066785,0.070413,8.6966
2.4294,2.0633,0.084187,-0.066795,0.070379,8.6907
2.4295,2.0633,0.08419,-0.066791,0.070345,8.6963
2.4295,2.0633,0.084194,-0.066781,0.070311,8.7022
2.4296,2.0633,0.084198,-0.066767,0.070276,8.69
2.4296,2.0633,0.084201,-0.066747,0.070241,8.6827
2.4297,2.0633,0.084205,-0.066732,0.070205,8.6919
2.4297,2.0633,0.084209,-0.066731,0.070169,8.6808
2.4298,2.0633,0.084213,-0.066724,0.070132,8.685
2.4298,2.0633,0.084216,-0.066714,0.070095,8.6983
2.4299,2.0633,0.08422,-0.066682,0.070057,8.6977
2.4299,2.0633,0.084224,-0.06663,0.070019,8.6944
2.43,2.0633,0.084227,-0.066569,0.069977,8.6987
2.4301,2.0633,0.084231,-0.066512,0.06994,8.6908
2.4301,2.0633,0.084235,-0.066462,0.069904,8.6877
2.4302,2.0633,0.084238,-0.066426,0.06987,8.6947
2.4302,2.0633,0.084242,-0.066389,0.069837,8.6925
2.4303,2.0633,0.084246,-0.066357,0.069803,8.6872
2.4303,2.0633,0.084249,-0.066314,0.069766,8.69
2.4304,2.0633,0.084253,-0.066272,0.069727,8.6959
2.4304,2.0633,0.084257,-0.066242,0.069683,8.683
2.4305,2.0633,0.08426,-0.066223,0.069639,8.6891
2.4305,2.0633,0.084264,-0.06622,0.069595,8.6941
2.4306,2.0633,0.084268,-0.066219,0.069558,8.6793
2.4306,2.0633,0.084271,-0.066212,0.069526,8.6765
2.4307,2.0633,0.084275,-0.066195,0.069496,8.6805
2.4307,2.0633,0.084279,-0.066181,0.069464,8.6782
2.4308,2.0633,0.084282,-0.066172,0.069434,8.6761
2.4308,2.0632,0.084286,-0.066175,0.0694,8.6818
2.4309,2.0632,0.08429,-0.066176,0.069365,8.678
2.4309,2.0632,0.084293,-0.066183,0.069331,8.6736
2.431,2.0632,0.084297,-0.066189,0.069302,8.679
2.4311,2.0632,0.084301,-0.066196,0.069271,8.6789
2.4311,2.0632,0.084304,-0.066182,0.069236,8.6659
2.4312,2.0632,0.084308,-0.066153,0.069196,8.6652
2.4312,2.0632,0.084311,-0.066111,0.069155,8.6651
2.4313,2.0632,0.084315,-0.066059,0.06911,8.65
2.4313,2.0632,0.084319,-0.065987,0.069066,8.6527
2.4314,2.0632,0.084322,-0.065915,0.069022,8.6665
2.4314,2.0632,0.084326,-0.065854,0.068977,8.6611
2.4315,2.0632,0.08433,-0.065802,0.068932,8.6567
2.4315,2.0632,0.084333,-0.065739,0.068886,8.6648
2.4316,2.0632,0.084337,-0.065689,0.06884,8.6633
2.4316,2.0632,0.08434,-0.065635,0.068794,8.6514
2.4317,2.0632,0.084344,-0.065578,0.068747,8.655
2.4317,2.0632,0.084348,-0.065515,0.0687,8.6523
2.4318,2.0632,0.084351,-0.065435,0.068652,8.639
2.4318,2.0632,0.084355,-0.065363,0.068604,8.6418
2.4319,2.0632,0.084359,-0.06529,0.068556,8.6442
2.4319,2.0632,0.084362,-0.065213,0.068507,8.6337
2.432,2.0632,0.084366,-0.065152,0.068457,8.642
2.4321,2.0632,0.084369,-0.065087,0.068408,8.641
2.4321,2.0632,0.084373,-0.065016,0.068358,8.6288
2.4322,2.0632,0.084377,-0.06494,0.068307,8.6306
2.4322,2.0632,0.08438,-0.064853,0.068255,8.6376
2.4323,2.0632,0.084384,-0.064773,0.068203,8.6304
2.4323,2.0632,0.084387,-0.064693,0.068151,8.6224
2.4324,2.0631,0.084391,-0.064605,0.068098,8.6362
2.4324,2.0631,0.084394,-0.064512,0.068045,8.6329
2.4325,2.0631,0.084398,-0.064423,0.067991,8.6323
2.4325,2.0631,0.084402,-0.064328,0.067937,8.6403
2.4326,2.0631,0.084405,-0.064231,0.067882,8.6377
2.4326,2.0631,0.084409,-0.064134,0.067826,8.6334
2.4327,2.0631,0.084412,-0.064041,0.06777,8.6319
2.4327,2.0631,0.084416,-0.063957,0.067714,8.6405
2.4328,2.0631,0.084419,-0.063874,0.067657,8.6282
2.4328,2.0631,0.084423,-0.063797,0.067599,8.6324
2.4329,2.0631,0.084427,-0.06373,0.06754,8.6383
2.4329,2.0631,0.08443,-0.063661,0.067481,8.6426
2.433,2.0631,0.084434,-0.063591,0.067422,8.6373
2.4331,2.0631,0.084437,-0.063516,0.067362,8.6421
2.4331,2.0631,0.084441,-0.063438,0.067301,8.6375
2.4332,2.0631,0.084444,-0.063357,0.06724,8.6308
2.4332,2.0631,0.084448,-0.06327,0.067179,8.6373
2.4333,2.0631,0.084451,-0.063179,0.067117,8.6274
2.4333,2.0631,0.084455,-0.063086,0.067055,8.6259
2.4334,2.0631,0.084458,-0.062997,0.066993,8.6288
2.4334,2.0631,0.084462,-0.062919,0.06693,8.6264
2.4335,2.0631,0.084465,-0.062838,0.066867,8.6241
2.4335,2.0631,0.084469,-0.062761,0.066805,8.6306
2.4336,2.0631,0.084473,-0.062681,0.066742,8.6286
2.4336,2.0631,0.084476,-0.062594,0.06668,8.6241
2.4337,2.0631,0.08448,-0.062508,0.066618,8.6269
2.4337,2.0631,0.084483,-0.062416,0.066557,8.6335
2.4338,2.0631,0.084487,-0.062339,0.066496,8.6243
2.4338,2.0631,0.08449,-0.062264,0.066436,8.6173
2.4339,2.0631,0.084494,-0.062186,0.066376,8.6289
2.4339,2.063,0.084497,-0.062112,0.066318,8.6347
2.434,2.063,0.0845,-0.062036,0.06626,8.6356
2.4341,2.063,0.084504,-0.061954,0.066202,8.6491
2.4341,2.063,0.084507,-0.061874,0.066144,8.6489
2.4342,2.063,0.084511,-0.061787,0.066089,8.6363
2.4342,2.063,0.084514,-0.061705,0.066039,8.6451
2.4343,2.063,0.084518,-0.061614,0.06599,8.6555
2.4343,2.063,0.084521,-0.061524,0.065943,8.6408
2.4344,2.063,0.084525,-0.061435,0.065894,8.6366
2.4344,2.063,0.084528,-0.061349,0.065845,8.6422
2.4345,2.063,0.084532,-0.061268,0.065801,8.641
2.4345,2.063,0.084535,-0.061194,0.065755,8.6411
2.4346,2.063,0.084539,-0.061127,0.065716,8.6531
2.4346,2.063,0.084542,-0.061066,0.065684,8.6429
2.4347,2.063,0.084546,-0.061014,0.065654,8.6396
2.4347,2.063,0.084549,-0.060962,0.065621,8.6439
2.4348,2.063,0.084552,-0.060901,0.065583,8.64
2.4348,2.063,0.084556,-0.060834,0.06554,8.6237
2.4349,2.063,0.084559,-0.060761,0.065497,8.6335
2.4349,2.063,0.084563,-0.060691,0.065444,8.6344
2.435,2.063,0.084566,-0.060623,0.065396,8.6285
2.4351,2.063,0.08457,-0.060563,0.065353,8.6347
2.4351,2.063,0.084573,-0.060511,0.065312,8.6467
2.4352,2.063,0.084577,-0.060458,0.065273,8.6278
2.4352,2.063,0.08458,-0.060395,0.065233,8.6336
2.4353,2.063,0.084583,-0.060331,0.065193,8.6375
2.4353,2.063,0.084587,-0.06026,0.06515,8.6318
2.4354,2.063,0.08459,-0.060195,0.065104,8.6305
2.4354,2.063,0.084594,-0.060131,0.065062,8.643
2.4355,2.063,0.084597,-0.060075,0.06502,8.6437
2.4355,2.063,0.084601,-0.060024,0.06498,8.635
2.4356,2.063,0.084604,-0.059973,0.064942,8.6495
2.4356,2.0629,0.084607,-0.059916,0.064904,8.6537
2.4357,2.0629,0.084611,-0.059865,0.064869,8.6447
2.4357,2.0629,0.084614,-0.059813,0.064834,8.6566
2.4358,2.0629,0.084618,-0.059764,0.064802,8.655
2.4358,2.0629,0.084621,-0.059715,0.064771,8.6433
2.4359,2.0629,0.084624,-0.059671,0.064742,8.648
2.4359,2.0629,0.084628,-0.059632,0.064714,8.6519
2.436,2.0629,0.084631,-0.05959,0.064689,8.6465
2.4361,2.0629,0.084635,-0.059545,0.064665,8.6489
2.4361,2.0629,0.084638,-0.059506,0.064644,8.6592
2.4362,2.0629,0.084641,-0.059472,0.064623,8.6532
2.4362,2.0629,0.084645,-0.05944,0.064607,8.6473
2.4363,2.0629,0.084648,-0.059409,0.064589,8.6557
2.4363,2.0629,0.084652,-0.059378,0.064571,8.6522
2.4364,2.0629,0.084655,-0.059347,0.064552,8.6454
2.4364,2.0629,0.084658,-0.059311,0.064526,8.6497
2.4365,2.0629,0.084662,-0.059276,0.064499,8.6447
2.4365,2.0629,0.084665,-0.059242,0.064469,8.635
2.4366,2.0629,0.084669,-0.059214,0.064439,8.6335
2.4366,2.0629,0.084672,-0.059187,0.064414,8.6407
2.4367,2.0629,0.084675,-0.059161,0.064392,8.6285
2.4367,2.0629,0.084679,-0.059136,0.064376,8.6329
2.4368,2.0629,0.084682,-0.059113,0.064371,8.6306
2.4368,2.0629,0.084686,-0.059092,0.064369,8.6214
2.4369,2.0629,0.084689,-0.059073,0.064369,8.6175
2.4369,2.0629,0.084692,-0.05906,0.064363,8.6246
2.437,2.0629,0.084696,-0.059052,0.064349,8.6247
2.4371,2.0629,0.084699,-0.059053,0.064325,8.6169
2.4371,2.0629,0.084703,-0.059059,0.064295,8.6292
2.4372,2.0629,0.084706,-0.059069,0.064264,8.6304
2.4372,2.0629,0.084709,-0.059079,0.064245,8.6186
2.4373,2.0629,0.084713,-0.059088,0.064233,8.6241
2.4373,2.0628,0.084716,-0.059093,0.064228,8.6215
2.4374,2.0628,0.084719,-0.059101,0.064228,8.6091
2.4374,2.0628,0.084723,-0.059102,0.064231,8.6111
2.4375,2.0628,0.084726,-0.059118,0.064233,8.6124
2.4375,2.0628,0.08473,-0.059141,0.064236,8.6084
2.4376,2.0628,0.084733,-0.05917,0.06424,8.604
2.4376,2.0628,0.084736,-0.059198,0.064245,8.6103
2.4377,2.0628,0.08474,-0.059234,0.064251,8.608
2.4377,2.0628,0.084743,-0.059284,0.064258,8.5963
2.4378,2.0628,0.084746,-0.05934,0.064266,8.6134
2.4378,2.0628,0.08475,-0.059394,0.064274,8.6072
2.4379,2.0628,0.084753,-0.059456,0.064284,8.5917
2.4379,2.0628,0.084757,-0.059513,0.064294,8.6037
2.438,2.0628,0.08476,-0.059559,0.064306,8.6049
2.4381,2.0628,0.084763,-0.059592,0.064318,8.5962
2.4381,2.0628,0.084767,-0.059629,0.064331,8.6037
2.4382,2.0628,0.08477,-0.059679,0.064345,8.6135
2.4382,2.0628,0.084774,-0.059736,0.064359,8.6031
2.4383,2.0628,0.084777,-0.059801,0.064375,8.6043
2.4383,2.0628,0.08478,-0.059858,0.06439,8.6184
2.4384,2.0628,0.084784,-0.059907,0.064406,8.607
2.4384,2.0628,0.084787,-0.059951,0.064423,8.603
2.4385,2.0628,0.084791,-0.059985,0.06444,8.6117
2.4385,2.0628,0.084794,-0.060014,0.064457,8.6089
2.4386,2.0628,0.084797,-0.060041,0.064474,8.6069
2.4386,2.0628,0.084801,-0.060071,0.064492,8.6164
2.4387,2.0628,0.084804,-0.060102,0.06451,8.6223
2.4387,2.0628,0.084807,-0.060118,0.064528,8.6177
2.4388,2.0628,0.084811,-0.060131,0.064546,8.6264
2.4388,2.0628,0.084814,-0.060146,0.064565,8.6231
2.4389,2.0628,0.084818,-0.060146,0.064584,8.6169
2.4389,2.0628,0.084821,-0.060156,0.064603,8.619
2.439,2.0627,0.084824,-0.060172,0.064622,8.6255
2.4391,2.0627,0.084828,-0.060193,0.064641,8.6127
2.4391,2.0627,0.084831,-0.060213,0.06466,8.6215
2.4392,2.0627,0.084835,-0.060225,0.064678,8.6362
2.4392,2.0627,0.084838,-0.060234,0.064697,8.6305
2.4393,2.0627,0.084841,-0.060235,0.064715,8.6249
2.4393,2.0627,0.084845,-0.060234,0.064733,8.6307
2.4394,2.0627,0.084848,-0.060258,0.06475,8.6325
2.4394,2.0627,0.084852,-0.06029,0.064767,8.6306
2.4395,2.0627,0.084855,-0.060333,0.064784,8.6375
2.4395,2.0627,0.084859,-0.060378,0.0648,8.6423
2.4396,2.0627,0.084862,-0.060416,0.064816,8.636
2.4396,2.0627,0.084865,-0.060445,0.064832,8.6441
2.4397,2.0627,0.084869,-0.060459,0.064848,8.6506
2.4397,2.0627,0.084872,-0.060471,0.064863,8.6484
2.4398,2.0627,0.084876,-0.060481,0.064878,8.6541
2.4398,2.0627,0.084879,-0.060482,0.064893,8.6577
2.4399,2.0627,0.084882,-0.060496,0.064907,8.6521
2.4399,2.0627,0.084886,-0.060511,0.06492,8.6432
2.44,2.0627,0.084889,-0.060535,0.064933,8.6585
2.4401,2.0627,0.084893,-0.060569,0.064945,8.6504
2.4401,2.0627,0.084896,-0.060614,0.064956,8.6469
2.4402,2.0627,0.0849,-0.060667,0.064967,8.6617
2.4402,2.0627,0.084903,-0.060724,0.064977,8.6613
2.4403,2.0627,0.084906,-0.060778,0.064986,8.6552
2.4403,2.0627,0.08491,-0.060835,0.064994,8.6579
2.4404,2.0627,0.084913,-0.060882,0.065002,8.6652
2.4404,2.0627,0.084917,-0.060923,0.065008,8.6631
2.4405,2.0627,0.08492,-0.060959,0.065014,8.6567
2.4405,2.0627,0.084923,-0.060992,0.065019,8.656
2.4406,2.0627,0.084927,-0.061021,0.065023,8.6505
2.4406,2.0626,0.08493,-0.061053,0.065027,8.6587
2.4407,2.0626,0.084934,-0.061072,0.065029,8.6711
2.4407,2.0626,0.084937,-0.061082,0.065031,8.6665
2.4408,2.0626,0.084941,-0.061086,0.065031,8.6678
2.4408,2.0626,0.084944,-0.061086,0.065031,8.6746
2.4409,2.0626,0.084947,-0.061084,0.065029,8.6701
2.4409,2.0626,0.084951,-0.061084,0.065027,8.6598
2.441,2.0626,0.084954,-0.061087,0.065023,8.6673
2.4411,2.0626,0.084958,-0.061095,0.065018,8.6694
2.4411,2.0626,0.084961,-0.061094,0.065012,8.6612
2.4412,2.0626,0.084965,-0.061091,0.065005,8.6724
2.4412,2.0626,0.084968,-0.061084,0.064997,8.6801
2.4413,2.0626,0.084971,-0.061075,0.064987,8.6725
2.4413,2.0626,0.084975,-0.061062,0.064977,8.6744
2.4414,2.0626,0.084978,-0.061046,0.064965,8.6866
2.4414,2.0626,0.084982,-0.061026,0.064952,8.6734
2.4415,2.0626,0.084985,-0.061003,0.064938,8.6711
2.4415,2.0626,0.084988,-0.060976,0.064922,8.6782
2.4416,2.0626,0.084992,-0.060946,0.064905,8.676
2.4416,2.0626,0.084995,-0.060913,0.064887,8.6718
2.4417,2.0626,0.084999,-0.060878,0.064867,8.6828
2.4417,2.0626,0.085002,-0.060849,0.064846,8.6849
2.4418,2.0626,0.085006,-0.060813,0.064823,8.6769
2.4418,2.0626,0.085009,-0.060776,0.064799,8.6859
2.4419,2.0626,0.085012,-0.06074,0.064774,8.6793
2.4419,2.0626,0.085016,-0.060697,0.064747,8.6745
2.442,2.0626,0.085019,-0.06065,0.064719,8.6767
2.4421,2.0626,0.085023,-0.060588,0.06469,8.674
2.4421,2.0626,0.085026,-0.060522,0.06466,8.6669
2.4422,2.0626,0.085029,-0.06045,0.064629,8.6757
2.4422,2.0626,0.085033,-0.06037,0.064596,8.6815
2.4423,2.0625,0.085036,-0.060304,0.064563,8.677
2.4423,2.0625,0.08504,-0.060246,0.064529,8.6751
2.4424,2.0625,0.085043,-0.060191,0.064493,8.6876
2.4424,2.0625,0.085046,-0.060127,0.064456,8.6795
2.4425,2.0625,0.08505,-0.060056,0.064418,8.6719
2.4425,2.0625,0.085053,-0.059986,0.064379,8.6794
2.4426,2.0625,0.085057,-0.059899,0.064339,8.6788
2.4426,2.0625,0.08506,-0.059812,0.064298,8.6619
2.4427,2.0625,0.085063,-0.059734,0.064257,8.6748
2.4427,2.0625,0.085067,-0.059662,0.064214,8.6779
2.4428,2.0625,0.08507,-0.059598,0.064172,8.6694
2.4428,2.0625,0.085073,-0.059524,0.064128,8.6708
2.4429,2.0625,0.085077,-0.059465,0.064085,8.6764
2.4429,2.0625,0.08508,-0.0594,0.06404,8.6655
2.443,2.0625,0.085084,-0.059322,0.063995,8.6676
2.4431,2.0625,0.085087,-0.059228,0.06395,8.6653
2.4431,2.0625,0.08509,-0.059127,0.063903,8.6539
2.4432,2.0625,0.085094,-0.059029,0.063856,8.6468
2.4432,2.0625,0.085097,-0.058949,0.063809,8.6605
2.4433,2.0625,0.0851,-0.058868,0.06376,8.6571
2.4433,2.0625,0.085104,-0.058797,0.063712,8.6576
2.4434,2.0625,0.085107,-0.058727,0.063662,8.6658
2.4434,2.0625,0.08511,-0.058663,0.063612,8.664
2.4435,2.0625,0.085114,-0.05859,0.063561,8.6551
2.4435,2.0625,0.085117,-0.058526,0.06351,8.6596
2.4436,2.0625,0.08512,-0.058466,0.063458,8.6656
2.4436,2.0625,0.085124,-0.058402,0.063405,8.6556
2.4437,2.0625,0.085127,-0.058324,0.063352,8.6561
2.4437,2.0625,0.08513,-0.058233,0.063299,8.6649
2.4438,2.0625,0.085134,-0.058136,0.063245,8.6592
2.4438,2.0625,0.085137,-0.058045,0.06319,8.6619
2.4439,2.0625,0.08514,-0.057961,0.063135,8.6738
2.4439,2.0624,0.085144,-0.057892,0.06308,8.6624
2.444,2.0624,0.085147,-0.057828,0.063024,8.6566
2.4441,2.0624,0.08515,-0.05776,0.06297,8.6625
2.4441,2.0624,0.085154,-0.057696,0.062912,8.6652
2.4442,2.0624,0.085157,-0.057626,0.062851,8.6569
2.4442,2.0624,0.08516,-0.057549,0.062788,8.6682
2.4443,2.0624,0.085164,-0.057483,0.062723,8.6781
2.4443,2.0624,0.085167,-0.057417,0.06266,8.6685
2.4444,2.0624,0.08517,-0.057348,0.062598,8.6735
2.4444,2.0624,0.085173,-0.057274,0.062531,8.6762
2.4445,2.0624,0.085177,-0.057196,0.062466,8.66
2.4445,2.0624,0.08518,-0.057112,0.062394,8.6588
2.4446,2.0624,0.085183,-0.057025,0.062315,8.6636
2.4446,2.0624,0.085187,-0.05693,0.062233,8.6565
2.4447,2.0624,0.08519,-0.056846,0.062153,8.6465
2.4447,2.0624,0.085193,-0.056769,0.062078,8.6597
2.4448,2.0624,0.085196,-0.056694,0.062007,8.6584
2.4448,2.0624,0.0852,-0.05662,0.061937,8.6555
2.4449,2.0624,0.085203,-0.056545,0.061877,8.6723
2.4449,2.0624,0.085206,-0.056467,0.061815,8.6709
2.445,2.0624,0.085209,-0.056389,0.061748,8.6677
2.4451,2.0624,0.085213,-0.056306,0.061679,8.6778
2.4451,2.0624,0.085216,-0.056234,0.06161,8.6793
2.4452,2.0624,0.085219,-0.056181,0.061542,8.685
2.4452,2.0624,0.085222,-0.056128,0.061476,8.6891
2.4453,2.0624,0.085226,-0.056069,0.061414,8.698
2.4453,2.0624,0.085229,-0.055994,0.061358,8.692
2.4454,2.0624,0.085232,-0.055911,0.0613,8.6965
2.4454,2.0624,0.085235,-0.055815,0.061243,8.7054
2.4455,2.0624,0.085239,-0.055722,0.061187,8.6995
2.4455,2.0624,0.085242,-0.055636,0.061133,8.692
2.4456,2.0624,0.085245,-0.055561,0.061079,8.7037
2.4456,2.0624,0.085248,-0.055484,0.061027,8.7031
2.4457,2.0624,0.085251,-0.055409,0.060976,8.6905
2.4457,2.0623,0.085255,-0.055334,0.060927,8.7013
2.4458,2.0623,0.085258,-0.055264,0.060878,8.7057
2.4458,2.0623,0.085261,-0.055193,0.06083,8.7015
2.4459,2.0623,0.085264,-0.055129,0.060783,8.7046
2.4459,2.0623,0.085267,-0.05507,0.060737,8.7188
2.446,2.0623,0.085271,-0.055008,0.060693,8.7004
2.4461,2.0623,0.085274,-0.054941,0.06065,8.6973
2.4461,2.0623,0.085277,-0.054876,0.060608,8.6974
2.4462,2.0623,0.08528,-0.054812,0.060567,8.6948
2.4462,2.0623,0.085283,-0.054753,0.060528,8.687
2.4463,2.0623,0.085287,-0.054697,0.06049,8.6898
2.4463,2.0623,0.08529,-0.054645,0.060453,8.6921
2.4464,2.0623,0.085293,-0.054599,0.060418,8.6895
2.4464,2.0623,0.085296,-0.054554,0.060384,8.6964
2.4465,2.0623,0.085299,-0.054507,0.060351,8.6992
2.4465,2.0623,0.085302,-0.054459,0.06032,8.6899
2.4466,2.0623,0.085306,-0.054413,0.060289,8.6952
2.4466,2.0623,0.085309,-0.054378,0.06026,8.6957
2.4467,2.0623,0.085312,-0.054347,0.060235,8.6828
2.4467,2.0623,0.085315,-0.054325,0.060206,8.6832
2.4468,2.0623,0.085318,-0.054307,0.060176,8.6957
2.4468,2.0623,0.085321,-0.054291,0.060146,8.6969
2.4469,2.0623,0.085325,-0.054268,0.060115,8.6975
2.4469,2.0623,0.085328,-0.054237,0.060086,8.703
2.447,2.0623,0.085331,-0.054198,0.060059,8.6938
2.4471,2.0623,0.085334,-0.054157,0.060036,8.6898
2.4471,2.0623,0.085337,-0.054112,0.060018,8.697
2.4472,2.0623,0.08534,-0.054072,0.059998,8.6993
2.4472,2.0623,0.085344,-0.054036,0.05998,8.6821
2.4473,2.0623,0.085347,-0.054007,0.059961,8.6793
2.4473,2.0623,0.08535,-0.053983,0.059944,8.6832
2.4474,2.0623,0.085353,-0.053971,0.059928,8.6738
2.4474,2.0623,0.085356,-0.053951,0.059912,8.6739
2.4475,2.0623,0.085359,-0.053931,0.059897,8.678
2.4475,2.0623,0.085362,-0.053907,0.059883,8.6667
2.4476,2.0622,0.085366,-0.053889,0.05987,8.666
2.4476,2.0622,0.085369,-0.053866,0.059857,8.6716
2.4477,2.0622,0.085372,-0.053829,0.059844,8.6578
2.4477,2.0622,0.085375,-0.053785,0.059833,8.6476
2.4478,2.0622,0.085378,-0.053742,0.059822,8.6594
2.4478,2.0622,0.085381,-0.053695,0.059812,8.6586
2.4479,2.0622,0.085384,-0.053659,0.059804,8.6494
2.4479,2.0622,0.085388,-0.053639,0.059796,8.6635
2.448,2.0622,0.085391,-0.05364,0.059789,8.671
2.4481,2.0622,0.085394,-0.053647,0.059782,8.6585
2.4481,2.0622,0.085397,-0.053651,0.059776,8.6641
2.4482,2.0622,0.0854,-0.053656,0.05977,8.6614
2.4482,2.0622,0.085403,-0.053667,0.059765,8.6488
2.4483,2.0622,0.085407,-0.053687,0.059761,8.65
2.4483,2.0622,0.08541,-0.05372,0.059757,8.6581
2.4484,2.0622,0.085413,-0.05376,0.059754,8.6505
2.4484,2.0622,0.085416,-0.053801,0.059751,8.6489
2.4485,2.0622,0.085419,-0.053836,0.05975,8.6587
2.4485,2.0622,0.085422,-0.053862,0.059749,8.6551
2.4486,2.0622,0.085425,-0.053884,0.059749,8.6493
2.4486,2.0622,0.085429,-0.053904,0.059749,8.6492
2.4487,2.0622,0.085432,-0.05393,0.05975,8.6438
2.4487,2.0622,0.085435,-0.053959,0.059752,8.6321
2.4488,2.0622,0.085438,-0.053989,0.059754,8.6338
2.4488,2.0622,0.085441,-0.05403,0.059756,8.6405
2.4489,2.0622,0.085444,-0.054059,0.059758,8.6278
2.4489,2.0622,0.085447,-0.054081,0.059761,8.6324
2.449,2.0622,0.085451,-0.054104,0.059765,8.64
2.4491,2.0622,0.085454,-0.054134,0.059769,8.6318
2.4491,2.0622,0.085457,-0.054174,0.059774,8.633
2.4492,2.0622,0.08546,-0.05422,0.059781,8.6376
2.4492,2.0622,0.085463,-0.054277,0.059785,8.6275
2.4493,2.0622,0.085466,-0.054336,0.059789,8.6264
2.4493,2.0622,0.085469,-0.05437,0.059791,8.6361
2.4494,2.0622,0.085473,-0.054393,0.059786,8.6311
2.4494,2.0621,0.085476,-0.054407,0.05978,8.6236
2.4495,2.0621,0.085479,-0.054417,0.059773,8.6344
2.4495,2.0621,0.085482,-0.054433,0.059766,8.6368
2.4496,2.0621,0.085485,-0.054457,0.059758,8.6229
2.4496,2.0621,0.085488,-0.054496,0.05975,8.6282
2.4497,2.0621,0.085491,-0.054538,0.059748,8.6338
2.4497,2.0621,0.085495,-0.054583,0.059745,8.6246
2.4498,2.0621,0.085498,-0.054639,0.059738,8.6255
2.4498,2.0621,0.085501,-0.054689,0.059736,8.6417
2.4499,2.0621,0.085504,-0.05474,0.059738,8.6331
2.4499,2.0621,0.085507,-0.054789,0.059745,8.6358
2.45,2.0621,0.08551,-0.054836,0.059755,8.6494
2.4501,2.0621,0.085513,-0.054874,0.059774,8.6417
2.4501,2.0621,0.085517,-0.054902,0.059798,8.6339
2.4502,2.0621,0.08552,-0.054919,0.059823,8.6419
2.4502,2.0621,0.085523,-0.054928,0.059847,8.6336
2.4503,2.0621,0.085526,-0.054926,0.05987,8.6258
2.4503,2.0621,0.085529,-0.054921,0.059894,8.6283
2.4504,2.0621,0.085532,-0.054914,0.059917,8.6278
2.4504,2.0621,0.085536,-0.054908,0.05994,8.623
2.4505,2.0621,0.085539,-0.054902,0.059963,8.6293
2.4505,2.0621,0.085542,-0.054895,0.059985,8.6387
2.4506,2.0621,0.085545,-0.054882,0.060007,8.6297
2.4506,2.0621,0.085548,-0.054875,0.060029,8.637
2.4507,2.0621,0.085551,-0.054877,0.060051,8.638
2.4507,2.0621,0.085554,-0.054886,0.060073,8.6305
2.4508,2.0621,0.085558,-0.054894,0.060094,8.63
2.4508,2.0621,0.085561,-0.054906,0.060115,8.6377
2.4509,2.0621,0.085564,-0.054916,0.060136,8.6362
2.4509,2.0621,0.085567,-0.054917,0.060156,8.6297
2.451,2.0621,0.08557,-0.054907,0.060176,8.6479
2.4511,2.0621,0.085573,-0.054893,0.060196,8.6524
2.4511,2.0621,0.085577,-0.054873,0.060215,8.6391
2.4512,2.0621,0.08558,-0.054846,0.060235,8.6475
2.4512,2.0621,0.085583,-0.054814,0.060253,8.6499
2.4513,2.062,0.085586,-0.054784,0.060272,8.6413
2.4513,2.062,0.085589,-0.054762,0.06029,8.6403
2.4514,2.062,0.085592,-0.054744,0.060307,8.6433
2.4514,2.062,0.085596,-0.054734,0.060327,8.6377
2.4515,2.062,0.085599,-0.054724,0.060345,8.6398
2.4515,2.062,0.085602,-0.05471,0.060357,8.6507
2.4516,2.062,0.085605,-0.054694,0.060364,8.6483
2.4516,2.062,0.085608,-0.054673,0.060361,8.6413
2.4517,2.062,0.085612,-0.054646,0.060355,8.6473
2.4517,2.062,0.085615,-0.054623,0.06035,8.6452
2.4518,2.062,0.085618,-0.0546,0.06035,8.6319
2.4518,2.062,0.085621,-0.054579,0.06036,8.6401
2.4519,2.062,0.085624,-0.054563,0.060377,8.644
2.4519,2.062,0.085627,-0.054546,0.060397,8.6328
2.452,2.062,0.085631,-0.054544,0.060419,8.6433
2.4521,2.062,0.085634,-0.054545,0.060438,8.6556
2.4521,2.062,0.085637,-0.054555,0.060456,8.6501
2.4522,2.062,0.08564,-0.054572,0.060473,8.6532
2.4522,2.062,0.085643,-0.054578,0.06049,8.663
2.4523,2.062,0.085647,-0.054579,0.060507,8.652
2.4523,2.062,0.08565,-0.05458,0.060523,8.6447
2.4524,2.062,0.085653,-0.054585,0.060538,8.6522
2.4524,2.062,0.085656,-0.054597,0.060553,8.6486
2.4525,2.062,0.085659,-0.054609,0.060568,8.6428
2.4525,2.062,0.085662,-0.054639,0.060582,8.6548
2.4526,2.062,0.085666,-0.054669,0.060595,8.6609
2.4526,2.062,0.085669,-0.054688,0.060608,8.646
2.4527,2.062,0.085672,-0.054695,0.06062,8.6534
2.4527,2.062,0.085675,-0.05469,0.060631,8.6578
2.4528,2.062,0.085678,-0.054681,0.060642,8.6496
2.4528,2.062,0.085682,-0.054655,0.060652,8.6461
2.4529,2.062,0.085685,-0.054631,0.060661,8.6565
2.4529,2.062,0.085688,-0.054622,0.06067,8.6434
2.453,2.062,0.085691,-0.054634,0.060678,8.643
2.4531,2.0619,0.085694,-0.054661,0.060688,8.657
2.4531,2.0619,0.085698,-0.054687,0.060693,8.6505
2.4532,2.0619,0.085701,-0.054701,0.060695,8.6341
2.4532,2.0619,0.085704,-0.054715,0.060696,8.6413
2.4533,2.0619,0.085707,-0.054718,0.060696,8.6265
2.4533,2.0619,0.08571,-0.054715,0.060697,8.6192
2.4534,2.0619,0.085714,-0.054706,0.0607,8.6208
2.4534,2.0619,0.085717,-0.054705,0.060708,8.6159
2.4535,2.0619,0.08572,-0.054698,0.060719,8.6062
2.4535,2.0619,0.085723,-0.054687,0.060722,8.6197
2.4536,2.0619,0.085726,-0.054679,0.060719,8.6237
2.4536,2.0619,0.08573,-0.054692,0.060707,8.6191
2.4537,2.0619,0.085733,-0.054716,0.060691,8.6181
2.4537,2.0619,0.085736,-0.054748,0.060679,8.6259
2.4538,2.0619,0.085739,-0.054778,0.060671,8.6154
2.4538,2.0619,0.085742,-0.054798,0.060665,8.6086
2.4539,2.0619,0.085745,-0.0548,0.060662,8.6167
2.4539,2.0619,0.085749,-0.054789,0.060661,8.6074
2.454,2.0619,0.085752,-0.054783,0.060663,8.6041
2.4541,2.0619,0.085755,-0.054781,0.060664,8.6154
2.4541,2.0619,0.085758,-0.054789,0.060671,8.6163
2.4542,2.0619,0.085761,-0.054808,0.060684,8.607
2.4542,2.0619,0.085765,-0.054823,0.060699,8.6128
2.4543,2.0619,0.085768,-0.054836,0.060711,8.6133
2.4543,2.0619,0.085771,-0.054847,0.060726,8.6043
2.4544,2.0619,0.085774,-0.054857,0.060736,8.6026
2.4544,2.0619,0.085777,-0.054864,0.060743,8.608
2.4545,2.0619,0.085781,-0.054869,0.060748,8.6032
2.4545,2.0619,0.085784,-0.054871,0.060753,8.6
2.4546,2.0619,0.085787,-0.054872,0.060758,8.6075
2.4546,2.0619,0.08579,-0.054862,0.060765,8.6111
2.4547,2.0619,0.085793,-0.054852,0.060775,8.6072
2.4547,2.0619,0.085797,-0.054843,0.060789,8.616
2.4548,2.0619,0.0858,-0.054839,0.0608,8.6148
2.4548,2.0619,0.085803,-0.054838,0.060811,8.604
2.4549,2.0618,0.085806,-0.054841,0.060823,8.6118
2.4549,2.0618,0.085809,-0.05484,0.060834,8.6129
2.455,2.0618,0.085813,-0.054837,0.060845,8.6063
2.4551,2.0618,0.085816,-0.054825,0.060857,8.6161
2.4551,2.0618,0.085819,-0.054802,0.060868,8.6251
2.4552,2.0618,0.085822,-0.054776,0.060879,8.618
2.4552,2.0618,0.085825,-0.05476,0.060891,8.624
2.4553,2.0618,0.085829,-0.054757,0.060902,8.6288
2.4553,2.0618,0.085832,-0.054764,0.060912,8.616
2.4554,2.0618,0.085835,-0.054779,0.060923,8.6234
2.4554,2.0618,0.085838,-0.05479,0.060933,8.634
2.4555,2.0618,0.085841,-0.054797,0.060943,8.6223
2.4555,2.0618,0.085845,-0.054806,0.060953,8.6172
2.4556,2.0618,0.085848,-0.054809,0.060963,8.6303
2.4556,2.0618,0.085851,-0.054817,0.060972,8.6327
2.4557,2.0618,0.085854,-0.054819,0.060981,8.6284
2.4557,2.0618,0.085858,-0.054819,0.060989,8.637
2.4558,2.0618,0.085861,-0.054818,0.060998,8.6335
2.4558,2.0618,0.085864,-0.05481,0.061007,8.6248
2.4559,2.0618,0.085867,-0.054806,0.061015,8.635
2.4559,2.0618,0.08587,-0.054815,0.061023,8.6436
2.456,2.0618,0.085874,-0.054824,0.061031,8.6361
2.4561,2.0618,0.085877,-0.054834,0.061039,8.6364
2.4561,2.0618,0.08588,-0.054838,0.061046,8.6554
2.4562,2.0618,0.085883,-0.054841,0.061053,8.6517
2.4562,2.0618,0.085886,-0.054843,0.061059,8.6535
2.4563,2.0618,0.08589,-0.054846,0.061064,8.6624
2.4563,2.0618,0.085893,-0.05485,0.061072,8.6613
2.4564,2.0618,0.085896,-0.054857,0.061077,8.6571
2.4564,2.0618,0.085899,-0.054868,0.061078,8.6637
2.4565,2.0618,0.085903,-0.054879,0.061069,8.6692
2.4565,2.0618,0.085906,-0.054889,0.061059,8.6547
2.4566,2.0618,0.085909,-0.054893,0.061046,8.663
2.4566,2.0618,0.085912,-0.054894,0.061028,8.671
2.4567,2.0618,0.085915,-0.054889,0.061011,8.6635
2.4567,2.0617,0.085919,-0.05488,0.061002,8.6684
2.4568,2.0617,0.085922,-0.054872,0.060997,8.6735
2.4568,2.0617,0.085925,-0.054866,0.060997,8.6617
2.4569,2.0617,0.085928,-0.054867,0.060998,8.6609
2.4569,2.0617,0.085931,-0.054872,0.061006,8.6698
2.457,2.0617,0.085935,-0.054877,0.061016,8.662
2.4571,2.0617,0.085938,-0.054886,0.061022,8.6524
2.4571,2.0617,0.085941,-0.054893,0.061029,8.6624
2.4572,2.0617,0.085944,-0.0549,0.061037,8.6647
2.4572,2.0617,0.085947,-0.054907,0.061043,8.6579
2.4573,2.0617,0.085951,-0.054914,0.061044,8.6651
2.4573,2.0617,0.085954,-0.054921,0.061037,8.6661
2.4574,2.0617,0.085957,-0.054929,0.061025,8.6503
2.4574,2.0617,0.08596,-0.054935,0.061012,8.6625
2.4575,2.0617,0.085964,-0.054944,0.061002,8.6648
2.4575,2.0617,0.085967,-0.054955,0.060997,8.6561
2.4576,2.0617,0.08597,-0.054967,0.061001,8.6567
2.4576,2.0617,0.085973,-0.054977,0.06101,8.6717
2.4577,2.0617,0.085976,-0.054991,0.06102,8.6655
2.4577,2.0617,0.08598,-0.055002,0.061027,8.6634
2.4578,2.0617,0.085983,-0.055012,0.061033,8.6814
2.4578,2.0617,0.085986,-0.055022,0.061039,8.6808
2.4579,2.0617,0.085989,-0.055034,0.061045,8.666
2.4579,2.0617,0.085992,-0.055046,0.06105,8.6748
2.458,2.0617,0.085996,-0.055056,0.061055,8.6822
2.4581,2.0617,0.085999,-0.05506,0.061059,8.673
2.4581,2.0617,0.086002,-0.055058,0.061063,8.6772
2.4582,2.0617,0.086005,-0.055047,0.061067,8.684
2.4582,2.0617,0.086009,-0.055031,0.061071,8.68
2.4583,2.0617,0.086012,-0.055012,0.061074,8.6781
2.4583,2.0617,0.086015,-0.054996,0.061077,8.6873
2.4584,2.0617,0.086018,-0.054984,0.061079,8.6779
2.4584,2.0617,0.086021,-0.054983,0.061081,8.6755
2.4585,2.0617,0.086025,-0.054988,0.061083,8.6771
2.4585,2.0616,0.086028,-0.054988,0.061084,8.6698
2.4586,2.0616,0.086031,-0.054987,0.061085,8.6637
2.4586,2.0616,0.086034,-0.054987,0.061085,8.6759
2.4587,2.0616,0.086037,-0.054983,0.061085,8.6778
2.4587,2.0616,0.086041,-0.054983,0.061085,8.6714
2.4588,2.0616,0.086044,-0.054985,0.061085,8.6829
2.4588,2.0616,0.086047,-0.054992,0.061085,8.6875
2.4589,2.0616,0.08605,-0.055003,0.061084,8.6745
2.4589,2.0616,0.086054,-0.055002,0.061083,8.6784
2.459,2.0616,0.086057,-0.054999,0.061082,8.683
2.4591,2.0616,0.08606,-0.054996,0.06108,8.6718
2.4591,2.0616,0.086063,-0.054992,0.061075,8.6731
2.4592,2.0616,0.086066,-0.054989,0.061075,8.6851
2.4592,2.0616,0.08607,-0.054989,0.061074,8.68
2.4593,2.0616,0.086073,-0.054994,0.061077,8.6802
2.4593,2.0616,0.086076,-0.055005,0.061088,8.6902
2.4594,2.0616,0.086079,-0.055015,0.0611,8.6908
2.4594,2.0616,0.086082,-0.055032,0.061115,8.6808
2.4595,2.0616,0.086086,-0.055051,0.061133,8.6843
2.4595,2.0616,0.086089,-0.055072,0.061153,8.6873
2.4596,2.0616,0.086092,-0.05509,0.061175,8.6746
2.4596,2.0616,0.086095,-0.055108,0.061194,8.6828
2.4597,2.0616,0.086099,-0.055127,0.061214,8.681
2.4597,2.0616,0.086102,-0.055147,0.061241,8.6731
2.4598,2.0616,0.086105,-0.055164,0.061268,8.6767
2.4598,2.0616,0.086108,-0.05518,0.061289,8.6855
2.4599,2.0616,0.086111,-0.055192,0.061306,8.6658
2.4599,2.0616,0.086115,-0.055197,0.061318,8.6667
2.46,2.0616,0.086118,-0.055197,0.061314,8.6675
2.4601,2.0616,0.086121,-0.055196,0.061302,8.662
2.4601,2.0616,0.086124,-0.055197,0.061288,8.6567
2.4602,2.0616,0.086128,-0.055203,0.061279,8.6693
2.4602,2.0616,0.086131,-0.055208,0.061277,8.6712
2.4603,2.0616,0.086134,-0.055214,0.061277,8.6617
2.4603,2.0616,0.086137,-0.055218,0.061284,8.6719
2.4604,2.0615,0.08614,-0.05522,0.061292,8.677
2.4604,2.0615,0.086144,-0.055223,0.061297,8.6636
2.4605,2.0615,0.086147,-0.05523,0.061302,8.6658
2.4605,2.0615,0.08615,-0.055242,0.061307,8.6699
2.4606,2.0615,0.086153,-0.055259,0.061311,8.66
2.4606,2.0615,0.086157,-0.055273,0.061315,8.6588
2.4607,2.0615,0.08616,-0.055283,0.061318,8.666
2.4607,2.0615,0.086163,-0.055293,0.061321,8.6645
2.4608,2.0615,0.086166,-0.055298,0.061323,8.6676
2.4608,2.0615,0.08617,-0.055299,0.061324,8.6753
2.4609,2.0615,0.086173,-0.055301,0.061325,8.6705
2.4609,2.0615,0.086176,-0.055305,0.061326,8.6666
2.461,2.0615,0.086179,-0.055315,0.061326,8.6755
2.4611,2.0615,0.086182,-0.055331,0.061326,8.6723
2.4611,2.0615,0.086186,-0.055352,0.061326,8.6654
2.4612,2.0615,0.086189,-0.055379,0.061325,8.6696
2.4612,2.0615,0.086192,-0.055412,0.061324,8.6709
2.4613,2.0615,0.086195,-0.055441,0.061322,8.6596
2.4613,2.0615,0.086199,-0.055466,0.06132,8.6626
2.4614,2.0615,0.086202,-0.055483,0.061316,8.668
2.4614,2.0615,0.086205,-0.055493,0.061312,8.6613
2.4615,2.0615,0.086208,-0.055496,0.061313,8.6608
2.4615,2.0615,0.086211,-0.055498,0.061321,8.6638
2.4616,2.0615,0.086215,-0.055502,0.06134,8.6611
2.4616,2.0615,0.086218,-0.05551,0.061361,8.6582
2.4617,2.0615,0.086221,-0.055515,0.061379,8.6735
2.4617,2.0615,0.086224,-0.055519,0.061393,8.6776
2.4618,2.0615,0.086228,-0.055524,0.061397,8.6841
2.4618,2.0615,0.086231,-0.055527,0.061396,8.6898
2.4619,2.0615,0.086234,-0.055528,0.061392,8.7001
2.4619,2.0615,0.086237,-0.055537,0.061389,8.6862
2.462,2.0615,0.086241,-0.055546,0.061393,8.6958
2.4621,2.0615,0.086244,-0.055553,0.061393,8.706
2.4621,2.0615,0.086247,-0.05556,0.061393,8.6966
2.4622,2.0614,0.08625,-0.055567,0.061393,8.6945
2.4622,2.0614,0.086253,-0.055574,0.061395,8.7013
2.4623,2.0614,0.086257,-0.055582,0.061392,8.6986
2.4623,2.0614,0.08626,-0.055587,0.061389,8.7037
2.4624,2.0614,0.086263,-0.055592,0.061379,8.7138
2.4624,2.0614,0.086266,-0.055596,0.061369,8.7138
2.4625,2.0614,0.08627,-0.055593,0.061356,8.7044
2.4625,2.0614,0.086273,-0.055588,0.061341,8.711
2.4626,2.0614,0.086276,-0.05558,0.061323,8.7115
2.4626,2.0614,0.086279,-0.055579,0.061302,8.7018
2.4627,2.0614,0.086283,-0.055584,0.061278,8.7102
2.4627,2.0614,0.086286,-0.055589,0.061261,8.7168
2.4628,2.0614,0.086289,-0.055597,0.061245,8.7031
2.4628,2.0614,0.086292,-0.055608,0.061232,8.71
2.4629,2.0614,0.086295,-0.055614,0.061223,8.7165
2.4629,2.0614,0.086299,-0.055614,0.061216,8.7021
2.463,2.0614,0.086302,-0.055614,0.061203,8.6985
2.4631,2.0614,0.086305,-0.055615,0.061185,8.7047
2.4631,2.0614,0.086308,-0.055616,0.061174,8.6992
2.4632,2.0614,0.086312,-0.055615,0.061166,8.6886
2.4632,2.0614,0.086315,-0.055613,0.061159,8.695
2.4633,2.0614,0.086318,-0.055614,0.061154,8.6969
2.4633,2.0614,0.086321,-0.055614,0.061156,8.6892
2.4634,2.0614,0.086324,-0.055614,0.061157,8.703
2.4634,2.0614,0.086328,-0.05562,0.061159,8.7103
2.4635,2.0614,0.086331,-0.055628,0.061168,8.6988
2.4635,2.0614,0.086334,-0.055636,0.061186,8.7021
2.4636,2.0614,0.086337,-0.055636,0.061212,8.7062
2.4636,2.0614,0.086341,-0.055627,0.061243,8.6969
2.4637,2.0614,0.086344,-0.055614,0.061273,8.6848
2.4637,2.0614,0.086347,-0.055597,0.061299,8.6983
2.4638,2.0614,0.08635,-0.055581,0.061324,8.6912
2.4638,2.0614,0.086353,-0.055571,0.061348,8.6918
2.4639,2.0614,0.086357,-0.05557,0.061369,8.6994
2.4639,2.0613,0.08636,-0.055568,0.061389,8.6887
2.464,2.0613,0.086363,-0.055563,0.06141,8.6832
2.4641,2.0613,0.086366,-0.055553,0.061425,8.695
2.4641,2.0613,0.08637,-0.055536,0.061433,8.6937
2.4642,2.0613,0.086373,-0.055521,0.061439,8.6768
2.4642,2.0613,0.086376,-0.055507,0.061447,8.6761
2.4643,2.0613,0.086379,-0.055497,0.061452,8.6761
2.4643,2.0613,0.086383,-0.055494,0.06146,8.6674
2.4644,2.0613,0.086386,-0.055491,0.061471,8.667
2.4644,2.0613,0.086389,-0.05549,0.061484,8.6769
2.4645,2.0613,0.086392,-0.05549,0.061497,8.6702
2.4645,2.0613,0.086395,-0.055488,0.06151,8.6662
2.4646,2.0613,0.086399,-0.055489,0.061522,8.6653
2.4646,2.0613,0.086402,-0.055491,0.06153,8.6562
2.4647,2.0613,0.086405,-0.055493,0.061534,8.653
2.4647,2.0613,0.086408,-0.055494,0.061541,8.6605
2.4648,2.0613,0.086412,-0.055496,0.061547,8.6561
2.4648,2.0613,0.086415,-0.055498,0.061553,8.6524
2.4649,2.0613,0.086418,-0.055503,0.061559,8.6599
2.4649,2.0613,0.086421,-0.055509,0.061564,8.6666
2.465,2.0613,0.086425,-0.055517,0.061569,8.6519
2.4651,2.0613,0.086428,-0.05553,0.061574,8.6608
2.4651,2.0613,0.086431,-0.055541,0.061579,8.6599
2.4652,2.0613,0.086434,-0.055554,0.061583,8.6523
2.4652,2.0613,0.086438,-0.055567,0.061587,8.6481
2.4653,2.0613,0.086441,-0.055576,0.061591,8.6584
2.4653,2.0613,0.086444,-0.055579,0.061595,8.6419
2.4654,2.0613,0.086447,-0.055575,0.061598,8.6429
2.4654,2.0613,0.086451,-0.055573,0.061601,8.6462
2.4655,2.0613,0.086454,-0.055568,0.061604,8.6459
2.4655,2.0613,0.086457,-0.055567,0.061607,8.6413
2.4656,2.0613,0.08646,-0.055576,0.061609,8.645
2.4656,2.0613,0.086464,-0.055592,0.061612,8.6409
2.4657,2.0613,0.086467,-0.055613,0.061614,8.6284
2.4657,2.0612,0.08647,-0.055638,0.061616,8.6358
2.4658,2.0612,0.086473,-0.055663,0.061618,8.6371
2.4658,2.0612,0.086476,-0.055686,0.06162,8.6245
2.4659,2.0612,0.08648,-0.055703,0.061622,8.6268
2.4659,2.0612,0.086483,-0.055718,0.061623,8.6424
2.466,2.0612,0.086486,-0.055729,0.061624,8.6334
2.4661,2.0612,0.086489,-0.055734,0.061626,8.633
2.4661,2.0612,0.086493,-0.055735,0.061627,8.639
2.4662,2.0612,0.086496,-0.055733,0.061628,8.6294
2.4662,2.0612,0.086499,-0.055731,0.06163,8.6217
2.4663,2.0612,0.086502,-0.055726,0.061629,8.626
2.4663,2.0612,0.086506,-0.055724,0.061629,8.627
2.4664,2.0612,0.086509,-0.055722,0.061635,8.6159
2.4664,2.0612,0.086512,-0.055721,0.061649,8.6267
2.4665,2.0612,0.086515,-0.055721,0.061668,8.6348
2.4665,2.0612,0.086519,-0.055721,0.06169,8.6295
2.4666,2.0612,0.086522,-0.055721,0.061718,8.6322
2.4666,2.0612,0.086525,-0.055722,0.061748,8.6286
2.4667,2.0612,0.086528,-0.055724,0.061772,8.6292
2.4667,2.0612,0.086532,-0.055725,0.061792,8.6222
2.4668,2.0612,0.086535,-0.055728,0.061808,8.6252
2.4668,2.0612,0.086538,-0.055728,0.061823,8.6177
2.4669,2.0612,0.086541,-0.055733,0.061831,8.6212
2.4669,2.0612,0.086545,-0.055741,0.061838,8.6249
2.467,2.0612,0.086548,-0.05575,0.061846,8.6341
2.4671,2.0612,0.086551,-0.05576,0.061855,8.6293
2.4671,2.0612,0.086554,-0.055769,0.061862,8.6418
2.4672,2.0612,0.086558,-0.055777,0.06187,8.634
2.4672,2.0612,0.086561,-0.055782,0.061882,8.6297
2.4673,2.0612,0.086564,-0.055785,0.061904,8.6379
2.4673,2.0612,0.086567,-0.055789,0.061932,8.6317
2.4674,2.0612,0.086571,-0.055794,0.061963,8.6267
2.4674,2.0612,0.086574,-0.0558,0.061994,8.6389
2.4675,2.0612,0.086577,-0.055803,0.062019,8.646
2.4675,2.0612,0.086581,-0.055808,0.062037,8.6389
2.4676,2.0611,0.086584,-0.055819,0.062049,8.6391
2.4676,2.0611,0.086587,-0.055834,0.06206,8.6566
2.4677,2.0611,0.08659,-0.055854,0.062074,8.6455
2.4677,2.0611,0.086594,-0.055879,0.062087,8.6354
2.4678,2.0611,0.086597,-0.055902,0.062101,8.6474
2.4678,2.0611,0.0866,-0.055924,0.062114,8.6508
2.4679,2.0611,0.086603,-0.055944,0.062128,8.6401
2.4679,2.0611,0.086607,-0.055963,0.062141,8.6511
2.468,2.0611,0.08661,-0.055984,0.062155,8.6539
2.4681,2.0611,0.086613,-0.056007,0.062169,8.6494
2.4681,2.0611,0.086616,-0.056034,0.062183,8.6573
2.4682,2.0611,0.08662,-0.056061,0.062196,8.6571
2.4682,2.0611,0.086623,-0.056083,0.06221,8.6449
2.4683,2.0611,0.086626,-0.056103,0.062223,8.6417
2.4683,2.0611,0.08663,-0.056127,0.062236,8.6491
2.4684,2.0611,0.086633,-0.05615,0.06225,8.6342
2.4684,2.0611,0.086636,-0.056172,0.062263,8.6359
2.4685,2.0611,0.086639,-0.056199,0.062276,8.6507
2.4685,2.0611,0.086643,-0.056227,0.062289,8.6439
2.4686,2.0611,0.086646,-0.056252,0.062303,8.6401
2.4686,2.0611,0.086649,-0.056275,0.062316,8.6557
2.4687,2.0611,0.086653,-0.056298,0.062329,8.6545
2.4687,2.0611,0.086656,-0.056324,0.062342,8.6497
2.4688,2.0611,0.086659,-0.056352,0.062355,8.6493
2.4688,2.0611,0.086662,-0.056381,0.062367,8.6552
2.4689,2.0611,0.086666,-0.056417,0.06238,8.639
2.4689,2.0611,0.086669,-0.056454,0.062392,8.6463
2.469,2.0611,0.086672,-0.056489,0.062404,8.6515
2.4691,2.0611,0.086676,-0.056527,0.062416,8.6492
2.4691,2.0611,0.086679,-0.056566,0.062428,8.6504
2.4692,2.0611,0.086682,-0.056604,0.062439,8.6586
2.4692,2.0611,0.086685,-0.056641,0.06245,8.6488
2.4693,2.0611,0.086689,-0.056677,0.062461,8.6438
2.4693,2.061,0.086692,-0.056711,0.062471,8.6475
2.4694,2.061,0.086695,-0.05674,0.062481,8.6402
2.4694,2.061,0.086699,-0.056766,0.062491,8.6328
2.4695,2.061,0.086702,-0.056792,0.062501,8.6438
2.4695,2.061,0.086705,-0.056818,0.06251,8.6475
2.4696,2.061,0.086708,-0.056844,0.062519,8.6387
2.4696,2.061,0.086712,-0.056871,0.062527,8.6436
2.4697,2.061,0.086715,-0.056897,0.062536,8.6485
2.4697,2.061,0.086718,-0.056923,0.062541,8.636
2.4698,2.061,0.086722,-0.056949,0.06255,8.6353
2.4698,2.061,0.086725,-0.056975,0.06256,8.6362
2.4699,2.061,0.086728,-0.057,0.062572,8.6268
2.4699,2.061,0.086731,-0.057025,0.062593,8.6204
2.47,2.061,0.086735,-0.057051,0.062618,8.6298
2.4701,2.061,0.086738,-0.057074,0.062644,8.6246
2.4701,2.061,0.086741,-0.057098,0.062668,8.6199
2.4702,2.061,0.086745,-0.057125,0.062686,8.627
2.4702,2.061,0.086748,-0.057157,0.062702,8.6191
2.4703,2.061,0.086751,-0.057193,0.062696,8.6142
2.4703,2.061,0.086755,-0.05723,0.062713,8.6196
2.4704,2.061,0.086758,-0.057267,0.062748,8.6224
2.4704,2.061,0.086761,-0.0573,0.062791,8.6101
2.4705,2.061,0.086764,-0.057328,0.062835,8.6157
2.4705,2.061,0.086768,-0.057353,0.062874,8.6201
2.4706,2.061,0.086771,-0.057376,0.062886,8.618
2.4706,2.061,0.086774,-0.057401,0.062903,8.6172
2.4707,2.061,0.086778,-0.057425,0.062913,8.6243
2.4707,2.061,0.086781,-0.057449,0.062946,8.6168
2.4708,2.061,0.086784,-0.057472,0.062981,8.6063
2.4708,2.061,0.086788,-0.057496,0.06301,8.6144
2.4709,2.061,0.086791,-0.057518,0.063028,8.6079
2.4709,2.061,0.086794,-0.05754,0.063027,8.5964
2.471,2.061,0.086798,-0.057562,0.063,8.614
2.4711,2.061,0.086801,-0.057586,0.062991,8.6144
2.4711,2.0609,0.086804,-0.057608,0.062985,8.6043
2.4712,2.0609,0.086808,-0.057622,0.06298,8.6122
2.4712,2.0609,0.086811,-0.057632,0.062975,8.6192
2.4713,2.0609,0.086814,-0.057638,0.062969,8.6077
2.4713,2.0609,0.086817,-0.057642,0.06296,8.6116
2.4714,2.0609,0.086821,-0.057649,0.062947,8.6211
2.4714,2.0609,0.086824,-0.057663,0.06293,8.6079
2.4715,2.0609,0.086827,-0.057679,0.062916,8.6083
2.4715,2.0609,0.086831,-0.057696,0.062898,8.6238
2.4716,2.0609,0.086834,-0.057711,0.062885,8.6196
2.4716,2.0609,0.086837,-0.057728,0.062874,8.6225
2.4717,2.0609,0.086841,-0.057744,0.062864,8.6378
2.4717,2.0609,0.086844,-0.057759,0.062856,8.6316
2.4718,2.0609,0.086847,-0.057776,0.062846,8.6235
2.4718,2.0609,0.086851,-0.057793,0.062835,8.6277
2.4719,2.0609,0.086854,-0.057804,0.062821,8.6332
2.4719,2.0609,0.086857,-0.057812,0.062802,8.62
2.472,2.0609,0.08686,-0.057822,0.062785,8.6288
2.4721,2.0609,0.086864,-0.057833,0.062768,8.6366
2.4721,2.0609,0.086867,-0.057839,0.06275,8.6281
2.4722,2.0609,0.08687,-0.057842,0.062727,8.6318
2.4722,2.0609,0.086874,-0.057842,0.06271,8.6426
2.4723,2.0609,0.086877,-0.057842,0.062697,8.6279
2.4723,2.0609,0.08688,-0.057844,0.062699,8.6265
2.4724,2.0609,0.086884,-0.057848,0.062706,8.6293
2.4724,2.0609,0.086887,-0.05786,0.062716,8.6243
2.4725,2.0609,0.08689,-0.057879,0.062729,8.6167
2.4725,2.0609,0.086894,-0.057896,0.062738,8.6242
2.4726,2.0609,0.086897,-0.05791,0.062743,8.622
2.4726,2.0609,0.0869,-0.057921,0.062746,8.6147
2.4727,2.0609,0.086903,-0.057935,0.062744,8.6303
2.4727,2.0609,0.086907,-0.057946,0.06275,8.6401
2.4728,2.0608,0.08691,-0.057947,0.062745,8.6311
2.4728,2.0608,0.086913,-0.057947,0.062754,8.6338
2.4729,2.0608,0.086917,-0.057947,0.062809,8.6428
2.4729,2.0608,0.08692,-0.057946,0.062898,8.6357
2.473,2.0608,0.086923,-0.057948,0.062989,8.6368
2.4731,2.0608,0.086927,-0.057954,0.063093,8.6482
2.4731,2.0608,0.08693,-0.057969,0.063196,8.65
2.4732,2.0608,0.086933,-0.057988,0.063272,8.6483
2.4732,2.0608,0.086937,-0.058002,0.063307,8.6626
2.4733,2.0608,0.08694,-0.058013,0.063319,8.6636
2.4733,2.0608,0.086943,-0.058023,0.063326,8.659
2.4734,2.0608,0.086947,-0.058027,0.063311,8.6605
2.4734,2.0608,0.08695,-0.058029,0.063261,8.6665
2.4735,2.0608,0.086953,-0.058026,0.063223,8.6508
2.4735,2.0608,0.086957,-0.058019,0.063188,8.6527
2.4736,2.0608,0.08696,-0.058014,0.063153,8.661
2.4736,2.0608,0.086963,-0.058009,0.063126,8.6576
2.4737,2.0608,0.086967,-0.058002,0.063093,8.6602
2.4737,2.0608,0.08697,-0.057996,0.063085,8.67
2.4738,2.0608,0.086973,-0.057992,0.063094,8.6641
2.4738,2.0608,0.086976,-0.057989,0.063095,8.6571
2.4739,2.0608,0.08698,-0.057986,0.063111,8.6657
2.4739,2.0608,0.086983,-0.057986,0.063146,8.6608
2.474,2.0608,0.086986,-0.057986,0.063206,8.6548
2.4741,2.0608,0.08699,-0.057991,0.063301,8.6649
2.4741,2.0608,0.086993,-0.057995,0.063397,8.6691
2.4742,2.0608,0.086996,-0.058,0.0635,8.6654
2.4742,2.0608,0.087,-0.058005,0.063564,8.6755
2.4743,2.0608,0.087003,-0.058009,0.063552,8.6835
2.4743,2.0608,0.087006,-0.058014,0.063509,8.6763
2.4744,2.0608,0.08701,-0.058023,0.063466,8.6825
2.4744,2.0608,0.087013,-0.058031,0.063449,8.6829
2.4745,2.0608,0.087017,-0.058043,0.063485,8.6775
2.4745,2.0607,0.08702,-0.05805,0.063556,8.6823
2.4746,2.0607,0.087023,-0.058055,0.06365,8.6913
2.4746,2.0607,0.087027,-0.058059,0.063742,8.6845
2.4747,2.0607,0.08703,-0.058065,0.063812,8.6892
2.4747,2.0607,0.087033,-0.058072,0.063873,8.7014
2.4748,2.0607,0.087037,-0.058082,0.063927,8.6992
2.4748,2.0607,0.08704,-0.058092,0.063973,8.6904
2.4749,2.0607,0.087043,-0.058106,0.064011,8.6949
2.4749,2.0607,0.087047,-0.058118,0.064042,8.6917
2.475,2.0607,0.08705,-0.058119,0.064065,8.6804
2.4751,2.0607,0.087053,-0.058123,0.064081,8.6816
2.4751,2.0607,0.087057,-0.058127,0.06409,8.6869
2.4752,2.0607,0.08706,-0.058131,0.064107,8.6759
2.4752,2.0607,0.087064,-0.058139,0.064092,8.678
2.4753,2.0607,0.087067,-0.058155,0.064053,8.69
2.4753,2.0607,0.08707,-0.05818,0.064,8.6714
2.4754,2.0607,0.087074,-0.058205,0.063938,8.6754
2.4754,2.0607,0.087077,-0.058226,0.063876,8.6818
2.4755,2.0607,0.08708,-0.05825,0.063818,8.6717
2.4755,2.0607,0.087084,-0.058267,0.063773,8.6577
2.4756,2.0607,0.087087,-0.058282,0.063746,8.6691
2.4756,2.0607,0.087091,-0.05829,0.063697,8.6706
2.4757,2.0607,0.087094,-0.058292,0.063642,8.6691
2.4757,2.0607,0.087097,-0.058286,0.063582,8.6744
2.4758,2.0607,0.087101,-0.058274,0.063516,8.6798
2.4758,2.0607,0.087104,-0.058258,0.063444,8.6703
2.4759,2.0607,0.087107,-0.058243,0.063366,8.6761
2.4759,2.0607,0.087111,-0.058234,0.063283,8.6764
2.476,2.0607,0.087114,-0.058241,0.063195,8.6711
2.4761,2.0607,0.087117,-0.058268,0.063102,8.6647
2.4761,2.0607,0.087121,-0.058303,0.063004,8.6769
2.4762,2.0607,0.087124,-0.058345,0.0629,8.6694
2.4762,2.0607,0.087127,-0.058393,0.062792,8.6703
2.4763,2.0606,0.08713,-0.058438,0.062678,8.685
2.4763,2.0606,0.087134,-0.058479,0.06256,8.6792
2.4764,2.0606,0.087137,-0.05851,0.062438,8.6705
2.4764,2.0606,0.08714,-0.058534,0.062311,8.6754
2.4765,2.0606,0.087144,-0.058555,0.062179,8.6749
2.4765,2.0606,0.087147,-0.058573,0.062043,8.6661
2.4766,2.0606,0.08715,-0.0586,0.061904,8.6676
2.4766,2.0606,0.087153,-0.058631,0.06176,8.6703
2.4767,2.0606,0.087157,-0.058673,0.061612,8.6563
2.4767,2.0606,0.08716,-0.058724,0.06146,8.6646
2.4768,2.0606,0.087163,-0.05878,0.061305,8.6737
2.4768,2.0606,0.087166,-0.05883,0.061146,8.6645
2.4769,2.0606,0.087169,-0.058877,0.060983,8.6617
2.4769,2.0606,0.087173,-0.058928,0.060817,8.6631
2.477,2.0606,0.087176,-0.058979,0.060648,8.6591
2.4771,2.0606,0.087179,-0.059029,0.060475,8.653
2.4771,2.0606,0.087182,-0.059082,0.060299,8.6623
2.4772,2.0606,0.087185,-0.059141,0.060121,8.666
2.4772,2.0606,0.087189,-0.059201,0.059939,8.6605
2.4773,2.0606,0.087192,-0.059258,0.059754,8.6717
2.4773,2.0606,0.087195,-0.059309,0.059567,8.6759
2.4774,2.0606,0.087198,-0.059353,0.059377,8.6631
2.4774,2.0606,0.087201,-0.059392,0.059185,8.6692
2.4775,2.0606,0.087204,-0.059422,0.05899,8.6698
2.4775,2.0606,0.087207,-0.059449,0.058793,8.6633
2.4776,2.0606,0.08721,-0.05948,0.058594,8.6634
2.4776,2.0606,0.087213,-0.059519,0.058392,8.6722
2.4777,2.0606,0.087216,-0.059564,0.058189,8.6593
2.4777,2.0606,0.08722,-0.059616,0.057983,8.6624
2.4778,2.0606,0.087223,-0.059667,0.057776,8.6711
2.4778,2.0606,0.087226,-0.059718,0.057567,8.6651
2.4779,2.0606,0.087229,-0.059763,0.057355,8.6532
2.4779,2.0605,0.087232,-0.059805,0.057142,8.6608
2.478,2.0605,0.087235,-0.059839,0.056928,8.6653
2.4781,2.0605,0.087238,-0.059865,0.056711,8.6536
2.4781,2.0605,0.087241,-0.059879,0.056494,8.6567
2.4782,2.0605,0.087244,-0.059892,0.056275,8.6602
2.4782,2.0605,0.087246,-0.059898,0.056056,8.6518
2.4783,2.0605,0.087249,-0.059903,0.055835,8.6604
2.4783,2.0605,0.087252,-0.05991,0.055614,8.6767
2.4784,2.0605,0.087255,-0.059926,0.055391,8.6719
2.4784,2.0605,0.087258,-0.059944,0.055168,8.6757
2.4785,2.0605,0.087261,-0.059962,0.054944,8.6846
2.4785,2.0605,0.087264,-0.059982,0.05472,8.6783
2.4786,2.0605,0.087267,-0.060008,0.054495,8.6819
2.4786,2.0605,0.08727,-0.060034,0.054269,8.6954
2.4787,2.0605,0.087273,-0.060066,0.054043,8.691
2.4787,2.0605,0.087275,-0.060101,0.053817,8.688
2.4788,2.0605,0.087278,-0.060138,0.05359,8.7003
2.4788,2.0605,0.087281,-0.060166,0.053363,8.7085
2.4789,2.0605,0.087284,-0.060188,0.053136,8.6993
2.4789,2.0605,0.087287,-0.060206,0.052909,8.7075
2.479,2.0605,0.087289,-0.060216,0.052682,8.716
2.4791,2.0605,0.087292,-0.060217,0.052456,8.7045
2.4791,2.0605,0.087295,-0.060215,0.052229,8.699
2.4792,2.0605,0.087298,-0.060213,0.052003,8.7101
2.4792,2.0605,0.0873,-0.060215,0.051778,8.7005
2.4793,2.0605,0.087303,-0.060221,0.051553,8.6962
2.4793,2.0605,0.087306,-0.060231,0.051329,8.7085
2.4794,2.0605,0.087308,-0.060254,0.051106,8.7063
2.4794,2.0605,0.087311,-0.060285,0.050884,8.6959
2.4795,2.0605,0.087314,-0.060309,0.050663,8.707
2.4795,2.0605,0.087316,-0.06033,0.050443,8.7012
2.4796,2.0605,0.087319,-0.060361,0.050225,8.6945
2.4796,2.0604,0.087322,-0.060396,0.050007,8.7023
2.4797,2.0604,0.087324,-0.06043,0.04979,8.7008
2.4797,2.0604,0.087327,-0.060465,0.049575,8.6946
2.4798,2.0604,0.08733,-0.060504,0.049362,8.6993
2.4798,2.0604,0.087332,-0.060541,0.04915,8.7076
2.4799,2.0604,0.087335,-0.060566,0.04894,8.7003
2.4799,2.0604,0.087337,-0.06059,0.048732,8.701
2.48,2.0604,0.08734,-0.060616,0.048526,8.7101
2.4801,2.0604,0.087342,-0.060645,0.048322,8.6971
2.4801,2.0604,0.087345,-0.060673,0.048118,8.6969
2.4802,2.0604,0.087347,-0.060714,0.047918,8.7021
2.4802,2.0604,0.08735,-0.060763,0.047742,8.7007
2.4803,2.0604,0.087352,-0.060816,0.04755,8.6944
2.4803,2.0604,0.087355,-0.060869,0.047341,8.7073
2.4804,2.0604,0.087357,-0.060917,0.047127,8.7068
2.4804,2.0604,0.08736,-0.060963,0.046908,8.6937
2.4805,2.0604,0.087362,-0.061005,0.046694,8.6989
2.4805,2.0604,0.087365,-0.061044,0.046503,8.6993
2.4806,2.0604,0.087367,-0.061087,0.046307,8.6892
2.4806,2.0604,0.08737,-0.061127,0.04612,8.6845
2.4807,2.0604,0.087372,-0.061162,0.045907,8.6824
2.4807,2.0604,0.087374,-0.061194,0.045686,8.6747
2.4808,2.0604,0.087377,-0.061224,0.045468,8.6721
2.4808,2.0604,0.087379,-0.061252,0.045259,8.6807
2.4809,2.0604,0.087382,-0.061279,0.045072,8.6729
2.4809,2.0604,0.087384,-0.061307,0.044915,8.6649
2.481,2.0604,0.087386,-0.061338,0.044742,8.6772
2.4811,2.0604,0.087389,-0.061366,0.044572,8.6691
2.4811,2.0604,0.087391,-0.061394,0.044408,8.6605
2.4812,2.0604,0.087393,-0.061421,0.044257,8.6623
2.4812,2.0604,0.087396,-0.06145,0.044113,8.6635
2.4813,2.0603,0.087398,-0.061474,0.043978,8.6519
2.4813,2.0603,0.0874,-0.061496,0.043852,8.6575
2.4814,2.0603,0.087403,-0.061515,0.043736,8.6674
2.4814,2.0603,0.087405,-0.061533,0.043618,8.662
2.4815,2.0603,0.087407,-0.061551,0.043507,8.6624
2.4815,2.0603,0.087409,-0.061571,0.043402,8.6714
2.4816,2.0603,0.087412,-0.061592,0.043308,8.6574
2.4816,2.0603,0.087414,-0.061617,0.043212,8.6452
2.4817,2.0603,0.087416,-0.06164,0.043116,8.6529
2.4817,2.0603,0.087419,-0.061659,0.043024,8.6495
2.4818,2.0603,0.087421,-0.061674,0.042936,8.645
2.4818,2.0603,0.087423,-0.06169,0.042855,8.6502
2.4819,2.0603,0.087425,-0.061702,0.04278,8.6506
2.4819,2.0603,0.087428,-0.061709,0.042713,8.6383
2.482,2.0603,0.08743,-0.061712,0.042656,8.6405
2.4821,2.0603,0.087432,-0.061718,0.042601,8.6455
2.4821,2.0603,0.087434,-0.061726,0.042555,8.6337
2.4822,2.0603,0.087436,-0.061729,0.042513,8.6269
2.4822,2.0603,0.087439,-0.06173,0.042471,8.6366
2.4823,2.0603,0.087441,-0.061736,0.042427,8.6261
2.4823,2.0603,0.087443,-0.061741,0.042382,8.6227
2.4824,2.0603,0.087445,-0.061741,0.042341,8.6328
2.4824,2.0603,0.087448,-0.061737,0.042306,8.6315
2.4825,2.0603,0.08745,-0.061737,0.042282,8.6258
2.4825,2.0603,0.087452,-0.061739,0.042272,8.6395
2.4826,2.0603,0.087454,-0.061742,0.042276,8.6383
2.4826,2.0603,0.087457,-0.061746,0.042286,8.6255
2.4827,2.0603,0.087459,-0.061759,0.042296,8.6339
2.4827,2.0603,0.087461,-0.06178,0.04232,8.6403
2.4828,2.0603,0.087463,-0.061805,0.042335,8.6297
2.4828,2.0603,0.087465,-0.061828,0.042307,8.6379
2.4829,2.0602,0.087468,-0.061852,0.042248,8.6443
2.4829,2.0602,0.08747,-0.061872,0.042193,8.645
2.483,2.0602,0.087472,-0.061887,0.042122,8.6387
2.4831,2.0602,0.087474,-0.061894,0.042048,8.6485
2.4831,2.0602,0.087477,-0.061899,0.041997,8.6398
2.4832,2.0602,0.087479,-0.061902,0.041986,8.6371
2.4832,2.0602,0.087481,-0.061907,0.041995,8.6375
2.4833,2.0602,0.087483,-0.061913,0.042006,8.6329
2.4833,2.0602,0.087485,-0.061918,0.042042,8.6273
2.4834,2.0602,0.087488,-0.061923,0.042119,8.6289
2.4834,2.0602,0.08749,-0.061931,0.042188,8.6346
2.4835,2.0602,0.087492,-0.061942,0.042264,8.6229
2.4835,2.0602,0.087494,-0.061957,0.042348,8.6276
2.4836,2.0602,0.087497,-0.061972,0.042431,8.6305
2.4836,2.0602,0.087499,-0.061994,0.042529,8.621
2.4837,2.0602,0.087501,-0.062018,0.042608,8.624
2.4837,2.0602,0.087503,-0.062039,0.042675,8.6239
2.4838,2.0602,0.087505,-0.062054,0.04274,8.6168
2.4838,2.0602,0.087508,-0.062078,0.042803,8.6189
2.4839,2.0602,0.08751,-0.062103,0.04289,8.6249
2.4839,2.0602,0.087512,-0.062138,0.042976,8.633
2.484,2.0602,0.087515,-0.06218,0.043033,8.6314
2.4841,2.0602,0.087517,-0.062223,0.043078,8.6418
2.4841,2.0602,0.087519,-0.062262,0.04309,8.6371
2.4842,2.0602,0.087521,-0.062292,0.043103,8.626
2.4842,2.0602,0.087524,-0.062309,0.043135,8.6392
2.4843,2.0602,0.087526,-0.06232,0.043217,8.6449
2.4843,2.0602,0.087528,-0.062326,0.043338,8.6297
2.4844,2.0602,0.08753,-0.062346,0.04343,8.6403
2.4844,2.0602,0.087533,-0.062376,0.043494,8.6534
2.4845,2.0601,0.087535,-0.062423,0.04353,8.6527
2.4845,2.0601,0.087537,-0.062483,0.043531,8.6472
2.4846,2.0601,0.08754,-0.062551,0.043507,8.6581
2.4846,2.0601,0.087542,-0.06262,0.043452,8.6484
2.4847,2.0601,0.087544,-0.062681,0.043423,8.6478
2.4847,2.0601,0.087546,-0.062738,0.043377,8.6553
2.4848,2.0601,0.087549,-0.062788,0.043339,8.6455
2.4848,2.0601,0.087551,-0.062833,0.043319,8.6325
2.4849,2.0601,0.087553,-0.062874,0.043311,8.6437
2.4849,2.0601,0.087556,-0.062918,0.043317,8.6534
2.485,2.0601,0.087558,-0.062958,0.043349,8.6401
2.4851,2.0601,0.08756,-0.062994,0.043355,8.6467
2.4851,2.0601,0.087562,-0.063027,0.043371,8.6508
2.4852,2.0601,0.087565,-0.063056,0.043373,8.6379
2.4852,2.0601,0.087567,-0.063086,0.043391,8.6363
2.4853,2.0601,0.087569,-0.063103,0.043408,8.6479
2.4853,2.0601,0.087572,-0.06311,0.043422,8.6361
2.4854,2.0601,0.087574,-0.063118,0.043424,8.6312
2.4854,2.0601,0.087576,-0.06312,0.043411,8.6455
2.4855,2.0601,0.087578,-0.063119,0.043339,8.641
2.4855,2.0601,0.087581,-0.063122,0.043214,8.6443
2.4856,2.0601,0.087583,-0.063132,0.043072,8.6563
2.4856,2.0601,0.087585,-0.063154,0.04296,8.6627
2.4857,2.0601,0.087587,-0.063175,0.042889,8.6588
2.4857,2.0601,0.08759,-0.063201,0.042828,8.6625
2.4858,2.0601,0.087592,-0.063231,0.042749,8.6667
2.4858,2.0601,0.087594,-0.063261,0.042663,8.6556
2.4859,2.0601,0.087596,-0.063285,0.042573,8.6596
2.4859,2.0601,0.087599,-0.0633,0.042476,8.6659
2.486,2.0601,0.087601,-0.063299,0.042407,8.6637
2.4861,2.06,0.087603,-0.063292,0.042398,8.66
2.4861,2.06,0.087605,-0.063275,0.042384,8.6689
2.4862,2.06,0.087608,-0.063252,0.042355,8.6581
2.4862,2.06,0.08761,-0.063227,0.042295,8.6511
2.4863,2.06,0.087612,-0.063205,0.04224,8.6557
2.4863,2.06,0.087614,-0.063189,0.042159,8.648
2.4864,2.06,0.087616,-0.06318,0.042066,8.6324
2.4864,2.06,0.087619,-0.063173,0.041975,8.6438
2.4865,2.06,0.087621,-0.063169,0.041899,8.6404
2.4865,2.06,0.087623,-0.063157,0.04182,8.6308
2.4866,2.06,0.087625,-0.06314,0.041736,8.6285
2.4866,2.06,0.087627,-0.06311,0.041622,8.6295
2.4867,2.06,0.08763,-0.063069,0.041501,8.611
2.4867,2.06,0.087632,-0.063022,0.041348,8.6089
2.4868,2.06,0.087634,-0.062975,0.041191,8.6145
2.4868,2.06,0.087636,-0.062924,0.04106,8.6082
2.4869,2.06,0.087638,-0.062865,0.040927,8.6026
2.4869,2.06,0.08764,-0.062801,0.040813,8.6105
2.487,2.06,0.087643,-0.062734,0.040691,8.6126
2.4871,2.06,0.087645,-0.062662,0.040547,8.6078
2.4871,2.06,0.087647,-0.062583,0.040408,8.6222
2.4872,2.06,0.087649,-0.062501,0.04028,8.6205
2.4872,2.06,0.087651,-0.062417,0.040162,8.6161
2.4873,2.06,0.087653,-0.062334,0.040063,8.6304
2.4873,2.06,0.087655,-0.062255,0.039947,8.6258
2.4874,2.06,0.087657,-0.062179,0.039823,8.6157
2.4874,2.06,0.08766,-0.062109,0.039688,8.6171
2.4875,2.06,0.087662,-0.062039,0.039543,8.6223
2.4875,2.06,0.087664,-0.061966,0.039395,8.6177
2.4876,2.06,0.087666,-0.061882,0.039239,8.6184
2.4876,2.06,0.087668,-0.06179,0.039069,8.6308
2.4877,2.0599,0.08767,-0.061687,0.038895,8.6204
2.4877,2.0599,0.087672,-0.061581,0.038721,8.6127
2.4878,2.0599,0.087674,-0.061471,0.038546,8.613
2.4878,2.0599,0.087676,-0.061363,0.038369,8.6117
2.4879,2.0599,0.087678,-0.061255,0.038189,8.601
2.4879,2.0599,0.08768,-0.061152,0.038009,8.6026
2.488,2.0599,0.087682,-0.061056,0.037824,8.614
2.4881,2.0599,0.087684,-0.06097,0.037631,8.6081
2.4881,2.0599,0.087686,-0.060885,0.037432,8.6121
2.4882,2.0599,0.087688,-0.060807,0.037228,8.626
2.4882,2.0599,0.08769,-0.060732,0.037018,8.6136
2.4883,2.0599,0.087692,-0.060655,0.036803,8.6132
2.4883,2.0599,0.087694,-0.06057,0.036582,8.6189
2.4884,2.0599,0.087696,-0.060484,0.036357,8.6202
2.4884,2.0599,0.087697,-0.060396,0.036126,8.6215
2.4885,2.0599,0.087699,-0.060308,0.03589,8.6262
2.4885,2.0599,0.087701,-0.060213,0.03565,8.632
2.4886,2.0599,0.087703,-0.060117,0.035406,8.6295
2.4886,2.0599,0.087705,-0.060015,0.035157,8.6446
2.4887,2.0599,0.087707,-0.059908,0.034905,8.6462
2.4887,2.0599,0.087709,-0.059798,0.034648,8.6348
2.4888,2.0599,0.08771,-0.059695,0.034388,8.6421
2.4888,2.0599,0.087712,-0.059598,0.034125,8.6366
2.4889,2.0599,0.087714,-0.059506,0.033858,8.6295
2.4889,2.0599,0.087716,-0.059425,0.033588,8.6348
2.489,2.0599,0.087718,-0.059349,0.033316,8.6416
2.4891,2.0599,0.087719,-0.059276,0.03304,8.6343
2.4891,2.0599,0.087721,-0.059204,0.032762,8.6312
2.4892,2.0599,0.087723,-0.059133,0.032481,8.6401
2.4892,2.0599,0.087724,-0.059064,0.032197,8.6305
2.4893,2.0599,0.087726,-0.058996,0.03191,8.6289
2.4893,2.0598,0.087728,-0.058922,0.031621,8.6308
2.4894,2.0598,0.087729,-0.058848,0.03133,8.623
2.4894,2.0598,0.087731,-0.058779,0.031037,8.6236
2.4895,2.0598,0.087733,-0.058711,0.030742,8.631
2.4895,2.0598,0.087734,-0.058635,0.030446,8.6348
2.4896,2.0598,0.087736,-0.058553,0.030149,8.6301
2.4896,2.0598,0.087737,-0.058471,0.029851,8.6404
2.4897,2.0598,0.087739,-0.058388,0.029553,8.6528
2.4897,2.0598,0.08774,-0.058302,0.029255,8.6444
2.4898,2.0598,0.087742,-0.058218,0.028957,8.6496
2.4898,2.0598,0.087744,-0.058146,0.028658,8.6526
2.4899,2.0598,0.087745,-0.058077,0.028359,8.6511
2.4899,2.0598,0.087746,-0.058013,0.02806,8.6467
2.49,2.0598,0.087748,-0.057955,0.027761,8.6589
2.4901,2.0598,0.087749,-0.057902,0.027464,8.6633
2.4901,2.0598,0.087751,-0.057838,0.027167,8.6572
2.4902,2.0598,0.087752,-0.057761,0.026863,8.6709
2.4902,2.0598,0.087754,-0.057674,0.026554,8.6764
2.4903,2.0598,0.087755,-0.057575,0.026246,8.6679
2.4903,2.0598,0.087756,-0.057473,0.025933,8.6752
2.4904,2.0598,0.087758,-0.05737,0.025623,8.67
2.4904,2.0598,0.087759,-0.05727,0.025312,8.6608
2.4905,2.0598,0.08776,-0.057173,0.025005,8.6612
2.4905,2.0598,0.087762,-0.05707,0.0247,8.6756
2.4906,2.0598,0.087763,-0.05697,0.024394,8.6615
2.4906,2.0598,0.087764,-0.056877,0.024093,8.6638
2.4907,2.0598,0.087765,-0.056788,0.0238,8.6723
2.4907,2.0598,0.087767,-0.056704,0.023509,8.6673
2.4908,2.0598,0.087768,-0.056624,0.023226,8.6667
2.4908,2.0598,0.087769,-0.056545,0.022942,8.6678
2.4909,2.0598,0.08777,-0.056463,0.022662,8.6689
2.4909,2.0598,0.087772,-0.056378,0.022387,8.6604
2.491,2.0598,0.087773,-0.056295,0.022113,8.6695
2.4911,2.0597,0.087774,-0.056213,0.021838,8.6693
2.4911,2.0597,0.087775,-0.056129,0.021556,8.6663
2.4912,2.0597,0.087776,-0.056043,0.021274,8.6837
2.4912,2.0597,0.087777,-0.055962,0.020991,8.6992
2.4913,2.0597,0.087778,-0.055887,0.020707,8.688
2.4913,2.0597,0.087779,-0.055813,0.020424,8.6972
2.4914,2.0597,0.08778,-0.055741,0.020146,8.7038
2.4914,2.0597,0.087781,-0.055671,0.019869,8.699
2.4915,2.0597,0.087782,-0.055602,0.019592,8.7033
2.4915,2.0597,0.087784,-0.05553,0.01931,8.7101
2.4916,2.0597,0.087785,-0.055456,0.019038,8.7071
2.4916,2.0597,0.087785,-0.055384,0.018772,8.7003
2.4917,2.0597,0.087786,-0.055313,0.01851,8.713
2.4917,2.0597,0.087787,-0.055253,0.018253,8.7116
2.4918,2.0597,0.087788,-0.0552,0.017998,8.6983
2.4918,2.0597,0.087789,-0.055153,0.017745,8.708
2.4919,2.0597,0.08779,-0.05511,0.017493,8.7012
2.4919,2.0597,0.087791,-0.055075,0.01724,8.6888
2.492,2.0597,0.087792,-0.055044,0.016992,8.6881
2.4921,2.0597,0.087793,-0.055013,0.016748,8.6959
2.4921,2.0597,0.087794,-0.054983,0.016507,8.678
2.4922,2.0597,0.087795,-0.05496,0.016269,8.6775
2.4922,2.0597,0.087795,-0.054928,0.016036,8.6877
2.4923,2.0597,0.087796,-0.054895,0.015806,8.6801
2.4923,2.0597,0.087797,-0.054861,0.015579,8.6701
2.4924,2.0597,0.087798,-0.054836,0.015357,8.683
2.4924,2.0597,0.087799,-0.054812,0.015138,8.6747
2.4925,2.0597,0.0878,-0.054788,0.014924,8.668
2.4925,2.0597,0.0878,-0.05477,0.014713,8.6673
2.4926,2.0597,0.087801,-0.054741,0.014507,8.6728
2.4926,2.0597,0.087802,-0.054707,0.014304,8.6641
2.4927,2.0597,0.087803,-0.054688,0.014106,8.6719
2.4927,2.0597,0.087803,-0.05468,0.013912,8.6836
2.4928,2.0597,0.087804,-0.054694,0.013722,8.6777
2.4928,2.0597,0.087805,-0.054719,0.013536,8.6826
2.4929,2.0596,0.087805,-0.054756,0.013355,8.6888
2.4929,2.0596,0.087806,-0.054789,0.013178,8.6737
2.493,2.0596,0.087807,-0.054793,0.013006,8.6675
2.4931,2.0596,0.087807,-0.054783,0.012839,8.6759
2.4931,2.0596,0.087808,-0.054768,0.012677,8.6729
2.4932,2.0596,0.087809,-0.054756,0.01252,8.67
2.4932,2.0596,0.087809,-0.054745,0.012368,8.6747
2.4933,2.0596,0.08781,-0.054744,0.012221,8.6736
2.4933,2.0596,0.087811,-0.054761,0.012065,8.6673
2.4934,2.0596,0.087811,-0.054775,0.011939,8.6742
2.4934,2.0596,0.087812,-0.054778,0.01182,8.6725
2.4935,2.0596,0.087813,-0.054778,0.011726,8.657
2.4935,2.0596,0.087813,-0.054774,0.011664,8.6573
2.4936,2.0596,0.087814,-0.054768,0.011638,8.6611
2.4936,2.0596,0.087814,-0.054748,0.011642,8.6545
2.4937,2.0596,0.087815,-0.054726,0.011664,8.6585
2.4937,2.0596,0.087816,-0.05471,0.011702,8.672
2.4938,2.0596,0.087816,-0.054686,0.011753,8.6639
2.4938,2.0596,0.087817,-0.054657,0.011744,8.6562
2.4939,2.0596,0.087818,-0.054631,0.011704,8.6714
2.4939,2.0596,0.087818,-0.054605,0.011645,8.6681
2.494,2.0596,0.087819,-0.054589,0.01158,8.6595
2.4941,2.0596,0.087819,-0.054591,0.011523,8.6714
2.4941,2.0596,0.08782,-0.05461,0.011491,8.6734
2.4942,2.0596,0.087821,-0.054646,0.011512,8.669
2.4942,2.0596,0.087821,-0.054694,0.011519,8.6829
2.4943,2.0596,0.087822,-0.054741,0.011493,8.6892
2.4943,2.0596,0.087822,-0.054778,0.011469,8.681
2.4944,2.0596,0.087823,-0.054797,0.011416,8.6874
2.4944,2.0596,0.087824,-0.054803,0.011345,8.6872
2.4945,2.0596,0.087824,-0.054786,0.011271,8.6814
2.4945,2.0596,0.087825,-0.054745,0.011208,8.6756
2.4946,2.0596,0.087825,-0.054693,0.011186,8.6803
2.4946,2.0596,0.087826,-0.05464,0.011132,8.6742
2.4947,2.0595,0.087827,-0.054591,0.011096,8.6626
2.4947,2.0595,0.087827,-0.054554,0.011052,8.6786
2.4948,2.0595,0.087828,-0.054535,0.010988,8.6764
2.4948,2.0595,0.087828,-0.054529,0.010905,8.6724
2.4949,2.0595,0.087829,-0.054526,0.010795,8.6875
2.4949,2.0595,0.087829,-0.054523,0.01065,8.6783
2.495,2.0595,0.08783,-0.054518,0.01052,8.6725
2.4951,2.0595,0.08783,-0.054506,0.010356,8.6757
2.4951,2.0595,0.087831,-0.054491,0.01023,8.6894
2.4952,2.0595,0.087832,-0.054469,0.010101,8.6752
2.4952,2.0595,0.087832,-0.054453,0.0099734,8.6845
2.4953,2.0595,0.087833,-0.054439,0.0098368,8.6991
2.4953,2.0595,0.087833,-0.054427,0.0096971,8.6988
2.4954,2.0595,0.087834,-0.054414,0.0095509,8.6979
2.4954,2.0595,0.087834,-0.054397,0.0094393,8.7162
2.4955,2.0595,0.087835,-0.054373,0.0093612,8.7032
2.4955,2.0595,0.087835,-0.054344,0.0093226,8.7007
2.4956,2.0595,0.087836,-0.054301,0.0092682,8.7142
2.4956,2.0595,0.087836,-0.054258,0.0091442,8.7161
2.4957,2.0595,0.087837,-0.054212,0.0089822,8.7106
2.4957,2.0595,0.087837,-0.05416,0.0088227,8.7155
2.4958,2.0595,0.087837,-0.054102,0.0086727,8.7284
2.4958,2.0595,0.087838,-0.054036,0.0085033,8.7213
2.4959,2.0595,0.087838,-0.053968,0.008337,8.7294
2.4959,2.0595,0.087839,-0.053903,0.0081466,8.7241
2.496,2.0595,0.087839,-0.053839,0.0079119,8.7111
2.4961,2.0595,0.08784,-0.053781,0.0076654,8.7064
2.4961,2.0595,0.08784,-0.053724,0.0074429,8.7069
2.4962,2.0595,0.08784,-0.053672,0.0072623,8.6962
2.4962,2.0595,0.087841,-0.053624,0.0070945,8.695
2.4963,2.0595,0.087841,-0.053573,0.0069345,8.7099
2.4963,2.0595,0.087841,-0.053518,0.0067781,8.6995
2.4964,2.0595,0.087842,-0.053461,0.0066061,8.6947
2.4964,2.0595,0.087842,-0.053401,0.0064062,8.6997
2.4965,2.0595,0.087842,-0.053338,0.006196,8.6996
2.4965,2.0594,0.087843,-0.053269,0.0059802,8.6867
2.4966,2.0594,0.087843,-0.0532,0.0057795,8.6921
2.4966,2.0594,0.087843,-0.053125,0.0055776,8.6992
2.4967,2.0594,0.087844,-0.05304,0.0054085,8.6882
2.4967,2.0594,0.087844,-0.052949,0.0052451,8.6979
2.4968,2.0594,0.087844,-0.052855,0.0050603,8.7059
2.4968,2.0594,0.087844,-0.052764,0.0048808,8.7048
2.4969,2.0594,0.087845,-0.05268,0.0046778,8.7065
2.4969,2.0594,0.087845,-0.052595,0.00448,8.7138
2.497,2.0594,0.087845,-0.052512,0.0042952,8.7075
2.4971,2.0594,0.087845,-0.052426,0.0040886,8.7008
2.4971,2.0594,0.087846,-0.052331,0.0038642,8.7045
2.4972,2.0594,0.087846,-0.052233,0.0036186,8.704
2.4972,2.0594,0.087846,-0.052135,0.0033404,8.6878
2.4973,2.0594,0.087846,-0.052044,0.0030707,8.6985
2.4973,2.0594,0.087846,-0.051957,0.0028005,8.7014
2.4974,2.0594,0.087846,-0.051872,0.0025354,8.6919
2.4974,2.0594,0.087847,-0.051795,0.0022732,8.6897
2.4975,2.0594,0.087847,-0.051725,0.0020048,8.6944
2.4975,2.0594,0.087847,-0.051655,0.0017422,8.6842
2.4976,2.0594,0.087847,-0.051585,0.0014873,8.6791
2.4976,2.0594,0.087847,-0.05151,0.001229,8.6814
2.4977,2.0594,0.087847,-0.05143,0.00096507,8.6641
2.4977,2.0594,0.087847,-0.051346,0.00069837,8.6569
2.4978,2.0594,0.087847,-0.051258,0.00042293,8.6639
2.4978,2.0594,0.087847,-0.051169,0.00014321,8.6682
2.4979,2.0594,0.087847,-0.051084,-0.00014572,8.6539
2.4979,2.0594,0.087847,-0.050999,-0.00043859,8.6684
2.498,2.0594,0.087847,-0.050913,-0.00072884,8.662
2.4981,2.0594,0.087847,-0.050823,-0.0010231,8.6501
2.4981,2.0594,0.087847,-0.050734,-0.0013268,8.6544
2.4982,2.0594,0.087847,-0.050648,-0.0016369,8.6562
2.4982,2.0594,0.087847,-0.050566,-0.0019509,8.6442
2.4983,2.0594,0.087846,-0.050487,-0.0022636,8.6501
2.4983,2.0594,0.087846,-0.050413,-0.0025791,8.6619
2.4984,2.0594,0.087846,-0.05034,-0.0028914,8.6638
2.4984,2.0594,0.087846,-0.050265,-0.0032035,8.6583
2.4985,2.0593,0.087846,-0.050187,-0.0035161,8.6722
2.4985,2.0593,0.087846,-0.050108,-0.0038374,8.6699
2.4986,2.0593,0.087845,-0.050031,-0.0041612,8.6613
2.4986,2.0593,0.087845,-0.049948,-0.0044838,8.664
2.4987,2.0593,0.087845,-0.049865,-0.0048018,8.6619
2.4987,2.0593,0.087845,-0.049775,-0.0051196,8.6438
2.4988,2.0593,0.087844,-0.049682,-0.0054326,8.6498
2.4988,2.0593,0.087844,-0.049588,-0.0057462,8.6517
2.4989,2.0593,0.087844,-0.049491,-0.0060567,8.6411
2.4989,2.0593,0.087843,-0.049402,-0.0063708,8.6431
2.499,2.0593,0.087843,-0.049323,-0.006683,8.6476
2.4991,2.0593,0.087843,-0.04924,-0.0069998,8.6357
2.4991,2.0593,0.087842,-0.049169,-0.0073195,8.6371
2.4992,2.0593,0.087842,-0.049099,-0.0076404,8.6347
2.4992,2.0593,0.087841,-0.049028,-0.0079611,8.6275
2.4993,2.0593,0.087841,-0.048952,-0.0082803,8.6245
2.4993,2.0593,0.087841,-0.048867,-0.0085968,8.637
2.4994,2.0593,0.08784,-0.048779,-0.0089096,8.6323
2.4994,2.0593,0.08784,-0.048688,-0.0092176,8.6293
2.4995,2.0593,0.087839,-0.048587,-0.0095277,8.6372
2.4995,2.0593,0.087839,-0.048488,-0.0098374,8.6428
2.4996,2.0593,0.087838,-0.048384,-0.010147,8.6299
2.4996,2.0593,0.087838,-0.048276,-0.010456,8.6391
2.4997,2.0593,0.087837,-0.048154,-0.010764,8.64
2.4997,2.0593,0.087836,-0.048034,-0.011071,8.6344
2.4998,2.0593,0.087836,-0.047936,-0.011377,8.6328
2.4998,2.0593,0.087835,-0.047849,-0.011682,8.6519
2.4999,2.0593,0.087835,-0.047767,-0.011985,8.6538
2.4999,2.0593,0.087834,-0.047675,-0.012286,8.646
2.5,2.0593,0.087833,-0.047571,-0.012585,8.6595
2.5001,2.0593,0.087833,-0.047464,-0.012882,8.6478
2.5001,2.0593,0.087832,-0.047351,-0.013177,8.6367
2.5002,2.0593,0.087831,-0.047253,-0.01347,8.6398
2.5002,2.0593,0.08783,-0.047185,-0.013761,8.64
2.5003,2.0593,0.08783,-0.047136,-0.014049,8.6245
2.5003,2.0593,0.087829,-0.047091,-0.014335,8.6307
2.5004,2.0593,0.087828,-0.047035,-0.014618,8.6346
2.5004,2.0593,0.087827,-0.046976,-0.014898,8.6299
2.5005,2.0593,0.087827,-0.046918,-0.015176,8.6312
2.5005,2.0592,0.087826,-0.046858,-0.015451,8.6398
2.5006,2.0592,0.087825,-0.046797,-0.015722,8.6272
2.5006,2.0592,0.087824,-0.04674,-0.015991,8.6274
2.5007,2.0592,0.087823,-0.046687,-0.016257,8.6355
2.5007,2.0592,0.087822,-0.046626,-0.01652,8.6336
2.5008,2.0592,0.087821,-0.046562,-0.01678,8.6275
2.5008,2.0592,0.087821,-0.046498,-0.017036,8.6419
2.5009,2.0592,0.08782,-0.046434,-0.017303,8.6425
2.5009,2.0592,0.087819,-0.046367,-0.017543,8.6432
2.501,2.0592,0.087818,-0.0463,-0.017763,8.6565
2.5011,2.0592,0.087817,-0.046234,-0.017971,8.6588
2.5011,2.0592,0.087816,-0.046167,-0.018173,8.6467
2.5012,2.0592,0.087815,-0.046099,-0.018377,8.657
2.5012,2.0592,0.087814,-0.046029,-0.018589,8.6602
2.5013,2.0592,0.087813,-0.045959,-0.018814,8.6535
2.5013,2.0592,0.087812,-0.045887,-0.019059,8.6521
2.5014,2.0592,0.087811,-0.045814,-0.019284,8.6614
2.5014,2.0592,0.08781,-0.045739,-0.019505,8.6538
2.5015,2.0592,0.087809,-0.045665,-0.019722,8.6569
2.5015,2.0592,0.087808,-0.045589,-0.019933,8.6669
2.5016,2.0592,0.087807,-0.045513,-0.020154,8.6564
2.5016,2.0592,0.087806,-0.04544,-0.02036,8.6481
2.5017,2.0592,0.087805,-0.045359,-0.020534,8.6515
2.5017,2.0592,0.087804,-0.045271,-0.020669,8.6445
2.5018,2.0592,0.087802,-0.045179,-0.020762,8.6313
2.5018,2.0592,0.087801,-0.04509,-0.020819,8.6371
2.5019,2.0592,0.0878,-0.044994,-0.020852,8.6435
2.5019,2.0592,0.087799,-0.044894,-0.020878,8.6357
2.502,2.0592,0.087798,-0.044795,-0.020922,8.6411
2.5021,2.0592,0.087797,-0.044703,-0.020968,8.6561
2.5021,2.0592,0.087796,-0.044608,-0.021016,8.6405
2.5022,2.0592,0.087795,-0.04452,-0.021067,8.6423
2.5022,2.0592,0.087794,-0.044435,-0.02112,8.6517
2.5023,2.0592,0.087793,-0.044356,-0.021174,8.6458
2.5023,2.0592,0.087791,-0.044271,-0.021231,8.6509
2.5024,2.0592,0.08779,-0.044187,-0.021288,8.6626
2.5024,2.0592,0.087789,-0.044102,-0.021347,8.6621
2.5025,2.0592,0.087788,-0.044013,-0.021406,8.6623
2.5025,2.0592,0.087787,-0.043934,-0.021466,8.673
2.5026,2.0592,0.087786,-0.043854,-0.021526,8.6763
2.5026,2.0592,0.087785,-0.04376,-0.021586,8.6709
2.5027,2.0592,0.087784,-0.043654,-0.021647,8.673
2.5027,2.0591,0.087782,-0.04353,-0.021707,8.6777
2.5028,2.0591,0.087781,-0.043392,-0.021767,8.6674
2.5028,2.0591,0.08778,-0.043237,-0.021826,8.6683
2.5029,2.0591,0.087779,-0.043082,-0.021885,8.679
2.5029,2.0591,0.087778,-0.042953,-0.021942,8.6709
2.503,2.0591,0.087777,-0.042837,-0.021999,8.6687
2.5031,2.0591,0.087775,-0.042728,-0.022055,8.6783
2.5031,2.0591,0.087774,-0.042617,-0.022109,8.6686
2.5032,2.0591,0.087773,-0.042508,-0.022162,8.6546
2.5032,2.0591,0.087772,-0.042389,-0.022213,8.6595
2.5033,2.0591,0.087771,-0.042253,-0.022247,8.6446
2.5033,2.0591,0.08777,-0.042118,-0.022302,8.6301
2.5034,2.0591,0.087768,-0.041995,-0.022359,8.6312
2.5034,2.0591,0.087767,-0.041876,-0.022433,8.6274
2.5035,2.0591,0.087766,-0.041763,-0.022537,8.6213
2.5035,2.0591,0.087765,-0.041654,-0.022677,8.6218
2.5036,2.0591,0.087764,-0.041563,-0.022849,8.6312
2.5036,2.0591,0.087762,-0.041478,-0.023044,8.6172
2.5037,2.0591,0.087761,-0.041397,-0.023247,8.621
2.5037,2.0591,0.08776,-0.041322,-0.023479,8.6254
2.5038,2.0591,0.087759,-0.041258,-0.023702,8.6199
2.5038,2.0591,0.087757,-0.041186,-0.023929,8.6148
2.5039,2.0591,0.087756,-0.041112,-0.024161,8.6223
2.5039,2.0591,0.087755,-0.041027,-0.024398,8.6291
2.504,2.0591,0.087754,-0.040928,-0.024639,8.6252
2.5041,2.0591,0.087752,-0.040819,-0.024884,8.6357
2.5041,2.0591,0.087751,-0.040703,-0.025133,8.6428
2.5042,2.0591,0.08775,-0.040581,-0.025385,8.626
2.5042,2.0591,0.087748,-0.040468,-0.025642,8.6343
2.5043,2.0591,0.087747,-0.040351,-0.025902,8.6343
2.5043,2.0591,0.087746,-0.040242,-0.026165,8.6236
2.5044,2.0591,0.087744,-0.040133,-0.026432,8.622
2.5044,2.0591,0.087743,-0.040034,-0.026702,8.6265
2.5045,2.0591,0.087741,-0.039949,-0.026975,8.6122
2.5045,2.0591,0.08774,-0.039873,-0.027251,8.6106
2.5046,2.0591,0.087738,-0.039804,-0.027528,8.6211
2.5046,2.0591,0.087737,-0.039732,-0.027812,8.6119
2.5047,2.0591,0.087736,-0.039649,-0.028102,8.6124
2.5047,2.0591,0.087734,-0.039548,-0.028397,8.6219
2.5048,2.0591,0.087733,-0.039433,-0.028696,8.6104
2.5048,2.0591,0.087731,-0.039312,-0.028994,8.6044
2.5049,2.0591,0.087729,-0.039188,-0.029295,8.6091
2.5049,2.0591,0.087728,-0.039063,-0.029599,8.6115
2.505,2.0591,0.087726,-0.038941,-0.029908,8.6018
2.5051,2.0591,0.087725,-0.038821,-0.030231,8.6143
2.5051,2.0591,0.087723,-0.0387,-0.030562,8.6267
2.5052,2.0591,0.087721,-0.03858,-0.030896,8.6166
2.5052,2.059,0.08772,-0.038463,-0.031225,8.6217
2.5053,2.059,0.087718,-0.038347,-0.031551,8.6319
2.5053,2.059,0.087717,-0.038234,-0.031871,8.6269
2.5054,2.059,0.087715,-0.038122,-0.032191,8.6282
2.5054,2.059,0.087713,-0.038012,-0.032519,8.6389
2.5055,2.059,0.087711,-0.0379,-0.032854,8.6384
2.5055,2.059,0.08771,-0.037792,-0.033205,8.6369
2.5056,2.059,0.087708,-0.037685,-0.033531,8.6532
2.5056,2.059,0.087706,-0.037581,-0.033833,8.6639
2.5057,2.059,0.087704,-0.037483,-0.034121,8.6566
2.5057,2.059,0.087702,-0.037387,-0.034412,8.6623
2.5058,2.059,0.087701,-0.037299,-0.034677,8.656
2.5058,2.059,0.087699,-0.037212,-0.034935,8.6473
2.5059,2.059,0.087697,-0.037122,-0.035194,8.6467
2.5059,2.059,0.087695,-0.037033,-0.035472,8.6501
2.506,2.059,0.087693,-0.036939,-0.035742,8.6425
2.5061,2.059,0.087691,-0.036846,-0.036028,8.6392
2.5061,2.059,0.087689,-0.036741,-0.036333,8.6541
2.5062,2.059,0.087687,-0.036628,-0.036665,8.6548
2.5062,2.059,0.087686,-0.036516,-0.036988,8.6546
2.5063,2.059,0.087684,-0.036403,-0.03731,8.6555
2.5063,2.059,0.087682,-0.036293,-0.037624,8.6544
2.5064,2.059,0.08768,-0.03619,-0.037933,8.6466
2.5064,2.059,0.087678,-0.036092,-0.038236,8.6578
2.5065,2.059,0.087676,-0.036009,-0.038536,8.6609
2.5065,2.059,0.087674,-0.035918,-0.038825,8.6535
2.5066,2.059,0.087671,-0.035826,-0.039109,8.663
2.5066,2.059,0.087669,-0.035736,-0.039393,8.6744
2.5067,2.059,0.087667,-0.035646,-0.03968,8.6761
2.5067,2.059,0.087665,-0.035556,-0.03997,8.677
2.5068,2.059,0.087663,-0.035472,-0.040268,8.6869
2.5068,2.059,0.087661,-0.035387,-0.040567,8.6808
2.5069,2.059,0.087659,-0.035305,-0.040868,8.6802
2.5069,2.059,0.087657,-0.035222,-0.041165,8.6894
2.507,2.059,0.087654,-0.035141,-0.04145,8.6865
2.5071,2.059,0.087652,-0.035073,-0.04173,8.6772
2.5071,2.059,0.08765,-0.035019,-0.042005,8.6924
2.5072,2.059,0.087648,-0.03497,-0.042273,8.6929
2.5072,2.059,0.087646,-0.034934,-0.042539,8.6824
2.5073,2.059,0.087643,-0.034897,-0.042804,8.6865
2.5073,2.059,0.087641,-0.034852,-0.043068,8.687
2.5074,2.059,0.087639,-0.034799,-0.04333,8.6819
2.5074,2.059,0.087636,-0.034731,-0.04359,8.6734
2.5075,2.059,0.087634,-0.03466,-0.043852,8.6719
2.5075,2.059,0.087632,-0.034591,-0.044113,8.6628
2.5076,2.059,0.087629,-0.034524,-0.04437,8.6699
2.5076,2.059,0.087627,-0.034463,-0.044627,8.6792
2.5077,2.059,0.087625,-0.034413,-0.044885,8.6757
2.5077,2.059,0.087622,-0.034374,-0.045138,8.6755
2.5078,2.059,0.08762,-0.03434,-0.045388,8.6858
2.5078,2.059,0.087618,-0.034306,-0.045634,8.6804
2.5079,2.059,0.087615,-0.034269,-0.045878,8.672
2.5079,2.059,0.087613,-0.034237,-0.04612,8.6848
2.508,2.0589,0.08761,-0.034213,-0.046372,8.6885
2.5081,2.0589,0.087608,-0.034197,-0.046589,8.6807
2.5081,2.0589,0.087605,-0.034189,-0.046795,8.694
2.5082,2.0589,0.087603,-0.03418,-0.046975,8.7022
2.5082,2.0589,0.0876,-0.034164,-0.047111,8.6966
2.5083,2.0589,0.087598,-0.034141,-0.047222,8.6982
2.5083,2.0589,0.087595,-0.034115,-0.047334,8.7113
2.5084,2.0589,0.087593,-0.034092,-0.047465,8.7002
2.5084,2.0589,0.08759,-0.034074,-0.047634,8.6974
2.5085,2.0589,0.087588,-0.03406,-0.047805,8.7141
2.5085,2.0589,0.087585,-0.034042,-0.048012,8.7043
2.5086,2.0589,0.087583,-0.034026,-0.048224,8.6929
2.5086,2.0589,0.08758,-0.03401,-0.048421,8.7017
2.5087,2.0589,0.087578,-0.034004,-0.048613,8.7065
2.5087,2.0589,0.087575,-0.034016,-0.048807,8.6896
2.5088,2.0589,0.087573,-0.034037,-0.048996,8.693
2.5088,2.0589,0.08757,-0.034064,-0.049184,8.6953
2.5089,2.0589,0.087567,-0.034089,-0.049378,8.6832
2.5089,2.0589,0.087565,-0.034114,-0.04956,8.6828
2.509,2.0589,0.087562,-0.034147,-0.049706,8.6864
2.5091,2.0589,0.08756,-0.034172,-0.049809,8.6736
2.5091,2.0589,0.087557,-0.034193,-0.049868,8.6759
2.5092,2.0589,0.087554,-0.034212,-0.04989,8.6847
2.5092,2.0589,0.087552,-0.034229,-0.049889,8.6857
2.5093,2.0589,0.087549,-0.034245,-0.049882,8.6849
2.5093,2.0589,0.087546,-0.034261,-0.049896,8.6878
2.5094,2.0589,0.087544,-0.034285,-0.049917,8.683
2.5094,2.0589,0.087541,-0.034319,-0.049937,8.6874
2.5095,2.0589,0.087539,-0.03436,-0.049946,8.6897
2.5095,2.0589,0.087536,-0.034411,-0.04998,8.6903
2.5096,2.0589,0.087533,-0.034476,-0.050033,8.6817
2.5096,2.0589,0.087531,-0.034554,-0.050095,8.6851
2.5097,2.0589,0.087528,-0.034632,-0.050161,8.7027
2.5097,2.0589,0.087525,-0.034689,-0.050222,8.6996
2.5098,2.0589,0.087523,-0.034733,-0.050273,8.7013
2.5098,2.0589,0.08752,-0.034761,-0.050307,8.7011
2.5099,2.0589,0.087517,-0.034797,-0.050318,8.6903
2.5099,2.0589,0.087515,-0.034842,-0.050345,8.6876
2.51,2.0589,0.087512,-0.034896,-0.050373,8.6963
2.5101,2.0589,0.08751,-0.034957,-0.050402,8.6851
2.5101,2.0589,0.087507,-0.03501,-0.050431,8.6793
2.5102,2.0589,0.087504,-0.035043,-0.050461,8.6842
2.5102,2.0589,0.087502,-0.035063,-0.050491,8.6862
2.5103,2.0589,0.087499,-0.035078,-0.050522,8.6742
2.5103,2.0589,0.087496,-0.035098,-0.050552,8.6863
2.5104,2.0589,0.087494,-0.035125,-0.050583,8.6841
2.5104,2.0589,0.087491,-0.035161,-0.050613,8.6713
2.5105,2.0589,0.087488,-0.035206,-0.050643,8.67
2.5105,2.0589,0.087486,-0.035251,-0.050672,8.6717
2.5106,2.0589,0.087483,-0.035294,-0.0507,8.6588
2.5106,2.0589,0.08748,-0.035332,-0.050728,8.6607
2.5107,2.0589,0.087478,-0.035381,-0.050755,8.6786
2.5107,2.0589,0.087475,-0.035423,-0.05078,8.673
2.5108,2.0589,0.087472,-0.035465,-0.050804,8.674
2.5108,2.0589,0.08747,-0.035514,-0.050812,8.6901
2.5109,2.0588,0.087467,-0.035561,-0.050843,8.682
2.5109,2.0588,0.087464,-0.035599,-0.050889,8.6772
2.511,2.0588,0.087462,-0.035634,-0.050946,8.6801
2.5111,2.0588,0.087459,-0.035669,-0.051006,8.6883
2.5111,2.0588,0.087456,-0.035705,-0.051063,8.6787
2.5112,2.0588,0.087453,-0.035738,-0.051108,8.6899
2.5112,2.0588,0.087451,-0.035771,-0.051136,8.6965
2.5113,2.0588,0.087448,-0.035804,-0.051137,8.6882
2.5113,2.0588,0.087445,-0.035835,-0.05115,8.6865
2.5114,2.0588,0.087443,-0.035859,-0.05116,8.6953
2.5114,2.0588,0.08744,-0.035878,-0.051167,8.6877
2.5115,2.0588,0.087437,-0.035893,-0.051171,8.6719
2.5115,2.0588,0.087435,-0.035905,-0.051158,8.6788
2.5116,2.0588,0.087432,-0.035915,-0.05115,8.6737
2.5116,2.0588,0.087429,-0.035924,-0.051166,8.6677
2.5117,2.0588,0.087427,-0.035933,-0.051217,8.6811
2.5117,2.0588,0.087424,-0.035943,-0.051311,8.6849
2.5118,2.0588,0.087421,-0.035949,-0.051444,8.6824
2.5118,2.0588,0.087418,-0.035952,-0.051609,8.6986
2.5119,2.0588,0.087416,-0.035952,-0.051788,8.6978
2.5119,2.0588,0.087413,-0.035955,-0.051958,8.6922
2.512,2.0588,0.08741,-0.035947,-0.052132,8.6922
2.5121,2.0588,0.087407,-0.035931,-0.052311,8.7016
2.5121,2.0588,0.087405,-0.035909,-0.052494,8.691
2.5122,2.0588,0.087402,-0.035885,-0.052681,8.6964
2.5122,2.0588,0.087399,-0.035862,-0.052872,8.7088
2.5123,2.0588,0.087396,-0.035839,-0.053067,8.7053
2.5123,2.0588,0.087394,-0.035815,-0.053266,8.7136
2.5124,2.0588,0.087391,-0.035793,-0.053469,8.7308
2.5124,2.0588,0.087388,-0.035761,-0.053676,8.7273
2.5125,2.0588,0.087385,-0.035728,-0.053887,8.7253
2.5125,2.0588,0.087382,-0.035697,-0.054103,8.7254
2.5126,2.0588,0.087379,-0.035667,-0.054323,8.7232
2.5126,2.0588,0.087376,-0.03564,-0.054546,8.715
2.5127,2.0588,0.087374,-0.035614,-0.054774,8.7186
2.5127,2.0588,0.087371,-0.035583,-0.055005,8.7226
2.5128,2.0588,0.087368,-0.035543,-0.05524,8.7189
2.5128,2.0588,0.087365,-0.035499,-0.055479,8.718
2.5129,2.0588,0.087362,-0.035451,-0.055721,8.7247
2.5129,2.0588,0.087359,-0.035399,-0.055966,8.7078
2.513,2.0588,0.087356,-0.035342,-0.056215,8.7066
2.5131,2.0588,0.087353,-0.035281,-0.056467,8.7108
2.5131,2.0588,0.08735,-0.035221,-0.056722,8.7062
2.5132,2.0588,0.087347,-0.035157,-0.05698,8.6935
2.5132,2.0588,0.087344,-0.035089,-0.05724,8.7047
2.5133,2.0588,0.087341,-0.035023,-0.057502,8.697
2.5133,2.0588,0.087338,-0.034956,-0.057767,8.6944
2.5134,2.0588,0.087335,-0.034889,-0.058034,8.7071
2.5134,2.0588,0.087332,-0.034819,-0.058304,8.7121
2.5135,2.0588,0.087329,-0.034751,-0.058576,8.7028
2.5135,2.0588,0.087326,-0.034685,-0.05885,8.7111
2.5136,2.0588,0.087323,-0.034622,-0.059127,8.7108
2.5136,2.0588,0.087319,-0.034566,-0.059405,8.7018
2.5137,2.0587,0.087316,-0.034513,-0.059686,8.7072
2.5137,2.0587,0.087313,-0.034455,-0.059969,8.7217
2.5138,2.0587,0.08731,-0.034392,-0.060253,8.7191
2.5138,2.0587,0.087307,-0.034325,-0.060539,8.7142
2.5139,2.0587,0.087304,-0.03426,-0.060826,8.7285
2.5139,2.0587,0.0873,-0.034194,-0.061115,8.7193
2.514,2.0587,0.087297,-0.034133,-0.061404,8.7127
2.5141,2.0587,0.087294,-0.034079,-0.061695,8.7224
2.5141,2.0587,0.087291,-0.034025,-0.061987,8.7213
2.5142,2.0587,0.087287,-0.033968,-0.06228,8.7039
2.5142,2.0587,0.087284,-0.033909,-0.062573,8.7054
2.5143,2.0587,0.087281,-0.033846,-0.062868,8.7109
2.5143,2.0587,0.087277,-0.033781,-0.063163,8.7007
2.5144,2.0587,0.087274,-0.033714,-0.063458,8.6969
2.5144,2.0587,0.087271,-0.033645,-0.063755,8.7054
2.5145,2.0587,0.087267,-0.033575,-0.064051,8.6899
2.5145,2.0587,0.087264,-0.033505,-0.064347,8.68
2.5146,2.0587,0.087261,-0.033436,-0.064643,8.68
2.5146,2.0587,0.087257,-0.033367,-0.064938,8.6684
2.5147,2.0587,0.087254,-0.033295,-0.065232,8.6649
2.5147,2.0587,0.08725,-0.033222,-0.065523,8.674
2.5148,2.0587,0.087247,-0.033149,-0.065817,8.6788
2.5148,2.0587,0.087243,-0.033074,-0.066113,8.6699
2.5149,2.0587,0.08724,-0.033001,-0.066409,8.6757
2.5149,2.0587,0.087236,-0.032923,-0.066703,8.6806
2.515,2.0587,0.087233,-0.032841,-0.066995,8.6662
2.5151,2.0587,0.087229,-0.032754,-0.067283,8.6803
2.5151,2.0587,0.087226,-0.032669,-0.067566,8.677
2.5152,2.0587,0.087222,-0.032585,-0.067843,8.6635
2.5152,2.0587,0.087219,-0.032504,-0.068121,8.6669
2.5153,2.0587,0.087215,-0.032419,-0.068397,8.6755
2.5153,2.0587,0.087211,-0.032331,-0.06867,8.6686
2.5154,2.0587,0.087208,-0.032238,-0.068942,8.6585
2.5154,2.0587,0.087204,-0.032145,-0.069211,8.6719
2.5155,2.0587,0.0872,-0.032053,-0.069478,8.6674
2.5155,2.0587,0.087197,-0.031966,-0.069742,8.6603
2.5156,2.0587,0.087193,-0.031879,-0.070003,8.6645
2.5156,2.0587,0.087189,-0.031793,-0.07026,8.6591
2.5157,2.0587,0.087186,-0.031701,-0.070515,8.6478
2.5157,2.0587,0.087182,-0.031602,-0.070766,8.6501
2.5158,2.0587,0.087178,-0.031503,-0.071014,8.6492
2.5158,2.0587,0.087174,-0.031408,-0.071258,8.6367
2.5159,2.0587,0.087171,-0.031311,-0.071499,8.6389
2.5159,2.0587,0.087167,-0.031207,-0.071735,8.6446
2.516,2.0587,0.087163,-0.031093,-0.071968,8.6311
2.5161,2.0587,0.087159,-0.030978,-0.072196,8.6329
2.5161,2.0587,0.087156,-0.030868,-0.07242,8.6453
2.5162,2.0587,0.087152,-0.030758,-0.072639,8.6277
2.5162,2.0587,0.087148,-0.030661,-0.072854,8.6226
2.5163,2.0587,0.087144,-0.030578,-0.073064,8.6388
2.5163,2.0587,0.08714,-0.030493,-0.073269,8.6418
2.5164,2.0587,0.087136,-0.030397,-0.073469,8.6348
2.5164,2.0587,0.087132,-0.030269,-0.073661,8.6496
2.5165,2.0587,0.087129,-0.030137,-0.073851,8.6627
2.5165,2.0587,0.087125,-0.030015,-0.07404,8.6483
2.5166,2.0587,0.087121,-0.029913,-0.07423,8.6534
2.5166,2.0587,0.087117,-0.029828,-0.074423,8.6601
2.5167,2.0587,0.087113,-0.029767,-0.074615,8.6494
2.5167,2.0587,0.087109,-0.029704,-0.074799,8.6494
2.5168,2.0586,0.087105,-0.029634,-0.074971,8.6596
2.5168,2.0586,0.087101,-0.029548,-0.075128,8.6458
2.5169,2.0586,0.087097,-0.029455,-0.075272,8.6506
2.5169,2.0586,0.087093,-0.029365,-0.075402,8.6584
2.517,2.0586,0.087089,-0.02927,-0.075529,8.66
2.5171,2.0586,0.087085,-0.029167,-0.075656,8.6544
2.5171,2.0586,0.087081,-0.029071,-0.075777,8.6569
2.5172,2.0586,0.087077,-0.02896,-0.075893,8.6557
2.5172,2.0586,0.087073,-0.028857,-0.075999,8.6461
2.5173,2.0586,0.087069,-0.028773,-0.076099,8.6515
2.5173,2.0586,0.087065,-0.028708,-0.076195,8.6575
2.5174,2.0586,0.087061,-0.028658,-0.076285,8.6504
2.5174,2.0586,0.087057,-0.028604,-0.07637,8.6578
2.5175,2.0586,0.087053,-0.028558,-0.076449,8.664
2.5175,2.0586,0.087049,-0.028519,-0.076523,8.6576
2.5176,2.0586,0.087045,-0.028478,-0.07659,8.6574
2.5176,2.0586,0.087041,-0.028439,-0.076649,8.6608
2.5177,2.0586,0.087037,-0.02841,-0.076704,8.6547
2.5177,2.0586,0.087033,-0.028395,-0.076758,8.6537
2.5178,2.0586,0.087029,-0.028384,-0.076806,8.6699
2.5178,2.0586,0.087025,-0.028372,-0.076841,8.6713
2.5179,2.0586,0.087021,-0.028368,-0.076861,8.6691
2.5179,2.0586,0.087017,-0.028359,-0.076855,8.6755
2.518,2.0586,0.087013,-0.028338,-0.07686,8.6891
2.5181,2.0586,0.087009,-0.028296,-0.076855,8.6742
2.5181,2.0586,0.087005,-0.028239,-0.07686,8.6825
2.5182,2.0586,0.087001,-0.028178,-0.076902,8.6761
2.5182,2.0586,0.086997,-0.028116,-0.076965,8.6662
2.5183,2.0586,0.086992,-0.028057,-0.077026,8.6658
2.5183,2.0586,0.086988,-0.028005,-0.077063,8.6734
2.5184,2.0586,0.086984,-0.027953,-0.07706,8.6657
2.5184,2.0586,0.08698,-0.027915,-0.077039,8.6593
2.5185,2.0586,0.086976,-0.027898,-0.076969,8.6702
2.5185,2.0586,0.086972,-0.027899,-0.076881,8.6646
2.5186,2.0586,0.086968,-0.027913,-0.076799,8.6575
2.5186,2.0586,0.086964,-0.02793,-0.076709,8.6649
2.5187,2.0586,0.08696,-0.027935,-0.07661,8.6589
2.5187,2.0586,0.086956,-0.027927,-0.076502,8.6469
2.5188,2.0586,0.086952,-0.027921,-0.076385,8.6548
2.5188,2.0586,0.086948,-0.027926,-0.076245,8.6552
2.5189,2.0586,0.086944,-0.027938,-0.076106,8.6493
2.5189,2.0586,0.08694,-0.02796,-0.075982,8.6645
2.519,2.0586,0.086936,-0.027995,-0.075892,8.6715
2.5191,2.0586,0.086932,-0.02802,-0.075841,8.6602
2.5191,2.0586,0.086928,-0.028039,-0.075826,8.6609
2.5192,2.0586,0.086924,-0.02807,-0.075836,8.6723
2.5192,2.0586,0.08692,-0.028111,-0.075855,8.6651
2.5193,2.0586,0.086916,-0.028157,-0.075854,8.6611
2.5193,2.0586,0.086912,-0.028217,-0.075854,8.6658
2.5194,2.0586,0.086908,-0.028293,-0.075851,8.6686
2.5194,2.0586,0.086904,-0.028364,-0.075867,8.667
2.5195,2.0586,0.0869,-0.028418,-0.075858,8.6777
2.5195,2.0586,0.086896,-0.028463,-0.075827,8.6874
2.5196,2.0586,0.086892,-0.028497,-0.075783,8.6728
2.5196,2.0586,0.086888,-0.028515,-0.075734,8.6824
2.5197,2.0586,0.086884,-0.028526,-0.075687,8.6797
2.5197,2.0586,0.08688,-0.028536,-0.075657,8.6659
2.5198,2.0586,0.086876,-0.028548,-0.075648,8.6607
2.5198,2.0586,0.086872,-0.028549,-0.075668,8.6663
2.5199,2.0586,0.086868,-0.028552,-0.075669,8.6452
2.5199,2.0586,0.086864,-0.028543,-0.075663,8.6434
2.52,2.0586,0.08686,-0.028543,-0.075656,8.6528
2.5201,2.0586,0.086856,-0.028556,-0.075642,8.6483
2.5201,2.0586,0.086852,-0.028581,-0.075625,8.6337
2.5202,2.0586,0.086848,-0.028616,-0.075608,8.6428
2.5202,2.0586,0.086844,-0.028655,-0.075591,8.6339
2.5203,2.0586,0.08684,-0.028693,-0.07557,8.6282
2.5203,2.0585,0.086836,-0.028728,-0.075542,8.6298
2.5204,2.0585,0.086832,-0.028746,-0.075514,8.6313
2.5204,2.0585,0.086828,-0.02877,-0.075492,8.6306
2.5205,2.0585,0.086824,-0.028801,-0.075466,8.6364
2.5205,2.0585,0.08682,-0.028839,-0.07544,8.6483
2.5206,2.0585,0.086817,-0.028871,-0.075412,8.6409
2.5206,2.0585,0.086813,-0.028892,-0.075376,8.6432
2.5207,2.0585,0.086809,-0.028915,-0.075332,8.6546
2.5207,2.0585,0.086805,-0.028942,-0.075288,8.6452
2.5208,2.0585,0.086801,-0.028964,-0.075251,8.6388
2.5208,2.0585,0.086797,-0.028988,-0.075221,8.6448
2.5209,2.0585,0.086793,-0.029016,-0.075189,8.6448
2.5209,2.0585,0.086789,-0.029047,-0.075158,8.6414
2.521,2.0585,0.086785,-0.029066,-0.075124,8.6512
2.5211,2.0585,0.086781,-0.029083,-0.075083,8.6559
2.5211,2.0585,0.086777,-0.029085,-0.075035,8.6462
2.5212,2.0585,0.086773,-0.029074,-0.074989,8.6501
2.5212,2.0585,0.086769,-0.029057,-0.074947,8.654
2.5213,2.0585,0.086765,-0.029041,-0.074903,8.6442
2.5213,2.0585,0.086761,-0.029047,-0.074853,8.6452
2.5214,2.0585,0.086757,-0.029077,-0.074809,8.6503
2.5214,2.0585,0.086753,-0.029124,-0.074767,8.6402
2.5215,2.0585,0.086749,-0.029177,-0.074723,8.6358
2.5215,2.0585,0.086745,-0.029212,-0.074677,8.6473
2.5216,2.0585,0.086741,-0.029239,-0.074633,8.6383
2.5216,2.0585,0.086738,-0.029246,-0.074587,8.6312
2.5217,2.0585,0.086734,-0.029244,-0.074539,8.6434
2.5217,2.0585,0.08673,-0.02925,-0.074487,8.6352
2.5218,2.0585,0.086726,-0.029257,-0.074438,8.6314
2.5218,2.0585,0.086722,-0.029272,-0.074389,8.6352
2.5219,2.0585,0.086718,-0.029281,-0.074339,8.6359
2.5219,2.0585,0.086714,-0.029299,-0.074292,8.63
2.522,2.0585,0.08671,-0.029335,-0.074253,8.6469
2.5221,2.0585,0.086706,-0.029367,-0.074219,8.657
2.5221,2.0585,0.086702,-0.029403,-0.074189,8.6501
2.5222,2.0585,0.086698,-0.029433,-0.074158,8.657
2.5222,2.0585,0.086695,-0.029456,-0.074126,8.6681
2.5223,2.0585,0.086691,-0.02948,-0.07409,8.661
2.5223,2.0585,0.086687,-0.0295,-0.074045,8.6539
2.5224,2.0585,0.086683,-0.029519,-0.074003,8.6657
2.5224,2.0585,0.086679,-0.029537,-0.073965,8.6655
2.5225,2.0585,0.086675,-0.029554,-0.073931,8.6523
2.5225,2.0585,0.086671,-0.029562,-0.073905,8.6688
2.5226,2.0585,0.086667,-0.029561,-0.073881,8.6738
2.5226,2.0585,0.086663,-0.029556,-0.073859,8.6647
2.5227,2.0585,0.08666,-0.029558,-0.073841,8.6716
2.5227,2.0585,0.086656,-0.029572,-0.073817,8.676
2.5228,2.0585,0.086652,-0.029589,-0.073796,8.6649
2.5228,2.0585,0.086648,-0.029611,-0.073773,8.6609
2.5229,2.0585,0.086644,-0.029639,-0.073751,8.6642
2.5229,2.0585,0.08664,-0.029664,-0.073729,8.658
2.523,2.0585,0.086636,-0.029687,-0.073699,8.6609
2.5231,2.0585,0.086632,-0.029707,-0.073666,8.676
2.5231,2.0585,0.086628,-0.029728,-0.073631,8.6684
2.5232,2.0585,0.086625,-0.029756,-0.073591,8.6665
2.5232,2.0585,0.086621,-0.029789,-0.07355,8.679
2.5233,2.0585,0.086617,-0.029823,-0.073513,8.6782
2.5233,2.0585,0.086613,-0.029857,-0.073478,8.67
2.5234,2.0585,0.086609,-0.029895,-0.073444,8.6806
2.5234,2.0585,0.086605,-0.02994,-0.073411,8.6871
2.5235,2.0585,0.086601,-0.02998,-0.07338,8.6756
2.5235,2.0585,0.086598,-0.030018,-0.07335,8.6863
2.5236,2.0585,0.086594,-0.030049,-0.07332,8.7029
2.5236,2.0585,0.08659,-0.030073,-0.073291,8.7011
2.5237,2.0584,0.086586,-0.0301,-0.073263,8.7034
2.5237,2.0584,0.086582,-0.030123,-0.073236,8.7102
2.5238,2.0584,0.086578,-0.03016,-0.07321,8.7004
2.5238,2.0584,0.086574,-0.030198,-0.073185,8.6971
2.5239,2.0584,0.086571,-0.030231,-0.07316,8.7066
2.5239,2.0584,0.086567,-0.030264,-0.073136,8.6938
2.524,2.0584,0.086563,-0.030287,-0.073113,8.688
2.5241,2.0584,0.086559,-0.030301,-0.07309,8.692
2.5241,2.0584,0.086555,-0.03032,-0.073067,8.6977
2.5242,2.0584,0.086551,-0.030334,-0.073046,8.6887
2.5242,2.0584,0.086547,-0.030356,-0.073024,8.6943
2.5243,2.0584,0.086544,-0.030376,-0.073003,8.6952
2.5243,2.0584,0.08654,-0.0304,-0.072982,8.6856
2.5244,2.0584,0.086536,-0.030423,-0.072961,8.6875
2.5244,2.0584,0.086532,-0.030446,-0.07294,8.6928
2.5245,2.0584,0.086528,-0.030466,-0.072919,8.6828
2.5245,2.0584,0.086524,-0.030485,-0.072898,8.6862
2.5246,2.0584,0.086521,-0.0305,-0.072875,8.6967
2.5246,2.0584,0.086517,-0.030513,-0.072854,8.6958
2.5247,2.0584,0.086513,-0.030527,-0.072844,8.7007
2.5247,2.0584,0.086509,-0.030538,-0.072834,8.7143
2.5248,2.0584,0.086505,-0.030547,-0.072822,8.7073
2.5248,2.0584,0.086501,-0.030555,-0.072812,8.7015
2.5249,2.0584,0.086498,-0.030564,-0.072802,8.7162
2.5249,2.0584,0.086494,-0.030579,-0.07279,8.7104
2.525,2.0584,0.08649,-0.030602,-0.072773,8.7062
2.5251,2.0584,0.086486,-0.030622,-0.072755,8.7167
2.5251,2.0584,0.086482,-0.030639,-0.072744,8.7222
2.5252,2.0584,0.086478,-0.030649,-0.072736,8.7211
2.5252,2.0584,0.086475,-0.030656,-0.072725,8.7214
2.5253,2.0584,0.086471,-0.030664,-0.072722,8.7301
2.5253,2.0584,0.086467,-0.030675,-0.072723,8.7199
2.5254,2.0584,0.086463,-0.030684,-0.072728,8.715
2.5254,2.0584,0.086459,-0.030696,-0.072738,8.7196
2.5255,2.0584,0.086455,-0.030702,-0.072744,8.7071
2.5255,2.0584,0.086452,-0.030704,-0.072748,8.6988
2.5256,2.0584,0.086448,-0.030701,-0.072748,8.7082
2.5256,2.0584,0.086444,-0.030699,-0.072742,8.7129
2.5257,2.0584,0.08644,-0.030703,-0.072733,8.6984
2.5257,2.0584,0.086436,-0.030706,-0.072721,8.7065
2.5258,2.0584,0.086433,-0.030699,-0.072709,8.7097
2.5258,2.0584,0.086429,-0.030696,-0.072699,8.6996
2.5259,2.0584,0.086425,-0.030696,-0.072686,8.6969
2.5259,2.0584,0.086421,-0.030705,-0.072674,8.6995
2.526,2.0584,0.086417,-0.030718,-0.072661,8.6927
2.5261,2.0584,0.086413,-0.030733,-0.072654,8.6919
2.5261,2.0584,0.08641,-0.030749,-0.072646,8.7024
2.5262,2.0584,0.086406,-0.030756,-0.072639,8.7083
2.5262,2.0584,0.086402,-0.030747,-0.072636,8.7035
2.5263,2.0584,0.086398,-0.030732,-0.072638,8.7191
2.5263,2.0584,0.086394,-0.030721,-0.072645,8.7164
2.5264,2.0584,0.08639,-0.030735,-0.072661,8.7049
2.5264,2.0584,0.086387,-0.030766,-0.072676,8.7138
2.5265,2.0584,0.086383,-0.030801,-0.07268,8.7143
2.5265,2.0584,0.086379,-0.030826,-0.072668,8.7008
2.5266,2.0584,0.086375,-0.030845,-0.07264,8.7053
2.5266,2.0584,0.086371,-0.030852,-0.072602,8.7076
2.5267,2.0584,0.086368,-0.030853,-0.072562,8.6988
2.5267,2.0584,0.086364,-0.030856,-0.072529,8.6996
2.5268,2.0584,0.08636,-0.030881,-0.072507,8.7086
2.5268,2.0584,0.086356,-0.030923,-0.072491,8.6967
2.5269,2.0584,0.086352,-0.03097,-0.072483,8.6903
2.5269,2.0583,0.086348,-0.031025,-0.072474,8.6869
2.527,2.0583,0.086345,-0.031086,-0.07246,8.6808
2.5271,2.0583,0.086341,-0.031142,-0.072445,8.672
2.5271,2.0583,0.086337,-0.031199,-0.07243,8.6796
2.5272,2.0583,0.086333,-0.031248,-0.072418,8.684
2.5272,2.0583,0.086329,-0.031291,-0.072406,8.6731
2.5273,2.0583,0.086326,-0.031321,-0.072392,8.679
2.5273,2.0583,0.086322,-0.031345,-0.072377,8.6878
2.5274,2.0583,0.086318,-0.031379,-0.07236,8.6758
2.5274,2.0583,0.086314,-0.031406,-0.072342,8.6792
2.5275,2.0583,0.08631,-0.031431,-0.072321,8.6817
2.5275,2.0583,0.086307,-0.031461,-0.0723,8.6777
2.5276,2.0583,0.086303,-0.031484,-0.072278,8.6785
2.5276,2.0583,0.086299,-0.031499,-0.072252,8.6885
2.5277,2.0583,0.086295,-0.031499,-0.072219,8.6908
2.5277,2.0583,0.086291,-0.031494,-0.072181,8.6882
2.5278,2.0583,0.086288,-0.031494,-0.072143,8.6995
2.5278,2.0583,0.086284,-0.031487,-0.072114,8.6963
2.5279,2.0583,0.08628,-0.031482,-0.072091,8.6922
2.5279,2.0583,0.086276,-0.031486,-0.072078,8.6953
2.528,2.0583,0.086272,-0.031501,-0.072077,8.6954
2.5281,2.0583,0.086269,-0.031534,-0.072084,8.6846
2.5281,2.0583,0.086265,-0.031581,-0.072098,8.694
2.5282,2.0583,0.086261,-0.031643,-0.072112,8.6995
2.5282,2.0583,0.086257,-0.031712,-0.072125,8.6871
2.5283,2.0583,0.086253,-0.031781,-0.072142,8.7003
2.5283,2.0583,0.08625,-0.031855,-0.072159,8.7087
2.5284,2.0583,0.086246,-0.031915,-0.072173,8.7065
2.5284,2.0583,0.086242,-0.031961,-0.072179,8.6979
2.5285,2.0583,0.086238,-0.031997,-0.072181,8.7066
2.5285,2.0583,0.086234,-0.032024,-0.072182,8.7021
2.5286,2.0583,0.086231,-0.032049,-0.072182,8.6997
2.5286,2.0583,0.086227,-0.03208,-0.07218,8.7113
2.5287,2.0583,0.086223,-0.032119,-0.072174,8.7152
2.5287,2.0583,0.086219,-0.032156,-0.072173,8.7118
2.5288,2.0583,0.086215,-0.032184,-0.072171,8.7208
2.5288,2.0583,0.086212,-0.032205,-0.072163,8.7327
2.5289,2.0583,0.086208,-0.032212,-0.072158,8.7194
2.5289,2.0583,0.086204,-0.032205,-0.072148,8.7328
2.529,2.0583,0.0862,-0.032206,-0.072138,8.7382
2.5291,2.0583,0.086196,-0.032213,-0.072127,8.7276
2.5291,2.0583,0.086193,-0.032209,-0.072114,8.731
2.5292,2.0583,0.086189,-0.032198,-0.072104,8.7362
2.5292,2.0583,0.086185,-0.032185,-0.072098,8.7334
2.5293,2.0583,0.086181,-0.032153,-0.072091,8.7377
2.5293,2.0583,0.086177,-0.032104,-0.072082,8.7477
2.5294,2.0583,0.086174,-0.03205,-0.072065,8.749
2.5294,2.0583,0.08617,-0.032006,-0.072048,8.7379
2.5295,2.0583,0.086166,-0.031964,-0.07204,8.7465
2.5295,2.0583,0.086162,-0.031932,-0.072032,8.7462
2.5296,2.0583,0.086158,-0.03192,-0.072027,8.729
2.5296,2.0583,0.086155,-0.031924,-0.072025,8.731
2.5297,2.0583,0.086151,-0.031937,-0.072021,8.7403
2.5297,2.0583,0.086147,-0.03196,-0.072013,8.7281
2.5298,2.0583,0.086143,-0.031995,-0.071995,8.7235
2.5298,2.0583,0.08614,-0.03203,-0.071972,8.7325
2.5299,2.0583,0.086136,-0.032071,-0.071951,8.7292
2.5299,2.0583,0.086132,-0.03211,-0.071919,8.7248
2.53,2.0583,0.086128,-0.032139,-0.071885,8.7278
2.5301,2.0583,0.086124,-0.032161,-0.071853,8.723
2.5301,2.0582,0.086121,-0.032175,-0.071829,8.7116
2.5302,2.0582,0.086117,-0.03219,-0.071807,8.7146
2.5302,2.0582,0.086113,-0.032212,-0.07179,8.7162
2.5303,2.0582,0.086109,-0.032241,-0.071778,8.7214
2.5303,2.0582,0.086105,-0.032279,-0.071762,8.7335
2.5304,2.0582,0.086102,-0.032306,-0.071735,8.7422
2.5304,2.0582,0.086098,-0.032325,-0.071703,8.7341
2.5305,2.0582,0.086094,-0.032333,-0.071669,8.7324
2.5305,2.0582,0.08609,-0.032341,-0.071636,8.7321
2.5306,2.0582,0.086087,-0.032354,-0.071612,8.7241
2.5306,2.0582,0.086083,-0.032367,-0.071596,8.7225
2.5307,2.0582,0.086079,-0.032377,-0.07158,8.7305
2.5307,2.0582,0.086075,-0.032382,-0.071556,8.7209
2.5308,2.0582,0.086072,-0.032382,-0.071528,8.7181
2.5308,2.0582,0.086068,-0.032384,-0.071502,8.7259
2.5309,2.0582,0.086064,-0.032383,-0.071479,8.7163
2.5309,2.0582,0.08606,-0.032391,-0.071459,8.6961
2.531,2.0582,0.086057,-0.032397,-0.071451,8.7056
2.5311,2.0582,0.086053,-0.032419,-0.071449,8.7071
2.5311,2.0582,0.086049,-0.032453,-0.071445,8.6865
2.5312,2.0582,0.086045,-0.032491,-0.071437,8.6844
2.5312,2.0582,0.086041,-0.032532,-0.071434,8.6855
2.5313,2.0582,0.086038,-0.032556,-0.071441,8.6796
2.5313,2.0582,0.086034,-0.032558,-0.071444,8.6867
2.5314,2.0582,0.08603,-0.032543,-0.071442,8.6894
2.5314,2.0582,0.086026,-0.032517,-0.071444,8.6767
2.5315,2.0582,0.086023,-0.032506,-0.071445,8.6771
2.5315,2.0582,0.086019,-0.0325,-0.071445,8.6823
2.5316,2.0582,0.086015,-0.03251,-0.071448,8.6751
2.5316,2.0582,0.086011,-0.032525,-0.071459,8.6718
2.5317,2.0582,0.086008,-0.032536,-0.071476,8.6765
2.5317,2.0582,0.086004,-0.032553,-0.071484,8.6764
2.5318,2.0582,0.086,-0.032561,-0.071485,8.6668
2.5318,2.0582,0.085996,-0.032569,-0.071482,8.6757
2.5319,2.0582,0.085993,-0.032581,-0.071472,8.6822
2.5319,2.0582,0.085989,-0.03258,-0.071451,8.6692
2.532,2.0582,0.085985,-0.032578,-0.071424,8.6805
2.5321,2.0582,0.085981,-0.03257,-0.071397,8.6839
2.5321,2.0582,0.085978,-0.032561,-0.07137,8.6725
2.5322,2.0582,0.085974,-0.032558,-0.071345,8.6659
2.5322,2.0582,0.08597,-0.032553,-0.071326,8.6794
2.5323,2.0582,0.085966,-0.03255,-0.071317,8.6711
2.5323,2.0582,0.085963,-0.032562,-0.071304,8.6615
2.5324,2.0582,0.085959,-0.032579,-0.071294,8.6713
2.5324,2.0582,0.085955,-0.032588,-0.071283,8.67
2.5325,2.0582,0.085951,-0.032602,-0.071267,8.6642
2.5325,2.0582,0.085948,-0.032616,-0.07125,8.6661
2.5326,2.0582,0.085944,-0.032629,-0.071229,8.6578
2.5326,2.0582,0.08594,-0.032636,-0.0712,8.6517
2.5327,2.0582,0.085936,-0.032634,-0.071174,8.6586
2.5327,2.0582,0.085933,-0.032626,-0.071146,8.6557
2.5328,2.0582,0.085929,-0.032614,-0.071127,8.6469
2.5328,2.0582,0.085925,-0.032594,-0.071114,8.6533
2.5329,2.0582,0.085921,-0.032579,-0.071109,8.6617
2.5329,2.0582,0.085918,-0.03257,-0.071112,8.6541
2.533,2.0582,0.085914,-0.032568,-0.071113,8.6579
2.5331,2.0582,0.08591,-0.032575,-0.071111,8.6622
2.5331,2.0582,0.085906,-0.032581,-0.071112,8.6571
2.5332,2.0582,0.085903,-0.032587,-0.07111,8.6496
2.5332,2.0581,0.085899,-0.032595,-0.071101,8.6657
2.5333,2.0581,0.085895,-0.032605,-0.071091,8.6599
2.5333,2.0581,0.085891,-0.03261,-0.071082,8.6556
2.5334,2.0581,0.085888,-0.032604,-0.07107,8.6741
2.5334,2.0581,0.085884,-0.032605,-0.071054,8.6783
2.5335,2.0581,0.08588,-0.032608,-0.071042,8.6683
2.5335,2.0581,0.085876,-0.032613,-0.071031,8.6668
2.5336,2.0581,0.085873,-0.032627,-0.071021,8.6723
2.5336,2.0581,0.085869,-0.032639,-0.071011,8.6652
2.5337,2.0581,0.085865,-0.032658,-0.071002,8.6609
2.5337,2.0581,0.085861,-0.032658,-0.070994,8.6724
2.5338,2.0581,0.085858,-0.032654,-0.070987,8.6637
2.5338,2.0581,0.085854,-0.032655,-0.070981,8.6566
2.5339,2.0581,0.08585,-0.032652,-0.070976,8.6667
2.5339,2.0581,0.085847,-0.032653,-0.070972,8.6729
2.534,2.0581,0.085843,-0.032663,-0.070968,8.664
2.5341,2.0581,0.085839,-0.032669,-0.070966,8.668
2.5341,2.0581,0.085835,-0.032685,-0.070965,8.669
2.5342,2.0581,0.085832,-0.03269,-0.070966,8.6622
2.5342,2.0581,0.085828,-0.032697,-0.070964,8.6658
2.5343,2.0581,0.085824,-0.032704,-0.070967,8.6686
2.5343,2.0581,0.08582,-0.032714,-0.070977,8.6661
2.5344,2.0581,0.085817,-0.032722,-0.07099,8.6756
2.5344,2.0581,0.085813,-0.032727,-0.071009,8.6825
2.5345,2.0581,0.085809,-0.032725,-0.071032,8.6809
2.5345,2.0581,0.085805,-0.032719,-0.071063,8.6816
2.5346,2.0581,0.085802,-0.032705,-0.071097,8.6935
2.5346,2.0581,0.085798,-0.032678,-0.071118,8.6837
2.5347,2.0581,0.085794,-0.032657,-0.071134,8.6814
2.5347,2.0581,0.08579,-0.032648,-0.071155,8.6864
2.5348,2.0581,0.085787,-0.032645,-0.071166,8.692
2.5348,2.0581,0.085783,-0.032647,-0.071171,8.6862
2.5349,2.0581,0.085779,-0.032648,-0.071174,8.6977
2.5349,2.0581,0.085775,-0.032645,-0.071177,8.7034
2.535,2.0581,0.085772,-0.032634,-0.071187,8.6935
2.5351,2.0581,0.085768,-0.032616,-0.071188,8.7027
2.5351,2.0581,0.085764,-0.0326,-0.071188,8.7018
2.5352,2.0581,0.08576,-0.032596,-0.071198,8.6871
2.5352,2.0581,0.085757,-0.032591,-0.071207,8.6837
2.5353,2.0581,0.085753,-0.032591,-0.071216,8.6839
2.5353,2.0581,0.085749,-0.032588,-0.071223,8.6725
2.5354,2.0581,0.085745,-0.032581,-0.071224,8.6669
2.5354,2.0581,0.085742,-0.032565,-0.07123,8.6827
2.5355,2.0581,0.085738,-0.032546,-0.071234,8.6797
2.5355,2.0581,0.085734,-0.032532,-0.07124,8.6725
2.5356,2.0581,0.08573,-0.032528,-0.071254,8.6827
2.5356,2.0581,0.085727,-0.03252,-0.071269,8.6786
2.5357,2.0581,0.085723,-0.032518,-0.071278,8.6716
2.5357,2.0581,0.085719,-0.032518,-0.071287,8.6736
2.5358,2.0581,0.085715,-0.032521,-0.071287,8.6769
2.5358,2.0581,0.085712,-0.032518,-0.071292,8.6707
2.5359,2.0581,0.085708,-0.032517,-0.071295,8.6846
2.5359,2.0581,0.085704,-0.032515,-0.071298,8.693
2.536,2.0581,0.0857,-0.032511,-0.0713,8.6881
2.5361,2.0581,0.085697,-0.032498,-0.0713,8.6904
2.5361,2.0581,0.085693,-0.03248,-0.071293,8.7031
2.5362,2.0581,0.085689,-0.032462,-0.071284,8.6926
2.5362,2.0581,0.085685,-0.03245,-0.071268,8.6866
2.5363,2.058,0.085682,-0.032444,-0.071247,8.6897
2.5363,2.058,0.085678,-0.032448,-0.071222,8.6866
2.5364,2.058,0.085674,-0.032451,-0.071201,8.6765
2.5364,2.058,0.08567,-0.032454,-0.071185,8.6929
2.5365,2.058,0.085667,-0.032459,-0.07118,8.6919
2.5365,2.058,0.085663,-0.03246,-0.071181,8.6815
2.5366,2.058,0.085659,-0.032457,-0.071185,8.6757
2.5366,2.058,0.085655,-0.032456,-0.071187,8.671
2.5367,2.058,0.085652,-0.032457,-0.071185,8.6537
2.5367,2.058,0.085648,-0.032455,-0.071193,8.6498
2.5368,2.058,0.085644,-0.032444,-0.071207,8.6502
2.5368,2.058,0.085641,-0.032435,-0.071221,8.6384
2.5369,2.058,0.085637,-0.03242,-0.071237,8.6319
2.5369,2.058,0.085633,-0.032409,-0.071256,8.6484
2.537,2.058,0.085629,-0.032392,-0.071277,8.6442
2.5371,2.058,0.085626,-0.03237,-0.071298,8.6355
2.5371,2.058,0.085622,-0.03235,-0.071327,8.6478
2.5372,2.058,0.085618,-0.032332,-0.071361,8.6438
2.5372,2.058,0.085614,-0.032322,-0.071393,8.6378
2.5373,2.058,0.08561,-0.032325,-0.071413,8.6459
2.5373,2.058,0.085607,-0.032326,-0.071431,8.6507
2.5374,2.058,0.085603,-0.032326,-0.071443,8.6396
2.5374,2.058,0.085599,-0.032318,-0.071458,8.6479
2.5375,2.058,0.085595,-0.032304,-0.071475,8.664
2.5375,2.058,0.085592,-0.032289,-0.071496,8.6619
2.5376,2.058,0.085588,-0.032266,-0.071516,8.6599
2.5376,2.058,0.085584,-0.032245,-0.071533,8.6707
2.5377,2.058,0.08558,-0.032228,-0.071545,8.6604
2.5377,2.058,0.085577,-0.032211,-0.07156,8.6542
2.5378,2.058,0.085573,-0.032191,-0.071571,8.6565
2.5378,2.058,0.085569,-0.032178,-0.071581,8.6525
2.5379,2.058,0.085565,-0.032171,-0.071585,8.6417
2.5379,2.058,0.085562,-0.032176,-0.071583,8.6491
2.538,2.058,0.085558,-0.032171,-0.071572,8.6531
2.5381,2.058,0.085554,-0.03216,-0.071561,8.6443
2.5381,2.058,0.08555,-0.032136,-0.07155,8.6524
2.5382,2.058,0.085546,-0.032104,-0.071543,8.6573
2.5382,2.058,0.085543,-0.032073,-0.071536,8.6477
2.5383,2.058,0.085539,-0.032037,-0.071525,8.644
2.5383,2.058,0.085535,-0.032001,-0.071514,8.6479
2.5384,2.058,0.085531,-0.031982,-0.071504,8.6413
2.5384,2.058,0.085528,-0.031965,-0.071496,8.6354
2.5385,2.058,0.085524,-0.031952,-0.071496,8.6555
2.5385,2.058,0.08552,-0.031935,-0.071504,8.6496
2.5386,2.058,0.085516,-0.031917,-0.071522,8.6512
2.5386,2.058,0.085513,-0.031903,-0.071549,8.6602
2.5387,2.058,0.085509,-0.031885,-0.07157,8.6554
2.5387,2.058,0.085505,-0.031866,-0.071588,8.6558
2.5388,2.058,0.085501,-0.031849,-0.071599,8.6656
2.5388,2.058,0.085498,-0.031841,-0.071606,8.6697
2.5389,2.058,0.085494,-0.031834,-0.071615,8.6564
2.5389,2.058,0.08549,-0.031825,-0.071626,8.6612
2.539,2.058,0.085486,-0.031815,-0.071646,8.6724
2.5391,2.058,0.085482,-0.031807,-0.071675,8.6729
2.5391,2.058,0.085479,-0.031806,-0.071703,8.6775
2.5392,2.058,0.085475,-0.031805,-0.071736,8.6851
2.5392,2.058,0.085471,-0.031798,-0.071764,8.6771
2.5393,2.058,0.085467,-0.031783,-0.071788,8.6685
2.5393,2.058,0.085464,-0.031763,-0.071811,8.6804
2.5394,2.0579,0.08546,-0.031738,-0.071834,8.6688
2.5394,2.0579,0.085456,-0.031715,-0.071851,8.663
2.5395,2.0579,0.085452,-0.031699,-0.071865,8.6747
2.5395,2.0579,0.085448,-0.03169,-0.071873,8.6764
2.5396,2.0579,0.085445,-0.03168,-0.071877,8.6745
2.5396,2.0579,0.085441,-0.031661,-0.071867,8.6823
2.5397,2.0579,0.085437,-0.031636,-0.071847,8.6916
2.5397,2.0579,0.085433,-0.031611,-0.071824,8.6789
2.5398,2.0579,0.08543,-0.031585,-0.071813,8.6848
2.5398,2.0579,0.085426,-0.031564,-0.071808,8.6944
2.5399,2.0579,0.085422,-0.031549,-0.071814,8.6834
2.5399,2.0579,0.085418,-0.031536,-0.071828,8.6848
2.54,2.0579,0.085414,-0.031523,-0.07184,8.6969
2.5401,2.0579,0.085411,-0.031511,-0.071842,8.6986
2.5401,2.0579,0.085407,-0.031499,-0.071844,8.6997
2.5402,2.0579,0.085403,-0.031489,-0.071844,8.7172
2.5402,2.0579,0.085399,-0.03148,-0.071848,8.7151
2.5403,2.0579,0.085395,-0.031471,-0.071851,8.7081
2.5403,2.0579,0.085392,-0.031464,-0.07186,8.7149
2.5404,2.0579,0.085388,-0.031458,-0.071874,8.7138
2.5404,2.0579,0.085384,-0.031453,-0.071886,8.7039
2.5405,2.0579,0.08538,-0.031449,-0.071891,8.709
2.5405,2.0579,0.085377,-0.031445,-0.071901,8.7174
2.5406,2.0579,0.085373,-0.031443,-0.071914,8.7107
2.5406,2.0579,0.085369,-0.03144,-0.07193,8.7115
2.5407,2.0579,0.085365,-0.031441,-0.071951,8.7183
2.5407,2.0579,0.085361,-0.031451,-0.071976,8.7079
2.5408,2.0579,0.085358,-0.031454,-0.072004,8.7054
2.5408,2.0579,0.085354,-0.031453,-0.072026,8.706
2.5409,2.0579,0.08535,-0.031449,-0.072043,8.7038
2.5409,2.0579,0.085346,-0.031444,-0.072052,8.6983
2.541,2.0579,0.085342,-0.031438,-0.072061,8.7022
2.5411,2.0579,0.085339,-0.031437,-0.072069,8.7138
2.5411,2.0579,0.085335,-0.031444,-0.072078,8.7077
2.5412,2.0579,0.085331,-0.031455,-0.072076,8.7154
2.5412,2.0579,0.085327,-0.031454,-0.072069,8.7198
2.5413,2.0579,0.085324,-0.031447,-0.072052,8.7106
2.5413,2.0579,0.08532,-0.031436,-0.072032,8.7159
2.5414,2.0579,0.085316,-0.031422,-0.072008,8.72
2.5414,2.0579,0.085312,-0.031407,-0.071986,8.7085
2.5415,2.0579,0.085308,-0.031402,-0.071965,8.7138
2.5415,2.0579,0.085305,-0.031403,-0.071949,8.7186
2.5416,2.0579,0.085301,-0.03141,-0.071921,8.7183
2.5416,2.0579,0.085297,-0.031417,-0.07189,8.7168
2.5417,2.0579,0.085293,-0.03142,-0.071859,8.7303
2.5417,2.0579,0.085289,-0.031422,-0.071832,8.7304
2.5418,2.0579,0.085286,-0.031419,-0.071813,8.7238
2.5418,2.0579,0.085282,-0.031408,-0.071798,8.7321
2.5419,2.0579,0.085278,-0.031403,-0.071786,8.7296
2.5419,2.0579,0.085274,-0.031424,-0.071778,8.7121
2.542,2.0579,0.085271,-0.031465,-0.071763,8.7201
2.5421,2.0579,0.085267,-0.031513,-0.071748,8.7213
2.5421,2.0579,0.085263,-0.031559,-0.071735,8.7086
2.5422,2.0579,0.085259,-0.031613,-0.071724,8.7075
2.5422,2.0579,0.085255,-0.031653,-0.071716,8.7159
2.5423,2.0579,0.085252,-0.031669,-0.071707,8.7099
2.5423,2.0579,0.085248,-0.031661,-0.071692,8.6962
2.5424,2.0579,0.085244,-0.031656,-0.071676,8.7063
2.5424,2.0579,0.08524,-0.031659,-0.071653,8.6992
2.5425,2.0579,0.085237,-0.031662,-0.071627,8.684
2.5425,2.0578,0.085233,-0.031667,-0.071595,8.697
2.5426,2.0578,0.085229,-0.031684,-0.071563,8.7032
2.5426,2.0578,0.085225,-0.0317,-0.07153,8.6966
2.5427,2.0578,0.085222,-0.031711,-0.071498,8.7011
2.5427,2.0578,0.085218,-0.031704,-0.071463,8.7099
2.5428,2.0578,0.085214,-0.03171,-0.071421,8.7056
2.5428,2.0578,0.08521,-0.031734,-0.071369,8.7095
2.5429,2.0578,0.085206,-0.031765,-0.07131,8.7114
2.5429,2.0578,0.085203,-0.031792,-0.07125,8.7046
2.543,2.0578,0.085199,-0.03182,-0.071189,8.7065
2.5431,2.0578,0.085195,-0.031855,-0.071131,8.7189
2.5431,2.0578,0.085192,-0.031894,-0.071077,8.7163
2.5432,2.0578,0.085188,-0.031938,-0.071025,8.7146
2.5432,2.0578,0.085184,-0.032002,-0.070974,8.7205
2.5433,2.0578,0.08518,-0.032079,-0.070924,8.7224
2.5433,2.0578,0.085177,-0.032166,-0.070871,8.7202
2.5434,2.0578,0.085173,-0.032236,-0.070824,8.7245
2.5434,2.0578,0.085169,-0.032299,-0.070775,8.723
2.5435,2.0578,0.085165,-0.032357,-0.070733,8.712
2.5435,2.0578,0.085162,-0.032401,-0.070696,8.7109
2.5436,2.0578,0.085158,-0.032453,-0.07066,8.7164
2.5436,2.0578,0.085154,-0.032501,-0.070632,8.7111
2.5437,2.0578,0.085151,-0.032556,-0.070604,8.7112
2.5437,2.0578,0.085147,-0.032623,-0.070574,8.7185
2.5438,2.0578,0.085143,-0.03268,-0.070543,8.7113
2.5438,2.0578,0.085139,-0.032731,-0.070512,8.7028
2.5439,2.0578,0.085136,-0.032768,-0.070481,8.7109
2.5439,2.0578,0.085132,-0.032792,-0.070449,8.7068
2.544,2.0578,0.085128,-0.032826,-0.070417,8.696
2.5441,2.0578,0.085125,-0.032859,-0.070385,8.7111
2.5441,2.0578,0.085121,-0.032901,-0.070353,8.7094
2.5442,2.0578,0.085117,-0.032947,-0.070323,8.7052
2.5442,2.0578,0.085113,-0.03299,-0.070291,8.7162
2.5443,2.0578,0.08511,-0.033026,-0.070252,8.7265
2.5443,2.0578,0.085106,-0.033046,-0.070211,8.7135
2.5444,2.0578,0.085102,-0.033056,-0.070164,8.7155
2.5444,2.0578,0.085099,-0.033074,-0.070113,8.7242
2.5445,2.0578,0.085095,-0.033111,-0.070056,8.7176
2.5445,2.0578,0.085091,-0.033165,-0.069993,8.7209
2.5446,2.0578,0.085088,-0.03324,-0.069936,8.7326
2.5446,2.0578,0.085084,-0.033331,-0.069874,8.7293
2.5447,2.0578,0.08508,-0.033423,-0.069803,8.7281
2.5447,2.0578,0.085077,-0.033511,-0.069736,8.7361
2.5448,2.0578,0.085073,-0.033588,-0.069671,8.7343
2.5448,2.0578,0.085069,-0.033663,-0.069607,8.7159
2.5449,2.0578,0.085066,-0.033742,-0.069543,8.7228
2.5449,2.0578,0.085062,-0.033816,-0.069475,8.7193
2.545,2.0578,0.085058,-0.033894,-0.06942,8.712
2.5451,2.0578,0.085055,-0.033971,-0.069359,8.7097
2.5451,2.0578,0.085051,-0.034042,-0.069294,8.7207
2.5452,2.0578,0.085047,-0.034106,-0.06923,8.7097
2.5452,2.0578,0.085044,-0.034167,-0.069168,8.7167
2.5453,2.0578,0.08504,-0.034235,-0.069099,8.7289
2.5453,2.0578,0.085036,-0.034317,-0.069029,8.7227
2.5454,2.0578,0.085033,-0.034399,-0.068953,8.7202
2.5454,2.0578,0.085029,-0.034484,-0.068875,8.7284
2.5455,2.0578,0.085026,-0.034559,-0.068791,8.7239
2.5455,2.0578,0.085022,-0.034609,-0.068705,8.7237
2.5456,2.0577,0.085018,-0.034646,-0.06862,8.7338
2.5456,2.0577,0.085015,-0.034667,-0.068545,8.7391
2.5457,2.0577,0.085011,-0.034693,-0.068457,8.7251
2.5457,2.0577,0.085008,-0.034721,-0.06841,8.7393
2.5458,2.0577,0.085004,-0.034758,-0.068384,8.7491
2.5458,2.0577,0.085,-0.034792,-0.068369,8.7454
2.5459,2.0577,0.084997,-0.034825,-0.068359,8.7506
2.5459,2.0577,0.084993,-0.034859,-0.068345,8.75
2.546,2.0577,0.08499,-0.034912,-0.068319,8.743
2.5461,2.0577,0.084986,-0.034978,-0.068277,8.7425
2.5461,2.0577,0.084982,-0.035065,-0.068209,8.7427
2.5462,2.0577,0.084979,-0.035146,-0.068163,8.7384
2.5462,2.0577,0.084975,-0.035222,-0.068118,8.7377
2.5463,2.0577,0.084972,-0.03528,-0.06807,8.7469
2.5463,2.0577,0.084968,-0.035335,-0.06802,8.7453
2.5464,2.0577,0.084964,-0.035378,-0.06797,8.7319
2.5464,2.0577,0.084961,-0.035416,-0.067919,8.7419
2.5465,2.0577,0.084957,-0.035458,-0.067873,8.7328
2.5465,2.0577,0.084954,-0.035506,-0.067827,8.7233
2.5466,2.0577,0.08495,-0.035548,-0.067781,8.7252
2.5466,2.0577,0.084947,-0.035598,-0.067737,8.7236
2.5467,2.0577,0.084943,-0.035647,-0.067678,8.7088
2.5467,2.0577,0.084939,-0.035691,-0.067613,8.7143
2.5468,2.0577,0.084936,-0.03572,-0.067553,8.7246
2.5468,2.0577,0.084932,-0.03575,-0.067492,8.7172
2.5469,2.0577,0.084929,-0.035774,-0.067435,8.7177
2.5469,2.0577,0.084925,-0.035808,-0.067379,8.7277
2.547,2.0577,0.084922,-0.035857,-0.067323,8.7176
2.5471,2.0577,0.084918,-0.035923,-0.067264,8.717
2.5471,2.0577,0.084915,-0.035974,-0.067199,8.7281
2.5472,2.0577,0.084911,-0.036004,-0.067139,8.7278
2.5472,2.0577,0.084908,-0.036016,-0.067094,8.7204
2.5473,2.0577,0.084904,-0.03603,-0.067049,8.7298
2.5473,2.0577,0.084901,-0.036041,-0.067011,8.7385
2.5474,2.0577,0.084897,-0.036055,-0.066973,8.7308
2.5474,2.0577,0.084893,-0.036063,-0.066933,8.7416
2.5475,2.0577,0.08489,-0.036074,-0.066891,8.7425
2.5475,2.0577,0.084886,-0.036077,-0.06685,8.7319
2.5476,2.0577,0.084883,-0.036078,-0.066813,8.7317
2.5476,2.0577,0.084879,-0.036082,-0.066784,8.7372
2.5477,2.0577,0.084876,-0.036103,-0.066756,8.7252
2.5477,2.0577,0.084872,-0.036135,-0.066734,8.7146
2.5478,2.0577,0.084869,-0.036158,-0.066711,8.7285
2.5478,2.0577,0.084865,-0.036164,-0.066689,8.72
2.5479,2.0577,0.084862,-0.036148,-0.066669,8.7048
2.5479,2.0577,0.084858,-0.03613,-0.066654,8.71
2.548,2.0577,0.084855,-0.036111,-0.066635,8.7051
2.5481,2.0577,0.084851,-0.036099,-0.066615,8.693
2.5481,2.0577,0.084848,-0.036094,-0.066594,8.6885
2.5482,2.0577,0.084844,-0.036089,-0.066573,8.695
2.5482,2.0577,0.084841,-0.036091,-0.066553,8.6844
2.5483,2.0577,0.084837,-0.03609,-0.066535,8.6843
2.5483,2.0577,0.084834,-0.03608,-0.066524,8.693
2.5484,2.0576,0.08483,-0.036076,-0.066516,8.6918
2.5484,2.0576,0.084827,-0.03608,-0.066502,8.6896
2.5485,2.0576,0.084823,-0.036092,-0.066482,8.7021
2.5485,2.0576,0.08482,-0.036105,-0.066453,8.6958
2.5486,2.0576,0.084816,-0.036109,-0.066421,8.6929
2.5486,2.0576,0.084813,-0.03612,-0.066385,8.7017
2.5487,2.0576,0.084809,-0.036132,-0.06635,8.7031
2.5487,2.0576,0.084806,-0.036147,-0.066326,8.6877
2.5488,2.0576,0.084802,-0.036155,-0.066307,8.6997
2.5488,2.0576,0.084799,-0.036173,-0.066293,8.7057
2.5489,2.0576,0.084795,-0.036191,-0.066272,8.6977
2.5489,2.0576,0.084792,-0.036208,-0.066243,8.7004
2.549,2.0576,0.084788,-0.036215,-0.066211,8.6995
2.5491,2.0576,0.084785,-0.036225,-0.066171,8.6839
2.5491,2.0576,0.084781,-0.036232,-0.066127,8.6825
2.5492,2.0576,0.084778,-0.036238,-0.066089,8.6849
2.5492,2.0576,0.084775,-0.03624,-0.066061,8.6776
2.5493,2.0576,0.084771,-0.036243,-0.066042,8.6691
2.5493,2.0576,0.084768,-0.036243,-0.066021,8.6762
2.5494,2.0576,0.084764,-0.036234,-0.066002,8.6691
2.5494,2.0576,0.084761,-0.036216,-0.065986,8.6623
2.5495,2.0576,0.084757,-0.036198,-0.065973,8.6732
2.5495,2.0576,0.084754,-0.036176,-0.06596,8.6665
2.5496,2.0576,0.08475,-0.036159,-0.065953,8.6521
2.5496,2.0576,0.084747,-0.036148,-0.065953,8.6544
2.5497,2.0576,0.084743,-0.036144,-0.065958,8.6614
2.5497,2.0576,0.08474,-0.036149,-0.065957,8.6507
2.5498,2.0576,0.084736,-0.036158,-0.065954,8.6541
2.5498,2.0576,0.084733,-0.036175,-0.065949,8.6723
2.5499,2.0576,0.084729,-0.036194,-0.065945,8.6678
2.5499,2.0576,0.084726,-0.036208,-0.065943,8.6649
2.55,2.0576,0.084722,-0.036214,-0.065943,8.6836
2.5501,2.0576,0.084719,-0.036219,-0.065939,8.6776
2.5501,2.0576,0.084715,-0.036223,-0.065934,8.6685
2.5502,2.0576,0.084712,-0.03623,-0.065926,8.6792
2.5502,2.0576,0.084709,-0.036242,-0.065919,8.6852
2.5503,2.0576,0.084705,-0.036259,-0.065911,8.6708
2.5503,2.0576,0.084702,-0.036272,-0.065905,8.6782
2.5504,2.0576,0.084698,-0.036277,-0.065904,8.681
2.5504,2.0576,0.084695,-0.03627,-0.065907,8.6772
2.5505,2.0576,0.084691,-0.036266,-0.065907,8.6785
2.5505,2.0576,0.084688,-0.036264,-0.065905,8.6861
2.5506,2.0576,0.084684,-0.036269,-0.0659,8.6819
2.5506,2.0576,0.084681,-0.036267,-0.065892,8.6748
2.5507,2.0576,0.084677,-0.036255,-0.065876,8.6747
2.5507,2.0576,0.084674,-0.036252,-0.065855,8.6693
2.5508,2.0576,0.08467,-0.036248,-0.065833,8.6658
2.5508,2.0576,0.084667,-0.036239,-0.065815,8.6766
2.5509,2.0576,0.084663,-0.03624,-0.065792,8.6756
2.5509,2.0576,0.08466,-0.036243,-0.065766,8.6765
2.551,2.0576,0.084657,-0.036249,-0.065738,8.6837
2.5511,2.0576,0.084653,-0.036257,-0.065707,8.6831
2.5511,2.0576,0.08465,-0.036276,-0.06568,8.6771
2.5512,2.0575,0.084646,-0.03632,-0.065654,8.6874
2.5512,2.0575,0.084643,-0.03637,-0.065637,8.6938
2.5513,2.0575,0.084639,-0.036424,-0.065627,8.6827
2.5513,2.0575,0.084636,-0.036476,-0.065615,8.6866
2.5514,2.0575,0.084632,-0.036524,-0.065602,8.7047
2.5514,2.0575,0.084629,-0.036561,-0.065585,8.7039
2.5515,2.0575,0.084625,-0.036598,-0.06556,8.7026
2.5515,2.0575,0.084622,-0.036636,-0.065537,8.7161
2.5516,2.0575,0.084619,-0.03667,-0.065512,8.7109
2.5516,2.0575,0.084615,-0.036704,-0.065491,8.7033
2.5517,2.0575,0.084612,-0.036735,-0.06547,8.7098
2.5517,2.0575,0.084608,-0.036771,-0.065446,8.7084
2.5518,2.0575,0.084605,-0.03681,-0.065423,8.7012
2.5518,2.0575,0.084601,-0.036844,-0.0654,8.7067
2.5519,2.0575,0.084598,-0.036859,-0.065374,8.7091
2.5519,2.0575,0.084594,-0.03686,-0.065351,8.7041
2.552,2.0575,0.084591,-0.036855,-0.065327,8.7079
2.5521,2.0575,0.084588,-0.036852,-0.0653,8.7143
2.5521,2.0575,0.084584,-0.036836,-0.065269,8.6985
2.5522,2.0575,0.084581,-0.03683,-0.065233,8.6965
2.5522,2.0575,0.084577,-0.036838,-0.065199,8.7004
2.5523,2.0575,0.084574,-0.036865,-0.065165,8.6895
2.5523,2.0575,0.08457,-0.036892,-0.065127,8.6806
2.5524,2.0575,0.084567,-0.036911,-0.065092,8.6978
2.5524,2.0575,0.084564,-0.036932,-0.065058,8.6993
2.5525,2.0575,0.08456,-0.036956,-0.065029,8.6883
2.5525,2.0575,0.084557,-0.036971,-0.065006,8.7093
2.5526,2.0575,0.084553,-0.036995,-0.06498,8.7143
2.5526,2.0575,0.08455,-0.037039,-0.064951,8.7024
2.5527,2.0575,0.084546,-0.037116,-0.064914,8.7087
2.5527,2.0575,0.084543,-0.0372,-0.064874,8.7109
2.5528,2.0575,0.08454,-0.037277,-0.064835,8.7001
2.5528,2.0575,0.084536,-0.03735,-0.0648,8.7032
2.5529,2.0575,0.084533,-0.037426,-0.064771,8.721
2.5529,2.0575,0.084529,-0.037487,-0.064752,8.7127
2.553,2.0575,0.084526,-0.037536,-0.064729,8.7127
2.5531,2.0575,0.084523,-0.037579,-0.064707,8.7238
2.5531,2.0575,0.084519,-0.037622,-0.064687,8.7128
2.5532,2.0575,0.084516,-0.037649,-0.064669,8.696
2.5532,2.0575,0.084512,-0.03767,-0.06465,8.694
2.5533,2.0575,0.084509,-0.03768,-0.064638,8.6841
2.5533,2.0575,0.084506,-0.037698,-0.064625,8.6724
2.5534,2.0575,0.084502,-0.037713,-0.064613,8.675
2.5534,2.0575,0.084499,-0.037724,-0.064595,8.6732
2.5535,2.0575,0.084495,-0.037746,-0.064573,8.6642
2.5535,2.0575,0.084492,-0.037762,-0.06455,8.6645
2.5536,2.0575,0.084489,-0.037776,-0.064519,8.6702
2.5536,2.0575,0.084485,-0.037787,-0.064487,8.6505
2.5537,2.0575,0.084482,-0.037784,-0.064457,8.6526
2.5537,2.0575,0.084478,-0.03779,-0.064427,8.6573
2.5538,2.0575,0.084475,-0.037806,-0.064397,8.6472
2.5538,2.0574,0.084472,-0.03784,-0.064367,8.6401
2.5539,2.0574,0.084468,-0.037896,-0.064337,8.6509
2.5539,2.0574,0.084465,-0.037944,-0.064306,8.651
2.554,2.0574,0.084461,-0.037987,-0.064274,8.653
2.5541,2.0574,0.084458,-0.038018,-0.064242,8.6575
2.5541,2.0574,0.084455,-0.038043,-0.06421,8.6673
2.5542,2.0574,0.084451,-0.038063,-0.064178,8.6556
2.5542,2.0574,0.084448,-0.03809,-0.064145,8.6685
2.5543,2.0574,0.084445,-0.038137,-0.064112,8.6698
2.5543,2.0574,0.084441,-0.038204,-0.064078,8.6592
2.5544,2.0574,0.084438,-0.038275,-0.064045,8.6684
2.5544,2.0574,0.084434,-0.03834,-0.064012,8.6787
2.5545,2.0574,0.084431,-0.038397,-0.063979,8.6718
2.5545,2.0574,0.084428,-0.038449,-0.063944,8.6775
2.5546,2.0574,0.084424,-0.038483,-0.063913,8.6869
2.5546,2.0574,0.084421,-0.038507,-0.063885,8.6772
2.5547,2.0574,0.084418,-0.038527,-0.063857,8.6683
2.5547,2.0574,0.084414,-0.03855,-0.063831,8.6741
2.5548,2.0574,0.084411,-0.038573,-0.06381,8.6664
2.5548,2.0574,0.084408,-0.03859,-0.063796,8.656
2.5549,2.0574,0.084404,-0.038617,-0.063786,8.6621
2.5549,2.0574,0.084401,-0.038646,-0.063771,8.6608
2.555,2.0574,0.084398,-0.038675,-0.063763,8.6571
2.5551,2.0574,0.084394,-0.0387,-0.063753,8.6634
2.5551,2.0574,0.084391,-0.03873,-0.063738,8.6691
2.5552,2.0574,0.084387,-0.038759,-0.063716,8.6574
2.5552,2.0574,0.084384,-0.03878,-0.063696,8.6631
2.5553,2.0574,0.084381,-0.038784,-0.063676,8.6721
2.5553,2.0574,0.084377,-0.038791,-0.063661,8.6715
2.5554,2.0574,0.084374,-0.038794,-0.063653,8.6661
2.5554,2.0574,0.084371,-0.038803,-0.063655,8.6716
2.5555,2.0574,0.084367,-0.038826,-0.063656,8.6735
2.5555,2.0574,0.084364,-0.038868,-0.063658,8.6784
2.5556,2.0574,0.084361,-0.038926,-0.063656,8.6931
2.5556,2.0574,0.084357,-0.038984,-0.063669,8.6921
2.5557,2.0574,0.084354,-0.039044,-0.063645,8.6836
2.5557,2.0574,0.084351,-0.039103,-0.0636,8.694
2.5558,2.0574,0.084347,-0.039165,-0.063542,8.6963
2.5558,2.0574,0.084344,-0.039226,-0.063476,8.6933
2.5559,2.0574,0.084341,-0.039283,-0.063408,8.6903
2.5559,2.0574,0.084337,-0.039327,-0.063353,8.6981
2.556,2.0574,0.084334,-0.03936,-0.063317,8.694
2.5561,2.0574,0.084331,-0.03937,-0.06331,8.6914
2.5561,2.0574,0.084327,-0.039383,-0.063286,8.6999
2.5562,2.0574,0.084324,-0.039397,-0.063263,8.6966
2.5562,2.0574,0.084321,-0.039418,-0.063239,8.6915
2.5563,2.0574,0.084317,-0.039434,-0.063215,8.7012
2.5563,2.0574,0.084314,-0.039457,-0.063191,8.6874
2.5564,2.0574,0.084311,-0.039481,-0.063166,8.6763
2.5564,2.0573,0.084307,-0.039503,-0.063139,8.6895
2.5565,2.0573,0.084304,-0.039516,-0.063111,8.6954
2.5565,2.0573,0.084301,-0.039533,-0.063095,8.6891
2.5566,2.0573,0.084297,-0.039539,-0.063084,8.6947
2.5566,2.0573,0.084294,-0.039544,-0.063081,8.7085
2.5567,2.0573,0.084291,-0.03955,-0.063083,8.7038
2.5567,2.0573,0.084287,-0.039567,-0.063081,8.7091
2.5568,2.0573,0.084284,-0.039586,-0.063079,8.7164
2.5568,2.0573,0.084281,-0.039605,-0.063069,8.7111
2.5569,2.0573,0.084277,-0.039618,-0.063055,8.7045
2.5569,2.0573,0.084274,-0.039622,-0.063043,8.7162
2.557,2.0573,0.084271,-0.039608,-0.063028,8.7212
2.5571,2.0573,0.084267,-0.0396,-0.063014,8.7183
2.5571,2.0573,0.084264,-0.039599,-0.062998,8.735
2.5572,2.0573,0.084261,-0.039601,-0.062977,8.7378
2.5572,2.0573,0.084258,-0.039598,-0.06296,8.7225
2.5573,2.0573,0.084254,-0.039596,-0.062942,8.738
2.5573,2.0573,0.084251,-0.039598,-0.062925,8.7356
2.5574,2.0573,0.084248,-0.039615,-0.062908,8.7202
2.5574,2.0573,0.084244,-0.039625,-0.062891,8.7229
2.5575,2.0573,0.084241,-0.039641,-0.062875,8.7374
2.5575,2.0573,0.084238,-0.039658,-0.062859,8.7224
2.5576,2.0573,0.084234,-0.039674,-0.062843,8.7205
2.5576,2.0573,0.084231,-0.039682,-0.062826,8.7343
2.5577,2.0573,0.084228,-0.039686,-0.06281,8.7277
2.5577,2.0573,0.084224,-0.039689,-0.062793,8.7211
2.5578,2.0573,0.084221,-0.039694,-0.062776,8.7226
2.5578,2.0573,0.084218,-0.039687,-0.062758,8.7196
2.5579,2.0573,0.084215,-0.039674,-0.06274,8.7159
2.5579,2.0573,0.084211,-0.039659,-0.062721,8.7189
2.558,2.0573,0.084208,-0.039644,-0.062702,8.722
2.5581,2.0573,0.084205,-0.039646,-0.062681,8.7174
2.5581,2.0573,0.084201,-0.039659,-0.062663,8.724
2.5582,2.0573,0.084198,-0.039677,-0.062648,8.7366
2.5582,2.0573,0.084195,-0.039695,-0.062635,8.7278
2.5583,2.0573,0.084191,-0.039716,-0.062621,8.7298
2.5583,2.0573,0.084188,-0.03974,-0.062606,8.738
2.5584,2.0573,0.084185,-0.039762,-0.06259,8.7314
2.5584,2.0573,0.084182,-0.039784,-0.06257,8.7294
2.5585,2.0573,0.084178,-0.03983,-0.062545,8.7368
2.5585,2.0573,0.084175,-0.039889,-0.062521,8.7292
2.5586,2.0573,0.084172,-0.039944,-0.062501,8.7367
2.5586,2.0573,0.084168,-0.039994,-0.062484,8.745
2.5587,2.0573,0.084165,-0.040041,-0.062469,8.7424
2.5587,2.0573,0.084162,-0.040085,-0.062455,8.7284
2.5588,2.0573,0.084159,-0.040108,-0.062438,8.7387
2.5588,2.0573,0.084155,-0.040116,-0.062423,8.7381
2.5589,2.0573,0.084152,-0.040118,-0.062408,8.7218
2.5589,2.0572,0.084149,-0.040112,-0.062391,8.7275
2.559,2.0572,0.084145,-0.040086,-0.062377,8.7323
2.5591,2.0572,0.084142,-0.040058,-0.062362,8.7152
2.5591,2.0572,0.084139,-0.040041,-0.062345,8.712
2.5592,2.0572,0.084136,-0.040035,-0.062326,8.7225
2.5592,2.0572,0.084132,-0.040034,-0.062302,8.7177
2.5593,2.0572,0.084129,-0.040042,-0.06228,8.7075
2.5593,2.0572,0.084126,-0.040058,-0.062257,8.7152
2.5594,2.0572,0.084122,-0.040078,-0.062234,8.7191
2.5594,2.0572,0.084119,-0.040093,-0.062209,8.7084
2.5595,2.0572,0.084116,-0.04011,-0.062185,8.7133
2.5595,2.0572,0.084113,-0.040134,-0.062159,8.7213
2.5596,2.0572,0.084109,-0.04016,-0.062133,8.7198
2.5596,2.0572,0.084106,-0.040184,-0.062106,8.7295
2.5597,2.0572,0.084103,-0.040205,-0.062079,8.7384
2.5597,2.0572,0.0841,-0.040222,-0.062051,8.7307
2.5598,2.0572,0.084096,-0.040233,-0.062023,8.732
2.5598,2.0572,0.084093,-0.040243,-0.061994,8.739
2.5599,2.0572,0.08409,-0.040259,-0.061964,8.7273
2.5599,2.0572,0.084087,-0.040283,-0.061934,8.7277
2.56,2.0572,0.084083,-0.040311,-0.061903,8.7305
2.5601,2.0572,0.08408,-0.04034,-0.061872,8.7263
2.5601,2.0572,0.084077,-0.04037,-0.061839,8.7234
2.5602,2.0572,0.084073,-0.040398,-0.061806,8.7359
2.5602,2.0572,0.08407,-0.040427,-0.061773,8.7406
2.5603,2.0572,0.084067,-0.040463,-0.061738,8.7254
2.5603,2.0572,0.084064,-0.040509,-0.061704,8.7356
2.5604,2.0572,0.08406,-0.040566,-0.061669,8.7277
2.5604,2.0572,0.084057,-0.040619,-0.061633,8.7202
2.5605,2.0572,0.084054,-0.040667,-0.061597,8.7191
2.5605,2.0572,0.084051,-0.040708,-0.06156,8.7284
2.5606,2.0572,0.084048,-0.040753,-0.061522,8.7203
2.5606,2.0572,0.084044,-0.040804,-0.061483,8.7185
2.5607,2.0572,0.084041,-0.040853,-0.061443,8.7259
2.5607,2.0572,0.084038,-0.040909,-0.061402,8.7211
2.5608,2.0572,0.084035,-0.040978,-0.061357,8.7212
2.5608,2.0572,0.084031,-0.041044,-0.061315,8.7291
2.5609,2.0572,0.084028,-0.041111,-0.061275,8.7272
2.5609,2.0572,0.084025,-0.041175,-0.061236,8.7247
2.561,2.0572,0.084022,-0.041231,-0.061197,8.731
2.5611,2.0572,0.084018,-0.041275,-0.061158,8.7337
2.5611,2.0572,0.084015,-0.041304,-0.061115,8.7226
2.5612,2.0572,0.084012,-0.041326,-0.06107,8.7334
2.5612,2.0572,0.084009,-0.041347,-0.06102,8.743
2.5613,2.0572,0.084006,-0.041372,-0.060971,8.736
2.5613,2.0572,0.084002,-0.041406,-0.060922,8.7347
2.5614,2.0572,0.083999,-0.041451,-0.060872,8.74
2.5614,2.0571,0.083996,-0.0415,-0.060821,8.7235
2.5615,2.0571,0.083993,-0.041549,-0.06077,8.7224
2.5615,2.0571,0.08399,-0.041603,-0.060718,8.7316
2.5616,2.0571,0.083986,-0.041657,-0.060666,8.7246
2.5616,2.0571,0.083983,-0.041718,-0.060612,8.7163
2.5617,2.0571,0.08398,-0.041781,-0.060559,8.7309
2.5617,2.0571,0.083977,-0.041848,-0.060504,8.7368
2.5618,2.0571,0.083974,-0.041917,-0.060449,8.737
2.5618,2.0571,0.083971,-0.04199,-0.060393,8.7367
2.5619,2.0571,0.083967,-0.042054,-0.060336,8.7418
2.5619,2.0571,0.083964,-0.042116,-0.06028,8.7305
2.562,2.0571,0.083961,-0.042177,-0.060222,8.728
2.5621,2.0571,0.083958,-0.042243,-0.060165,8.7342
2.5621,2.0571,0.083955,-0.042307,-0.060107,8.7301
2.5622,2.0571,0.083952,-0.042374,-0.060049,8.7249
2.5622,2.0571,0.083948,-0.04244,-0.05999,8.741
2.5623,2.0571,0.083945,-0.042516,-0.059932,8.7331
2.5623,2.0571,0.083942,-0.042594,-0.059873,8.7355
2.5624,2.0571,0.083939,-0.042676,-0.059815,8.7491
2.5624,2.0571,0.083936,-0.042763,-0.059755,8.7441
2.5625,2.0571,0.083933,-0.042858,-0.059693,8.743
2.5625,2.0571,0.083929,-0.04295,-0.059635,8.7523
2.5626,2.0571,0.083926,-0.04303,-0.059579,8.7601
2.5626,2.0571,0.083923,-0.043099,-0.059525,8.7494
2.5627,2.0571,0.08392,-0.043163,-0.059471,8.7604
2.5627,2.0571,0.083917,-0.043217,-0.059417,8.7802
2.5628,2.0571,0.083914,-0.04327,-0.059362,8.7738
2.5628,2.0571,0.083911,-0.043324,-0.059304,8.7699
2.5629,2.0571,0.083908,-0.043397,-0.059242,8.7748
2.5629,2.0571,0.083904,-0.043478,-0.059183,8.7618
2.563,2.0571,0.083901,-0.04356,-0.059124,8.7459
2.5631,2.0571,0.083898,-0.043639,-0.059066,8.7505
2.5631,2.0571,0.083895,-0.043714,-0.059009,8.7423
2.5632,2.0571,0.083892,-0.043783,-0.058951,8.7361
2.5632,2.0571,0.083889,-0.04385,-0.058894,8.7421
2.5633,2.0571,0.083886,-0.043918,-0.058838,8.7447
2.5633,2.0571,0.083883,-0.044002,-0.058781,8.7391
2.5634,2.0571,0.08388,-0.044087,-0.058725,8.7464
2.5634,2.0571,0.083877,-0.044172,-0.058669,8.7472
2.5635,2.0571,0.083873,-0.044253,-0.058614,8.7414
2.5635,2.0571,0.08387,-0.044338,-0.058558,8.7517
2.5636,2.0571,0.083867,-0.044426,-0.058502,8.751
2.5636,2.0571,0.083864,-0.044517,-0.058446,8.7423
2.5637,2.0571,0.083861,-0.044609,-0.058389,8.7437
2.5637,2.057,0.083858,-0.044702,-0.058333,8.756
2.5638,2.057,0.083855,-0.044789,-0.058277,8.7567
2.5638,2.057,0.083852,-0.044866,-0.058222,8.757
2.5639,2.057,0.083849,-0.044943,-0.058167,8.7712
2.5639,2.057,0.083846,-0.045024,-0.058113,8.7662
2.564,2.057,0.083843,-0.04511,-0.05806,8.7579
2.5641,2.057,0.08384,-0.045201,-0.058008,8.7641
2.5641,2.057,0.083837,-0.045291,-0.057957,8.7638
2.5642,2.057,0.083834,-0.045378,-0.057907,8.753
2.5642,2.057,0.083831,-0.045462,-0.057857,8.7702
2.5643,2.057,0.083828,-0.045538,-0.057809,8.7684
2.5643,2.057,0.083825,-0.045612,-0.057762,8.7588
2.5644,2.057,0.083821,-0.045685,-0.057715,8.7601
2.5644,2.057,0.083818,-0.045757,-0.057669,8.7679
2.5645,2.057,0.083815,-0.045829,-0.057625,8.744
2.5645,2.057,0.083812,-0.045897,-0.05758,8.7367
2.5646,2.057,0.083809,-0.045965,-0.057537,8.7388
2.5646,2.057,0.083806,-0.046031,-0.057495,8.7221
2.5647,2.057,0.083803,-0.046097,-0.057453,8.7081
2.5647,2.057,0.0838,-0.046162,-0.057413,8.7156
2.5648,2.057,0.083797,-0.046226,-0.057373,8.7136
2.5648,2.057,0.083794,-0.046286,-0.057335,8.7049
2.5649,2.057,0.083791,-0.046344,-0.057298,8.7085
2.5649,2.057,0.083788,-0.046399,-0.057261,8.7094
2.565,2.057,0.083785,-0.046448,-0.057226,8.7011
2.5651,2.057,0.083782,-0.046498,-0.057193,8.7031
2.5651,2.057,0.083779,-0.046545,-0.05716,8.7058
2.5652,2.057,0.083776,-0.046591,-0.057128,8.6964
2.5652,2.057,0.083773,-0.046639,-0.0571,8.6974
2.5653,2.057,0.08377,-0.046693,-0.057069,8.7053
2.5653,2.057,0.083767,-0.046753,-0.057036,8.702
2.5654,2.057,0.083764,-0.04681,-0.057002,8.6976
2.5654,2.057,0.083761,-0.046867,-0.056968,8.7098
2.5655,2.057,0.083758,-0.04692,-0.056935,8.7024
2.5655,2.057,0.083755,-0.046962,-0.056904,8.6913
2.5656,2.057,0.083752,-0.047,-0.056878,8.7021
2.5656,2.057,0.083749,-0.047024,-0.056856,8.7023
2.5657,2.057,0.083746,-0.04704,-0.056833,8.6868
2.5657,2.057,0.083743,-0.047048,-0.05681,8.6948
2.5658,2.057,0.08374,-0.047051,-0.056788,8.7021
2.5658,2.057,0.083737,-0.047058,-0.056767,8.6957
2.5659,2.0569,0.083734,-0.047064,-0.056746,8.6993
2.5659,2.0569,0.083731,-0.047076,-0.056726,8.7027
2.566,2.0569,0.083728,-0.047096,-0.056707,8.6911
2.5661,2.0569,0.083725,-0.047114,-0.056688,8.6856
2.5661,2.0569,0.083722,-0.047132,-0.056685,8.6824
2.5662,2.0569,0.083719,-0.047151,-0.056658,8.6744
2.5662,2.0569,0.083716,-0.047171,-0.056631,8.6663
2.5663,2.0569,0.083713,-0.047191,-0.056571,8.6743
2.5663,2.0569,0.08371,-0.047211,-0.056495,8.6661
2.5664,2.0569,0.083707,-0.047228,-0.056417,8.6658
2.5664,2.0569,0.083704,-0.047248,-0.056352,8.6779
2.5665,2.0569,0.083701,-0.047254,-0.056322,8.6776
2.5665,2.0569,0.083699,-0.047255,-0.056301,8.6747
2.5666,2.0569,0.083696,-0.047246,-0.056264,8.6879
2.5666,2.0569,0.083693,-0.047229,-0.056243,8.6902
2.5667,2.0569,0.08369,-0.047211,-0.056214,8.683
2.5667,2.0569,0.083687,-0.047193,-0.056193,8.6866
2.5668,2.0569,0.083684,-0.047183,-0.056192,8.7076
2.5668,2.0569,0.083681,-0.047175,-0.056217,8.7001
2.5669,2.0569,0.083678,-0.047162,-0.056266,8.6967
2.5669,2.0569,0.083675,-0.047152,-0.056319,8.7154
2.567,2.0569,0.083672,-0.047137,-0.056358,8.7027
2.5671,2.0569,0.083669,-0.047132,-0.056369,8.7004
2.5671,2.0569,0.083666,-0.047137,-0.056325,8.7076
2.5672,2.0569,0.083663,-0.047147,-0.056246,8.7047
2.5672,2.0569,0.08366,-0.04716,-0.056161,8.6951
2.5673,2.0569,0.083657,-0.047163,-0.056111,8.701
2.5673,2.0569,0.083654,-0.047147,-0.056088,8.7087
2.5674,2.0569,0.083651,-0.047118,-0.05608,8.7046
2.5674,2.0569,0.083648,-0.047087,-0.056073,8.7055
2.5675,2.0569,0.083645,-0.047048,-0.056063,8.7161
2.5675,2.0569,0.083642,-0.047,-0.056039,8.7012
2.5676,2.0569,0.083639,-0.046946,-0.056051,8.7009
2.5676,2.0569,0.083636,-0.046889,-0.056067,8.7004
2.5677,2.0569,0.083633,-0.046841,-0.056112,8.6872
2.5677,2.0569,0.083631,-0.046805,-0.056156,8.6823
2.5678,2.0569,0.083628,-0.046792,-0.056179,8.6874
2.5678,2.0569,0.083625,-0.046805,-0.056207,8.6877
2.5679,2.0569,0.083622,-0.046824,-0.056247,8.682
2.5679,2.0569,0.083619,-0.046848,-0.056307,8.6954
2.568,2.0568,0.083616,-0.046858,-0.056395,8.6989
2.5681,2.0568,0.083613,-0.046858,-0.05646,8.6903
2.5681,2.0568,0.08361,-0.046858,-0.05652,8.6977
2.5682,2.0568,0.083607,-0.046871,-0.056575,8.7012
2.5682,2.0568,0.083604,-0.046888,-0.056628,8.6982
2.5683,2.0568,0.083601,-0.046901,-0.05668,8.7016
2.5683,2.0568,0.083598,-0.046906,-0.056731,8.7168
2.5684,2.0568,0.083595,-0.046909,-0.056782,8.7099
2.5684,2.0568,0.083592,-0.046885,-0.056836,8.717
2.5685,2.0568,0.083589,-0.046845,-0.056886,8.7297
2.5685,2.0568,0.083586,-0.046802,-0.056933,8.7261
2.5686,2.0568,0.083583,-0.046763,-0.056978,8.722
2.5686,2.0568,0.08358,-0.04672,-0.057021,8.7248
2.5687,2.0568,0.083577,-0.046679,-0.057062,8.7234
2.5687,2.0568,0.083574,-0.046644,-0.057101,8.7062
2.5688,2.0568,0.083571,-0.046627,-0.057137,8.7098
2.5688,2.0568,0.083568,-0.046613,-0.057172,8.7137
2.5689,2.0568,0.083565,-0.046618,-0.057204,8.7069
2.5689,2.0568,0.083562,-0.046637,-0.05725,8.7118
2.569,2.0568,0.083559,-0.046661,-0.057266,8.7214
2.5691,2.0568,0.083556,-0.046683,-0.05726,8.7082
2.5691,2.0568,0.083553,-0.046698,-0.057242,8.7051
2.5692,2.0568,0.08355,-0.046709,-0.05722,8.7073
2.5692,2.0568,0.083547,-0.046724,-0.057202,8.7013
2.5693,2.0568,0.083544,-0.046736,-0.057195,8.6919
2.5693,2.0568,0.083541,-0.046752,-0.057208,8.7046
2.5694,2.0568,0.083538,-0.046767,-0.057245,8.7038
2.5694,2.0568,0.083535,-0.046778,-0.057263,8.6978
2.5695,2.0568,0.083532,-0.046788,-0.057279,8.7116
2.5695,2.0568,0.083529,-0.046794,-0.057291,8.7169
2.5696,2.0568,0.083526,-0.046803,-0.057302,8.7157
2.5696,2.0568,0.083523,-0.046818,-0.05731,8.7191
2.5697,2.0568,0.08352,-0.04684,-0.057315,8.7251
2.5697,2.0568,0.083517,-0.046866,-0.057334,8.7168
2.5698,2.0568,0.083514,-0.046898,-0.057339,8.7146
2.5698,2.0568,0.083511,-0.046932,-0.057294,8.7205
2.5699,2.0568,0.083508,-0.046975,-0.057217,8.7122
2.5699,2.0568,0.083505,-0.04702,-0.057142,8.7085
2.57,2.0568,0.083502,-0.047063,-0.057058,8.7129
2.5701,2.0568,0.083499,-0.047111,-0.056945,8.7043
2.5701,2.0568,0.083496,-0.047163,-0.056851,8.6915
2.5702,2.0567,0.083493,-0.047215,-0.05678,8.6925
2.5702,2.0567,0.08349,-0.047268,-0.056661,8.6871
2.5703,2.0567,0.083487,-0.04732,-0.056553,8.6671
2.5703,2.0567,0.083484,-0.047372,-0.056454,8.6765
2.5704,2.0567,0.083481,-0.047427,-0.056395,8.6744
2.5704,2.0567,0.083478,-0.047476,-0.056356,8.669
2.5705,2.0567,0.083475,-0.047529,-0.056324,8.6709
2.5705,2.0567,0.083472,-0.047581,-0.056318,8.6793
2.5706,2.0567,0.083469,-0.047627,-0.05634,8.6716
2.5706,2.0567,0.083466,-0.047667,-0.056355,8.6612
2.5707,2.0567,0.083463,-0.047703,-0.056418,8.6735
2.5707,2.0567,0.08346,-0.047738,-0.056463,8.667
2.5708,2.0567,0.083457,-0.047774,-0.0565,8.6588
2.5708,2.0567,0.083454,-0.047807,-0.056539,8.6743
2.5709,2.0567,0.083451,-0.047845,-0.056545,8.6689
2.5709,2.0567,0.083448,-0.047886,-0.056493,8.6602
2.571,2.0567,0.083445,-0.047926,-0.056413,8.6788
2.5711,2.0567,0.083442,-0.04797,-0.056271,8.6814
2.5711,2.0567,0.083439,-0.048023,-0.056102,8.6634
2.5712,2.0567,0.083436,-0.048082,-0.055939,8.6728
2.5712,2.0567,0.083433,-0.048146,-0.055812,8.674
2.5713,2.0567,0.08343,-0.048214,-0.055766,8.6672
2.5713,2.0567,0.083427,-0.048278,-0.055739,8.671
2.5714,2.0567,0.083424,-0.048339,-0.055724,8.6815
2.5714,2.0567,0.083422,-0.048401,-0.055722,8.677
2.5715,2.0567,0.083419,-0.048465,-0.055674,8.6736
2.5715,2.0567,0.083416,-0.048529,-0.055613,8.6889
2.5716,2.0567,0.083413,-0.048596,-0.055552,8.6837
2.5716,2.0567,0.08341,-0.048665,-0.055519,8.6696
2.5717,2.0567,0.083407,-0.048735,-0.055489,8.6753
2.5717,2.0567,0.083404,-0.048804,-0.055451,8.6745
2.5718,2.0567,0.083401,-0.048873,-0.055409,8.6612
2.5718,2.0567,0.083398,-0.048944,-0.055361,8.6684
2.5719,2.0567,0.083395,-0.049011,-0.055266,8.672
2.5719,2.0567,0.083392,-0.049069,-0.055143,8.6627
2.572,2.0567,0.083389,-0.049124,-0.055004,8.6745
2.5721,2.0567,0.083387,-0.049179,-0.054854,8.6841
2.5721,2.0567,0.083384,-0.04924,-0.054708,8.6795
2.5722,2.0567,0.083381,-0.049312,-0.054598,8.6817
2.5722,2.0566,0.083378,-0.049388,-0.054502,8.694
2.5723,2.0566,0.083375,-0.049466,-0.054412,8.6898
2.5723,2.0566,0.083372,-0.049542,-0.054322,8.6845
2.5724,2.0566,0.083369,-0.049611,-0.054225,8.7014
2.5724,2.0566,0.083367,-0.049671,-0.054115,8.699
2.5725,2.0566,0.083364,-0.049729,-0.053987,8.6913
2.5725,2.0566,0.083361,-0.049792,-0.053879,8.7023
2.5726,2.0566,0.083358,-0.049861,-0.053777,8.7161
2.5726,2.0566,0.083355,-0.049927,-0.05368,8.7077
2.5727,2.0566,0.083352,-0.049999,-0.053588,8.7163
2.5727,2.0566,0.08335,-0.050082,-0.05349,8.7169
2.5728,2.0566,0.083347,-0.050169,-0.053403,8.7058
2.5728,2.0566,0.083344,-0.050252,-0.053358,8.7068
2.5729,2.0566,0.083341,-0.050336,-0.053341,8.7084
2.5729,2.0566,0.083338,-0.050416,-0.053325,8.7075
2.573,2.0566,0.083335,-0.05049,-0.05332,8.7154
2.5731,2.0566,0.083333,-0.050558,-0.053347,8.7268
2.5731,2.0566,0.08333,-0.050631,-0.053358,8.7233
2.5732,2.0566,0.083327,-0.050713,-0.053354,8.7133
2.5732,2.0566,0.083324,-0.050809,-0.053376,8.7211
2.5733,2.0566,0.083321,-0.050904,-0.053426,8.7242
2.5733,2.0566,0.083319,-0.051,-0.05346,8.7114
2.5734,2.0566,0.083316,-0.051092,-0.053458,8.7133
2.5734,2.0566,0.083313,-0.051181,-0.053433,8.718
2.5735,2.0566,0.08331,-0.051269,-0.053398,8.7109
2.5735,2.0566,0.083307,-0.051358,-0.053323,8.7217
2.5736,2.0566,0.083305,-0.051447,-0.053242,8.7321
2.5736,2.0566,0.083302,-0.051543,-0.053169,8.7321
2.5737,2.0566,0.083299,-0.051636,-0.053126,8.7331
2.5737,2.0566,0.083296,-0.051727,-0.053108,8.7405
2.5738,2.0566,0.083293,-0.051818,-0.053092,8.7355
2.5738,2.0566,0.083291,-0.051908,-0.053076,8.734
2.5739,2.0566,0.083288,-0.051996,-0.053108,8.746
2.5739,2.0566,0.083285,-0.052083,-0.053185,8.7417
2.574,2.0566,0.083282,-0.052165,-0.053306,8.7352
2.5741,2.0566,0.083279,-0.052249,-0.053429,8.752
2.5741,2.0566,0.083277,-0.052332,-0.053559,8.7553
2.5742,2.0566,0.083274,-0.052414,-0.053646,8.7412
2.5742,2.0565,0.083271,-0.052496,-0.053647,8.7478
2.5743,2.0565,0.083268,-0.052577,-0.053598,8.7471
2.5743,2.0565,0.083265,-0.052653,-0.053568,8.7399
2.5744,2.0565,0.083262,-0.052731,-0.053568,8.7385
2.5744,2.0565,0.08326,-0.052803,-0.053624,8.7471
2.5745,2.0565,0.083257,-0.05288,-0.053715,8.74
2.5745,2.0565,0.083254,-0.052958,-0.053829,8.737
2.5746,2.0565,0.083251,-0.053037,-0.053949,8.7489
2.5746,2.0565,0.083248,-0.053112,-0.05405,8.747
2.5747,2.0565,0.083245,-0.053186,-0.054147,8.7493
2.5747,2.0565,0.083243,-0.053256,-0.05424,8.7574
2.5748,2.0565,0.08324,-0.053324,-0.054329,8.7534
2.5748,2.0565,0.083237,-0.053388,-0.054414,8.7484
2.5749,2.0565,0.083234,-0.053452,-0.054496,8.7513
2.5749,2.0565,0.083231,-0.053524,-0.054573,8.7518
2.575,2.0565,0.083228,-0.053597,-0.054647,8.7462
2.5751,2.0565,0.083225,-0.05367,-0.054717,8.7505
2.5751,2.0565,0.083223,-0.053743,-0.054797,8.7602
2.5752,2.0565,0.08322,-0.053811,-0.054849,8.7564
2.5752,2.0565,0.083217,-0.053868,-0.054881,8.7533
2.5753,2.0565,0.083214,-0.053914,-0.0549,8.7649
2.5753,2.0565,0.083211,-0.053954,-0.054914,8.7534
2.5754,2.0565,0.083208,-0.053994,-0.054929,8.755
2.5754,2.0565,0.083205,-0.054031,-0.054953,8.7621
2.5755,2.0565,0.083202,-0.054073,-0.054991,8.7547
2.5755,2.0565,0.083199,-0.054114,-0.055049,8.7441
2.5756,2.0565,0.083196,-0.054162,-0.055089,8.7559
2.5756,2.0565,0.083194,-0.054217,-0.055125,8.755
2.5757,2.0565,0.083191,-0.05428,-0.055158,8.7398
2.5757,2.0565,0.083188,-0.054354,-0.055188,8.7509
2.5758,2.0565,0.083185,-0.054433,-0.055214,8.743
2.5758,2.0565,0.083182,-0.054508,-0.055237,8.7304
2.5759,2.0565,0.083179,-0.054579,-0.055257,8.7256
2.5759,2.0565,0.083176,-0.054637,-0.055274,8.7331
2.576,2.0565,0.083173,-0.054686,-0.055273,8.7207
2.5761,2.0564,0.08317,-0.054729,-0.055279,8.7163
2.5761,2.0564,0.083167,-0.054765,-0.055322,8.728
2.5762,2.0564,0.083164,-0.054796,-0.055374,8.7278
2.5762,2.0564,0.083162,-0.054827,-0.055459,8.7201
2.5763,2.0564,0.083159,-0.054856,-0.05556,8.729
2.5763,2.0564,0.083156,-0.05489,-0.055655,8.7213
2.5764,2.0564,0.083153,-0.05492,-0.055727,8.7194
2.5764,2.0564,0.08315,-0.054961,-0.055739,8.7255
2.5765,2.0564,0.083147,-0.055002,-0.055754,8.7269
2.5765,2.0564,0.083144,-0.055049,-0.055784,8.7207
2.5766,2.0564,0.083141,-0.055105,-0.055798,8.7304
2.5766,2.0564,0.083138,-0.055159,-0.055822,8.7411
2.5767,2.0564,0.083135,-0.055207,-0.055839,8.7373
2.5767,2.0564,0.083132,-0.055242,-0.055841,8.7359
2.5768,2.0564,0.083129,-0.055269,-0.055819,8.7454
2.5768,2.0564,0.083126,-0.055296,-0.055765,8.7319
2.5769,2.0564,0.083123,-0.055308,-0.055702,8.7289
2.5769,2.0564,0.08312,-0.055323,-0.055647,8.7359
2.577,2.0564,0.083118,-0.055329,-0.055618,8.7286
2.5771,2.0564,0.083115,-0.055319,-0.055644,8.7206
2.5771,2.0564,0.083112,-0.055295,-0.055711,8.7318
2.5772,2.0564,0.083109,-0.055263,-0.055793,8.725
2.5772,2.0564,0.083106,-0.055237,-0.055849,8.7169
2.5773,2.0564,0.083103,-0.055226,-0.055881,8.7208
2.5773,2.0564,0.0831,-0.055238,-0.055902,8.7217
2.5774,2.0564,0.083097,-0.055266,-0.055923,8.7095
2.5774,2.0564,0.083094,-0.055307,-0.055951,8.7167
2.5775,2.0564,0.083091,-0.055357,-0.055996,8.7213
2.5775,2.0564,0.083088,-0.055407,-0.056009,8.7176
2.5776,2.0564,0.083085,-0.05545,-0.056017,8.7139
2.5776,2.0564,0.083082,-0.055485,-0.055997,8.724
2.5777,2.0564,0.083079,-0.055514,-0.055975,8.7241
2.5777,2.0564,0.083076,-0.055539,-0.055974,8.7205
2.5778,2.0564,0.083073,-0.055553,-0.055967,8.735
2.5778,2.0564,0.08307,-0.05557,-0.055946,8.7347
2.5779,2.0563,0.083068,-0.055587,-0.055903,8.7291
2.5779,2.0563,0.083065,-0.055604,-0.055829,8.7334
2.578,2.0563,0.083062,-0.05562,-0.055768,8.7424
2.5781,2.0563,0.083059,-0.055634,-0.055703,8.7347
2.5781,2.0563,0.083056,-0.055645,-0.055635,8.7407
2.5782,2.0563,0.083053,-0.055653,-0.055564,8.7448
2.5782,2.0563,0.08305,-0.055654,-0.05549,8.7429
2.5783,2.0563,0.083047,-0.055654,-0.05541,8.7468
2.5783,2.0563,0.083044,-0.055649,-0.055328,8.7645
2.5784,2.0563,0.083041,-0.055651,-0.055247,8.7531
2.5784,2.0563,0.083038,-0.055658,-0.055171,8.7587
2.5785,2.0563,0.083035,-0.055666,-0.055095,8.7615
2.5785,2.0563,0.083033,-0.055673,-0.055017,8.7629
2.5786,2.0563,0.08303,-0.055675,-0.054932,8.7466
2.5786,2.0563,0.083027,-0.055666,-0.054838,8.7596
2.5787,2.0563,0.083024,-0.055648,-0.05473,8.756
2.5787,2.0563,0.083021,-0.055623,-0.054614,8.7551
2.5788,2.0563,0.083018,-0.055603,-0.054493,8.7624
2.5788,2.0563,0.083015,-0.055579,-0.054371,8.7642
2.5789,2.0563,0.083012,-0.055547,-0.054227,8.7582
2.5789,2.0563,0.08301,-0.055511,-0.054108,8.7579
2.579,2.0563,0.083007,-0.055473,-0.054007,8.7608
2.5791,2.0563,0.083004,-0.055444,-0.053916,8.756
2.5791,2.0563,0.083001,-0.05542,-0.053828,8.7517
2.5792,2.0563,0.082998,-0.055397,-0.053735,8.7687
2.5792,2.0563,0.082995,-0.055375,-0.053629,8.7651
2.5793,2.0563,0.082993,-0.055349,-0.0535,8.761
2.5793,2.0563,0.08299,-0.055317,-0.053339,8.7767
2.5794,2.0563,0.082987,-0.055289,-0.053192,8.7666
2.5794,2.0563,0.082984,-0.055266,-0.05304,8.7674
2.5795,2.0563,0.082981,-0.055257,-0.052886,8.7709
2.5795,2.0563,0.082979,-0.055248,-0.052728,8.7723
2.5796,2.0563,0.082976,-0.055233,-0.052566,8.7617
2.5796,2.0563,0.082973,-0.055213,-0.0524,8.7759
2.5797,2.0562,0.08297,-0.055186,-0.052214,8.7784
2.5797,2.0562,0.082968,-0.055151,-0.052035,8.7668
2.5798,2.0562,0.082965,-0.055117,-0.051901,8.7717
2.5798,2.0562,0.082962,-0.055083,-0.0518,8.7775
2.5799,2.0562,0.082959,-0.055049,-0.051696,8.7614
2.5799,2.0562,0.082957,-0.055023,-0.051605,8.7564
2.58,2.0562,0.082954,-0.054988,-0.051555,8.7627
2.5801,2.0562,0.082951,-0.054946,-0.051493,8.7582
2.5801,2.0562,0.082949,-0.054889,-0.051417,8.7438
2.5802,2.0562,0.082946,-0.054822,-0.051394,8.7511
2.5802,2.0562,0.082943,-0.05475,-0.051366,8.7513
2.5803,2.0562,0.08294,-0.054679,-0.051337,8.7408
2.5803,2.0562,0.082938,-0.054613,-0.051271,8.7489
2.5804,2.0562,0.082935,-0.054553,-0.051187,8.7621
2.5804,2.0562,0.082932,-0.054485,-0.051098,8.7537
2.5805,2.0562,0.08293,-0.054417,-0.050978,8.7467
2.5805,2.0562,0.082927,-0.054349,-0.05082,8.7526
2.5806,2.0562,0.082924,-0.054286,-0.050655,8.7453
2.5806,2.0562,0.082922,-0.054234,-0.050432,8.748
2.5807,2.0562,0.082919,-0.054189,-0.050219,8.7628
2.5807,2.0562,0.082916,-0.054151,-0.05001,8.7534
2.5808,2.0562,0.082914,-0.054111,-0.049789,8.753
2.5808,2.0562,0.082911,-0.054068,-0.049598,8.768
2.5809,2.0562,0.082909,-0.054027,-0.049459,8.7642
2.5809,2.0562,0.082906,-0.05399,-0.049346,8.7522
2.581,2.0562,0.082903,-0.053951,-0.049297,8.7555
2.5811,2.0562,0.082901,-0.053905,-0.049284,8.7592
2.5811,2.0562,0.082898,-0.053843,-0.049275,8.7491
2.5812,2.0562,0.082896,-0.053766,-0.049238,8.7445
2.5812,2.0562,0.082893,-0.053677,-0.049122,8.7433
2.5813,2.0562,0.08289,-0.053581,-0.048986,8.7343
2.5813,2.0562,0.082888,-0.053477,-0.048833,8.7381
2.5814,2.0562,0.082885,-0.05338,-0.048662,8.7428
2.5814,2.0562,0.082883,-0.053298,-0.048532,8.728
2.5815,2.0562,0.08288,-0.053223,-0.048415,8.7231
2.5815,2.0561,0.082878,-0.053154,-0.048314,8.7223
2.5816,2.0561,0.082875,-0.053093,-0.048155,8.7203
2.5816,2.0561,0.082873,-0.05304,-0.047971,8.709
2.5817,2.0561,0.08287,-0.052991,-0.047782,8.7152
2.5817,2.0561,0.082868,-0.05294,-0.047606,8.719
2.5818,2.0561,0.082865,-0.052899,-0.047416,8.704
2.5818,2.0561,0.082863,-0.052873,-0.047273,8.7149
2.5819,2.0561,0.08286,-0.05285,-0.047174,8.7174
2.5819,2.0561,0.082858,-0.052833,-0.047125,8.7059
2.582,2.0561,0.082855,-0.052818,-0.047085,8.7152
2.5821,2.0561,0.082853,-0.052801,-0.047063,8.717
2.5821,2.0561,0.08285,-0.052777,-0.047031,8.708
2.5822,2.0561,0.082848,-0.052747,-0.047017,8.7047
2.5822,2.0561,0.082845,-0.052715,-0.046987,8.7239
2.5823,2.0561,0.082843,-0.052684,-0.046963,8.712
2.5823,2.0561,0.08284,-0.052657,-0.046953,8.7086
2.5824,2.0561,0.082838,-0.052638,-0.04698,8.7174
2.5824,2.0561,0.082835,-0.05262,-0.047007,8.7139
2.5825,2.0561,0.082833,-0.052604,-0.047023,8.7086
2.5825,2.0561,0.08283,-0.052588,-0.047021,8.7125
2.5826,2.0561,0.082828,-0.052579,-0.046975,8.7079
2.5826,2.0561,0.082826,-0.052566,-0.046912,8.7007
2.5827,2.0561,0.082823,-0.052533,-0.046884,8.7027
2.5827,2.0561,0.082821,-0.052487,-0.04687,8.7036
2.5828,2.0561,0.082818,-0.052443,-0.04684,8.6979
2.5828,2.0561,0.082816,-0.05239,-0.046763,8.6968
2.5829,2.0561,0.082813,-0.05234,-0.046697,8.7065
2.5829,2.0561,0.082811,-0.052305,-0.046597,8.6896
2.583,2.0561,0.082808,-0.05229,-0.046426,8.6892
2.5831,2.0561,0.082806,-0.052283,-0.046269,8.6926
2.5831,2.0561,0.082803,-0.052261,-0.046158,8.6854
2.5832,2.0561,0.082801,-0.052228,-0.046029,8.6765
2.5832,2.0561,0.082799,-0.052198,-0.045882,8.6884
2.5833,2.0561,0.082796,-0.052159,-0.045756,8.6907
2.5833,2.0561,0.082794,-0.052114,-0.045676,8.684
2.5834,2.0561,0.082791,-0.052066,-0.045633,8.6977
2.5834,2.056,0.082789,-0.052012,-0.045613,8.7014
2.5835,2.056,0.082787,-0.051957,-0.045652,8.6973
2.5835,2.056,0.082784,-0.05189,-0.045716,8.6995
2.5836,2.056,0.082782,-0.051814,-0.045795,8.7088
2.5836,2.056,0.082779,-0.051743,-0.045863,8.6988
2.5837,2.056,0.082777,-0.051678,-0.045924,8.6981
2.5837,2.056,0.082775,-0.051615,-0.045968,8.7152
2.5838,2.056,0.082772,-0.051555,-0.046067,8.7094
2.5838,2.056,0.08277,-0.051492,-0.046189,8.7056
2.5839,2.056,0.082767,-0.051441,-0.04631,8.7194
2.5839,2.056,0.082765,-0.051393,-0.046405,8.7135
2.584,2.056,0.082762,-0.051359,-0.046492,8.7015
2.5841,2.056,0.08276,-0.051334,-0.046542,8.708
2.5841,2.056,0.082757,-0.051313,-0.046584,8.7082
2.5842,2.056,0.082755,-0.05129,-0.046637,8.6977
2.5842,2.056,0.082753,-0.051257,-0.046784,8.6979
2.5843,2.056,0.08275,-0.051222,-0.046958,8.7025
2.5843,2.056,0.082748,-0.051195,-0.047108,8.6948
2.5844,2.056,0.082745,-0.051167,-0.047241,8.7028
2.5844,2.056,0.082743,-0.051143,-0.047355,8.7058
2.5845,2.056,0.08274,-0.051118,-0.047444,8.6928
2.5845,2.056,0.082738,-0.051084,-0.047512,8.7004
2.5846,2.056,0.082735,-0.051049,-0.047554,8.7021
2.5846,2.056,0.082733,-0.051023,-0.04763,8.6994
2.5847,2.056,0.08273,-0.051014,-0.047699,8.6884
2.5847,2.056,0.082728,-0.051015,-0.047774,8.6978
2.5848,2.056,0.082725,-0.05102,-0.047905,8.7042
2.5848,2.056,0.082723,-0.051022,-0.048074,8.7036
2.5849,2.056,0.08272,-0.051012,-0.048272,8.7073
2.5849,2.056,0.082717,-0.050987,-0.048494,8.7189
2.585,2.056,0.082715,-0.050954,-0.048683,8.7059
2.5851,2.056,0.082712,-0.050938,-0.048868,8.7177
2.5851,2.056,0.08271,-0.050929,-0.049021,8.7217
2.5852,2.056,0.082707,-0.050928,-0.04917,8.7123
2.5852,2.056,0.082705,-0.050933,-0.049341,8.7056
2.5853,2.056,0.082702,-0.050942,-0.049514,8.7173
2.5853,2.056,0.082699,-0.050949,-0.049681,8.708
2.5854,2.0559,0.082697,-0.050949,-0.049836,8.7134
2.5854,2.0559,0.082694,-0.050943,-0.049939,8.7278
2.5855,2.0559,0.082691,-0.050941,-0.049994,8.7272
2.5855,2.0559,0.082689,-0.050939,-0.050035,8.7169
2.5856,2.0559,0.082686,-0.050933,-0.050114,8.7248
2.5856,2.0559,0.082683,-0.050925,-0.050236,8.7119
2.5857,2.0559,0.082681,-0.050916,-0.050374,8.7011
2.5857,2.0559,0.082678,-0.050905,-0.050498,8.7096
2.5858,2.0559,0.082676,-0.050896,-0.050619,8.7153
2.5858,2.0559,0.082673,-0.05089,-0.050741,8.7066
2.5859,2.0559,0.08267,-0.050889,-0.05086,8.7135
2.5859,2.0559,0.082667,-0.050896,-0.051024,8.7251
2.586,2.0559,0.082665,-0.050907,-0.051232,8.7182
2.5861,2.0559,0.082662,-0.050919,-0.051423,8.7169
2.5861,2.0559,0.082659,-0.050937,-0.051594,8.7312
2.5862,2.0559,0.082657,-0.050962,-0.051729,8.72
2.5862,2.0559,0.082654,-0.050999,-0.051879,8.7202
2.5863,2.0559,0.082651,-0.051045,-0.052016,8.7241
2.5863,2.0559,0.082648,-0.051099,-0.052143,8.7258
2.5864,2.0559,0.082646,-0.051159,-0.052325,8.725
2.5864,2.0559,0.082643,-0.051222,-0.052531,8.7361
2.5865,2.0559,0.08264,-0.05128,-0.052747,8.7366
2.5865,2.0559,0.082637,-0.051332,-0.052965,8.7262
2.5866,2.0559,0.082635,-0.051383,-0.053152,8.7298
2.5866,2.0559,0.082632,-0.051438,-0.053329,8.7286
2.5867,2.0559,0.082629,-0.051499,-0.053461,8.7116
2.5867,2.0559,0.082626,-0.051553,-0.053569,8.709
2.5868,2.0559,0.082623,-0.051603,-0.053722,8.7131
2.5868,2.0559,0.08262,-0.05166,-0.053859,8.7001
2.5869,2.0559,0.082618,-0.051714,-0.05404,8.6988
2.5869,2.0559,0.082615,-0.051769,-0.054218,8.7049
2.587,2.0559,0.082612,-0.051828,-0.054407,8.7002
2.5871,2.0559,0.082609,-0.051901,-0.054599,8.6885
2.5871,2.0559,0.082606,-0.05198,-0.054811,8.6965
2.5872,2.0559,0.082603,-0.052049,-0.055066,8.6915
2.5872,2.0559,0.0826,-0.052107,-0.055341,8.6823
2.5873,2.0559,0.082597,-0.052152,-0.05557,8.6827
2.5873,2.0558,0.082594,-0.05219,-0.055787,8.6869
2.5874,2.0558,0.082592,-0.052221,-0.055957,8.6732
2.5874,2.0558,0.082589,-0.052245,-0.056107,8.6768
2.5875,2.0558,0.082586,-0.052275,-0.05621,8.684
2.5875,2.0558,0.082583,-0.052307,-0.056298,8.6783
2.5876,2.0558,0.08258,-0.052339,-0.056397,8.6831
2.5876,2.0558,0.082577,-0.052366,-0.05649,8.6855
2.5877,2.0558,0.082574,-0.052386,-0.056579,8.6831
2.5877,2.0558,0.082571,-0.052412,-0.056664,8.6775
2.5878,2.0558,0.082568,-0.052437,-0.056744,8.6866
2.5878,2.0558,0.082565,-0.052462,-0.05682,8.6886
2.5879,2.0558,0.082562,-0.05249,-0.056892,8.6826
2.5879,2.0558,0.082559,-0.052517,-0.056959,8.6887
2.588,2.0558,0.082556,-0.052543,-0.057023,8.695
2.5881,2.0558,0.082553,-0.052565,-0.057081,8.6806
2.5881,2.0558,0.08255,-0.05258,-0.057136,8.6841
2.5882,2.0558,0.082547,-0.052599,-0.057186,8.6867
2.5882,2.0558,0.082544,-0.052619,-0.057234,8.6827
2.5883,2.0558,0.082541,-0.05264,-0.057276,8.6761
2.5883,2.0558,0.082538,-0.052656,-0.05731,8.6803
2.5884,2.0558,0.082535,-0.052667,-0.05733,8.6713
2.5884,2.0558,0.082532,-0.052677,-0.057341,8.6764
2.5885,2.0558,0.082529,-0.052686,-0.057345,8.6775
2.5885,2.0558,0.082526,-0.052698,-0.057346,8.6736
2.5886,2.0558,0.082523,-0.052714,-0.057349,8.6735
2.5886,2.0558,0.08252,-0.05274,-0.057356,8.688
2.5887,2.0558,0.082517,-0.052764,-0.057365,8.6844
2.5887,2.0558,0.082514,-0.052784,-0.057373,8.6726
2.5888,2.0558,0.082511,-0.052803,-0.057375,8.6695
2.5888,2.0558,0.082508,-0.052823,-0.057373,8.6813
2.5889,2.0558,0.082504,-0.052842,-0.057369,8.6761
2.5889,2.0558,0.082501,-0.052858,-0.057361,8.6866
2.589,2.0558,0.082498,-0.052869,-0.05735,8.6967
2.5891,2.0558,0.082495,-0.052878,-0.057336,8.6954
2.5891,2.0558,0.082492,-0.052883,-0.057318,8.6976
2.5892,2.0558,0.082489,-0.052889,-0.057298,8.7106
2.5892,2.0557,0.082486,-0.0529,-0.057273,8.7072
2.5893,2.0557,0.082483,-0.05292,-0.057246,8.7039
2.5893,2.0557,0.08248,-0.052944,-0.057215,8.7134
2.5894,2.0557,0.082477,-0.052962,-0.057182,8.7157
2.5894,2.0557,0.082474,-0.052974,-0.057145,8.7076
2.5895,2.0557,0.082471,-0.052984,-0.057105,8.7155
2.5895,2.0557,0.082468,-0.052996,-0.057062,8.7236
2.5896,2.0557,0.082465,-0.053006,-0.057016,8.7207
2.5896,2.0557,0.082462,-0.053019,-0.056967,8.7337
2.5897,2.0557,0.082459,-0.053038,-0.056914,8.7306
2.5897,2.0557,0.082456,-0.053052,-0.056859,8.7188
2.5898,2.0557,0.082453,-0.053054,-0.0568,8.727
2.5898,2.0557,0.08245,-0.053045,-0.05674,8.7307
2.5899,2.0557,0.082447,-0.053025,-0.056676,8.7231
2.5899,2.0557,0.082444,-0.053002,-0.056602,8.7199
2.59,2.0557,0.082441,-0.052971,-0.056522,8.7405
2.5901,2.0557,0.082438,-0.052946,-0.056432,8.735
2.5901,2.0557,0.082436,-0.052928,-0.056338,8.7302
2.5902,2.0557,0.082433,-0.052916,-0.056238,8.7414
2.5902,2.0557,0.08243,-0.052907,-0.056135,8.7364
2.5903,2.0557,0.082427,-0.052889,-0.056026,8.7325
2.5903,2.0557,0.082424,-0.052873,-0.055914,8.7418
2.5904,2.0557,0.082421,-0.052864,-0.055792,8.7464
2.5904,2.0557,0.082418,-0.052858,-0.055669,8.7331
2.5905,2.0557,0.082415,-0.052856,-0.055546,8.7367
2.5905,2.0557,0.082412,-0.05286,-0.055426,8.7513
2.5906,2.0557,0.082409,-0.052864,-0.055303,8.7494
2.5906,2.0557,0.082406,-0.052866,-0.055173,8.7549
2.5907,2.0557,0.082403,-0.052858,-0.055034,8.7595
2.5907,2.0557,0.0824,-0.052853,-0.054888,8.7548
2.5908,2.0557,0.082398,-0.052845,-0.054731,8.7583
2.5908,2.0557,0.082395,-0.052834,-0.054567,8.7567
2.5909,2.0557,0.082392,-0.052815,-0.054402,8.7598
2.5909,2.0557,0.082389,-0.052795,-0.054232,8.7512
2.591,2.0557,0.082386,-0.052779,-0.054058,8.7617
2.5911,2.0557,0.082383,-0.05278,-0.053879,8.7614
2.5911,2.0556,0.08238,-0.052793,-0.053696,8.7532
2.5912,2.0556,0.082378,-0.052816,-0.053507,8.7624
2.5912,2.0556,0.082375,-0.052842,-0.053314,8.7653
2.5913,2.0556,0.082372,-0.052876,-0.053116,8.7521
2.5913,2.0556,0.082369,-0.052901,-0.052912,8.7509
2.5914,2.0556,0.082366,-0.052911,-0.052703,8.7591
2.5914,2.0556,0.082364,-0.052917,-0.052488,8.7465
2.5915,2.0556,0.082361,-0.052916,-0.052251,8.7407
2.5915,2.0556,0.082358,-0.052904,-0.052036,8.7549
2.5916,2.0556,0.082355,-0.052882,-0.051836,8.7524
2.5916,2.0556,0.082353,-0.052855,-0.051645,8.748
2.5917,2.0556,0.08235,-0.052827,-0.05144,8.7614
2.5917,2.0556,0.082347,-0.052791,-0.051252,8.7561
2.5918,2.0556,0.082345,-0.052741,-0.051066,8.7513
2.5918,2.0556,0.082342,-0.052692,-0.050868,8.7549
2.5919,2.0556,0.082339,-0.052636,-0.050641,8.755
2.5919,2.0556,0.082337,-0.05258,-0.050424,8.7457
2.592,2.0556,0.082334,-0.052527,-0.050192,8.7492
2.5921,2.0556,0.082331,-0.05248,-0.049938,8.7609
2.5921,2.0556,0.082329,-0.052435,-0.049655,8.7563
2.5922,2.0556,0.082326,-0.052399,-0.049379,8.7499
2.5922,2.0556,0.082324,-0.05236,-0.049097,8.7612
2.5923,2.0556,0.082321,-0.052319,-0.048809,8.7501
2.5923,2.0556,0.082318,-0.052267,-0.048498,8.7474
2.5924,2.0556,0.082316,-0.052207,-0.04821,8.7495
2.5924,2.0556,0.082313,-0.052139,-0.04792,8.7407
2.5925,2.0556,0.082311,-0.052071,-0.047649,8.7367
2.5925,2.0556,0.082308,-0.052004,-0.047428,8.742
2.5926,2.0556,0.082306,-0.051948,-0.047235,8.744
2.5926,2.0556,0.082303,-0.051906,-0.047029,8.7399
2.5927,2.0556,0.082301,-0.051879,-0.046814,8.74
2.5927,2.0556,0.082299,-0.051856,-0.046586,8.7485
2.5928,2.0556,0.082296,-0.051843,-0.046386,8.7373
2.5928,2.0556,0.082294,-0.051829,-0.046185,8.738
2.5929,2.0556,0.082291,-0.051813,-0.046017,8.7398
2.5929,2.0556,0.082289,-0.051782,-0.045901,8.7353
2.593,2.0555,0.082286,-0.051738,-0.045816,8.729
2.5931,2.0555,0.082284,-0.051697,-0.045709,8.7396
2.5931,2.0555,0.082282,-0.05165,-0.045566,8.7422
2.5932,2.0555,0.082279,-0.051591,-0.045403,8.741
2.5932,2.0555,0.082277,-0.051533,-0.045235,8.7538
2.5933,2.0555,0.082274,-0.051483,-0.045059,8.752
2.5933,2.0555,0.082272,-0.051446,-0.044934,8.7405
2.5934,2.0555,0.08227,-0.051423,-0.044847,8.7511
2.5934,2.0555,0.082267,-0.051416,-0.044831,8.7516
2.5935,2.0555,0.082265,-0.051431,-0.044857,8.742
2.5935,2.0555,0.082263,-0.051455,-0.044908,8.7473
2.5936,2.0555,0.08226,-0.051477,-0.044989,8.7554
2.5936,2.0555,0.082258,-0.051501,-0.045099,8.7468
2.5937,2.0555,0.082256,-0.051529,-0.045227,8.7513
2.5937,2.0555,0.082253,-0.051561,-0.04531,8.7619
2.5938,2.0555,0.082251,-0.051602,-0.045272,8.7487
2.5938,2.0555,0.082248,-0.051638,-0.045154,8.7438
2.5939,2.0555,0.082246,-0.051677,-0.044956,8.7493
2.5939,2.0555,0.082244,-0.051709,-0.044744,8.7401
2.594,2.0555,0.082241,-0.051734,-0.044574,8.7337
2.5941,2.0555,0.082239,-0.051762,-0.044504,8.7391
2.5941,2.0555,0.082237,-0.05179,-0.044574,8.7446
2.5942,2.0555,0.082234,-0.051831,-0.044642,8.7369
2.5942,2.0555,0.082232,-0.051873,-0.044681,8.7401
2.5943,2.0555,0.08223,-0.051912,-0.044699,8.7491
2.5943,2.0555,0.082227,-0.051955,-0.04462,8.7381
2.5944,2.0555,0.082225,-0.051995,-0.044501,8.748
2.5944,2.0555,0.082223,-0.052039,-0.0444,8.7512
2.5945,2.0555,0.08222,-0.052093,-0.044316,8.7384
2.5945,2.0555,0.082218,-0.052152,-0.044322,8.7339
2.5946,2.0555,0.082216,-0.052209,-0.044327,8.7471
2.5946,2.0555,0.082213,-0.052251,-0.044369,8.7459
2.5947,2.0555,0.082211,-0.052289,-0.044443,8.7417
2.5947,2.0555,0.082209,-0.052324,-0.044433,8.7543
2.5948,2.0555,0.082206,-0.052367,-0.0444,8.7503
2.5948,2.0555,0.082204,-0.052418,-0.044317,8.746
2.5949,2.0555,0.082202,-0.052483,-0.044176,8.7509
2.5949,2.0554,0.082199,-0.052563,-0.044029,8.7569
2.595,2.0554,0.082197,-0.052635,-0.043848,8.7508
2.5951,2.0554,0.082195,-0.052704,-0.043731,8.7584
2.5951,2.0554,0.082192,-0.052771,-0.04367,8.7669
2.5952,2.0554,0.08219,-0.052838,-0.04362,8.7687
2.5952,2.0554,0.082188,-0.052914,-0.043598,8.7746
2.5953,2.0554,0.082185,-0.052996,-0.043533,8.7805
2.5953,2.0554,0.082183,-0.053093,-0.043482,8.7743
2.5954,2.0554,0.082181,-0.053205,-0.043408,8.7692
2.5954,2.0554,0.082179,-0.053318,-0.043345,8.7739
2.5955,2.0554,0.082176,-0.053432,-0.043324,8.7634
2.5955,2.0554,0.082174,-0.053547,-0.043335,8.7535
2.5956,2.0554,0.082172,-0.053661,-0.043323,8.7656
2.5956,2.0554,0.082169,-0.053776,-0.043254,8.7624
2.5957,2.0554,0.082167,-0.053891,-0.04318,8.7607
2.5957,2.0554,0.082165,-0.05401,-0.043124,8.7719
2.5958,2.0554,0.082163,-0.054131,-0.043005,8.7761
2.5958,2.0554,0.08216,-0.054256,-0.042864,8.7633
2.5959,2.0554,0.082158,-0.054383,-0.042694,8.769
2.5959,2.0554,0.082156,-0.054513,-0.042484,8.7705
2.596,2.0554,0.082154,-0.054653,-0.042241,8.7694
2.5961,2.0554,0.082151,-0.054793,-0.04199,8.769
2.5961,2.0554,0.082149,-0.054928,-0.041805,8.7829
2.5962,2.0554,0.082147,-0.055051,-0.041634,8.7813
2.5962,2.0554,0.082145,-0.055162,-0.041471,8.7786
2.5963,2.0554,0.082143,-0.055262,-0.041321,8.7965
2.5963,2.0554,0.082141,-0.055352,-0.041174,8.7939
2.5964,2.0554,0.082138,-0.055437,-0.041009,8.7794
2.5964,2.0554,0.082136,-0.055528,-0.04084,8.7813
2.5965,2.0554,0.082134,-0.055619,-0.040666,8.7819
2.5965,2.0554,0.082132,-0.055708,-0.040518,8.7654
2.5966,2.0554,0.08213,-0.055796,-0.040367,8.7683
2.5966,2.0554,0.082128,-0.055878,-0.040243,8.7738
2.5967,2.0554,0.082126,-0.055967,-0.040121,8.7635
2.5967,2.0554,0.082124,-0.056063,-0.039973,8.7658
2.5968,2.0553,0.082121,-0.056163,-0.039845,8.7767
2.5968,2.0553,0.082119,-0.056269,-0.039673,8.7675
2.5969,2.0553,0.082117,-0.056365,-0.039499,8.763
2.5969,2.0553,0.082115,-0.056457,-0.039314,8.7782
2.597,2.0553,0.082113,-0.056528,-0.039121,8.765
2.5971,2.0553,0.082111,-0.056586,-0.038899,8.7505
2.5971,2.0553,0.082109,-0.056656,-0.038622,8.753
2.5972,2.0553,0.082107,-0.056726,-0.038306,8.7561
2.5972,2.0553,0.082105,-0.05681,-0.038025,8.7565
2.5973,2.0553,0.082103,-0.056902,-0.037744,8.7693
2.5973,2.0553,0.082101,-0.057002,-0.037499,8.7807
2.5974,2.0553,0.082099,-0.057111,-0.037268,8.7617
2.5974,2.0553,0.082097,-0.057209,-0.037079,8.7696
2.5975,2.0553,0.082095,-0.057307,-0.036903,8.7736
2.5975,2.0553,0.082093,-0.057413,-0.036716,8.7595
2.5976,2.0553,0.082091,-0.057516,-0.036531,8.754
2.5976,2.0553,0.082089,-0.05763,-0.036349,8.7619
2.5977,2.0553,0.082088,-0.05774,-0.036169,8.7645
2.5977,2.0553,0.082086,-0.057847,-0.03599,8.755
2.5978,2.0553,0.082084,-0.057954,-0.035816,8.7656
2.5978,2.0553,0.082082,-0.058048,-0.035646,8.7588
2.5979,2.0553,0.08208,-0.058135,-0.035481,8.7472
2.5979,2.0553,0.082078,-0.058227,-0.035323,8.7505
2.598,2.0553,0.082076,-0.058326,-0.035176,8.7482
2.5981,2.0553,0.082074,-0.058428,-0.035034,8.7388
2.5981,2.0553,0.082073,-0.058537,-0.03489,8.7386
2.5982,2.0553,0.082071,-0.058641,-0.034744,8.7417
2.5982,2.0553,0.082069,-0.058747,-0.034603,8.7318
2.5983,2.0553,0.082067,-0.058837,-0.034464,8.7348
2.5983,2.0553,0.082065,-0.058906,-0.034327,8.7452
2.5984,2.0553,0.082064,-0.058967,-0.034191,8.7284
2.5984,2.0553,0.082062,-0.05902,-0.034062,8.726
2.5985,2.0553,0.08206,-0.059063,-0.033929,8.7294
2.5985,2.0552,0.082058,-0.059116,-0.033794,8.7214
2.5986,2.0552,0.082056,-0.059172,-0.03366,8.7116
2.5986,2.0552,0.082055,-0.059229,-0.033533,8.7178
2.5987,2.0552,0.082053,-0.059279,-0.033416,8.7167
2.5987,2.0552,0.082051,-0.059335,-0.033303,8.7138
2.5988,2.0552,0.082049,-0.059403,-0.033192,8.7231
2.5988,2.0552,0.082048,-0.059476,-0.033087,8.7273
2.5989,2.0552,0.082046,-0.059553,-0.03298,8.7224
2.5989,2.0552,0.082044,-0.059635,-0.032875,8.7283
2.599,2.0552,0.082042,-0.059714,-0.032771,8.7321
2.5991,2.0552,0.082041,-0.059785,-0.032669,8.7196
2.5991,2.0552,0.082039,-0.05985,-0.032568,8.7196
2.5992,2.0552,0.082037,-0.05992,-0.032469,8.7359
2.5992,2.0552,0.082036,-0.059991,-0.032371,8.7226
2.5993,2.0552,0.082034,-0.060062,-0.032275,8.7163
2.5993,2.0552,0.082032,-0.060135,-0.03218,8.7301
2.5994,2.0552,0.082031,-0.060207,-0.032086,8.7261
2.5994,2.0552,0.082029,-0.060275,-0.031995,8.7143
2.5995,2.0552,0.082027,-0.060352,-0.031904,8.7231
2.5995,2.0552,0.082026,-0.060435,-0.031816,8.7175
2.5996,2.0552,0.082024,-0.060523,-0.031729,8.7045
2.5996,2.0552,0.082022,-0.060607,-0.031643,8.7009
2.5997,2.0552,0.082021,-0.060689,-0.03156,8.7063
2.5997,2.0552,0.082019,-0.060765,-0.031478,8.6999
2.5998,2.0552,0.082017,-0.060839,-0.031398,8.6995
2.5998,2.0552,0.082016,-0.060909,-0.031321,8.7148
2.5999,2.0552,0.082014,-0.06099,-0.031245,8.7098
2.5999,2.0552,0.082012,-0.061081,-0.031171,8.7078
2.6,2.0552,0.082011,-0.061178,-0.031099,8.714
2.6001,2.0552,0.082009,-0.061277,-0.031029,8.7092
2.6001,2.0552,0.082007,-0.061371,-0.030963,8.7032
2.6002,2.0551,0.082006,-0.061461,-0.030895,8.7145
2.6002,2.0551,0.082004,-0.061556,-0.030827,8.716
2.6003,2.0551,0.082003,-0.061651,-0.030759,8.7176
2.6003,2.0551,0.082001,-0.061746,-0.030692,8.7212
2.6004,2.0551,0.081999,-0.061842,-0.030629,8.73
2.6004,2.0551,0.081998,-0.061936,-0.030569,8.7278
2.6005,2.0551,0.081996,-0.062026,-0.030514,8.7284
2.6005,2.0551,0.081994,-0.062105,-0.030465,8.7312
2.6006,2.0551,0.081993,-0.062177,-0.030416,8.7187
2.6006,2.0551,0.081991,-0.062249,-0.030368,8.718
2.6007,2.0551,0.08199,-0.062322,-0.030322,8.7275
2.6007,2.0551,0.081988,-0.062393,-0.030278,8.72
2.6008,2.0551,0.081986,-0.06246,-0.030236,8.7135
2.6008,2.0551,0.081985,-0.062525,-0.030182,8.7326
2.6009,2.0551,0.081983,-0.062588,-0.030156,8.7314
2.6009,2.0551,0.081982,-0.062646,-0.030144,8.7189
2.601,2.0551,0.08198,-0.062701,-0.030139,8.732
2.6011,2.0551,0.081979,-0.062759,-0.030137,8.7253
2.6011,2.0551,0.081977,-0.062824,-0.03013,8.7114
2.6012,2.0551,0.081975,-0.062897,-0.030115,8.7139
2.6012,2.0551,0.081974,-0.062974,-0.030085,8.7205
2.6013,2.0551,0.081972,-0.063052,-0.030037,8.7127
2.6013,2.0551,0.081971,-0.063128,-0.030009,8.7198
2.6014,2.0551,0.081969,-0.063203,-0.029982,8.7208
2.6014,2.0551,0.081967,-0.063278,-0.029956,8.7187
2.6015,2.0551,0.081966,-0.063351,-0.029933,8.7191
2.6015,2.0551,0.081964,-0.063425,-0.029898,8.7281
2.6016,2.0551,0.081963,-0.0635,-0.029875,8.7228
2.6016,2.0551,0.081961,-0.063577,-0.029881,8.7164
2.6017,2.0551,0.08196,-0.063655,-0.029925,8.7225
2.6017,2.0551,0.081958,-0.063738,-0.030007,8.7257
2.6018,2.055,0.081956,-0.063827,-0.030122,8.7189
2.6018,2.055,0.081955,-0.063924,-0.030258,8.7275
2.6019,2.055,0.081953,-0.064021,-0.030398,8.7349
2.6019,2.055,0.081952,-0.064114,-0.030517,8.7191
2.602,2.055,0.08195,-0.0642,-0.030631,8.7272
2.6021,2.055,0.081948,-0.064283,-0.03074,8.7315
2.6021,2.055,0.081947,-0.06436,-0.030843,8.7245
2.6022,2.055,0.081945,-0.064435,-0.030942,8.723
2.6022,2.055,0.081944,-0.064507,-0.031035,8.7285
2.6023,2.055,0.081942,-0.064584,-0.031124,8.7189
2.6023,2.055,0.08194,-0.064664,-0.031207,8.7163
2.6024,2.055,0.081939,-0.064749,-0.031285,8.7279
2.6024,2.055,0.081937,-0.064835,-0.031359,8.7284
2.6025,2.055,0.081935,-0.064919,-0.031427,8.7143
2.6025,2.055,0.081934,-0.065,-0.03149,8.7273
2.6026,2.055,0.081932,-0.065079,-0.031549,8.7291
2.6026,2.055,0.08193,-0.065152,-0.031603,8.7172
2.6027,2.055,0.081929,-0.065217,-0.031652,8.7183
2.6027,2.055,0.081927,-0.065284,-0.031696,8.7247
2.6028,2.055,0.081925,-0.065357,-0.031736,8.7147
2.6028,2.055,0.081924,-0.065431,-0.031771,8.7209
2.6029,2.055,0.081922,-0.065509,-0.031802,8.7353
2.6029,2.055,0.08192,-0.065584,-0.031814,8.7273
2.603,2.055,0.081919,-0.065666,-0.031831,8.7315
2.6031,2.055,0.081917,-0.065758,-0.031886,8.7453
2.6031,2.055,0.081915,-0.065857,-0.031966,8.7356
2.6032,2.055,0.081914,-0.065967,-0.03206,8.7333
2.6032,2.055,0.081912,-0.066092,-0.032171,8.7401
2.6033,2.055,0.08191,-0.066217,-0.032241,8.7329
2.6033,2.0549,0.081908,-0.066322,-0.032279,8.7216
2.6034,2.0549,0.081907,-0.066399,-0.032246,8.7268
2.6034,2.0549,0.081905,-0.066458,-0.032166,8.7318
2.6035,2.0549,0.081903,-0.06652,-0.032054,8.7178
2.6035,2.0549,0.081902,-0.066576,-0.0319,8.7222
2.6036,2.0549,0.0819,-0.066634,-0.031703,8.7239
2.6036,2.0549,0.081898,-0.066705,-0.031507,8.7195
2.6037,2.0549,0.081897,-0.066778,-0.031303,8.7087
2.6037,2.0549,0.081895,-0.066853,-0.031147,8.7133
2.6038,2.0549,0.081893,-0.06692,-0.031026,8.7048
2.6038,2.0549,0.081892,-0.066981,-0.030955,8.6993
2.6039,2.0549,0.08189,-0.067042,-0.030897,8.7113
2.6039,2.0549,0.081889,-0.067107,-0.030819,8.7078
2.604,2.0549,0.081887,-0.067167,-0.030685,8.7007
2.6041,2.0549,0.081885,-0.067221,-0.030489,8.7145
2.6041,2.0549,0.081884,-0.067263,-0.030257,8.7126
2.6042,2.0549,0.081882,-0.067321,-0.030016,8.6939
2.6042,2.0549,0.081881,-0.06737,-0.029792,8.703
2.6043,2.0549,0.081879,-0.067418,-0.029632,8.7037
2.6043,2.0549,0.081878,-0.06746,-0.029496,8.6948
2.6044,2.0549,0.081876,-0.067505,-0.029342,8.7006
2.6044,2.0549,0.081874,-0.067549,-0.029183,8.7115
2.6045,2.0549,0.081873,-0.067584,-0.028978,8.715
2.6045,2.0549,0.081871,-0.067612,-0.028738,8.7117
2.6046,2.0549,0.08187,-0.067659,-0.028464,8.7218
2.6046,2.0549,0.081868,-0.067713,-0.028145,8.7169
2.6047,2.0549,0.081867,-0.067774,-0.027843,8.7073
2.6047,2.0549,0.081866,-0.067835,-0.027512,8.7074
2.6048,2.0548,0.081864,-0.067896,-0.027184,8.7094
2.6048,2.0548,0.081863,-0.067961,-0.026869,8.6966
2.6049,2.0548,0.081861,-0.068021,-0.026579,8.7063
2.6049,2.0548,0.08186,-0.068079,-0.026297,8.7087
2.605,2.0548,0.081859,-0.068142,-0.025998,8.7003
2.6051,2.0548,0.081857,-0.068208,-0.025655,8.7069
2.6051,2.0548,0.081856,-0.068277,-0.025279,8.7044
2.6052,2.0548,0.081855,-0.068344,-0.024863,8.6866
2.6052,2.0548,0.081853,-0.06841,-0.024483,8.6918
2.6053,2.0548,0.081852,-0.068473,-0.024081,8.7003
2.6053,2.0548,0.081851,-0.068536,-0.023733,8.6852
2.6054,2.0548,0.08185,-0.068598,-0.0234,8.6777
2.6054,2.0548,0.081848,-0.068665,-0.023055,8.6842
2.6055,2.0548,0.081847,-0.068736,-0.022648,8.6863
2.6055,2.0548,0.081846,-0.068811,-0.022219,8.6849
2.6056,2.0548,0.081845,-0.068886,-0.021826,8.6968
2.6056,2.0548,0.081844,-0.068962,-0.02145,8.6991
2.6057,2.0548,0.081843,-0.069042,-0.021055,8.6913
2.6057,2.0548,0.081841,-0.069125,-0.020723,8.7012
2.6058,2.0548,0.08184,-0.069209,-0.020422,8.706
2.6058,2.0548,0.081839,-0.069294,-0.020139,8.7007
2.6059,2.0548,0.081838,-0.069381,-0.019808,8.707
2.6059,2.0548,0.081837,-0.069466,-0.019508,8.7226
2.606,2.0548,0.081836,-0.06955,-0.019193,8.7231
2.6061,2.0548,0.081835,-0.069635,-0.018829,8.7243
2.6061,2.0548,0.081834,-0.069725,-0.018437,8.7335
2.6062,2.0548,0.081833,-0.069815,-0.01807,8.7297
2.6062,2.0548,0.081832,-0.069905,-0.017743,8.732
2.6063,2.0547,0.081831,-0.069995,-0.017425,8.7395
2.6063,2.0547,0.081831,-0.070082,-0.017088,8.736
2.6064,2.0547,0.08183,-0.070168,-0.016762,8.7269
2.6064,2.0547,0.081829,-0.070246,-0.016418,8.735
2.6065,2.0547,0.081828,-0.070333,-0.016072,8.7389
2.6065,2.0547,0.081827,-0.070428,-0.015733,8.7319
2.6066,2.0547,0.081826,-0.070533,-0.015411,8.7363
2.6066,2.0547,0.081826,-0.070644,-0.015118,8.746
2.6067,2.0547,0.081825,-0.070759,-0.014812,8.7366
2.6067,2.0547,0.081824,-0.070868,-0.014504,8.735
2.6068,2.0547,0.081823,-0.07097,-0.014197,8.7415
2.6068,2.0547,0.081823,-0.071079,-0.013893,8.7319
2.6069,2.0547,0.081822,-0.07119,-0.013586,8.7311
2.6069,2.0547,0.081821,-0.071318,-0.013281,8.7496
2.607,2.0547,0.08182,-0.071457,-0.012993,8.7489
2.6071,2.0547,0.08182,-0.071588,-0.012685,8.7446
2.6071,2.0547,0.081819,-0.071726,-0.01238,8.7614
2.6072,2.0547,0.081818,-0.071851,-0.012041,8.762
2.6072,2.0547,0.081818,-0.071969,-0.011687,8.7568
2.6073,2.0547,0.081817,-0.072086,-0.011332,8.7673
2.6073,2.0547,0.081817,-0.072194,-0.010989,8.7682
2.6074,2.0547,0.081816,-0.072311,-0.010687,8.7614
2.6074,2.0547,0.081816,-0.072425,-0.010412,8.7709
2.6075,2.0547,0.081815,-0.072523,-0.010117,8.7776
2.6075,2.0547,0.081815,-0.072625,-0.0097991,8.7717
2.6076,2.0547,0.081814,-0.072719,-0.0094572,8.7712
2.6076,2.0546,0.081814,-0.072803,-0.0091036,8.7842
2.6077,2.0546,0.081813,-0.072883,-0.0087287,8.7786
2.6077,2.0546,0.081813,-0.072958,-0.0083816,8.7711
2.6078,2.0546,0.081812,-0.073038,-0.0080574,8.7741
2.6078,2.0546,0.081812,-0.073124,-0.007751,8.7698
2.6079,2.0546,0.081811,-0.073201,-0.007465,8.7522
2.6079,2.0546,0.081811,-0.073267,-0.0071946,8.759
2.608,2.0546,0.081811,-0.073326,-0.006987,8.7667
2.6081,2.0546,0.08181,-0.073363,-0.0067633,8.7608
2.6081,2.0546,0.08181,-0.073398,-0.0065548,8.7616
2.6082,2.0546,0.08181,-0.073432,-0.0063753,8.7725
2.6082,2.0546,0.081809,-0.073482,-0.0061846,8.7555
2.6083,2.0546,0.081809,-0.073554,-0.0060192,8.7581
2.6083,2.0546,0.081809,-0.073632,-0.0058571,8.7649
2.6084,2.0546,0.081808,-0.07372,-0.0056586,8.7526
2.6084,2.0546,0.081808,-0.073818,-0.0054472,8.7507
2.6085,2.0546,0.081808,-0.07391,-0.00521,8.7634
2.6085,2.0546,0.081808,-0.074006,-0.0049866,8.7631
2.6086,2.0546,0.081807,-0.074108,-0.004732,8.7604
2.6086,2.0546,0.081807,-0.07422,-0.0044782,8.7728
2.6087,2.0546,0.081807,-0.074319,-0.0042603,8.7732
2.6087,2.0546,0.081807,-0.0744,-0.0040593,8.7697
2.6088,2.0546,0.081806,-0.074473,-0.0038755,8.7738
2.6088,2.0546,0.081806,-0.07454,-0.0036891,8.7716
2.6089,2.0546,0.081806,-0.074602,-0.0035452,8.7637
2.6089,2.0546,0.081806,-0.074667,-0.0034469,8.7661
2.609,2.0545,0.081806,-0.074741,-0.0033386,8.7716
2.6091,2.0545,0.081806,-0.074826,-0.0032566,8.7647
2.6091,2.0545,0.081805,-0.074901,-0.0032286,8.771
2.6092,2.0545,0.081805,-0.074974,-0.0032303,8.7783
2.6092,2.0545,0.081805,-0.075045,-0.003223,8.7684
2.6093,2.0545,0.081805,-0.075116,-0.0031801,8.7612
2.6093,2.0545,0.081805,-0.075182,-0.0031302,8.763
2.6094,2.0545,0.081805,-0.075251,-0.0030778,8.7613
2.6094,2.0545,0.081804,-0.075303,-0.0029974,8.7506
2.6095,2.0545,0.081804,-0.075343,-0.0028816,8.7564
2.6095,2.0545,0.081804,-0.075375,-0.0027565,8.7597
2.6096,2.0545,0.081804,-0.075406,-0.0026118,8.7448
2.6096,2.0545,0.081804,-0.075442,-0.0024468,8.749
2.6097,2.0545,0.081804,-0.075492,-0.0023124,8.7632
2.6097,2.0545,0.081804,-0.075549,-0.0021965,8.7512
2.6098,2.0545,0.081803,-0.075621,-0.0021042,8.7506
2.6098,2.0545,0.081803,-0.075684,-0.0020403,8.7591
2.6099,2.0545,0.081803,-0.075735,-0.001965,8.7524
2.6099,2.0545,0.081803,-0.075781,-0.0018923,8.7429
2.61,2.0545,0.081803,-0.075817,-0.001829,8.7604
2.6101,2.0545,0.081803,-0.075846,-0.0017699,8.7642
2.6101,2.0545,0.081803,-0.075872,-0.0017218,8.7616
2.6102,2.0545,0.081803,-0.075897,-0.0016838,8.7758
2.6102,2.0545,0.081803,-0.075925,-0.0016549,8.7733
2.6103,2.0545,0.081803,-0.075955,-0.0016342,8.7633
2.6103,2.0544,0.081803,-0.075982,-0.0016206,8.7763
2.6104,2.0544,0.081802,-0.076013,-0.001613,8.7757
2.6104,2.0544,0.081802,-0.076039,-0.0016102,8.7641
2.6105,2.0544,0.081802,-0.076065,-0.0016109,8.7606
2.6105,2.0544,0.081802,-0.07609,-0.0016217,8.7645
2.6106,2.0544,0.081802,-0.076115,-0.0016403,8.7601
2.6106,2.0544,0.081802,-0.076137,-0.0016668,8.7586
2.6107,2.0544,0.081802,-0.076159,-0.0017013,8.7692
2.6107,2.0544,0.081802,-0.076182,-0.0017437,8.7601
2.6108,2.0544,0.081802,-0.076203,-0.0018091,8.7527
2.6108,2.0544,0.081802,-0.076224,-0.0018561,8.7547
2.6109,2.0544,0.081802,-0.076246,-0.0018973,8.7507
2.6109,2.0544,0.081801,-0.076266,-0.001938,8.7396
2.611,2.0544,0.081801,-0.076282,-0.0019835,8.748
2.6111,2.0544,0.081801,-0.07629,-0.0020397,8.7461
2.6111,2.0544,0.081801,-0.076293,-0.0021128,8.7331
2.6112,2.0544,0.081801,-0.076293,-0.002209,8.7381
2.6112,2.0544,0.081801,-0.076289,-0.002335,8.7511
2.6113,2.0544,0.081801,-0.076287,-0.0024513,8.7499
2.6113,2.0544,0.081801,-0.076283,-0.0025788,8.7472
2.6114,2.0544,0.0818,-0.076276,-0.002715,8.7541
2.6114,2.0544,0.0818,-0.076268,-0.0028602,8.7518
2.6115,2.0544,0.0818,-0.076259,-0.0030292,8.7507
2.6115,2.0544,0.0818,-0.076252,-0.003198,8.7617
2.6116,2.0544,0.0818,-0.076231,-0.0033485,8.7602
2.6116,2.0543,0.0818,-0.076204,-0.0034661,8.7624
2.6117,2.0543,0.081799,-0.076169,-0.0035518,8.7808
2.6117,2.0543,0.081799,-0.076135,-0.0036057,8.7831
2.6118,2.0543,0.081799,-0.076089,-0.003635,8.7784
2.6118,2.0543,0.081799,-0.076045,-0.0036547,8.7868
2.6119,2.0543,0.081799,-0.075998,-0.0036877,8.7838
2.6119,2.0543,0.081798,-0.075947,-0.0037188,8.7775
2.612,2.0543,0.081798,-0.075872,-0.0037444,8.7799
2.6121,2.0543,0.081798,-0.075793,-0.0037675,8.7865
2.6121,2.0543,0.081798,-0.075713,-0.0038,8.7802
2.6122,2.0543,0.081798,-0.075638,-0.0038365,8.7806
2.6122,2.0543,0.081797,-0.075555,-0.0038745,8.7982
2.6123,2.0543,0.081797,-0.075496,-0.0039113,8.7983
2.6123,2.0543,0.081797,-0.075444,-0.0039446,8.7851
2.6124,2.0543,0.081797,-0.075394,-0.0039722,8.793
2.6124,2.0543,0.081797,-0.075349,-0.0039919,8.7871
2.6125,2.0543,0.081796,-0.075309,-0.0040095,8.7834
2.6125,2.0543,0.081796,-0.075261,-0.0040265,8.7827
2.6126,2.0543,0.081796,-0.075206,-0.0040446,8.7868
2.6126,2.0543,0.081796,-0.075143,-0.004069,8.7796
2.6127,2.0543,0.081796,-0.07509,-0.0040968,8.7868
2.6127,2.0543,0.081795,-0.07504,-0.0041256,8.7963
2.6128,2.0543,0.081795,-0.074998,-0.0041527,8.7878
2.6128,2.0543,0.081795,-0.074966,-0.0041759,8.789
2.6129,2.0543,0.081795,-0.074928,-0.0041931,8.7937
2.6129,2.0542,0.081794,-0.074877,-0.0042023,8.7945
2.613,2.0542,0.081794,-0.074815,-0.0042094,8.7947
2.6131,2.0542,0.081794,-0.074753,-0.0042163,8.8037
2.6131,2.0542,0.081794,-0.074689,-0.004227,8.8009
2.6132,2.0542,0.081794,-0.074613,-0.0042378,8.7903
2.6132,2.0542,0.081793,-0.07453,-0.0042514,8.8046
2.6133,2.0542,0.081793,-0.074449,-0.0042693,8.8102
2.6133,2.0542,0.081793,-0.074369,-0.0042939,8.8026
2.6134,2.0542,0.081793,-0.074294,-0.0043201,8.8077
2.6134,2.0542,0.081792,-0.074209,-0.0043431,8.801
2.6135,2.0542,0.081792,-0.074136,-0.0043581,8.7903
2.6135,2.0542,0.081792,-0.074057,-0.0043684,8.7852
2.6136,2.0542,0.081792,-0.073962,-0.0043656,8.79
2.6136,2.0542,0.081792,-0.073864,-0.0043586,8.7766
2.6137,2.0542,0.081791,-0.073768,-0.0043533,8.78
2.6137,2.0542,0.081791,-0.07368,-0.0043554,8.7903
2.6138,2.0542,0.081791,-0.073599,-0.004365,8.7784
2.6138,2.0542,0.081791,-0.073511,-0.0043772,8.7736
2.6139,2.0542,0.08179,-0.073416,-0.0043845,8.7768
2.6139,2.0542,0.08179,-0.073313,-0.0043863,8.7731
2.614,2.0542,0.08179,-0.073217,-0.004381,8.7636
2.6141,2.0542,0.08179,-0.073133,-0.0043735,8.768
2.6141,2.0542,0.081789,-0.073049,-0.0043659,8.7655
2.6142,2.0542,0.081789,-0.072975,-0.0043629,8.7565
2.6142,2.0542,0.081789,-0.07291,-0.0043599,8.778
2.6143,2.0542,0.081789,-0.072851,-0.0043526,8.7794
2.6143,2.0541,0.081789,-0.072792,-0.0043383,8.7694
2.6144,2.0541,0.081788,-0.072734,-0.0043232,8.7699
2.6144,2.0541,0.081788,-0.072694,-0.004302,8.772
2.6145,2.0541,0.081788,-0.072669,-0.0042774,8.7599
2.6145,2.0541,0.081788,-0.072655,-0.0042541,8.7477
2.6146,2.0541,0.081787,-0.072644,-0.0042279,8.755
2.6146,2.0541,0.081787,-0.072632,-0.0041972,8.749
2.6147,2.0541,0.081787,-0.072628,-0.0041651,8.7442
2.6147,2.0541,0.081787,-0.072626,-0.0041245,8.7557
2.6148,2.0541,0.081787,-0.072617,-0.0040751,8.7541
2.6148,2.0541,0.081786,-0.072609,-0.0040165,8.7434
2.6149,2.0541,0.081786,-0.072603,-0.0039597,8.7545
2.6149,2.0541,0.081786,-0.072602,-0.0039063,8.7458
2.615,2.0541,0.081786,-0.0726,-0.0038513,8.7371
2.6151,2.0541,0.081786,-0.072591,-0.0038001,8.7372
2.6151,2.0541,0.081785,-0.072587,-0.0037463,8.7313
2.6152,2.0541,0.081785,-0.072582,-0.0036852,8.7253
2.6152,2.0541,0.081785,-0.072583,-0.00362,8.7255
2.6153,2.0541,0.081785,-0.072587,-0.0035579,8.7361
2.6153,2.0541,0.081785,-0.072601,-0.0035056,8.731
2.6154,2.0541,0.081784,-0.07262,-0.003458,8.729
2.6154,2.0541,0.081784,-0.072648,-0.0034011,8.7395
2.6155,2.0541,0.081784,-0.072679,-0.0033355,8.7289
2.6155,2.0541,0.081784,-0.072709,-0.0032607,8.7229
2.6156,2.0541,0.081784,-0.072744,-0.0031826,8.731
2.6156,2.0541,0.081784,-0.072784,-0.0031048,8.7261
2.6157,2.054,0.081783,-0.07283,-0.0030307,8.7183
2.6157,2.054,0.081783,-0.072878,-0.0029636,8.7323
2.6158,2.054,0.081783,-0.072925,-0.0028842,8.7367
2.6158,2.054,0.081783,-0.07298,-0.0028231,8.7224
2.6159,2.054,0.081783,-0.073035,-0.0027581,8.7312
2.6159,2.054,0.081783,-0.073097,-0.002723,8.737
2.616,2.054,0.081782,-0.073162,-0.002707,8.7229
2.6161,2.054,0.081782,-0.073225,-0.0026984,8.7184
2.6161,2.054,0.081782,-0.073289,-0.0026848,8.7235
2.6162,2.054,0.081782,-0.073353,-0.0026528,8.7255
2.6162,2.054,0.081782,-0.07341,-0.0025884,8.7098
2.6163,2.054,0.081782,-0.073476,-0.002523,8.7225
2.6163,2.054,0.081782,-0.073553,-0.002428,8.7299
2.6164,2.054,0.081782,-0.073661,-0.0023464,8.7143
2.6164,2.054,0.081781,-0.073775,-0.00226,8.7208
2.6165,2.054,0.081781,-0.073885,-0.0021661,8.7203
2.6165,2.054,0.081781,-0.073977,-0.0020632,8.7133
2.6166,2.054,0.081781,-0.074061,-0.0019489,8.7152
2.6166,2.054,0.081781,-0.074123,-0.0018284,8.7246
2.6167,2.054,0.081781,-0.074186,-0.0017066,8.71
2.6167,2.054,0.081781,-0.074258,-0.0015881,8.7195
2.6168,2.054,0.081781,-0.074348,-0.0014773,8.7255
2.6168,2.054,0.081781,-0.074445,-0.0013708,8.7278
2.6169,2.054,0.081781,-0.074541,-0.0012691,8.7327
2.6169,2.054,0.081781,-0.074637,-0.0011477,8.7375
2.617,2.054,0.081781,-0.074733,-0.0010428,8.7332
2.6171,2.0539,0.08178,-0.074814,-0.00093772,8.7335
2.6171,2.0539,0.08178,-0.074902,-0.00086649,8.737
2.6172,2.0539,0.08178,-0.074984,-0.00082044,8.7341
2.6172,2.0539,0.08178,-0.07505,-0.00078354,8.7264
2.6173,2.0539,0.08178,-0.0751,-0.00073793,8.7381
2.6173,2.0539,0.08178,-0.075138,-0.00065803,8.7418
2.6174,2.0539,0.08178,-0.075183,-0.00055085,8.7329
2.6174,2.0539,0.08178,-0.075225,-0.00046592,8.7372
2.6175,2.0539,0.08178,-0.075266,-0.00040767,8.7452
2.6175,2.0539,0.08178,-0.075309,-0.00038185,8.7361
2.6176,2.0539,0.08178,-0.075347,-0.00038077,8.7325
2.6176,2.0539,0.08178,-0.075371,-0.00041468,8.7402
2.6177,2.0539,0.08178,-0.075375,-0.00042655,8.7337
2.6177,2.0539,0.08178,-0.075375,-0.00042642,8.7198
2.6178,2.0539,0.08178,-0.07538,-0.000423,8.7355
2.6178,2.0539,0.08178,-0.075389,-0.00041294,8.7357
2.6179,2.0539,0.08178,-0.075413,-0.00039068,8.7291
2.6179,2.0539,0.08178,-0.075455,-0.0003111,8.7334
2.618,2.0539,0.08178,-0.075517,-0.00025843,8.7281
2.6181,2.0539,0.08178,-0.075592,-0.00020233,8.7219
2.6181,2.0539,0.08178,-0.075668,-0.00011931,8.7204
2.6182,2.0539,0.08178,-0.075745,-4.7553e-05,8.7284
2.6182,2.0539,0.08178,-0.07582,4.6884e-05,8.7185
2.6183,2.0539,0.08178,-0.075891,0.00013888,8.7238
2.6183,2.0539,0.08178,-0.075966,0.00020062,8.7384
2.6184,2.0538,0.08178,-0.076035,0.00023979,8.7393
2.6184,2.0538,0.08178,-0.07609,0.00023939,8.7389
2.6185,2.0538,0.08178,-0.076133,0.00024293,8.755
2.6185,2.0538,0.08178,-0.076163,0.00020758,8.7488
2.6186,2.0538,0.08178,-0.076191,0.00016692,8.7397
2.6186,2.0538,0.08178,-0.07624,0.00015387,8.7523
2.6187,2.0538,0.08178,-0.076303,0.00014854,8.7494
2.6187,2.0538,0.08178,-0.076373,0.00015644,8.7393
2.6188,2.0538,0.08178,-0.076439,0.00015117,8.7449
2.6188,2.0538,0.08178,-0.076493,0.00018149,8.7479
2.6189,2.0538,0.08178,-0.076528,0.00025207,8.7336
2.6189,2.0538,0.08178,-0.076542,0.00031533,8.7386
2.619,2.0538,0.08178,-0.076552,0.00040654,8.7492
2.6191,2.0538,0.08178,-0.07657,0.00055355,8.7341
2.6191,2.0538,0.08178,-0.076585,0.00074165,8.7359
2.6192,2.0538,0.08178,-0.076593,0.00093099,8.7452
2.6192,2.0538,0.08178,-0.076603,0.0010876,8.7412
2.6193,2.0538,0.08178,-0.076615,0.001242,8.7266
2.6193,2.0538,0.08178,-0.076623,0.0013945,8.7411
2.6194,2.0538,0.081781,-0.076638,0.0015216,8.7376
2.6194,2.0538,0.081781,-0.076665,0.0016074,8.7337
2.6195,2.0538,0.081781,-0.076698,0.0016702,8.7376
2.6195,2.0538,0.081781,-0.076745,0.0017074,8.7445
2.6196,2.0538,0.081781,-0.076801,0.0017144,8.7355
2.6196,2.0538,0.081781,-0.076864,0.0017422,8.7392
2.6197,2.0537,0.081781,-0.076932,0.0017875,8.7366
2.6197,2.0537,0.081781,-0.077,0.001853,8.7288
2.6198,2.0537,0.081781,-0.077078,0.0019458,8.7256
2.6198,2.0537,0.081781,-0.077155,0.0020167,8.7362
2.6199,2.0537,0.081781,-0.077229,0.0020755,8.7321
2.6199,2.0537,0.081782,-0.077306,0.002135,8.7269
2.62,2.0537,0.081782,-0.07738,0.0021872,8.7362
2.6201,2.0537,0.081782,-0.077448,0.0022348,8.729
2.6201,2.0537,0.081782,-0.077506,0.0022825,8.722
2.6202,2.0537,0.081782,-0.077563,0.0023283,8.7248
2.6202,2.0537,0.081782,-0.077622,0.0023692,8.7181
2.6203,2.0537,0.081782,-0.077681,0.0024024,8.7058
2.6203,2.0537,0.081782,-0.077742,0.002434,8.7119
2.6204,2.0537,0.081783,-0.077796,0.0024701,8.7137
2.6204,2.0537,0.081783,-0.077849,0.002502,8.7076
2.6205,2.0537,0.081783,-0.077897,0.0025317,8.7029
2.6205,2.0537,0.081783,-0.07795,0.0025599,8.7169
2.6206,2.0537,0.081783,-0.078002,0.002578,8.7071
2.6206,2.0537,0.081783,-0.078045,0.0025871,8.7025
2.6207,2.0537,0.081783,-0.078083,0.0025945,8.7107
2.6207,2.0537,0.081784,-0.078115,0.0026072,8.7027
2.6208,2.0537,0.081784,-0.07814,0.0026253,8.6977
2.6208,2.0537,0.081784,-0.078161,0.0026401,8.7148
2.6209,2.0537,0.081784,-0.07818,0.0026546,8.7051
2.6209,2.0537,0.081784,-0.078204,0.0026641,8.7039
2.621,2.0536,0.081784,-0.078226,0.0026641,8.7172
2.6211,2.0536,0.081784,-0.078247,0.0026554,8.7109
2.6211,2.0536,0.081784,-0.07827,0.0026467,8.7077
2.6212,2.0536,0.081785,-0.078285,0.0026396,8.7106
2.6212,2.0536,0.081785,-0.078292,0.0026291,8.7113
2.6213,2.0536,0.081785,-0.078274,0.0026106,8.7034
2.6213,2.0536,0.081785,-0.078237,0.0025965,8.7054
2.6214,2.0536,0.081785,-0.078188,0.0025818,8.7152
2.6214,2.0536,0.081785,-0.078137,0.0025644,8.719
2.6215,2.0536,0.081785,-0.078089,0.002542,8.7155
2.6215,2.0536,0.081786,-0.078057,0.0025201,8.73
2.6216,2.0536,0.081786,-0.078035,0.0024923,8.7272
2.6216,2.0536,0.081786,-0.078013,0.0024643,8.7234
2.6217,2.0536,0.081786,-0.077974,0.0024339,8.7293
2.6217,2.0536,0.081786,-0.077938,0.0024069,8.7239
2.6218,2.0536,0.081786,-0.07789,0.0023797,8.7165
2.6218,2.0536,0.081786,-0.077844,0.0023489,8.7148
2.6219,2.0536,0.081786,-0.077804,0.0023174,8.7146
2.6219,2.0536,0.081787,-0.07778,0.0022867,8.7068
2.622,2.0536,0.081787,-0.077751,0.0022569,8.7164
2.6221,2.0536,0.081787,-0.077719,0.0022375,8.7245
2.6221,2.0536,0.081787,-0.077684,0.0022216,8.712
2.6222,2.0536,0.081787,-0.077657,0.0022045,8.7122
2.6222,2.0536,0.081787,-0.077608,0.0021817,8.7145
2.6223,2.0535,0.081787,-0.077562,0.0021461,8.7153
2.6223,2.0535,0.081787,-0.077523,0.0021074,8.7092
2.6224,2.0535,0.081788,-0.077475,0.0020631,8.7213
2.6224,2.0535,0.081788,-0.077408,0.0020188,8.7206
2.6225,2.0535,0.081788,-0.07735,0.0019801,8.72
2.6225,2.0535,0.081788,-0.0773,0.0019426,8.73
2.6226,2.0535,0.081788,-0.077252,0.001912,8.7401
2.6226,2.0535,0.081788,-0.077188,0.0018881,8.7297
2.6227,2.0535,0.081788,-0.077115,0.0018601,8.7332
2.6227,2.0535,0.081788,-0.077021,0.0018316,8.7429
2.6228,2.0535,0.081788,-0.076906,0.0017985,8.7372
2.6228,2.0535,0.081788,-0.076793,0.001759,8.7367
2.6229,2.0535,0.081788,-0.076691,0.0017101,8.7458
2.6229,2.0535,0.081789,-0.076597,0.00165,8.7435
2.623,2.0535,0.081789,-0.076499,0.0015839,8.7534
2.6231,2.0535,0.081789,-0.076397,0.001518,8.7599
2.6231,2.0535,0.081789,-0.076286,0.0014444,8.7565
2.6232,2.0535,0.081789,-0.076167,0.0013718,8.7475
2.6232,2.0535,0.081789,-0.076054,0.0013063,8.7552
2.6233,2.0535,0.081789,-0.07596,0.0012488,8.7537
2.6233,2.0535,0.081789,-0.075875,0.0011948,8.7413
2.6234,2.0535,0.081789,-0.075797,0.0011397,8.7449
2.6234,2.0535,0.081789,-0.075715,0.0010782,8.7468
2.6235,2.0535,0.081789,-0.075644,0.0010133,8.738
2.6235,2.0535,0.081789,-0.075573,0.00093591,8.7493
2.6236,2.0534,0.081789,-0.075501,0.00085408,8.7627
2.6236,2.0534,0.081789,-0.075421,0.0007738,8.7493
2.6237,2.0534,0.081789,-0.07534,0.00070142,8.748
2.6237,2.0534,0.081789,-0.07525,0.00063809,8.7595
2.6238,2.0534,0.081789,-0.075163,0.00057941,8.7519
2.6238,2.0534,0.08179,-0.075075,0.00051811,8.7472
2.6239,2.0534,0.08179,-0.075003,0.00045326,8.7644
2.6239,2.0534,0.08179,-0.074938,0.00038277,8.7631
2.624,2.0534,0.08179,-0.074881,0.00031122,8.7643
2.6241,2.0534,0.08179,-0.074813,0.00024099,8.7784
2.6241,2.0534,0.08179,-0.074744,0.00017719,8.7839
2.6242,2.0534,0.08179,-0.074664,0.00011582,8.7762
2.6242,2.0534,0.08179,-0.074582,5.2699e-05,8.786
2.6243,2.0534,0.08179,-0.0745,-1.5299e-05,8.7892
2.6243,2.0534,0.08179,-0.074435,-8.2055e-05,8.772
2.6244,2.0534,0.08179,-0.074374,-0.00015297,8.7757
2.6244,2.0534,0.08179,-0.074316,-0.00022571,8.7835
2.6245,2.0534,0.08179,-0.074235,-0.00029763,8.7801
2.6245,2.0534,0.08179,-0.074145,-0.00036853,8.7769
2.6246,2.0534,0.08179,-0.074051,-0.00043727,8.7895
2.6246,2.0534,0.08179,-0.073943,-0.00049657,8.7871
2.6247,2.0534,0.081789,-0.07383,-0.00055755,8.7817
2.6247,2.0534,0.081789,-0.073723,-0.0006273,8.7889
2.6248,2.0534,0.081789,-0.073619,-0.00070378,8.7815
2.6248,2.0534,0.081789,-0.073518,-0.00078095,8.7774
2.6249,2.0533,0.081789,-0.073417,-0.00086129,8.771
2.6249,2.0533,0.081789,-0.073323,-0.00094617,8.7801
2.625,2.0533,0.081789,-0.073243,-0.0010306,8.7702
2.6251,2.0533,0.081789,-0.073163,-0.0011133,8.7724
2.6251,2.0533,0.081789,-0.073091,-0.0011978,8.7813
2.6252,2.0533,0.081789,-0.073019,-0.0012873,8.7748
2.6252,2.0533,0.081789,-0.072943,-0.0013662,8.7756
2.6253,2.0533,0.081789,-0.07286,-0.0014288,8.7746
2.6253,2.0533,0.081789,-0.072778,-0.0014828,8.7731
2.6254,2.0533,0.081789,-0.072681,-0.0015346,8.7702
2.6254,2.0533,0.081789,-0.072583,-0.0015921,8.7724
2.6255,2.0533,0.081789,-0.072489,-0.0016565,8.7729
2.6255,2.0533,0.081788,-0.072405,-0.0017258,8.767
2.6256,2.0533,0.081788,-0.07233,-0.0017979,8.7813
2.6256,2.0533,0.081788,-0.072255,-0.001868,8.7807
2.6257,2.0533,0.081788,-0.07219,-0.0019326,8.7713
2.6257,2.0533,0.081788,-0.072141,-0.0019951,8.7809
2.6258,2.0533,0.081788,-0.072092,-0.0020539,8.7782
2.6258,2.0533,0.081788,-0.072056,-0.0021196,8.7609
2.6259,2.0533,0.081788,-0.072024,-0.0021853,8.7629
2.6259,2.0533,0.081788,-0.071992,-0.0022524,8.7725
2.626,2.0533,0.081787,-0.071964,-0.0023144,8.7584
2.6261,2.0533,0.081787,-0.071932,-0.0023762,8.7586
2.6261,2.0533,0.081787,-0.071906,-0.0024336,8.775
2.6262,2.0533,0.081787,-0.071887,-0.0024837,8.7706
2.6262,2.0533,0.081787,-0.071865,-0.0025247,8.7669
2.6263,2.0532,0.081787,-0.071838,-0.0025617,8.7702
2.6263,2.0532,0.081787,-0.071791,-0.0025883,8.761
2.6264,2.0532,0.081787,-0.071726,-0.0026162,8.7569
2.6264,2.0532,0.081786,-0.071651,-0.002653,8.7569
2.6265,2.0532,0.081786,-0.071581,-0.002705,8.7625
2.6265,2.0532,0.081786,-0.07151,-0.0027722,8.7511
2.6266,2.0532,0.081786,-0.071446,-0.0028479,8.758
2.6266,2.0532,0.081786,-0.071383,-0.0029244,8.7662
2.6267,2.0532,0.081786,-0.071319,-0.0029928,8.7625
2.6267,2.0532,0.081786,-0.071241,-0.0030505,8.7656
2.6268,2.0532,0.081785,-0.071146,-0.0031003,8.7675
2.6268,2.0532,0.081785,-0.071046,-0.0031409,8.7621
2.6269,2.0532,0.081785,-0.070939,-0.0031819,8.7582
2.6269,2.0532,0.081785,-0.070829,-0.0032262,8.7721
2.627,2.0532,0.081785,-0.07073,-0.0032705,8.7732
2.6271,2.0532,0.081784,-0.070626,-0.0033135,8.77
2.6271,2.0532,0.081784,-0.070534,-0.0033517,8.7856
2.6272,2.0532,0.081784,-0.070453,-0.0033877,8.7936
2.6272,2.0532,0.081784,-0.070395,-0.0034261,8.7786
2.6273,2.0532,0.081784,-0.070348,-0.0034632,8.7854
2.6273,2.0532,0.081784,-0.070289,-0.003501,8.7842
2.6274,2.0532,0.081783,-0.07023,-0.0035387,8.7712
2.6274,2.0532,0.081783,-0.070159,-0.0035771,8.7728
2.6275,2.0532,0.081783,-0.070075,-0.0036155,8.7711
2.6275,2.0532,0.081783,-0.070005,-0.0036523,8.7601
2.6276,2.0532,0.081783,-0.069951,-0.0036923,8.7604
2.6276,2.0532,0.081782,-0.069925,-0.0037384,8.7707
2.6277,2.0531,0.081782,-0.069904,-0.003788,8.7631
2.6277,2.0531,0.081782,-0.069873,-0.0038354,8.7587
2.6278,2.0531,0.081782,-0.069835,-0.0038733,8.7689
2.6278,2.0531,0.081782,-0.06978,-0.0039035,8.7615
2.6279,2.0531,0.081781,-0.069715,-0.0039227,8.7535
2.6279,2.0531,0.081781,-0.069654,-0.0039297,8.7559
2.628,2.0531,0.081781,-0.069588,-0.0039258,8.7614
2.6281,2.0531,0.081781,-0.069522,-0.0039147,8.7533
2.6281,2.0531,0.081781,-0.069452,-0.0039024,8.7604
2.6282,2.0531,0.08178,-0.06938,-0.0038893,8.7758
2.6282,2.0531,0.08178,-0.069313,-0.0038716,8.7617
2.6283,2.0531,0.08178,-0.069243,-0.0038533,8.7635
2.6283,2.0531,0.08178,-0.069184,-0.0038361,8.7766
2.6284,2.0531,0.08178,-0.069141,-0.0038252,8.7743
2.6284,2.0531,0.081779,-0.069107,-0.0038176,8.7677
2.6285,2.0531,0.081779,-0.069084,-0.0038084,8.7803
2.6285,2.0531,0.081779,-0.069062,-0.0037993,8.7752
2.6286,2.0531,0.081779,-0.069032,-0.0037906,8.7768
2.6286,2.0531,0.081779,-0.068998,-0.0037843,8.7877
2.6287,2.0531,0.081778,-0.068965,-0.0037718,8.7938
2.6287,2.0531,0.081778,-0.068941,-0.0037593,8.7823
2.6288,2.0531,0.081778,-0.068929,-0.0037502,8.7925
2.6288,2.0531,0.081778,-0.068937,-0.0037374,8.7979
2.6289,2.0531,0.081778,-0.068966,-0.003727,8.7816
2.6289,2.0531,0.081777,-0.069007,-0.003715,8.7905
2.629,2.0531,0.081777,-0.069048,-0.0037003,8.7927
2.6291,2.0531,0.081777,-0.069097,-0.0036907,8.7817
2.6291,2.0531,0.081777,-0.069159,-0.0036788,8.7838
2.6292,2.053,0.081777,-0.069222,-0.0036634,8.7929
2.6292,2.053,0.081776,-0.069291,-0.00365,8.7845
2.6293,2.053,0.081776,-0.069371,-0.0036361,8.7786
2.6293,2.053,0.081776,-0.069452,-0.0036268,8.7916
2.6294,2.053,0.081776,-0.069539,-0.003613,8.7834
2.6294,2.053,0.081776,-0.06962,-0.0035854,8.7805
2.6295,2.053,0.081775,-0.06969,-0.0035574,8.7854
2.6295,2.053,0.081775,-0.069751,-0.0035255,8.79
2.6296,2.053,0.081775,-0.069797,-0.0034891,8.7827
2.6296,2.053,0.081775,-0.069834,-0.0034531,8.7926
2.6297,2.053,0.081775,-0.069864,-0.0034199,8.8066
2.6297,2.053,0.081775,-0.069881,-0.0033956,8.8015
2.6298,2.053,0.081774,-0.069909,-0.0033753,8.7999
2.6298,2.053,0.081774,-0.069947,-0.0033524,8.8061
2.6299,2.053,0.081774,-0.069993,-0.0033388,8.798
2.6299,2.053,0.081774,-0.070053,-0.0033267,8.7993
2.63,2.053,0.081774,-0.070124,-0.0033108,8.8065
2.6301,2.053,0.081774,-0.070205,-0.0032866,8.7985
2.6301,2.053,0.081773,-0.070285,-0.0032578,8.7921
2.6302,2.053,0.081773,-0.07036,-0.0032237,8.8059
2.6302,2.053,0.081773,-0.070438,-0.0031836,8.8091
2.6303,2.053,0.081773,-0.070509,-0.0031457,8.7987
2.6303,2.053,0.081773,-0.070581,-0.0031186,8.8018
2.6304,2.053,0.081773,-0.070649,-0.0030961,8.8095
2.6304,2.053,0.081772,-0.070719,-0.0030744,8.7981
2.6305,2.053,0.081772,-0.070783,-0.0030502,8.7897
2.6305,2.053,0.081772,-0.070845,-0.0030171,8.7949
2.6306,2.0529,0.081772,-0.070908,-0.0029753,8.7891
2.6306,2.0529,0.081772,-0.070969,-0.0029318,8.7847
2.6307,2.0529,0.081772,-0.071023,-0.0028962,8.7967
2.6307,2.0529,0.081771,-0.071072,-0.0028628,8.7888
2.6308,2.0529,0.081771,-0.071115,-0.0028271,8.7823
2.6308,2.0529,0.081771,-0.071158,-0.0027868,8.7904
2.6309,2.0529,0.081771,-0.071198,-0.0027422,8.7802
2.6309,2.0529,0.081771,-0.071242,-0.0026843,8.7676
2.631,2.0529,0.081771,-0.07129,-0.0026193,8.7726
2.6311,2.0529,0.081771,-0.071335,-0.002555,8.7737
2.6311,2.0529,0.08177,-0.071387,-0.0024938,8.7587
2.6312,2.0529,0.08177,-0.071441,-0.0024251,8.766
2.6312,2.0529,0.08177,-0.071516,-0.0023456,8.7757
2.6313,2.0529,0.08177,-0.071603,-0.0022696,8.7722
2.6313,2.0529,0.08177,-0.071699,-0.0021968,8.7721
2.6314,2.0529,0.08177,-0.071794,-0.00212,8.779
2.6314,2.0529,0.08177,-0.071878,-0.0020422,8.7622
2.6315,2.0529,0.08177,-0.071953,-0.0019652,8.7586
2.6315,2.0529,0.08177,-0.072022,-0.0018843,8.7615
2.6316,2.0529,0.081769,-0.072093,-0.0017947,8.7523
2.6316,2.0529,0.081769,-0.072178,-0.0016982,8.7433
2.6317,2.0529,0.081769,-0.072263,-0.0016111,8.7473
2.6317,2.0529,0.081769,-0.072354,-0.0015298,8.747
2.6318,2.0529,0.081769,-0.072443,-0.0014523,8.7358
2.6318,2.0529,0.081769,-0.072524,-0.0013817,8.7414
2.6319,2.0529,0.081769,-0.072608,-0.0013219,8.7386
2.6319,2.0528,0.081769,-0.072702,-0.0012678,8.7192
2.632,2.0528,0.081769,-0.072804,-0.001213,8.7292
2.6321,2.0528,0.081769,-0.072909,-0.0011579,8.7304
2.6321,2.0528,0.081769,-0.07302,-0.0010999,8.7288
2.6322,2.0528,0.081769,-0.07313,-0.0010365,8.7239
2.6322,2.0528,0.081769,-0.073231,-0.00096234,8.7384
2.6323,2.0528,0.081769,-0.073317,-0.00089168,8.7353
2.6323,2.0528,0.081769,-0.073397,-0.00081862,8.7287
2.6324,2.0528,0.081768,-0.073481,-0.00074534,8.7352
2.6324,2.0528,0.081768,-0.073559,-0.00067789,8.7339
2.6325,2.0528,0.081768,-0.073632,-0.00061186,8.7261
2.6325,2.0528,0.081768,-0.073708,-0.00054917,8.7299
2.6326,2.0528,0.081768,-0.073779,-0.00049541,8.7301
2.6326,2.0528,0.081768,-0.073855,-0.00043903,8.7196
2.6327,2.0528,0.081768,-0.073944,-0.00038422,8.7355
2.6327,2.0528,0.081768,-0.074038,-0.00032115,8.7431
2.6328,2.0528,0.081768,-0.07414,-0.00025304,8.7351
2.6328,2.0528,0.081768,-0.074247,-0.00017797,8.7378
2.6329,2.0528,0.081768,-0.074346,-9.4902e-05,8.7537
2.6329,2.0528,0.081768,-0.074438,-1.5069e-05,8.7384
2.633,2.0528,0.081768,-0.074524,6.0846e-05,8.7333
2.6331,2.0528,0.081768,-0.074615,0.00013886,8.7361
2.6331,2.0528,0.081768,-0.074714,0.0002133,8.7374
2.6332,2.0528,0.081768,-0.074815,0.00028071,8.7218
2.6332,2.0528,0.081768,-0.074916,0.00034541,8.7415
2.6333,2.0528,0.081768,-0.075019,0.00041037,8.7377
2.6333,2.0527,0.081768,-0.075118,0.00047194,8.7279
2.6334,2.0527,0.081768,-0.075214,0.00052914,8.7379
2.6334,2.0527,0.081768,-0.075297,0.00058871,8.7432
2.6335,2.0527,0.081768,-0.075374,0.00064809,8.7343
2.6335,2.0527,0.081769,-0.075452,0.00070729,8.7293
2.6336,2.0527,0.081769,-0.075531,0.00076628,8.7369
2.6336,2.0527,0.081769,-0.075606,0.00082503,8.7335
2.6337,2.0527,0.081769,-0.075682,0.00088352,8.7307
2.6337,2.0527,0.081769,-0.075762,0.00094177,8.7524
2.6338,2.0527,0.081769,-0.075843,0.00099983,8.7431
2.6338,2.0527,0.081769,-0.075909,0.0010578,8.7425
2.6339,2.0527,0.081769,-0.075974,0.0011157,8.7548
2.6339,2.0527,0.081769,-0.07604,0.0011736,8.7504
2.634,2.0527,0.081769,-0.076112,0.0012317,8.7435
2.6341,2.0527,0.081769,-0.076186,0.0012898,8.749
2.6341,2.0527,0.081769,-0.076269,0.0013481,8.7486
2.6342,2.0527,0.081769,-0.076366,0.0014042,8.7391
2.6342,2.0527,0.081769,-0.07646,0.0014622,8.7467
2.6343,2.0527,0.081769,-0.076534,0.0015274,8.7506
2.6343,2.0527,0.081769,-0.076596,0.0015946,8.7425
2.6344,2.0527,0.08177,-0.076646,0.0016656,8.7459
2.6344,2.0527,0.08177,-0.076696,0.0017432,8.7571
2.6345,2.0527,0.08177,-0.076743,0.0018224,8.7414
2.6345,2.0527,0.08177,-0.076796,0.0019005,8.7328
2.6346,2.0527,0.08177,-0.076863,0.001963,8.7477
2.6346,2.0526,0.08177,-0.076932,0.0020182,8.738
2.6347,2.0526,0.08177,-0.077009,0.0020765,8.7271
2.6347,2.0526,0.08177,-0.077087,0.0021252,8.7361
2.6348,2.0526,0.08177,-0.077167,0.00217,8.7345
2.6348,2.0526,0.08177,-0.077244,0.0022155,8.7338
2.6349,2.0526,0.081771,-0.077314,0.0022574,8.7408
2.6349,2.0526,0.081771,-0.077382,0.0023055,8.7436
2.635,2.0526,0.081771,-0.07745,0.0023442,8.7311
2.6351,2.0526,0.081771,-0.077521,0.0023802,8.737
2.6351,2.0526,0.081771,-0.077594,0.0024254,8.7496
2.6352,2.0526,0.081771,-0.077663,0.0024689,8.7378
2.6352,2.0526,0.081771,-0.077731,0.0025114,8.7412
2.6353,2.0526,0.081771,-0.077796,0.0025512,8.7524
2.6353,2.0526,0.081772,-0.077872,0.0025844,8.7459
2.6354,2.0526,0.081772,-0.077956,0.0026215,8.7445
2.6354,2.0526,0.081772,-0.078045,0.0026552,8.7618
2.6355,2.0526,0.081772,-0.078129,0.0026913,8.7578
2.6355,2.0526,0.081772,-0.078201,0.0027331,8.7448
2.6356,2.0526,0.081772,-0.078262,0.0027747,8.753
2.6356,2.0526,0.081772,-0.078307,0.0028104,8.7517
2.6357,2.0526,0.081773,-0.078341,0.0028436,8.7386
2.6357,2.0526,0.081773,-0.07837,0.0028672,8.7464
2.6358,2.0526,0.081773,-0.078394,0.0028936,8.7537
2.6358,2.0526,0.081773,-0.07841,0.0029167,8.7461
2.6359,2.0525,0.081773,-0.078426,0.0029397,8.7496
2.6359,2.0525,0.081773,-0.078441,0.0029588,8.7663
2.636,2.0525,0.081774,-0.078453,0.0029752,8.7475
2.6361,2.0525,0.081774,-0.078451,0.002984,8.7488
2.6361,2.0525,0.081774,-0.078451,0.0029891,8.7611
2.6362,2.0525,0.081774,-0.078444,0.0029862,8.7504
2.6362,2.0525,0.081774,-0.078432,0.0029774,8.7463
2.6363,2.0525,0.081774,-0.078409,0.0029647,8.7504
2.6363,2.0525,0.081774,-0.078394,0.0029536,8.7537
2.6364,2.0525,0.081775,-0.078382,0.0029477,8.7451
2.6364,2.0525,0.081775,-0.078367,0.0029509,8.7496
2.6365,2.0525,0.081775,-0.078348,0.0029593,8.7509
2.6365,2.0525,0.081775,-0.078341,0.0029703,8.7381
2.6366,2.0525,0.081775,-0.078335,0.0029776,8.7387
2.6366,2.0525,0.081775,-0.078324,0.0029804,8.7366
2.6367,2.0525,0.081776,-0.078309,0.0029931,8.7288
2.6367,2.0525,0.081776,-0.078298,0.0030104,8.7255
2.6368,2.0525,0.081776,-0.078283,0.0030274,8.7318
2.6368,2.0525,0.081776,-0.078271,0.0030458,8.7269
2.6369,2.0525,0.081776,-0.078256,0.0030663,8.7222
2.6369,2.0525,0.081776,-0.078245,0.0030881,8.7346
2.637,2.0525,0.081777,-0.078239,0.0031096,8.7252
2.6371,2.0525,0.081777,-0.078222,0.0031383,8.7194
2.6371,2.0525,0.081777,-0.078197,0.003172,8.728
2.6372,2.0525,0.081777,-0.078159,0.0032022,8.7177
2.6372,2.0524,0.081777,-0.078106,0.0032206,8.7093
2.6373,2.0524,0.081777,-0.07806,0.0032363,8.7094
2.6373,2.0524,0.081778,-0.078021,0.0032462,8.7128
2.6374,2.0524,0.081778,-0.077996,0.0032576,8.7062
2.6374,2.0524,0.081778,-0.077982,0.0032711,8.7084
2.6375,2.0524,0.081778,-0.077961,0.0032882,8.7148
2.6375,2.0524,0.081778,-0.077945,0.0033041,8.7063
2.6376,2.0524,0.081778,-0.077925,0.0033164,8.7078
2.6376,2.0524,0.081779,-0.077908,0.003323,8.7143
2.6377,2.0524,0.081779,-0.0779,0.0033323,8.7067
2.6377,2.0524,0.081779,-0.077906,0.0033366,8.6998
2.6378,2.0524,0.081779,-0.077916,0.0033396,8.7116
2.6378,2.0524,0.081779,-0.077926,0.0033367,8.7049
2.6379,2.0524,0.081779,-0.077918,0.0033269,8.6997
2.6379,2.0524,0.08178,-0.077915,0.0033082,8.7137
2.638,2.0524,0.08178,-0.077914,0.0032887,8.7176
2.6381,2.0524,0.08178,-0.077917,0.0032698,8.7092
2.6381,2.0524,0.08178,-0.077924,0.0032545,8.7144
2.6382,2.0524,0.08178,-0.077931,0.0032392,8.7211
2.6382,2.0524,0.081781,-0.077948,0.0032204,8.7171
2.6383,2.0524,0.081781,-0.077972,0.0032011,8.7166
2.6383,2.0524,0.081781,-0.077989,0.0031834,8.7273
2.6384,2.0524,0.081781,-0.078013,0.0031684,8.7163
2.6384,2.0524,0.081781,-0.078035,0.0031609,8.7178
2.6385,2.0523,0.081781,-0.078055,0.0031614,8.7356
2.6385,2.0523,0.081782,-0.078069,0.0031733,8.7291
2.6386,2.0523,0.081782,-0.078073,0.0031935,8.7195
2.6386,2.0523,0.081782,-0.078081,0.0032086,8.7236
2.6387,2.0523,0.081782,-0.078085,0.00322,8.7218
2.6387,2.0523,0.081782,-0.078091,0.0032245,8.7142
2.6388,2.0523,0.081782,-0.078098,0.0032259,8.7173
2.6388,2.0523,0.081783,-0.078107,0.0032285,8.7228
2.6389,2.0523,0.081783,-0.078111,0.003234,8.7118
2.6389,2.0523,0.081783,-0.078114,0.003235,8.7174
2.639,2.0523,0.081783,-0.078118,0.0032546,8.7327
2.6391,2.0523,0.081783,-0.078123,0.0033016,8.7234
2.6391,2.0523,0.081783,-0.078126,0.0034018,8.7206
2.6392,2.0523,0.081784,-0.078136,0.0035254,8.7302
2.6392,2.0523,0.081784,-0.078149,0.0036494,8.7275
2.6393,2.0523,0.081784,-0.07817,0.0037572,8.7306
2.6393,2.0523,0.081784,-0.078185,0.0038302,8.7387
2.6394,2.0523,0.081784,-0.078207,0.0038439,8.741
2.6394,2.0523,0.081785,-0.078229,0.0038141,8.742
2.6395,2.0523,0.081785,-0.078248,0.0037808,8.7533
2.6395,2.0523,0.081785,-0.078267,0.003798,8.765
2.6396,2.0523,0.081785,-0.078294,0.0038273,8.7543
2.6396,2.0523,0.081785,-0.078327,0.0038564,8.7616
2.6397,2.0523,0.081786,-0.078365,0.0038794,8.7657
2.6397,2.0522,0.081786,-0.078401,0.0038988,8.7563
2.6398,2.0522,0.081786,-0.078434,0.003895,8.7616
2.6398,2.0522,0.081786,-0.078462,0.0038612,8.768
2.6399,2.0522,0.081786,-0.078485,0.0038277,8.7622
2.6399,2.0522,0.081787,-0.078507,0.0038078,8.757
2.64,2.0522,0.081787,-0.078527,0.0037798,8.7727
2.6401,2.0522,0.081787,-0.078547,0.0037524,8.776
2.6401,2.0522,0.081787,-0.078564,0.0037241,8.7661
2.6402,2.0522,0.081787,-0.078574,0.0037013,8.778
2.6402,2.0522,0.081788,-0.078582,0.0036791,8.7729
2.6403,2.0522,0.081788,-0.078595,0.0036643,8.7618
2.6403,2.0522,0.081788,-0.07861,0.0036561,8.7609
2.6404,2.0522,0.081788,-0.078625,0.0036461,8.7652
2.6404,2.0522,0.081788,-0.078637,0.003632,8.7569
2.6405,2.0522,0.081789,-0.078648,0.0036233,8.764
2.6405,2.0522,0.081789,-0.078661,0.0036192,8.7748
2.6406,2.0522,0.081789,-0.078679,0.0036197,8.7662
2.6406,2.0522,0.081789,-0.078704,0.0036265,8.7709
2.6407,2.0522,0.081789,-0.078729,0.0036387,8.7785
2.6407,2.0522,0.081789,-0.078771,0.0036552,8.7687
2.6408,2.0522,0.08179,-0.078821,0.0036671,8.7647
2.6408,2.0522,0.08179,-0.07887,0.0036751,8.7799
2.6409,2.0522,0.08179,-0.078916,0.0036772,8.7758
2.6409,2.0522,0.08179,-0.078957,0.0036795,8.7676
2.641,2.0522,0.08179,-0.078989,0.0036813,8.7871
2.6411,2.0521,0.081791,-0.07901,0.0036858,8.7981
2.6411,2.0521,0.081791,-0.079027,0.0036801,8.7861
2.6412,2.0521,0.081791,-0.079055,0.0036695,8.7896
2.6412,2.0521,0.081791,-0.079094,0.0036503,8.7945
2.6413,2.0521,0.081791,-0.079142,0.0036294,8.7852
2.6413,2.0521,0.081792,-0.079195,0.0036042,8.7845
2.6414,2.0521,0.081792,-0.079252,0.0035827,8.7907
2.6414,2.0521,0.081792,-0.0793,0.0035634,8.7882
2.6415,2.0521,0.081792,-0.07934,0.0035498,8.783
2.6415,2.0521,0.081792,-0.079375,0.0035255,8.7915
2.6416,2.0521,0.081793,-0.079404,0.0034984,8.7924
2.6416,2.0521,0.081793,-0.079434,0.0034727,8.7889
2.6417,2.0521,0.081793,-0.079465,0.0034519,8.7947
2.6417,2.0521,0.081793,-0.079498,0.0034406,8.7909
2.6418,2.0521,0.081793,-0.079539,0.003433,8.7804
2.6418,2.0521,0.081793,-0.079574,0.0034299,8.7842
2.6419,2.0521,0.081794,-0.079588,0.003431,8.7814
2.6419,2.0521,0.081794,-0.079588,0.0034266,8.7736
2.642,2.0521,0.081794,-0.079583,0.003423,8.782
2.6421,2.0521,0.081794,-0.079575,0.0034211,8.7887
2.6421,2.0521,0.081794,-0.07956,0.0034221,8.7825
2.6422,2.0521,0.081795,-0.079554,0.0034268,8.7861
2.6422,2.0521,0.081795,-0.079563,0.003431,8.7939
2.6423,2.052,0.081795,-0.079593,0.0034305,8.7842
2.6423,2.052,0.081795,-0.079625,0.0034288,8.7864
2.6424,2.052,0.081795,-0.079654,0.0034204,8.7907
2.6424,2.052,0.081795,-0.079689,0.0034103,8.7845
2.6425,2.052,0.081796,-0.079726,0.0033942,8.7712
2.6425,2.052,0.081796,-0.079763,0.0033787,8.7871
2.6426,2.052,0.081796,-0.079804,0.0033634,8.7852
2.6426,2.052,0.081796,-0.079845,0.003349,8.7807
2.6427,2.052,0.081796,-0.079905,0.0033317,8.7817
2.6427,2.052,0.081796,-0.079956,0.0033083,8.7842
2.6428,2.052,0.081797,-0.079985,0.0032748,8.7773
2.6428,2.052,0.081797,-0.080009,0.0032351,8.7756
2.6429,2.052,0.081797,-0.080037,0.0031958,8.7746
2.6429,2.052,0.081797,-0.080063,0.003155,8.7629
2.643,2.052,0.081797,-0.080078,0.0031184,8.7654
2.6431,2.052,0.081797,-0.080081,0.0030862,8.7748
2.6431,2.052,0.081798,-0.080078,0.0030563,8.7707
2.6432,2.052,0.081798,-0.080051,0.0030279,8.7592
2.6432,2.052,0.081798,-0.080009,0.0030011,8.7698
2.6433,2.052,0.081798,-0.079957,0.0029714,8.7705
2.6433,2.052,0.081798,-0.079922,0.0029487,8.7539
2.6434,2.052,0.081798,-0.079899,0.0029245,8.7612
2.6434,2.052,0.081799,-0.079878,0.0029084,8.7665
2.6435,2.052,0.081799,-0.079867,0.0028968,8.7585
2.6435,2.0519,0.081799,-0.079855,0.0028878,8.7618
2.6436,2.0519,0.081799,-0.079852,0.002886,8.7752
2.6436,2.0519,0.081799,-0.079853,0.0028857,8.7684
2.6437,2.0519,0.081799,-0.079839,0.0028826,8.7704
2.6437,2.0519,0.0818,-0.079834,0.0028795,8.7792
2.6438,2.0519,0.0818,-0.079837,0.0028763,8.7717
2.6438,2.0519,0.0818,-0.079845,0.002873,8.7653
2.6439,2.0519,0.0818,-0.079854,0.0028697,8.7779
2.6439,2.0519,0.0818,-0.079852,0.0028664,8.7747
2.644,2.0519,0.0818,-0.079842,0.0028631,8.7694
2.6441,2.0519,0.0818,-0.079824,0.0028598,8.7889
2.6441,2.0519,0.081801,-0.07979,0.0028592,8.7875
2.6442,2.0519,0.081801,-0.079754,0.002857,8.7762
2.6442,2.0519,0.081801,-0.079731,0.0028475,8.7817
2.6443,2.0519,0.081801,-0.079726,0.0028355,8.7842
2.6443,2.0519,0.081801,-0.079736,0.0028188,8.7705
2.6444,2.0519,0.081801,-0.079744,0.0027968,8.7729
2.6444,2.0519,0.081801,-0.07974,0.0027696,8.7716
2.6445,2.0519,0.081802,-0.079726,0.0027364,8.7626
2.6445,2.0519,0.081802,-0.079697,0.0027093,8.7567
2.6446,2.0519,0.081802,-0.079651,0.002677,8.7691
2.6446,2.0519,0.081802,-0.079595,0.0026359,8.7669
2.6447,2.0519,0.081802,-0.079538,0.0025994,8.7601
2.6447,2.0519,0.081802,-0.079487,0.0025642,8.7712
2.6448,2.0518,0.081802,-0.079433,0.0025296,8.7671
2.6448,2.0518,0.081803,-0.079378,0.0024949,8.7626
2.6449,2.0518,0.081803,-0.079333,0.0024568,8.7705
2.6449,2.0518,0.081803,-0.079289,0.0024314,8.7799
2.645,2.0518,0.081803,-0.079241,0.0024004,8.7718
2.6451,2.0518,0.081803,-0.079187,0.0023651,8.7922
2.6451,2.0518,0.081803,-0.079147,0.0023314,8.797
2.6452,2.0518,0.081803,-0.079109,0.0022987,8.796
2.6452,2.0518,0.081803,-0.079067,0.0022599,8.8044
2.6453,2.0518,0.081804,-0.07901,0.0022187,8.8132
2.6453,2.0518,0.081804,-0.078955,0.002172,8.8095
2.6454,2.0518,0.081804,-0.078895,0.0021233,8.7985
2.6454,2.0518,0.081804,-0.07884,0.0020675,8.8052
2.6455,2.0518,0.081804,-0.078805,0.0020106,8.8084
2.6455,2.0518,0.081804,-0.078792,0.0019537,8.7967
2.6456,2.0518,0.081804,-0.078799,0.0019074,8.8112
2.6456,2.0518,0.081804,-0.078801,0.0018472,8.8136
2.6457,2.0518,0.081804,-0.078796,0.0018287,8.808
2.6457,2.0518,0.081804,-0.078777,0.001832,8.8131
2.6458,2.0518,0.081805,-0.078762,0.001846,8.8173
2.6458,2.0518,0.081805,-0.07874,0.0018653,8.8009
2.6459,2.0518,0.081805,-0.078716,0.0018813,8.8057
2.6459,2.0518,0.081805,-0.07868,0.0018843,8.8113
2.646,2.0518,0.081805,-0.078646,0.0018724,8.7988
2.6461,2.0517,0.081805,-0.07859,0.0018335,8.7972
2.6461,2.0517,0.081805,-0.078541,0.001817,8.8011
2.6462,2.0517,0.081805,-0.078495,0.0018016,8.8004
2.6462,2.0517,0.081805,-0.078465,0.001783,8.7945
2.6463,2.0517,0.081805,-0.078427,0.0017625,8.8079
2.6463,2.0517,0.081806,-0.078398,0.0017412,8.8077
2.6464,2.0517,0.081806,-0.078374,0.0017202,8.8053
2.6464,2.0517,0.081806,-0.078353,0.0017033,8.8062
2.6465,2.0517,0.081806,-0.078323,0.0016873,8.8073
2.6465,2.0517,0.081806,-0.078299,0.0016709,8.7987
2.6466,2.0517,0.081806,-0.078266,0.0016564,8.8082
2.6466,2.0517,0.081806,-0.078235,0.0016274,8.8107
2.6467,2.0517,0.081806,-0.078206,0.0015923,8.8092
2.6467,2.0517,0.081806,-0.078193,0.0015619,8.8135
2.6468,2.0517,0.081806,-0.078175,0.0015314,8.8267
2.6468,2.0517,0.081806,-0.078165,0.0015045,8.8161
2.6469,2.0517,0.081806,-0.078149,0.0014784,8.8125
2.6469,2.0517,0.081807,-0.078122,0.0014528,8.8194
2.647,2.0517,0.081807,-0.078083,0.0014249,8.8059
2.6471,2.0517,0.081807,-0.078055,0.0013905,8.7912
2.6471,2.0517,0.081807,-0.078039,0.0013615,8.7968
2.6472,2.0517,0.081807,-0.078032,0.001348,8.799
2.6472,2.0517,0.081807,-0.078013,0.0013351,8.7848
2.6473,2.0517,0.081807,-0.077994,0.0013288,8.7858
2.6473,2.0516,0.081807,-0.077975,0.0013221,8.7881
2.6474,2.0516,0.081807,-0.077963,0.0013145,8.7812
2.6474,2.0516,0.081807,-0.077957,0.0013038,8.7787
2.6475,2.0516,0.081807,-0.077959,0.0012951,8.7787
2.6475,2.0516,0.081807,-0.077963,0.0012908,8.7647
2.6476,2.0516,0.081807,-0.077966,0.0012939,8.7641
2.6476,2.0516,0.081807,-0.077956,0.001299,8.7724
2.6477,2.0516,0.081808,-0.077935,0.0013102,8.7739
2.6477,2.0516,0.081808,-0.077922,0.0013208,8.7639
2.6478,2.0516,0.081808,-0.07792,0.0013333,8.7813
2.6478,2.0516,0.081808,-0.077935,0.0013477,8.7756
2.6479,2.0516,0.081808,-0.077948,0.0013664,8.767
2.6479,2.0516,0.081808,-0.077961,0.0013827,8.7653
2.648,2.0516,0.081808,-0.077969,0.0013975,8.7673
2.6481,2.0516,0.081808,-0.077971,0.0014118,8.7603
2.6481,2.0516,0.081808,-0.077969,0.0014264,8.7654
2.6482,2.0516,0.081808,-0.077953,0.0014426,8.7729
2.6482,2.0516,0.081808,-0.077929,0.0014614,8.7586
2.6483,2.0516,0.081808,-0.07791,0.0014866,8.7564
2.6483,2.0516,0.081808,-0.077886,0.0015156,8.7685
2.6484,2.0516,0.081808,-0.077863,0.0015385,8.7485
2.6484,2.0516,0.081809,-0.077842,0.0015559,8.7483
2.6485,2.0516,0.081809,-0.077828,0.0015642,8.75
2.6485,2.0516,0.081809,-0.077826,0.0015705,8.7387
2.6486,2.0516,0.081809,-0.077813,0.0015726,8.7329
2.6486,2.0515,0.081809,-0.077798,0.001577,8.7429
2.6487,2.0515,0.081809,-0.077781,0.0015927,8.7386
2.6487,2.0515,0.081809,-0.077767,0.0016141,8.7255
2.6488,2.0515,0.081809,-0.077749,0.0016404,8.7371
2.6488,2.0515,0.081809,-0.077733,0.0016612,8.7425
2.6489,2.0515,0.081809,-0.077715,0.0016886,8.7301
2.6489,2.0515,0.081809,-0.077701,0.0017036,8.7322
2.649,2.0515,0.08181,-0.077675,0.0016842,8.7359
2.6491,2.0515,0.08181,-0.077653,0.0016074,8.7286
2.6491,2.0515,0.08181,-0.077633,0.001501,8.7289
2.6492,2.0515,0.08181,-0.077622,0.0013889,8.7411
2.6492,2.0515,0.08181,-0.077618,0.0012905,8.7418
2.6493,2.0515,0.08181,-0.077625,0.0012162,8.7405
2.6493,2.0515,0.08181,-0.077637,0.0011931,8.7509
2.6494,2.0515,0.08181,-0.077656,0.0012143,8.7491
2.6494,2.0515,0.08181,-0.077672,0.0012389,8.7402
2.6495,2.0515,0.08181,-0.077692,0.0012082,8.7502
2.6495,2.0515,0.08181,-0.077711,0.0011529,8.7467
2.6496,2.0515,0.08181,-0.077725,0.001088,8.7373
2.6496,2.0515,0.08181,-0.077737,0.0010242,8.7412
2.6497,2.0515,0.08181,-0.077746,0.0009645,8.7399
2.6497,2.0515,0.08181,-0.077751,0.00092707,8.7293
2.6498,2.0515,0.08181,-0.07775,0.00092856,8.7364
2.6498,2.0515,0.081811,-0.077744,0.00093991,8.7495
2.6499,2.0514,0.081811,-0.077736,0.00094077,8.7356
2.6499,2.0514,0.081811,-0.077728,0.00094228,8.7376
2.65,2.0514,0.081811,-0.077717,0.00094005,8.7465
2.6501,2.0514,0.081811,-0.077707,0.0009376,8.7355
2.6501,2.0514,0.081811,-0.077701,0.00093044,8.725
2.6502,2.0514,0.081811,-0.077696,0.0009259,8.7348
2.6502,2.0514,0.081811,-0.077697,0.00091964,8.7339
2.6503,2.0514,0.081811,-0.077702,0.0009152,8.7318
2.6503,2.0514,0.081811,-0.077713,0.00091626,8.74
2.6504,2.0514,0.081811,-0.077734,0.00092129,8.7505
2.6504,2.0514,0.081811,-0.077748,0.00092324,8.7334
2.6505,2.0514,0.081811,-0.077755,0.00092286,8.7434
2.6505,2.0514,0.081811,-0.07776,0.00091955,8.7508
2.6506,2.0514,0.081811,-0.077768,0.00091387,8.741
2.6506,2.0514,0.081811,-0.077784,0.00089949,8.7413
2.6507,2.0514,0.081811,-0.077791,0.00088032,8.7569
2.6507,2.0514,0.081811,-0.077794,0.00085913,8.7592
2.6508,2.0514,0.081811,-0.0778,0.00084251,8.7543
2.6508,2.0514,0.081811,-0.0778,0.00082131,8.7669
2.6509,2.0514,0.081811,-0.077799,0.00079682,8.7654
2.6509,2.0514,0.081811,-0.077803,0.00077027,8.7544
2.651,2.0514,0.081812,-0.07781,0.00074021,8.7716
2.6511,2.0514,0.081812,-0.077814,0.00071446,8.7589
2.6511,2.0514,0.081812,-0.077796,0.00069052,8.7487
2.6512,2.0514,0.081812,-0.077766,0.00067513,8.7489
2.6512,2.0513,0.081812,-0.077727,0.00066719,8.7519
2.6513,2.0513,0.081812,-0.077687,0.00065776,8.7367
2.6513,2.0513,0.081812,-0.077645,0.00064706,8.7361
2.6514,2.0513,0.081812,-0.077613,0.00063259,8.7537
2.6514,2.0513,0.081812,-0.077582,0.00060912,8.7478
2.6515,2.0513,0.081812,-0.077551,0.0005887,8.7369
2.6515,2.0513,0.081812,-0.077524,0.00056641,8.7315
2.6516,2.0513,0.081812,-0.077496,0.00054782,8.728
2.6516,2.0513,0.081812,-0.077472,0.00052935,8.7247
2.6517,2.0513,0.081812,-0.077444,0.00050725,8.7336
2.6517,2.0513,0.081812,-0.07741,0.00048707,8.734
2.6518,2.0513,0.081812,-0.07738,0.00046654,8.7262
2.6518,2.0513,0.081812,-0.077366,0.00044318,8.7408
2.6519,2.0513,0.081812,-0.07736,0.00042247,8.7498
2.6519,2.0513,0.081812,-0.077354,0.00040067,8.7466
2.652,2.0513,0.081812,-0.077345,0.00037651,8.7545
2.6521,2.0513,0.081812,-0.077351,0.00034865,8.7606
2.6521,2.0513,0.081812,-0.077352,0.00031574,8.7529
2.6522,2.0513,0.081812,-0.077342,0.00028445,8.7499
2.6522,2.0513,0.081812,-0.07732,0.00025239,8.7597
2.6523,2.0513,0.081812,-0.0773,0.00021698,8.7548
2.6523,2.0513,0.081812,-0.077287,0.00018501,8.7542
2.6524,2.0513,0.081812,-0.07727,0.00015294,8.7639
2.6524,2.0513,0.081812,-0.07725,0.00012655,8.7604
2.6525,2.0512,0.081812,-0.077237,0.00010623,8.7505
2.6525,2.0512,0.081812,-0.077213,8.305e-05,8.7607
2.6526,2.0512,0.081812,-0.077172,5.5967e-05,8.7539
2.6526,2.0512,0.081812,-0.077104,2.1175e-05,8.7414
2.6527,2.0512,0.081812,-0.077032,-1.5997e-05,8.7434
2.6527,2.0512,0.081812,-0.076966,-5.2606e-05,8.7481
2.6528,2.0512,0.081812,-0.076903,-8.5653e-05,8.7413
2.6528,2.0512,0.081812,-0.076836,-0.00011209,8.7484
2.6529,2.0512,0.081812,-0.076779,-0.00012886,8.7605
2.6529,2.0512,0.081812,-0.076731,-0.00014868,8.7526
2.653,2.0512,0.081812,-0.076692,-0.00016839,8.7563
2.6531,2.0512,0.081812,-0.076656,-0.00018607,8.7625
2.6531,2.0512,0.081812,-0.076634,-0.00020224,8.7537
2.6532,2.0512,0.081812,-0.076617,-0.00022005,8.7449
2.6532,2.0512,0.081812,-0.07661,-0.00023075,8.7443
2.6533,2.0512,0.081812,-0.076594,-0.0002427,8.7475
2.6533,2.0512,0.081812,-0.07658,-0.00025399,8.7358
2.6534,2.0512,0.081812,-0.076571,-0.00027201,8.7517
2.6534,2.0512,0.081812,-0.076554,-0.00029382,8.7518
2.6535,2.0512,0.081812,-0.076536,-0.0003177,8.7417
2.6535,2.0512,0.081812,-0.076509,-0.00034878,8.7443
2.6536,2.0512,0.081812,-0.076479,-0.00038174,8.7474
2.6536,2.0512,0.081812,-0.07646,-0.0004124,8.7421
2.6537,2.0512,0.081812,-0.076433,-0.00044326,8.7365
2.6537,2.0512,0.081812,-0.076403,-0.0004744,8.7434
2.6538,2.0511,0.081812,-0.076365,-0.00050589,8.7371
2.6538,2.0511,0.081812,-0.076316,-0.00053781,8.7342
2.6539,2.0511,0.081812,-0.07627,-0.00057027,8.7428
2.6539,2.0511,0.081812,-0.076225,-0.0006034,8.7385
2.654,2.0511,0.081812,-0.076186,-0.00063723,8.7271
2.6541,2.0511,0.081812,-0.076149,-0.00067178,8.7282
2.6541,2.0511,0.081812,-0.076117,-0.00070697,8.721
2.6542,2.0511,0.081812,-0.076079,-0.00074268,8.7122
2.6542,2.0511,0.081812,-0.076025,-0.00077873,8.7067
2.6543,2.0511,0.081812,-0.075956,-0.00081497,8.712
2.6543,2.0511,0.081812,-0.075884,-0.00085128,8.6986
2.6544,2.0511,0.081812,-0.07582,-0.00088758,8.7043
2.6544,2.0511,0.081811,-0.075762,-0.00092382,8.7118
2.6545,2.0511,0.081811,-0.075709,-0.00096255,8.7109
2.6545,2.0511,0.081811,-0.075674,-0.000997,8.7047
2.6546,2.0511,0.081811,-0.075651,-0.0010282,8.7169
2.6546,2.0511,0.081811,-0.075631,-0.0010598,8.7142
2.6547,2.0511,0.081811,-0.075606,-0.0010888,8.7068
2.6547,2.0511,0.081811,-0.075582,-0.0011132,8.7176
2.6548,2.0511,0.081811,-0.075564,-0.0011297,8.7159
2.6548,2.0511,0.081811,-0.075535,-0.0011429,8.7115
2.6549,2.0511,0.081811,-0.075504,-0.0011601,8.7235
2.6549,2.0511,0.081811,-0.075473,-0.0011715,8.7353
2.655,2.0511,0.081811,-0.075445,-0.0011844,8.7309
2.6551,2.0511,0.081811,-0.075412,-0.0012038,8.7363
2.6551,2.051,0.081811,-0.07538,-0.0012294,8.7456
2.6552,2.051,0.081811,-0.075352,-0.0012528,8.7334
2.6552,2.051,0.081811,-0.07534,-0.0012769,8.7294
2.6553,2.051,0.08181,-0.075323,-0.0012957,8.7428
2.6553,2.051,0.08181,-0.075309,-0.0013073,8.7318
2.6554,2.051,0.08181,-0.075289,-0.0013096,8.7258
2.6554,2.051,0.08181,-0.075254,-0.0013123,8.745
2.6555,2.051,0.08181,-0.075203,-0.0013135,8.7331
2.6555,2.051,0.08181,-0.075137,-0.0013192,8.7262
2.6556,2.051,0.08181,-0.075074,-0.0013102,8.736
2.6556,2.051,0.08181,-0.075014,-0.0013391,8.7335
2.6557,2.051,0.08181,-0.074957,-0.0013883,8.7156
2.6557,2.051,0.08181,-0.074896,-0.0014503,8.7176
2.6558,2.051,0.08181,-0.074831,-0.0015212,8.7229
2.6558,2.051,0.08181,-0.074765,-0.0015943,8.7208
2.6559,2.051,0.08181,-0.074712,-0.0016545,8.7257
2.6559,2.051,0.08181,-0.074664,-0.0016954,8.7312
2.656,2.051,0.081809,-0.074642,-0.0017076,8.7308
2.6561,2.051,0.081809,-0.074616,-0.0017361,8.7363
2.6561,2.051,0.081809,-0.074591,-0.0017645,8.7513
2.6562,2.051,0.081809,-0.074558,-0.001793,8.744
2.6562,2.051,0.081809,-0.07453,-0.0018216,8.7533
2.6563,2.051,0.081809,-0.074496,-0.0018503,8.7643
2.6563,2.051,0.081809,-0.07446,-0.0018792,8.7652
2.6564,2.051,0.081809,-0.074427,-0.0019108,8.7599
2.6564,2.0509,0.081809,-0.074401,-0.0019434,8.7695
2.6565,2.0509,0.081809,-0.074374,-0.0019645,8.7839
2.6565,2.0509,0.081808,-0.074358,-0.0019801,8.7711
2.6566,2.0509,0.081808,-0.074344,-0.0019872,8.7756
2.6566,2.0509,0.081808,-0.074329,-0.0019901,8.7864
2.6567,2.0509,0.081808,-0.074304,-0.0019962,8.775
2.6567,2.0509,0.081808,-0.07428,-0.0020037,8.7658
2.6568,2.0509,0.081808,-0.074254,-0.0020183,8.7723
2.6568,2.0509,0.081808,-0.07423,-0.0020383,8.7663
2.6569,2.0509,0.081808,-0.074216,-0.0020549,8.7627
2.6569,2.0509,0.081808,-0.07422,-0.0020758,8.7746
2.657,2.0509,0.081807,-0.074217,-0.0020956,8.7717
2.6571,2.0509,0.081807,-0.074207,-0.0021181,8.763
2.6571,2.0509,0.081807,-0.074197,-0.0021446,8.7694
2.6572,2.0509,0.081807,-0.074196,-0.0021686,8.7658
2.6572,2.0509,0.081807,-0.074192,-0.0021925,8.7582
2.6573,2.0509,0.081807,-0.074182,-0.0022162,8.7604
2.6573,2.0509,0.081807,-0.074159,-0.0022399,8.7608
2.6574,2.0509,0.081807,-0.074141,-0.0022635,8.7543
2.6574,2.0509,0.081807,-0.074114,-0.0022869,8.7607
2.6575,2.0509,0.081806,-0.074085,-0.0023103,8.7711
2.6575,2.0509,0.081806,-0.074059,-0.0023337,8.7662
2.6576,2.0509,0.081806,-0.074036,-0.0023572,8.7716
2.6576,2.0509,0.081806,-0.07402,-0.0023811,8.7859
2.6577,2.0509,0.081806,-0.074007,-0.0024054,8.7826
2.6577,2.0509,0.081806,-0.073991,-0.0024301,8.7841
2.6578,2.0508,0.081806,-0.073986,-0.0024554,8.7886
2.6578,2.0508,0.081806,-0.073986,-0.0024811,8.7942
2.6579,2.0508,0.081805,-0.073991,-0.0025072,8.7839
2.6579,2.0508,0.081805,-0.074002,-0.0025336,8.7977
2.658,2.0508,0.081805,-0.074001,-0.0025627,8.8003
2.6581,2.0508,0.081805,-0.073998,-0.0025878,8.7957
2.6581,2.0508,0.081805,-0.073995,-0.0026102,8.7982
2.6582,2.0508,0.081805,-0.073995,-0.0026314,8.8024
2.6582,2.0508,0.081805,-0.073989,-0.0026524,8.7932
2.6583,2.0508,0.081804,-0.073975,-0.0026745,8.787
2.6583,2.0508,0.081804,-0.073953,-0.0026988,8.7909
2.6584,2.0508,0.081804,-0.073924,-0.0027264,8.7834
2.6584,2.0508,0.081804,-0.073877,-0.0027582,8.7743
2.6585,2.0508,0.081804,-0.073818,-0.0027901,8.783
2.6585,2.0508,0.081804,-0.073761,-0.0028179,8.7833
2.6586,2.0508,0.081804,-0.073714,-0.0028428,8.7774
2.6586,2.0508,0.081803,-0.073665,-0.0028657,8.7854
2.6587,2.0508,0.081803,-0.073619,-0.002888,8.7829
2.6587,2.0508,0.081803,-0.073587,-0.0029134,8.7804
2.6588,2.0508,0.081803,-0.073567,-0.0029364,8.7809
2.6588,2.0508,0.081803,-0.073565,-0.0029595,8.786
2.6589,2.0508,0.081803,-0.073573,-0.0029851,8.7743
2.6589,2.0508,0.081803,-0.073601,-0.0030077,8.7858
2.659,2.0508,0.081802,-0.073633,-0.0030309,8.7916
2.6591,2.0508,0.081802,-0.073652,-0.0030559,8.7865
2.6591,2.0508,0.081802,-0.073658,-0.0030842,8.7939
2.6592,2.0507,0.081802,-0.073654,-0.0031172,8.801
2.6592,2.0507,0.081802,-0.073635,-0.0031482,8.7972
2.6593,2.0507,0.081802,-0.073607,-0.0031798,8.7858
2.6593,2.0507,0.081801,-0.07357,-0.0032121,8.7973
2.6594,2.0507,0.081801,-0.073535,-0.0032451,8.7952
2.6594,2.0507,0.081801,-0.073497,-0.0032788,8.7812
2.6595,2.0507,0.081801,-0.073454,-0.003313,8.7917
2.6595,2.0507,0.081801,-0.073413,-0.0033478,8.7971
2.6596,2.0507,0.0818,-0.073368,-0.003383,8.7902
2.6596,2.0507,0.0818,-0.073325,-0.0034187,8.7947
2.6597,2.0507,0.0818,-0.073283,-0.0034548,8.7978
2.6597,2.0507,0.0818,-0.073245,-0.0034914,8.7782
2.6598,2.0507,0.0818,-0.07321,-0.0035284,8.7849
2.6598,2.0507,0.0818,-0.073177,-0.0035659,8.7822
2.6599,2.0507,0.081799,-0.073143,-0.0036039,8.7712
2.6599,2.0507,0.081799,-0.073109,-0.0036424,8.765
2.66,2.0507,0.081799,-0.073075,-0.0036814,8.7712
2.6601,2.0507,0.081799,-0.073037,-0.003721,8.7709
2.6601,2.0507,0.081799,-0.072996,-0.0037612,8.7664
2.6602,2.0507,0.081798,-0.072949,-0.0038019,8.771
2.6602,2.0507,0.081798,-0.072896,-0.0038432,8.7743
2.6603,2.0507,0.081798,-0.072838,-0.0038849,8.7641
2.6603,2.0507,0.081798,-0.072767,-0.0039271,8.7668
2.6604,2.0507,0.081798,-0.072701,-0.00397,8.7705
2.6604,2.0507,0.081797,-0.07264,-0.0040135,8.7627
2.6605,2.0507,0.081797,-0.072581,-0.0040577,8.7693
2.6605,2.0506,0.081797,-0.072519,-0.0041028,8.7819
2.6606,2.0506,0.081797,-0.072456,-0.0041487,8.7722
2.6606,2.0506,0.081796,-0.072393,-0.0041956,8.7725
2.6607,2.0506,0.081796,-0.072326,-0.0042434,8.7888
2.6607,2.0506,0.081796,-0.072251,-0.0042947,8.7692
2.6608,2.0506,0.081796,-0.072178,-0.0043428,8.7695
2.6608,2.0506,0.081796,-0.072103,-0.0043887,8.7729
2.6609,2.0506,0.081795,-0.072026,-0.0044334,8.7697
2.6609,2.0506,0.081795,-0.07195,-0.004478,8.7651
2.661,2.0506,0.081795,-0.071881,-0.0045237,8.7764
2.6611,2.0506,0.081795,-0.071822,-0.0045717,8.7737
2.6611,2.0506,0.081794,-0.071769,-0.0046234,8.7668
2.6612,2.0506,0.081794,-0.071717,-0.00468,8.7755
2.6612,2.0506,0.081794,-0.071662,-0.004735,8.7807
2.6613,2.0506,0.081794,-0.071606,-0.0047906,8.7653
2.6613,2.0506,0.081793,-0.071545,-0.004847,8.7651
2.6614,2.0506,0.081793,-0.071486,-0.0049041,8.7657
2.6614,2.0506,0.081793,-0.07143,-0.004962,8.7563
2.6615,2.0506,0.081793,-0.071371,-0.0050206,8.7507
2.6615,2.0506,0.081792,-0.071311,-0.0050799,8.7622
2.6616,2.0506,0.081792,-0.071244,-0.0051399,8.7629
2.6616,2.0506,0.081792,-0.071175,-0.0052008,8.7639
2.6617,2.0506,0.081792,-0.071099,-0.0052623,8.7844
2.6617,2.0506,0.081791,-0.071022,-0.0053245,8.7851
2.6618,2.0506,0.081791,-0.070943,-0.0053873,8.7819
2.6618,2.0506,0.081791,-0.070866,-0.0054506,8.7936
2.6619,2.0505,0.08179,-0.070791,-0.0055142,8.7952
2.6619,2.0505,0.08179,-0.070721,-0.0055781,8.7964
2.662,2.0505,0.08179,-0.070648,-0.0056423,8.7913
2.6621,2.0505,0.081789,-0.070578,-0.0057066,8.8059
2.6621,2.0505,0.081789,-0.070506,-0.005771,8.8025
2.6622,2.0505,0.081789,-0.070433,-0.0058356,8.803
2.6622,2.0505,0.081789,-0.070354,-0.0059003,8.8187
2.6623,2.0505,0.081788,-0.070271,-0.0059652,8.8128
2.6623,2.0505,0.081788,-0.070186,-0.0060304,8.8112
2.6624,2.0505,0.081788,-0.070103,-0.0060959,8.8139
2.6624,2.0505,0.081787,-0.070019,-0.0061644,8.8086
2.6625,2.0505,0.081787,-0.069939,-0.0062293,8.8004
2.6625,2.0505,0.081787,-0.069864,-0.0062913,8.8051
2.6626,2.0505,0.081786,-0.069791,-0.0063516,8.8103
2.6626,2.0505,0.081786,-0.069722,-0.0064112,8.7997
2.6627,2.0505,0.081786,-0.069659,-0.0064711,8.8031
2.6627,2.0505,0.081785,-0.069595,-0.0065325,8.8149
2.6628,2.0505,0.081785,-0.069535,-0.0065964,8.8031
2.6628,2.0505,0.081785,-0.069462,-0.0066641,8.802
2.6629,2.0505,0.081784,-0.069381,-0.0067288,8.806
2.6629,2.0505,0.081784,-0.069296,-0.0067929,8.7989
2.663,2.0505,0.081784,-0.069213,-0.0068564,8.7963
2.6631,2.0505,0.081783,-0.069134,-0.0069193,8.8051
2.6631,2.0505,0.081783,-0.069065,-0.0069816,8.8004
2.6632,2.0505,0.081782,-0.068996,-0.0070433,8.8042
2.6632,2.0505,0.081782,-0.068926,-0.0071044,8.8161
2.6633,2.0505,0.081782,-0.068842,-0.0071651,8.8186
2.6633,2.0505,0.081781,-0.068751,-0.0072253,8.8088
2.6634,2.0504,0.081781,-0.068657,-0.0072854,8.8108
2.6634,2.0504,0.081781,-0.068565,-0.0073454,8.8147
2.6635,2.0504,0.08178,-0.068477,-0.0074054,8.8036
2.6635,2.0504,0.08178,-0.068393,-0.0074656,8.8033
2.6636,2.0504,0.081779,-0.06831,-0.0075258,8.8102
2.6636,2.0504,0.081779,-0.068231,-0.007586,8.8004
2.6637,2.0504,0.081779,-0.06815,-0.0076461,8.8028
2.6637,2.0504,0.081778,-0.068068,-0.0077059,8.8148
2.6638,2.0504,0.081778,-0.067987,-0.0077652,8.806
2.6638,2.0504,0.081777,-0.067906,-0.0078237,8.7922
2.6639,2.0504,0.081777,-0.067825,-0.0078811,8.7971
2.6639,2.0504,0.081776,-0.067744,-0.0079375,8.7947
2.664,2.0504,0.081776,-0.067664,-0.0079925,8.7804
2.6641,2.0504,0.081776,-0.067584,-0.0080463,8.7875
2.6641,2.0504,0.081775,-0.067504,-0.008099,8.7829
2.6642,2.0504,0.081775,-0.067426,-0.0081506,8.774
2.6642,2.0504,0.081774,-0.067349,-0.0082012,8.779
2.6643,2.0504,0.081774,-0.067273,-0.0082508,8.7861
2.6643,2.0504,0.081773,-0.067197,-0.0082996,8.77
2.6644,2.0504,0.081773,-0.067122,-0.0083476,8.7713
2.6644,2.0504,0.081773,-0.067047,-0.0083948,8.7773
2.6645,2.0504,0.081772,-0.066972,-0.0084411,8.7667
2.6645,2.0504,0.081772,-0.066896,-0.0084867,8.7592
2.6646,2.0504,0.081771,-0.066822,-0.0085316,8.7728
2.6646,2.0504,0.081771,-0.066748,-0.0085756,8.7699
2.6647,2.0504,0.08177,-0.066673,-0.0086187,8.7698
2.6647,2.0504,0.08177,-0.066598,-0.0086609,8.7803
2.6648,2.0504,0.081769,-0.066522,-0.0087021,8.7846
2.6648,2.0503,0.081769,-0.066448,-0.0087422,8.7687
2.6649,2.0503,0.081768,-0.066376,-0.0087812,8.7763
2.6649,2.0503,0.081768,-0.066304,-0.0088191,8.7734
2.665,2.0503,0.081768,-0.066236,-0.0088558,8.7597
2.6651,2.0503,0.081767,-0.066171,-0.0088914,8.754
2.6651,2.0503,0.081767,-0.066107,-0.0089259,8.7603
2.6652,2.0503,0.081766,-0.066047,-0.0089567,8.7485
2.6652,2.0503,0.081766,-0.065989,-0.0089907,8.7459
2.6653,2.0503,0.081765,-0.065934,-0.0090268,8.7494
2.6653,2.0503,0.081765,-0.065881,-0.0090641,8.7412
2.6654,2.0503,0.081764,-0.065828,-0.0091015,8.7309
2.6654,2.0503,0.081764,-0.065777,-0.0091378,8.7344
2.6655,2.0503,0.081763,-0.065728,-0.0091719,8.7294
2.6655,2.0503,0.081763,-0.065676,-0.0092023,8.725
2.6656,2.0503,0.081762,-0.065634,-0.0092278,8.7253
2.6656,2.0503,0.081762,-0.065595,-0.0092552,8.7244
2.6657,2.0503,0.081761,-0.065556,-0.0092821,8.7252
2.6657,2.0503,0.081761,-0.065521,-0.0093085,8.729
2.6658,2.0503,0.08176,-0.065487,-0.0093344,8.7367
2.6658,2.0503,0.08176,-0.065456,-0.00936,8.7287
2.6659,2.0503,0.081759,-0.065429,-0.0093852,8.7355
2.6659,2.0503,0.081759,-0.065404,-0.00941,8.7458
2.666,2.0503,0.081758,-0.065394,-0.0094343,8.7325
2.6661,2.0503,0.081758,-0.065387,-0.0094441,8.7315
2.6661,2.0503,0.081757,-0.065371,-0.0094774,8.7448
2.6662,2.0503,0.081757,-0.065353,-0.0095123,8.7428
2.6662,2.0503,0.081756,-0.065331,-0.0095793,8.7357
2.6663,2.0503,0.081756,-0.06531,-0.0096633,8.7466
2.6663,2.0503,0.081755,-0.065294,-0.00975,8.7456
2.6664,2.0502,0.081755,-0.06528,-0.0098229,8.7343
2.6664,2.0502,0.081754,-0.065284,-0.009862,8.7388
2.6665,2.0502,0.081754,-0.065295,-0.0098921,8.7429
2.6665,2.0502,0.081753,-0.065314,-0.0099393,8.7301
2.6666,2.0502,0.081753,-0.06534,-0.00997,8.7272
2.6666,2.0502,0.081752,-0.065363,-0.010009,8.7285
2.6667,2.0502,0.081752,-0.065382,-0.01004,8.717
2.6667,2.0502,0.081751,-0.065386,-0.010051,8.7177
2.6668,2.0502,0.081751,-0.065381,-0.010037,8.7232
2.6668,2.0502,0.08175,-0.065375,-0.0099976,8.7177
2.6669,2.0502,0.08175,-0.065362,-0.0099557,8.7166
2.6669,2.0502,0.081749,-0.065353,-0.0099276,8.7274
2.667,2.0502,0.081749,-0.065344,-0.0099286,8.7231
2.6671,2.0502,0.081748,-0.065328,-0.0099845,8.7241
2.6671,2.0502,0.081747,-0.065314,-0.010075,8.7293
2.6672,2.0502,0.081747,-0.065296,-0.010173,8.7355
2.6672,2.0502,0.081746,-0.065289,-0.010237,8.7346
2.6673,2.0502,0.081746,-0.065304,-0.010272,8.747
2.6673,2.0502,0.081745,-0.065327,-0.010293,8.7559
2.6674,2.0502,0.081745,-0.065356,-0.010314,8.7499
2.6674,2.0502,0.081744,-0.065396,-0.010337,8.757
2.6675,2.0502,0.081744,-0.065437,-0.010374,8.763
2.6675,2.0502,0.081743,-0.065483,-0.010376,8.7545
2.6676,2.0502,0.081743,-0.065517,-0.010373,8.754
2.6676,2.0502,0.081742,-0.065535,-0.010342,8.7653
2.6677,2.0502,0.081742,-0.065549,-0.010312,8.7605
2.6677,2.0502,0.081741,-0.065539,-0.010303,8.7536
2.6678,2.0502,0.08174,-0.065506,-0.010289,8.7706
2.6678,2.0502,0.08174,-0.06547,-0.010263,8.7703
2.6679,2.0501,0.081739,-0.065425,-0.010215,8.7594
2.6679,2.0501,0.081739,-0.06539,-0.010143,8.7708
2.668,2.0501,0.081738,-0.065352,-0.010097,8.7609
2.6681,2.0501,0.081738,-0.065316,-0.010059,8.7471
2.6681,2.0501,0.081737,-0.06528,-0.010024,8.7522
2.6682,2.0501,0.081737,-0.065247,-0.0099911,8.7477
2.6682,2.0501,0.081736,-0.06522,-0.0099578,8.7359
2.6683,2.0501,0.081736,-0.065209,-0.0099218,8.7421
2.6683,2.0501,0.081735,-0.065204,-0.0098808,8.7511
2.6684,2.0501,0.081735,-0.065223,-0.0098403,8.7471
2.6684,2.0501,0.081734,-0.065254,-0.0098044,8.7435
2.6685,2.0501,0.081734,-0.065291,-0.0097706,8.7523
2.6685,2.0501,0.081733,-0.065326,-0.009739,8.7485
2.6686,2.0501,0.081733,-0.065363,-0.0097095,8.7475
2.6686,2.0501,0.081732,-0.065392,-0.0096822,8.7568
2.6687,2.0501,0.081732,-0.065413,-0.0096569,8.7588
2.6687,2.0501,0.081731,-0.065411,-0.0096337,8.7512
2.6688,2.0501,0.081731,-0.065399,-0.0096127,8.767
2.6688,2.0501,0.08173,-0.065364,-0.0095937,8.7699
2.6689,2.0501,0.08173,-0.065315,-0.0095604,8.7653
2.6689,2.0501,0.081729,-0.065262,-0.0095576,8.7677
2.669,2.0501,0.081729,-0.065211,-0.009576,8.7765
2.6691,2.0501,0.081728,-0.065169,-0.0096067,8.7681
2.6691,2.0501,0.081728,-0.065133,-0.0096411,8.7619
2.6692,2.0501,0.081727,-0.065088,-0.0096713,8.7705
2.6692,2.0501,0.081726,-0.065047,-0.0096896,8.7648
2.6693,2.0501,0.081726,-0.065006,-0.0096889,8.7571
2.6693,2.0501,0.081725,-0.064969,-0.0096622,8.7677
2.6694,2.0501,0.081725,-0.064935,-0.0096552,8.7632
2.6694,2.05,0.081724,-0.064906,-0.0096505,8.7491
2.6695,2.05,0.081724,-0.064883,-0.009648,8.7537
2.6695,2.05,0.081723,-0.064852,-0.0096477,8.7478
2.6696,2.05,0.081723,-0.064814,-0.0096496,8.7371
2.6696,2.05,0.081722,-0.064771,-0.0096538,8.7429
2.6697,2.05,0.081722,-0.064727,-0.0096438,8.7431
2.6697,2.05,0.081721,-0.064675,-0.009648,8.7307
2.6698,2.05,0.081721,-0.064614,-0.0097018,8.7292
2.6698,2.05,0.08172,-0.064546,-0.0097872,8.7309
2.6699,2.05,0.08172,-0.064473,-0.0098701,8.7267
2.6699,2.05,0.081719,-0.0644,-0.0099624,8.7204
2.67,2.05,0.081719,-0.064325,-0.010084,8.7381
2.6701,2.05,0.081718,-0.064245,-0.010185,8.7292
2.6701,2.05,0.081718,-0.064161,-0.010263,8.7225
2.6702,2.05,0.081717,-0.064073,-0.010373,8.73
2.6702,2.05,0.081717,-0.063986,-0.010497,8.7336
2.6703,2.05,0.081716,-0.063901,-0.010633,8.7257
2.6703,2.05,0.081716,-0.063818,-0.010745,8.7396
2.6704,2.05,0.081715,-0.063745,-0.010841,8.7479
2.6704,2.05,0.081714,-0.063672,-0.010926,8.7417
2.6705,2.05,0.081714,-0.063604,-0.010959,8.7455
2.6705,2.05,0.081713,-0.063544,-0.010971,8.7497
2.6706,2.05,0.081713,-0.063492,-0.010978,8.7392
2.6706,2.05,0.081712,-0.063448,-0.010961,8.7346
2.6707,2.05,0.081711,-0.06341,-0.010966,8.7386
2.6707,2.05,0.081711,-0.063372,-0.010976,8.7308
2.6708,2.05,0.08171,-0.063337,-0.010969,8.7224
2.6708,2.05,0.08171,-0.063297,-0.010974,8.7295
2.6709,2.05,0.081709,-0.063256,-0.011012,8.7299
2.6709,2.0499,0.081709,-0.063214,-0.011095,8.7137
2.671,2.0499,0.081708,-0.06317,-0.011236,8.7255
2.6711,2.0499,0.081707,-0.063123,-0.011395,8.724
2.6711,2.0499,0.081707,-0.063074,-0.011543,8.7083
2.6712,2.0499,0.081706,-0.063022,-0.01165,8.7118
2.6712,2.0499,0.081706,-0.062967,-0.011676,8.7182
2.6713,2.0499,0.081705,-0.062913,-0.011684,8.7064
2.6713,2.0499,0.081704,-0.062857,-0.011683,8.7103
2.6714,2.0499,0.081704,-0.062799,-0.011675,8.7256
2.6714,2.0499,0.081703,-0.062738,-0.011713,8.7221
2.6715,2.0499,0.081702,-0.062678,-0.01176,8.722
2.6715,2.0499,0.081702,-0.062617,-0.011807,8.7423
2.6716,2.0499,0.081701,-0.062555,-0.011821,8.7358
2.6716,2.0499,0.081701,-0.062497,-0.011827,8.7376
2.6717,2.0499,0.0817,-0.062438,-0.011838,8.7413
2.6717,2.0499,0.081699,-0.06238,-0.011851,8.7458
2.6718,2.0499,0.081699,-0.062327,-0.01187,8.7347
2.6718,2.0499,0.081698,-0.062279,-0.011937,8.7408
2.6719,2.0499,0.081697,-0.062239,-0.012033,8.7435
2.6719,2.0499,0.081697,-0.062201,-0.01215,8.7442
2.672,2.0499,0.081696,-0.062167,-0.012271,8.7455
2.6721,2.0499,0.081696,-0.06213,-0.012383,8.7478
2.6721,2.0499,0.081695,-0.062084,-0.012456,8.7312
2.6722,2.0499,0.081694,-0.062033,-0.012513,8.7275
2.6722,2.0499,0.081694,-0.061981,-0.012564,8.7336
2.6723,2.0499,0.081693,-0.061927,-0.012616,8.7255
2.6723,2.0499,0.081692,-0.061875,-0.012677,8.7226
2.6724,2.0499,0.081692,-0.061824,-0.012753,8.7325
2.6724,2.0499,0.081691,-0.061777,-0.012844,8.7259
2.6725,2.0499,0.08169,-0.06173,-0.012913,8.72
2.6725,2.0499,0.08169,-0.06168,-0.012976,8.7351
2.6726,2.0498,0.081689,-0.061628,-0.013032,8.734
2.6726,2.0498,0.081688,-0.061576,-0.013082,8.7211
2.6727,2.0498,0.081687,-0.061523,-0.013123,8.7303
2.6727,2.0498,0.081687,-0.061467,-0.013163,8.7359
2.6728,2.0498,0.081686,-0.061414,-0.0132,8.7343
2.6728,2.0498,0.081685,-0.061362,-0.013233,8.7398
2.6729,2.0498,0.081685,-0.061312,-0.013261,8.7553
2.6729,2.0498,0.081684,-0.061264,-0.013296,8.7518
2.673,2.0498,0.081683,-0.061213,-0.013298,8.7511
2.6731,2.0498,0.081683,-0.061154,-0.013293,8.7678
2.6731,2.0498,0.081682,-0.06109,-0.013264,8.7651
2.6732,2.0498,0.081681,-0.061015,-0.013192,8.7692
2.6732,2.0498,0.081681,-0.060944,-0.013095,8.7702
2.6733,2.0498,0.08168,-0.060877,-0.012995,8.7772
2.6733,2.0498,0.081679,-0.060816,-0.012907,8.7721
2.6734,2.0498,0.081678,-0.060764,-0.012856,8.7796
2.6734,2.0498,0.081678,-0.060714,-0.012814,8.791
2.6735,2.0498,0.081677,-0.060663,-0.012812,8.7766
2.6735,2.0498,0.081676,-0.060613,-0.012814,8.7872
2.6736,2.0498,0.081676,-0.060557,-0.012795,8.7872
2.6736,2.0498,0.081675,-0.060503,-0.012769,8.7701
2.6737,2.0498,0.081674,-0.060448,-0.012735,8.7699
2.6737,2.0498,0.081674,-0.060394,-0.012692,8.7711
2.6738,2.0498,0.081673,-0.060338,-0.012661,8.7582
2.6738,2.0498,0.081672,-0.060284,-0.012601,8.7569
2.6739,2.0498,0.081672,-0.06023,-0.012522,8.7693
2.6739,2.0498,0.081671,-0.060177,-0.012429,8.7658
2.674,2.0498,0.08167,-0.060124,-0.012332,8.7653
2.6741,2.0498,0.08167,-0.060072,-0.012236,8.7765
2.6741,2.0498,0.081669,-0.060019,-0.012148,8.7874
2.6742,2.0498,0.081669,-0.059965,-0.012074,8.7807
2.6742,2.0497,0.081668,-0.059911,-0.012021,8.7894
2.6743,2.0497,0.081667,-0.059857,-0.011949,8.7938
2.6743,2.0497,0.081667,-0.059804,-0.011873,8.7883
2.6744,2.0497,0.081666,-0.059751,-0.011794,8.7928
2.6744,2.0497,0.081665,-0.059699,-0.011711,8.8005
2.6745,2.0497,0.081665,-0.059647,-0.011624,8.8057
2.6745,2.0497,0.081664,-0.059595,-0.011534,8.8045
2.6746,2.0497,0.081664,-0.059543,-0.011441,8.8169
2.6746,2.0497,0.081663,-0.059495,-0.011344,8.8138
2.6747,2.0497,0.081662,-0.059448,-0.011245,8.8126
2.6747,2.0497,0.081662,-0.059402,-0.011142,8.8143
2.6748,2.0497,0.081661,-0.059358,-0.011037,8.8039
2.6748,2.0497,0.081661,-0.059313,-0.010929,8.7925
2.6749,2.0497,0.08166,-0.059269,-0.010818,8.7964
2.6749,2.0497,0.08166,-0.059223,-0.010706,8.7991
2.675,2.0497,0.081659,-0.059178,-0.010591,8.7969
2.6751,2.0497,0.081658,-0.059134,-0.010475,8.7922
2.6751,2.0497,0.081658,-0.059091,-0.010356,8.7911
2.6752,2.0497,0.081657,-0.05905,-0.010236,8.7772
2.6752,2.0497,0.081657,-0.059009,-0.010115,8.7763
2.6753,2.0497,0.081656,-0.058969,-0.0099914,8.7799
2.6753,2.0497,0.081656,-0.058931,-0.0098668,8.7637
2.6754,2.0497,0.081655,-0.058893,-0.0097409,8.7602
2.6754,2.0497,0.081655,-0.058857,-0.0096137,8.7709
2.6755,2.0497,0.081654,-0.058824,-0.0094851,8.7702
2.6755,2.0497,0.081654,-0.058787,-0.0093553,8.7698
2.6756,2.0497,0.081653,-0.058752,-0.0092242,8.7836
2.6756,2.0497,0.081653,-0.058721,-0.0090918,8.7852
2.6757,2.0497,0.081652,-0.058689,-0.008958,8.7772
2.6757,2.0497,0.081652,-0.058659,-0.0088228,8.7903
2.6758,2.0497,0.081651,-0.058628,-0.0086864,8.7932
2.6758,2.0497,0.081651,-0.058595,-0.0085487,8.7871
2.6759,2.0496,0.081651,-0.058559,-0.0084099,8.7936
2.6759,2.0496,0.08165,-0.058511,-0.0082842,8.801
2.676,2.0496,0.08165,-0.058461,-0.0081482,8.7993
2.6761,2.0496,0.081649,-0.058422,-0.0079715,8.7983
2.6761,2.0496,0.081649,-0.058386,-0.0077822,8.8085
2.6762,2.0496,0.081648,-0.058358,-0.0075554,8.7966
2.6762,2.0496,0.081648,-0.058332,-0.0073101,8.7926
2.6763,2.0496,0.081648,-0.058304,-0.0070661,8.798
2.6763,2.0496,0.081647,-0.058277,-0.0068431,8.7847
2.6764,2.0496,0.081647,-0.058234,-0.0066761,8.77
2.6764,2.0496,0.081647,-0.058186,-0.0065031,8.7801
2.6765,2.0496,0.081646,-0.058127,-0.0063114,8.7822
2.6765,2.0496,0.081646,-0.058057,-0.0061333,8.7677
2.6766,2.0496,0.081646,-0.057986,-0.0059429,8.7702
2.6766,2.0496,0.081645,-0.057918,-0.0057565,8.7755
2.6767,2.0496,0.081645,-0.057867,-0.0055833,8.7631
2.6767,2.0496,0.081645,-0.057827,-0.0054317,8.7648
2.6768,2.0496,0.081644,-0.057791,-0.0053094,8.7731
2.6768,2.0496,0.081644,-0.057769,-0.0051939,8.7634
2.6769,2.0496,0.081644,-0.057743,-0.0050683,8.7577
2.6769,2.0496,0.081644,-0.057719,-0.0049151,8.7713
2.677,2.0496,0.081643,-0.057704,-0.0047042,8.7727
2.6771,2.0496,0.081643,-0.057694,-0.0044507,8.7719
2.6771,2.0496,0.081643,-0.057692,-0.0041801,8.783
2.6772,2.0496,0.081643,-0.057683,-0.0039341,8.7886
2.6772,2.0496,0.081643,-0.057661,-0.0037101,8.7807
2.6773,2.0496,0.081642,-0.057625,-0.0034963,8.7892
2.6773,2.0496,0.081642,-0.057579,-0.0032801,8.7928
2.6774,2.0496,0.081642,-0.057516,-0.0030574,8.7909
2.6774,2.0496,0.081642,-0.057449,-0.0028156,8.7919
2.6775,2.0496,0.081642,-0.057381,-0.0026052,8.7989
2.6775,2.0496,0.081642,-0.057324,-0.002398,8.7894
2.6776,2.0496,0.081642,-0.057277,-0.0022195,8.7841
2.6776,2.0495,0.081641,-0.057229,-0.0020412,8.7944
2.6777,2.0495,0.081641,-0.057186,-0.0018428,8.7803
2.6777,2.0495,0.081641,-0.057153,-0.0016627,8.7692
2.6778,2.0495,0.081641,-0.057112,-0.0014857,8.7664
2.6778,2.0495,0.081641,-0.057073,-0.001293,8.7628
2.6779,2.0495,0.081641,-0.057036,-0.0011028,8.7517
2.6779,2.0495,0.081641,-0.057008,-0.00088602,8.7507
2.678,2.0495,0.081641,-0.056981,-0.00067442,8.7552
2.6781,2.0495,0.081641,-0.05695,-0.00048257,8.7467
2.6781,2.0495,0.081641,-0.056915,-0.00033848,8.7529
2.6782,2.0495,0.081641,-0.056881,-0.00023134,8.7666
2.6782,2.0495,0.081641,-0.056839,-0.00010202,8.7609
2.6783,2.0495,0.081641,-0.056797,6.0571e-05,8.7663
2.6783,2.0495,0.081641,-0.056744,0.00023638,8.7796
2.6784,2.0495,0.081641,-0.056686,0.00041281,8.7848
2.6784,2.0495,0.081641,-0.056624,0.00057243,8.7846
2.6785,2.0495,0.081641,-0.05656,0.00068468,8.7946
2.6785,2.0495,0.081641,-0.056502,0.00075807,8.8021
2.6786,2.0495,0.081641,-0.056456,0.00083813,8.7992
2.6786,2.0495,0.081641,-0.056415,0.00096803,8.8157
2.6787,2.0495,0.081641,-0.056387,0.0011149,8.8207
2.6787,2.0495,0.081641,-0.056354,0.0012603,8.8159
2.6788,2.0495,0.081641,-0.05633,0.0013877,8.8195
2.6788,2.0495,0.081641,-0.056311,0.0014577,8.8277
2.6789,2.0495,0.081641,-0.056292,0.0014974,8.8182
2.6789,2.0495,0.081642,-0.056276,0.0015266,8.8191
2.679,2.0495,0.081642,-0.056252,0.0015562,8.8311
2.6791,2.0495,0.081642,-0.05622,0.0016025,8.817
2.6791,2.0495,0.081642,-0.056198,0.0016424,8.8169
2.6792,2.0495,0.081642,-0.056171,0.0016674,8.825
2.6792,2.0495,0.081642,-0.056143,0.0016685,8.815
2.6793,2.0495,0.081642,-0.05611,0.0016362,8.8088
2.6793,2.0495,0.081642,-0.056071,0.0016011,8.8119
2.6794,2.0495,0.081642,-0.056026,0.001585,8.8048
2.6794,2.0494,0.081642,-0.055973,0.0015656,8.7939
2.6795,2.0494,0.081642,-0.055924,0.0015594,8.8031
2.6795,2.0494,0.081642,-0.05588,0.0015754,8.802
2.6796,2.0494,0.081643,-0.055838,0.0016151,8.7957
2.6796,2.0494,0.081643,-0.055797,0.0016702,8.8042
2.6797,2.0494,0.081643,-0.055762,0.0017329,8.8135
2.6797,2.0494,0.081643,-0.055735,0.001808,8.8099
2.6798,2.0494,0.081643,-0.055717,0.0018794,8.8142
2.6798,2.0494,0.081643,-0.055705,0.0019105,8.8278
2.6799,2.0494,0.081643,-0.055696,0.0019301,8.8182
2.6799,2.0494,0.081643,-0.055689,0.0019701,8.8199
2.68,2.0494,0.081643,-0.055691,0.0019871,8.8291
2.6801,2.0494,0.081643,-0.0557,0.0019974,8.8245
2.6801,2.0494,0.081644,-0.055715,0.0020152,8.8241
2.6802,2.0494,0.081644,-0.055734,0.0020577,8.8313
2.6802,2.0494,0.081644,-0.055754,0.0020964,8.8272
2.6803,2.0494,0.081644,-0.05577,0.0021652,8.8308
2.6803,2.0494,0.081644,-0.055787,0.0022382,8.8333
2.6804,2.0494,0.081644,-0.05581,0.002311,8.8302
2.6804,2.0494,0.081644,-0.055835,0.002304,8.8178
2.6805,2.0494,0.081644,-0.055855,0.0022671,8.8134
2.6805,2.0494,0.081644,-0.055867,0.0021937,8.8118
2.6806,2.0494,0.081645,-0.055867,0.0020789,8.7973
2.6806,2.0494,0.081645,-0.055857,0.0019689,8.7911
2.6807,2.0494,0.081645,-0.055837,0.0019138,8.7967
2.6807,2.0494,0.081645,-0.055818,0.0018482,8.7862
2.6808,2.0494,0.081645,-0.055803,0.0017723,8.7857
2.6808,2.0494,0.081645,-0.055789,0.0017058,8.7887
2.6809,2.0494,0.081645,-0.055769,0.0017191,8.78
2.6809,2.0494,0.081645,-0.055753,0.0017707,8.7584
2.681,2.0494,0.081645,-0.055749,0.001838,8.7573
2.6811,2.0494,0.081645,-0.055759,0.0018899,8.7658
2.6811,2.0494,0.081646,-0.055784,0.001924,8.75
2.6812,2.0494,0.081646,-0.055821,0.0018759,8.761
2.6812,2.0493,0.081646,-0.055865,0.0017959,8.7692
2.6813,2.0493,0.081646,-0.055916,0.0017199,8.7664
2.6813,2.0493,0.081646,-0.055957,0.0016621,8.7718
2.6814,2.0493,0.081646,-0.055985,0.0016548,8.7787
2.6814,2.0493,0.081646,-0.056006,0.0016593,8.7747
2.6815,2.0493,0.081646,-0.056019,0.0016261,8.7704
2.6815,2.0493,0.081646,-0.056025,0.0014792,8.7801
2.6816,2.0493,0.081646,-0.056023,0.0012346,8.7706
2.6816,2.0493,0.081646,-0.056017,0.00096389,8.7676
2.6817,2.0493,0.081646,-0.056014,0.00069163,8.7806
2.6817,2.0493,0.081646,-0.056001,0.00040493,8.7804
2.6818,2.0493,0.081646,-0.055975,0.00018346,8.7688
2.6818,2.0493,0.081646,-0.055945,2.0779e-06,8.7689
2.6819,2.0493,0.081646,-0.055911,-0.00015187,8.7639
2.6819,2.0493,0.081646,-0.055871,-0.00030138,8.7546
2.682,2.0493,0.081646,-0.055831,-0.00046696,8.7513
2.6821,2.0493,0.081646,-0.055798,-0.00060747,8.75
2.6821,2.0493,0.081646,-0.055769,-0.00070142,8.733
2.6822,2.0493,0.081646,-0.055741,-0.00077654,8.7388
2.6822,2.0493,0.081646,-0.055714,-0.00079836,8.751
2.6823,2.0493,0.081646,-0.055686,-0.00081343,8.7427
2.6823,2.0493,0.081646,-0.055655,-0.00081113,8.7329
2.6824,2.0493,0.081646,-0.05562,-0.00081172,8.7507
2.6824,2.0493,0.081646,-0.055584,-0.00086341,8.7459
2.6825,2.0493,0.081646,-0.05555,-0.0009396,8.7367
2.6825,2.0493,0.081646,-0.05551,-0.0010601,8.7428
2.6826,2.0493,0.081646,-0.055475,-0.0011905,8.746
2.6826,2.0493,0.081646,-0.055454,-0.0012831,8.7419
2.6827,2.0493,0.081646,-0.055442,-0.0013781,8.7513
2.6827,2.0493,0.081646,-0.055429,-0.0014595,8.7615
2.6828,2.0493,0.081646,-0.055423,-0.0015701,8.7601
2.6828,2.0493,0.081646,-0.055417,-0.0016822,8.7634
2.6829,2.0493,0.081645,-0.055401,-0.0018078,8.7713
2.6829,2.0493,0.081645,-0.055373,-0.0020058,8.7593
2.683,2.0492,0.081645,-0.055338,-0.0022117,8.7615
2.6831,2.0492,0.081645,-0.05532,-0.0024175,8.7689
2.6831,2.0492,0.081645,-0.05531,-0.0026614,8.764
2.6832,2.0492,0.081645,-0.055295,-0.0029285,8.7613
2.6832,2.0492,0.081645,-0.055292,-0.0032001,8.769
2.6833,2.0492,0.081644,-0.055292,-0.0034594,8.7708
2.6833,2.0492,0.081644,-0.055294,-0.0036788,8.7568
2.6834,2.0492,0.081644,-0.055297,-0.0038845,8.7588
2.6834,2.0492,0.081644,-0.055299,-0.0040411,8.7574
2.6835,2.0492,0.081644,-0.055312,-0.0041827,8.7355
2.6835,2.0492,0.081643,-0.055328,-0.0043343,8.7357
2.6836,2.0492,0.081643,-0.055336,-0.0044834,8.7365
2.6836,2.0492,0.081643,-0.055341,-0.0046312,8.7204
2.6837,2.0492,0.081643,-0.055344,-0.0047954,8.7246
2.6837,2.0492,0.081642,-0.055345,-0.0049122,8.7368
2.6838,2.0492,0.081642,-0.055349,-0.0050253,8.7286
2.6838,2.0492,0.081642,-0.055341,-0.0051418,8.7281
2.6839,2.0492,0.081642,-0.055331,-0.0052584,8.7414
2.6839,2.0492,0.081641,-0.055307,-0.0053822,8.7371
2.684,2.0492,0.081641,-0.055274,-0.005512,8.7293
2.6841,2.0492,0.081641,-0.055238,-0.0056475,8.7399
2.6841,2.0492,0.08164,-0.055204,-0.0057888,8.7481
2.6842,2.0492,0.08164,-0.055181,-0.0058818,8.7363
2.6842,2.0492,0.08164,-0.05516,-0.0059816,8.7504
2.6843,2.0492,0.081639,-0.055132,-0.0060828,8.7588
2.6843,2.0492,0.081639,-0.055108,-0.0061834,8.757
2.6844,2.0492,0.081639,-0.055076,-0.0062904,8.7679
2.6844,2.0492,0.081638,-0.055044,-0.0064004,8.7782
2.6845,2.0492,0.081638,-0.055019,-0.0065137,8.7682
2.6845,2.0492,0.081638,-0.054995,-0.0066254,8.7665
2.6846,2.0492,0.081637,-0.054964,-0.0067216,8.7766
2.6846,2.0492,0.081637,-0.054916,-0.0068047,8.771
2.6847,2.0492,0.081637,-0.054863,-0.0068899,8.7568
2.6847,2.0492,0.081636,-0.05481,-0.0069388,8.7697
2.6848,2.0491,0.081636,-0.054761,-0.0069669,8.7718
2.6848,2.0491,0.081636,-0.054722,-0.0069889,8.7583
2.6849,2.0491,0.081635,-0.054695,-0.0070189,8.7595
2.6849,2.0491,0.081635,-0.054675,-0.0070623,8.7586
2.685,2.0491,0.081634,-0.05464,-0.0071178,8.7432
2.6851,2.0491,0.081634,-0.054597,-0.0071944,8.7397
2.6851,2.0491,0.081634,-0.054549,-0.007288,8.7466
2.6852,2.0491,0.081633,-0.054499,-0.0073568,8.7308
2.6852,2.0491,0.081633,-0.05445,-0.0074197,8.7293
2.6853,2.0491,0.081633,-0.054402,-0.0074803,8.7434
2.6853,2.0491,0.081632,-0.054362,-0.0075331,8.7456
2.6854,2.0491,0.081632,-0.054331,-0.0075806,8.7496
2.6854,2.0491,0.081631,-0.054296,-0.0076251,8.7699
2.6855,2.0491,0.081631,-0.054259,-0.0076689,8.7711
2.6855,2.0491,0.081631,-0.05422,-0.0077064,8.7656
2.6856,2.0491,0.08163,-0.054178,-0.0077414,8.7746
2.6856,2.0491,0.08163,-0.054131,-0.0077751,8.7758
2.6857,2.0491,0.081629,-0.05408,-0.0078086,8.7741
2.6857,2.0491,0.081629,-0.05403,-0.0078351,8.7847
2.6858,2.0491,0.081628,-0.053979,-0.0078573,8.797
2.6858,2.0491,0.081628,-0.053927,-0.0078751,8.7985
2.6859,2.0491,0.081628,-0.053873,-0.0078762,8.7989
2.6859,2.0491,0.081627,-0.053819,-0.0078925,8.8024
2.686,2.0491,0.081627,-0.053769,-0.0079195,8.7884
2.6861,2.0491,0.081626,-0.053714,-0.0079523,8.786
2.6861,2.0491,0.081626,-0.053648,-0.0079879,8.7853
2.6862,2.0491,0.081626,-0.05357,-0.0080139,8.7775
2.6862,2.0491,0.081625,-0.053477,-0.0080254,8.7639
2.6863,2.0491,0.081625,-0.053373,-0.0080338,8.7776
2.6863,2.0491,0.081624,-0.053261,-0.0079887,8.7706
2.6864,2.0491,0.081624,-0.053146,-0.0079344,8.7658
2.6864,2.0491,0.081623,-0.053042,-0.0078655,8.7585
2.6865,2.0491,0.081623,-0.052943,-0.0077888,8.7571
2.6865,2.0491,0.081623,-0.052849,-0.0077119,8.7396
2.6866,2.0491,0.081622,-0.052756,-0.0076354,8.732
2.6866,2.049,0.081622,-0.05266,-0.0075701,8.7315
2.6867,2.049,0.081621,-0.052572,-0.0075251,8.7178
2.6867,2.049,0.081621,-0.05249,-0.0074581,8.715
2.6868,2.049,0.081621,-0.052409,-0.0074048,8.7272
2.6868,2.049,0.08162,-0.052334,-0.0073245,8.7267
2.6869,2.049,0.08162,-0.052259,-0.0072391,8.7241
2.6869,2.049,0.08162,-0.052184,-0.0071182,8.7387
2.687,2.049,0.081619,-0.052102,-0.0069909,8.7343
2.6871,2.049,0.081619,-0.052014,-0.0068472,8.7354
2.6871,2.049,0.081618,-0.051939,-0.0066708,8.7385
2.6872,2.049,0.081618,-0.051872,-0.0064898,8.7421
2.6872,2.049,0.081618,-0.051813,-0.0063314,8.7271
2.6873,2.049,0.081617,-0.051758,-0.0061771,8.7306
2.6873,2.049,0.081617,-0.051704,-0.0060607,8.7389
2.6874,2.049,0.081617,-0.051653,-0.0059563,8.7337
2.6874,2.049,0.081617,-0.051598,-0.0058906,8.7376
2.6875,2.049,0.081616,-0.051542,-0.0058307,8.7398
2.6875,2.049,0.081616,-0.051488,-0.0057525,8.7331
2.6876,2.049,0.081616,-0.051439,-0.0056709,8.7252
2.6876,2.049,0.081615,-0.051398,-0.0055857,8.7297
2.6877,2.049,0.081615,-0.051352,-0.0054819,8.7255
2.6877,2.049,0.081615,-0.051308,-0.0053832,8.7094
2.6878,2.049,0.081614,-0.051266,-0.0053224,8.7163
2.6878,2.049,0.081614,-0.051221,-0.0052877,8.7155
2.6879,2.049,0.081614,-0.051178,-0.0052666,8.7053
2.6879,2.049,0.081614,-0.051138,-0.0052457,8.7142
2.688,2.049,0.081613,-0.051102,-0.0052112,8.7162
2.6881,2.049,0.081613,-0.051074,-0.0051334,8.7096
2.6881,2.049,0.081613,-0.051044,-0.0050209,8.7134
2.6882,2.049,0.081613,-0.051013,-0.0049339,8.7194
2.6882,2.049,0.081612,-0.050984,-0.0048888,8.7172
2.6883,2.049,0.081612,-0.05096,-0.0048622,8.7167
2.6883,2.049,0.081612,-0.050941,-0.0048454,8.7271
2.6884,2.049,0.081612,-0.050926,-0.004821,8.7273
2.6884,2.049,0.081611,-0.050912,-0.0047556,8.7277
2.6885,2.049,0.081611,-0.050897,-0.0046541,8.7458
2.6885,2.049,0.081611,-0.050879,-0.0045608,8.7453
2.6886,2.0489,0.081611,-0.050855,-0.0045225,8.7463
2.6886,2.0489,0.08161,-0.05083,-0.0045108,8.7597
2.6887,2.0489,0.08161,-0.050808,-0.0045092,8.7585
2.6887,2.0489,0.08161,-0.050787,-0.0045014,8.7462
2.6888,2.0489,0.08161,-0.050767,-0.0044634,8.7562
2.6888,2.0489,0.081609,-0.050748,-0.0043724,8.7642
2.6889,2.0489,0.081609,-0.05073,-0.0042511,8.7549
2.6889,2.0489,0.081609,-0.050713,-0.004116,8.7587
2.689,2.0489,0.081609,-0.050698,-0.0039911,8.7665
2.6891,2.0489,0.081609,-0.050683,-0.0038624,8.7554
2.6891,2.0489,0.081608,-0.05067,-0.0037299,8.7528
2.6892,2.0489,0.081608,-0.050657,-0.0035937,8.756
2.6892,2.0489,0.081608,-0.050646,-0.0034536,8.7496
2.6893,2.0489,0.081608,-0.050636,-0.0032949,8.7416
2.6893,2.0489,0.081608,-0.050627,-0.0031563,8.7565
2.6894,2.0489,0.081607,-0.05062,-0.0030171,8.7553
2.6894,2.0489,0.081607,-0.050614,-0.0028952,8.7474
2.6895,2.0489,0.081607,-0.050608,-0.0028021,8.7624
2.6895,2.0489,0.081607,-0.050605,-0.0027431,8.7684
2.6896,2.0489,0.081607,-0.050602,-0.0027313,8.7577
2.6896,2.0489,0.081607,-0.050598,-0.002734,8.7679
2.6897,2.0489,0.081607,-0.050598,-0.0027168,8.7737
2.6897,2.0489,0.081606,-0.050602,-0.0026749,8.7702
2.6898,2.0489,0.081606,-0.050614,-0.0026008,8.7702
2.6898,2.0489,0.081606,-0.050632,-0.0025082,8.7865
2.6899,2.0489,0.081606,-0.050656,-0.0024055,8.7861
2.6899,2.0489,0.081606,-0.050685,-0.0022974,8.783
2.69,2.0489,0.081606,-0.050716,-0.0022061,8.7977
2.6901,2.0489,0.081606,-0.050745,-0.0020895,8.7979
2.6901,2.0489,0.081606,-0.050769,-0.0019795,8.785
2.6902,2.0489,0.081606,-0.050789,-0.0018471,8.7958
2.6902,2.0489,0.081605,-0.050815,-0.0017637,8.7942
2.6903,2.0489,0.081605,-0.050834,-0.0017013,8.7849
2.6903,2.0489,0.081605,-0.050846,-0.0016531,8.7882
2.6904,2.0489,0.081605,-0.050853,-0.001582,8.7938
2.6904,2.0489,0.081605,-0.050858,-0.0015117,8.785
2.6905,2.0489,0.081605,-0.05086,-0.0014176,8.7817
2.6905,2.0489,0.081605,-0.050859,-0.0013157,8.7847
2.6906,2.0488,0.081605,-0.050862,-0.0012051,8.778
2.6906,2.0488,0.081605,-0.050877,-0.0011539,8.7806
2.6907,2.0488,0.081605,-0.050889,-0.0011249,8.7854
2.6907,2.0488,0.081605,-0.050904,-0.0010886,8.7777
2.6908,2.0488,0.081605,-0.050919,-0.0010423,8.7667
2.6908,2.0488,0.081605,-0.050942,-0.0010412,8.7766
2.6909,2.0488,0.081605,-0.050963,-0.0010257,8.7703
2.6909,2.0488,0.081604,-0.050977,-0.0010073,8.7693
2.691,2.0488,0.081604,-0.050976,-0.00098346,8.7847
2.6911,2.0488,0.081604,-0.050962,-0.00098335,8.7903
2.6911,2.0488,0.081604,-0.050938,-0.00099114,8.7826
2.6912,2.0488,0.081604,-0.050912,-0.00099797,8.7913
2.6912,2.0488,0.081604,-0.050877,-0.001034,8.8023
2.6913,2.0488,0.081604,-0.050851,-0.001116,8.7924
2.6913,2.0488,0.081604,-0.05084,-0.0012244,8.7893
2.6914,2.0488,0.081604,-0.050834,-0.0013557,8.8018
2.6914,2.0488,0.081604,-0.050834,-0.0014679,8.7967
2.6915,2.0488,0.081604,-0.050845,-0.0015156,8.798
2.6915,2.0488,0.081604,-0.050867,-0.0014818,8.8093
2.6916,2.0488,0.081604,-0.050893,-0.0014209,8.8054
2.6916,2.0488,0.081604,-0.05092,-0.0013587,8.804
2.6917,2.0488,0.081604,-0.050955,-0.0012764,8.8106
2.6917,2.0488,0.081604,-0.051005,-0.0012091,8.8056
2.6918,2.0488,0.081603,-0.051053,-0.0011471,8.7944
2.6918,2.0488,0.081603,-0.051108,-0.0010832,8.7967
2.6919,2.0488,0.081603,-0.051164,-0.001009,8.8017
2.6919,2.0488,0.081603,-0.051217,-0.00091593,8.7915
2.692,2.0488,0.081603,-0.051262,-0.0008785,8.7898
2.6921,2.0488,0.081603,-0.051307,-0.00090308,8.802
2.6921,2.0488,0.081603,-0.051344,-0.00095881,8.7955
2.6922,2.0488,0.081603,-0.051384,-0.0010764,8.79
2.6922,2.0488,0.081603,-0.051426,-0.0012036,8.7919
2.6923,2.0488,0.081603,-0.051479,-0.0013425,8.7897
2.6923,2.0488,0.081603,-0.05154,-0.0014706,8.7829
2.6924,2.0488,0.081603,-0.05161,-0.0015728,8.7856
2.6924,2.0488,0.081603,-0.05168,-0.0016586,8.784
2.6925,2.0488,0.081603,-0.051753,-0.001705,8.7784
2.6925,2.0487,0.081603,-0.051815,-0.0017432,8.7941
2.6926,2.0487,0.081602,-0.051864,-0.0018254,8.7906
2.6926,2.0487,0.081602,-0.051898,-0.0019061,8.7835
2.6927,2.0487,0.081602,-0.051922,-0.0020028,8.7919
2.6927,2.0487,0.081602,-0.051935,-0.0020726,8.7968
2.6928,2.0487,0.081602,-0.051945,-0.0021426,8.7887
2.6928,2.0487,0.081602,-0.051958,-0.0021856,8.7851
2.6929,2.0487,0.081602,-0.051987,-0.002181,8.7988
2.6929,2.0487,0.081602,-0.05203,-0.0021502,8.7929
2.693,2.0487,0.081602,-0.052075,-0.0021457,8.7892
2.6931,2.0487,0.081601,-0.052125,-0.0021813,8.7965
2.6931,2.0487,0.081601,-0.052186,-0.0022414,8.7951
2.6932,2.0487,0.081601,-0.052245,-0.0023112,8.7928
2.6932,2.0487,0.081601,-0.052296,-0.0023792,8.8001
2.6933,2.0487,0.081601,-0.052335,-0.0024255,8.7937
2.6933,2.0487,0.081601,-0.05236,-0.0024413,8.7831
2.6934,2.0487,0.081601,-0.052369,-0.0024095,8.7831
2.6934,2.0487,0.081601,-0.052355,-0.0023682,8.7867
2.6935,2.0487,0.0816,-0.052331,-0.002337,8.7771
2.6935,2.0487,0.0816,-0.052306,-0.002305,8.7916
2.6936,2.0487,0.0816,-0.052281,-0.0022619,8.7963
2.6936,2.0487,0.0816,-0.052252,-0.0022178,8.7818
2.6937,2.0487,0.0816,-0.05222,-0.002227,8.7829
2.6937,2.0487,0.0816,-0.052179,-0.0023032,8.7893
2.6938,2.0487,0.0816,-0.052144,-0.002431,8.7805
2.6938,2.0487,0.0816,-0.052106,-0.0026208,8.7775
2.6939,2.0487,0.081599,-0.052078,-0.0028167,8.7897
2.6939,2.0487,0.081599,-0.052056,-0.0029806,8.7871
2.694,2.0487,0.081599,-0.052032,-0.003072,8.7796
2.6941,2.0487,0.081599,-0.052007,-0.0030805,8.7902
2.6941,2.0487,0.081599,-0.051968,-0.0030817,8.7975
2.6942,2.0487,0.081599,-0.051928,-0.003088,8.7892
2.6942,2.0487,0.081598,-0.051891,-0.0031176,8.7984
2.6943,2.0487,0.081598,-0.051851,-0.0032116,8.7972
2.6943,2.0487,0.081598,-0.051813,-0.0033178,8.7954
2.6944,2.0487,0.081598,-0.051772,-0.0033969,8.7893
2.6944,2.0486,0.081598,-0.05172,-0.0034618,8.7966
2.6945,2.0486,0.081598,-0.051663,-0.0034769,8.7873
2.6945,2.0486,0.081597,-0.051607,-0.0034731,8.7802
2.6946,2.0486,0.081597,-0.051567,-0.003451,8.7946
2.6946,2.0486,0.081597,-0.051529,-0.0033887,8.7861
2.6947,2.0486,0.081597,-0.051493,-0.0033882,8.7835
2.6947,2.0486,0.081597,-0.05145,-0.0033908,8.7922
2.6948,2.0486,0.081596,-0.051396,-0.0034154,8.7927
2.6948,2.0486,0.081596,-0.051327,-0.0034551,8.7775
2.6949,2.0486,0.081596,-0.051244,-0.0035126,8.7879
2.6949,2.0486,0.081596,-0.05117,-0.003569,8.7914
2.695,2.0486,0.081596,-0.051099,-0.0035863,8.7858
2.6951,2.0486,0.081596,-0.051029,-0.0035433,8.7949
2.6951,2.0486,0.081595,-0.050959,-0.0034951,8.8048
2.6952,2.0486,0.081595,-0.05088,-0.0034208,8.7983
2.6952,2.0486,0.081595,-0.050795,-0.0033904,8.7996
2.6953,2.0486,0.081595,-0.050696,-0.0033505,8.8148
2.6953,2.0486,0.081595,-0.050581,-0.003372,8.81
2.6954,2.0486,0.081594,-0.050467,-0.0034091,8.8086
2.6954,2.0486,0.081594,-0.05035,-0.0034347,8.8134
2.6955,2.0486,0.081594,-0.050233,-0.0034144,8.8139
2.6955,2.0486,0.081594,-0.050117,-0.003351,8.8071
2.6956,2.0486,0.081594,-0.049998,-0.0033096,8.8173
2.6956,2.0486,0.081594,-0.049879,-0.003275,8.8278
2.6957,2.0486,0.081593,-0.049755,-0.0032408,8.8212
2.6957,2.0486,0.081593,-0.049627,-0.0032524,8.8259
2.6958,2.0486,0.081593,-0.049497,-0.0032867,8.8299
2.6958,2.0486,0.081593,-0.049363,-0.0033281,8.8135
2.6959,2.0486,0.081593,-0.049224,-0.0033629,8.8102
2.6959,2.0486,0.081593,-0.049075,-0.0034149,8.8184
2.696,2.0486,0.081592,-0.048925,-0.0034898,8.8058
2.6961,2.0486,0.081592,-0.048783,-0.0035386,8.8087
2.6961,2.0486,0.081592,-0.048652,-0.0035843,8.8183
2.6962,2.0486,0.081592,-0.048535,-0.0036248,8.8128
2.6962,2.0486,0.081592,-0.048432,-0.0036568,8.8113
2.6963,2.0486,0.081591,-0.04834,-0.0036782,8.8171
2.6963,2.0486,0.081591,-0.048251,-0.0036947,8.8072
2.6964,2.0486,0.081591,-0.048155,-0.0037085,8.8042
2.6964,2.0485,0.081591,-0.048057,-0.0037246,8.8075
2.6965,2.0485,0.081591,-0.047958,-0.0037372,8.811
2.6965,2.0485,0.08159,-0.04786,-0.0037544,8.8061
2.6966,2.0485,0.08159,-0.047768,-0.0037732,8.8162
2.6966,2.0485,0.08159,-0.047669,-0.0037884,8.8302
2.6967,2.0485,0.08159,-0.047567,-0.0038044,8.8233
2.6967,2.0485,0.08159,-0.047462,-0.0038003,8.8197
2.6968,2.0485,0.081589,-0.047351,-0.0038237,8.8248
2.6968,2.0485,0.081589,-0.04725,-0.00385,8.8198
2.6969,2.0485,0.081589,-0.047152,-0.0039065,8.8195
2.6969,2.0485,0.081589,-0.047075,-0.0039695,8.8216
2.697,2.0485,0.081589,-0.047011,-0.0040492,8.8202
2.6971,2.0485,0.081588,-0.046935,-0.004163,8.8095
2.6971,2.0485,0.081588,-0.046861,-0.0042895,8.8212
2.6972,2.0485,0.081588,-0.046772,-0.0043954,8.8257
2.6972,2.0485,0.081588,-0.046671,-0.0045015,8.8111
2.6973,2.0485,0.081587,-0.046558,-0.004565,8.8176
2.6973,2.0485,0.081587,-0.046433,-0.0046118,8.8138
2.6974,2.0485,0.081587,-0.046319,-0.0046125,8.8018
2.6974,2.0485,0.081587,-0.046209,-0.0045973,8.8036
2.6975,2.0485,0.081586,-0.046094,-0.0045903,8.8068
2.6975,2.0485,0.081586,-0.045985,-0.0045776,8.7874
2.6976,2.0485,0.081586,-0.045868,-0.0045595,8.7814
2.6976,2.0485,0.081586,-0.045753,-0.0045361,8.7939
2.6977,2.0485,0.081586,-0.045636,-0.0045101,8.7895
2.6977,2.0485,0.081585,-0.045518,-0.0044747,8.7842
2.6978,2.0485,0.081585,-0.04541,-0.0044342,8.7841
2.6978,2.0485,0.081585,-0.045307,-0.0043854,8.7812
2.6979,2.0485,0.081585,-0.045201,-0.0043268,8.7762
2.6979,2.0485,0.081584,-0.045088,-0.0042557,8.779
2.698,2.0485,0.081584,-0.044974,-0.004177,8.7776
2.6981,2.0485,0.081584,-0.044852,-0.0040982,8.7614
2.6981,2.0485,0.081584,-0.044734,-0.0040196,8.7718
2.6982,2.0485,0.081584,-0.044618,-0.0039349,8.7831
2.6982,2.0485,0.081583,-0.044521,-0.0038461,8.7837
2.6983,2.0485,0.081583,-0.044446,-0.0037527,8.7798
2.6983,2.0485,0.081583,-0.044384,-0.0036579,8.7877
2.6984,2.0485,0.081583,-0.044332,-0.0035548,8.7777
2.6984,2.0485,0.081583,-0.044289,-0.0034536,8.7701
2.6985,2.0485,0.081582,-0.044235,-0.0033548,8.7755
2.6985,2.0485,0.081582,-0.044178,-0.0032523,8.7734
2.6986,2.0485,0.081582,-0.044119,-0.0031425,8.7623
2.6986,2.0484,0.081582,-0.044067,-0.0030221,8.7696
2.6987,2.0484,0.081582,-0.044009,-0.002896,8.7731
2.6987,2.0484,0.081582,-0.04394,-0.0027673,8.7651
2.6988,2.0484,0.081581,-0.043866,-0.0026324,8.7684
2.6988,2.0484,0.081581,-0.043787,-0.0024984,8.768
2.6989,2.0484,0.081581,-0.043705,-0.0023625,8.7552
2.6989,2.0484,0.081581,-0.043627,-0.002225,8.7521
2.699,2.0484,0.081581,-0.043553,-0.0020857,8.7519
2.6991,2.0484,0.081581,-0.043486,-0.0019449,8.7383
2.6991,2.0484,0.081581,-0.043411,-0.0018026,8.7388
2.6992,2.0484,0.081581,-0.043333,-0.0016589,8.7482
2.6992,2.0484,0.081581,-0.043254,-0.0015139,8.749
2.6993,2.0484,0.081581,-0.043174,-0.0013677,8.7402
2.6993,2.0484,0.08158,-0.043095,-0.0012204,8.7582
2.6994,2.0484,0.08158,-0.04302,-0.001072,8.7572
2.6994,2.0484,0.08158,-0.042937,-0.0009227,8.748
2.6995,2.0484,0.08158,-0.042848,-0.00077254,8.755
2.6995,2.0484,0.08158,-0.042755,-0.00062157,8.7599
2.6996,2.0484,0.08158,-0.042665,-0.00046978,8.7485
2.6996,2.0484,0.08158,-0.042578,-0.00031715,8.7545
2.6997,2.0484,0.08158,-0.042497,-0.00016369,8.7652
2.6997,2.0484,0.08158,-0.042418,-9.4876e-06,8.7625
2.6998,2.0484,0.08158,-0.042345,0.00014531,8.7592
2.6998,2.0484,0.08158,-0.04226,0.00030057,8.7711
2.6999,2.0484,0.08158,-0.042165,0.00045617,8.7558
2.6999,2.0484,0.08158,-0.042064,0.00061201,8.7481
2.7,2.0484,0.08158,-0.041963,0.00076804,8.7558
2.7001,2.0484,0.08158,-0.041867,0.0009267,8.7508
2.7001,2.0484,0.08158,-0.041775,0.0010812,8.7432
2.7002,2.0484,0.081581,-0.04168,0.0012327,8.7504
2.7002,2.0484,0.081581,-0.041585,0.0013825,8.7559
2.7003,2.0484,0.081581,-0.041488,0.0015317,8.7542
2.7003,2.0484,0.081581,-0.041391,0.0016813,8.7548
2.7004,2.0484,0.081581,-0.041295,0.0018324,8.7583
2.7004,2.0484,0.081581,-0.041203,0.001986,8.7507
2.7005,2.0484,0.081581,-0.041123,0.0021429,8.7494
2.7005,2.0484,0.081581,-0.041049,0.0022964,8.7509
2.7006,2.0484,0.081581,-0.040976,0.0024489,8.7398
2.7006,2.0484,0.081581,-0.040902,0.0026004,8.738
2.7007,2.0484,0.081582,-0.040831,0.0027508,8.7485
2.7007,2.0484,0.081582,-0.040764,0.0029001,8.7513
2.7008,2.0484,0.081582,-0.040699,0.0030482,8.7492
2.7008,2.0484,0.081582,-0.040636,0.0031975,8.7638
2.7009,2.0484,0.081582,-0.040579,0.0033409,8.7618
2.7009,2.0484,0.081582,-0.040525,0.0034798,8.7533
2.701,2.0483,0.081583,-0.040468,0.0036154,8.7703
2.7011,2.0483,0.081583,-0.040405,0.0037488,8.772
2.7011,2.0483,0.081583,-0.040333,0.0038812,8.7589
2.7012,2.0483,0.081583,-0.040258,0.0040137,8.7607
2.7012,2.0483,0.081583,-0.040182,0.0041473,8.7802
2.7013,2.0483,0.081584,-0.040109,0.0042831,8.773
2.7013,2.0483,0.081584,-0.040036,0.0044139,8.7692
2.7014,2.0483,0.081584,-0.039965,0.0045424,8.7815
2.7014,2.0483,0.081584,-0.039895,0.0046684,8.7705
2.7015,2.0483,0.081585,-0.039825,0.0047918,8.7643
2.7015,2.0483,0.081585,-0.039755,0.0049124,8.7671
2.7016,2.0483,0.081585,-0.039681,0.0050301,8.7613
2.7016,2.0483,0.081585,-0.039609,0.0051448,8.7535
2.7017,2.0483,0.081586,-0.03953,0.0052564,8.7699
2.7017,2.0483,0.081586,-0.039446,0.0053648,8.7712
2.7018,2.0483,0.081586,-0.039354,0.0054697,8.7653
2.7018,2.0483,0.081587,-0.039263,0.0055711,8.7746
2.7019,2.0483,0.081587,-0.039175,0.0056691,8.7766
2.7019,2.0483,0.081587,-0.039096,0.0057636,8.7642
2.702,2.0483,0.081588,-0.039018,0.0058546,8.7661
2.7021,2.0483,0.081588,-0.038949,0.005942,8.77
2.7021,2.0483,0.081588,-0.038881,0.0060258,8.765
2.7022,2.0483,0.081588,-0.038817,0.0061056,8.7597
2.7022,2.0483,0.081589,-0.038747,0.0061813,8.7686
2.7023,2.0483,0.081589,-0.038675,0.0062527,8.7693
2.7023,2.0483,0.081589,-0.038598,0.0063195,8.7613
2.7024,2.0483,0.08159,-0.038519,0.0063816,8.7808
2.7024,2.0483,0.08159,-0.03844,0.0064389,8.7833
2.7025,2.0483,0.08159,-0.038365,0.0064912,8.7741
2.7025,2.0483,0.081591,-0.038287,0.0065384,8.7855
2.7026,2.0483,0.081591,-0.038216,0.0065805,8.7845
2.7026,2.0483,0.081592,-0.038153,0.0066172,8.7751
2.7027,2.0483,0.081592,-0.038093,0.0066485,8.7808
2.7027,2.0483,0.081592,-0.038031,0.0066743,8.7859
2.7028,2.0483,0.081593,-0.037967,0.0066945,8.7835
2.7028,2.0483,0.081593,-0.037901,0.006709,8.7792
2.7029,2.0483,0.081593,-0.037836,0.006703,8.7896
2.7029,2.0483,0.081594,-0.037761,0.0067001,8.7798
2.703,2.0483,0.081594,-0.037675,0.006733,8.7719
2.7031,2.0483,0.081594,-0.037584,0.0067898,8.7777
2.7031,2.0483,0.081595,-0.037483,0.0068578,8.7643
2.7032,2.0483,0.081595,-0.037367,0.0069262,8.7514
2.7032,2.0483,0.081595,-0.037249,0.0069743,8.7538
2.7033,2.0483,0.081596,-0.037153,0.006991,8.752
2.7033,2.0483,0.081596,-0.037083,0.0069551,8.7383
2.7034,2.0483,0.081597,-0.037032,0.0069019,8.7443
2.7034,2.0483,0.081597,-0.036979,0.0068508,8.7494
2.7035,2.0483,0.081597,-0.036936,0.0067911,8.7342
2.7035,2.0483,0.081598,-0.036889,0.0067118,8.7367
2.7036,2.0482,0.081598,-0.036829,0.0066402,8.7405
2.7036,2.0482,0.081598,-0.036766,0.0065903,8.73
2.7037,2.0482,0.081599,-0.036701,0.0065791,8.7313
2.7037,2.0482,0.081599,-0.036643,0.0066065,8.737
2.7038,2.0482,0.081599,-0.03659,0.0066896,8.7287
2.7038,2.0482,0.0816,-0.036536,0.0067893,8.7252
2.7039,2.0482,0.0816,-0.036478,0.0068736,8.7398
2.7039,2.0482,0.0816,-0.036423,0.0069065,8.7365
2.704,2.0482,0.081601,-0.036375,0.0068817,8.7295
2.7041,2.0482,0.081601,-0.03634,0.0068244,8.7408
2.7041,2.0482,0.081602,-0.036288,0.0067614,8.7345
2.7042,2.0482,0.081602,-0.036244,0.0067206,8.7249
2.7042,2.0482,0.081602,-0.036201,0.0067464,8.7346
2.7043,2.0482,0.081603,-0.036163,0.0067995,8.7364
2.7043,2.0482,0.081603,-0.036122,0.0068383,8.7285
2.7044,2.0482,0.081603,-0.036082,0.006876,8.7299
2.7044,2.0482,0.081604,-0.036051,0.0068702,8.742
2.7045,2.0482,0.081604,-0.036026,0.0068337,8.7325
2.7045,2.0482,0.081604,-0.035982,0.0067653,8.7276
2.7046,2.0482,0.081605,-0.035931,0.006655,8.7304
2.7046,2.0482,0.081605,-0.035874,0.0065641,8.7266
2.7047,2.0482,0.081605,-0.035817,0.0064473,8.7145
2.7047,2.0482,0.081606,-0.035761,0.0063364,8.7244
2.7048,2.0482,0.081606,-0.035702,0.0062407,8.7252
2.7048,2.0482,0.081606,-0.035648,0.0061723,8.7167
2.7049,2.0482,0.081607,-0.035594,0.0061175,8.7303
2.7049,2.0482,0.081607,-0.035535,0.0060452,8.7395
2.705,2.0482,0.081607,-0.035474,0.0059242,8.7345
2.7051,2.0482,0.081608,-0.035409,0.0057679,8.738
2.7051,2.0482,0.081608,-0.035345,0.0055725,8.7442
2.7052,2.0482,0.081608,-0.035283,0.0054177,8.7367
2.7052,2.0482,0.081609,-0.035223,0.0052441,8.7279
2.7053,2.0482,0.081609,-0.035162,0.0051242,8.7451
2.7053,2.0482,0.081609,-0.0351,0.0050263,8.748
2.7054,2.0482,0.081609,-0.035034,0.0049164,8.7472
2.7054,2.0482,0.08161,-0.034969,0.0047544,8.7631
2.7055,2.0482,0.08161,-0.03489,0.0045413,8.7568
2.7055,2.0482,0.08161,-0.034811,0.0043506,8.7486
2.7056,2.0482,0.08161,-0.034725,0.0041705,8.7624
2.7056,2.0482,0.08161,-0.034626,0.0039821,8.7663
2.7057,2.0482,0.081611,-0.034515,0.0038325,8.7554
2.7057,2.0482,0.081611,-0.034392,0.0037071,8.7542
2.7058,2.0482,0.081611,-0.034265,0.0036043,8.7584
2.7058,2.0482,0.081611,-0.03414,0.0034717,8.7509
2.7059,2.0482,0.081611,-0.03401,0.0033531,8.7574
2.7059,2.0482,0.081612,-0.033889,0.0032341,8.7723
2.706,2.0482,0.081612,-0.033772,0.0030824,8.7623
2.7061,2.0482,0.081612,-0.033655,0.0029287,8.7622
2.7061,2.0482,0.081612,-0.033539,0.0027868,8.7738
2.7062,2.0482,0.081612,-0.033423,0.0026869,8.7668
2.7062,2.0482,0.081612,-0.033309,0.0025957,8.759
2.7063,2.0482,0.081612,-0.033198,0.0024875,8.7682
2.7063,2.0482,0.081613,-0.033089,0.00239,8.7661
2.7064,2.0482,0.081613,-0.032985,0.0022749,8.7663
2.7064,2.0481,0.081613,-0.032885,0.0021581,8.7707
2.7065,2.0481,0.081613,-0.032787,0.0020491,8.7787
2.7065,2.0481,0.081613,-0.032689,0.001958,8.7732
2.7066,2.0481,0.081613,-0.032593,0.0018925,8.7801
2.7066,2.0481,0.081613,-0.032497,0.0018157,8.7821
2.7067,2.0481,0.081613,-0.032404,0.0017417,8.7804
2.7067,2.0481,0.081613,-0.032318,0.0016777,8.7787
2.7068,2.0481,0.081613,-0.032227,0.00162,8.7898
2.7068,2.0481,0.081614,-0.032142,0.001564,8.7844
2.7069,2.0481,0.081614,-0.032047,0.0015129,8.7825
2.7069,2.0481,0.081614,-0.031945,0.0014802,8.796
2.707,2.0481,0.081614,-0.031845,0.0014261,8.7967
2.7071,2.0481,0.081614,-0.031737,0.0013777,8.7843
2.7071,2.0481,0.081614,-0.031635,0.0012991,8.7992
2.7072,2.0481,0.081614,-0.031544,0.0012094,8.7905
2.7072,2.0481,0.081614,-0.031464,0.0011162,8.7802
2.7073,2.0481,0.081614,-0.031398,0.0010358,8.7806
2.7073,2.0481,0.081614,-0.031333,0.00099527,8.7858
2.7074,2.0481,0.081614,-0.031272,0.00098271,8.7759
2.7074,2.0481,0.081614,-0.031223,0.00094945,8.7815
2.7075,2.0481,0.081614,-0.031171,0.00089341,8.7886
2.7075,2.0481,0.081614,-0.031123,0.00081273,8.7858
2.7076,2.0481,0.081614,-0.031081,0.00071975,8.7816
2.7076,2.0481,0.081614,-0.031044,0.00060493,8.7921
2.7077,2.0481,0.081614,-0.031011,0.00051724,8.784
2.7077,2.0481,0.081614,-0.030976,0.00045147,8.7827
2.7078,2.0481,0.081614,-0.03094,0.00040266,8.7919
2.7078,2.0481,0.081614,-0.030912,0.0003731,8.7871
2.7079,2.0481,0.081615,-0.030892,0.00037196,8.7853
2.7079,2.0481,0.081615,-0.030874,0.00040794,8.8021
2.708,2.0481,0.081615,-0.030871,0.00042424,8.8064
2.7081,2.0481,0.081615,-0.030869,0.00043545,8.7957
2.7081,2.0481,0.081615,-0.030871,0.00043199,8.8055
2.7082,2.0481,0.081615,-0.030858,0.00039596,8.8121
2.7082,2.0481,0.081615,-0.030824,0.00038523,8.8001
2.7083,2.0481,0.081615,-0.030778,0.00039798,8.8014
2.7083,2.0481,0.081615,-0.030721,0.00041333,8.809
2.7084,2.0481,0.081615,-0.030651,0.0004286,8.7966
2.7084,2.0481,0.081615,-0.030589,0.00045782,8.7985
2.7085,2.0481,0.081615,-0.030529,0.00050732,8.8113
2.7085,2.0481,0.081615,-0.030471,0.0005078,8.8065
2.7086,2.0481,0.081615,-0.030406,0.00050587,8.7989
2.7086,2.0481,0.081615,-0.030346,0.00053706,8.8095
2.7087,2.0481,0.081615,-0.030298,0.00058209,8.8093
2.7087,2.0481,0.081615,-0.030256,0.00064118,8.7937
2.7088,2.0481,0.081615,-0.030219,0.00070846,8.7953
2.7088,2.0481,0.081615,-0.030184,0.00080483,8.7947
2.7089,2.0481,0.081615,-0.030148,0.00091702,8.7851
2.7089,2.0481,0.081615,-0.030107,0.00098044,8.7848
2.709,2.0481,0.081615,-0.03006,0.00103,8.7949
2.7091,2.0481,0.081615,-0.030021,0.0010989,8.7913
2.7091,2.0481,0.081615,-0.029985,0.0011744,8.7831
2.7092,2.0481,0.081615,-0.029951,0.0012359,8.799
2.7092,2.0481,0.081615,-0.029916,0.0012804,8.7869
2.7093,2.0481,0.081615,-0.029886,0.0013214,8.7837
2.7093,2.0481,0.081616,-0.029854,0.0013633,8.7884
2.7094,2.0481,0.081616,-0.029833,0.0013662,8.7885
2.7094,2.0481,0.081616,-0.029821,0.0013607,8.7816
2.7095,2.0481,0.081616,-0.029815,0.0013648,8.7959
2.7095,2.0481,0.081616,-0.029808,0.0013606,8.798
2.7096,2.0481,0.081616,-0.029795,0.0013398,8.7879
2.7096,2.048,0.081616,-0.029772,0.0013464,8.7996
2.7097,2.048,0.081616,-0.029744,0.0013616,8.7958
2.7097,2.048,0.081616,-0.029705,0.0013841,8.7912
2.7098,2.048,0.081616,-0.029669,0.0014125,8.7884
2.7098,2.048,0.081616,-0.029643,0.0014457,8.7925
2.7099,2.048,0.081616,-0.029621,0.0014825,8.7856
2.7099,2.048,0.081616,-0.029606,0.0015296,8.7815
2.71,2.048,0.081617,-0.029594,0.0015817,8.7887
2.7101,2.048,0.081617,-0.029583,0.0016453,8.791
2.7101,2.048,0.081617,-0.029575,0.0017195,8.7816
2.7102,2.048,0.081617,-0.029564,0.0018031,8.7917
2.7102,2.048,0.081617,-0.029552,0.0018946,8.7916
2.7103,2.048,0.081617,-0.029543,0.0019929,8.7812
2.7103,2.048,0.081617,-0.029533,0.0020966,8.7836
2.7104,2.048,0.081617,-0.029526,0.0022043,8.7901
2.7104,2.048,0.081617,-0.029519,0.0023143,8.773
2.7105,2.048,0.081617,-0.029512,0.0024334,8.7788
2.7105,2.048,0.081618,-0.029504,0.0025588,8.7903
2.7106,2.048,0.081618,-0.0295,0.0026902,8.7825
2.7106,2.048,0.081618,-0.029496,0.0028275,8.7863
2.7107,2.048,0.081618,-0.02949,0.0029701,8.8033
2.7107,2.048,0.081618,-0.029485,0.0031179,8.7934
2.7108,2.048,0.081618,-0.029481,0.003268,8.7893
2.7108,2.048,0.081619,-0.029474,0.0034271,8.798
2.7109,2.048,0.081619,-0.029469,0.0035942,8.7895
2.7109,2.048,0.081619,-0.029467,0.0037682,8.7814
2.711,2.048,0.081619,-0.029471,0.0039477,8.7974
2.7111,2.048,0.081619,-0.02948,0.0041316,8.7998
2.7111,2.048,0.08162,-0.029492,0.0043183,8.7915
2.7112,2.048,0.08162,-0.029505,0.0045065,8.7974
2.7112,2.048,0.08162,-0.029517,0.0046943,8.7995
2.7113,2.048,0.08162,-0.029529,0.0048886,8.783
2.7113,2.048,0.081621,-0.029545,0.0050867,8.7847
2.7114,2.048,0.081621,-0.029559,0.0052883,8.7893
2.7114,2.048,0.081621,-0.029574,0.0054933,8.7763
2.7115,2.048,0.081621,-0.029586,0.0057016,8.7764
2.7115,2.048,0.081622,-0.029611,0.005913,8.7848
2.7116,2.048,0.081622,-0.029642,0.0061249,8.7914
2.7116,2.048,0.081622,-0.029678,0.0063437,8.7924
2.7117,2.048,0.081623,-0.029714,0.0065681,8.8076
2.7117,2.048,0.081623,-0.029761,0.0067965,8.8051
2.7118,2.048,0.081624,-0.029805,0.0070275,8.804
2.7118,2.048,0.081624,-0.029851,0.0072596,8.8088
2.7119,2.048,0.081624,-0.0299,0.0074916,8.8098
2.7119,2.048,0.081625,-0.029972,0.0077196,8.798
2.712,2.048,0.081625,-0.030049,0.0079466,8.7994
2.7121,2.048,0.081626,-0.030124,0.0081847,8.815
2.7121,2.048,0.081626,-0.030192,0.0084282,8.8068
2.7122,2.048,0.081626,-0.030268,0.0086745,8.8087
2.7122,2.048,0.081627,-0.030325,0.0089211,8.817
2.7123,2.048,0.081627,-0.03038,0.0091654,8.809
2.7123,2.048,0.081628,-0.030432,0.0094053,8.805
2.7124,2.048,0.081628,-0.030477,0.0096385,8.8137
2.7124,2.048,0.081629,-0.030513,0.0098709,8.8168
2.7125,2.048,0.081629,-0.030553,0.010104,8.8043
2.7125,2.048,0.08163,-0.030594,0.010339,8.8155
2.7126,2.048,0.081631,-0.030639,0.010582,8.8188
2.7126,2.048,0.081631,-0.030676,0.01083,8.8185
2.7127,2.048,0.081632,-0.030717,0.011079,8.825
2.7127,2.048,0.081632,-0.030749,0.011328,8.8243
2.7128,2.048,0.081633,-0.030773,0.011573,8.8121
2.7128,2.048,0.081634,-0.030805,0.011812,8.8165
2.7129,2.048,0.081634,-0.030852,0.012044,8.8146
2.7129,2.048,0.081635,-0.030911,0.012274,8.806
2.713,2.0479,0.081635,-0.030967,0.012504,8.8001
2.7131,2.0479,0.081636,-0.031025,0.012737,8.812
2.7131,2.0479,0.081637,-0.031097,0.01297,8.8141
2.7132,2.0479,0.081638,-0.031172,0.013205,8.8089
2.7132,2.0479,0.081638,-0.031242,0.013445,8.8182
2.7133,2.0479,0.081639,-0.03131,0.01369,8.8233
2.7133,2.0479,0.08164,-0.031373,0.013937,8.8118
2.7134,2.0479,0.08164,-0.031441,0.014179,8.8157
2.7134,2.0479,0.081641,-0.031494,0.014413,8.822
2.7135,2.0479,0.081642,-0.031547,0.014641,8.817
2.7135,2.0479,0.081643,-0.031607,0.014854,8.8178
2.7136,2.0479,0.081644,-0.031665,0.015063,8.8316
2.7136,2.0479,0.081644,-0.031722,0.015272,8.825
2.7137,2.0479,0.081645,-0.031771,0.015488,8.8244
2.7137,2.0479,0.081646,-0.031815,0.015711,8.8337
2.7138,2.0479,0.081647,-0.031861,0.015934,8.8193
2.7138,2.0479,0.081648,-0.031913,0.016152,8.8184
2.7139,2.0479,0.081649,-0.031967,0.016363,8.8176
2.7139,2.0479,0.081649,-0.032007,0.016565,8.8076
2.714,2.0479,0.08165,-0.032034,0.016763,8.7978
2.7141,2.0479,0.081651,-0.032063,0.01696,8.807
2.7141,2.0479,0.081652,-0.032079,0.01716,8.8056
2.7142,2.0479,0.081653,-0.032088,0.017359,8.7982
2.7142,2.0479,0.081654,-0.032088,0.017551,8.8008
2.7143,2.0479,0.081655,-0.032088,0.017735,8.8044
2.7143,2.0479,0.081656,-0.032088,0.017916,8.7948
2.7144,2.0479,0.081657,-0.032068,0.018088,8.7914
2.7144,2.0479,0.081658,-0.032033,0.018255,8.7903
2.7145,2.0479,0.081659,-0.031986,0.018422,8.7785
2.7145,2.0479,0.08166,-0.031934,0.018583,8.7744
2.7146,2.0479,0.081661,-0.031884,0.018737,8.7832
2.7146,2.0479,0.081662,-0.031825,0.018884,8.7775
2.7147,2.0479,0.081663,-0.031763,0.019024,8.777
2.7147,2.0479,0.081664,-0.031708,0.019155,8.7877
2.7148,2.0479,0.081665,-0.031649,0.019274,8.7897
2.7148,2.0479,0.081666,-0.031592,0.01939,8.7825
2.7149,2.0479,0.081667,-0.031531,0.01951,8.782
2.7149,2.0479,0.081668,-0.031471,0.019625,8.7882
2.715,2.0479,0.081669,-0.031418,0.019741,8.7781
2.7151,2.0479,0.08167,-0.031359,0.019847,8.7753
2.7151,2.0479,0.081671,-0.031296,0.019944,8.7852
2.7152,2.0479,0.081672,-0.031228,0.020033,8.7763
2.7152,2.0479,0.081673,-0.031155,0.020127,8.7693
2.7153,2.0479,0.081674,-0.031074,0.020227,8.775
2.7153,2.0479,0.081675,-0.030992,0.020338,8.7611
2.7154,2.0479,0.081676,-0.030886,0.020439,8.7585
2.7154,2.0479,0.081677,-0.030782,0.02053,8.7617
2.7155,2.0479,0.081678,-0.030678,0.020599,8.7537
2.7155,2.0479,0.081679,-0.030578,0.020653,8.7383
2.7156,2.0479,0.081681,-0.030494,0.020704,8.7453
2.7156,2.0479,0.081682,-0.030425,0.020764,8.7412
2.7157,2.0479,0.081683,-0.030376,0.020831,8.7418
2.7157,2.0479,0.081684,-0.030334,0.020896,8.7389
2.7158,2.0479,0.081685,-0.030266,0.020984,8.7487
2.7158,2.0479,0.081686,-0.030194,0.02107,8.7339
2.7159,2.0479,0.081687,-0.030104,0.021178,8.7388
2.7159,2.0479,0.081688,-0.029999,0.021303,8.7427
2.716,2.0479,0.081689,-0.029889,0.021432,8.7334
2.7161,2.0479,0.081691,-0.029777,0.021552,8.7353
2.7161,2.0479,0.081692,-0.02967,0.021651,8.7436
2.7162,2.0478,0.081693,-0.029562,0.021715,8.7355
2.7162,2.0478,0.081694,-0.029451,0.021775,8.7371
2.7163,2.0478,0.081695,-0.029346,0.021801,8.7567
2.7163,2.0478,0.081696,-0.029244,0.021836,8.753
2.7164,2.0478,0.081697,-0.029143,0.021864,8.7493
2.7164,2.0478,0.081699,-0.029045,0.021886,8.7567
2.7165,2.0478,0.0817,-0.028951,0.021901,8.7616
2.7165,2.0478,0.081701,-0.02886,0.02191,8.7517
2.7166,2.0478,0.081702,-0.02877,0.021913,8.7592
2.7166,2.0478,0.081703,-0.028682,0.021909,8.7671
2.7167,2.0478,0.081704,-0.028595,0.0219,8.7561
2.7167,2.0478,0.081705,-0.02851,0.021884,8.7634
2.7168,2.0478,0.081707,-0.028423,0.021861,8.7726
2.7168,2.0478,0.081708,-0.028334,0.021832,8.7637
2.7169,2.0478,0.081709,-0.028252,0.021782,8.7563
2.7169,2.0478,0.08171,-0.028189,0.02175,8.7618
2.717,2.0478,0.081711,-0.028137,0.021718,8.7559
2.7171,2.0478,0.081712,-0.028094,0.021711,8.7392
2.7171,2.0478,0.081713,-0.028052,0.021718,8.7486
2.7172,2.0478,0.081715,-0.028008,0.021728,8.753
2.7172,2.0478,0.081716,-0.027954,0.021729,8.7396
2.7173,2.0478,0.081717,-0.027886,0.021692,8.7515
2.7173,2.0478,0.081718,-0.027816,0.021627,8.7602
2.7174,2.0478,0.081719,-0.027751,0.021587,8.7548
2.7174,2.0478,0.08172,-0.027684,0.021572,8.7558
2.7175,2.0478,0.081721,-0.027622,0.021576,8.7641
2.7175,2.0478,0.081723,-0.027567,0.021595,8.7545
2.7176,2.0478,0.081724,-0.02752,0.021647,8.7553
2.7176,2.0478,0.081725,-0.027483,0.021677,8.7723
2.7177,2.0478,0.081726,-0.027452,0.021688,8.7682
2.7177,2.0478,0.081727,-0.027419,0.021686,8.7686
2.7178,2.0478,0.081728,-0.02738,0.021669,8.7832
2.7178,2.0478,0.081729,-0.027335,0.021618,8.7784
2.7179,2.0478,0.081731,-0.027291,0.021524,8.7705
2.7179,2.0478,0.081732,-0.027249,0.021457,8.7811
2.718,2.0478,0.081733,-0.027214,0.021401,8.7767
2.7181,2.0478,0.081734,-0.027188,0.021358,8.7627
2.7181,2.0478,0.081735,-0.027167,0.021342,8.7615
2.7182,2.0478,0.081736,-0.027148,0.0213,8.7655
2.7182,2.0478,0.081737,-0.027129,0.021241,8.7583
2.7183,2.0478,0.081738,-0.027111,0.021172,8.7585
2.7183,2.0478,0.08174,-0.027094,0.02111,8.7653
2.7184,2.0478,0.081741,-0.027083,0.021048,8.7564
2.7184,2.0478,0.081742,-0.027076,0.020963,8.7487
2.7185,2.0478,0.081743,-0.027072,0.020928,8.763
2.7185,2.0478,0.081744,-0.027067,0.020887,8.7542
2.7186,2.0478,0.081745,-0.027057,0.020813,8.7495
2.7186,2.0478,0.081746,-0.027039,0.020727,8.7572
2.7187,2.0478,0.081747,-0.027012,0.020615,8.7562
2.7187,2.0478,0.081748,-0.026979,0.02049,8.7535
2.7188,2.0478,0.081749,-0.026945,0.020333,8.7659
2.7188,2.0478,0.08175,-0.026928,0.020155,8.7717
2.7189,2.0478,0.081751,-0.026924,0.020024,8.7616
2.7189,2.0478,0.081753,-0.026927,0.019908,8.7672
2.719,2.0478,0.081754,-0.026935,0.019777,8.7702
2.7191,2.0478,0.081755,-0.026942,0.019637,8.7595
2.7191,2.0478,0.081756,-0.026948,0.019504,8.7581
2.7192,2.0478,0.081757,-0.02695,0.01938,8.7704
2.7192,2.0478,0.081758,-0.02694,0.019258,8.7676
2.7193,2.0478,0.081759,-0.026932,0.019138,8.7648
2.7193,2.0478,0.08176,-0.026916,0.019057,8.7812
2.7194,2.0478,0.081761,-0.026894,0.018996,8.7848
2.7194,2.0478,0.081762,-0.026872,0.018934,8.7767
2.7195,2.0478,0.081763,-0.026851,0.01889,8.7834
2.7195,2.0478,0.081764,-0.026839,0.018874,8.7834
2.7196,2.0478,0.081765,-0.026837,0.018841,8.7734
2.7196,2.0478,0.081766,-0.026843,0.01881,8.7718
2.7197,2.0478,0.081767,-0.026855,0.018782,8.7788
2.7197,2.0478,0.081768,-0.02687,0.018758,8.7679
2.7198,2.0477,0.081769,-0.026881,0.018739,8.7647
2.7198,2.0477,0.08177,-0.026893,0.018727,8.7726
2.7199,2.0477,0.081771,-0.026902,0.018715,8.7594
2.7199,2.0477,0.081772,-0.026909,0.018706,8.7482
2.72,2.0477,0.081773,-0.026916,0.0187,8.7498
2.7201,2.0477,0.081774,-0.026926,0.018696,8.7395
2.7201,2.0477,0.081775,-0.026936,0.018695,8.7244
2.7202,2.0477,0.081776,-0.026945,0.018696,8.7333
2.7202,2.0477,0.081776,-0.026953,0.0187,8.7298
2.7203,2.0477,0.081777,-0.026965,0.018705,8.7253
2.7203,2.0477,0.081778,-0.02698,0.018713,8.7322
2.7204,2.0477,0.081779,-0.026997,0.018728,8.7412
2.7204,2.0477,0.08178,-0.027017,0.018754,8.7275
2.7205,2.0477,0.081781,-0.027039,0.018787,8.7399
2.7205,2.0477,0.081782,-0.027063,0.018821,8.743
2.7206,2.0477,0.081783,-0.02709,0.018856,8.7284
2.7206,2.0477,0.081784,-0.02712,0.018892,8.7297
2.7207,2.0477,0.081785,-0.027152,0.018927,8.7381
2.7207,2.0477,0.081786,-0.027186,0.018969,8.7357
2.7208,2.0477,0.081787,-0.027223,0.019013,8.7288
2.7208,2.0477,0.081788,-0.027262,0.019066,8.7404
2.7209,2.0477,0.081789,-0.027304,0.019117,8.7424
2.7209,2.0477,0.08179,-0.027348,0.019161,8.7303
2.721,2.0477,0.081791,-0.027395,0.019198,8.7416
2.7211,2.0477,0.081792,-0.027444,0.019236,8.7359
2.7211,2.0477,0.081793,-0.027495,0.019272,8.7213
2.7212,2.0477,0.081794,-0.027549,0.019314,8.7272
2.7212,2.0477,0.081795,-0.027605,0.019358,8.7284
2.7213,2.0477,0.081797,-0.027664,0.019406,8.7142
2.7213,2.0477,0.081798,-0.027725,0.019451,8.7191
2.7214,2.0477,0.081799,-0.027789,0.019498,8.731
2.7214,2.0477,0.0818,-0.02786,0.019543,8.7284
2.7215,2.0477,0.081801,-0.027926,0.01959,8.7279
2.7215,2.0477,0.081802,-0.027987,0.019637,8.7414
2.7216,2.0477,0.081803,-0.028047,0.019683,8.7332
2.7216,2.0477,0.081804,-0.028112,0.019723,8.7241
2.7217,2.0477,0.081805,-0.028171,0.01976,8.7292
2.7217,2.0477,0.081806,-0.028235,0.019798,8.7333
2.7218,2.0477,0.081807,-0.0283,0.019846,8.7277
2.7218,2.0477,0.081808,-0.028362,0.019906,8.7439
2.7219,2.0477,0.081809,-0.028404,0.019976,8.749
2.7219,2.0477,0.08181,-0.02845,0.020049,8.7452
2.722,2.0477,0.081811,-0.028497,0.020107,8.7509
2.7221,2.0477,0.081812,-0.02855,0.020151,8.7513
2.7221,2.0477,0.081813,-0.028596,0.020186,8.7431
2.7222,2.0477,0.081814,-0.028656,0.020217,8.7445
2.7222,2.0477,0.081815,-0.028709,0.02025,8.7495
2.7223,2.0477,0.081816,-0.028755,0.020291,8.7375
2.7223,2.0477,0.081817,-0.028805,0.02034,8.7409
2.7224,2.0477,0.081819,-0.028874,0.020391,8.7584
2.7224,2.0477,0.08182,-0.028937,0.020442,8.7509
2.7225,2.0477,0.081821,-0.028997,0.020496,8.7452
2.7225,2.0477,0.081822,-0.029056,0.020543,8.7543
2.7226,2.0477,0.081823,-0.029127,0.020593,8.758
2.7226,2.0477,0.081824,-0.029198,0.020643,8.7529
2.7227,2.0477,0.081825,-0.029285,0.020691,8.7579
2.7227,2.0477,0.081826,-0.029389,0.020745,8.7604
2.7228,2.0477,0.081827,-0.029489,0.020803,8.7545
2.7228,2.0477,0.081828,-0.029575,0.020863,8.7627
2.7229,2.0477,0.081829,-0.029654,0.020926,8.7838
2.7229,2.0477,0.081831,-0.029737,0.020985,8.7756
2.723,2.0477,0.081832,-0.029822,0.02104,8.7726
2.7231,2.0477,0.081833,-0.029907,0.021093,8.7874
2.7231,2.0477,0.081834,-0.029993,0.021139,8.7773
2.7232,2.0477,0.081835,-0.03007,0.021182,8.7749
2.7232,2.0477,0.081836,-0.030124,0.021217,8.7847
2.7233,2.0477,0.081837,-0.030163,0.021249,8.785
2.7233,2.0477,0.081838,-0.030196,0.021282,8.7797
2.7234,2.0476,0.081839,-0.030234,0.02132,8.7934
2.7234,2.0476,0.081841,-0.030263,0.021363,8.7959
2.7235,2.0476,0.081842,-0.030294,0.021418,8.7901
2.7235,2.0476,0.081843,-0.030329,0.021477,8.7943
2.7236,2.0476,0.081844,-0.030367,0.021535,8.7958
2.7236,2.0476,0.081845,-0.030403,0.021585,8.7869
2.7237,2.0476,0.081846,-0.03044,0.021625,8.7842
2.7237,2.0476,0.081847,-0.030472,0.021659,8.7983
2.7238,2.0476,0.081849,-0.030502,0.021696,8.7888
2.7238,2.0476,0.08185,-0.030517,0.021736,8.7803
2.7239,2.0476,0.081851,-0.03053,0.021781,8.7943
2.7239,2.0476,0.081852,-0.030538,0.021827,8.796
2.724,2.0476,0.081853,-0.030551,0.02187,8.7817
2.7241,2.0476,0.081854,-0.030566,0.021906,8.7858
2.7241,2.0476,0.081855,-0.030586,0.021938,8.784
2.7242,2.0476,0.081857,-0.030602,0.021971,8.7775
2.7242,2.0476,0.081858,-0.030614,0.022009,8.7812
2.7243,2.0476,0.081859,-0.030609,0.022043,8.7857
2.7243,2.0476,0.08186,-0.030597,0.022081,8.7787
2.7244,2.0476,0.081861,-0.030583,0.02212,8.782
2.7244,2.0476,0.081862,-0.030591,0.022156,8.794
2.7245,2.0476,0.081864,-0.03061,0.022187,8.7889
2.7245,2.0476,0.081865,-0.030633,0.022218,8.7938
2.7246,2.0476,0.081866,-0.030669,0.022248,8.8072
2.7246,2.0476,0.081867,-0.030708,0.022279,8.8005
2.7247,2.0476,0.081868,-0.030743,0.022316,8.7989
2.7247,2.0476,0.081869,-0.030774,0.02236,8.809
2.7248,2.0476,0.081871,-0.030797,0.022405,8.8049
2.7248,2.0476,0.081872,-0.030814,0.022446,8.7942
2.7249,2.0476,0.081873,-0.030821,0.02249,8.8071
2.7249,2.0476,0.081874,-0.030811,0.022535,8.8092
2.725,2.0476,0.081875,-0.030801,0.022586,8.8032
2.7251,2.0476,0.081877,-0.030784,0.022642,8.8089
2.7251,2.0476,0.081878,-0.030767,0.022697,8.8134
2.7252,2.0476,0.081879,-0.030748,0.022748,8.8
2.7252,2.0476,0.08188,-0.030729,0.022787,8.7954
2.7253,2.0476,0.081881,-0.030704,0.02282,8.8023
2.7253,2.0476,0.081883,-0.030696,0.022864,8.7959
2.7254,2.0476,0.081884,-0.03069,0.022923,8.7883
2.7254,2.0476,0.081885,-0.030679,0.022998,8.796
2.7255,2.0476,0.081886,-0.030658,0.023073,8.7916
2.7255,2.0476,0.081887,-0.030622,0.023137,8.7857
2.7256,2.0476,0.081889,-0.030573,0.023187,8.7933
2.7256,2.0476,0.08189,-0.030504,0.023216,8.7972
2.7257,2.0476,0.081891,-0.030422,0.023228,8.7838
2.7257,2.0476,0.081892,-0.030355,0.023233,8.79
2.7258,2.0476,0.081893,-0.030289,0.02324,8.7916
2.7258,2.0476,0.081895,-0.030231,0.023253,8.7836
2.7259,2.0476,0.081896,-0.030185,0.023266,8.7865
2.7259,2.0476,0.081897,-0.030145,0.023278,8.803
2.726,2.0476,0.081898,-0.030112,0.023289,8.8039
2.7261,2.0476,0.0819,-0.030076,0.023298,8.8027
2.7261,2.0476,0.081901,-0.030047,0.023302,8.8181
2.7262,2.0476,0.081902,-0.030025,0.023301,8.8039
2.7262,2.0476,0.081903,-0.030005,0.023301,8.7979
2.7263,2.0476,0.081904,-0.029983,0.0233,8.8098
2.7263,2.0476,0.081906,-0.029964,0.023299,8.8066
2.7264,2.0476,0.081907,-0.029949,0.023296,8.7935
2.7264,2.0476,0.081908,-0.029938,0.023292,8.8004
2.7265,2.0476,0.081909,-0.02993,0.023288,8.8021
2.7265,2.0476,0.081911,-0.02993,0.023282,8.791
2.7266,2.0476,0.081912,-0.029938,0.023275,8.7943
2.7266,2.0475,0.081913,-0.029943,0.023267,8.7953
2.7267,2.0475,0.081914,-0.029943,0.023259,8.7832
2.7267,2.0475,0.081916,-0.029943,0.023248,8.7837
2.7268,2.0475,0.081917,-0.029947,0.023237,8.7874
2.7268,2.0475,0.081918,-0.02995,0.023225,8.772
2.7269,2.0475,0.081919,-0.02994,0.023211,8.7599
2.7269,2.0475,0.08192,-0.029922,0.023191,8.7732
2.727,2.0475,0.081922,-0.029904,0.023176,8.7715
2.7271,2.0475,0.081923,-0.02988,0.023169,8.7685
2.7271,2.0475,0.081924,-0.029857,0.023169,8.7807
2.7272,2.0475,0.081925,-0.029833,0.023169,8.7783
2.7272,2.0475,0.081927,-0.029821,0.023168,8.7701
2.7273,2.0475,0.081928,-0.029817,0.02316,8.7705
2.7273,2.0475,0.081929,-0.029815,0.023141,8.7739
2.7274,2.0475,0.08193,-0.02983,0.023109,8.7599
2.7274,2.0475,0.081931,-0.029855,0.023085,8.7699
2.7275,2.0475,0.081933,-0.029873,0.023068,8.7806
2.7275,2.0475,0.081934,-0.029886,0.023049,8.7773
2.7276,2.0475,0.081935,-0.029889,0.023032,8.7883
2.7276,2.0475,0.081936,-0.029892,0.023019,8.8048
2.7277,2.0475,0.081937,-0.029904,0.023006,8.7914
2.7277,2.0475,0.081939,-0.029932,0.022988,8.7857
2.7278,2.0475,0.08194,-0.029975,0.022968,8.7936
2.7278,2.0475,0.081941,-0.030022,0.022948,8.7871
2.7279,2.0475,0.081942,-0.030056,0.022921,8.7737
2.7279,2.0475,0.081943,-0.03008,0.022889,8.7845
2.728,2.0475,0.081945,-0.030091,0.022855,8.7859
2.7281,2.0475,0.081946,-0.030094,0.022829,8.788
2.7281,2.0475,0.081947,-0.030093,0.022807,8.7872
2.7282,2.0475,0.081948,-0.030098,0.022783,8.7896
2.7282,2.0475,0.081949,-0.030098,0.022762,8.7765
2.7283,2.0475,0.081951,-0.030089,0.02274,8.783
2.7283,2.0475,0.081952,-0.030062,0.02271,8.7903
2.7284,2.0475,0.081953,-0.030018,0.022684,8.7817
2.7284,2.0475,0.081954,-0.029957,0.022653,8.783
2.7285,2.0475,0.081955,-0.029886,0.022628,8.7976
2.7285,2.0475,0.081957,-0.029815,0.022601,8.7956
2.7286,2.0475,0.081958,-0.029755,0.022571,8.7984
2.7286,2.0475,0.081959,-0.029703,0.022548,8.8075
2.7287,2.0475,0.08196,-0.029656,0.022529,8.8104
2.7287,2.0475,0.081961,-0.029615,0.02251,8.8019
2.7288,2.0475,0.081963,-0.029559,0.022489,8.81
2.7288,2.0475,0.081964,-0.029496,0.022466,8.8228
2.7289,2.0475,0.081965,-0.029418,0.022441,8.8147
2.7289,2.0475,0.081966,-0.029336,0.022408,8.826
2.729,2.0475,0.081967,-0.029254,0.022376,8.8402
2.7291,2.0475,0.081968,-0.029175,0.022348,8.8398
2.7291,2.0475,0.08197,-0.029103,0.022327,8.8398
2.7292,2.0475,0.081971,-0.029043,0.02231,8.8507
2.7292,2.0475,0.081972,-0.028979,0.022293,8.8406
2.7293,2.0475,0.081973,-0.02893,0.022281,8.8269
2.7293,2.0475,0.081974,-0.02888,0.022266,8.8369
2.7294,2.0475,0.081976,-0.028843,0.022252,8.8339
2.7294,2.0475,0.081977,-0.028813,0.022237,8.8217
2.7295,2.0475,0.081978,-0.028779,0.022223,8.8274
2.7295,2.0475,0.081979,-0.028742,0.022209,8.8292
2.7296,2.0475,0.08198,-0.028697,0.022195,8.8182
2.7296,2.0475,0.081981,-0.028651,0.022182,8.8216
2.7297,2.0475,0.081983,-0.028608,0.022169,8.8265
2.7297,2.0475,0.081984,-0.028563,0.022158,8.8087
2.7298,2.0475,0.081985,-0.028516,0.022146,8.8077
2.7298,2.0475,0.081986,-0.028468,0.022136,8.8115
2.7299,2.0475,0.081987,-0.028414,0.022125,8.8021
2.7299,2.0475,0.081988,-0.028358,0.022115,8.7983
2.73,2.0475,0.08199,-0.028298,0.022106,8.8114
2.7301,2.0474,0.081991,-0.028238,0.022097,8.8073
2.7301,2.0474,0.081992,-0.028188,0.022088,8.8118
2.7302,2.0474,0.081993,-0.028145,0.02208,8.8194
2.7302,2.0474,0.081994,-0.028116,0.022074,8.8188
2.7303,2.0474,0.081995,-0.028105,0.022068,8.8112
2.7303,2.0474,0.081996,-0.028107,0.022057,8.8219
2.7304,2.0474,0.081998,-0.028119,0.022036,8.8213
2.7304,2.0474,0.081999,-0.028129,0.02201,8.8134
2.7305,2.0474,0.082,-0.028131,0.021984,8.8102
2.7305,2.0474,0.082001,-0.028134,0.021958,8.8205
2.7306,2.0474,0.082002,-0.028144,0.021931,8.8155
2.7306,2.0474,0.082003,-0.028158,0.021906,8.813
2.7307,2.0474,0.082005,-0.028163,0.021875,8.826
2.7307,2.0474,0.082006,-0.028165,0.021842,8.8137
2.7308,2.0474,0.082007,-0.028161,0.021801,8.8015
2.7308,2.0474,0.082008,-0.028155,0.021759,8.8062
2.7309,2.0474,0.082009,-0.028138,0.021725,8.8055
2.7309,2.0474,0.08201,-0.028123,0.021698,8.7865
2.731,2.0474,0.082011,-0.028109,0.021672,8.7865
2.7311,2.0474,0.082013,-0.028083,0.021648,8.7909
2.7311,2.0474,0.082014,-0.028039,0.021618,8.778
2.7312,2.0474,0.082015,-0.027985,0.021588,8.7739
2.7312,2.0474,0.082016,-0.027929,0.021554,8.7781
2.7313,2.0474,0.082017,-0.027876,0.021522,8.7701
2.7313,2.0474,0.082018,-0.027818,0.02149,8.77
2.7314,2.0474,0.082019,-0.027768,0.02146,8.7698
2.7314,2.0474,0.082021,-0.027718,0.021429,8.7584
2.7315,2.0474,0.082022,-0.027669,0.021401,8.7518
2.7315,2.0474,0.082023,-0.027618,0.021371,8.7653
2.7316,2.0474,0.082024,-0.027566,0.021345,8.7639
2.7316,2.0474,0.082025,-0.027519,0.021321,8.7578
2.7317,2.0474,0.082026,-0.027473,0.021297,8.772
2.7317,2.0474,0.082027,-0.027429,0.021264,8.7747
2.7318,2.0474,0.082028,-0.02739,0.02122,8.7605
2.7318,2.0474,0.082029,-0.027351,0.021171,8.7712
2.7319,2.0474,0.082031,-0.027308,0.02112,8.7725
2.7319,2.0474,0.082032,-0.027264,0.021074,8.7648
2.732,2.0474,0.082033,-0.027219,0.021037,8.7613
2.7321,2.0474,0.082034,-0.027166,0.021007,8.7714
2.7321,2.0474,0.082035,-0.027116,0.020981,8.7587
2.7322,2.0474,0.082036,-0.027072,0.020958,8.7606
2.7322,2.0474,0.082037,-0.027037,0.020932,8.7691
2.7323,2.0474,0.082038,-0.027007,0.020907,8.7607
2.7323,2.0474,0.082039,-0.026978,0.020882,8.7533
2.7324,2.0474,0.082041,-0.026956,0.020861,8.7615
2.7324,2.0474,0.082042,-0.02694,0.020836,8.7588
2.7325,2.0474,0.082043,-0.026924,0.020812,8.7471
2.7325,2.0474,0.082044,-0.026914,0.020782,8.7453
2.7326,2.0474,0.082045,-0.026901,0.020748,8.7504
2.7326,2.0474,0.082046,-0.026879,0.020716,8.7392
2.7327,2.0474,0.082047,-0.026851,0.020681,8.7392
2.7327,2.0474,0.082048,-0.026812,0.020648,8.7508
2.7328,2.0474,0.082049,-0.026767,0.020619,8.74
2.7328,2.0474,0.08205,-0.026724,0.020592,8.7429
2.7329,2.0474,0.082051,-0.026686,0.02057,8.7451
2.7329,2.0474,0.082052,-0.02665,0.020549,8.7366
2.733,2.0474,0.082054,-0.026611,0.020531,8.7313
2.7331,2.0474,0.082055,-0.02657,0.02052,8.7476
2.7331,2.0474,0.082056,-0.026529,0.020507,8.7438
2.7332,2.0474,0.082057,-0.026488,0.020496,8.7441
2.7332,2.0474,0.082058,-0.026445,0.020485,8.754
2.7333,2.0474,0.082059,-0.026405,0.020476,8.7586
2.7333,2.0474,0.08206,-0.026368,0.020468,8.7464
2.7334,2.0474,0.082061,-0.026341,0.020461,8.7613
2.7334,2.0474,0.082062,-0.02632,0.020454,8.7586
2.7335,2.0474,0.082063,-0.0263,0.020448,8.7471
2.7335,2.0474,0.082064,-0.026278,0.020442,8.7537
2.7336,2.0474,0.082065,-0.02626,0.020437,8.7595
2.7336,2.0474,0.082066,-0.026243,0.020433,8.7425
2.7337,2.0473,0.082068,-0.026224,0.020428,8.7503
2.7337,2.0473,0.082069,-0.026205,0.020425,8.7623
2.7338,2.0473,0.08207,-0.026201,0.020422,8.7515
2.7338,2.0473,0.082071,-0.026199,0.02042,8.7503
2.7339,2.0473,0.082072,-0.026193,0.020417,8.7625
2.7339,2.0473,0.082073,-0.026183,0.020416,8.7521
2.734,2.0473,0.082074,-0.026167,0.020414,8.7404
2.7341,2.0473,0.082075,-0.026146,0.020413,8.7478
2.7341,2.0473,0.082076,-0.026118,0.020412,8.7519
2.7342,2.0473,0.082077,-0.026093,0.020411,8.7436
2.7342,2.0473,0.082078,-0.026084,0.02041,8.7492
2.7343,2.0473,0.082079,-0.026087,0.020411,8.7604
2.7343,2.0473,0.08208,-0.026099,0.020411,8.7519
2.7344,2.0473,0.082082,-0.026113,0.02041,8.7552
2.7344,2.0473,0.082083,-0.026126,0.020413,8.762
2.7345,2.0473,0.082084,-0.026135,0.02042,8.7563
2.7345,2.0473,0.082085,-0.026135,0.02043,8.7502
2.7346,2.0473,0.082086,-0.026127,0.020441,8.7655
2.7346,2.0473,0.082087,-0.026109,0.020453,8.7575
2.7347,2.0473,0.082088,-0.02609,0.020463,8.7512
2.7347,2.0473,0.082089,-0.02607,0.020472,8.7657
2.7348,2.0473,0.08209,-0.026052,0.020476,8.7698
2.7348,2.0473,0.082091,-0.02604,0.020484,8.7582
2.7349,2.0473,0.082092,-0.026029,0.020491,8.7643
2.7349,2.0473,0.082093,-0.026017,0.020499,8.7661
2.735,2.0473,0.082094,-0.026002,0.020508,8.7597
2.7351,2.0473,0.082096,-0.025982,0.020519,8.7588
2.7351,2.0473,0.082097,-0.025969,0.020529,8.7628
2.7352,2.0473,0.082098,-0.025959,0.020535,8.7493
2.7352,2.0473,0.082099,-0.025951,0.020534,8.7505
2.7353,2.0473,0.0821,-0.025936,0.020525,8.765
2.7353,2.0473,0.082101,-0.025914,0.020508,8.7629
2.7354,2.0473,0.082102,-0.025886,0.020486,8.7581
2.7354,2.0473,0.082103,-0.025862,0.020467,8.7692
2.7355,2.0473,0.082104,-0.025845,0.020458,8.7617
2.7355,2.0473,0.082105,-0.025838,0.020456,8.7551
2.7356,2.0473,0.082106,-0.025844,0.020461,8.76
2.7356,2.0473,0.082107,-0.025855,0.020472,8.7648
2.7357,2.0473,0.082108,-0.025873,0.020486,8.759
2.7357,2.0473,0.08211,-0.025895,0.020499,8.7719
2.7358,2.0473,0.082111,-0.02592,0.020512,8.7798
2.7358,2.0473,0.082112,-0.02595,0.020527,8.7771
2.7359,2.0473,0.082113,-0.025983,0.020542,8.782
2.7359,2.0473,0.082114,-0.026019,0.020557,8.7883
2.736,2.0473,0.082115,-0.026068,0.020574,8.778
2.7361,2.0473,0.082116,-0.026112,0.020591,8.7704
2.7361,2.0473,0.082117,-0.026157,0.020609,8.7769
2.7362,2.0473,0.082118,-0.026201,0.020628,8.7749
2.7362,2.0473,0.082119,-0.026249,0.020646,8.7694
2.7363,2.0473,0.08212,-0.026296,0.020664,8.7838
2.7363,2.0473,0.082121,-0.026343,0.020683,8.7813
2.7364,2.0473,0.082123,-0.026391,0.020702,8.7755
2.7364,2.0473,0.082124,-0.026441,0.02072,8.7776
2.7365,2.0473,0.082125,-0.026483,0.020739,8.7687
2.7365,2.0473,0.082126,-0.026519,0.020757,8.7588
2.7366,2.0473,0.082127,-0.026557,0.020776,8.751
2.7366,2.0473,0.082128,-0.026599,0.020794,8.7511
2.7367,2.0473,0.082129,-0.026644,0.020813,8.7406
2.7367,2.0473,0.08213,-0.026692,0.020832,8.7411
2.7368,2.0473,0.082131,-0.026737,0.02085,8.7465
2.7368,2.0473,0.082132,-0.026777,0.020868,8.7422
2.7369,2.0473,0.082134,-0.026814,0.020889,8.7324
2.7369,2.0473,0.082135,-0.026845,0.020908,8.7443
2.737,2.0473,0.082136,-0.026883,0.020919,8.7379
2.7371,2.0473,0.082137,-0.026926,0.020924,8.7306
2.7371,2.0473,0.082138,-0.026976,0.020926,8.7326
2.7372,2.0473,0.082139,-0.02703,0.020927,8.7298
2.7372,2.0473,0.08214,-0.02708,0.020929,8.7201
2.7373,2.0473,0.082141,-0.027123,0.020935,8.7341
2.7373,2.0473,0.082142,-0.027157,0.020949,8.7375
2.7374,2.0473,0.082143,-0.027182,0.020964,8.7329
2.7374,2.0473,0.082145,-0.027214,0.020977,8.7362
2.7375,2.0472,0.082146,-0.027247,0.020989,8.7394
2.7375,2.0472,0.082147,-0.027277,0.021002,8.7335
2.7376,2.0472,0.082148,-0.0273,0.021015,8.7261
2.7376,2.0472,0.082149,-0.027311,0.021028,8.7249
2.7377,2.0472,0.08215,-0.027308,0.02104,8.7203
2.7377,2.0472,0.082151,-0.027291,0.021053,8.7114
2.7378,2.0472,0.082152,-0.027266,0.021065,8.7221
2.7378,2.0472,0.082153,-0.027246,0.021077,8.7252
2.7379,2.0472,0.082155,-0.027227,0.021089,8.7142
2.7379,2.0472,0.082156,-0.027206,0.0211,8.7216
2.738,2.0472,0.082157,-0.027184,0.021111,8.7293
2.7381,2.0472,0.082158,-0.027159,0.021122,8.7164
2.7381,2.0472,0.082159,-0.027124,0.021132,8.7146
2.7382,2.0472,0.08216,-0.027087,0.021142,8.7214
2.7382,2.0472,0.082161,-0.027056,0.021151,8.7099
2.7383,2.0472,0.082162,-0.027034,0.021159,8.7157
2.7383,2.0472,0.082163,-0.027023,0.021167,8.725
2.7384,2.0472,0.082165,-0.027023,0.021174,8.7243
2.7384,2.0472,0.082166,-0.027031,0.021181,8.7203
2.7385,2.0472,0.082167,-0.027043,0.021187,8.7289
2.7385,2.0472,0.082168,-0.027051,0.021192,8.7281
2.7386,2.0472,0.082169,-0.027063,0.021197,8.7278
2.7386,2.0472,0.08217,-0.027078,0.021201,8.7401
2.7387,2.0472,0.082171,-0.027091,0.021205,8.7386
2.7387,2.0472,0.082172,-0.027105,0.021208,8.732
2.7388,2.0472,0.082173,-0.027115,0.02121,8.7394
2.7388,2.0472,0.082175,-0.027134,0.021211,8.7538
2.7389,2.0472,0.082176,-0.027152,0.021226,8.7497
2.7389,2.0472,0.082177,-0.02717,0.02123,8.7526
2.739,2.0472,0.082178,-0.027188,0.021207,8.7602
2.7391,2.0472,0.082179,-0.027206,0.021134,8.7486
2.7391,2.0472,0.08218,-0.027222,0.021034,8.7499
2.7392,2.0472,0.082181,-0.027238,0.020929,8.7598
2.7392,2.0472,0.082182,-0.027249,0.020839,8.7528
2.7393,2.0472,0.082183,-0.027266,0.020784,8.7401
2.7393,2.0472,0.082185,-0.027276,0.020783,8.7535
2.7394,2.0472,0.082186,-0.027283,0.020822,8.7596
2.7394,2.0472,0.082187,-0.027291,0.020859,8.7553
2.7395,2.0472,0.082188,-0.027298,0.020841,8.7616
2.7395,2.0472,0.082189,-0.027305,0.020796,8.764
2.7396,2.0472,0.08219,-0.027308,0.020741,8.7622
2.7396,2.0472,0.082191,-0.027307,0.020689,8.7672
2.7397,2.0472,0.082192,-0.027307,0.020653,8.7622
2.7397,2.0472,0.082193,-0.027309,0.020646,8.7576
2.7398,2.0472,0.082194,-0.027312,0.02068,8.7613
2.7398,2.0472,0.082195,-0.027319,0.020722,8.777
2.7399,2.0472,0.082197,-0.027329,0.020748,8.7782
2.7399,2.0472,0.082198,-0.027341,0.020773,8.7756
2.74,2.0472,0.082199,-0.027359,0.020797,8.7986
2.7401,2.0472,0.0822,-0.027378,0.020819,8.79
2.7401,2.0472,0.082201,-0.027394,0.020841,8.7916
2.7402,2.0472,0.082202,-0.027398,0.020862,8.7986
2.7402,2.0472,0.082203,-0.027383,0.020881,8.7982
2.7403,2.0472,0.082204,-0.02735,0.020899,8.7915
2.7403,2.0472,0.082205,-0.027311,0.020916,8.799
2.7404,2.0472,0.082206,-0.027259,0.020932,8.8117
2.7404,2.0472,0.082208,-0.027205,0.020947,8.8016
2.7405,2.0472,0.082209,-0.027144,0.02096,8.8044
2.7405,2.0472,0.08221,-0.027072,0.020973,8.8104
2.7406,2.0472,0.082211,-0.026991,0.020985,8.7965
2.7406,2.0472,0.082212,-0.026919,0.020995,8.7938
2.7407,2.0472,0.082213,-0.026853,0.021005,8.7913
2.7407,2.0472,0.082214,-0.026796,0.021014,8.7882
2.7408,2.0472,0.082215,-0.026732,0.021022,8.7759
2.7408,2.0472,0.082216,-0.02668,0.02103,8.7857
2.7409,2.0472,0.082217,-0.02662,0.021036,8.7858
2.7409,2.0472,0.082219,-0.026541,0.021042,8.7795
2.741,2.0472,0.08222,-0.026463,0.021047,8.7878
2.7411,2.0472,0.082221,-0.026399,0.021052,8.7899
2.7411,2.0472,0.082222,-0.026346,0.021056,8.7786
2.7412,2.0471,0.082223,-0.026303,0.02106,8.7843
2.7412,2.0471,0.082224,-0.026268,0.021063,8.7871
2.7413,2.0471,0.082225,-0.026256,0.021066,8.7784
2.7413,2.0471,0.082226,-0.026246,0.021069,8.7867
2.7414,2.0471,0.082227,-0.026228,0.021071,8.799
2.7414,2.0471,0.082229,-0.026197,0.021072,8.7902
2.7415,2.0471,0.08223,-0.02616,0.021074,8.7859
2.7415,2.0471,0.082231,-0.026123,0.021075,8.8051
2.7416,2.0471,0.082232,-0.026086,0.021075,8.8011
2.7416,2.0471,0.082233,-0.026055,0.021076,8.7932
2.7417,2.0471,0.082234,-0.026035,0.021076,8.8043
2.7417,2.0471,0.082235,-0.026031,0.021076,8.8059
2.7418,2.0471,0.082236,-0.02603,0.021076,8.7882
2.7418,2.0471,0.082237,-0.026024,0.021075,8.7968
2.7419,2.0471,0.082239,-0.026018,0.021075,8.8005
2.7419,2.0471,0.08224,-0.026013,0.021074,8.7844
2.742,2.0471,0.082241,-0.02601,0.021073,8.7827
2.7421,2.0471,0.082242,-0.026004,0.021072,8.7958
2.7421,2.0471,0.082243,-0.025996,0.021071,8.7853
2.7422,2.0471,0.082244,-0.025988,0.02107,8.7802
2.7422,2.0471,0.082245,-0.025978,0.02107,8.7823
2.7423,2.0471,0.082246,-0.02597,0.021069,8.7734
2.7423,2.0471,0.082247,-0.025949,0.021068,8.7617
2.7424,2.0471,0.082249,-0.025924,0.021067,8.77
2.7424,2.0471,0.08225,-0.025883,0.021066,8.7716
2.7425,2.0471,0.082251,-0.025827,0.021066,8.7636
2.7425,2.0471,0.082252,-0.025776,0.021065,8.7763
2.7426,2.0471,0.082253,-0.025734,0.021065,8.7779
2.7426,2.0471,0.082254,-0.025693,0.021064,8.7692
2.7427,2.0471,0.082255,-0.025657,0.021064,8.7812
2.7427,2.0471,0.082256,-0.02561,0.021064,8.7846
2.7428,2.0471,0.082257,-0.025568,0.021063,8.7706
2.7428,2.0471,0.082258,-0.025518,0.021063,8.7836
2.7429,2.0471,0.08226,-0.025468,0.021062,8.7934
2.7429,2.0471,0.082261,-0.025431,0.021061,8.7946
2.743,2.0471,0.082262,-0.025397,0.02106,8.7947
2.7431,2.0471,0.082263,-0.025357,0.021059,8.8093
2.7431,2.0471,0.082264,-0.025321,0.021058,8.8094
2.7432,2.0471,0.082265,-0.025299,0.021057,8.8009
2.7432,2.0471,0.082266,-0.025297,0.021056,8.816
2.7433,2.0471,0.082267,-0.025298,0.021055,8.8087
2.7433,2.0471,0.082268,-0.025296,0.021054,8.7931
2.7434,2.0471,0.08227,-0.025281,0.021052,8.8009
2.7434,2.0471,0.082271,-0.025261,0.021052,8.8041
2.7435,2.0471,0.082272,-0.025243,0.021051,8.7965
2.7435,2.0471,0.082273,-0.025228,0.021051,8.7991
2.7436,2.0471,0.082274,-0.025224,0.021051,8.8001
2.7436,2.0471,0.082275,-0.025233,0.021051,8.7886
2.7437,2.0471,0.082276,-0.025249,0.021052,8.7825
2.7437,2.0471,0.082277,-0.025262,0.021053,8.7844
2.7438,2.0471,0.082278,-0.02528,0.021055,8.7723
2.7438,2.0471,0.08228,-0.025307,0.021057,8.7666
2.7439,2.0471,0.082281,-0.025337,0.021059,8.7765
2.7439,2.0471,0.082282,-0.025353,0.021063,8.774
2.744,2.0471,0.082283,-0.02535,0.021066,8.7685
2.7441,2.0471,0.082284,-0.025354,0.02107,8.7822
2.7441,2.0471,0.082285,-0.025356,0.021075,8.789
2.7442,2.0471,0.082286,-0.02535,0.021081,8.7813
2.7442,2.0471,0.082287,-0.025359,0.021087,8.7829
2.7443,2.0471,0.082288,-0.025372,0.021093,8.7913
2.7443,2.0471,0.08229,-0.025387,0.021101,8.7825
2.7444,2.0471,0.082291,-0.025392,0.021108,8.7886
2.7444,2.0471,0.082292,-0.025392,0.021117,8.7942
2.7445,2.0471,0.082293,-0.025413,0.021126,8.795
2.7445,2.0471,0.082294,-0.02544,0.021136,8.7909
2.7446,2.0471,0.082295,-0.025461,0.021147,8.8002
2.7446,2.0471,0.082296,-0.025495,0.021158,8.7955
2.7447,2.0471,0.082297,-0.025532,0.02117,8.7897
2.7447,2.0471,0.082298,-0.025565,0.021182,8.7935
2.7448,2.0471,0.0823,-0.025585,0.021196,8.791
2.7448,2.0471,0.082301,-0.025602,0.02121,8.7778
2.7449,2.0471,0.082302,-0.025624,0.021225,8.782
2.7449,2.0471,0.082303,-0.025648,0.021241,8.7896
2.745,2.0471,0.082304,-0.025664,0.021257,8.7838
2.7451,2.047,0.082305,-0.025687,0.021275,8.7905
2.7451,2.047,0.082306,-0.025715,0.021293,8.799
2.7452,2.047,0.082307,-0.025746,0.021313,8.787
2.7452,2.047,0.082308,-0.02578,0.021333,8.7889
2.7453,2.047,0.08231,-0.025818,0.021354,8.7928
2.7453,2.047,0.082311,-0.025858,0.021375,8.7865
2.7454,2.047,0.082312,-0.025896,0.021397,8.7825
2.7454,2.047,0.082313,-0.025925,0.021419,8.7982
2.7455,2.047,0.082314,-0.025955,0.021441,8.7946
2.7455,2.047,0.082315,-0.02598,0.021464,8.7876
2.7456,2.047,0.082316,-0.026008,0.021487,8.8017
2.7456,2.047,0.082318,-0.026038,0.021509,8.8102
2.7457,2.047,0.082319,-0.026078,0.021533,8.8013
2.7457,2.047,0.08232,-0.02612,0.021556,8.8116
2.7458,2.047,0.082321,-0.026167,0.02158,8.8152
2.7458,2.047,0.082322,-0.026216,0.021603,8.8101
2.7459,2.047,0.082323,-0.026264,0.021627,8.8113
2.7459,2.047,0.082324,-0.026305,0.021652,8.8207
2.746,2.047,0.082325,-0.026351,0.021676,8.8115
2.7461,2.047,0.082327,-0.026395,0.0217,8.8128
2.7461,2.047,0.082328,-0.026443,0.021724,8.8293
2.7462,2.047,0.082329,-0.02649,0.021748,8.8179
2.7462,2.047,0.08233,-0.026541,0.021772,8.8133
2.7463,2.047,0.082331,-0.026592,0.021797,8.82
2.7463,2.047,0.082332,-0.026641,0.021822,8.8136
2.7464,2.047,0.082334,-0.026688,0.021847,8.8012
2.7464,2.047,0.082335,-0.026736,0.021873,8.8049
2.7465,2.047,0.082336,-0.026785,0.021899,8.8135
2.7465,2.047,0.082337,-0.026835,0.021924,8.7956
2.7466,2.047,0.082338,-0.026887,0.02195,8.8024
2.7466,2.047,0.082339,-0.026939,0.021976,8.8113
2.7467,2.047,0.08234,-0.026989,0.022002,8.7982
2.7467,2.047,0.082342,-0.027047,0.022029,8.7954
2.7468,2.047,0.082343,-0.027104,0.022055,8.7999
2.7468,2.047,0.082344,-0.027161,0.022083,8.8006
2.7469,2.047,0.082345,-0.027219,0.02211,8.7942
2.7469,2.047,0.082346,-0.027275,0.022138,8.8048
2.747,2.047,0.082347,-0.027332,0.022166,8.8009
2.7471,2.047,0.082349,-0.027396,0.022195,8.7986
2.7471,2.047,0.08235,-0.027463,0.022223,8.8186
2.7472,2.047,0.082351,-0.02754,0.022253,8.8273
2.7472,2.047,0.082352,-0.027616,0.022282,8.8159
2.7473,2.047,0.082353,-0.027691,0.022312,8.8261
2.7473,2.047,0.082354,-0.027763,0.022341,8.8305
2.7474,2.047,0.082356,-0.027829,0.022371,8.8134
2.7474,2.047,0.082357,-0.027894,0.022401,8.8149
2.7475,2.047,0.082358,-0.027961,0.02243,8.821
2.7475,2.047,0.082359,-0.028029,0.022459,8.8047
2.7476,2.047,0.08236,-0.028097,0.022488,8.8034
2.7476,2.047,0.082362,-0.028166,0.022517,8.8112
2.7477,2.047,0.082363,-0.028234,0.022545,8.8015
2.7477,2.047,0.082364,-0.028303,0.022572,8.7857
2.7478,2.047,0.082365,-0.028373,0.022599,8.7909
2.7478,2.047,0.082366,-0.028442,0.022626,8.7918
2.7479,2.047,0.082367,-0.028512,0.022651,8.7742
2.7479,2.047,0.082369,-0.028581,0.022676,8.7733
2.748,2.047,0.08237,-0.028651,0.022701,8.7698
2.7481,2.047,0.082371,-0.028721,0.022724,8.7599
2.7481,2.047,0.082372,-0.028791,0.022748,8.7717
2.7482,2.047,0.082373,-0.028861,0.02277,8.7842
2.7482,2.047,0.082375,-0.028931,0.022792,8.7682
2.7483,2.047,0.082376,-0.029001,0.022813,8.7671
2.7483,2.047,0.082377,-0.02907,0.022834,8.7733
2.7484,2.047,0.082378,-0.02914,0.022854,8.768
2.7484,2.047,0.082379,-0.029209,0.022874,8.7619
2.7485,2.047,0.082381,-0.029279,0.022892,8.7713
2.7485,2.047,0.082382,-0.029348,0.022911,8.7708
2.7486,2.047,0.082383,-0.029417,0.022928,8.7533
2.7486,2.047,0.082384,-0.029485,0.022945,8.7692
2.7487,2.047,0.082385,-0.029553,0.022961,8.7744
2.7487,2.0469,0.082387,-0.029621,0.022977,8.7651
2.7488,2.0469,0.082388,-0.029689,0.022993,8.7713
2.7488,2.0469,0.082389,-0.029756,0.022994,8.7697
2.7489,2.0469,0.08239,-0.029822,0.023003,8.7595
2.7489,2.0469,0.082392,-0.029888,0.023039,8.7598
2.749,2.0469,0.082393,-0.029954,0.023128,8.7684
2.7491,2.0469,0.082394,-0.030019,0.023253,8.7528
2.7491,2.0469,0.082395,-0.030084,0.023392,8.75
2.7492,2.0469,0.082396,-0.030148,0.023527,8.7633
2.7492,2.0469,0.082398,-0.030211,0.023634,8.7568
2.7493,2.0469,0.082399,-0.030274,0.023692,8.7471
2.7493,2.0469,0.0824,-0.030336,0.023708,8.7565
2.7494,2.0469,0.082401,-0.030397,0.023723,8.7507
2.7494,2.0469,0.082403,-0.030457,0.023793,8.7379
2.7495,2.0469,0.082404,-0.030517,0.023893,8.7366
2.7495,2.0469,0.082405,-0.030578,0.024009,8.7422
2.7496,2.0469,0.082406,-0.030635,0.02413,8.7365
2.7496,2.0469,0.082408,-0.030688,0.02424,8.7371
2.7497,2.0469,0.082409,-0.030738,0.024324,8.7442
2.7497,2.0469,0.08241,-0.030788,0.024368,8.7447
2.7498,2.0469,0.082412,-0.030838,0.024402,8.7411
2.7498,2.0469,0.082413,-0.030888,0.024449,8.7536
2.7499,2.0469,0.082414,-0.03094,0.024495,8.7469
2.7499,2.0469,0.082415,-0.030995,0.02454,8.7466
2.75,2.0469,0.082417,-0.031048,0.024585,8.7491
2.7501,2.0469,0.082418,-0.031097,0.02463,8.7487
2.7501,2.0469,0.082419,-0.031142,0.024673,8.7415
2.7502,2.0469,0.082421,-0.031183,0.024716,8.7492
2.7502,2.0469,0.082422,-0.031222,0.024759,8.7553
2.7503,2.0469,0.082423,-0.031256,0.0248,8.7506
2.7503,2.0469,0.082425,-0.031299,0.024842,8.7571
2.7504,2.0469,0.082426,-0.03135,0.024882,8.7641
2.7504,2.0469,0.082427,-0.031409,0.024922,8.7489
2.7505,2.0469,0.082429,-0.031467,0.024961,8.7475
2.7505,2.0469,0.08243,-0.031522,0.024999,8.7491
2.7506,2.0469,0.082431,-0.031573,0.025037,8.7386
2.7506,2.0469,0.082432,-0.031616,0.025074,8.7426
2.7507,2.0469,0.082434,-0.03165,0.02511,8.755
2.7507,2.0469,0.082435,-0.031687,0.025145,8.7476
2.7508,2.0469,0.082436,-0.031717,0.02518,8.743
2.7508,2.0469,0.082438,-0.031749,0.025214,8.7592
2.7509,2.0469,0.082439,-0.031794,0.025247,8.7521
2.7509,2.0469,0.08244,-0.031848,0.025279,8.7391
2.751,2.0469,0.082442,-0.031906,0.025311,8.7468
2.7511,2.0469,0.082443,-0.031965,0.025343,8.7498
2.7511,2.0469,0.082444,-0.032018,0.025373,8.746
2.7512,2.0469,0.082446,-0.032061,0.025403,8.7537
2.7512,2.0469,0.082447,-0.032087,0.025432,8.7593
2.7513,2.0469,0.082448,-0.032103,0.02546,8.7593
2.7513,2.0469,0.08245,-0.032125,0.025488,8.7601
2.7514,2.0469,0.082451,-0.03216,0.025516,8.7768
2.7514,2.0469,0.082452,-0.032204,0.025543,8.769
2.7515,2.0469,0.082454,-0.032252,0.025569,8.7648
2.7515,2.0469,0.082455,-0.0323,0.025595,8.7758
2.7516,2.0469,0.082457,-0.032343,0.025621,8.7695
2.7516,2.0469,0.082458,-0.032374,0.025645,8.7596
2.7517,2.0469,0.082459,-0.03239,0.02567,8.7707
2.7517,2.0469,0.082461,-0.032399,0.025693,8.7655
2.7518,2.0469,0.082462,-0.032412,0.025716,8.761
2.7518,2.0469,0.082463,-0.032422,0.025739,8.7714
2.7519,2.0469,0.082465,-0.032431,0.025761,8.771
2.7519,2.0468,0.082466,-0.032437,0.025782,8.7634
2.752,2.0468,0.082467,-0.032441,0.025802,8.7593
2.7521,2.0468,0.082469,-0.032443,0.025822,8.7668
2.7521,2.0468,0.08247,-0.032442,0.025842,8.7615
2.7522,2.0468,0.082471,-0.032437,0.025861,8.7631
2.7522,2.0468,0.082473,-0.032424,0.02588,8.7743
2.7523,2.0468,0.082474,-0.032417,0.025898,8.7759
2.7523,2.0468,0.082476,-0.032409,0.025915,8.7725
2.7524,2.0468,0.082477,-0.032413,0.025932,8.7851
2.7524,2.0468,0.082478,-0.032425,0.025949,8.7793
2.7525,2.0468,0.08248,-0.032432,0.025965,8.7724
2.7525,2.0468,0.082481,-0.03244,0.02598,8.7771
2.7526,2.0468,0.082482,-0.032445,0.025995,8.7772
2.7526,2.0468,0.082484,-0.032449,0.026009,8.7707
2.7527,2.0468,0.082485,-0.032471,0.026022,8.7767
2.7527,2.0468,0.082486,-0.032489,0.026035,8.7823
2.7528,2.0468,0.082488,-0.032517,0.026048,8.7802
2.7528,2.0468,0.082489,-0.032544,0.026059,8.78
2.7529,2.0468,0.082491,-0.032565,0.02607,8.7896
2.7529,2.0468,0.082492,-0.032586,0.026081,8.7839
2.753,2.0468,0.082493,-0.032613,0.026091,8.7762
2.7531,2.0468,0.082495,-0.032644,0.0261,8.7791
2.7531,2.0468,0.082496,-0.032671,0.026109,8.7679
2.7532,2.0468,0.082497,-0.032684,0.026117,8.757
2.7532,2.0468,0.082499,-0.032692,0.026124,8.7593
2.7533,2.0468,0.0825,-0.0327,0.026131,8.7595
2.7533,2.0468,0.082502,-0.032716,0.026137,8.7412
2.7534,2.0468,0.082503,-0.032738,0.026143,8.7442
2.7534,2.0468,0.082504,-0.032758,0.026148,8.7446
2.7535,2.0468,0.082506,-0.032778,0.026152,8.7303
2.7535,2.0468,0.082507,-0.032786,0.026156,8.7222
2.7536,2.0468,0.082508,-0.032784,0.026159,8.727
2.7536,2.0468,0.08251,-0.032773,0.026162,8.719
2.7537,2.0468,0.082511,-0.032755,0.026164,8.7185
2.7537,2.0468,0.082513,-0.03273,0.026165,8.7307
2.7538,2.0468,0.082514,-0.032697,0.026166,8.721
2.7538,2.0468,0.082515,-0.032661,0.026166,8.7207
2.7539,2.0468,0.082517,-0.032642,0.026166,8.73
2.7539,2.0468,0.082518,-0.032644,0.026166,8.7238
2.754,2.0468,0.082519,-0.032649,0.026165,8.7198
2.7541,2.0468,0.082521,-0.032659,0.026163,8.726
2.7541,2.0468,0.082522,-0.032672,0.026161,8.727
2.7542,2.0468,0.082524,-0.032671,0.026158,8.719
2.7542,2.0468,0.082525,-0.032665,0.026155,8.7276
2.7543,2.0468,0.082526,-0.032657,0.026152,8.7378
2.7543,2.0468,0.082528,-0.032659,0.026148,8.7327
2.7544,2.0468,0.082529,-0.032667,0.026144,8.7395
2.7544,2.0468,0.08253,-0.032657,0.026139,8.7454
2.7545,2.0468,0.082532,-0.032642,0.026135,8.7344
2.7545,2.0468,0.082533,-0.032635,0.026129,8.7325
2.7546,2.0468,0.082535,-0.032614,0.026124,8.739
2.7546,2.0468,0.082536,-0.032592,0.026118,8.7225
2.7547,2.0468,0.082537,-0.032577,0.026112,8.7165
2.7547,2.0468,0.082539,-0.032576,0.026105,8.7293
2.7548,2.0468,0.08254,-0.03258,0.026098,8.7292
2.7548,2.0468,0.082541,-0.032582,0.026091,8.7246
2.7549,2.0468,0.082543,-0.032589,0.026084,8.727
2.7549,2.0468,0.082544,-0.03261,0.026077,8.7301
2.755,2.0467,0.082546,-0.032618,0.026069,8.7151
2.7551,2.0467,0.082547,-0.032618,0.026061,8.7221
2.7551,2.0467,0.082548,-0.032614,0.026053,8.7252
2.7552,2.0467,0.08255,-0.032609,0.026045,8.7153
2.7552,2.0467,0.082551,-0.032607,0.026037,8.7204
2.7553,2.0467,0.082552,-0.032608,0.026028,8.7329
2.7553,2.0467,0.082554,-0.032616,0.026019,8.7312
2.7554,2.0467,0.082555,-0.032632,0.026011,8.7347
2.7554,2.0467,0.082557,-0.032642,0.026002,8.7469
2.7555,2.0467,0.082558,-0.032651,0.025993,8.7505
2.7555,2.0467,0.082559,-0.03266,0.025985,8.747
2.7556,2.0467,0.082561,-0.032669,0.025976,8.7554
2.7556,2.0467,0.082562,-0.032678,0.025968,8.7566
2.7557,2.0467,0.082563,-0.032687,0.02596,8.7484
2.7557,2.0467,0.082565,-0.032695,0.025952,8.7569
2.7558,2.0467,0.082566,-0.032702,0.025943,8.7614
2.7558,2.0467,0.082567,-0.032708,0.025935,8.7573
2.7559,2.0467,0.082569,-0.032714,0.025928,8.7549
2.7559,2.0467,0.08257,-0.032722,0.02592,8.7725
2.756,2.0467,0.082572,-0.032728,0.025913,8.7639
2.7561,2.0467,0.082573,-0.032735,0.025907,8.7569
2.7561,2.0467,0.082574,-0.032748,0.025901,8.7645
2.7562,2.0467,0.082576,-0.032756,0.025895,8.7645
2.7562,2.0467,0.082577,-0.032754,0.02589,8.7531
2.7563,2.0467,0.082578,-0.032739,0.025885,8.7629
2.7563,2.0467,0.08258,-0.032705,0.02588,8.7571
2.7564,2.0467,0.082581,-0.032663,0.025876,8.7526
2.7564,2.0467,0.082582,-0.032627,0.025873,8.7664
2.7565,2.0467,0.082584,-0.032598,0.02587,8.7729
2.7565,2.0467,0.082585,-0.032581,0.025868,8.7593
2.7566,2.0467,0.082587,-0.03256,0.025866,8.7645
2.7566,2.0467,0.082588,-0.032538,0.025865,8.772
2.7567,2.0467,0.082589,-0.03252,0.025865,8.7656
2.7567,2.0467,0.082591,-0.032499,0.025865,8.7694
2.7568,2.0467,0.082592,-0.032482,0.025865,8.7869
2.7568,2.0467,0.082593,-0.032472,0.025866,8.7848
2.7569,2.0467,0.082595,-0.032457,0.025868,8.7822
2.7569,2.0467,0.082596,-0.03243,0.02587,8.8018
2.757,2.0467,0.082597,-0.032397,0.025873,8.8016
2.7571,2.0467,0.082599,-0.032366,0.025876,8.7996
2.7571,2.0467,0.0826,-0.032343,0.02588,8.8036
2.7572,2.0467,0.082602,-0.032327,0.025884,8.7928
2.7572,2.0467,0.082603,-0.032313,0.025889,8.7891
2.7573,2.0467,0.082604,-0.032298,0.025895,8.7954
2.7573,2.0467,0.082606,-0.032281,0.025901,8.7934
2.7574,2.0467,0.082607,-0.032257,0.025907,8.7909
2.7574,2.0467,0.082608,-0.03224,0.025915,8.7966
2.7575,2.0467,0.08261,-0.032225,0.025923,8.8043
2.7575,2.0467,0.082611,-0.032211,0.025931,8.7952
2.7576,2.0467,0.082612,-0.0322,0.025941,8.7897
2.7576,2.0467,0.082614,-0.03219,0.025951,8.7979
2.7577,2.0467,0.082615,-0.032185,0.025962,8.793
2.7577,2.0467,0.082617,-0.032183,0.025973,8.784
2.7578,2.0467,0.082618,-0.032182,0.025986,8.7934
2.7578,2.0467,0.082619,-0.032184,0.025999,8.7933
2.7579,2.0467,0.082621,-0.032187,0.026014,8.7884
2.7579,2.0467,0.082622,-0.03219,0.026029,8.7962
2.758,2.0467,0.082623,-0.032194,0.026046,8.7969
2.7581,2.0466,0.082625,-0.032201,0.026063,8.7967
2.7581,2.0466,0.082626,-0.032209,0.026081,8.7921
2.7582,2.0466,0.082628,-0.032221,0.0261,8.8001
2.7582,2.0466,0.082629,-0.032235,0.02612,8.7911
2.7583,2.0466,0.08263,-0.032253,0.026141,8.7899
2.7583,2.0466,0.082632,-0.032273,0.026163,8.8011
2.7584,2.0466,0.082633,-0.032297,0.026186,8.8008
2.7584,2.0466,0.082634,-0.032321,0.02621,8.8048
2.7585,2.0466,0.082636,-0.032346,0.026235,8.8151
2.7585,2.0466,0.082637,-0.032372,0.026261,8.8196
2.7586,2.0466,0.082639,-0.032402,0.026288,8.809
2.7586,2.0466,0.08264,-0.032433,0.026316,8.8162
2.7587,2.0466,0.082641,-0.032468,0.026345,8.808
2.7587,2.0466,0.082643,-0.032505,0.026374,8.8033
2.7588,2.0466,0.082644,-0.032545,0.026405,8.8029
2.7588,2.0466,0.082645,-0.032585,0.026435,8.8016
2.7589,2.0466,0.082647,-0.032626,0.026467,8.7963
2.7589,2.0466,0.082648,-0.032668,0.0265,8.7976
2.759,2.0466,0.08265,-0.032713,0.026533,8.7983
2.7591,2.0466,0.082651,-0.032759,0.026568,8.7862
2.7591,2.0466,0.082652,-0.032808,0.026603,8.7837
2.7592,2.0466,0.082654,-0.032858,0.02664,8.7906
2.7592,2.0466,0.082655,-0.032907,0.026677,8.7856
2.7593,2.0466,0.082657,-0.032958,0.026715,8.7693
2.7593,2.0466,0.082658,-0.03301,0.026754,8.7838
2.7594,2.0466,0.08266,-0.033064,0.026794,8.7825
2.7594,2.0466,0.082661,-0.033119,0.026835,8.7806
2.7595,2.0466,0.082662,-0.033174,0.026877,8.7848
2.7595,2.0466,0.082664,-0.033233,0.02692,8.7917
2.7596,2.0466,0.082665,-0.033295,0.026963,8.7859
2.7596,2.0466,0.082667,-0.033358,0.027008,8.7955
2.7597,2.0466,0.082668,-0.033423,0.027053,8.7998
2.7597,2.0466,0.082669,-0.033489,0.027099,8.7905
2.7598,2.0466,0.082671,-0.033555,0.027146,8.7889
2.7598,2.0466,0.082672,-0.033621,0.027194,8.8053
2.7599,2.0466,0.082674,-0.033685,0.027242,8.7989
2.7599,2.0466,0.082675,-0.03375,0.027292,8.7975
2.76,2.0466,0.082677,-0.033818,0.027343,8.8112
2.7601,2.0466,0.082678,-0.033893,0.027395,8.8082
2.7601,2.0466,0.082679,-0.033972,0.027448,8.807
2.7602,2.0466,0.082681,-0.034054,0.027501,8.8126
2.7602,2.0466,0.082682,-0.034137,0.027556,8.8058
2.7603,2.0466,0.082684,-0.034221,0.027611,8.7881
2.7603,2.0466,0.082685,-0.034304,0.027667,8.7908
2.7604,2.0466,0.082687,-0.034383,0.027725,8.796
2.7604,2.0466,0.082688,-0.034461,0.027783,8.7842
2.7605,2.0466,0.08269,-0.034542,0.027842,8.7897
2.7605,2.0466,0.082691,-0.034623,0.027903,8.7953
2.7606,2.0466,0.082693,-0.034706,0.027964,8.7852
2.7606,2.0466,0.082694,-0.03479,0.028026,8.7805
2.7607,2.0466,0.082696,-0.034878,0.028089,8.7875
2.7607,2.0466,0.082697,-0.034965,0.028153,8.7776
2.7608,2.0466,0.082699,-0.035051,0.028217,8.766
2.7608,2.0466,0.0827,-0.035136,0.028283,8.7759
2.7609,2.0466,0.082702,-0.035221,0.028349,8.7758
2.7609,2.0466,0.082703,-0.035304,0.028416,8.7692
2.761,2.0466,0.082705,-0.035388,0.028484,8.7832
2.7611,2.0465,0.082706,-0.03547,0.028553,8.7861
2.7611,2.0465,0.082708,-0.035552,0.028622,8.7799
2.7612,2.0465,0.082709,-0.035631,0.028693,8.7882
2.7612,2.0465,0.082711,-0.035709,0.028763,8.7872
2.7613,2.0465,0.082712,-0.035787,0.028835,8.7824
2.7613,2.0465,0.082714,-0.035865,0.028906,8.7789
2.7614,2.0465,0.082715,-0.035944,0.028978,8.7901
2.7614,2.0465,0.082717,-0.036023,0.029049,8.7918
2.7615,2.0465,0.082718,-0.036102,0.029121,8.7864
2.7615,2.0465,0.08272,-0.036182,0.029193,8.8048
2.7616,2.0465,0.082721,-0.036264,0.029265,8.8059
2.7616,2.0465,0.082723,-0.036348,0.029337,8.7991
2.7617,2.0465,0.082724,-0.036433,0.029409,8.8104
2.7617,2.0465,0.082726,-0.036518,0.029481,8.8085
2.7618,2.0465,0.082727,-0.036603,0.029553,8.8004
2.7618,2.0465,0.082729,-0.036686,0.029625,8.8066
2.7619,2.0465,0.082731,-0.036769,0.029696,8.8055
2.7619,2.0465,0.082732,-0.036849,0.029767,8.7968
2.762,2.0465,0.082734,-0.036928,0.029838,8.8035
2.7621,2.0465,0.082735,-0.037007,0.029908,8.8153
2.7621,2.0465,0.082737,-0.037086,0.029978,8.8113
2.7622,2.0465,0.082738,-0.037165,0.030048,8.8033
2.7622,2.0465,0.08274,-0.037245,0.030117,8.8146
2.7623,2.0465,0.082742,-0.037324,0.030185,8.8103
2.7623,2.0465,0.082743,-0.037402,0.030254,8.8057
2.7624,2.0465,0.082745,-0.037478,0.030321,8.8208
2.7624,2.0465,0.082746,-0.037554,0.030388,8.8121
2.7625,2.0465,0.082748,-0.037629,0.030454,8.8071
2.7625,2.0465,0.08275,-0.037707,0.03052,8.8253
2.7626,2.0465,0.082751,-0.037786,0.030585,8.8276
2.7626,2.0465,0.082753,-0.037864,0.030649,8.8244
2.7627,2.0465,0.082754,-0.037942,0.030713,8.8238
2.7627,2.0465,0.082756,-0.03802,0.030775,8.8268
2.7628,2.0465,0.082758,-0.038096,0.030837,8.8235
2.7628,2.0465,0.082759,-0.038173,0.030899,8.8257
2.7629,2.0465,0.082761,-0.03825,0.030959,8.8324
2.7629,2.0465,0.082763,-0.038329,0.031019,8.832
2.763,2.0465,0.082764,-0.038408,0.031078,8.8312
2.7631,2.0465,0.082766,-0.038485,0.031135,8.835
2.7631,2.0465,0.082768,-0.03856,0.031192,8.8315
2.7632,2.0465,0.082769,-0.038633,0.031248,8.8236
2.7632,2.0465,0.082771,-0.038706,0.031304,8.8345
2.7633,2.0465,0.082772,-0.038778,0.031358,8.8282
2.7633,2.0465,0.082774,-0.038851,0.031412,8.816
2.7634,2.0465,0.082776,-0.038924,0.031465,8.82
2.7634,2.0465,0.082777,-0.038996,0.031517,8.8187
2.7635,2.0465,0.082779,-0.039065,0.031568,8.8103
2.7635,2.0465,0.082781,-0.039132,0.031619,8.8172
2.7636,2.0465,0.082782,-0.039197,0.031668,8.8273
2.7636,2.0465,0.082784,-0.039261,0.031717,8.821
2.7637,2.0465,0.082786,-0.039326,0.031765,8.825
2.7637,2.0464,0.082787,-0.039392,0.031812,8.8298
2.7638,2.0464,0.082789,-0.039458,0.031858,8.8158
2.7638,2.0464,0.082791,-0.039524,0.031903,8.8104
2.7639,2.0464,0.082792,-0.039588,0.031948,8.8234
2.7639,2.0464,0.082794,-0.039651,0.031991,8.8249
2.764,2.0464,0.082796,-0.039713,0.032033,8.8145
2.7641,2.0464,0.082798,-0.039774,0.032075,8.8192
2.7641,2.0464,0.082799,-0.039833,0.032115,8.8233
2.7642,2.0464,0.082801,-0.03989,0.032155,8.8126
2.7642,2.0464,0.082803,-0.039946,0.032194,8.8175
2.7643,2.0464,0.082804,-0.04,0.032231,8.8123
2.7643,2.0464,0.082806,-0.040052,0.032268,8.8039
2.7644,2.0464,0.082808,-0.040104,0.032304,8.8032
2.7644,2.0464,0.082809,-0.040156,0.032338,8.7991
2.7645,2.0464,0.082811,-0.040207,0.032372,8.781
2.7645,2.0464,0.082813,-0.040255,0.032405,8.7798
2.7646,2.0464,0.082815,-0.040299,0.032436,8.79
2.7646,2.0464,0.082816,-0.040343,0.032467,8.7921
2.7647,2.0464,0.082818,-0.040383,0.032497,8.7777
2.7647,2.0464,0.08282,-0.040422,0.032526,8.7799
2.7648,2.0464,0.082821,-0.040458,0.032554,8.7713
2.7648,2.0464,0.082823,-0.040491,0.03258,8.7645
2.7649,2.0464,0.082825,-0.040522,0.032606,8.7692
2.7649,2.0464,0.082827,-0.040548,0.032631,8.7686
2.765,2.0464,0.082828,-0.040573,0.032655,8.7514
2.7651,2.0464,0.08283,-0.040596,0.032678,8.7589
2.7651,2.0464,0.082832,-0.040616,0.0327,8.7624
2.7652,2.0464,0.082833,-0.040631,0.032721,8.7544
2.7652,2.0464,0.082835,-0.040643,0.032741,8.7512
2.7653,2.0464,0.082837,-0.040651,0.032761,8.7638
2.7653,2.0464,0.082839,-0.040657,0.032779,8.7574
2.7654,2.0464,0.08284,-0.040661,0.032797,8.7545
2.7654,2.0464,0.082842,-0.040663,0.032815,8.7668
2.7655,2.0464,0.082844,-0.040662,0.032831,8.7631
2.7655,2.0464,0.082845,-0.040656,0.032847,8.7542
2.7656,2.0464,0.082847,-0.040648,0.032862,8.7683
2.7656,2.0464,0.082849,-0.040643,0.032876,8.7696
2.7657,2.0464,0.082851,-0.04064,0.03289,8.7615
2.7657,2.0464,0.082852,-0.040636,0.032904,8.7646
2.7658,2.0464,0.082854,-0.040629,0.032916,8.7719
2.7658,2.0464,0.082856,-0.040616,0.032928,8.7519
2.7659,2.0464,0.082858,-0.040594,0.03294,8.751
2.7659,2.0464,0.082859,-0.04056,0.032951,8.7607
2.766,2.0464,0.082861,-0.040523,0.032961,8.7523
2.7661,2.0464,0.082863,-0.040485,0.032971,8.7407
2.7661,2.0464,0.082865,-0.040452,0.03298,8.7544
2.7662,2.0464,0.082866,-0.040426,0.032988,8.749
2.7662,2.0463,0.082868,-0.04041,0.032996,8.7444
2.7663,2.0463,0.08287,-0.04041,0.033003,8.7507
2.7663,2.0463,0.082871,-0.040415,0.03301,8.7449
2.7664,2.0463,0.082873,-0.040409,0.033016,8.7422
2.7664,2.0463,0.082875,-0.040395,0.033021,8.7403
2.7665,2.0463,0.082877,-0.040372,0.033026,8.7455
2.7665,2.0463,0.082878,-0.040351,0.03303,8.7368
2.7666,2.0463,0.08288,-0.040333,0.033033,8.7423
2.7666,2.0463,0.082882,-0.040313,0.033037,8.7523
2.7667,2.0463,0.082884,-0.040308,0.033039,8.7488
2.7667,2.0463,0.082885,-0.040301,0.033041,8.7549
2.7668,2.0463,0.082887,-0.040293,0.033043,8.7672
2.7668,2.0463,0.082889,-0.040292,0.033044,8.7656
2.7669,2.0463,0.082891,-0.040304,0.033045,8.7615
2.7669,2.0463,0.082892,-0.040315,0.033045,8.7657
2.767,2.0463,0.082894,-0.040323,0.033045,8.766
2.7671,2.0463,0.082896,-0.040317,0.033044,8.7619
2.7671,2.0463,0.082898,-0.040311,0.033043,8.769
2.7672,2.0463,0.082899,-0.040301,0.033042,8.7661
2.7672,2.0463,0.082901,-0.040289,0.03304,8.7609
2.7673,2.0463,0.082903,-0.040287,0.033038,8.7703
2.7673,2.0463,0.082905,-0.040293,0.033035,8.7662
2.7674,2.0463,0.082906,-0.040288,0.033032,8.7576
2.7674,2.0463,0.082908,-0.040285,0.033028,8.7584
2.7675,2.0463,0.08291,-0.040283,0.033024,8.7621
2.7675,2.0463,0.082911,-0.040289,0.03302,8.7479
2.7676,2.0463,0.082913,-0.040297,0.033015,8.7444
2.7676,2.0463,0.082915,-0.040299,0.03301,8.759
2.7677,2.0463,0.082917,-0.040301,0.033005,8.7512
2.7677,2.0463,0.082918,-0.040302,0.032999,8.7541
2.7678,2.0463,0.08292,-0.0403,0.032993,8.7582
2.7678,2.0463,0.082922,-0.040302,0.032985,8.7635
2.7679,2.0463,0.082924,-0.040309,0.03298,8.7465
2.7679,2.0463,0.082925,-0.040325,0.032978,8.7543
2.768,2.0463,0.082927,-0.04034,0.032978,8.7561
2.7681,2.0463,0.082929,-0.040348,0.032977,8.7463
2.7681,2.0463,0.082931,-0.04035,0.032976,8.751
2.7682,2.0463,0.082932,-0.040344,0.032972,8.7666
2.7682,2.0463,0.082934,-0.040331,0.032964,8.7631
2.7683,2.0463,0.082936,-0.040314,0.032952,8.7614
2.7683,2.0463,0.082938,-0.040295,0.032943,8.7827
2.7684,2.0463,0.082939,-0.040279,0.032933,8.7745
2.7684,2.0463,0.082941,-0.040265,0.032924,8.7707
2.7685,2.0463,0.082943,-0.040251,0.032914,8.777
2.7685,2.0463,0.082944,-0.040238,0.032904,8.7689
2.7686,2.0463,0.082946,-0.040229,0.032894,8.7566
2.7686,2.0463,0.082948,-0.040217,0.032883,8.7668
2.7687,2.0462,0.08295,-0.040209,0.032873,8.77
2.7687,2.0462,0.082951,-0.0402,0.032863,8.7643
2.7688,2.0462,0.082953,-0.040196,0.032852,8.7698
2.7688,2.0462,0.082955,-0.040191,0.032842,8.7723
2.7689,2.0462,0.082957,-0.040185,0.032831,8.764
2.7689,2.0462,0.082958,-0.040177,0.032821,8.7659
2.769,2.0462,0.08296,-0.040166,0.03281,8.7656
2.7691,2.0462,0.082962,-0.040154,0.0328,8.7605
2.7691,2.0462,0.082963,-0.040149,0.032789,8.7602
2.7692,2.0462,0.082965,-0.040146,0.032778,8.7782
2.7692,2.0462,0.082967,-0.040144,0.032768,8.7713
2.7693,2.0462,0.082969,-0.040142,0.032757,8.7714
2.7693,2.0462,0.08297,-0.040142,0.032747,8.7821
2.7694,2.0462,0.082972,-0.040136,0.032736,8.7803
2.7694,2.0462,0.082974,-0.040129,0.032725,8.7708
2.7695,2.0462,0.082976,-0.040127,0.032715,8.7734
2.7695,2.0462,0.082977,-0.040127,0.032704,8.7747
2.7696,2.0462,0.082979,-0.040126,0.032694,8.7684
2.7696,2.0462,0.082981,-0.040123,0.032683,8.7721
2.7697,2.0462,0.082982,-0.040122,0.032672,8.7791
2.7697,2.0462,0.082984,-0.040128,0.032662,8.7751
2.7698,2.0462,0.082986,-0.040133,0.032651,8.7769
2.7698,2.0462,0.082988,-0.04014,0.032641,8.7836
2.7699,2.0462,0.082989,-0.040151,0.03263,8.77
2.7699,2.0462,0.082991,-0.04016,0.03262,8.7609
2.77,2.0462,0.082993,-0.040166,0.032609,8.7644
2.7701,2.0462,0.082994,-0.040169,0.032598,8.7568
2.7701,2.0462,0.082996,-0.040172,0.032585,8.7445
2.7702,2.0462,0.082998,-0.040172,0.032573,8.7521
2.7702,2.0462,0.083,-0.040168,0.032566,8.745
2.7703,2.0462,0.083001,-0.040161,0.032568,8.7365
2.7703,2.0462,0.083003,-0.040154,0.032572,8.7388
2.7704,2.0462,0.083005,-0.040148,0.032579,8.7458
2.7704,2.0462,0.083006,-0.040138,0.032587,8.7306
2.7705,2.0462,0.083008,-0.040126,0.032594,8.7323
2.7705,2.0462,0.08301,-0.040111,0.032599,8.7361
2.7706,2.0462,0.083012,-0.040092,0.032604,8.7222
2.7706,2.0462,0.083013,-0.040068,0.03261,8.7226
2.7707,2.0462,0.083015,-0.040042,0.03262,8.732
2.7707,2.0462,0.083017,-0.040018,0.032624,8.7218
2.7708,2.0462,0.083018,-0.039994,0.032628,8.7255
2.7708,2.0462,0.08302,-0.039969,0.03263,8.7409
2.7709,2.0462,0.083022,-0.039944,0.032632,8.7415
2.7709,2.0462,0.083024,-0.039919,0.032631,8.7359
2.771,2.0462,0.083025,-0.039896,0.032621,8.744
2.7711,2.0462,0.083027,-0.039874,0.032604,8.7403
2.7711,2.0462,0.083029,-0.039856,0.032584,8.7331
2.7712,2.0461,0.08303,-0.039838,0.032563,8.7327
2.7712,2.0461,0.083032,-0.039821,0.032544,8.7416
2.7713,2.0461,0.083034,-0.039803,0.032529,8.7341
2.7713,2.0461,0.083036,-0.039783,0.032519,8.7365
2.7714,2.0461,0.083037,-0.039764,0.03251,8.7509
2.7714,2.0461,0.083039,-0.039744,0.032496,8.7444
2.7715,2.0461,0.083041,-0.039723,0.032484,8.7433
2.7715,2.0461,0.083042,-0.0397,0.032465,8.749
2.7716,2.0461,0.083044,-0.039674,0.032442,8.7448
2.7716,2.0461,0.083046,-0.039647,0.032415,8.7345
2.7717,2.0461,0.083048,-0.03962,0.032387,8.7342
2.7717,2.0461,0.083049,-0.039591,0.032359,8.7403
2.7718,2.0461,0.083051,-0.039564,0.032331,8.737
2.7718,2.0461,0.083053,-0.039536,0.032305,8.747
2.7719,2.0461,0.083054,-0.039509,0.032285,8.7495
2.7719,2.0461,0.083056,-0.039482,0.032257,8.7358
2.772,2.0461,0.083058,-0.039455,0.032224,8.7423
2.7721,2.0461,0.083059,-0.03943,0.032189,8.7478
2.7721,2.0461,0.083061,-0.039404,0.032152,8.7371
2.7722,2.0461,0.083063,-0.039377,0.032115,8.7354
2.7722,2.0461,0.083065,-0.03935,0.032079,8.7397
2.7723,2.0461,0.083066,-0.039322,0.032044,8.7442
2.7723,2.0461,0.083068,-0.039294,0.032013,8.7449
2.7724,2.0461,0.08307,-0.039266,0.031978,8.7638
2.7724,2.0461,0.083071,-0.039237,0.031942,8.7624
2.7725,2.0461,0.083073,-0.039208,0.031904,8.7502
2.7725,2.0461,0.083075,-0.039178,0.031866,8.7572
2.7726,2.0461,0.083076,-0.039148,0.031826,8.7634
2.7726,2.0461,0.083078,-0.039118,0.031785,8.7583
2.7727,2.0461,0.08308,-0.039088,0.031744,8.7635
2.7727,2.0461,0.083081,-0.039057,0.031701,8.7714
2.7728,2.0461,0.083083,-0.039026,0.031657,8.7645
2.7728,2.0461,0.083085,-0.038994,0.031613,8.7716
2.7729,2.0461,0.083086,-0.038963,0.031567,8.7841
2.7729,2.0461,0.083088,-0.038931,0.031521,8.7805
2.773,2.0461,0.08309,-0.038899,0.031474,8.7784
2.7731,2.0461,0.083091,-0.038867,0.031427,8.7884
2.7731,2.0461,0.083093,-0.038835,0.031378,8.7836
2.7732,2.0461,0.083095,-0.038802,0.031329,8.7729
2.7732,2.0461,0.083096,-0.03877,0.031278,8.7842
2.7733,2.0461,0.083098,-0.038737,0.031227,8.7865
2.7733,2.0461,0.083099,-0.038704,0.031175,8.7708
2.7734,2.0461,0.083101,-0.038671,0.031122,8.7848
2.7734,2.0461,0.083103,-0.038638,0.031067,8.7894
2.7735,2.0461,0.083104,-0.038605,0.031012,8.7796
2.7735,2.0461,0.083106,-0.038573,0.030956,8.784
2.7736,2.0461,0.083108,-0.03854,0.030899,8.7895
2.7736,2.0461,0.083109,-0.038507,0.030842,8.7842
2.7737,2.0461,0.083111,-0.038474,0.030783,8.7809
2.7737,2.046,0.083112,-0.038442,0.030724,8.792
2.7738,2.046,0.083114,-0.038408,0.030664,8.7911
2.7738,2.046,0.083116,-0.038374,0.030604,8.7934
2.7739,2.046,0.083117,-0.03834,0.030543,8.8018
2.7739,2.046,0.083119,-0.038306,0.030481,8.805
2.774,2.046,0.083121,-0.038271,0.030419,8.7992
2.7741,2.046,0.083122,-0.038238,0.030356,8.8064
2.7741,2.046,0.083124,-0.038205,0.030293,8.8042
2.7742,2.046,0.083125,-0.038173,0.030229,8.7974
2.7742,2.046,0.083127,-0.038141,0.030165,8.8034
2.7743,2.046,0.083128,-0.038109,0.030101,8.8075
2.7743,2.046,0.08313,-0.038078,0.030036,8.8008
2.7744,2.046,0.083132,-0.038047,0.029971,8.807
2.7744,2.046,0.083133,-0.038015,0.029905,8.8208
2.7745,2.046,0.083135,-0.037985,0.029839,8.81
2.7745,2.046,0.083136,-0.037955,0.029773,8.8117
2.7746,2.046,0.083138,-0.037924,0.029707,8.8257
2.7746,2.046,0.083139,-0.037891,0.02964,8.8173
2.7747,2.046,0.083141,-0.037858,0.029574,8.8051
2.7747,2.046,0.083143,-0.037825,0.029507,8.8109
2.7748,2.046,0.083144,-0.037793,0.02944,8.8155
2.7748,2.046,0.083146,-0.037762,0.029374,8.8042
2.7749,2.046,0.083147,-0.037734,0.029308,8.8148
2.7749,2.046,0.083149,-0.037706,0.029241,8.8233
2.775,2.046,0.08315,-0.037679,0.029175,8.8091
2.7751,2.046,0.083152,-0.037651,0.02911,8.8188
2.7751,2.046,0.083153,-0.037625,0.029044,8.8253
2.7752,2.046,0.083155,-0.037599,0.028979,8.8178
2.7752,2.046,0.083156,-0.037573,0.028914,8.8047
2.7753,2.046,0.083158,-0.037548,0.028849,8.8195
2.7753,2.046,0.083159,-0.037523,0.028784,8.8133
2.7754,2.046,0.083161,-0.037499,0.02872,8.8065
2.7754,2.046,0.083162,-0.037476,0.028656,8.8159
2.7755,2.046,0.083164,-0.037455,0.028592,8.8177
2.7755,2.046,0.083165,-0.037434,0.028529,8.8132
2.7756,2.046,0.083167,-0.037407,0.028465,8.8164
2.7756,2.046,0.083168,-0.037376,0.028402,8.8172
2.7757,2.046,0.08317,-0.037343,0.02834,8.8091
2.7757,2.046,0.083171,-0.03731,0.028277,8.803
2.7758,2.046,0.083173,-0.03728,0.028215,8.8068
2.7758,2.046,0.083174,-0.037254,0.028154,8.7953
2.7759,2.046,0.083176,-0.037237,0.028092,8.8008
2.7759,2.046,0.083177,-0.037221,0.028031,8.8082
2.776,2.046,0.083179,-0.037197,0.027971,8.7987
2.7761,2.046,0.08318,-0.037169,0.02791,8.7975
2.7761,2.046,0.083182,-0.037139,0.027851,8.807
2.7762,2.046,0.083183,-0.03711,0.027792,8.7972
2.7762,2.046,0.083185,-0.037083,0.027733,8.7852
2.7763,2.046,0.083186,-0.03706,0.027675,8.7878
2.7763,2.046,0.083188,-0.037045,0.027617,8.7882
2.7764,2.0459,0.083189,-0.037033,0.027561,8.7771
2.7764,2.0459,0.083191,-0.037018,0.027504,8.7853
2.7765,2.0459,0.083192,-0.037005,0.027449,8.7901
2.7765,2.0459,0.083193,-0.036992,0.027394,8.7803
2.7766,2.0459,0.083195,-0.036975,0.027339,8.7876
2.7766,2.0459,0.083196,-0.036951,0.027286,8.7926
2.7767,2.0459,0.083198,-0.036925,0.027233,8.7854
2.7767,2.0459,0.083199,-0.036897,0.027181,8.7847
2.7768,2.0459,0.083201,-0.036865,0.027129,8.7908
2.7768,2.0459,0.083202,-0.036833,0.027078,8.7816
2.7769,2.0459,0.083203,-0.036809,0.027028,8.7827
2.7769,2.0459,0.083205,-0.036786,0.026979,8.7931
2.777,2.0459,0.083206,-0.036766,0.02693,8.7922
2.7771,2.0459,0.083208,-0.036744,0.026883,8.7817
2.7771,2.0459,0.083209,-0.036725,0.026836,8.7905
2.7772,2.0459,0.08321,-0.036709,0.02679,8.7866
2.7772,2.0459,0.083212,-0.036689,0.026745,8.7771
2.7773,2.0459,0.083213,-0.03667,0.026701,8.7803
2.7773,2.0459,0.083215,-0.036657,0.026657,8.7892
2.7774,2.0459,0.083216,-0.036644,0.026615,8.782
2.7774,2.0459,0.083217,-0.036632,0.026573,8.7846
2.7775,2.0459,0.083219,-0.036611,0.026533,8.7877
2.7775,2.0459,0.08322,-0.036589,0.026493,8.7818
2.7776,2.0459,0.083222,-0.036571,0.026455,8.7809
2.7776,2.0459,0.083223,-0.036552,0.026417,8.7952
2.7777,2.0459,0.083224,-0.036534,0.026394,8.7848
2.7777,2.0459,0.083226,-0.036518,0.026363,8.7836
2.7778,2.0459,0.083227,-0.036501,0.026294,8.791
2.7778,2.0459,0.083229,-0.036479,0.026197,8.7923
2.7779,2.0459,0.08323,-0.03645,0.026088,8.7818
2.7779,2.0459,0.083231,-0.03642,0.025982,8.7953
2.778,2.0459,0.083233,-0.036396,0.025894,8.7983
2.7781,2.0459,0.083234,-0.036378,0.02585,8.7963
2.7781,2.0459,0.083235,-0.036367,0.025842,8.8037
2.7782,2.0459,0.083237,-0.036362,0.025805,8.8082
2.7782,2.0459,0.083238,-0.036363,0.025735,8.8053
2.7783,2.0459,0.083239,-0.036366,0.025652,8.8133
2.7783,2.0459,0.083241,-0.036369,0.025575,8.8181
2.7784,2.0459,0.083242,-0.036373,0.025516,8.812
2.7784,2.0459,0.083244,-0.03638,0.025502,8.8062
2.7785,2.0459,0.083245,-0.036385,0.025521,8.8234
2.7785,2.0459,0.083246,-0.036389,0.025523,8.8229
2.7786,2.0459,0.083248,-0.036394,0.025462,8.8198
2.7786,2.0459,0.083249,-0.036397,0.025376,8.8266
2.7787,2.0459,0.08325,-0.0364,0.025286,8.8259
2.7787,2.0459,0.083252,-0.036401,0.025213,8.8224
2.7788,2.0459,0.083253,-0.036402,0.025176,8.8223
2.7788,2.0459,0.083254,-0.036406,0.025194,8.828
2.7789,2.0459,0.083256,-0.036413,0.02524,8.8165
2.7789,2.0459,0.083257,-0.036422,0.025296,8.8253
2.779,2.0459,0.083258,-0.036433,0.025337,8.8343
2.7791,2.0459,0.08326,-0.036438,0.025379,8.832
2.7791,2.0458,0.083261,-0.036443,0.025422,8.8307
2.7792,2.0458,0.083262,-0.036448,0.025465,8.8417
2.7792,2.0458,0.083264,-0.036452,0.02551,8.8324
2.7793,2.0458,0.083265,-0.036455,0.025569,8.8276
2.7793,2.0458,0.083266,-0.036464,0.025604,8.8331
2.7794,2.0458,0.083268,-0.036474,0.025638,8.8287
2.7794,2.0458,0.083269,-0.03648,0.025654,8.8196
2.7795,2.0458,0.08327,-0.036485,0.025643,8.8276
2.7795,2.0458,0.083272,-0.036492,0.025603,8.8369
2.7796,2.0458,0.083273,-0.036504,0.025526,8.8334
2.7796,2.0458,0.083274,-0.036512,0.025446,8.8335
2.7797,2.0458,0.083276,-0.036515,0.025398,8.84
2.7797,2.0458,0.083277,-0.036517,0.025385,8.8322
2.7798,2.0458,0.083278,-0.036515,0.025407,8.8306
2.7798,2.0458,0.08328,-0.036508,0.025453,8.8289
2.7799,2.0458,0.083281,-0.036502,0.025518,8.8142
2.7799,2.0458,0.083282,-0.036498,0.025591,8.8184
2.78,2.0458,0.083284,-0.036493,0.025655,8.8263
2.7801,2.0458,0.083285,-0.036487,0.025749,8.8212
2.7801,2.0458,0.083286,-0.036483,0.025835,8.8123
2.7802,2.0458,0.083288,-0.036479,0.025939,8.8162
2.7802,2.0458,0.083289,-0.036476,0.025985,8.8119
2.7803,2.0458,0.083291,-0.036472,0.02601,8.8084
2.7803,2.0458,0.083292,-0.036468,0.026029,8.8099
2.7804,2.0458,0.083293,-0.036465,0.026068,8.8137
2.7804,2.0458,0.083295,-0.036463,0.026104,8.7999
2.7805,2.0458,0.083296,-0.036462,0.026161,8.7997
2.7805,2.0458,0.083297,-0.036464,0.026225,8.8084
2.7806,2.0458,0.083299,-0.036467,0.026296,8.8046
2.7806,2.0458,0.0833,-0.036471,0.026311,8.8058
2.7807,2.0458,0.083302,-0.036474,0.026315,8.8154
2.7807,2.0458,0.083303,-0.036478,0.026339,8.803
2.7808,2.0458,0.083304,-0.036482,0.02638,8.7955
2.7808,2.0458,0.083306,-0.036487,0.026376,8.8041
2.7809,2.0458,0.083307,-0.036492,0.026396,8.8004
2.7809,2.0458,0.083308,-0.036496,0.026433,8.7864
2.781,2.0458,0.08331,-0.036499,0.026487,8.7929
2.7811,2.0458,0.083311,-0.036501,0.026526,8.7955
2.7811,2.0458,0.083313,-0.036503,0.026565,8.7844
2.7812,2.0458,0.083314,-0.036504,0.026611,8.7865
2.7812,2.0458,0.083315,-0.036506,0.026632,8.7956
2.7813,2.0458,0.083317,-0.036509,0.026611,8.7825
2.7813,2.0458,0.083318,-0.036511,0.026578,8.7852
2.7814,2.0458,0.08332,-0.036514,0.026542,8.7822
2.7814,2.0458,0.083321,-0.036517,0.026555,8.7738
2.7815,2.0458,0.083322,-0.036518,0.026621,8.7719
2.7815,2.0458,0.083324,-0.036521,0.026755,8.781
2.7816,2.0458,0.083325,-0.036522,0.026906,8.7766
2.7816,2.0458,0.083327,-0.036523,0.027067,8.7756
2.7817,2.0458,0.083328,-0.036523,0.027225,8.7891
2.7817,2.0458,0.08333,-0.036523,0.027358,8.78
2.7818,2.0458,0.083331,-0.036523,0.02749,8.7705
2.7818,2.0457,0.083333,-0.036523,0.027639,8.7793
2.7819,2.0457,0.083334,-0.036523,0.027789,8.7764
2.7819,2.0457,0.083335,-0.036523,0.027966,8.7661
2.782,2.0457,0.083337,-0.036523,0.028104,8.77
2.7821,2.0457,0.083338,-0.036523,0.028205,8.7782
2.7821,2.0457,0.08334,-0.036523,0.028267,8.7684
2.7822,2.0457,0.083341,-0.036523,0.028275,8.7715
2.7822,2.0457,0.083343,-0.036523,0.028284,8.7829
2.7823,2.0457,0.083344,-0.036523,0.028307,8.775
2.7823,2.0457,0.083346,-0.036523,0.028328,8.7685
2.7824,2.0457,0.083347,-0.036524,0.028382,8.7783
2.7824,2.0457,0.083349,-0.036524,0.028437,8.7735
2.7825,2.0457,0.08335,-0.036524,0.028486,8.758
2.7825,2.0457,0.083352,-0.036524,0.028522,8.7642
2.7826,2.0457,0.083353,-0.036524,0.028533,8.7731
2.7826,2.0457,0.083355,-0.036524,0.028565,8.764
2.7827,2.0457,0.083356,-0.036524,0.028602,8.7662
2.7827,2.0457,0.083358,-0.036524,0.028646,8.7755
2.7828,2.0457,0.083359,-0.036524,0.028697,8.7684
2.7828,2.0457,0.083361,-0.036524,0.028749,8.7679
2.7829,2.0457,0.083362,-0.036524,0.028805,8.7646
2.7829,2.0457,0.083364,-0.036524,0.028863,8.7599
2.783,2.0457,0.083365,-0.036524,0.028924,8.7523
2.7831,2.0457,0.083367,-0.036524,0.028989,8.7653
2.7831,2.0457,0.083368,-0.036524,0.029056,8.7626
2.7832,2.0457,0.08337,-0.036525,0.029126,8.7606
2.7832,2.0457,0.083372,-0.036525,0.029198,8.7736
2.7833,2.0457,0.083373,-0.036525,0.029274,8.7749
2.7833,2.0457,0.083375,-0.036525,0.029352,8.761
2.7834,2.0457,0.083376,-0.036525,0.029433,8.7717
2.7834,2.0457,0.083378,-0.036525,0.029517,8.768
2.7835,2.0457,0.083379,-0.036525,0.029603,8.7628
2.7835,2.0457,0.083381,-0.036525,0.029691,8.7672
2.7836,2.0457,0.083382,-0.036525,0.029782,8.7759
2.7836,2.0457,0.083384,-0.036525,0.029875,8.7693
2.7837,2.0457,0.083386,-0.036525,0.029973,8.7722
2.7837,2.0457,0.083387,-0.036525,0.030069,8.7798
2.7838,2.0457,0.083389,-0.036525,0.030164,8.7734
2.7838,2.0457,0.08339,-0.036525,0.030259,8.7658
2.7839,2.0457,0.083392,-0.036525,0.030358,8.775
2.7839,2.0457,0.083394,-0.036526,0.030459,8.7653
2.784,2.0457,0.083395,-0.036526,0.030559,8.7506
2.7841,2.0457,0.083397,-0.036526,0.030658,8.7632
2.7841,2.0457,0.083398,-0.036526,0.030753,8.7675
2.7842,2.0457,0.0834,-0.036526,0.030843,8.7564
2.7842,2.0457,0.083402,-0.036526,0.030937,8.7656
2.7843,2.0457,0.083403,-0.036526,0.031038,8.7776
2.7843,2.0457,0.083405,-0.036526,0.031152,8.7676
2.7844,2.0457,0.083407,-0.036526,0.031274,8.7704
2.7844,2.0457,0.083408,-0.036526,0.031405,8.7715
2.7845,2.0457,0.08341,-0.036526,0.031537,8.7621
2.7845,2.0457,0.083412,-0.036526,0.03166,8.7588
2.7846,2.0456,0.083413,-0.036526,0.03178,8.7679
2.7846,2.0456,0.083415,-0.036526,0.031898,8.759
2.7847,2.0456,0.083417,-0.036526,0.032019,8.754
2.7847,2.0456,0.083418,-0.036531,0.032144,8.7677
2.7848,2.0456,0.08342,-0.036533,0.032275,8.7739
2.7848,2.0456,0.083422,-0.03652,0.032414,8.7589
2.7849,2.0456,0.083423,-0.036498,0.032556,8.7677
2.7849,2.0456,0.083425,-0.036473,0.032696,8.7659
2.785,2.0456,0.083427,-0.036449,0.032839,8.7574
2.7851,2.0456,0.083429,-0.036431,0.032977,8.7628
2.7851,2.0456,0.08343,-0.036429,0.033114,8.7742
2.7852,2.0456,0.083432,-0.036438,0.033249,8.7639
2.7852,2.0456,0.083434,-0.036436,0.033386,8.7645
2.7853,2.0456,0.083436,-0.03642,0.033521,8.78
2.7853,2.0456,0.083437,-0.0364,0.033655,8.774
2.7854,2.0456,0.083439,-0.036382,0.033791,8.7682
2.7854,2.0456,0.083441,-0.03637,0.033931,8.7798
2.7855,2.0456,0.083443,-0.036368,0.034069,8.7695
2.7855,2.0456,0.083445,-0.036381,0.034209,8.7587
2.7856,2.0456,0.083446,-0.036403,0.034353,8.7621
2.7856,2.0456,0.083448,-0.036415,0.034501,8.7709
2.7857,2.0456,0.08345,-0.036418,0.034647,8.7635
2.7857,2.0456,0.083452,-0.036403,0.034793,8.7728
2.7858,2.0456,0.083454,-0.036379,0.034938,8.7817
2.7858,2.0456,0.083455,-0.036352,0.035084,8.7737
2.7859,2.0456,0.083457,-0.036332,0.035229,8.7842
2.7859,2.0456,0.083459,-0.036324,0.035374,8.792
2.786,2.0456,0.083461,-0.036335,0.035519,8.787
2.7861,2.0456,0.083463,-0.03636,0.035663,8.783
2.7861,2.0456,0.083465,-0.036385,0.035807,8.8005
2.7862,2.0456,0.083467,-0.03639,0.035949,8.7912
2.7862,2.0456,0.083469,-0.036391,0.036091,8.7847
2.7863,2.0456,0.083471,-0.036385,0.036232,8.7974
2.7863,2.0456,0.083472,-0.03637,0.036372,8.7984
2.7864,2.0456,0.083474,-0.036349,0.036511,8.7946
2.7864,2.0456,0.083476,-0.036326,0.036649,8.791
2.7865,2.0456,0.083478,-0.036306,0.036785,8.7885
2.7865,2.0456,0.08348,-0.036277,0.03692,8.7746
2.7866,2.0456,0.083482,-0.036251,0.037053,8.7716
2.7866,2.0456,0.083484,-0.036233,0.037185,8.7686
2.7867,2.0456,0.083486,-0.03623,0.037315,8.7607
2.7867,2.0456,0.083488,-0.036236,0.037443,8.7608
2.7868,2.0456,0.08349,-0.036245,0.03757,8.7714
2.7868,2.0456,0.083492,-0.036253,0.037695,8.7598
2.7869,2.0456,0.083494,-0.036255,0.037819,8.7539
2.7869,2.0456,0.083496,-0.036242,0.037942,8.7629
2.787,2.0456,0.083498,-0.036238,0.038063,8.7525
2.7871,2.0456,0.0835,-0.036234,0.038182,8.7416
2.7871,2.0456,0.083502,-0.036241,0.038299,8.7462
2.7872,2.0456,0.083504,-0.036251,0.038414,8.7423
2.7872,2.0456,0.083506,-0.036261,0.038528,8.7304
2.7873,2.0456,0.083508,-0.036269,0.038639,8.739
2.7873,2.0456,0.08351,-0.036273,0.038749,8.7534
2.7874,2.0455,0.083512,-0.03627,0.038856,8.7387
2.7874,2.0455,0.083514,-0.036275,0.03896,8.7457
2.7875,2.0455,0.083516,-0.036283,0.039063,8.7536
2.7875,2.0455,0.083518,-0.036292,0.039163,8.7457
2.7876,2.0455,0.08352,-0.036303,0.03926,8.7426
2.7876,2.0455,0.083522,-0.036317,0.03934,8.7549
2.7877,2.0455,0.083525,-0.036333,0.039426,8.7413
2.7877,2.0455,0.083527,-0.03635,0.039551,8.742
2.7878,2.0455,0.083529,-0.03637,0.039703,8.7558
2.7878,2.0455,0.083531,-0.036391,0.03987,8.7518
2.7879,2.0455,0.083533,-0.036415,0.040038,8.7447
2.7879,2.0455,0.083535,-0.03644,0.040193,8.7504
2.788,2.0455,0.083537,-0.036467,0.040306,8.7467
2.7881,2.0455,0.083539,-0.036496,0.040384,8.7382
2.7881,2.0455,0.083541,-0.036527,0.040491,8.7414
2.7882,2.0455,0.083544,-0.03656,0.040639,8.7458
2.7882,2.0455,0.083546,-0.036594,0.040802,8.7311
2.7883,2.0455,0.083548,-0.03663,0.040966,8.7357
2.7883,2.0455,0.08355,-0.036668,0.041117,8.7479
2.7884,2.0455,0.083552,-0.036707,0.041226,8.736
2.7884,2.0455,0.083554,-0.036748,0.0413,8.7307
2.7885,2.0455,0.083557,-0.03679,0.041387,8.7463
2.7885,2.0455,0.083559,-0.036834,0.04154,8.743
2.7886,2.0455,0.083561,-0.03688,0.041726,8.7273
2.7886,2.0455,0.083563,-0.036927,0.041924,8.7341
2.7887,2.0455,0.083565,-0.036975,0.042115,8.7329
2.7887,2.0455,0.083568,-0.037025,0.042277,8.7207
2.7888,2.0455,0.08357,-0.037076,0.042386,8.7358
2.7888,2.0455,0.083572,-0.037128,0.042466,8.7446
2.7889,2.0455,0.083574,-0.037182,0.042532,8.7461
2.7889,2.0455,0.083577,-0.037237,0.042609,8.7502
2.789,2.0455,0.083579,-0.037294,0.042683,8.759
2.7891,2.0455,0.083581,-0.037351,0.042752,8.7552
2.7891,2.0455,0.083583,-0.03741,0.042819,8.7567
2.7892,2.0455,0.083586,-0.03747,0.042881,8.7643
2.7892,2.0455,0.083588,-0.037531,0.042925,8.7613
2.7893,2.0455,0.08359,-0.037593,0.042989,8.761
2.7893,2.0455,0.083592,-0.037657,0.043053,8.775
2.7894,2.0455,0.083595,-0.037721,0.043133,8.7718
2.7894,2.0455,0.083597,-0.037786,0.043242,8.7666
2.7895,2.0455,0.083599,-0.037852,0.043385,8.784
2.7895,2.0455,0.083601,-0.03792,0.043575,8.7821
2.7896,2.0455,0.083604,-0.037988,0.043779,8.7734
2.7896,2.0455,0.083606,-0.038057,0.043962,8.7734
2.7897,2.0455,0.083608,-0.038126,0.04412,8.7816
2.7897,2.0455,0.083611,-0.038197,0.044247,8.7713
2.7898,2.0455,0.083613,-0.038268,0.044353,8.7795
2.7898,2.0455,0.083615,-0.03834,0.044441,8.7945
2.7899,2.0455,0.083618,-0.038413,0.044518,8.7879
2.7899,2.0455,0.08362,-0.038487,0.044604,8.7904
2.79,2.0455,0.083622,-0.038561,0.044662,8.7994
2.7901,2.0454,0.083625,-0.038636,0.044723,8.7945
2.7901,2.0454,0.083627,-0.038711,0.044758,8.7904
2.7902,2.0454,0.083629,-0.038787,0.044838,8.8027
2.7902,2.0454,0.083632,-0.038863,0.044938,8.8038
2.7903,2.0454,0.083634,-0.03894,0.045043,8.7969
2.7903,2.0454,0.083637,-0.039018,0.045125,8.8031
2.7904,2.0454,0.083639,-0.039101,0.045208,8.819
2.7904,2.0454,0.083641,-0.03918,0.045272,8.8133
2.7905,2.0454,0.083644,-0.039251,0.045325,8.8122
2.7905,2.0454,0.083646,-0.039309,0.045364,8.8186
2.7906,2.0454,0.083649,-0.039355,0.045453,8.8091
2.7906,2.0454,0.083651,-0.03939,0.045558,8.8147
2.7907,2.0454,0.083653,-0.039418,0.045644,8.8146
2.7907,2.0454,0.083656,-0.039447,0.045714,8.811
2.7908,2.0454,0.083658,-0.039483,0.045827,8.8051
2.7908,2.0454,0.083661,-0.039523,0.04592,8.8188
2.7909,2.0454,0.083663,-0.039566,0.046005,8.8136
2.7909,2.0454,0.083665,-0.039611,0.046079,8.8075
2.791,2.0454,0.083668,-0.039654,0.046172,8.8181
2.7911,2.0454,0.08367,-0.039709,0.046268,8.8143
2.7911,2.0454,0.083673,-0.039767,0.046357,8.803
2.7912,2.0454,0.083675,-0.039839,0.04647,8.8063
2.7912,2.0454,0.083678,-0.039915,0.046623,8.8108
2.7913,2.0454,0.08368,-0.039998,0.046795,8.7976
2.7913,2.0454,0.083683,-0.04009,0.046983,8.7975
2.7914,2.0454,0.083685,-0.040187,0.047127,8.8158
2.7914,2.0454,0.083688,-0.040288,0.047226,8.8089
2.7915,2.0454,0.08369,-0.0404,0.047257,8.8018
2.7915,2.0454,0.083692,-0.040515,0.047267,8.8161
2.7916,2.0454,0.083695,-0.040636,0.047259,8.8143
2.7916,2.0454,0.083697,-0.040753,0.047245,8.805
2.7917,2.0454,0.0837,-0.040859,0.047246,8.807
2.7917,2.0454,0.083702,-0.040949,0.047238,8.8109
2.7918,2.0454,0.083705,-0.041017,0.047196,8.7989
2.7918,2.0454,0.083707,-0.041074,0.047151,8.8108
2.7919,2.0454,0.08371,-0.041123,0.047069,8.8211
2.7919,2.0454,0.083712,-0.041183,0.047019,8.8095
2.792,2.0454,0.083715,-0.041247,0.046997,8.8175
2.7921,2.0454,0.083717,-0.041323,0.047012,8.8264
2.7921,2.0454,0.08372,-0.041402,0.04708,8.8105
2.7922,2.0454,0.083722,-0.041478,0.047149,8.8116
2.7922,2.0454,0.083725,-0.041545,0.047203,8.8122
2.7923,2.0454,0.083727,-0.041621,0.047266,8.8077
2.7923,2.0454,0.08373,-0.041691,0.047297,8.8023
2.7924,2.0454,0.083732,-0.041773,0.047327,8.8058
2.7924,2.0454,0.083735,-0.041864,0.047364,8.8083
2.7925,2.0454,0.083737,-0.041965,0.047416,8.8041
2.7925,2.0453,0.08374,-0.042073,0.047496,8.8106
2.7926,2.0453,0.083742,-0.042189,0.047561,8.8083
2.7926,2.0453,0.083745,-0.042308,0.047623,8.7941
2.7927,2.0453,0.083747,-0.042434,0.047682,8.7927
2.7927,2.0453,0.08375,-0.042553,0.047736,8.7979
2.7928,2.0453,0.083752,-0.042675,0.047792,8.7845
2.7928,2.0453,0.083755,-0.042802,0.047847,8.7854
2.7929,2.0453,0.083757,-0.042934,0.047902,8.7994
2.7929,2.0453,0.08376,-0.043054,0.047956,8.793
2.793,2.0453,0.083762,-0.043174,0.048011,8.7967
2.7931,2.0453,0.083765,-0.043277,0.048064,8.807
2.7931,2.0453,0.083767,-0.043371,0.048117,8.7993
2.7932,2.0453,0.08377,-0.043469,0.04817,8.7975
2.7932,2.0453,0.083772,-0.043557,0.048222,8.8052
2.7933,2.0453,0.083775,-0.043643,0.048273,8.8044
2.7933,2.0453,0.083778,-0.043739,0.048324,8.7929
2.7934,2.0453,0.08378,-0.04383,0.048375,8.8043
2.7934,2.0453,0.083783,-0.043916,0.048425,8.8118
2.7935,2.0453,0.083785,-0.043998,0.048474,8.8047
2.7935,2.0453,0.083788,-0.044076,0.048523,8.809
2.7936,2.0453,0.08379,-0.044153,0.048571,8.8138
2.7936,2.0453,0.083793,-0.04421,0.048616,8.8011
2.7937,2.0453,0.083795,-0.044269,0.048665,8.7959
2.7937,2.0453,0.083798,-0.044326,0.048716,8.8006
2.7938,2.0453,0.083801,-0.044378,0.048769,8.7971
2.7938,2.0453,0.083803,-0.044438,0.04882,8.7915
2.7939,2.0453,0.083806,-0.044511,0.048872,8.7971
2.7939,2.0453,0.083808,-0.044575,0.048926,8.7919
2.794,2.0453,0.083811,-0.044634,0.048984,8.787
2.7941,2.0453,0.083813,-0.044696,0.049048,8.7873
2.7941,2.0453,0.083816,-0.044755,0.049121,8.7916
2.7942,2.0453,0.083819,-0.044805,0.049194,8.7843
2.7942,2.0453,0.083821,-0.044857,0.049263,8.7927
2.7943,2.0453,0.083824,-0.044923,0.049322,8.7978
2.7943,2.0453,0.083826,-0.044998,0.049374,8.787
2.7944,2.0453,0.083829,-0.045066,0.049419,8.7951
2.7944,2.0453,0.083832,-0.045129,0.049462,8.8044
2.7945,2.0453,0.083834,-0.045186,0.049516,8.802
2.7945,2.0453,0.083837,-0.045217,0.049574,8.8005
2.7946,2.0453,0.083839,-0.045238,0.049636,8.8145
2.7946,2.0453,0.083842,-0.04526,0.049698,8.8067
2.7947,2.0453,0.083845,-0.045291,0.049757,8.7974
2.7947,2.0453,0.083847,-0.04534,0.049812,8.8056
2.7948,2.0452,0.08385,-0.045401,0.049859,8.8023
2.7948,2.0452,0.083853,-0.045477,0.049904,8.7962
2.7949,2.0452,0.083855,-0.045552,0.049951,8.8019
2.7949,2.0452,0.083858,-0.045612,0.049996,8.8158
2.795,2.0452,0.08386,-0.045655,0.050044,8.8129
2.7951,2.0452,0.083863,-0.045687,0.050096,8.814
2.7951,2.0452,0.083866,-0.045715,0.050149,8.8278
2.7952,2.0452,0.083868,-0.04575,0.050201,8.8209
2.7952,2.0452,0.083871,-0.045794,0.050256,8.8164
2.7953,2.0452,0.083874,-0.045847,0.050314,8.8198
2.7953,2.0452,0.083876,-0.045896,0.05037,8.8087
2.7954,2.0452,0.083879,-0.045934,0.050423,8.8029
2.7954,2.0452,0.083882,-0.045957,0.050478,8.8166
2.7955,2.0452,0.083884,-0.045971,0.050532,8.8165
2.7955,2.0452,0.083887,-0.045981,0.050582,8.812
2.7956,2.0452,0.08389,-0.046002,0.050627,8.8241
2.7956,2.0452,0.083892,-0.046032,0.050675,8.8278
2.7957,2.0452,0.083895,-0.046079,0.050721,8.8213
2.7957,2.0452,0.083898,-0.046133,0.050767,8.8255
2.7958,2.0452,0.0839,-0.046188,0.050812,8.8253
2.7958,2.0452,0.083903,-0.046241,0.050857,8.8197
2.7959,2.0452,0.083906,-0.046282,0.050901,8.8205
2.7959,2.0452,0.083908,-0.046304,0.050945,8.8336
2.796,2.0452,0.083911,-0.04632,0.050988,8.8382
2.7961,2.0452,0.083914,-0.046325,0.05103,8.8374
2.7961,2.0452,0.083916,-0.046346,0.051073,8.8534
2.7962,2.0452,0.083919,-0.04637,0.051114,8.8507
2.7962,2.0452,0.083922,-0.046401,0.051156,8.8395
2.7963,2.0452,0.083924,-0.046441,0.051198,8.8399
2.7963,2.0452,0.083927,-0.046495,0.05124,8.833
2.7964,2.0452,0.08393,-0.046557,0.051282,8.8238
2.7964,2.0452,0.083933,-0.046629,0.051325,8.8273
2.7965,2.0452,0.083935,-0.046704,0.051367,8.8341
2.7965,2.0452,0.083938,-0.046782,0.051411,8.8282
2.7966,2.0452,0.083941,-0.046853,0.051452,8.8289
2.7966,2.0452,0.083943,-0.04691,0.051496,8.8315
2.7967,2.0452,0.083946,-0.046955,0.051546,8.8222
2.7967,2.0452,0.083949,-0.047001,0.051604,8.8217
2.7968,2.0452,0.083952,-0.047049,0.051665,8.8183
2.7968,2.0452,0.083954,-0.047102,0.051729,8.8157
2.7969,2.0452,0.083957,-0.047181,0.051795,8.811
2.7969,2.0451,0.08396,-0.047253,0.05186,8.8173
2.797,2.0451,0.083962,-0.047319,0.051922,8.821
2.7971,2.0451,0.083965,-0.047365,0.051986,8.8128
2.7971,2.0451,0.083968,-0.047397,0.052051,8.8217
2.7972,2.0451,0.083971,-0.047419,0.05212,8.828
2.7972,2.0451,0.083973,-0.047437,0.052184,8.8182
2.7973,2.0451,0.083976,-0.047452,0.052248,8.8262
2.7973,2.0451,0.083979,-0.047493,0.05231,8.822
2.7974,2.0451,0.083982,-0.047543,0.052372,8.8085
2.7974,2.0451,0.083984,-0.047606,0.052433,8.8094
2.7975,2.0451,0.083987,-0.047686,0.052493,8.8211
2.7975,2.0451,0.08399,-0.047783,0.052552,8.8122
2.7976,2.0451,0.083993,-0.047885,0.052611,8.8147
2.7976,2.0451,0.083995,-0.04798,0.05267,8.8256
2.7977,2.0451,0.083998,-0.048054,0.052729,8.8214
2.7977,2.0451,0.084001,-0.048118,0.052787,8.8097
2.7978,2.0451,0.084004,-0.048171,0.052846,8.8142
2.7978,2.0451,0.084007,-0.048217,0.052905,8.8081
2.7979,2.0451,0.084009,-0.048264,0.052963,8.7955
2.7979,2.0451,0.084012,-0.048318,0.053022,8.7952
2.798,2.0451,0.084015,-0.048375,0.053081,8.7941
2.7981,2.0451,0.084018,-0.048436,0.05314,8.7916
2.7981,2.0451,0.084021,-0.048499,0.053198,8.7955
2.7982,2.0451,0.084023,-0.048562,0.053257,8.7998
2.7982,2.0451,0.084026,-0.048625,0.053315,8.788
2.7983,2.0451,0.084029,-0.048688,0.053373,8.7841
2.7983,2.0451,0.084032,-0.048753,0.053432,8.7842
2.7984,2.0451,0.084035,-0.04882,0.05349,8.7711
2.7984,2.0451,0.084037,-0.048888,0.053576,8.7664
2.7985,2.0451,0.08404,-0.048959,0.053642,8.7707
2.7985,2.0451,0.084043,-0.049032,0.053641,8.7652
2.7986,2.0451,0.084046,-0.049108,0.053594,8.7635
2.7986,2.0451,0.084049,-0.049185,0.05349,8.7713
2.7987,2.0451,0.084052,-0.049262,0.053318,8.7833
2.7987,2.0451,0.084054,-0.049342,0.05312,8.7701
2.7988,2.0451,0.084057,-0.049422,0.05294,8.7748
2.7988,2.0451,0.08406,-0.049503,0.052828,8.7799
2.7989,2.0451,0.084063,-0.049584,0.052751,8.7736
2.7989,2.0451,0.084065,-0.049669,0.052697,8.7704
2.799,2.045,0.084068,-0.049756,0.052692,8.7785
2.7991,2.045,0.084071,-0.049846,0.052704,8.7707
2.7991,2.045,0.084074,-0.049939,0.052707,8.7753
2.7992,2.045,0.084077,-0.050033,0.052718,8.7843
2.7992,2.045,0.084079,-0.050128,0.052736,8.7794
2.7993,2.045,0.084082,-0.050224,0.052761,8.7704
2.7993,2.045,0.084085,-0.050319,0.052793,8.7799
2.7994,2.045,0.084088,-0.050415,0.052831,8.7714
2.7994,2.045,0.08409,-0.050511,0.052877,8.755
2.7995,2.045,0.084093,-0.050608,0.052929,8.7608
2.7995,2.045,0.084096,-0.050705,0.052987,8.7613
2.7996,2.045,0.084099,-0.050801,0.053052,8.75
2.7996,2.045,0.084102,-0.050898,0.053122,8.7506
2.7997,2.045,0.084104,-0.050994,0.053198,8.7571
2.7997,2.045,0.084107,-0.051091,0.053281,8.7496
2.7998,2.045,0.08411,-0.051187,0.053369,8.744
2.7998,2.045,0.084113,-0.051283,0.053464,8.7476
2.7999,2.045,0.084116,-0.051379,0.053564,8.7513
2.7999,2.045,0.084118,-0.05147,0.053671,8.7358
2.8,2.045,0.084121,-0.051566,0.053783,8.7487
2.8001,2.045,0.084124,-0.051664,0.053901,8.7477
2.8001,2.045,0.084127,-0.051762,0.054023,8.7452
2.8002,2.045,0.08413,-0.051862,0.054152,8.7567
2.8002,2.045,0.084133,-0.051957,0.054285,8.7642
2.8003,2.045,0.084136,-0.05205,0.054423,8.765
2.8003,2.045,0.084138,-0.052138,0.054567,8.7706
2.8004,2.045,0.084141,-0.052225,0.054715,8.7701
2.8004,2.045,0.084144,-0.052326,0.054869,8.7673
2.8005,2.045,0.084147,-0.052439,0.055026,8.7611
2.8005,2.045,0.08415,-0.052566,0.055188,8.7739
2.8006,2.045,0.084153,-0.052705,0.055355,8.7679
2.8006,2.045,0.084156,-0.05285,0.055526,8.773
2.8007,2.045,0.084159,-0.052999,0.055701,8.78
2.8007,2.045,0.084162,-0.053146,0.05588,8.7724
2.8008,2.045,0.084165,-0.053295,0.056063,8.7755
2.8008,2.045,0.084168,-0.053446,0.05625,8.7788
2.8009,2.045,0.084171,-0.053597,0.056441,8.7727
2.8009,2.0449,0.084174,-0.053756,0.056635,8.7647
2.801,2.0449,0.084177,-0.053907,0.056833,8.7662
2.8011,2.0449,0.08418,-0.054059,0.057035,8.7747
2.8011,2.0449,0.084183,-0.054199,0.057239,8.7605
2.8012,2.0449,0.084186,-0.054337,0.057447,8.7716
2.8012,2.0449,0.084189,-0.054469,0.057659,8.782
2.8013,2.0449,0.084192,-0.054594,0.057874,8.7691
2.8013,2.0449,0.084195,-0.054712,0.058092,8.777
2.8014,2.0449,0.084198,-0.054827,0.058313,8.7792
2.8014,2.0449,0.084201,-0.054929,0.058538,8.7723
2.8015,2.0449,0.084204,-0.055025,0.058766,8.7696
2.8015,2.0449,0.084207,-0.055112,0.058997,8.7823
2.8016,2.0449,0.08421,-0.0552,0.059232,8.7754
2.8016,2.0449,0.084213,-0.055295,0.05947,8.7714
2.8017,2.0449,0.084216,-0.055405,0.05971,8.7869
2.8017,2.0449,0.08422,-0.055538,0.059953,8.794
2.8018,2.0449,0.084223,-0.055684,0.0602,8.7845
2.8018,2.0449,0.084226,-0.055843,0.060448,8.7897
2.8019,2.0449,0.084229,-0.055993,0.0607,8.7932
2.8019,2.0449,0.084232,-0.056135,0.060954,8.782
2.802,2.0449,0.084236,-0.056262,0.061211,8.7831
2.8021,2.0449,0.084239,-0.056378,0.06147,8.7924
2.8021,2.0449,0.084242,-0.056493,0.061731,8.7882
2.8022,2.0449,0.084245,-0.056623,0.061994,8.7792
2.8022,2.0449,0.084249,-0.056748,0.062258,8.7889
2.8023,2.0449,0.084252,-0.056886,0.062524,8.7814
2.8023,2.0449,0.084255,-0.057016,0.062791,8.7713
2.8024,2.0449,0.084259,-0.057136,0.06306,8.7887
2.8024,2.0449,0.084262,-0.057241,0.063331,8.7805
2.8025,2.0449,0.084265,-0.057334,0.063603,8.7708
2.8025,2.0449,0.084269,-0.057416,0.063877,8.7728
2.8026,2.0449,0.084272,-0.057496,0.064153,8.7739
2.8026,2.0449,0.084275,-0.057566,0.064445,8.766
2.8027,2.0449,0.084279,-0.05764,0.064714,8.7743
2.8027,2.0448,0.084282,-0.057709,0.064967,8.7833
2.8028,2.0448,0.084286,-0.057769,0.065214,8.7785
2.8028,2.0448,0.084289,-0.057818,0.065459,8.7792
2.8029,2.0448,0.084293,-0.057877,0.06571,8.7866
2.8029,2.0448,0.084296,-0.057932,0.065974,8.7809
2.803,2.0448,0.084299,-0.058001,0.066257,8.7709
2.8031,2.0448,0.084303,-0.058076,0.066564,8.7829
2.8031,2.0448,0.084306,-0.058145,0.066857,8.7732
2.8032,2.0448,0.08431,-0.058221,0.067149,8.7639
2.8032,2.0448,0.084314,-0.058297,0.067442,8.7745
2.8033,2.0448,0.084317,-0.058358,0.067734,8.7732
2.8033,2.0448,0.084321,-0.058423,0.068026,8.7631
2.8034,2.0448,0.084324,-0.05849,0.068319,8.7688
2.8034,2.0448,0.084328,-0.058558,0.068611,8.7653
2.8035,2.0448,0.084332,-0.058627,0.068903,8.7546
2.8035,2.0448,0.084335,-0.058695,0.069195,8.7532
2.8036,2.0448,0.084339,-0.058783,0.069486,8.7539
2.8036,2.0448,0.084343,-0.058868,0.069777,8.75
2.8037,2.0448,0.084346,-0.058953,0.070081,8.7492
2.8037,2.0448,0.08435,-0.059043,0.07036,8.7557
2.8038,2.0448,0.084354,-0.059126,0.070622,8.7507
2.8038,2.0448,0.084357,-0.059192,0.070874,8.7452
2.8039,2.0448,0.084361,-0.059266,0.071124,8.7532
2.8039,2.0448,0.084365,-0.059345,0.071378,8.7408
2.804,2.0448,0.084369,-0.059415,0.071642,8.7337
2.8041,2.0448,0.084372,-0.059482,0.071923,8.7363
2.8041,2.0448,0.084376,-0.059555,0.072226,8.7299
2.8042,2.0448,0.08438,-0.059624,0.072513,8.7197
2.8042,2.0448,0.084384,-0.059677,0.072799,8.7346
2.8043,2.0448,0.084388,-0.05972,0.073083,8.7399
2.8043,2.0448,0.084392,-0.05977,0.073365,8.736
2.8044,2.0448,0.084395,-0.059825,0.073645,8.7404
2.8044,2.0448,0.084399,-0.05988,0.073923,8.7549
2.8045,2.0447,0.084403,-0.059957,0.074199,8.7456
2.8045,2.0447,0.084407,-0.060044,0.074473,8.7392
2.8046,2.0447,0.084411,-0.060131,0.074744,8.7483
2.8046,2.0447,0.084415,-0.060202,0.075012,8.7459
2.8047,2.0447,0.084419,-0.060254,0.075279,8.7404
2.8047,2.0447,0.084423,-0.060306,0.075542,8.7482
2.8048,2.0447,0.084427,-0.06035,0.075803,8.755
2.8048,2.0447,0.084431,-0.060397,0.076058,8.7522
2.8049,2.0447,0.084435,-0.060457,0.076312,8.7555
2.8049,2.0447,0.084439,-0.060529,0.076571,8.7587
2.805,2.0447,0.084443,-0.060595,0.076831,8.753
2.8051,2.0447,0.084447,-0.060653,0.07709,8.7545
2.8051,2.0447,0.084451,-0.060711,0.077343,8.7529
2.8052,2.0447,0.084455,-0.060775,0.077591,8.7405
2.8052,2.0447,0.084459,-0.060834,0.077838,8.7447
2.8053,2.0447,0.084463,-0.060895,0.078075,8.7565
2.8053,2.0447,0.084468,-0.060963,0.078311,8.7512
2.8054,2.0447,0.084472,-0.06103,0.078551,8.7387
2.8054,2.0447,0.084476,-0.061099,0.078792,8.7484
2.8055,2.0447,0.08448,-0.061162,0.079027,8.7496
2.8055,2.0447,0.084484,-0.061228,0.079253,8.7439
2.8056,2.0447,0.084488,-0.0613,0.079476,8.7458
2.8056,2.0447,0.084493,-0.061382,0.079698,8.7488
2.8057,2.0447,0.084497,-0.061475,0.079912,8.7442
2.8057,2.0447,0.084501,-0.061575,0.080124,8.7575
2.8058,2.0447,0.084505,-0.061671,0.080334,8.7656
2.8058,2.0447,0.084509,-0.061774,0.080542,8.7617
2.8059,2.0447,0.084514,-0.061867,0.080742,8.7687
2.8059,2.0447,0.084518,-0.061946,0.080937,8.7842
2.806,2.0447,0.084522,-0.062029,0.081127,8.7833
2.8061,2.0447,0.084527,-0.062109,0.08131,8.7809
2.8061,2.0446,0.084531,-0.062188,0.081489,8.7882
2.8062,2.0446,0.084535,-0.062263,0.081661,8.7885
2.8062,2.0446,0.084539,-0.062336,0.081828,8.7843
2.8063,2.0446,0.084544,-0.062398,0.081988,8.7928
2.8063,2.0446,0.084548,-0.062455,0.082143,8.7957
2.8064,2.0446,0.084552,-0.062501,0.082291,8.791
2.8064,2.0446,0.084557,-0.062551,0.082448,8.8039
2.8065,2.0446,0.084561,-0.062595,0.082574,8.8039
2.8065,2.0446,0.084565,-0.062635,0.08268,8.7909
2.8066,2.0446,0.08457,-0.062671,0.082769,8.7964
2.8066,2.0446,0.084574,-0.062703,0.082845,8.8006
2.8067,2.0446,0.084579,-0.062726,0.08291,8.7882
2.8067,2.0446,0.084583,-0.062746,0.082977,8.7861
2.8068,2.0446,0.084587,-0.062764,0.083051,8.7946
2.8068,2.0446,0.084592,-0.062768,0.083139,8.7916
2.8069,2.0446,0.084596,-0.062768,0.083202,8.7891
2.8069,2.0446,0.0846,-0.062772,0.08326,8.8024
2.807,2.0446,0.084605,-0.062784,0.083307,8.7995
2.8071,2.0446,0.084609,-0.062807,0.083343,8.7949
2.8071,2.0446,0.084614,-0.06284,0.083365,8.7981
2.8072,2.0446,0.084618,-0.06288,0.083382,8.8031
2.8072,2.0446,0.084622,-0.062933,0.083389,8.7977
2.8073,2.0446,0.084627,-0.062969,0.083388,8.8055
2.8073,2.0446,0.084631,-0.062992,0.083377,8.8059
2.8074,2.0446,0.084635,-0.063001,0.083358,8.7985
2.8074,2.0446,0.08464,-0.062992,0.08333,8.8102
2.8075,2.0446,0.084644,-0.062962,0.083292,8.814
2.8075,2.0446,0.084649,-0.062922,0.083245,8.8051
2.8076,2.0446,0.084653,-0.062883,0.083188,8.8052
2.8076,2.0446,0.084657,-0.062862,0.083122,8.8106
2.8077,2.0445,0.084662,-0.062849,0.083045,8.8063
2.8077,2.0445,0.084666,-0.062852,0.082959,8.7922
2.8078,2.0445,0.084671,-0.062853,0.082863,8.8066
2.8078,2.0445,0.084675,-0.06285,0.082757,8.8114
2.8079,2.0445,0.084679,-0.062836,0.082641,8.7994
2.8079,2.0445,0.084684,-0.062819,0.082514,8.8114
2.808,2.0445,0.084688,-0.062801,0.082378,8.8148
2.8081,2.0445,0.084692,-0.062786,0.082231,8.8051
2.8081,2.0445,0.084697,-0.062782,0.082074,8.8023
2.8082,2.0445,0.084701,-0.062783,0.081907,8.8071
2.8082,2.0445,0.084705,-0.062769,0.081743,8.8037
2.8083,2.0445,0.084709,-0.062737,0.081545,8.7956
2.8083,2.0445,0.084714,-0.0627,0.08132,8.8049
2.8084,2.0445,0.084718,-0.062656,0.081047,8.804
2.8084,2.0445,0.084722,-0.062607,0.080779,8.8018
2.8085,2.0445,0.084726,-0.062555,0.080576,8.8156
2.8085,2.0445,0.084731,-0.062508,0.080429,8.8135
2.8086,2.0445,0.084735,-0.062453,0.080361,8.8056
2.8086,2.0445,0.084739,-0.062398,0.080397,8.808
2.8087,2.0445,0.084743,-0.062345,0.080462,8.812
2.8087,2.0445,0.084748,-0.062311,0.080528,8.8047
2.8088,2.0445,0.084752,-0.062297,0.080542,8.8106
2.8088,2.0445,0.084756,-0.062294,0.080534,8.8231
2.8089,2.0445,0.08476,-0.062282,0.080514,8.8183
2.8089,2.0445,0.084765,-0.062267,0.080451,8.8225
2.809,2.0445,0.084769,-0.062235,0.080377,8.8326
2.8091,2.0445,0.084773,-0.062193,0.080316,8.8208
2.8091,2.0445,0.084777,-0.062141,0.080266,8.8226
2.8092,2.0445,0.084781,-0.062084,0.080205,8.8231
2.8092,2.0445,0.084786,-0.062025,0.080102,8.8108
2.8093,2.0444,0.08479,-0.061965,0.079973,8.8056
2.8093,2.0444,0.084794,-0.061911,0.079846,8.8182
2.8094,2.0444,0.084798,-0.061872,0.079698,8.8123
2.8094,2.0444,0.084803,-0.061834,0.079549,8.805
2.8095,2.0444,0.084807,-0.061798,0.079435,8.8149
2.8095,2.0444,0.084811,-0.061772,0.079335,8.8178
2.8096,2.0444,0.084815,-0.061744,0.079233,8.8071
2.8096,2.0444,0.084819,-0.061702,0.079132,8.8083
2.8097,2.0444,0.084823,-0.061664,0.079023,8.8095
2.8097,2.0444,0.084828,-0.061627,0.078925,8.7998
2.8098,2.0444,0.084832,-0.061592,0.078814,8.8027
2.8098,2.0444,0.084836,-0.061549,0.078719,8.8133
2.8099,2.0444,0.08484,-0.061509,0.078651,8.8041
2.8099,2.0444,0.084844,-0.061467,0.07858,8.7991
2.81,2.0444,0.084848,-0.061415,0.078526,8.8209
2.8101,2.0444,0.084852,-0.061348,0.078494,8.8159
2.8101,2.0444,0.084856,-0.06128,0.078447,8.8108
2.8102,2.0444,0.084861,-0.061206,0.078398,8.8131
2.8102,2.0444,0.084865,-0.06114,0.078348,8.8132
2.8103,2.0444,0.084869,-0.061073,0.078298,8.8032
2.8103,2.0444,0.084873,-0.061011,0.078247,8.81
2.8104,2.0444,0.084877,-0.060942,0.078194,8.8178
2.8104,2.0444,0.084881,-0.06087,0.078141,8.8106
2.8105,2.0444,0.084885,-0.060798,0.078088,8.8162
2.8105,2.0444,0.084889,-0.060723,0.078034,8.8218
2.8106,2.0444,0.084894,-0.060664,0.077979,8.8048
2.8106,2.0444,0.084898,-0.060614,0.077925,8.8038
2.8107,2.0444,0.084902,-0.06057,0.07787,8.8025
2.8107,2.0444,0.084906,-0.06053,0.077816,8.7922
2.8108,2.0444,0.08491,-0.060487,0.077762,8.783
2.8108,2.0444,0.084914,-0.06044,0.077723,8.7879
2.8109,2.0443,0.084918,-0.060388,0.077659,8.7829
2.8109,2.0443,0.084922,-0.060328,0.07758,8.7755
2.811,2.0443,0.084926,-0.060275,0.077493,8.7793
2.8111,2.0443,0.08493,-0.06022,0.077418,8.7857
2.8111,2.0443,0.084934,-0.060165,0.077325,8.7783
2.8112,2.0443,0.084938,-0.060106,0.077229,8.7833
2.8112,2.0443,0.084943,-0.060047,0.077157,8.791
2.8113,2.0443,0.084947,-0.059988,0.077097,8.7871
2.8113,2.0443,0.084951,-0.059928,0.077003,8.7823
2.8114,2.0443,0.084955,-0.059869,0.076872,8.7977
2.8114,2.0443,0.084959,-0.059811,0.076748,8.7924
2.8115,2.0443,0.084963,-0.059748,0.07662,8.7917
2.8115,2.0443,0.084967,-0.059685,0.076478,8.8123
2.8116,2.0443,0.084971,-0.059619,0.076363,8.8108
2.8116,2.0443,0.084975,-0.059556,0.076302,8.8118
2.8117,2.0443,0.084979,-0.059492,0.076274,8.8239
2.8117,2.0443,0.084983,-0.05943,0.076268,8.8272
2.8118,2.0443,0.084987,-0.059373,0.076251,8.8184
2.8118,2.0443,0.084991,-0.059323,0.076284,8.8223
2.8119,2.0443,0.084995,-0.059286,0.076318,8.8339
2.8119,2.0443,0.084999,-0.059261,0.076362,8.8288
2.812,2.0443,0.085003,-0.059251,0.076408,8.8291
2.8121,2.0443,0.085007,-0.05925,0.07645,8.8414
2.8121,2.0443,0.085011,-0.05925,0.076481,8.8345
2.8122,2.0443,0.085015,-0.059247,0.076496,8.8318
2.8122,2.0443,0.085019,-0.059235,0.076487,8.8397
2.8123,2.0443,0.085023,-0.059221,0.076496,8.8307
2.8123,2.0443,0.085027,-0.059208,0.076505,8.823
2.8124,2.0443,0.085031,-0.059201,0.076516,8.8325
2.8124,2.0443,0.085035,-0.059206,0.076527,8.8305
2.8125,2.0443,0.085039,-0.059218,0.07654,8.8241
2.8125,2.0443,0.085043,-0.059236,0.076554,8.8342
2.8126,2.0442,0.085047,-0.059258,0.07654,8.8391
2.8126,2.0442,0.085051,-0.059279,0.076576,8.8281
2.8127,2.0442,0.085055,-0.059302,0.076647,8.8328
2.8127,2.0442,0.085059,-0.059327,0.07674,8.8403
2.8128,2.0442,0.085063,-0.059354,0.076842,8.8311
2.8128,2.0442,0.085067,-0.059382,0.076938,8.8309
2.8129,2.0442,0.085071,-0.059413,0.077015,8.8466
2.8129,2.0442,0.085076,-0.059442,0.077059,8.8372
2.813,2.0442,0.08508,-0.05947,0.077043,8.8394
2.8131,2.0442,0.085084,-0.059498,0.077081,8.8562
2.8131,2.0442,0.085088,-0.059529,0.077137,8.8543
2.8132,2.0442,0.085092,-0.059563,0.077204,8.84
2.8132,2.0442,0.085096,-0.059603,0.077273,8.8525
2.8133,2.0442,0.0851,-0.059646,0.077339,8.8511
2.8133,2.0442,0.085104,-0.059691,0.077394,8.8383
2.8134,2.0442,0.085108,-0.05973,0.077433,8.8484
2.8134,2.0442,0.085112,-0.059764,0.077449,8.8414
2.8135,2.0442,0.085116,-0.059796,0.077481,8.8283
2.8135,2.0442,0.08512,-0.059827,0.077501,8.8308
2.8136,2.0442,0.085124,-0.05986,0.077532,8.8357
2.8136,2.0442,0.085128,-0.059897,0.077575,8.8298
2.8137,2.0442,0.085133,-0.059938,0.077678,8.8203
2.8137,2.0442,0.085137,-0.059983,0.077838,8.8243
2.8138,2.0442,0.085141,-0.060031,0.078056,8.8109
2.8138,2.0442,0.085145,-0.060083,0.078276,8.8038
2.8139,2.0442,0.085149,-0.060134,0.078496,8.8099
2.8139,2.0442,0.085153,-0.060192,0.078668,8.8063
2.814,2.0442,0.085157,-0.060257,0.07879,8.8031
2.8141,2.0442,0.085161,-0.060325,0.078851,8.8125
2.8141,2.0442,0.085166,-0.060399,0.078882,8.8193
2.8142,2.0442,0.08517,-0.060475,0.078918,8.8124
2.8142,2.0442,0.085174,-0.060552,0.078969,8.8146
2.8143,2.0441,0.085178,-0.060629,0.078992,8.8085
2.8143,2.0441,0.085182,-0.060704,0.079057,8.7967
2.8144,2.0441,0.085186,-0.060784,0.079121,8.7936
2.8144,2.0441,0.085191,-0.060867,0.079194,8.8037
2.8145,2.0441,0.085195,-0.060954,0.079278,8.7915
2.8145,2.0441,0.085199,-0.061043,0.079384,8.7934
2.8146,2.0441,0.085203,-0.061135,0.079507,8.8045
2.8146,2.0441,0.085207,-0.061229,0.079628,8.7994
2.8147,2.0441,0.085211,-0.061327,0.079739,8.7938
2.8147,2.0441,0.085216,-0.061427,0.079879,8.7975
2.8148,2.0441,0.08522,-0.06153,0.079982,8.7889
2.8148,2.0441,0.085224,-0.061636,0.080071,8.7801
2.8149,2.0441,0.085228,-0.061744,0.08016,8.7771
2.8149,2.0441,0.085233,-0.061856,0.080276,8.7805
2.815,2.0441,0.085237,-0.061969,0.080366,8.7672
2.8151,2.0441,0.085241,-0.062086,0.080422,8.7676
2.8151,2.0441,0.085245,-0.062205,0.080479,8.7825
2.8152,2.0441,0.085249,-0.062328,0.080513,8.7726
2.8152,2.0441,0.085254,-0.062452,0.080516,8.7714
2.8153,2.0441,0.085258,-0.062575,0.080525,8.7722
2.8153,2.0441,0.085262,-0.062713,0.080542,8.7672
2.8154,2.0441,0.085266,-0.062852,0.080556,8.759
2.8154,2.0441,0.085271,-0.062995,0.080584,8.7671
2.8155,2.0441,0.085275,-0.063134,0.080596,8.7717
2.8155,2.0441,0.085279,-0.063262,0.080603,8.7683
2.8156,2.0441,0.085283,-0.063374,0.080562,8.7738
2.8156,2.0441,0.085288,-0.063465,0.080503,8.7842
2.8157,2.0441,0.085292,-0.063544,0.080435,8.7755
2.8157,2.0441,0.085296,-0.063636,0.080342,8.7836
2.8158,2.0441,0.0853,-0.063731,0.08022,8.7844
2.8158,2.0441,0.085305,-0.063843,0.080118,8.7735
2.8159,2.044,0.085309,-0.063966,0.080002,8.7723
2.8159,2.044,0.085313,-0.064095,0.079911,8.7775
2.816,2.044,0.085317,-0.064224,0.079823,8.7679
2.8161,2.044,0.085321,-0.064344,0.079767,8.7668
2.8161,2.044,0.085326,-0.06446,0.079729,8.7789
2.8162,2.044,0.08533,-0.064572,0.079694,8.7717
2.8162,2.044,0.085334,-0.064683,0.079634,8.7636
2.8163,2.044,0.085338,-0.064786,0.079575,8.7787
2.8163,2.044,0.085342,-0.064883,0.079483,8.7715
2.8164,2.044,0.085346,-0.064974,0.079391,8.7579
2.8164,2.044,0.085351,-0.065061,0.079326,8.7632
2.8165,2.044,0.085355,-0.065144,0.079338,8.7731
2.8165,2.044,0.085359,-0.065225,0.079362,8.758
2.8166,2.044,0.085363,-0.065304,0.079387,8.7616
2.8166,2.044,0.085367,-0.065382,0.079412,8.7746
2.8167,2.044,0.085372,-0.065455,0.079431,8.765
2.8167,2.044,0.085376,-0.065526,0.079391,8.7643
2.8168,2.044,0.08538,-0.065599,0.079295,8.7688
2.8168,2.044,0.085384,-0.065665,0.079186,8.7651
2.8169,2.044,0.085388,-0.065712,0.079063,8.755
2.8169,2.044,0.085392,-0.065746,0.078895,8.7701
2.817,2.044,0.085396,-0.065771,0.078723,8.7741
2.8171,2.044,0.085401,-0.065792,0.078569,8.7664
2.8171,2.044,0.085405,-0.065814,0.078417,8.7753
2.8172,2.044,0.085409,-0.065844,0.078266,8.7775
2.8172,2.044,0.085413,-0.065885,0.0781,8.7713
2.8173,2.044,0.085417,-0.065925,0.077942,8.7804
2.8173,2.044,0.085421,-0.065955,0.077819,8.7829
2.8174,2.044,0.085425,-0.065982,0.077718,8.7748
2.8174,2.0439,0.085429,-0.066004,0.077638,8.776
2.8175,2.0439,0.085433,-0.066022,0.077559,8.7799
2.8175,2.0439,0.085438,-0.066037,0.077462,8.773
2.8176,2.0439,0.085442,-0.066047,0.077337,8.7702
2.8176,2.0439,0.085446,-0.066052,0.077174,8.778
2.8177,2.0439,0.08545,-0.066049,0.077003,8.7771
2.8177,2.0439,0.085454,-0.06605,0.07684,8.77
2.8178,2.0439,0.085458,-0.066053,0.076662,8.7793
2.8178,2.0439,0.085462,-0.066056,0.076508,8.7744
2.8179,2.0439,0.085466,-0.066056,0.076362,8.7676
2.8179,2.0439,0.08547,-0.066052,0.076223,8.7688
2.818,2.0439,0.085474,-0.066041,0.076084,8.7722
2.8181,2.0439,0.085478,-0.066015,0.075949,8.7655
2.8181,2.0439,0.085482,-0.065984,0.075807,8.7738
2.8182,2.0439,0.085486,-0.065959,0.07563,8.7815
2.8182,2.0439,0.08549,-0.065936,0.075456,8.7759
2.8183,2.0439,0.085494,-0.065906,0.075315,8.7822
2.8183,2.0439,0.085498,-0.065878,0.075179,8.7923
2.8184,2.0439,0.085502,-0.065855,0.075053,8.7881
2.8184,2.0439,0.085506,-0.065838,0.074922,8.7799
2.8185,2.0439,0.08551,-0.065827,0.074789,8.7851
2.8185,2.0439,0.085513,-0.065837,0.074638,8.7815
2.8186,2.0439,0.085517,-0.065858,0.074462,8.7774
2.8186,2.0439,0.085521,-0.065866,0.074306,8.791
2.8187,2.0439,0.085525,-0.065846,0.074156,8.795
2.8187,2.0439,0.085529,-0.06579,0.074005,8.7872
2.8188,2.0439,0.085533,-0.065708,0.073852,8.7907
2.8188,2.0439,0.085537,-0.065616,0.073698,8.7966
2.8189,2.0439,0.085541,-0.065514,0.073541,8.7835
2.8189,2.0438,0.085545,-0.065423,0.073381,8.7873
2.819,2.0438,0.085548,-0.065347,0.073217,8.79
2.8191,2.0438,0.085552,-0.06528,0.073041,8.7797
2.8191,2.0438,0.085556,-0.065218,0.072881,8.776
2.8192,2.0438,0.08556,-0.065161,0.072766,8.785
2.8192,2.0438,0.085564,-0.065109,0.072683,8.7813
2.8193,2.0438,0.085568,-0.065051,0.072609,8.7719
2.8193,2.0438,0.085571,-0.06498,0.072563,8.7893
2.8194,2.0438,0.085575,-0.064908,0.07253,8.7857
2.8194,2.0438,0.085579,-0.064834,0.072467,8.7811
2.8195,2.0438,0.085583,-0.064749,0.072393,8.7835
2.8195,2.0438,0.085587,-0.064664,0.072326,8.7881
2.8196,2.0438,0.08559,-0.064594,0.072262,8.7756
2.8196,2.0438,0.085594,-0.064518,0.072212,8.7844
2.8197,2.0438,0.085598,-0.064442,0.072155,8.7938
2.8197,2.0438,0.085602,-0.064362,0.072117,8.7862
2.8198,2.0438,0.085606,-0.06429,0.072068,8.7889
2.8198,2.0438,0.085609,-0.064219,0.071994,8.7932
2.8199,2.0438,0.085613,-0.064145,0.071928,8.7761
2.8199,2.0438,0.085617,-0.064078,0.071846,8.7797
2.82,2.0438,0.085621,-0.064025,0.071741,8.776
2.8201,2.0438,0.085625,-0.063968,0.071651,8.7747
2.8201,2.0438,0.085628,-0.063929,0.071563,8.7626
2.8202,2.0438,0.085632,-0.063893,0.071476,8.7739
2.8202,2.0438,0.085636,-0.06386,0.071394,8.7752
2.8203,2.0438,0.08564,-0.063827,0.071311,8.7592
2.8203,2.0438,0.085643,-0.063797,0.071225,8.7683
2.8204,2.0438,0.085647,-0.063761,0.071132,8.769
2.8204,2.0438,0.085651,-0.06373,0.071036,8.7528
2.8205,2.0437,0.085655,-0.063704,0.070944,8.7495
2.8205,2.0437,0.085658,-0.063678,0.070855,8.7507
2.8206,2.0437,0.085662,-0.063646,0.07077,8.7438
2.8206,2.0437,0.085666,-0.063606,0.07069,8.7432
2.8207,2.0437,0.085669,-0.063558,0.070608,8.7512
2.8207,2.0437,0.085673,-0.063506,0.070529,8.7481
2.8208,2.0437,0.085677,-0.06345,0.07043,8.7413
2.8208,2.0437,0.085681,-0.063406,0.070362,8.7566
2.8209,2.0437,0.085684,-0.063371,0.070324,8.7546
2.8209,2.0437,0.085688,-0.063331,0.070311,8.7416
2.821,2.0437,0.085692,-0.063294,0.070293,8.7502
2.8211,2.0437,0.085695,-0.06326,0.070304,8.7489
2.8211,2.0437,0.085699,-0.063231,0.070323,8.7397
2.8212,2.0437,0.085703,-0.063205,0.070326,8.7512
2.8212,2.0437,0.085706,-0.063181,0.07032,8.7565
2.8213,2.0437,0.08571,-0.06316,0.070362,8.7536
2.8213,2.0437,0.085714,-0.063141,0.070452,8.7609
2.8214,2.0437,0.085718,-0.063124,0.070554,8.7717
2.8214,2.0437,0.085721,-0.063114,0.070675,8.7687
2.8215,2.0437,0.085725,-0.063108,0.070831,8.7703
2.8215,2.0437,0.085729,-0.063108,0.070974,8.7727
2.8216,2.0437,0.085733,-0.063109,0.071083,8.7651
2.8216,2.0437,0.085736,-0.063115,0.07117,8.7537
2.8217,2.0437,0.08574,-0.063122,0.071241,8.7655
2.8217,2.0437,0.085744,-0.063126,0.07132,8.7654
2.8218,2.0437,0.085748,-0.063127,0.071345,8.7596
2.8218,2.0437,0.085751,-0.063123,0.071366,8.7709
2.8219,2.0437,0.085755,-0.063116,0.071381,8.7699
2.8219,2.0437,0.085759,-0.063105,0.0714,8.7512
2.822,2.0437,0.085763,-0.063094,0.071435,8.7446
2.8221,2.0436,0.085766,-0.063083,0.07149,8.7498
2.8221,2.0436,0.08577,-0.063074,0.07157,8.7417
2.8222,2.0436,0.085774,-0.063072,0.07168,8.7452
2.8222,2.0436,0.085778,-0.063076,0.071777,8.754
2.8223,2.0436,0.085781,-0.063083,0.071878,8.7515
2.8223,2.0436,0.085785,-0.063092,0.071983,8.7484
2.8224,2.0436,0.085789,-0.063099,0.072095,8.7665
2.8224,2.0436,0.085793,-0.063104,0.072206,8.7741
2.8225,2.0436,0.085797,-0.063103,0.072321,8.7619
2.8225,2.0436,0.0858,-0.063101,0.072449,8.7669
2.8226,2.0436,0.085804,-0.063102,0.072553,8.7735
2.8226,2.0436,0.085808,-0.063104,0.072646,8.7671
2.8227,2.0436,0.085812,-0.063106,0.072728,8.7742
2.8227,2.0436,0.085816,-0.063109,0.07281,8.7815
2.8228,2.0436,0.08582,-0.063112,0.072903,8.7834
2.8228,2.0436,0.085823,-0.063114,0.073009,8.7884
2.8229,2.0436,0.085827,-0.06312,0.07314,8.8009
2.8229,2.0436,0.085831,-0.063129,0.073314,8.7921
2.823,2.0436,0.085835,-0.063141,0.073457,8.7895
2.8231,2.0436,0.085839,-0.063154,0.073591,8.7953
2.8231,2.0436,0.085843,-0.063167,0.073714,8.794
2.8232,2.0436,0.085847,-0.063177,0.073835,8.7844
2.8232,2.0436,0.085851,-0.063187,0.073961,8.7928
2.8233,2.0436,0.085854,-0.063198,0.0741,8.7922
2.8233,2.0436,0.085858,-0.063217,0.074258,8.7895
2.8234,2.0436,0.085862,-0.063244,0.074444,8.792
2.8234,2.0436,0.085866,-0.063278,0.07462,8.8028
2.8235,2.0436,0.08587,-0.063318,0.074814,8.7867
2.8235,2.0436,0.085874,-0.063361,0.075003,8.7871
2.8236,2.0436,0.085878,-0.063404,0.075169,8.7865
2.8236,2.0435,0.085882,-0.063448,0.075299,8.78
2.8237,2.0435,0.085886,-0.063493,0.075388,8.776
2.8237,2.0435,0.08589,-0.063539,0.075423,8.7911
2.8238,2.0435,0.085894,-0.063587,0.075449,8.7864
2.8238,2.0435,0.085898,-0.063636,0.075464,8.7897
2.8239,2.0435,0.085902,-0.063688,0.075508,8.8027
2.8239,2.0435,0.085906,-0.063742,0.075579,8.8055
2.824,2.0435,0.08591,-0.063799,0.075682,8.8006
2.8241,2.0435,0.085914,-0.063857,0.07583,8.8094
2.8241,2.0435,0.085918,-0.063917,0.075976,8.817
2.8242,2.0435,0.085922,-0.063978,0.076108,8.8068
2.8242,2.0435,0.085926,-0.064042,0.076271,8.8135
2.8243,2.0435,0.08593,-0.064107,0.076393,8.8272
2.8243,2.0435,0.085934,-0.064173,0.076515,8.8214
2.8244,2.0435,0.085938,-0.064242,0.076627,8.828
2.8244,2.0435,0.085942,-0.064312,0.076726,8.841
2.8245,2.0435,0.085946,-0.064384,0.076799,8.834
2.8245,2.0435,0.08595,-0.064458,0.076847,8.8251
2.8246,2.0435,0.085954,-0.064534,0.076889,8.8352
2.8246,2.0435,0.085958,-0.064611,0.076935,8.826
2.8247,2.0435,0.085962,-0.06469,0.076941,8.8248
2.8247,2.0435,0.085966,-0.064771,0.076978,8.8259
2.8248,2.0435,0.08597,-0.064854,0.07702,8.8237
2.8248,2.0435,0.085974,-0.064938,0.077047,8.8123
2.8249,2.0435,0.085978,-0.065024,0.077031,8.8258
2.8249,2.0435,0.085982,-0.065112,0.077028,8.8291
2.825,2.0435,0.085986,-0.065202,0.077051,8.8142
2.8251,2.0435,0.085991,-0.065293,0.077069,8.8229
2.8251,2.0435,0.085995,-0.065386,0.077098,8.8235
2.8252,2.0435,0.085999,-0.065481,0.077155,8.8074
2.8252,2.0434,0.086003,-0.065583,0.077193,8.8068
2.8253,2.0434,0.086007,-0.065678,0.077203,8.8177
2.8253,2.0434,0.086011,-0.065768,0.077194,8.8052
2.8254,2.0434,0.086015,-0.065856,0.077163,8.8009
2.8254,2.0434,0.086019,-0.065944,0.077148,8.8247
2.8255,2.0434,0.086023,-0.066034,0.077142,8.82
2.8255,2.0434,0.086027,-0.066129,0.077181,8.8079
2.8256,2.0434,0.086031,-0.066236,0.077246,8.8246
2.8256,2.0434,0.086035,-0.066351,0.077321,8.8228
2.8257,2.0434,0.086039,-0.066452,0.07742,8.8143
2.8257,2.0434,0.086043,-0.066541,0.077543,8.8149
2.8258,2.0434,0.086047,-0.066616,0.077651,8.8231
2.8258,2.0434,0.086052,-0.066678,0.077775,8.8128
2.8259,2.0434,0.086056,-0.066728,0.077875,8.817
2.8259,2.0434,0.08606,-0.066774,0.077973,8.824
2.826,2.0434,0.086064,-0.066823,0.078037,8.8193
2.8261,2.0434,0.086068,-0.06687,0.078077,8.8143
2.8261,2.0434,0.086072,-0.066917,0.078108,8.8139
2.8262,2.0434,0.086076,-0.066961,0.078157,8.8085
2.8262,2.0434,0.08608,-0.067004,0.078201,8.7966
2.8263,2.0434,0.086084,-0.067046,0.078275,8.8012
2.8263,2.0434,0.086089,-0.067086,0.07833,8.8016
2.8264,2.0434,0.086093,-0.067124,0.078378,8.7886
2.8264,2.0434,0.086097,-0.067161,0.078359,8.7944
2.8265,2.0434,0.086101,-0.067196,0.078329,8.8071
2.8265,2.0434,0.086105,-0.067229,0.07829,8.7913
2.8266,2.0434,0.086109,-0.067262,0.078238,8.7937
2.8266,2.0434,0.086113,-0.067292,0.078169,8.7958
2.8267,2.0433,0.086117,-0.067318,0.078132,8.7884
2.8267,2.0433,0.086122,-0.067336,0.078117,8.7843
2.8268,2.0433,0.086126,-0.067354,0.078123,8.7991
2.8268,2.0433,0.08613,-0.067386,0.078139,8.7939
2.8269,2.0433,0.086134,-0.067426,0.078202,8.7992
2.8269,2.0433,0.086138,-0.067472,0.078268,8.8093
2.827,2.0433,0.086142,-0.06752,0.07831,8.8017
2.8271,2.0433,0.086146,-0.067562,0.078344,8.8011
2.8271,2.0433,0.08615,-0.067592,0.078376,8.809
2.8272,2.0433,0.086154,-0.067607,0.078424,8.8096
2.8272,2.0433,0.086159,-0.067615,0.078468,8.8
2.8273,2.0433,0.086163,-0.067627,0.078482,8.8045
2.8273,2.0433,0.086167,-0.067636,0.078476,8.8115
2.8274,2.0433,0.086171,-0.067643,0.078444,8.7978
2.8274,2.0433,0.086175,-0.067648,0.0784,8.8082
2.8275,2.0433,0.086179,-0.06765,0.078365,8.8149
2.8275,2.0433,0.086183,-0.067651,0.078352,8.8087
2.8276,2.0433,0.086187,-0.067649,0.078374,8.8105
2.8276,2.0433,0.086192,-0.067645,0.078405,8.8132
2.8277,2.0433,0.086196,-0.067638,0.078425,8.8055
2.8277,2.0433,0.0862,-0.067629,0.078462,8.7912
2.8278,2.0433,0.086204,-0.067617,0.078474,8.7965
2.8278,2.0433,0.086208,-0.067604,0.078475,8.7937
2.8279,2.0433,0.086212,-0.067587,0.078467,8.7879
2.8279,2.0433,0.086216,-0.067568,0.078455,8.7999
2.828,2.0433,0.086221,-0.067547,0.078434,8.8094
2.8281,2.0433,0.086225,-0.067517,0.078418,8.8017
2.8281,2.0433,0.086229,-0.067484,0.078418,8.8034
2.8282,2.0432,0.086233,-0.067466,0.078438,8.805
2.8282,2.0432,0.086237,-0.067466,0.078444,8.8041
2.8283,2.0432,0.086241,-0.067481,0.078456,8.8021
2.8283,2.0432,0.086245,-0.067509,0.078464,8.8119
2.8284,2.0432,0.086249,-0.067541,0.078475,8.8088
2.8284,2.0432,0.086254,-0.067569,0.078478,8.8112
2.8285,2.0432,0.086258,-0.067579,0.078482,8.8228
2.8285,2.0432,0.086262,-0.06757,0.078488,8.8243
2.8286,2.0432,0.086266,-0.067563,0.078486,8.8172
2.8286,2.0432,0.08627,-0.067561,0.078477,8.8322
2.8287,2.0432,0.086274,-0.067567,0.078468,8.8275
2.8287,2.0432,0.086278,-0.067583,0.078459,8.8229
2.8288,2.0432,0.086282,-0.067608,0.078451,8.827
2.8288,2.0432,0.086287,-0.067641,0.078444,8.8411
2.8289,2.0432,0.086291,-0.067675,0.07844,8.8234
2.8289,2.0432,0.086295,-0.067701,0.078439,8.8346
2.829,2.0432,0.086299,-0.067724,0.078436,8.848
2.8291,2.0432,0.086303,-0.067745,0.078426,8.8374
2.8291,2.0432,0.086307,-0.067764,0.078413,8.8359
2.8292,2.0432,0.086311,-0.06778,0.078397,8.847
2.8292,2.0432,0.086315,-0.067794,0.078374,8.8366
2.8293,2.0432,0.08632,-0.067805,0.078348,8.83
2.8293,2.0432,0.086324,-0.067815,0.078317,8.8364
2.8294,2.0432,0.086328,-0.067821,0.078287,8.8352
2.8294,2.0432,0.086332,-0.067826,0.078256,8.833
2.8295,2.0432,0.086336,-0.067828,0.078223,8.8417
2.8295,2.0432,0.08634,-0.067828,0.078189,8.8447
2.8296,2.0432,0.086344,-0.067826,0.078154,8.839
2.8296,2.0431,0.086348,-0.067822,0.078117,8.8392
2.8297,2.0431,0.086353,-0.067816,0.078079,8.8453
2.8297,2.0431,0.086357,-0.067807,0.078039,8.8352
2.8298,2.0431,0.086361,-0.067797,0.077999,8.8338
2.8298,2.0431,0.086365,-0.067784,0.077957,8.8442
2.8299,2.0431,0.086369,-0.06777,0.077914,8.8351
2.8299,2.0431,0.086373,-0.067753,0.07787,8.8361
2.83,2.0431,0.086377,-0.067745,0.077824,8.8451
2.8301,2.0431,0.086381,-0.067723,0.077778,8.8433
2.8301,2.0431,0.086385,-0.067683,0.07773,8.8333
2.8302,2.0431,0.086389,-0.067625,0.077679,8.8415
2.8302,2.0431,0.086394,-0.06755,0.077628,8.8408
2.8303,2.0431,0.086398,-0.067462,0.077581,8.8345
2.8303,2.0431,0.086402,-0.067374,0.077543,8.8303
2.8304,2.0431,0.086406,-0.067282,0.077512,8.8344
2.8304,2.0431,0.08641,-0.067198,0.077479,8.828
2.8305,2.0431,0.086414,-0.067106,0.077446,8.8397
2.8305,2.0431,0.086418,-0.067008,0.077413,8.844
2.8306,2.0431,0.086422,-0.066915,0.077377,8.8392
2.8306,2.0431,0.086426,-0.066841,0.077346,8.8351
2.8307,2.0431,0.08643,-0.066783,0.077317,8.8428
2.8307,2.0431,0.086434,-0.066738,0.077295,8.8331
2.8308,2.0431,0.086438,-0.066683,0.077272,8.8257
2.8308,2.0431,0.086442,-0.066631,0.077241,8.8242
2.8309,2.0431,0.086446,-0.066571,0.077201,8.8133
2.8309,2.0431,0.086451,-0.066503,0.077159,8.8121
2.831,2.0431,0.086455,-0.066444,0.077114,8.8224
2.8311,2.0431,0.086459,-0.066401,0.077073,8.8224
2.8311,2.0431,0.086463,-0.066369,0.077032,8.8083
2.8312,2.043,0.086467,-0.066342,0.076995,8.8143
2.8312,2.043,0.086471,-0.066315,0.076953,8.8195
2.8313,2.043,0.086475,-0.066294,0.076912,8.8065
2.8313,2.043,0.086479,-0.066267,0.076867,8.7989
2.8314,2.043,0.086483,-0.066238,0.076823,8.8029
2.8314,2.043,0.086487,-0.066207,0.076775,8.7912
2.8315,2.043,0.086491,-0.066175,0.076729,8.7878
2.8315,2.043,0.086495,-0.066142,0.076677,8.794
2.8316,2.043,0.086499,-0.066107,0.076623,8.7912
2.8316,2.043,0.086503,-0.06607,0.076569,8.7826
2.8317,2.043,0.086507,-0.066032,0.076524,8.7894
2.8317,2.043,0.086511,-0.065993,0.07649,8.7829
2.8318,2.043,0.086515,-0.065952,0.076461,8.774
2.8318,2.043,0.086519,-0.06591,0.076433,8.7764
2.8319,2.043,0.086523,-0.065867,0.0764,8.7748
2.8319,2.043,0.086527,-0.065822,0.076357,8.7629
2.832,2.043,0.086531,-0.065777,0.076307,8.7715
2.8321,2.043,0.086535,-0.06573,0.076252,8.7852
2.8321,2.043,0.086539,-0.065682,0.076194,8.7807
2.8322,2.043,0.086543,-0.065633,0.076137,8.7757
2.8322,2.043,0.086547,-0.065582,0.076081,8.7896
2.8323,2.043,0.086551,-0.065531,0.076023,8.7817
2.8323,2.043,0.086555,-0.065478,0.075963,8.771
2.8324,2.043,0.086559,-0.065425,0.075905,8.7732
2.8324,2.043,0.086563,-0.065371,0.075848,8.7699
2.8325,2.043,0.086567,-0.065315,0.075797,8.7612
2.8325,2.043,0.086571,-0.065259,0.07575,8.7743
2.8326,2.043,0.086575,-0.065202,0.075702,8.775
2.8326,2.043,0.086579,-0.065144,0.075656,8.7672
2.8327,2.0429,0.086583,-0.065085,0.07561,8.7807
2.8327,2.0429,0.086587,-0.065026,0.07556,8.7798
2.8328,2.0429,0.086591,-0.064966,0.075509,8.7641
2.8328,2.0429,0.086595,-0.064905,0.075454,8.7703
2.8329,2.0429,0.086599,-0.064843,0.075398,8.7744
2.8329,2.0429,0.086603,-0.064781,0.075339,8.7665
2.833,2.0429,0.086607,-0.064718,0.075274,8.7613
2.8331,2.0429,0.086611,-0.064654,0.075212,8.7754
2.8331,2.0429,0.086615,-0.06459,0.075149,8.7783
2.8332,2.0429,0.086619,-0.064526,0.075085,8.7694
2.8332,2.0429,0.086623,-0.06446,0.075021,8.7864
2.8333,2.0429,0.086627,-0.064395,0.074957,8.7809
2.8333,2.0429,0.086631,-0.064329,0.074893,8.7704
2.8334,2.0429,0.086635,-0.064263,0.074829,8.7772
2.8334,2.0429,0.086639,-0.064196,0.074765,8.7818
2.8335,2.0429,0.086643,-0.064129,0.074701,8.7707
2.8335,2.0429,0.086646,-0.064061,0.074638,8.7767
2.8336,2.0429,0.08665,-0.063994,0.074574,8.7897
2.8336,2.0429,0.086654,-0.063926,0.074511,8.7815
2.8337,2.0429,0.086658,-0.063858,0.074448,8.7823
2.8337,2.0429,0.086662,-0.063789,0.074385,8.803
2.8338,2.0429,0.086666,-0.063721,0.074323,8.7912
2.8338,2.0429,0.08667,-0.063652,0.074261,8.7848
2.8339,2.0429,0.086674,-0.063584,0.074199,8.7967
2.8339,2.0429,0.086678,-0.063515,0.074138,8.7926
2.834,2.0429,0.086682,-0.063447,0.074077,8.7765
2.8341,2.0429,0.086686,-0.063378,0.074017,8.7907
2.8341,2.0429,0.086689,-0.063309,0.073958,8.794
2.8342,2.0429,0.086693,-0.063241,0.073899,8.7863
2.8342,2.0428,0.086697,-0.063172,0.073841,8.7855
2.8343,2.0428,0.086701,-0.063104,0.073783,8.7899
2.8343,2.0428,0.086705,-0.063036,0.073726,8.7795
2.8344,2.0428,0.086709,-0.062968,0.073669,8.7773
2.8344,2.0428,0.086713,-0.0629,0.073613,8.7779
2.8345,2.0428,0.086717,-0.062833,0.073557,8.7645
2.8345,2.0428,0.08672,-0.062766,0.073503,8.7669
2.8346,2.0428,0.086724,-0.062699,0.073449,8.7734
2.8346,2.0428,0.086728,-0.062633,0.073395,8.7689
2.8347,2.0428,0.086732,-0.062567,0.073342,8.7595
2.8347,2.0428,0.086736,-0.062501,0.07329,8.7692
2.8348,2.0428,0.08674,-0.062436,0.073238,8.7745
2.8348,2.0428,0.086744,-0.062371,0.073187,8.7646
2.8349,2.0428,0.086747,-0.062307,0.073136,8.7724
2.8349,2.0428,0.086751,-0.062244,0.073086,8.7743
2.835,2.0428,0.086755,-0.062181,0.073034,8.7741
2.8351,2.0428,0.086759,-0.062119,0.072985,8.7733
2.8351,2.0428,0.086763,-0.062057,0.072941,8.7841
2.8352,2.0428,0.086767,-0.061996,0.072904,8.7816
2.8352,2.0428,0.086771,-0.061936,0.072876,8.7868
2.8353,2.0428,0.086774,-0.061876,0.072858,8.8017
2.8353,2.0428,0.086778,-0.061817,0.072846,8.7928
2.8354,2.0428,0.086782,-0.061759,0.072831,8.7955
2.8354,2.0428,0.086786,-0.061702,0.072808,8.8008
2.8355,2.0428,0.08679,-0.061646,0.072777,8.7967
2.8355,2.0428,0.086794,-0.061591,0.07274,8.7902
2.8356,2.0428,0.086797,-0.061536,0.072697,8.7967
2.8356,2.0428,0.086801,-0.061483,0.072653,8.7941
2.8357,2.0428,0.086805,-0.06143,0.072611,8.7918
2.8357,2.0428,0.086809,-0.061379,0.072569,8.7964
2.8358,2.0428,0.086813,-0.061329,0.072528,8.8025
2.8358,2.0427,0.086816,-0.061279,0.072487,8.789
2.8359,2.0427,0.08682,-0.061231,0.072446,8.7914
2.8359,2.0427,0.086824,-0.061184,0.072404,8.7944
2.836,2.0427,0.086828,-0.061139,0.072363,8.7876
2.8361,2.0427,0.086832,-0.061094,0.072309,8.7782
2.8361,2.0427,0.086835,-0.06105,0.072278,8.7922
2.8362,2.0427,0.086839,-0.06101,0.072264,8.7879
2.8362,2.0427,0.086843,-0.060971,0.07226,8.7817
2.8363,2.0427,0.086847,-0.060929,0.072257,8.8012
2.8363,2.0427,0.086851,-0.060888,0.07225,8.8011
2.8364,2.0427,0.086854,-0.060845,0.072232,8.7916
2.8364,2.0427,0.086858,-0.060801,0.072197,8.7968
2.8365,2.0427,0.086862,-0.06076,0.072138,8.7912
2.8365,2.0427,0.086866,-0.060722,0.072094,8.7785
2.8366,2.0427,0.08687,-0.060691,0.072052,8.7743
2.8366,2.0427,0.086873,-0.060662,0.07201,8.7795
2.8367,2.0427,0.086877,-0.060635,0.071969,8.7673
2.8367,2.0427,0.086881,-0.060614,0.071928,8.7676
2.8368,2.0427,0.086885,-0.060594,0.071889,8.7749
2.8368,2.0427,0.086889,-0.060578,0.071847,8.7694
2.8369,2.0427,0.086892,-0.060565,0.071808,8.7592
2.8369,2.0427,0.086896,-0.060554,0.071778,8.7674
2.837,2.0427,0.0869,-0.060545,0.071754,8.7648
2.8371,2.0427,0.086904,-0.060536,0.071735,8.7504
2.8371,2.0427,0.086907,-0.060528,0.071717,8.7629
2.8372,2.0427,0.086911,-0.060521,0.071697,8.7568
2.8372,2.0427,0.086915,-0.060516,0.071674,8.7542
2.8373,2.0427,0.086919,-0.060515,0.071644,8.7557
2.8373,2.0427,0.086923,-0.060513,0.071613,8.7647
2.8374,2.0427,0.086926,-0.060512,0.071586,8.7458
2.8374,2.0427,0.08693,-0.06051,0.071559,8.7439
2.8375,2.0426,0.086934,-0.060509,0.071532,8.7508
2.8375,2.0426,0.086938,-0.060511,0.071506,8.7356
2.8376,2.0426,0.086941,-0.060517,0.071481,8.7363
2.8376,2.0426,0.086945,-0.060527,0.071456,8.7458
2.8377,2.0426,0.086949,-0.060543,0.071432,8.744
2.8377,2.0426,0.086953,-0.060559,0.071408,8.7428
2.8378,2.0426,0.086956,-0.060576,0.071385,8.7578
2.8378,2.0426,0.08696,-0.060596,0.071362,8.7578
2.8379,2.0426,0.086964,-0.060619,0.07134,8.7537
2.8379,2.0426,0.086968,-0.060641,0.071318,8.7638
2.838,2.0426,0.086971,-0.060663,0.071297,8.7618
2.8381,2.0426,0.086975,-0.06069,0.071276,8.7516
2.8381,2.0426,0.086979,-0.060716,0.071256,8.7546
2.8382,2.0426,0.086983,-0.060736,0.071236,8.758
2.8382,2.0426,0.086986,-0.060745,0.071217,8.7544
2.8383,2.0426,0.08699,-0.060744,0.071199,8.7625
2.8383,2.0426,0.086994,-0.060733,0.071181,8.7742
2.8384,2.0426,0.086998,-0.06071,0.071163,8.7691
2.8384,2.0426,0.087001,-0.060682,0.071146,8.7656
2.8385,2.0426,0.087005,-0.060658,0.07113,8.7679
2.8385,2.0426,0.087009,-0.060634,0.071114,8.7621
2.8386,2.0426,0.087013,-0.060609,0.071099,8.7577
2.8386,2.0426,0.087016,-0.060583,0.071085,8.7641
2.8387,2.0426,0.08702,-0.060557,0.071071,8.7687
2.8387,2.0426,0.087024,-0.06053,0.071057,8.7579
2.8388,2.0426,0.087028,-0.060502,0.071045,8.7653
2.8388,2.0426,0.087031,-0.060473,0.071033,8.7741
2.8389,2.0426,0.087035,-0.060444,0.071022,8.7657
2.8389,2.0426,0.087039,-0.060414,0.071011,8.7701
2.839,2.0426,0.087043,-0.060383,0.071001,8.7696
2.8391,2.0426,0.087046,-0.060352,0.070991,8.7594
2.8391,2.0425,0.08705,-0.060319,0.070981,8.763
2.8392,2.0425,0.087054,-0.060287,0.070971,8.7761
2.8392,2.0425,0.087058,-0.060253,0.070962,8.7753
2.8393,2.0425,0.087061,-0.060221,0.070953,8.7708
2.8393,2.0425,0.087065,-0.060185,0.070945,8.7915
2.8394,2.0425,0.087069,-0.060145,0.070936,8.8017
2.8394,2.0425,0.087072,-0.060103,0.070928,8.7965
2.8395,2.0425,0.087076,-0.060061,0.070921,8.8044
2.8395,2.0425,0.08708,-0.060018,0.070913,8.8061
2.8396,2.0425,0.087084,-0.059977,0.070906,8.801
2.8396,2.0425,0.087087,-0.059938,0.070899,8.8046
2.8397,2.0425,0.087091,-0.059902,0.070893,8.8056
2.8397,2.0425,0.087095,-0.059863,0.070887,8.7952
2.8398,2.0425,0.087099,-0.059823,0.07088,8.7969
2.8398,2.0425,0.087102,-0.059783,0.070874,8.8071
2.8399,2.0425,0.087106,-0.059742,0.070869,8.7959
2.8399,2.0425,0.08711,-0.059695,0.070863,8.7923
2.84,2.0425,0.087113,-0.059651,0.070857,8.8034
2.8401,2.0425,0.087117,-0.059616,0.070851,8.7944
2.8401,2.0425,0.087121,-0.059594,0.070846,8.7877
2.8402,2.0425,0.087125,-0.059587,0.07084,8.7978
2.8402,2.0425,0.087128,-0.059596,0.070834,8.8059
2.8403,2.0425,0.087132,-0.059611,0.070829,8.8002
2.8403,2.0425,0.087136,-0.059641,0.070824,8.8114
2.8404,2.0425,0.08714,-0.059674,0.070818,8.818
2.8404,2.0425,0.087143,-0.059713,0.070813,8.8073
2.8405,2.0425,0.087147,-0.059761,0.070808,8.8145
2.8405,2.0425,0.087151,-0.059805,0.070802,8.82
2.8406,2.0425,0.087154,-0.059833,0.070797,8.8063
2.8406,2.0425,0.087158,-0.059847,0.070791,8.8094
2.8407,2.0425,0.087162,-0.059848,0.070786,8.819
2.8407,2.0425,0.087166,-0.059862,0.07078,8.8187
2.8408,2.0424,0.087169,-0.059868,0.070775,8.8154
2.8408,2.0424,0.087173,-0.059888,0.070769,8.8256
2.8409,2.0424,0.087177,-0.059933,0.070763,8.8246
2.8409,2.0424,0.087181,-0.059981,0.070757,8.8201
2.841,2.0424,0.087184,-0.060017,0.070751,8.8288
2.8411,2.0424,0.087188,-0.060041,0.070745,8.8275
2.8411,2.0424,0.087192,-0.060053,0.070739,8.8219
2.8412,2.0424,0.087195,-0.060053,0.070733,8.8208
2.8412,2.0424,0.087199,-0.060029,0.070727,8.8255
2.8413,2.0424,0.087203,-0.060002,0.070721,8.818
2.8413,2.0424,0.087207,-0.059984,0.070714,8.8227
2.8414,2.0424,0.08721,-0.05998,0.070707,8.8288
2.8414,2.0424,0.087214,-0.059986,0.0707,8.826
2.8415,2.0424,0.087218,-0.059994,0.070693,8.8241
2.8415,2.0424,0.087222,-0.060002,0.070686,8.829
2.8416,2.0424,0.087225,-0.060003,0.070678,8.8228
2.8416,2.0424,0.087229,-0.059994,0.07067,8.8179
2.8417,2.0424,0.087233,-0.059969,0.070662,8.8267
2.8417,2.0424,0.087236,-0.059942,0.070654,8.8298
2.8418,2.0424,0.08724,-0.059919,0.070646,8.8241
2.8418,2.0424,0.087244,-0.059897,0.070638,8.8354
2.8419,2.0424,0.087248,-0.059875,0.07063,8.8359
2.8419,2.0424,0.087251,-0.059853,0.070621,8.8313
2.842,2.0424,0.087255,-0.059831,0.070613,8.8342
2.8421,2.0424,0.087259,-0.05981,0.070605,8.8375
2.8421,2.0424,0.087262,-0.059788,0.070596,8.8231
2.8422,2.0424,0.087266,-0.059767,0.070588,8.8235
2.8422,2.0424,0.08727,-0.05974,0.070579,8.8337
2.8423,2.0424,0.087274,-0.059723,0.07057,8.826
2.8423,2.0424,0.087277,-0.059706,0.070562,8.8219
2.8424,2.0424,0.087281,-0.059701,0.070553,8.8378
2.8424,2.0424,0.087285,-0.059703,0.070544,8.8338
2.8425,2.0423,0.087288,-0.0597,0.070535,8.8216
2.8425,2.0423,0.087292,-0.059698,0.070526,8.8299
2.8426,2.0423,0.087296,-0.059697,0.070518,8.8295
2.8426,2.0423,0.0873,-0.059696,0.070509,8.8177
2.8427,2.0423,0.087303,-0.059712,0.0705,8.8114
2.8427,2.0423,0.087307,-0.059722,0.070491,8.8144
2.8428,2.0423,0.087311,-0.059739,0.070482,8.8038
2.8428,2.0423,0.087314,-0.059753,0.070473,8.8099
2.8429,2.0423,0.087318,-0.059759,0.070464,8.813
2.8429,2.0423,0.087322,-0.059764,0.070456,8.807
2.843,2.0423,0.087326,-0.059775,0.070447,8.8058
2.8431,2.0423,0.087329,-0.059787,0.070439,8.8162
2.8431,2.0423,0.087333,-0.059791,0.07043,8.8099
2.8432,2.0423,0.087337,-0.059778,0.070422,8.8022
2.8432,2.0423,0.08734,-0.059759,0.070414,8.8083
2.8433,2.0423,0.087344,-0.059738,0.070405,8.8152
2.8433,2.0423,0.087348,-0.059727,0.070396,8.8081
2.8434,2.0423,0.087351,-0.059721,0.070388,8.8188
2.8434,2.0423,0.087355,-0.059712,0.070378,8.8309
2.8435,2.0423,0.087359,-0.059701,0.070369,8.822
2.8435,2.0423,0.087363,-0.059675,0.070359,8.8271
2.8436,2.0423,0.087366,-0.059639,0.070349,8.8352
2.8436,2.0423,0.08737,-0.059594,0.070339,8.8321
2.8437,2.0423,0.087374,-0.059544,0.070329,8.826
2.8437,2.0423,0.087377,-0.059492,0.070318,8.8247
2.8438,2.0423,0.087381,-0.059437,0.070306,8.8187
2.8438,2.0423,0.087385,-0.059384,0.070294,8.8124
2.8439,2.0423,0.087388,-0.059349,0.070282,8.8325
2.8439,2.0423,0.087392,-0.059333,0.070269,8.8327
2.844,2.0423,0.087396,-0.059321,0.070256,8.8174
2.8441,2.0423,0.0874,-0.05931,0.070243,8.8273
2.8441,2.0423,0.087403,-0.059302,0.070228,8.8227
2.8442,2.0422,0.087407,-0.059278,0.070214,8.8096
2.8442,2.0422,0.087411,-0.059248,0.070198,8.8076
2.8443,2.0422,0.087414,-0.059217,0.070183,8.8091
2.8443,2.0422,0.087418,-0.059194,0.070166,8.7941
2.8444,2.0422,0.087422,-0.059177,0.070135,8.7984
2.8444,2.0422,0.087425,-0.059143,0.070127,8.8163
2.8445,2.0422,0.087429,-0.059104,0.070135,8.809
2.8445,2.0422,0.087433,-0.059073,0.070151,8.8065
2.8446,2.0422,0.087436,-0.059027,0.070167,8.8191
2.8446,2.0422,0.08744,-0.058981,0.070177,8.811
2.8447,2.0422,0.087444,-0.05894,0.070174,8.81
2.8447,2.0422,0.087448,-0.058911,0.070153,8.8178
2.8448,2.0422,0.087451,-0.058886,0.070107,8.8148
2.8448,2.0422,0.087455,-0.058859,0.070075,8.8107
2.8449,2.0422,0.087459,-0.058836,0.070043,8.8287
2.8449,2.0422,0.087462,-0.058825,0.070009,8.841
2.845,2.0422,0.087466,-0.058798,0.069975,8.8382
2.8451,2.0422,0.08747,-0.058764,0.06994,8.8403
2.8451,2.0422,0.087473,-0.058725,0.069905,8.854
2.8452,2.0422,0.087477,-0.058684,0.069868,8.8404
2.8452,2.0422,0.087481,-0.058644,0.069832,8.8387
2.8453,2.0422,0.087484,-0.058606,0.069795,8.8441
2.8453,2.0422,0.087488,-0.058573,0.069757,8.8395
2.8454,2.0422,0.087492,-0.058547,0.06972,8.835
2.8454,2.0422,0.087495,-0.058515,0.069682,8.8399
2.8455,2.0422,0.087499,-0.058481,0.069644,8.8442
2.8455,2.0422,0.087503,-0.058446,0.069606,8.8339
2.8456,2.0422,0.087506,-0.058409,0.069568,8.8377
2.8456,2.0422,0.08751,-0.058371,0.069529,8.8398
2.8457,2.0422,0.087514,-0.058332,0.06949,8.8319
2.8457,2.0422,0.087517,-0.058292,0.069451,8.8336
2.8458,2.0422,0.087521,-0.05825,0.069411,8.834
2.8458,2.0421,0.087525,-0.058208,0.069358,8.8231
2.8459,2.0421,0.087528,-0.058164,0.069328,8.8268
2.8459,2.0421,0.087532,-0.058119,0.069314,8.8334
2.846,2.0421,0.087536,-0.058073,0.069324,8.8308
2.8461,2.0421,0.087539,-0.058027,0.069297,8.8296
2.8461,2.0421,0.087543,-0.057977,0.069271,8.8399
2.8462,2.0421,0.087547,-0.057926,0.069237,8.8342
2.8462,2.0421,0.08755,-0.05788,0.069188,8.8325
2.8463,2.0421,0.087554,-0.057832,0.069117,8.838
2.8463,2.0421,0.087557,-0.057788,0.069064,8.8345
2.8464,2.0421,0.087561,-0.057745,0.069014,8.8312
2.8464,2.0421,0.087565,-0.057703,0.068971,8.8434
2.8465,2.0421,0.087568,-0.057658,0.06889,8.8508
2.8465,2.0421,0.087572,-0.057608,0.068823,8.8476
2.8466,2.0421,0.087576,-0.057557,0.068743,8.8606
2.8466,2.0421,0.087579,-0.057505,0.068686,8.8651
2.8467,2.0421,0.087583,-0.057449,0.068646,8.8582
2.8467,2.0421,0.087586,-0.057391,0.068613,8.8604
2.8468,2.0421,0.08759,-0.057332,0.068582,8.8594
2.8468,2.0421,0.087594,-0.05727,0.068545,8.8615
2.8469,2.0421,0.087597,-0.057205,0.068496,8.8555
2.8469,2.0421,0.087601,-0.05714,0.068429,8.8566
2.847,2.0421,0.087604,-0.057076,0.068337,8.8468
2.8471,2.0421,0.087608,-0.057012,0.068261,8.8378
2.8471,2.0421,0.087612,-0.056947,0.068183,8.849
2.8472,2.0421,0.087615,-0.056881,0.068106,8.8443
2.8472,2.0421,0.087619,-0.056813,0.068015,8.8308
2.8473,2.0421,0.087622,-0.056747,0.067947,8.8297
2.8473,2.0421,0.087626,-0.056681,0.067896,8.8335
2.8474,2.0421,0.08763,-0.056618,0.067853,8.8287
2.8474,2.0421,0.087633,-0.056556,0.067812,8.8277
2.8475,2.0421,0.087637,-0.056492,0.067766,8.8324
2.8475,2.0421,0.08764,-0.056427,0.067708,8.8334
2.8476,2.042,0.087644,-0.056359,0.067632,8.8331
2.8476,2.042,0.087647,-0.056287,0.067533,8.8469
2.8477,2.042,0.087651,-0.056217,0.067449,8.8396
2.8477,2.042,0.087654,-0.056147,0.067366,8.8268
2.8478,2.042,0.087658,-0.056076,0.067284,8.8341
2.8478,2.042,0.087661,-0.056003,0.067202,8.8325
2.8479,2.042,0.087665,-0.055933,0.067121,8.8263
2.8479,2.042,0.087669,-0.055866,0.06704,8.8258
2.848,2.042,0.087672,-0.055801,0.06696,8.825
2.8481,2.042,0.087676,-0.055737,0.066881,8.8183
2.8481,2.042,0.087679,-0.055672,0.066789,8.8215
2.8482,2.042,0.087683,-0.055606,0.066722,8.826
2.8482,2.042,0.087686,-0.055538,0.066671,8.8108
2.8483,2.042,0.08769,-0.055465,0.066629,8.8084
2.8483,2.042,0.087693,-0.055396,0.066589,8.8114
2.8484,2.042,0.087697,-0.055326,0.066545,8.7925
2.8484,2.042,0.0877,-0.055256,0.066489,8.7916
2.8485,2.042,0.087704,-0.055187,0.066417,8.7942
2.8485,2.042,0.087707,-0.055118,0.066307,8.7859
2.8486,2.042,0.087711,-0.055049,0.066236,8.7795
2.8486,2.042,0.087714,-0.05498,0.066182,8.7851
2.8487,2.042,0.087718,-0.054912,0.066137,8.7857
2.8487,2.042,0.087721,-0.054844,0.066094,8.7756
2.8488,2.042,0.087725,-0.054776,0.066045,8.7757
2.8488,2.042,0.087728,-0.054709,0.065986,8.7718
2.8489,2.042,0.087731,-0.054643,0.065908,8.764
2.8489,2.042,0.087735,-0.054576,0.065808,8.7698
2.849,2.042,0.087738,-0.054511,0.065723,8.7832
2.8491,2.042,0.087742,-0.054445,0.06564,8.7736
2.8491,2.042,0.087745,-0.054381,0.065557,8.7792
2.8492,2.042,0.087749,-0.054317,0.065476,8.7938
2.8492,2.042,0.087752,-0.054251,0.065395,8.7868
2.8493,2.042,0.087756,-0.05419,0.065315,8.7822
2.8493,2.042,0.087759,-0.054132,0.065237,8.7895
2.8494,2.042,0.087762,-0.054077,0.065159,8.7864
2.8494,2.0419,0.087766,-0.054023,0.065082,8.7741
2.8495,2.0419,0.087769,-0.05397,0.065006,8.7853
2.8495,2.0419,0.087773,-0.053917,0.064931,8.7912
2.8496,2.0419,0.087776,-0.053862,0.064843,8.7798
2.8496,2.0419,0.08778,-0.053804,0.064766,8.7873
2.8497,2.0419,0.087783,-0.053749,0.064716,8.7977
2.8497,2.0419,0.087786,-0.053695,0.064702,8.7833
2.8498,2.0419,0.08779,-0.053642,0.064725,8.7753
2.8498,2.0419,0.087793,-0.053591,0.06478,8.7866
2.8499,2.0419,0.087797,-0.05354,0.064856,8.7771
2.8499,2.0419,0.0878,-0.05349,0.064947,8.7703
2.85,2.0419,0.087803,-0.053442,0.065007,8.7786
2.8501,2.0419,0.087807,-0.053394,0.065035,8.7788
2.8501,2.0419,0.08781,-0.053348,0.06502,8.7728
2.8502,2.0419,0.087814,-0.053303,0.064963,8.7835
2.8502,2.0419,0.087817,-0.053265,0.064868,8.7906
2.8503,2.0419,0.087821,-0.053219,0.064748,8.7779
2.8503,2.0419,0.087824,-0.053168,0.064621,8.7848
2.8504,2.0419,0.087827,-0.053114,0.064511,8.7871
2.8504,2.0419,0.087831,-0.05306,0.064402,8.7818
2.8505,2.0419,0.087834,-0.053007,0.064295,8.786
2.8505,2.0419,0.087838,-0.052959,0.064191,8.7947
2.8506,2.0419,0.087841,-0.052919,0.064088,8.7905
2.8506,2.0419,0.087844,-0.052888,0.063973,8.7954
2.8507,2.0419,0.087848,-0.052854,0.063884,8.8086
2.8507,2.0419,0.087851,-0.052827,0.063814,8.8083
2.8508,2.0419,0.087854,-0.052798,0.063753,8.8082
2.8508,2.0419,0.087858,-0.052755,0.063696,8.8162
2.8509,2.0419,0.087861,-0.052704,0.063636,8.8091
2.8509,2.0419,0.087864,-0.052647,0.063566,8.7958
2.851,2.0419,0.087868,-0.052592,0.063479,8.8064
2.8511,2.0419,0.087871,-0.052541,0.063371,8.8096
2.8511,2.0419,0.087874,-0.052501,0.06328,8.7957
2.8512,2.0419,0.087878,-0.052477,0.06319,8.7986
2.8512,2.0419,0.087881,-0.052463,0.063103,8.8081
2.8513,2.0418,0.087884,-0.052444,0.063017,8.7944
2.8513,2.0418,0.087888,-0.052411,0.062934,8.7951
2.8514,2.0418,0.087891,-0.052369,0.062852,8.797
2.8514,2.0418,0.087894,-0.052323,0.062772,8.7897
2.8515,2.0418,0.087898,-0.052277,0.062694,8.7842
2.8515,2.0418,0.087901,-0.052236,0.062604,8.7926
2.8516,2.0418,0.087904,-0.052207,0.062539,8.7878
2.8516,2.0418,0.087907,-0.052194,0.062493,8.7839
2.8517,2.0418,0.087911,-0.052186,0.062444,8.8021
2.8517,2.0418,0.087914,-0.052175,0.062436,8.8124
2.8518,2.0418,0.087917,-0.052167,0.062417,8.799
2.8518,2.0418,0.087921,-0.05216,0.062394,8.8082
2.8519,2.0418,0.087924,-0.052156,0.062309,8.8056
2.8519,2.0418,0.087927,-0.052154,0.062205,8.8035
2.852,2.0418,0.08793,-0.052154,0.062117,8.8021
2.8521,2.0418,0.087934,-0.052156,0.062019,8.8152
2.8521,2.0418,0.087937,-0.052161,0.061934,8.8078
2.8522,2.0418,0.08794,-0.052173,0.061937,8.809
2.8522,2.0418,0.087943,-0.052178,0.061957,8.8189
2.8523,2.0418,0.087947,-0.052185,0.061996,8.8119
2.8523,2.0418,0.08795,-0.052182,0.061979,8.8082
2.8524,2.0418,0.087953,-0.052172,0.061987,8.816
2.8524,2.0418,0.087956,-0.052166,0.061982,8.8102
2.8525,2.0418,0.08796,-0.052161,0.061947,8.8029
2.8525,2.0418,0.087963,-0.052154,0.061906,8.8041
2.8526,2.0418,0.087966,-0.052148,0.061877,8.8074
2.8526,2.0418,0.08797,-0.052124,0.061838,8.7943
2.8527,2.0418,0.087973,-0.052104,0.061784,8.8006
2.8527,2.0418,0.087976,-0.052075,0.061708,8.8048
2.8528,2.0418,0.087979,-0.052047,0.061649,8.7976
2.8528,2.0418,0.087983,-0.052025,0.061592,8.7986
2.8529,2.0418,0.087986,-0.052002,0.061538,8.8041
2.8529,2.0418,0.087989,-0.05197,0.061486,8.8025
2.853,2.0418,0.087992,-0.051935,0.061436,8.7988
2.8531,2.0418,0.087995,-0.051906,0.061389,8.805
2.8531,2.0418,0.087999,-0.051893,0.061344,8.7994
2.8532,2.0418,0.088002,-0.051885,0.061301,8.792
2.8532,2.0417,0.088005,-0.051878,0.061261,8.8015
2.8533,2.0417,0.088008,-0.051862,0.061223,8.8032
2.8533,2.0417,0.088012,-0.051841,0.061187,8.7906
2.8534,2.0417,0.088015,-0.051819,0.061154,8.8014
2.8534,2.0417,0.088018,-0.051797,0.061123,8.797
2.8535,2.0417,0.088021,-0.051788,0.061095,8.7878
2.8535,2.0417,0.088024,-0.051788,0.061068,8.7878
2.8536,2.0417,0.088028,-0.051798,0.061044,8.7871
2.8536,2.0417,0.088031,-0.051816,0.061008,8.7805
2.8537,2.0417,0.088034,-0.051841,0.060999,8.783
2.8537,2.0417,0.088037,-0.051874,0.061008,8.7868
2.8538,2.0417,0.08804,-0.05191,0.061028,8.784
2.8538,2.0417,0.088044,-0.051929,0.061051,8.7747
2.8539,2.0417,0.088047,-0.05193,0.061071,8.7838
2.8539,2.0417,0.08805,-0.051926,0.061082,8.7697
2.854,2.0417,0.088053,-0.05192,0.061077,8.762
2.8541,2.0417,0.088057,-0.051908,0.06105,8.7612
2.8541,2.0417,0.08806,-0.051912,0.06104,8.7628
2.8542,2.0417,0.088063,-0.051922,0.061032,8.7531
2.8542,2.0417,0.088066,-0.051932,0.061027,8.7612
2.8543,2.0417,0.088069,-0.051934,0.061024,8.765
2.8543,2.0417,0.088073,-0.051929,0.061038,8.7565
2.8544,2.0417,0.088076,-0.051941,0.061016,8.7634
2.8544,2.0417,0.088079,-0.051959,0.061002,8.7646
2.8545,2.0417,0.088082,-0.051968,0.060995,8.7583
2.8545,2.0417,0.088085,-0.051991,0.060992,8.759
2.8546,2.0417,0.088089,-0.052016,0.060995,8.7742
2.8546,2.0417,0.088092,-0.052034,0.061003,8.7763
2.8547,2.0417,0.088095,-0.052039,0.061017,8.7739
2.8547,2.0417,0.088098,-0.052038,0.061039,8.7817
2.8548,2.0417,0.088102,-0.052039,0.061011,8.7927
2.8548,2.0417,0.088105,-0.052035,0.061024,8.7813
2.8549,2.0417,0.088108,-0.052017,0.061056,8.7893
2.8549,2.0417,0.088111,-0.052014,0.061098,8.7893
2.855,2.0417,0.088114,-0.052019,0.061143,8.7847
2.8551,2.0417,0.088118,-0.052029,0.061171,8.7813
2.8551,2.0416,0.088121,-0.052043,0.061213,8.7836
2.8552,2.0416,0.088124,-0.052055,0.061241,8.7739
2.8552,2.0416,0.088127,-0.052065,0.06128,8.7746
2.8553,2.0416,0.08813,-0.052068,0.061353,8.792
2.8553,2.0416,0.088134,-0.052063,0.061431,8.7844
2.8554,2.0416,0.088137,-0.052063,0.061487,8.7771
2.8554,2.0416,0.08814,-0.052064,0.061531,8.79
2.8555,2.0416,0.088143,-0.052065,0.061582,8.7771
2.8555,2.0416,0.088147,-0.052065,0.061642,8.7638
2.8556,2.0416,0.08815,-0.052064,0.061714,8.7774
2.8556,2.0416,0.088153,-0.052063,0.061801,8.7813
2.8557,2.0416,0.088156,-0.052062,0.061892,8.771
2.8557,2.0416,0.08816,-0.052063,0.061996,8.7833
2.8558,2.0416,0.088163,-0.052064,0.06208,8.7912
2.8558,2.0416,0.088166,-0.052065,0.062156,8.7911
2.8559,2.0416,0.08817,-0.052067,0.06221,8.7953
2.8559,2.0416,0.088173,-0.052068,0.062246,8.8076
2.856,2.0416,0.088176,-0.052069,0.062295,8.8083
2.8561,2.0416,0.088179,-0.052064,0.062272,8.8033
2.8561,2.0416,0.088183,-0.052064,0.062231,8.8198
2.8562,2.0416,0.088186,-0.052073,0.062214,8.8142
2.8562,2.0416,0.088189,-0.052095,0.062217,8.8106
2.8563,2.0416,0.088192,-0.052135,0.062257,8.8315
2.8563,2.0416,0.088196,-0.052185,0.062304,8.8392
2.8564,2.0416,0.088199,-0.052227,0.062363,8.8277
2.8564,2.0416,0.088202,-0.052261,0.062437,8.833
2.8565,2.0416,0.088206,-0.052283,0.062457,8.8294
2.8565,2.0416,0.088209,-0.052308,0.062464,8.8194
2.8566,2.0416,0.088212,-0.052333,0.062409,8.8207
2.8566,2.0416,0.088215,-0.052351,0.062348,8.8244
2.8567,2.0416,0.088219,-0.052374,0.062296,8.8133
2.8567,2.0416,0.088222,-0.052395,0.062232,8.81
2.8568,2.0416,0.088225,-0.05241,0.062149,8.8232
2.8568,2.0416,0.088229,-0.05243,0.062087,8.8203
2.8569,2.0416,0.088232,-0.052463,0.062031,8.8181
2.8569,2.0416,0.088235,-0.052501,0.061984,8.8228
2.857,2.0416,0.088238,-0.052534,0.061915,8.8106
2.8571,2.0415,0.088242,-0.052555,0.06184,8.8027
2.8571,2.0415,0.088245,-0.052572,0.06175,8.811
2.8572,2.0415,0.088248,-0.052587,0.06167,8.8125
2.8572,2.0415,0.088251,-0.052603,0.061567,8.8013
2.8573,2.0415,0.088255,-0.052622,0.061453,8.8121
2.8573,2.0415,0.088258,-0.052647,0.061342,8.8275
2.8574,2.0415,0.088261,-0.052666,0.061245,8.821
2.8574,2.0415,0.088264,-0.052682,0.061176,8.8248
2.8575,2.0415,0.088267,-0.052697,0.061103,8.8355
2.8575,2.0415,0.088271,-0.05271,0.061048,8.835
2.8576,2.0415,0.088274,-0.052721,0.061019,8.8344
2.8576,2.0415,0.088277,-0.052729,0.060979,8.841
2.8577,2.0415,0.08828,-0.052733,0.06094,8.8395
2.8577,2.0415,0.088283,-0.052735,0.060903,8.8354
2.8578,2.0415,0.088287,-0.052735,0.060868,8.8477
2.8578,2.0415,0.08829,-0.052734,0.060835,8.8479
2.8579,2.0415,0.088293,-0.052734,0.060789,8.8381
2.8579,2.0415,0.088296,-0.052732,0.06077,8.845
2.858,2.0415,0.088299,-0.052728,0.060768,8.8476
2.8581,2.0415,0.088303,-0.052722,0.060792,8.8329
2.8581,2.0415,0.088306,-0.052712,0.060794,8.8315
2.8582,2.0415,0.088309,-0.052701,0.060776,8.8304
2.8582,2.0415,0.088312,-0.052685,0.060735,8.8216
2.8583,2.0415,0.088315,-0.052667,0.060672,8.8293
2.8583,2.0415,0.088319,-0.052647,0.060589,8.8323
2.8584,2.0415,0.088322,-0.052624,0.060531,8.825
2.8584,2.0415,0.088325,-0.052602,0.06049,8.825
2.8585,2.0415,0.088328,-0.052578,0.06049,8.8311
2.8585,2.0415,0.088331,-0.052551,0.060454,8.828
2.8586,2.0415,0.088335,-0.052523,0.060402,8.8203
2.8586,2.0415,0.088338,-0.052491,0.06034,8.8285
2.8587,2.0415,0.088341,-0.052456,0.060274,8.8338
2.8587,2.0415,0.088344,-0.052419,0.060211,8.82
2.8588,2.0415,0.088347,-0.052382,0.060158,8.8359
2.8588,2.0415,0.08835,-0.052343,0.060123,8.8417
2.8589,2.0415,0.088354,-0.052304,0.0601,8.8371
2.8589,2.0414,0.088357,-0.052262,0.060089,8.8487
2.859,2.0414,0.08836,-0.052218,0.060095,8.8629
2.8591,2.0414,0.088363,-0.052172,0.060112,8.8462
2.8591,2.0414,0.088366,-0.052125,0.060132,8.8445
2.8592,2.0414,0.088369,-0.052077,0.060149,8.8583
2.8592,2.0414,0.088373,-0.05203,0.060155,8.8506
2.8593,2.0414,0.088376,-0.051979,0.060146,8.8439
2.8593,2.0414,0.088379,-0.051928,0.060114,8.8541
2.8594,2.0414,0.088382,-0.051875,0.060099,8.857
2.8594,2.0414,0.088385,-0.051821,0.060086,8.8431
2.8595,2.0414,0.088388,-0.051765,0.060075,8.8533
2.8595,2.0414,0.088392,-0.05171,0.060081,8.8481
2.8596,2.0414,0.088395,-0.051655,0.060079,8.8374
2.8596,2.0414,0.088398,-0.051599,0.060053,8.832
2.8597,2.0414,0.088401,-0.051541,0.059989,8.8323
2.8597,2.0414,0.088404,-0.051484,0.059882,8.8167
2.8598,2.0414,0.088407,-0.051422,0.059734,8.8124
2.8598,2.0414,0.08841,-0.051356,0.059553,8.8265
2.8599,2.0414,0.088414,-0.05129,0.05934,8.8226
2.8599,2.0414,0.088417,-0.051219,0.059143,8.8212
2.86,2.0414,0.08842,-0.051147,0.058967,8.8281
2.8601,2.0414,0.088423,-0.05107,0.058822,8.8243
2.8601,2.0414,0.088426,-0.050992,0.058715,8.8204
2.8602,2.0414,0.088429,-0.050914,0.058644,8.832
2.8602,2.0414,0.088432,-0.050833,0.058601,8.8378
2.8603,2.0414,0.088435,-0.050754,0.058569,8.8248
2.8603,2.0414,0.088438,-0.050679,0.058524,8.8388
2.8604,2.0414,0.088441,-0.050605,0.05848,8.8412
2.8604,2.0414,0.088444,-0.050533,0.058437,8.8351
2.8605,2.0414,0.088448,-0.050459,0.058395,8.8444
2.8605,2.0414,0.088451,-0.050385,0.058355,8.8516
2.8606,2.0414,0.088454,-0.050308,0.05833,8.8375
2.8606,2.0414,0.088457,-0.050231,0.058283,8.8394
2.8607,2.0414,0.08846,-0.050154,0.058219,8.8458
2.8607,2.0414,0.088463,-0.05008,0.058145,8.829
2.8608,2.0414,0.088466,-0.050007,0.058066,8.8223
2.8608,2.0414,0.088469,-0.049934,0.05799,8.8349
2.8609,2.0413,0.088472,-0.049861,0.057923,8.8331
2.8609,2.0413,0.088475,-0.049787,0.057874,8.8293
2.861,2.0413,0.088478,-0.049712,0.057851,8.8323
2.8611,2.0413,0.088481,-0.049638,0.057814,8.8318
2.8611,2.0413,0.088484,-0.049566,0.057778,8.8213
2.8612,2.0413,0.088487,-0.049497,0.057744,8.8153
2.8612,2.0413,0.08849,-0.049426,0.057711,8.8187
2.8613,2.0413,0.088493,-0.049354,0.057681,8.8099
2.8613,2.0413,0.088496,-0.049282,0.057651,8.8046
2.8614,2.0413,0.088499,-0.049207,0.057624,8.814
2.8614,2.0413,0.088502,-0.049132,0.057599,8.8095
2.8615,2.0413,0.088505,-0.049054,0.05759,8.8155
2.8615,2.0413,0.088508,-0.048975,0.05756,8.8233
2.8616,2.0413,0.088512,-0.048896,0.057513,8.8259
2.8616,2.0413,0.088515,-0.048817,0.057471,8.822
2.8617,2.0413,0.088518,-0.048737,0.057387,8.8414
2.8617,2.0413,0.088521,-0.048658,0.057312,8.846
2.8618,2.0413,0.088524,-0.04858,0.057239,8.8463
2.8618,2.0413,0.088527,-0.048502,0.057229,8.8522
2.8619,2.0413,0.08853,-0.048422,0.057246,8.8668
2.8619,2.0413,0.088533,-0.048341,0.057253,8.8614
2.862,2.0413,0.088536,-0.048261,0.057278,8.8652
2.8621,2.0413,0.088539,-0.048179,0.057297,8.8709
2.8621,2.0413,0.088542,-0.048095,0.057232,8.8623
2.8622,2.0413,0.088545,-0.048011,0.057145,8.8648
2.8622,2.0413,0.088548,-0.047928,0.057035,8.8616
2.8623,2.0413,0.088551,-0.047846,0.056976,8.8566
2.8623,2.0413,0.088554,-0.047763,0.056892,8.8535
2.8624,2.0413,0.088557,-0.047682,0.056817,8.8601
2.8624,2.0413,0.08856,-0.047599,0.056772,8.8608
2.8625,2.0413,0.088563,-0.047514,0.056735,8.851
2.8625,2.0413,0.088566,-0.047429,0.056687,8.8628
2.8626,2.0413,0.088569,-0.047343,0.056651,8.8674
2.8626,2.0413,0.088572,-0.04726,0.056633,8.8496
2.8627,2.0413,0.088575,-0.047179,0.056642,8.8579
2.8627,2.0413,0.088578,-0.0471,0.056639,8.8567
2.8628,2.0413,0.088581,-0.047025,0.056639,8.8534
2.8628,2.0413,0.088584,-0.046949,0.056641,8.8493
2.8629,2.0413,0.088586,-0.046873,0.056645,8.8588
2.8629,2.0412,0.088589,-0.046796,0.056652,8.8625
2.863,2.0412,0.088592,-0.046719,0.056662,8.8575
2.8631,2.0412,0.088595,-0.046644,0.056674,8.874
2.8631,2.0412,0.088598,-0.046569,0.056688,8.87
2.8632,2.0412,0.088601,-0.046495,0.056705,8.8672
2.8632,2.0412,0.088604,-0.046421,0.056725,8.8772
2.8633,2.0412,0.088607,-0.046348,0.056747,8.8783
2.8633,2.0412,0.08861,-0.046276,0.056772,8.8606
2.8634,2.0412,0.088613,-0.046204,0.056799,8.8696
2.8634,2.0412,0.088616,-0.046136,0.05683,8.8748
2.8635,2.0412,0.088619,-0.046075,0.056862,8.8697
2.8635,2.0412,0.088622,-0.046021,0.056898,8.8709
2.8636,2.0412,0.088625,-0.045974,0.05695,8.8806
2.8636,2.0412,0.088628,-0.04593,0.056981,8.8657
2.8637,2.0412,0.088631,-0.045889,0.056997,8.8616
2.8637,2.0412,0.088634,-0.045848,0.057004,8.8661
2.8638,2.0412,0.088637,-0.045807,0.057007,8.8607
2.8638,2.0412,0.08864,-0.045765,0.057014,8.8491
2.8639,2.0412,0.088643,-0.045713,0.057033,8.8546
2.8639,2.0412,0.088646,-0.045657,0.05707,8.8524
2.864,2.0412,0.088649,-0.045593,0.057134,8.8419
2.8641,2.0412,0.088652,-0.04552,0.057186,8.8515
2.8641,2.0412,0.088655,-0.045442,0.057241,8.8513
2.8642,2.0412,0.088658,-0.045365,0.057298,8.8368
2.8642,2.0412,0.088661,-0.045297,0.057358,8.848
2.8643,2.0412,0.088664,-0.045236,0.05742,8.8467
2.8643,2.0412,0.088667,-0.045174,0.0575,8.8285
2.8644,2.0412,0.08867,-0.045118,0.057558,8.8283
2.8644,2.0412,0.088674,-0.045064,0.0576,8.8361
2.8645,2.0412,0.088677,-0.045012,0.057633,8.8327
2.8645,2.0412,0.08868,-0.044963,0.057663,8.8355
2.8646,2.0412,0.088683,-0.044915,0.057697,8.8451
2.8646,2.0412,0.088686,-0.044868,0.057742,8.8458
2.8647,2.0412,0.088689,-0.044823,0.057806,8.8366
2.8647,2.0412,0.088692,-0.044773,0.057911,8.8434
2.8648,2.0412,0.088695,-0.044723,0.05798,8.8381
2.8648,2.0412,0.088698,-0.044677,0.058034,8.8252
2.8649,2.0412,0.088701,-0.044638,0.058078,8.8342
2.8649,2.0412,0.088704,-0.044601,0.058118,8.8299
2.865,2.0412,0.088707,-0.044567,0.058177,8.8231
2.8651,2.0412,0.08871,-0.044534,0.058223,8.8193
2.8651,2.0412,0.088713,-0.044507,0.058283,8.8255
2.8652,2.0411,0.088716,-0.044485,0.058334,8.8136
2.8652,2.0411,0.088719,-0.044474,0.05835,8.8055
2.8653,2.0411,0.088722,-0.044471,0.058356,8.8062
2.8653,2.0411,0.088725,-0.044478,0.058383,8.7988
2.8654,2.0411,0.088729,-0.044489,0.05842,8.7912
2.8654,2.0411,0.088732,-0.0445,0.058449,8.8023
2.8655,2.0411,0.088735,-0.044506,0.058468,8.796
2.8655,2.0411,0.088738,-0.044508,0.058471,8.7872
2.8656,2.0411,0.088741,-0.044508,0.058454,8.8029
2.8656,2.0411,0.088744,-0.044502,0.058429,8.8054
2.8657,2.0411,0.088747,-0.0445,0.058382,8.7918
2.8657,2.0411,0.08875,-0.044503,0.058363,8.7946
2.8658,2.0411,0.088753,-0.044514,0.058324,8.8033
2.8658,2.0411,0.088756,-0.044534,0.05828,8.7918
2.8659,2.0411,0.088759,-0.044565,0.058237,8.7896
2.8659,2.0411,0.088762,-0.044605,0.058181,8.8064
2.866,2.0411,0.088765,-0.044658,0.058172,8.7984
2.8661,2.0411,0.088768,-0.044711,0.058168,8.8025
2.8661,2.0411,0.088771,-0.044761,0.058141,8.8167
2.8662,2.0411,0.088775,-0.044797,0.05811,8.8164
2.8662,2.0411,0.088778,-0.044813,0.058022,8.8074
2.8663,2.0411,0.088781,-0.044819,0.057926,8.8106
2.8663,2.0411,0.088784,-0.04483,0.057824,8.8058
2.8664,2.0411,0.088787,-0.044847,0.05772,8.7983
2.8664,2.0411,0.08879,-0.044875,0.057649,8.802
2.8665,2.0411,0.088793,-0.0449,0.057601,8.8022
2.8665,2.0411,0.088796,-0.044923,0.05759,8.7898
2.8666,2.0411,0.088799,-0.044953,0.057567,8.7939
2.8666,2.0411,0.088802,-0.044976,0.057522,8.7985
2.8667,2.0411,0.088805,-0.045001,0.057481,8.7878
2.8667,2.0411,0.088808,-0.045031,0.057459,8.7908
2.8668,2.0411,0.088811,-0.045057,0.057425,8.792
2.8668,2.0411,0.088814,-0.045068,0.057401,8.7785
2.8669,2.0411,0.088817,-0.045074,0.057393,8.7767
2.8669,2.0411,0.08882,-0.045079,0.057395,8.7869
2.867,2.0411,0.088823,-0.045096,0.057408,8.7837
2.8671,2.0411,0.088826,-0.045114,0.057439,8.783
2.8671,2.0411,0.088829,-0.045132,0.057483,8.7978
2.8672,2.0411,0.088832,-0.045146,0.057532,8.8031
2.8672,2.0411,0.088835,-0.045153,0.057581,8.8019
2.8673,2.0411,0.088838,-0.045152,0.057622,8.8133
2.8673,2.0411,0.088841,-0.045152,0.057648,8.8178
2.8674,2.041,0.088844,-0.045148,0.05765,8.8078
2.8674,2.041,0.088847,-0.045135,0.057667,8.8066
2.8675,2.041,0.08885,-0.045119,0.057685,8.82
2.8675,2.041,0.088853,-0.045101,0.057703,8.8155
2.8676,2.041,0.088856,-0.045087,0.057721,8.8169
2.8676,2.041,0.088859,-0.04508,0.05774,8.8256
2.8677,2.041,0.088862,-0.04508,0.057759,8.832
2.8677,2.041,0.088866,-0.045085,0.057779,8.8206
2.8678,2.041,0.088869,-0.045092,0.057799,8.8333
2.8678,2.041,0.088872,-0.045091,0.057835,8.8257
2.8679,2.041,0.088875,-0.045086,0.057847,8.8097
2.8679,2.041,0.088878,-0.045079,0.057841,8.8181
2.868,2.041,0.088881,-0.045072,0.057824,8.8189
2.8681,2.041,0.088884,-0.045068,0.057801,8.8032
2.8681,2.041,0.088887,-0.045064,0.057781,8.807
2.8682,2.041,0.08889,-0.045062,0.057769,8.8215
2.8682,2.041,0.088893,-0.045061,0.057774,8.8081
2.8683,2.041,0.088896,-0.045053,0.057803,8.8039
2.8683,2.041,0.088899,-0.04504,0.057818,8.8114
2.8684,2.041,0.088902,-0.045025,0.057833,8.8059
2.8684,2.041,0.088905,-0.045011,0.057849,8.8003
2.8685,2.041,0.088908,-0.045007,0.057866,8.8107
2.8685,2.041,0.088911,-0.045004,0.057883,8.8152
2.8686,2.041,0.088914,-0.045009,0.0579,8.8084
2.8686,2.041,0.088917,-0.045013,0.057918,8.8219
2.8687,2.041,0.08892,-0.045016,0.057937,8.8302
2.8687,2.041,0.088923,-0.045011,0.057956,8.8228
2.8688,2.041,0.088926,-0.045002,0.057976,8.8361
2.8688,2.041,0.088929,-0.044986,0.058011,8.839
2.8689,2.041,0.088933,-0.044973,0.058022,8.8306
2.8689,2.041,0.088936,-0.044962,0.058016,8.8267
2.869,2.041,0.088939,-0.044964,0.057998,8.838
2.8691,2.041,0.088942,-0.04497,0.057974,8.8261
2.8691,2.041,0.088945,-0.044977,0.057952,8.8274
2.8692,2.041,0.088948,-0.044981,0.057938,8.8379
2.8692,2.041,0.088951,-0.044982,0.057939,8.8355
2.8693,2.041,0.088954,-0.044976,0.057965,8.8291
2.8693,2.041,0.088957,-0.044966,0.057977,8.8388
2.8694,2.041,0.08896,-0.044957,0.057988,8.8291
2.8694,2.041,0.088963,-0.044951,0.058,8.817
2.8695,2.041,0.088966,-0.044944,0.058011,8.817
2.8695,2.041,0.088969,-0.044937,0.058023,8.8182
2.8696,2.041,0.088972,-0.04493,0.058034,8.8046
2.8696,2.0409,0.088975,-0.044925,0.058045,8.81
2.8697,2.0409,0.088978,-0.044918,0.058056,8.8172
2.8697,2.0409,0.088981,-0.044916,0.058067,8.8047
2.8698,2.0409,0.088984,-0.044916,0.058077,8.8005
2.8698,2.0409,0.088987,-0.044917,0.058087,8.8093
2.8699,2.0409,0.088991,-0.04493,0.058097,8.7996
2.8699,2.0409,0.088994,-0.044948,0.058107,8.7879
2.87,2.0409,0.088997,-0.044973,0.058116,8.7939
2.8701,2.0409,0.089,-0.045001,0.058125,8.7911
2.8701,2.0409,0.089003,-0.045026,0.058133,8.7859
2.8702,2.0409,0.089006,-0.04505,0.058142,8.7997
2.8702,2.0409,0.089009,-0.045069,0.05815,8.8039
2.8703,2.0409,0.089012,-0.045081,0.058158,8.7949
2.8703,2.0409,0.089015,-0.045097,0.058166,8.8023
2.8704,2.0409,0.089018,-0.04511,0.058174,8.8072
2.8704,2.0409,0.089021,-0.045125,0.058183,8.7955
2.8705,2.0409,0.089024,-0.045142,0.058191,8.7947
2.8705,2.0409,0.089027,-0.045161,0.058199,8.7947
2.8706,2.0409,0.08903,-0.045182,0.058207,8.7835
2.8706,2.0409,0.089033,-0.045204,0.058215,8.7869
2.8707,2.0409,0.089036,-0.045222,0.058223,8.7908
2.8707,2.0409,0.08904,-0.045238,0.058231,8.7847
2.8708,2.0409,0.089043,-0.045255,0.058239,8.779
2.8708,2.0409,0.089046,-0.045277,0.058246,8.7877
2.8709,2.0409,0.089049,-0.045305,0.058254,8.7837
2.8709,2.0409,0.089052,-0.045341,0.058263,8.7738
2.871,2.0409,0.089055,-0.045381,0.058271,8.7782
2.8711,2.0409,0.089058,-0.045414,0.05828,8.7795
2.8711,2.0409,0.089061,-0.045443,0.05829,8.7703
2.8712,2.0409,0.089064,-0.045466,0.0583,8.7727
2.8712,2.0409,0.089067,-0.045483,0.05831,8.7842
2.8713,2.0409,0.08907,-0.045498,0.05832,8.7744
2.8713,2.0409,0.089073,-0.045516,0.05833,8.7721
2.8714,2.0409,0.089076,-0.045541,0.058341,8.786
2.8714,2.0409,0.089079,-0.045571,0.058352,8.782
2.8715,2.0409,0.089082,-0.045603,0.058363,8.7788
2.8715,2.0409,0.089086,-0.045639,0.058375,8.7916
2.8716,2.0409,0.089089,-0.045677,0.058387,8.7863
2.8716,2.0409,0.089092,-0.045712,0.058399,8.7835
2.8717,2.0409,0.089095,-0.045745,0.058411,8.7938
2.8717,2.0409,0.089098,-0.045776,0.058424,8.798
2.8718,2.0409,0.089101,-0.045807,0.058437,8.7942
2.8718,2.0408,0.089104,-0.045837,0.058451,8.8025
2.8719,2.0408,0.089107,-0.045867,0.058464,8.809
2.8719,2.0408,0.08911,-0.045898,0.058478,8.7965
2.872,2.0408,0.089113,-0.045928,0.058492,8.7925
2.8721,2.0408,0.089116,-0.045955,0.058506,8.7966
2.8721,2.0408,0.089119,-0.045977,0.05852,8.7873
2.8722,2.0408,0.089122,-0.045991,0.058535,8.7876
2.8722,2.0408,0.089126,-0.046,0.05855,8.7952
2.8723,2.0408,0.089129,-0.046005,0.058565,8.7944
2.8723,2.0408,0.089132,-0.046008,0.05858,8.7882
2.8724,2.0408,0.089135,-0.046014,0.058595,8.8072
2.8724,2.0408,0.089138,-0.046024,0.05861,8.8051
2.8725,2.0408,0.089141,-0.04604,0.058625,8.7955
2.8725,2.0408,0.089144,-0.046063,0.058639,8.7912
2.8726,2.0408,0.089147,-0.046091,0.058654,8.8008
2.8726,2.0408,0.08915,-0.046123,0.058668,8.7956
2.8727,2.0408,0.089153,-0.046155,0.058683,8.8122
2.8727,2.0408,0.089156,-0.046188,0.058697,8.8204
2.8728,2.0408,0.089159,-0.046215,0.058712,8.8168
2.8728,2.0408,0.089163,-0.046239,0.058726,8.8242
2.8729,2.0408,0.089166,-0.046262,0.058741,8.8368
2.8729,2.0408,0.089169,-0.046285,0.058756,8.8285
2.873,2.0408,0.089172,-0.046307,0.05877,8.8313
2.8731,2.0408,0.089175,-0.04633,0.058785,8.8452
2.8731,2.0408,0.089178,-0.046358,0.058799,8.8415
2.8732,2.0408,0.089181,-0.046386,0.058814,8.8335
2.8732,2.0408,0.089184,-0.046408,0.058828,8.8474
2.8733,2.0408,0.089187,-0.046423,0.058843,8.856
2.8733,2.0408,0.08919,-0.046434,0.058857,8.8463
2.8734,2.0408,0.089194,-0.046438,0.058871,8.8505
2.8734,2.0408,0.089197,-0.046434,0.058885,8.8613
2.8735,2.0408,0.0892,-0.046424,0.058899,8.844
2.8735,2.0408,0.089203,-0.046409,0.058912,8.8427
2.8736,2.0408,0.089206,-0.046388,0.058926,8.8395
2.8736,2.0408,0.089209,-0.046362,0.058939,8.8325
2.8737,2.0408,0.089212,-0.046331,0.058953,8.832
2.8737,2.0408,0.089215,-0.0463,0.058966,8.8429
2.8738,2.0408,0.089218,-0.046274,0.058979,8.8361
2.8738,2.0408,0.089221,-0.046261,0.058992,8.8336
2.8739,2.0408,0.089225,-0.046262,0.059004,8.8462
2.8739,2.0408,0.089228,-0.046271,0.059016,8.8444
2.874,2.0407,0.089231,-0.046295,0.059027,8.8356
2.8741,2.0407,0.089234,-0.046322,0.059038,8.8355
2.8741,2.0407,0.089237,-0.046346,0.059049,8.8421
2.8742,2.0407,0.08924,-0.046361,0.059059,8.8361
2.8742,2.0407,0.089243,-0.046369,0.059069,8.842
2.8743,2.0407,0.089246,-0.046377,0.059079,8.8478
2.8743,2.0407,0.089249,-0.046379,0.059088,8.8449
2.8744,2.0407,0.089253,-0.046376,0.059097,8.8567
2.8744,2.0407,0.089256,-0.046373,0.059105,8.8681
2.8745,2.0407,0.089259,-0.046369,0.059112,8.8561
2.8745,2.0407,0.089262,-0.046369,0.059119,8.858
2.8746,2.0407,0.089265,-0.046374,0.059126,8.8619
2.8746,2.0407,0.089268,-0.046381,0.059118,8.8595
2.8747,2.0407,0.089271,-0.046398,0.059133,8.8526
2.8747,2.0407,0.089274,-0.046418,0.059165,8.8636
2.8748,2.0407,0.089277,-0.046441,0.059204,8.8586
2.8748,2.0407,0.089281,-0.04646,0.059244,8.8583
2.8749,2.0407,0.089284,-0.04648,0.059279,8.8609
2.8749,2.0407,0.089287,-0.046498,0.059301,8.8578
2.875,2.0407,0.08929,-0.046521,0.059306,8.8448
2.8751,2.0407,0.089293,-0.046546,0.059286,8.846
2.8751,2.0407,0.089296,-0.046576,0.059268,8.8455
2.8752,2.0407,0.089299,-0.046604,0.059259,8.8309
2.8752,2.0407,0.089302,-0.04663,0.059277,8.8296
2.8753,2.0407,0.089306,-0.046648,0.059329,8.8394
2.8753,2.0407,0.089309,-0.046658,0.059431,8.8344
2.8754,2.0407,0.089312,-0.046663,0.059554,8.8322
2.8754,2.0407,0.089315,-0.046671,0.059669,8.8462
2.8755,2.0407,0.089318,-0.046683,0.059751,8.8438
2.8755,2.0407,0.089321,-0.046703,0.059773,8.8331
2.8756,2.0407,0.089324,-0.046729,0.059757,8.845
2.8756,2.0407,0.089327,-0.046757,0.0597,8.8441
2.8757,2.0407,0.089331,-0.046785,0.059645,8.8329
2.8757,2.0407,0.089334,-0.046811,0.059631,8.8435
2.8758,2.0407,0.089337,-0.046831,0.059651,8.8565
2.8758,2.0407,0.08934,-0.046845,0.059722,8.853
2.8759,2.0407,0.089343,-0.046853,0.059801,8.8519
2.8759,2.0407,0.089346,-0.046857,0.059896,8.8659
2.876,2.0407,0.08935,-0.04686,0.059975,8.8588
2.8761,2.0407,0.089353,-0.046858,0.060004,8.8556
2.8761,2.0407,0.089356,-0.046858,0.059996,8.8627
2.8762,2.0406,0.089359,-0.046858,0.059956,8.8573
2.8762,2.0406,0.089362,-0.046858,0.059896,8.8463
2.8763,2.0406,0.089365,-0.046857,0.059834,8.8554
2.8763,2.0406,0.089368,-0.046856,0.059734,8.8544
2.8764,2.0406,0.089372,-0.046854,0.059675,8.8426
2.8764,2.0406,0.089375,-0.046851,0.059632,8.8487
2.8765,2.0406,0.089378,-0.046849,0.059599,8.8564
2.8765,2.0406,0.089381,-0.046847,0.059569,8.8436
2.8766,2.0406,0.089384,-0.046845,0.05952,8.8444
2.8766,2.0406,0.089387,-0.046842,0.059471,8.8402
2.8767,2.0406,0.08939,-0.046839,0.059444,8.8374
2.8767,2.0406,0.089394,-0.046835,0.059407,8.8314
2.8768,2.0406,0.089397,-0.04683,0.059405,8.845
2.8768,2.0406,0.0894,-0.046823,0.059426,8.8391
2.8769,2.0406,0.089403,-0.046816,0.059466,8.8388
2.8769,2.0406,0.089406,-0.046808,0.059514,8.8495
2.877,2.0406,0.089409,-0.0468,0.059552,8.8487
2.8771,2.0406,0.089412,-0.046792,0.059601,8.8436
2.8771,2.0406,0.089415,-0.046785,0.059667,8.8475
2.8772,2.0406,0.089419,-0.046779,0.059712,8.8525
2.8772,2.0406,0.089422,-0.046772,0.05975,8.839
2.8773,2.0406,0.089425,-0.046767,0.059782,8.8484
2.8773,2.0406,0.089428,-0.046767,0.059806,8.8537
2.8774,2.0406,0.089431,-0.046774,0.059825,8.8422
2.8774,2.0406,0.089434,-0.046786,0.059836,8.8499
2.8775,2.0406,0.089437,-0.0468,0.059842,8.8614
2.8775,2.0406,0.089441,-0.046813,0.059841,8.8536
2.8776,2.0406,0.089444,-0.046821,0.059835,8.85
2.8776,2.0406,0.089447,-0.046822,0.059823,8.8529
2.8777,2.0406,0.08945,-0.046818,0.059805,8.846
2.8777,2.0406,0.089453,-0.046809,0.059782,8.8409
2.8778,2.0406,0.089456,-0.046808,0.059753,8.8427
2.8778,2.0406,0.089459,-0.046808,0.059719,8.8414
2.8779,2.0406,0.089463,-0.046806,0.05968,8.8313
2.8779,2.0406,0.089466,-0.046796,0.059636,8.8364
2.878,2.0406,0.089469,-0.046782,0.059586,8.8381
2.8781,2.0406,0.089472,-0.046765,0.059531,8.827
2.8781,2.0406,0.089475,-0.046744,0.059472,8.8315
2.8782,2.0406,0.089478,-0.046727,0.059408,8.8412
2.8782,2.0406,0.089481,-0.046722,0.059339,8.8327
2.8783,2.0405,0.089485,-0.046723,0.059266,8.8378
2.8783,2.0405,0.089488,-0.046725,0.059187,8.8486
2.8784,2.0405,0.089491,-0.046722,0.059105,8.8529
2.8784,2.0405,0.089494,-0.046714,0.059017,8.8562
2.8785,2.0405,0.089497,-0.046702,0.058925,8.8652
2.8785,2.0405,0.0895,-0.046683,0.058829,8.8685
2.8786,2.0405,0.089503,-0.046667,0.058728,8.8677
2.8786,2.0405,0.089506,-0.046655,0.058622,8.8731
2.8787,2.0405,0.089509,-0.04665,0.058512,8.8797
2.8787,2.0405,0.089512,-0.04665,0.058398,8.8728
2.8788,2.0405,0.089515,-0.04666,0.05828,8.8765
2.8788,2.0405,0.089519,-0.046674,0.058158,8.8853
2.8789,2.0405,0.089522,-0.046695,0.058032,8.8829
2.8789,2.0405,0.089525,-0.046713,0.057903,8.8823
2.879,2.0405,0.089528,-0.046731,0.05777,8.898
2.8791,2.0405,0.089531,-0.046751,0.057634,8.8892
2.8791,2.0405,0.089534,-0.046774,0.057495,8.8885
2.8792,2.0405,0.089537,-0.046799,0.057352,8.8998
2.8792,2.0405,0.08954,-0.046831,0.057207,8.8822
2.8793,2.0405,0.089543,-0.046869,0.057058,8.8746
2.8793,2.0405,0.089546,-0.046908,0.056907,8.8787
2.8794,2.0405,0.089549,-0.046946,0.056753,8.8829
2.8794,2.0405,0.089552,-0.046983,0.056595,8.8731
2.8795,2.0405,0.089555,-0.047022,0.056435,8.8765
2.8795,2.0405,0.089558,-0.04706,0.056272,8.8854
2.8796,2.0405,0.089561,-0.0471,0.056107,8.8712
2.8796,2.0405,0.089564,-0.047139,0.055939,8.8742
2.8797,2.0405,0.089566,-0.047179,0.055768,8.8841
2.8797,2.0405,0.089569,-0.047221,0.055596,8.8683
2.8798,2.0405,0.089572,-0.047265,0.055421,8.8666
2.8798,2.0405,0.089575,-0.047299,0.055244,8.8785
2.8799,2.0405,0.089578,-0.047326,0.055065,8.8752
2.8799,2.0405,0.089581,-0.047352,0.054884,8.8762
2.88,2.0405,0.089584,-0.047375,0.0547,8.8953
2.8801,2.0405,0.089587,-0.047398,0.054516,8.8922
2.8801,2.0405,0.08959,-0.047421,0.054329,8.8829
2.8802,2.0405,0.089592,-0.047448,0.054141,8.8965
2.8802,2.0405,0.089595,-0.047476,0.053952,8.8939
2.8803,2.0405,0.089598,-0.047497,0.053762,8.8799
2.8803,2.0405,0.089601,-0.047518,0.05357,8.8826
2.8804,2.0405,0.089604,-0.047543,0.053378,8.8837
2.8804,2.0404,0.089607,-0.04757,0.053184,8.8734
2.8805,2.0404,0.089609,-0.047598,0.052989,8.8813
2.8805,2.0404,0.089612,-0.047627,0.052794,8.885
2.8806,2.0404,0.089615,-0.047658,0.052598,8.8791
2.8806,2.0404,0.089618,-0.047691,0.052401,8.8737
2.8807,2.0404,0.08962,-0.047727,0.052204,8.877
2.8807,2.0404,0.089623,-0.047763,0.052007,8.8634
2.8808,2.0404,0.089626,-0.047797,0.051808,8.8519
2.8808,2.0404,0.089629,-0.047826,0.05161,8.858
2.8809,2.0404,0.089631,-0.047847,0.051411,8.8512
2.8809,2.0404,0.089634,-0.047865,0.051211,8.8421
2.881,2.0404,0.089637,-0.047884,0.051012,8.8524
2.8811,2.0404,0.089639,-0.047905,0.050812,8.8519
2.8811,2.0404,0.089642,-0.047932,0.050612,8.8339
2.8812,2.0404,0.089645,-0.047966,0.050413,8.8418
2.8812,2.0404,0.089647,-0.048003,0.050214,8.8453
2.8813,2.0404,0.08965,-0.04804,0.050014,8.834
2.8813,2.0404,0.089653,-0.04807,0.049815,8.8318
2.8814,2.0404,0.089655,-0.048097,0.049616,8.8411
2.8814,2.0404,0.089658,-0.048123,0.049418,8.8343
2.8815,2.0404,0.08966,-0.048142,0.049219,8.8313
2.8815,2.0404,0.089663,-0.048159,0.049021,8.8464
2.8816,2.0404,0.089666,-0.048179,0.048824,8.8452
2.8816,2.0404,0.089668,-0.048198,0.048627,8.8332
2.8817,2.0404,0.089671,-0.048217,0.048431,8.8456
2.8817,2.0404,0.089673,-0.048236,0.048236,8.8351
2.8818,2.0404,0.089676,-0.048254,0.048042,8.8224
2.8818,2.0404,0.089678,-0.048272,0.047849,8.819
2.8819,2.0404,0.089681,-0.048288,0.047657,8.83
2.8819,2.0404,0.089683,-0.048304,0.047467,8.8245
2.882,2.0404,0.089686,-0.048325,0.047278,8.8297
2.8821,2.0404,0.089688,-0.048351,0.04709,8.8354
2.8821,2.0404,0.089691,-0.048383,0.046903,8.8282
2.8822,2.0404,0.089693,-0.048422,0.046719,8.8212
2.8822,2.0404,0.089696,-0.048466,0.046536,8.836
2.8823,2.0404,0.089698,-0.048512,0.046354,8.8216
2.8823,2.0404,0.0897,-0.048559,0.046175,8.8126
2.8824,2.0404,0.089703,-0.048605,0.045998,8.8198
2.8824,2.0404,0.089705,-0.048648,0.045823,8.8179
2.8825,2.0403,0.089708,-0.048686,0.04565,8.8056
2.8825,2.0403,0.08971,-0.048717,0.045479,8.817
2.8826,2.0403,0.089712,-0.048743,0.045311,8.8224
2.8826,2.0403,0.089715,-0.048764,0.045145,8.815
2.8827,2.0403,0.089717,-0.04878,0.044982,8.8153
2.8827,2.0403,0.08972,-0.048802,0.044821,8.8156
2.8828,2.0403,0.089722,-0.048825,0.044664,8.8066
2.8828,2.0403,0.089724,-0.04885,0.044509,8.8098
2.8829,2.0403,0.089727,-0.048875,0.044357,8.8133
2.8829,2.0403,0.089729,-0.048899,0.044208,8.8064
2.883,2.0403,0.089731,-0.048921,0.044062,8.8071
2.8831,2.0403,0.089734,-0.048937,0.043919,8.8169
2.8831,2.0403,0.089736,-0.04895,0.043779,8.818
2.8832,2.0403,0.089738,-0.048969,0.043642,8.8096
2.8832,2.0403,0.08974,-0.048993,0.043509,8.8253
2.8833,2.0403,0.089743,-0.049023,0.043379,8.816
2.8833,2.0403,0.089745,-0.049058,0.043252,8.8037
2.8834,2.0403,0.089747,-0.049098,0.043129,8.8141
2.8834,2.0403,0.08975,-0.049142,0.04301,8.8125
2.8835,2.0403,0.089752,-0.049183,0.042894,8.7987
2.8835,2.0403,0.089754,-0.049218,0.042782,8.8091
2.8836,2.0403,0.089756,-0.049249,0.042674,8.8159
2.8836,2.0403,0.089759,-0.049281,0.042569,8.8093
2.8837,2.0403,0.089761,-0.049313,0.042469,8.8135
2.8837,2.0403,0.089763,-0.049345,0.042373,8.8228
2.8838,2.0403,0.089765,-0.049373,0.042281,8.8074
2.8838,2.0403,0.089767,-0.049396,0.042193,8.8049
2.8839,2.0403,0.08977,-0.049418,0.04211,8.8142
2.8839,2.0403,0.089772,-0.049431,0.042032,8.8192
2.884,2.0403,0.089774,-0.049444,0.041958,8.8045
2.8841,2.0403,0.089776,-0.049456,0.04189,8.8162
2.8841,2.0403,0.089778,-0.049467,0.041826,8.8311
2.8842,2.0403,0.089781,-0.049479,0.041768,8.818
2.8842,2.0403,0.089783,-0.049488,0.041715,8.8267
2.8843,2.0403,0.089785,-0.049497,0.041668,8.8289
2.8843,2.0403,0.089787,-0.049515,0.041625,8.8224
2.8844,2.0403,0.089789,-0.049535,0.041589,8.8221
2.8844,2.0403,0.089792,-0.049559,0.041558,8.8299
2.8845,2.0403,0.089794,-0.049583,0.041533,8.8265
2.8845,2.0402,0.089796,-0.049607,0.041514,8.8191
2.8846,2.0402,0.089798,-0.049633,0.041516,8.8307
2.8846,2.0402,0.0898,-0.04966,0.0415,8.834
2.8847,2.0402,0.089803,-0.049683,0.041472,8.8268
2.8847,2.0402,0.089805,-0.04971,0.041438,8.8354
2.8848,2.0402,0.089807,-0.049753,0.041405,8.8304
2.8848,2.0402,0.089809,-0.049806,0.04138,8.8201
2.8849,2.0402,0.089811,-0.049865,0.04137,8.8255
2.8849,2.0402,0.089813,-0.049923,0.041382,8.8247
2.885,2.0402,0.089816,-0.049973,0.041425,8.8118
2.8851,2.0402,0.089818,-0.049998,0.041475,8.821
2.8851,2.0402,0.08982,-0.050006,0.041523,8.8292
2.8852,2.0402,0.089822,-0.050014,0.04155,8.8206
2.8852,2.0402,0.089824,-0.05003,0.041545,8.8211
2.8853,2.0402,0.089827,-0.050048,0.041487,8.8274
2.8853,2.0402,0.089829,-0.050068,0.041402,8.8225
2.8854,2.0402,0.089831,-0.050088,0.041316,8.8206
2.8854,2.0402,0.089833,-0.050103,0.041258,8.8253
2.8855,2.0402,0.089835,-0.050106,0.041256,8.8273
2.8855,2.0402,0.089837,-0.050107,0.041296,8.8211
2.8856,2.0402,0.08984,-0.050115,0.041384,8.8279
2.8856,2.0402,0.089842,-0.050135,0.041479,8.8379
2.8857,2.0402,0.089844,-0.050175,0.04154,8.8283
2.8857,2.0402,0.089846,-0.050225,0.041569,8.8364
2.8858,2.0402,0.089848,-0.050279,0.041546,8.8476
2.8858,2.0402,0.089851,-0.050328,0.04151,8.8391
2.8859,2.0402,0.089853,-0.050367,0.041451,8.8374
2.8859,2.0402,0.089855,-0.050388,0.041401,8.8421
2.886,2.0402,0.089857,-0.050395,0.041396,8.8315
2.8861,2.0402,0.089859,-0.050405,0.041427,8.8257
2.8861,2.0402,0.089861,-0.050436,0.041494,8.8424
2.8862,2.0402,0.089864,-0.050472,0.041586,8.8441
2.8862,2.0402,0.089866,-0.050517,0.041689,8.8317
2.8863,2.0402,0.089868,-0.050571,0.041837,8.8447
2.8863,2.0402,0.08987,-0.050633,0.041956,8.8401
2.8864,2.0402,0.089872,-0.050698,0.042065,8.8278
2.8864,2.0402,0.089875,-0.050761,0.04217,8.8277
2.8865,2.0402,0.089877,-0.050834,0.042277,8.8249
2.8865,2.0401,0.089879,-0.050905,0.042409,8.8103
2.8866,2.0401,0.089881,-0.050968,0.042548,8.8129
2.8866,2.0401,0.089884,-0.051018,0.04267,8.8122
2.8867,2.0401,0.089886,-0.05106,0.042809,8.8111
2.8867,2.0401,0.089888,-0.051099,0.042916,8.8072
2.8868,2.0401,0.08989,-0.05114,0.043,8.8141
2.8868,2.0401,0.089893,-0.051188,0.043062,8.8022
2.8869,2.0401,0.089895,-0.051252,0.043113,8.8047
2.8869,2.0401,0.089897,-0.051305,0.04317,8.806
2.887,2.0401,0.089899,-0.05136,0.043209,8.8069
2.8871,2.0401,0.089902,-0.051403,0.043225,8.8017
2.8871,2.0401,0.089904,-0.051445,0.043255,8.8075
2.8872,2.0401,0.089906,-0.051488,0.043285,8.8161
2.8872,2.0401,0.089909,-0.051533,0.043314,8.8008
2.8873,2.0401,0.089911,-0.051585,0.043344,8.8083
2.8873,2.0401,0.089913,-0.051642,0.043373,8.8111
2.8874,2.0401,0.089915,-0.051693,0.043403,8.801
2.8874,2.0401,0.089918,-0.051741,0.043432,8.7991
2.8875,2.0401,0.08992,-0.051786,0.043461,8.8003
2.8875,2.0401,0.089922,-0.051828,0.043491,8.7909
2.8876,2.0401,0.089925,-0.051867,0.04352,8.7828
2.8876,2.0401,0.089927,-0.051902,0.04355,8.796
2.8877,2.0401,0.089929,-0.051934,0.043579,8.7892
2.8877,2.0401,0.089931,-0.051962,0.043608,8.7879
2.8878,2.0401,0.089934,-0.051991,0.043638,8.7981
2.8878,2.0401,0.089936,-0.052022,0.043667,8.8
2.8879,2.0401,0.089938,-0.052059,0.043696,8.7853
2.8879,2.0401,0.089941,-0.052098,0.043725,8.7955
2.888,2.0401,0.089943,-0.05214,0.043754,8.7919
2.8881,2.0401,0.089945,-0.052185,0.043782,8.7833
2.8881,2.0401,0.089948,-0.052227,0.043811,8.7969
2.8882,2.0401,0.08995,-0.052263,0.043839,8.8013
2.8882,2.0401,0.089952,-0.052299,0.043867,8.7978
2.8883,2.0401,0.089954,-0.052337,0.043894,8.804
2.8883,2.0401,0.089957,-0.052377,0.043921,8.8041
2.8884,2.0401,0.089959,-0.052417,0.043949,8.7975
2.8884,2.04,0.089961,-0.052458,0.043976,8.7987
2.8885,2.04,0.089964,-0.052503,0.044002,8.8108
2.8885,2.04,0.089966,-0.052545,0.044028,8.8081
2.8886,2.04,0.089968,-0.052587,0.044054,8.7922
2.8886,2.04,0.089971,-0.052628,0.044079,8.8079
2.8887,2.04,0.089973,-0.052671,0.044103,8.807
2.8887,2.04,0.089975,-0.052713,0.044127,8.8017
2.8888,2.04,0.089978,-0.05275,0.044149,8.8081
2.8888,2.04,0.08998,-0.05278,0.044171,8.814
2.8889,2.04,0.089982,-0.052804,0.044193,8.8086
2.8889,2.04,0.089985,-0.05282,0.044213,8.8062
2.889,2.04,0.089987,-0.052831,0.044233,8.8071
2.8891,2.04,0.089989,-0.052839,0.044251,8.7976
2.8891,2.04,0.089992,-0.052847,0.044269,8.8001
2.8892,2.04,0.089994,-0.052853,0.044285,8.8092
2.8892,2.04,0.089996,-0.052858,0.044301,8.8091
2.8893,2.04,0.089999,-0.052861,0.044316,8.8123
2.8893,2.04,0.090001,-0.052862,0.04433,8.8223
2.8894,2.04,0.090003,-0.052861,0.044342,8.8165
2.8894,2.04,0.090006,-0.052859,0.044354,8.8194
2.8895,2.04,0.090008,-0.052854,0.044365,8.8302
2.8895,2.04,0.09001,-0.052848,0.044375,8.8325
2.8896,2.04,0.090013,-0.052841,0.044384,8.8219
2.8896,2.04,0.090015,-0.052831,0.044391,8.8285
2.8897,2.04,0.090017,-0.052819,0.044397,8.8389
2.8897,2.04,0.09002,-0.052804,0.044403,8.8339
2.8898,2.04,0.090022,-0.05279,0.044407,8.8383
2.8898,2.04,0.090024,-0.052777,0.044411,8.8493
2.8899,2.04,0.090027,-0.052761,0.044414,8.8388
2.8899,2.04,0.090029,-0.052746,0.044416,8.8416
2.89,2.04,0.090031,-0.052733,0.044417,8.846
2.8901,2.04,0.090034,-0.052723,0.044418,8.845
2.8901,2.04,0.090036,-0.052715,0.044417,8.8383
2.8902,2.04,0.090038,-0.052708,0.044415,8.8499
2.8902,2.04,0.090041,-0.052706,0.044412,8.8558
2.8903,2.04,0.090043,-0.052705,0.044408,8.8537
2.8903,2.0399,0.090045,-0.052696,0.044403,8.8605
2.8904,2.0399,0.090048,-0.052691,0.044396,8.8684
2.8904,2.0399,0.09005,-0.052694,0.044388,8.8609
2.8905,2.0399,0.090052,-0.052709,0.044378,8.8659
2.8905,2.0399,0.090055,-0.052736,0.044367,8.8674
2.8906,2.0399,0.090057,-0.052774,0.044354,8.8554
2.8906,2.0399,0.090059,-0.052817,0.04434,8.8516
2.8907,2.0399,0.090062,-0.052861,0.044325,8.8612
2.8907,2.0399,0.090064,-0.052896,0.044309,8.854
2.8908,2.0399,0.090066,-0.052927,0.044292,8.8599
2.8908,2.0399,0.090069,-0.052955,0.044273,8.8726
2.8909,2.0399,0.090071,-0.052979,0.044254,8.8655
2.8909,2.0399,0.090073,-0.053005,0.044234,8.857
2.891,2.0399,0.090076,-0.053019,0.044212,8.8708
2.8911,2.0399,0.090078,-0.053028,0.044189,8.8719
2.8911,2.0399,0.09008,-0.053023,0.044164,8.8614
2.8912,2.0399,0.090083,-0.053013,0.044139,8.8694
2.8912,2.0399,0.090085,-0.052995,0.044113,8.8782
2.8913,2.0399,0.090087,-0.052969,0.044086,8.8684
2.8913,2.0399,0.09009,-0.052934,0.044058,8.8734
2.8914,2.0399,0.090092,-0.052897,0.04403,8.8841
2.8914,2.0399,0.090094,-0.052847,0.044001,8.8791
2.8915,2.0399,0.090097,-0.052792,0.043972,8.8753
2.8915,2.0399,0.090099,-0.052734,0.043946,8.8759
2.8916,2.0399,0.090101,-0.052675,0.043917,8.8713
2.8916,2.0399,0.090103,-0.052622,0.043882,8.8564
2.8917,2.0399,0.090106,-0.052581,0.043838,8.8649
2.8917,2.0399,0.090108,-0.052562,0.04379,8.8739
2.8918,2.0399,0.09011,-0.052551,0.043739,8.8603
2.8918,2.0399,0.090113,-0.052541,0.043686,8.8643
2.8919,2.0399,0.090115,-0.052518,0.043632,8.874
2.8919,2.0399,0.090117,-0.052493,0.043582,8.8604
2.892,2.0399,0.09012,-0.052452,0.04353,8.8553
2.8921,2.0399,0.090122,-0.052415,0.043475,8.8604
2.8921,2.0399,0.090124,-0.052379,0.043414,8.8498
2.8922,2.0399,0.090126,-0.052357,0.043361,8.841
2.8922,2.0398,0.090129,-0.052325,0.043312,8.8511
2.8923,2.0398,0.090131,-0.052297,0.043266,8.8445
2.8923,2.0398,0.090133,-0.052259,0.043218,8.841
2.8924,2.0398,0.090136,-0.052212,0.043175,8.851
2.8924,2.0398,0.090138,-0.052154,0.043132,8.8547
2.8925,2.0398,0.09014,-0.052093,0.043089,8.8465
2.8925,2.0398,0.090142,-0.052019,0.043049,8.8548
2.8926,2.0398,0.090145,-0.051942,0.043021,8.8509
2.8926,2.0398,0.090147,-0.051858,0.042997,8.842
2.8927,2.0398,0.090149,-0.051784,0.042971,8.8447
2.8927,2.0398,0.090151,-0.051702,0.042939,8.8532
2.8928,2.0398,0.090154,-0.05161,0.042904,8.8406
2.8928,2.0398,0.090156,-0.051509,0.042859,8.8473
2.8929,2.0398,0.090158,-0.05142,0.04281,8.864
2.8929,2.0398,0.09016,-0.051324,0.042758,8.8564
2.893,2.0398,0.090163,-0.05124,0.042714,8.8526
2.8931,2.0398,0.090165,-0.051155,0.042675,8.854
2.8931,2.0398,0.090167,-0.051062,0.042639,8.85
2.8932,2.0398,0.090169,-0.050967,0.042604,8.8412
2.8932,2.0398,0.090172,-0.050868,0.042569,8.8522
2.8933,2.0398,0.090174,-0.050757,0.042533,8.8476
2.8933,2.0398,0.090176,-0.050656,0.042495,8.8397
2.8934,2.0398,0.090178,-0.050558,0.042453,8.8509
2.8934,2.0398,0.090181,-0.050467,0.042416,8.8568
2.8935,2.0398,0.090183,-0.050386,0.042379,8.8501
2.8935,2.0398,0.090185,-0.050313,0.042344,8.8532
2.8936,2.0398,0.090187,-0.050258,0.042311,8.8565
2.8936,2.0398,0.090189,-0.050203,0.042278,8.8464
2.8937,2.0398,0.090192,-0.050148,0.042247,8.8435
2.8937,2.0398,0.090194,-0.050105,0.042218,8.8621
2.8938,2.0398,0.090196,-0.050054,0.04219,8.8565
2.8938,2.0398,0.090198,-0.049987,0.042163,8.85
2.8939,2.0398,0.090201,-0.049931,0.042137,8.871
2.8939,2.0398,0.090203,-0.049876,0.042113,8.8732
2.894,2.0398,0.090205,-0.049815,0.042089,8.8592
2.8941,2.0398,0.090207,-0.049755,0.042067,8.8663
2.8941,2.0398,0.090209,-0.049705,0.042046,8.8633
2.8942,2.0398,0.090212,-0.049663,0.042026,8.8598
2.8942,2.0397,0.090214,-0.049605,0.042008,8.8581
2.8943,2.0397,0.090216,-0.049536,0.04199,8.8613
2.8943,2.0397,0.090218,-0.049471,0.041974,8.858
2.8944,2.0397,0.09022,-0.049412,0.041958,8.8661
2.8944,2.0397,0.090223,-0.04936,0.041944,8.875
2.8945,2.0397,0.090225,-0.049334,0.041931,8.8597
2.8945,2.0397,0.090227,-0.04932,0.041918,8.855
2.8946,2.0397,0.090229,-0.049308,0.041907,8.8587
2.8946,2.0397,0.090232,-0.049285,0.041897,8.8552
2.8947,2.0397,0.090234,-0.049243,0.041888,8.8476
2.8947,2.0397,0.090236,-0.049189,0.041879,8.8526
2.8948,2.0397,0.090238,-0.049123,0.041872,8.8505
2.8948,2.0397,0.09024,-0.049055,0.041865,8.8427
2.8949,2.0397,0.090243,-0.048997,0.04186,8.8559
2.8949,2.0397,0.090245,-0.048949,0.041855,8.8682
2.895,2.0397,0.090247,-0.048905,0.041851,8.8681
2.8951,2.0397,0.090249,-0.048867,0.041848,8.8686
2.8951,2.0397,0.090251,-0.048824,0.041846,8.8762
2.8952,2.0397,0.090254,-0.048783,0.041845,8.8672
2.8952,2.0397,0.090256,-0.048747,0.041845,8.8683
2.8953,2.0397,0.090258,-0.048722,0.041846,8.8786
2.8953,2.0397,0.09026,-0.048715,0.041848,8.8757
2.8954,2.0397,0.090262,-0.048722,0.04185,8.8731
2.8954,2.0397,0.090265,-0.04874,0.041854,8.881
2.8955,2.0397,0.090267,-0.048767,0.041859,8.8844
2.8955,2.0397,0.090269,-0.048782,0.041865,8.876
2.8956,2.0397,0.090271,-0.048791,0.041872,8.8905
2.8956,2.0397,0.090273,-0.048785,0.041882,8.8886
2.8957,2.0397,0.090276,-0.048772,0.041892,8.8701
2.8957,2.0397,0.090278,-0.048756,0.041904,8.8771
2.8958,2.0397,0.09028,-0.048744,0.041918,8.8781
2.8958,2.0397,0.090282,-0.048743,0.041933,8.8648
2.8959,2.0397,0.090284,-0.048759,0.04195,8.8715
2.8959,2.0397,0.090287,-0.048782,0.041968,8.88
2.896,2.0397,0.090289,-0.048813,0.041988,8.8829
2.8961,2.0397,0.090291,-0.048824,0.042009,8.8797
2.8961,2.0397,0.090293,-0.048832,0.042031,8.8835
2.8962,2.0397,0.090295,-0.048829,0.042054,8.8775
2.8962,2.0396,0.090298,-0.048819,0.042078,8.8677
2.8963,2.0396,0.0903,-0.048794,0.042103,8.8738
2.8963,2.0396,0.090302,-0.048761,0.042129,8.8698
2.8964,2.0396,0.090304,-0.048723,0.042155,8.8622
2.8964,2.0396,0.090307,-0.04868,0.042182,8.8753
2.8965,2.0396,0.090309,-0.04863,0.042209,8.8829
2.8965,2.0396,0.090311,-0.048583,0.042236,8.8762
2.8966,2.0396,0.090313,-0.048543,0.042264,8.8854
2.8966,2.0396,0.090315,-0.048509,0.042292,8.8936
2.8967,2.0396,0.090318,-0.048473,0.042321,8.8825
2.8967,2.0396,0.09032,-0.048439,0.04235,8.8717
2.8968,2.0396,0.090322,-0.048409,0.042381,8.8799
2.8968,2.0396,0.090324,-0.048362,0.042412,8.8761
2.8969,2.0396,0.090327,-0.048331,0.042443,8.8786
2.8969,2.0396,0.090329,-0.04831,0.042476,8.8894
2.897,2.0396,0.090331,-0.048313,0.042509,8.8899
2.8971,2.0396,0.090333,-0.048329,0.042542,8.8829
2.8971,2.0396,0.090336,-0.048351,0.042575,8.8895
2.8972,2.0396,0.090338,-0.048375,0.042609,8.8892
2.8972,2.0396,0.09034,-0.048403,0.042644,8.8765
2.8973,2.0396,0.090342,-0.048405,0.042679,8.8809
2.8973,2.0396,0.090345,-0.048399,0.042714,8.8816
2.8974,2.0396,0.090347,-0.048381,0.04275,8.8653
2.8974,2.0396,0.090349,-0.048353,0.042786,8.8719
2.8975,2.0396,0.090351,-0.048311,0.042822,8.8826
2.8975,2.0396,0.090354,-0.048267,0.042857,8.8746
2.8976,2.0396,0.090356,-0.048233,0.042892,8.8627
2.8976,2.0396,0.090358,-0.048218,0.042927,8.871
2.8977,2.0396,0.09036,-0.04821,0.042962,8.8621
2.8977,2.0396,0.090363,-0.048208,0.042996,8.8541
2.8978,2.0396,0.090365,-0.048208,0.04303,8.8496
2.8978,2.0396,0.090367,-0.048207,0.043063,8.849
2.8979,2.0396,0.090369,-0.048198,0.043095,8.8341
2.8979,2.0396,0.090372,-0.048191,0.043127,8.8409
2.898,2.0396,0.090374,-0.048183,0.043158,8.848
2.8981,2.0396,0.090376,-0.048174,0.043188,8.8405
2.8981,2.0396,0.090378,-0.048164,0.043218,8.8476
2.8982,2.0396,0.090381,-0.048153,0.043246,8.8535
2.8982,2.0396,0.090383,-0.048142,0.043274,8.8449
2.8983,2.0396,0.090385,-0.048133,0.043301,8.8415
2.8983,2.0395,0.090388,-0.048123,0.043326,8.8501
2.8984,2.0395,0.09039,-0.048114,0.043322,8.8419
2.8984,2.0395,0.090392,-0.048103,0.043338,8.8368
2.8985,2.0395,0.090394,-0.048092,0.043419,8.8403
2.8985,2.0395,0.090397,-0.048079,0.043544,8.8381
2.8986,2.0395,0.090399,-0.048063,0.043724,8.8289
2.8986,2.0395,0.090401,-0.048047,0.043971,8.8376
2.8987,2.0395,0.090404,-0.048031,0.044242,8.8362
2.8987,2.0395,0.090406,-0.048015,0.044495,8.8234
2.8988,2.0395,0.090408,-0.047998,0.044678,8.8201
2.8988,2.0395,0.090411,-0.047982,0.044827,8.8204
2.8989,2.0395,0.090413,-0.047965,0.044952,8.8141
2.8989,2.0395,0.090415,-0.047948,0.045027,8.8165
2.899,2.0395,0.090418,-0.04793,0.045084,8.8216
2.8991,2.0395,0.09042,-0.047913,0.045148,8.8189
2.8991,2.0395,0.090423,-0.047896,0.045204,8.8156
2.8992,2.0395,0.090425,-0.047878,0.045252,8.824
2.8992,2.0395,0.090427,-0.047861,0.045291,8.8166
2.8993,2.0395,0.09043,-0.047843,0.045323,8.8133
2.8993,2.0395,0.090432,-0.047826,0.045346,8.8209
2.8994,2.0395,0.090435,-0.047808,0.045361,8.8128
2.8994,2.0395,0.090437,-0.047791,0.045368,8.8054
2.8995,2.0395,0.090439,-0.047774,0.045368,8.8153
2.8995,2.0395,0.090442,-0.047757,0.045364,8.8198
2.8996,2.0395,0.090444,-0.04774,0.045347,8.8166
2.8996,2.0395,0.090446,-0.047723,0.04532,8.8292
2.8997,2.0395,0.090449,-0.047708,0.045283,8.8296
2.8997,2.0395,0.090451,-0.047693,0.045239,8.8199
2.8998,2.0395,0.090454,-0.047679,0.045189,8.8182
2.8998,2.0395,0.090456,-0.047666,0.045134,8.8249
2.8999,2.0395,0.090458,-0.047655,0.045075,8.8219
2.8999,2.0395,0.090461,-0.04764,0.045014,8.812
2.9,2.0395,0.090463,-0.047621,0.044943,8.8195
2.9001,2.0395,0.090465,-0.047599,0.044865,8.8194
2.9001,2.0395,0.090468,-0.047578,0.044781,8.8079
2.9002,2.0395,0.09047,-0.047561,0.044689,8.8222
2.9002,2.0395,0.090472,-0.047547,0.044592,8.8288
2.9003,2.0395,0.090475,-0.047538,0.044487,8.813
2.9003,2.0395,0.090477,-0.047529,0.044377,8.8166
2.9004,2.0394,0.09048,-0.047507,0.04426,8.8224
2.9004,2.0394,0.090482,-0.047471,0.044137,8.8144
2.9005,2.0394,0.090484,-0.047421,0.044009,8.8155
2.9005,2.0394,0.090486,-0.047359,0.043874,8.8202
2.9006,2.0394,0.090489,-0.04729,0.043736,8.8235
2.9006,2.0394,0.090491,-0.047217,0.043591,8.8236
2.9007,2.0394,0.090493,-0.047144,0.043431,8.8305
2.9007,2.0394,0.090496,-0.04707,0.043264,8.8249
2.9008,2.0394,0.090498,-0.046993,0.043087,8.8181
2.9008,2.0394,0.0905,-0.046914,0.042899,8.8233
2.9009,2.0394,0.090502,-0.046827,0.042701,8.8267
2.9009,2.0394,0.090505,-0.046746,0.042497,8.8183
2.901,2.0394,0.090507,-0.046665,0.042295,8.8266
2.9011,2.0394,0.090509,-0.046594,0.042096,8.8284
2.9011,2.0394,0.090511,-0.046524,0.041893,8.8203
2.9012,2.0394,0.090513,-0.046459,0.04169,8.8266
2.9012,2.0394,0.090516,-0.046401,0.04148,8.8376
2.9013,2.0394,0.090518,-0.046348,0.04126,8.8305
2.9013,2.0394,0.09052,-0.046297,0.041025,8.8251
2.9014,2.0394,0.090522,-0.046258,0.040778,8.8309
2.9014,2.0394,0.090524,-0.046224,0.040527,8.832
2.9015,2.0394,0.090526,-0.046195,0.040278,8.8197
2.9015,2.0394,0.090528,-0.046167,0.040033,8.8392
2.9016,2.0394,0.090531,-0.046134,0.039797,8.8333
2.9016,2.0394,0.090533,-0.04609,0.039576,8.8338
2.9017,2.0394,0.090535,-0.046021,0.039354,8.8385
2.9017,2.0394,0.090537,-0.04594,0.039133,8.8405
2.9018,2.0394,0.090539,-0.045853,0.038903,8.8289
2.9018,2.0394,0.090541,-0.045775,0.038668,8.829
2.9019,2.0394,0.090543,-0.045702,0.038426,8.8329
2.9019,2.0394,0.090545,-0.045646,0.038179,8.8223
2.902,2.0394,0.090547,-0.045595,0.037927,8.8274
2.9021,2.0394,0.090549,-0.045544,0.037682,8.8412
2.9021,2.0394,0.090551,-0.045472,0.03743,8.8387
2.9022,2.0394,0.090553,-0.045402,0.037178,8.8393
2.9022,2.0394,0.090555,-0.04532,0.036921,8.853
2.9023,2.0394,0.090557,-0.045242,0.036664,8.8462
2.9023,2.0394,0.090559,-0.045172,0.036404,8.8398
2.9024,2.0394,0.090561,-0.045112,0.036139,8.8468
2.9024,2.0394,0.090562,-0.045059,0.035867,8.8455
2.9025,2.0394,0.090564,-0.045018,0.0356,8.8372
2.9025,2.0394,0.090566,-0.044975,0.035322,8.8421
2.9026,2.0393,0.090568,-0.044938,0.035027,8.8442
2.9026,2.0393,0.09057,-0.044891,0.034759,8.8339
2.9027,2.0393,0.090572,-0.044849,0.034506,8.843
2.9027,2.0393,0.090573,-0.044817,0.034268,8.8507
2.9028,2.0393,0.090575,-0.044796,0.034032,8.831
2.9028,2.0393,0.090577,-0.044762,0.033795,8.8337
2.9029,2.0393,0.090579,-0.044735,0.033554,8.8388
2.9029,2.0393,0.090581,-0.044695,0.033286,8.835
2.903,2.0393,0.090582,-0.044656,0.032996,8.8319
2.9031,2.0393,0.090584,-0.044626,0.032723,8.8371
2.9031,2.0393,0.090586,-0.044599,0.032444,8.8335
2.9032,2.0393,0.090587,-0.044578,0.032162,8.826
2.9032,2.0393,0.090589,-0.044572,0.031871,8.8273
2.9033,2.0393,0.090591,-0.044557,0.031577,8.8264
2.9033,2.0393,0.090592,-0.04454,0.031283,8.8125
2.9034,2.0393,0.090594,-0.044518,0.030986,8.8143
2.9034,2.0393,0.090596,-0.044493,0.030693,8.8138
2.9035,2.0393,0.090597,-0.044466,0.030401,8.8042
2.9035,2.0393,0.090599,-0.044423,0.030111,8.8016
2.9036,2.0393,0.0906,-0.04438,0.029822,8.8138
2.9036,2.0393,0.090602,-0.044331,0.029521,8.8055
2.9037,2.0393,0.090603,-0.044269,0.029245,8.8085
2.9037,2.0393,0.090605,-0.044208,0.028988,8.8179
2.9038,2.0393,0.090606,-0.044159,0.028741,8.8091
2.9038,2.0393,0.090608,-0.044103,0.028499,8.8097
2.9039,2.0393,0.090609,-0.044044,0.028253,8.8049
2.9039,2.0393,0.090611,-0.044,0.027997,8.8067
2.904,2.0393,0.090612,-0.043963,0.027727,8.7888
2.9041,2.0393,0.090614,-0.04392,0.027435,8.7971
2.9041,2.0393,0.090615,-0.043876,0.027158,8.8053
2.9042,2.0393,0.090617,-0.043849,0.026886,8.7918
2.9042,2.0393,0.090618,-0.043833,0.026624,8.8003
2.9043,2.0393,0.090619,-0.043811,0.02637,8.8054
2.9043,2.0393,0.090621,-0.043782,0.026121,8.792
2.9044,2.0393,0.090622,-0.043752,0.025875,8.7942
2.9044,2.0393,0.090624,-0.043697,0.025629,8.8044
2.9045,2.0393,0.090625,-0.043629,0.02538,8.7959
2.9045,2.0393,0.090626,-0.043558,0.025127,8.7923
2.9046,2.0393,0.090628,-0.043503,0.024876,8.8039
2.9046,2.0393,0.090629,-0.04347,0.024632,8.8002
2.9047,2.0393,0.09063,-0.043432,0.024391,8.802
2.9047,2.0393,0.090631,-0.043389,0.024155,8.8107
2.9048,2.0393,0.090633,-0.04333,0.023923,8.8142
2.9048,2.0392,0.090634,-0.043249,0.023695,8.808
2.9049,2.0392,0.090635,-0.043149,0.023471,8.8127
2.9049,2.0392,0.090636,-0.043054,0.023252,8.8197
2.905,2.0392,0.090638,-0.04297,0.023037,8.8092
2.9051,2.0392,0.090639,-0.042897,0.022827,8.8104
2.9051,2.0392,0.09064,-0.042818,0.022621,8.8198
2.9052,2.0392,0.090641,-0.042739,0.02242,8.8152
2.9052,2.0392,0.090642,-0.042656,0.022224,8.8167
2.9053,2.0392,0.090643,-0.042566,0.022033,8.8311
2.9053,2.0392,0.090645,-0.042471,0.021846,8.8268
2.9054,2.0392,0.090646,-0.042383,0.021665,8.8257
2.9054,2.0392,0.090647,-0.0423,0.021489,8.824
2.9055,2.0392,0.090648,-0.042223,0.021318,8.8208
2.9055,2.0392,0.090649,-0.042148,0.021152,8.8117
2.9056,2.0392,0.09065,-0.042073,0.020991,8.8193
2.9056,2.0392,0.090651,-0.041996,0.020836,8.8212
2.9057,2.0392,0.090652,-0.041919,0.020686,8.8139
2.9057,2.0392,0.090653,-0.041844,0.020541,8.8212
2.9058,2.0392,0.090655,-0.041771,0.020402,8.8287
2.9058,2.0392,0.090656,-0.041701,0.020268,8.8222
2.9059,2.0392,0.090657,-0.041645,0.02014,8.8211
2.9059,2.0392,0.090658,-0.041585,0.020018,8.8296
2.906,2.0392,0.090659,-0.041528,0.019901,8.8233
2.9061,2.0392,0.09066,-0.041474,0.019791,8.82
2.9061,2.0392,0.090661,-0.041427,0.019686,8.8335
2.9062,2.0392,0.090662,-0.04138,0.019587,8.8272
2.9062,2.0392,0.090663,-0.041344,0.019494,8.8288
2.9063,2.0392,0.090664,-0.041311,0.019408,8.8462
2.9063,2.0392,0.090665,-0.041287,0.019328,8.8486
2.9064,2.0392,0.090666,-0.041257,0.01924,8.8377
2.9064,2.0392,0.090667,-0.041238,0.019183,8.8441
2.9065,2.0392,0.090668,-0.041227,0.019149,8.8525
2.9065,2.0392,0.090669,-0.041227,0.01913,8.8394
2.9066,2.0392,0.09067,-0.041239,0.01912,8.8435
2.9066,2.0392,0.090671,-0.041265,0.01911,8.8553
2.9067,2.0392,0.090672,-0.041291,0.019096,8.8443
2.9067,2.0392,0.090673,-0.041311,0.019071,8.8493
2.9068,2.0392,0.090674,-0.041337,0.019029,8.8622
2.9068,2.0392,0.090675,-0.041361,0.019008,8.8545
2.9069,2.0392,0.090676,-0.041376,0.018995,8.8462
2.9069,2.0392,0.090677,-0.041378,0.01899,8.8582
2.907,2.0392,0.090678,-0.041371,0.018992,8.8462
2.9071,2.0392,0.090679,-0.041357,0.019002,8.8341
2.9071,2.0392,0.09068,-0.041335,0.019019,8.8437
2.9072,2.0392,0.090681,-0.0413,0.019045,8.8438
2.9072,2.0391,0.090682,-0.04128,0.019078,8.8361
2.9073,2.0391,0.090683,-0.041272,0.019119,8.8338
2.9073,2.0391,0.090684,-0.041278,0.019167,8.8485
2.9074,2.0391,0.090685,-0.041295,0.019224,8.8406
2.9074,2.0391,0.090686,-0.041331,0.019289,8.8479
2.9075,2.0391,0.090687,-0.041375,0.019362,8.855
2.9075,2.0391,0.090688,-0.041415,0.019443,8.849
2.9076,2.0391,0.090689,-0.04144,0.019533,8.8488
2.9076,2.0391,0.09069,-0.041459,0.019631,8.8603
2.9077,2.0391,0.090691,-0.041468,0.019738,8.8603
2.9077,2.0391,0.090692,-0.041484,0.019854,8.8577
2.9078,2.0391,0.090693,-0.041506,0.019979,8.8737
2.9078,2.0391,0.090694,-0.04154,0.020112,8.8773
2.9079,2.0391,0.090695,-0.041574,0.020254,8.8719
2.9079,2.0391,0.090697,-0.041607,0.020405,8.8827
2.908,2.0391,0.090698,-0.041637,0.020565,8.8803
2.9081,2.0391,0.090699,-0.041657,0.020734,8.8753
2.9081,2.0391,0.0907,-0.041674,0.020912,8.8777
2.9082,2.0391,0.090701,-0.041707,0.021085,8.8827
2.9082,2.0391,0.090702,-0.041756,0.021292,8.8775
2.9083,2.0391,0.090703,-0.041811,0.021524,8.8823
2.9083,2.0391,0.090704,-0.041871,0.021803,8.8925
2.9084,2.0391,0.090705,-0.041936,0.022075,8.8846
2.9084,2.0391,0.090707,-0.042002,0.022283,8.8821
2.9085,2.0391,0.090708,-0.042065,0.022433,8.8879
2.9085,2.0391,0.090709,-0.042137,0.022505,8.8778
2.9086,2.0391,0.09071,-0.042211,0.022473,8.87
2.9086,2.0391,0.090711,-0.042282,0.02241,8.8761
2.9087,2.0391,0.090713,-0.042333,0.022346,8.8739
2.9087,2.0391,0.090714,-0.042365,0.022332,8.8607
2.9088,2.0391,0.090715,-0.042388,0.022338,8.8695
2.9088,2.0391,0.090716,-0.042417,0.022356,8.8796
2.9089,2.0391,0.090717,-0.042448,0.022414,8.8669
2.9089,2.0391,0.090718,-0.042493,0.022482,8.872
2.909,2.0391,0.09072,-0.042547,0.022537,8.8796
2.9091,2.0391,0.090721,-0.042609,0.022579,8.8736
2.9091,2.0391,0.090722,-0.042674,0.022631,8.8618
2.9092,2.0391,0.090723,-0.042742,0.022723,8.8718
2.9092,2.0391,0.090724,-0.042812,0.022841,8.8714
2.9093,2.0391,0.090726,-0.042874,0.022955,8.8691
2.9093,2.0391,0.090727,-0.04292,0.02309,8.8781
2.9094,2.0391,0.090728,-0.042966,0.023223,8.8754
2.9094,2.0391,0.090729,-0.043009,0.023321,8.8726
2.9095,2.0391,0.09073,-0.043039,0.023401,8.8838
2.9095,2.0391,0.090732,-0.043074,0.023486,8.8785
2.9096,2.039,0.090733,-0.043127,0.023573,8.8689
2.9096,2.039,0.090734,-0.043174,0.023669,8.8717
2.9097,2.039,0.090735,-0.04322,0.023753,8.8843
2.9097,2.039,0.090737,-0.043262,0.023848,8.8679
2.9098,2.039,0.090738,-0.043309,0.023925,8.8709
2.9098,2.039,0.090739,-0.043351,0.023969,8.8739
2.9099,2.039,0.090741,-0.043392,0.024011,8.8723
2.9099,2.039,0.090742,-0.043446,0.024036,8.8638
2.91,2.039,0.090743,-0.043516,0.024037,8.8755
2.9101,2.039,0.090744,-0.043586,0.024051,8.8619
2.9101,2.039,0.090746,-0.043661,0.024065,8.847
2.9102,2.039,0.090747,-0.043727,0.024078,8.853
2.9102,2.039,0.090748,-0.043792,0.024089,8.8544
2.9103,2.039,0.090749,-0.043853,0.024099,8.8426
2.9103,2.039,0.090751,-0.04392,0.024108,8.8509
2.9104,2.039,0.090752,-0.043989,0.024116,8.8543
2.9104,2.039,0.090753,-0.044059,0.024122,8.8509
2.9105,2.039,0.090754,-0.04413,0.024127,8.8554
2.9105,2.039,0.090756,-0.044185,0.024128,8.8716
2.9106,2.039,0.090757,-0.044231,0.024129,8.8685
2.9106,2.039,0.090758,-0.044271,0.024136,8.8651
2.9107,2.039,0.09076,-0.044305,0.024145,8.8714
2.9107,2.039,0.090761,-0.044343,0.024158,8.8673
2.9108,2.039,0.090762,-0.044383,0.024161,8.8641
2.9108,2.039,0.090763,-0.044429,0.024194,8.8754
2.9109,2.039,0.090765,-0.044483,0.024244,8.8767
2.9109,2.039,0.090766,-0.044527,0.024296,8.8609
2.911,2.039,0.090767,-0.044575,0.024327,8.8721
2.9111,2.039,0.090768,-0.044622,0.024375,8.872
2.9111,2.039,0.09077,-0.044672,0.024421,8.8572
2.9112,2.039,0.090771,-0.044721,0.024444,8.8623
2.9112,2.039,0.090772,-0.044771,0.024459,8.8664
2.9113,2.039,0.090774,-0.044821,0.024519,8.8492
2.9113,2.039,0.090775,-0.044869,0.024624,8.8466
2.9114,2.039,0.090776,-0.044917,0.024722,8.8578
2.9114,2.039,0.090778,-0.044968,0.024817,8.851
2.9115,2.039,0.090779,-0.045019,0.02492,8.8526
2.9115,2.039,0.09078,-0.045072,0.024987,8.8672
2.9116,2.039,0.090781,-0.045122,0.024991,8.8618
2.9116,2.039,0.090783,-0.045174,0.02496,8.8542
2.9117,2.039,0.090784,-0.045222,0.024906,8.8603
2.9117,2.039,0.090785,-0.045265,0.024871,8.8632
2.9118,2.039,0.090787,-0.045299,0.024788,8.8548
2.9118,2.0389,0.090788,-0.045322,0.024707,8.8662
2.9119,2.0389,0.090789,-0.045331,0.02462,8.8788
2.9119,2.0389,0.090791,-0.045325,0.024537,8.8755
2.912,2.0389,0.090792,-0.045309,0.024458,8.8817
2.9121,2.0389,0.090793,-0.045293,0.024389,8.8952
2.9121,2.0389,0.090794,-0.045279,0.024333,8.8845
2.9122,2.0389,0.090796,-0.045273,0.024301,8.8872
2.9122,2.0389,0.090797,-0.04527,0.024254,8.897
2.9123,2.0389,0.090798,-0.045264,0.024207,8.8929
2.9123,2.0389,0.0908,-0.045252,0.024159,8.8919
2.9124,2.0389,0.090801,-0.045228,0.024112,8.8991
2.9124,2.0389,0.090802,-0.045196,0.024059,8.8998
2.9125,2.0389,0.090803,-0.045158,0.023995,8.8979
2.9125,2.0389,0.090805,-0.045116,0.023956,8.904
2.9126,2.0389,0.090806,-0.045074,0.023863,8.9021
2.9126,2.0389,0.090807,-0.045029,0.023736,8.8915
2.9127,2.0389,0.090808,-0.044982,0.02358,8.8925
2.9127,2.0389,0.09081,-0.044933,0.023419,8.8917
2.9128,2.0389,0.090811,-0.044882,0.023266,8.8799
2.9128,2.0389,0.090812,-0.044828,0.02313,8.8834
2.9129,2.0389,0.090813,-0.044775,0.023027,8.8926
2.9129,2.0389,0.090814,-0.044723,0.022979,8.8911
2.913,2.0389,0.090816,-0.04467,0.022872,8.8899
2.9131,2.0389,0.090817,-0.044615,0.02275,8.8944
2.9131,2.0389,0.090818,-0.044556,0.022616,8.8891
2.9132,2.0389,0.090819,-0.044489,0.022495,8.8869
2.9132,2.0389,0.09082,-0.04442,0.022387,8.8877
2.9133,2.0389,0.090822,-0.044349,0.022297,8.8874
2.9133,2.0389,0.090823,-0.044283,0.022228,8.8787
2.9134,2.0389,0.090824,-0.04422,0.022181,8.8906
2.9134,2.0389,0.090825,-0.044161,0.022121,8.8955
2.9135,2.0389,0.090826,-0.044101,0.022075,8.8937
2.9135,2.0389,0.090827,-0.04404,0.022022,8.8987
2.9136,2.0389,0.090829,-0.043974,0.021956,8.9051
2.9136,2.0389,0.09083,-0.043903,0.021837,8.8988
2.9137,2.0389,0.090831,-0.043828,0.021669,8.8996
2.9137,2.0389,0.090832,-0.043749,0.021448,8.9062
2.9138,2.0389,0.090833,-0.043666,0.021224,8.9003
2.9138,2.0389,0.090834,-0.043586,0.021005,8.8913
2.9139,2.0389,0.090835,-0.043494,0.02084,8.8994
2.9139,2.0389,0.090836,-0.043396,0.02073,8.8944
2.914,2.0389,0.090837,-0.043287,0.020684,8.8843
2.9141,2.0389,0.090839,-0.043173,0.020683,8.895
2.9141,2.0388,0.09084,-0.043053,0.020682,8.8946
2.9142,2.0388,0.090841,-0.04293,0.020663,8.8828
2.9142,2.0388,0.090842,-0.0428,0.020661,8.8836
2.9143,2.0388,0.090843,-0.04268,0.02061,8.8811
2.9143,2.0388,0.090844,-0.042549,0.020554,8.8594
2.9144,2.0388,0.090845,-0.042424,0.020485,8.8641
2.9144,2.0388,0.090846,-0.042303,0.020405,8.8686
2.9145,2.0388,0.090847,-0.042182,0.020308,8.8624
2.9145,2.0388,0.090848,-0.042057,0.020197,8.8513
2.9146,2.0388,0.090849,-0.041926,0.020091,8.8627
2.9146,2.0388,0.09085,-0.041791,0.019999,8.8583
2.9147,2.0388,0.090851,-0.041671,0.01988,8.8496
2.9147,2.0388,0.090852,-0.041554,0.019803,8.852
2.9148,2.0388,0.090854,-0.041451,0.01974,8.8491
2.9148,2.0388,0.090855,-0.041362,0.019675,8.8404
2.9149,2.0388,0.090856,-0.041274,0.019584,8.8484
2.9149,2.0388,0.090857,-0.041189,0.019521,8.8501
2.915,2.0388,0.090858,-0.041111,0.019495,8.8441
2.9151,2.0388,0.090859,-0.041036,0.01947,8.8459
2.9151,2.0388,0.09086,-0.040964,0.019465,8.8518
2.9152,2.0388,0.090861,-0.040889,0.019496,8.8428
2.9152,2.0388,0.090862,-0.040811,0.019512,8.8373
2.9153,2.0388,0.090863,-0.040722,0.019519,8.8415
2.9153,2.0388,0.090864,-0.040626,0.019528,8.8267
2.9154,2.0388,0.090865,-0.040531,0.019536,8.8232
2.9154,2.0388,0.090866,-0.04044,0.019569,8.8317
2.9155,2.0388,0.090867,-0.040349,0.019609,8.8323
2.9155,2.0388,0.090868,-0.040257,0.019691,8.8237
2.9156,2.0388,0.090869,-0.040171,0.019787,8.8315
2.9156,2.0388,0.09087,-0.040087,0.01988,8.8309
2.9157,2.0388,0.090871,-0.04,0.019992,8.8225
2.9157,2.0388,0.090872,-0.039915,0.020127,8.823
2.9158,2.0388,0.090873,-0.039834,0.020248,8.8254
2.9158,2.0388,0.090874,-0.039755,0.020383,8.817
2.9159,2.0388,0.090875,-0.03968,0.020495,8.817
2.9159,2.0388,0.090876,-0.039604,0.020604,8.8246
2.916,2.0388,0.090877,-0.039534,0.020682,8.8185
2.9161,2.0388,0.090879,-0.039472,0.020743,8.8186
2.9161,2.0388,0.09088,-0.039411,0.020801,8.8311
2.9162,2.0388,0.090881,-0.039348,0.020884,8.8197
2.9162,2.0388,0.090882,-0.039283,0.020967,8.8192
2.9163,2.0388,0.090883,-0.039216,0.021084,8.8266
2.9163,2.0388,0.090884,-0.03915,0.0212,8.8271
2.9164,2.0388,0.090885,-0.039079,0.02129,8.8208
2.9164,2.0388,0.090886,-0.039011,0.021305,8.8297
2.9165,2.0388,0.090887,-0.038946,0.021308,8.8377
2.9165,2.0387,0.090889,-0.038883,0.02131,8.8284
2.9166,2.0387,0.09089,-0.038817,0.021313,8.8374
2.9166,2.0387,0.090891,-0.038757,0.021321,8.8484
2.9167,2.0387,0.090892,-0.038701,0.02139,8.8381
2.9167,2.0387,0.090893,-0.038652,0.021513,8.8371
2.9168,2.0387,0.090894,-0.038605,0.02165,8.8398
2.9168,2.0387,0.090895,-0.038557,0.021801,8.8313
2.9169,2.0387,0.090897,-0.038511,0.021994,8.8182
2.9169,2.0387,0.090898,-0.038454,0.022196,8.8332
2.917,2.0387,0.090899,-0.038392,0.022382,8.8319
2.9171,2.0387,0.0909,-0.038327,0.022569,8.822
2.9171,2.0387,0.090901,-0.038252,0.022754,8.8359
2.9172,2.0387,0.090902,-0.038175,0.022954,8.8374
2.9172,2.0387,0.090904,-0.038103,0.023142,8.8295
2.9173,2.0387,0.090905,-0.038038,0.02329,8.834
2.9173,2.0387,0.090906,-0.037984,0.023413,8.8372
2.9174,2.0387,0.090907,-0.037936,0.023525,8.8395
2.9174,2.0387,0.090909,-0.037899,0.023641,8.83
2.9175,2.0387,0.09091,-0.037868,0.023774,8.8464
2.9175,2.0387,0.090911,-0.037837,0.023936,8.8433
2.9176,2.0387,0.090912,-0.037811,0.024139,8.8426
2.9176,2.0387,0.090914,-0.037792,0.02435,8.8554
2.9177,2.0387,0.090915,-0.037772,0.024545,8.8483
2.9177,2.0387,0.090916,-0.03775,0.024754,8.8449
2.9178,2.0387,0.090918,-0.037726,0.024938,8.8481
2.9178,2.0387,0.090919,-0.0377,0.025104,8.8455
2.9179,2.0387,0.09092,-0.037671,0.025261,8.8308
2.9179,2.0387,0.090922,-0.037645,0.025415,8.8419
2.918,2.0387,0.090923,-0.037635,0.025574,8.8495
2.9181,2.0387,0.090924,-0.037631,0.025743,8.841
2.9181,2.0387,0.090926,-0.037633,0.025944,8.8402
2.9182,2.0387,0.090927,-0.037642,0.026143,8.8458
2.9182,2.0387,0.090928,-0.03766,0.026308,8.8398
2.9183,2.0387,0.09093,-0.037678,0.02646,8.8371
2.9183,2.0387,0.090931,-0.037684,0.026604,8.8419
2.9184,2.0387,0.090933,-0.037683,0.026749,8.8365
2.9184,2.0387,0.090934,-0.03768,0.026901,8.8258
2.9185,2.0387,0.090935,-0.037647,0.027067,8.8365
2.9185,2.0387,0.090937,-0.037599,0.027255,8.8344
2.9186,2.0387,0.090938,-0.037546,0.027428,8.8281
2.9186,2.0387,0.09094,-0.037506,0.027599,8.8416
2.9187,2.0387,0.090941,-0.037506,0.027769,8.845
2.9187,2.0387,0.090943,-0.037527,0.027937,8.8308
2.9188,2.0387,0.090944,-0.037554,0.028102,8.8388
2.9188,2.0387,0.090946,-0.037601,0.028266,8.8473
2.9189,2.0387,0.090947,-0.037648,0.028428,8.8391
2.9189,2.0387,0.090949,-0.037695,0.028588,8.842
2.919,2.0387,0.09095,-0.037741,0.02876,8.8503
2.9191,2.0387,0.090952,-0.037787,0.028921,8.848
2.9191,2.0387,0.090953,-0.037849,0.029038,8.8471
2.9192,2.0386,0.090955,-0.037901,0.029123,8.857
2.9192,2.0386,0.090956,-0.037944,0.029202,8.856
2.9193,2.0386,0.090958,-0.037984,0.029251,8.8494
2.9193,2.0386,0.090959,-0.038011,0.029289,8.8557
2.9194,2.0386,0.090961,-0.038039,0.029352,8.8554
2.9194,2.0386,0.090963,-0.038073,0.029425,8.8472
2.9195,2.0386,0.090964,-0.038087,0.029487,8.8495
2.9195,2.0386,0.090966,-0.038083,0.029536,8.8534
2.9196,2.0386,0.090967,-0.038089,0.029563,8.8423
2.9196,2.0386,0.090969,-0.038095,0.029593,8.8558
2.9197,2.0386,0.09097,-0.038092,0.029603,8.8592
2.9197,2.0386,0.090972,-0.038089,0.029624,8.8433
2.9198,2.0386,0.090973,-0.038096,0.029674,8.8436
2.9198,2.0386,0.090975,-0.038094,0.029722,8.8438
2.9199,2.0386,0.090977,-0.038072,0.029786,8.8273
2.9199,2.0386,0.090978,-0.038042,0.029867,8.8183
2.92,2.0386,0.09098,-0.03803,0.029931,8.8236
2.9201,2.0386,0.090981,-0.038012,0.029991,8.821
2.9201,2.0386,0.090983,-0.037999,0.030049,8.8144
2.9202,2.0386,0.090984,-0.037987,0.030103,8.8198
2.9202,2.0386,0.090986,-0.037978,0.030153,8.8282
2.9203,2.0386,0.090988,-0.037952,0.0302,8.8162
2.9203,2.0386,0.090989,-0.037923,0.030244,8.82
2.9204,2.0386,0.090991,-0.037889,0.030284,8.8261
2.9204,2.0386,0.090992,-0.037855,0.03032,8.8159
2.9205,2.0386,0.090994,-0.037827,0.030352,8.8171
2.9205,2.0386,0.090996,-0.03781,0.03038,8.8219
2.9206,2.0386,0.090997,-0.037797,0.030405,8.8165
2.9206,2.0386,0.090999,-0.037793,0.030426,8.8202
2.9207,2.0386,0.091,-0.037794,0.030443,8.8336
2.9207,2.0386,0.091002,-0.037797,0.030471,8.8293
2.9208,2.0386,0.091004,-0.037792,0.030471,8.8206
2.9208,2.0386,0.091005,-0.037784,0.030449,8.8237
2.9209,2.0386,0.091007,-0.037789,0.030411,8.8179
2.9209,2.0386,0.091008,-0.037787,0.030379,8.8098
2.921,2.0386,0.09101,-0.037769,0.03032,8.8086
2.9211,2.0386,0.091012,-0.037739,0.030248,8.8124
2.9211,2.0386,0.091013,-0.037703,0.03019,8.7987
2.9212,2.0386,0.091015,-0.037664,0.030138,8.8035
2.9212,2.0386,0.091016,-0.037625,0.030043,8.8119
2.9213,2.0386,0.091018,-0.037591,0.029901,8.8027
2.9213,2.0386,0.091019,-0.037561,0.029747,8.8079
2.9214,2.0386,0.091021,-0.037519,0.029566,8.8165
2.9214,2.0386,0.091023,-0.037453,0.029348,8.8036
2.9215,2.0386,0.091024,-0.037384,0.029137,8.7985
2.9215,2.0386,0.091026,-0.037312,0.028965,8.8099
2.9216,2.0386,0.091027,-0.037238,0.028819,8.8068
2.9216,2.0386,0.091029,-0.037161,0.028693,8.8017
2.9217,2.0386,0.09103,-0.037086,0.028557,8.8184
2.9217,2.0386,0.091032,-0.037011,0.028466,8.8244
2.9218,2.0386,0.091033,-0.036938,0.028372,8.8162
2.9218,2.0385,0.091035,-0.036867,0.028284,8.8183
2.9219,2.0385,0.091036,-0.036813,0.028198,8.824
2.9219,2.0385,0.091038,-0.036765,0.028105,8.8163
2.922,2.0385,0.091039,-0.036725,0.027998,8.8196
2.9221,2.0385,0.091041,-0.036694,0.02787,8.8307
2.9221,2.0385,0.091042,-0.036668,0.027713,8.8252
2.9222,2.0385,0.091043,-0.036646,0.027564,8.8264
2.9222,2.0385,0.091045,-0.036615,0.027408,8.8382
2.9223,2.0385,0.091046,-0.036578,0.02725,8.8366
2.9223,2.0385,0.091048,-0.036535,0.027091,8.8319
2.9224,2.0385,0.091049,-0.03648,0.026926,8.8406
2.9224,2.0385,0.091051,-0.036418,0.026761,8.8327
2.9225,2.0385,0.091052,-0.036348,0.026577,8.8258
2.9225,2.0385,0.091053,-0.036276,0.026417,8.8332
2.9226,2.0385,0.091055,-0.03621,0.026269,8.8395
2.9226,2.0385,0.091056,-0.03614,0.026129,8.8229
2.9227,2.0385,0.091058,-0.036081,0.025994,8.837
2.9227,2.0385,0.091059,-0.036032,0.025854,8.8562
2.9228,2.0385,0.09106,-0.035993,0.025701,8.8471
2.9228,2.0385,0.091062,-0.035955,0.025534,8.8459
2.9229,2.0385,0.091063,-0.035912,0.025327,8.8543
2.9229,2.0385,0.091064,-0.035869,0.025161,8.8503
2.923,2.0385,0.091066,-0.035819,0.025009,8.8458
2.9231,2.0385,0.091067,-0.035773,0.024871,8.8573
2.9231,2.0385,0.091068,-0.03573,0.024732,8.8561
2.9232,2.0385,0.091069,-0.035691,0.02459,8.856
2.9232,2.0385,0.091071,-0.035659,0.024436,8.8683
2.9233,2.0385,0.091072,-0.035632,0.024264,8.8728
2.9233,2.0385,0.091073,-0.035602,0.024065,8.8691
2.9234,2.0385,0.091075,-0.035568,0.023878,8.8726
2.9234,2.0385,0.091076,-0.035525,0.023673,8.8831
2.9235,2.0385,0.091077,-0.035479,0.023474,8.8767
2.9235,2.0385,0.091078,-0.035432,0.023302,8.8735
2.9236,2.0385,0.091079,-0.035385,0.023162,8.8807
2.9236,2.0385,0.091081,-0.035343,0.023059,8.8687
2.9237,2.0385,0.091082,-0.035308,0.023009,8.8678
2.9237,2.0385,0.091083,-0.035278,0.022969,8.8774
2.9238,2.0385,0.091084,-0.035248,0.02294,8.8757
2.9238,2.0385,0.091085,-0.035218,0.022879,8.8632
2.9239,2.0385,0.091087,-0.035179,0.022789,8.8714
2.9239,2.0385,0.091088,-0.035146,0.022663,8.869
2.924,2.0385,0.091089,-0.035113,0.022483,8.8634
2.9241,2.0385,0.09109,-0.035077,0.022301,8.8659
2.9241,2.0385,0.091091,-0.035045,0.022126,8.866
2.9242,2.0385,0.091093,-0.035019,0.02193,8.854
2.9242,2.0385,0.091094,-0.034993,0.021777,8.8679
2.9243,2.0385,0.091095,-0.034978,0.021627,8.8745
2.9243,2.0385,0.091096,-0.034953,0.021487,8.8661
2.9244,2.0385,0.091097,-0.034926,0.021363,8.8775
2.9244,2.0385,0.091098,-0.034893,0.021262,8.8833
2.9245,2.0385,0.091099,-0.034848,0.021186,8.8759
2.9245,2.0385,0.0911,-0.034801,0.021123,8.8731
2.9246,2.0385,0.091102,-0.034748,0.021064,8.8824
2.9246,2.0384,0.091103,-0.034692,0.021051,8.878
2.9247,2.0384,0.091104,-0.034649,0.021016,8.8723
2.9247,2.0384,0.091105,-0.034606,0.020985,8.8905
2.9248,2.0384,0.091106,-0.034571,0.020965,8.8919
2.9248,2.0384,0.091107,-0.034549,0.020981,8.8829
2.9249,2.0384,0.091108,-0.034526,0.020986,8.892
2.9249,2.0384,0.091109,-0.034493,0.020969,8.8926
2.925,2.0384,0.09111,-0.034452,0.020958,8.8772
2.9251,2.0384,0.091111,-0.034411,0.020941,8.884
2.9251,2.0384,0.091113,-0.03437,0.020899,8.8835
2.9252,2.0384,0.091114,-0.034329,0.020882,8.872
2.9252,2.0384,0.091115,-0.0343,0.020881,8.8649
2.9253,2.0384,0.091116,-0.034282,0.020887,8.8784
2.9253,2.0384,0.091117,-0.034258,0.020905,8.8764
2.9254,2.0384,0.091118,-0.034233,0.020906,8.863
2.9254,2.0384,0.091119,-0.034209,0.020909,8.8783
2.9255,2.0384,0.09112,-0.034192,0.020876,8.8749
2.9255,2.0384,0.091121,-0.034174,0.020833,8.8659
2.9256,2.0384,0.091122,-0.034152,0.020794,8.8659
2.9256,2.0384,0.091124,-0.034135,0.02074,8.8726
2.9257,2.0384,0.091125,-0.034119,0.020661,8.862
2.9257,2.0384,0.091126,-0.034102,0.020597,8.8726
2.9258,2.0384,0.091127,-0.034088,0.020522,8.875
2.9258,2.0384,0.091128,-0.034074,0.020468,8.874
2.9259,2.0384,0.091129,-0.034068,0.020413,8.876
2.9259,2.0384,0.09113,-0.034058,0.020386,8.8875
2.926,2.0384,0.091131,-0.034039,0.020377,8.8738
2.9261,2.0384,0.091132,-0.034013,0.020369,8.8702
2.9261,2.0384,0.091133,-0.033988,0.020342,8.8832
2.9262,2.0384,0.091134,-0.033968,0.020326,8.8765
2.9262,2.0384,0.091135,-0.033955,0.020295,8.8669
2.9263,2.0384,0.091136,-0.033951,0.020288,8.8799
2.9263,2.0384,0.091138,-0.033959,0.020293,8.886
2.9264,2.0384,0.091139,-0.033973,0.020371,8.877
2.9264,2.0384,0.09114,-0.033993,0.020461,8.8831
2.9265,2.0384,0.091141,-0.034011,0.020553,8.8829
2.9265,2.0384,0.091142,-0.034033,0.020653,8.8738
2.9266,2.0384,0.091143,-0.034051,0.020768,8.8787
2.9266,2.0384,0.091144,-0.034064,0.02085,8.8787
2.9267,2.0384,0.091145,-0.034069,0.020903,8.8696
2.9267,2.0384,0.091146,-0.03407,0.020936,8.8637
2.9268,2.0384,0.091147,-0.034071,0.02096,8.8726
2.9268,2.0384,0.091148,-0.034075,0.020948,8.8722
2.9269,2.0384,0.09115,-0.03409,0.020932,8.8671
2.9269,2.0384,0.091151,-0.034117,0.020942,8.8744
2.927,2.0384,0.091152,-0.034153,0.020959,8.8636
2.9271,2.0384,0.091153,-0.034207,0.020976,8.8556
2.9271,2.0384,0.091154,-0.03427,0.020982,8.8638
2.9272,2.0384,0.091155,-0.034333,0.020995,8.8668
2.9272,2.0384,0.091156,-0.034401,0.02104,8.8614
2.9273,2.0384,0.091157,-0.034469,0.021117,8.8611
2.9273,2.0384,0.091158,-0.034539,0.02121,8.8684
2.9274,2.0384,0.09116,-0.034604,0.021316,8.8675
2.9274,2.0384,0.091161,-0.034669,0.021413,8.8739
2.9275,2.0384,0.091162,-0.034738,0.021481,8.8898
2.9275,2.0383,0.091163,-0.034806,0.021512,8.8774
2.9276,2.0383,0.091164,-0.034875,0.021535,8.8752
2.9276,2.0383,0.091165,-0.034944,0.021574,8.8832
2.9277,2.0383,0.091166,-0.035014,0.021605,8.8789
2.9277,2.0383,0.091167,-0.035088,0.021663,8.8765
2.9278,2.0383,0.091169,-0.035167,0.02175,8.8871
2.9278,2.0383,0.09117,-0.035258,0.021849,8.8851
2.9279,2.0383,0.091171,-0.035354,0.021945,8.88
2.9279,2.0383,0.091172,-0.035454,0.02203,8.8913
2.928,2.0383,0.091173,-0.035561,0.022101,8.882
2.9281,2.0383,0.091174,-0.035653,0.022154,8.8712
2.9281,2.0383,0.091176,-0.035725,0.02219,8.873
2.9282,2.0383,0.091177,-0.035782,0.022244,8.8804
2.9282,2.0383,0.091178,-0.035832,0.022301,8.8693
2.9283,2.0383,0.091179,-0.035887,0.022361,8.8695
2.9283,2.0383,0.09118,-0.035946,0.022419,8.8833
2.9284,2.0383,0.091181,-0.036011,0.022469,8.8851
2.9284,2.0383,0.091183,-0.036098,0.022516,8.8874
2.9285,2.0383,0.091184,-0.036199,0.022558,8.8987
2.9285,2.0383,0.091185,-0.036311,0.022607,8.8982
2.9286,2.0383,0.091186,-0.036433,0.022654,8.8928
2.9286,2.0383,0.091187,-0.036539,0.022701,8.897
2.9287,2.0383,0.091189,-0.036639,0.022758,8.9029
2.9287,2.0383,0.09119,-0.036732,0.022822,8.8856
2.9288,2.0383,0.091191,-0.036805,0.022892,8.8978
2.9288,2.0383,0.091192,-0.036866,0.022965,8.9089
2.9289,2.0383,0.091193,-0.036914,0.02304,8.9049
2.9289,2.0383,0.091195,-0.036952,0.023118,8.9143
2.929,2.0383,0.091196,-0.03698,0.023193,8.9216
2.9291,2.0383,0.091197,-0.036982,0.02327,8.9124
2.9291,2.0383,0.091198,-0.036984,0.023342,8.9094
2.9292,2.0383,0.0912,-0.036995,0.023412,8.9149
2.9292,2.0383,0.091201,-0.037018,0.023479,8.9115
2.9293,2.0383,0.091202,-0.03705,0.023539,8.9002
2.9293,2.0383,0.091203,-0.037083,0.023593,8.906
2.9294,2.0383,0.091205,-0.03712,0.023638,8.9034
2.9294,2.0383,0.091206,-0.037171,0.023682,8.8997
2.9295,2.0383,0.091207,-0.037227,0.023734,8.8992
2.9295,2.0383,0.091208,-0.037278,0.023786,8.9068
2.9296,2.0383,0.09121,-0.03733,0.023846,8.8952
2.9296,2.0383,0.091211,-0.037396,0.023913,8.8952
2.9297,2.0383,0.091212,-0.037453,0.023985,8.8974
2.9297,2.0383,0.091213,-0.037502,0.02406,8.8869
2.9298,2.0383,0.091215,-0.037567,0.024135,8.8885
2.9298,2.0383,0.091216,-0.037642,0.024211,8.9026
2.9299,2.0383,0.091217,-0.037715,0.024291,8.8984
2.9299,2.0383,0.091218,-0.037771,0.024368,8.8929
2.93,2.0383,0.09122,-0.037825,0.024443,8.9005
2.9301,2.0383,0.091221,-0.037875,0.024516,8.897
2.9301,2.0383,0.091222,-0.037918,0.024589,8.8875
2.9302,2.0383,0.091224,-0.037961,0.02466,8.9014
2.9302,2.0383,0.091225,-0.038014,0.024729,8.8954
2.9303,2.0382,0.091226,-0.038064,0.024798,8.8814
2.9303,2.0382,0.091228,-0.038112,0.024865,8.8842
2.9304,2.0382,0.091229,-0.038156,0.02493,8.9007
2.9304,2.0382,0.09123,-0.038202,0.024998,8.894
2.9305,2.0382,0.091231,-0.038244,0.025059,8.8925
2.9305,2.0382,0.091233,-0.038288,0.025115,8.904
2.9306,2.0382,0.091234,-0.038326,0.025168,8.8944
2.9306,2.0382,0.091235,-0.038356,0.02522,8.892
2.9307,2.0382,0.091237,-0.038379,0.025274,8.8975
2.9307,2.0382,0.091238,-0.0384,0.025327,8.887
2.9308,2.0382,0.091239,-0.038413,0.025376,8.8703
2.9308,2.0382,0.091241,-0.038417,0.025423,8.8807
2.9309,2.0382,0.091242,-0.03842,0.025458,8.8787
2.9309,2.0382,0.091243,-0.038434,0.025486,8.8752
2.931,2.0382,0.091245,-0.038455,0.025508,8.8676
2.9311,2.0382,0.091246,-0.038478,0.025529,8.8722
2.9311,2.0382,0.091247,-0.038501,0.025551,8.8603
2.9312,2.0382,0.091249,-0.038519,0.025577,8.8644
2.9312,2.0382,0.09125,-0.03853,0.025603,8.8605
2.9313,2.0382,0.091252,-0.038534,0.025633,8.8479
2.9313,2.0382,0.091253,-0.038542,0.025668,8.851
2.9314,2.0382,0.091254,-0.038568,0.025713,8.861
2.9314,2.0382,0.091256,-0.038592,0.02576,8.8593
2.9315,2.0382,0.091257,-0.038619,0.02581,8.8606
2.9315,2.0382,0.091258,-0.038644,0.025855,8.8731
2.9316,2.0382,0.09126,-0.038672,0.025902,8.8671
2.9316,2.0382,0.091261,-0.038703,0.02594,8.86
2.9317,2.0382,0.091262,-0.038738,0.025978,8.8702
2.9317,2.0382,0.091264,-0.038777,0.026014,8.867
2.9318,2.0382,0.091265,-0.038821,0.026047,8.853
2.9318,2.0382,0.091267,-0.038854,0.026077,8.8604
2.9319,2.0382,0.091268,-0.038883,0.026109,8.8617
2.9319,2.0382,0.091269,-0.038905,0.026131,8.8469
2.932,2.0382,0.091271,-0.038915,0.026156,8.8565
2.9321,2.0382,0.091272,-0.038912,0.026182,8.8656
2.9321,2.0382,0.091273,-0.038897,0.026211,8.8516
2.9322,2.0382,0.091275,-0.038886,0.02624,8.8441
2.9322,2.0382,0.091276,-0.038875,0.026269,8.8487
2.9323,2.0382,0.091278,-0.038871,0.026303,8.844
2.9323,2.0382,0.091279,-0.038889,0.026342,8.8309
2.9324,2.0382,0.09128,-0.038924,0.026374,8.839
2.9324,2.0382,0.091282,-0.038974,0.026404,8.8375
2.9325,2.0382,0.091283,-0.039025,0.026432,8.8344
2.9325,2.0382,0.091284,-0.039072,0.02646,8.8389
2.9326,2.0382,0.091286,-0.039121,0.026491,8.8457
2.9326,2.0382,0.091287,-0.039155,0.026525,8.8335
2.9327,2.0382,0.091289,-0.03918,0.026561,8.8415
2.9327,2.0382,0.09129,-0.039202,0.0266,8.841
2.9328,2.0382,0.091291,-0.039219,0.026633,8.8349
2.9328,2.0381,0.091293,-0.039241,0.02666,8.8364
2.9329,2.0381,0.091294,-0.039261,0.026682,8.8456
2.9329,2.0381,0.091296,-0.03929,0.026704,8.8382
2.933,2.0381,0.091297,-0.039316,0.026725,8.8346
2.9331,2.0381,0.091298,-0.039347,0.026744,8.8481
2.9331,2.0381,0.0913,-0.039376,0.026762,8.8479
2.9332,2.0381,0.091301,-0.039399,0.026777,8.8341
2.9332,2.0381,0.091303,-0.039411,0.026791,8.8436
2.9333,2.0381,0.091304,-0.039417,0.026803,8.8425
2.9333,2.0381,0.091306,-0.039423,0.026813,8.8279
2.9334,2.0381,0.091307,-0.039436,0.026822,8.8367
2.9334,2.0381,0.091308,-0.039452,0.026829,8.84
2.9335,2.0381,0.09131,-0.039469,0.026834,8.8272
2.9335,2.0381,0.091311,-0.039487,0.026839,8.8327
2.9336,2.0381,0.091313,-0.039498,0.026841,8.8389
2.9336,2.0381,0.091314,-0.039499,0.026843,8.8299
2.9337,2.0381,0.091315,-0.039489,0.026843,8.8363
2.9337,2.0381,0.091317,-0.039479,0.026842,8.8358
2.9338,2.0381,0.091318,-0.039469,0.026839,8.8312
2.9338,2.0381,0.09132,-0.039466,0.026834,8.8236
2.9339,2.0381,0.091321,-0.039461,0.026829,8.8332
2.9339,2.0381,0.091322,-0.039454,0.026821,8.8336
2.934,2.0381,0.091324,-0.039456,0.026812,8.8294
2.9341,2.0381,0.091325,-0.03946,0.026801,8.8344
2.9341,2.0381,0.091327,-0.039471,0.026785,8.8429
2.9342,2.0381,0.091328,-0.039483,0.026769,8.8378
2.9342,2.0381,0.09133,-0.039493,0.026756,8.8426
2.9343,2.0381,0.091331,-0.03951,0.02675,8.8446
2.9343,2.0381,0.091332,-0.039521,0.026751,8.836
2.9344,2.0381,0.091334,-0.039525,0.026761,8.8385
2.9344,2.0381,0.091335,-0.039539,0.026775,8.8488
2.9345,2.0381,0.091337,-0.039545,0.026784,8.84
2.9345,2.0381,0.091338,-0.039551,0.026787,8.8385
2.9346,2.0381,0.091339,-0.039548,0.026788,8.8527
2.9346,2.0381,0.091341,-0.039537,0.026778,8.8518
2.9347,2.0381,0.091342,-0.039528,0.026758,8.8395
2.9347,2.0381,0.091344,-0.039514,0.026737,8.8476
2.9348,2.0381,0.091345,-0.039496,0.026719,8.8404
2.9348,2.0381,0.091346,-0.039488,0.0267,8.8374
2.9349,2.0381,0.091348,-0.039479,0.026679,8.8411
2.9349,2.0381,0.091349,-0.039479,0.026664,8.8455
2.935,2.0381,0.091351,-0.039484,0.02665,8.8321
2.9351,2.0381,0.091352,-0.039488,0.026629,8.8378
2.9351,2.0381,0.091353,-0.039498,0.026602,8.8497
2.9352,2.0381,0.091355,-0.039503,0.026577,8.8465
2.9352,2.0381,0.091356,-0.0395,0.026551,8.8457
2.9353,2.0381,0.091358,-0.039502,0.026524,8.8585
2.9353,2.0381,0.091359,-0.039506,0.026496,8.8491
2.9354,2.0381,0.09136,-0.039514,0.026467,8.8451
2.9354,2.038,0.091362,-0.039524,0.026437,8.8534
2.9355,2.038,0.091363,-0.039532,0.026406,8.8569
2.9355,2.038,0.091365,-0.039538,0.026374,8.8499
2.9356,2.038,0.091366,-0.039541,0.026341,8.8616
2.9356,2.038,0.091367,-0.039544,0.026307,8.8687
2.9357,2.038,0.091369,-0.039539,0.026272,8.8602
2.9357,2.038,0.09137,-0.039523,0.026233,8.8629
2.9358,2.038,0.091372,-0.039496,0.026195,8.8659
2.9358,2.038,0.091373,-0.039457,0.02616,8.8551
2.9359,2.038,0.091374,-0.039409,0.026133,8.8575
2.9359,2.038,0.091376,-0.039356,0.026113,8.8739
2.936,2.038,0.091377,-0.039312,0.026117,8.8646
2.9361,2.038,0.091378,-0.039274,0.026102,8.8633
2.9361,2.038,0.09138,-0.039239,0.026068,8.8732
2.9362,2.038,0.091381,-0.039207,0.026012,8.8734
2.9362,2.038,0.091382,-0.039177,0.025952,8.8589
2.9363,2.038,0.091384,-0.039145,0.025893,8.8695
2.9363,2.038,0.091385,-0.039115,0.025839,8.8632
2.9364,2.038,0.091387,-0.039077,0.025802,8.8488
2.9364,2.038,0.091388,-0.039041,0.025797,8.8481
2.9365,2.038,0.091389,-0.03901,0.025782,8.8473
2.9365,2.038,0.091391,-0.038978,0.025771,8.8283
2.9366,2.038,0.091392,-0.038954,0.025764,8.8297
2.9366,2.038,0.091393,-0.038939,0.025765,8.8399
2.9367,2.038,0.091395,-0.038928,0.025769,8.8319
2.9367,2.038,0.091396,-0.038925,0.025774,8.8279
2.9368,2.038,0.091397,-0.038918,0.025779,8.8348
2.9368,2.038,0.091399,-0.038913,0.025779,8.8184
2.9369,2.038,0.0914,-0.038903,0.025769,8.818
2.9369,2.038,0.091402,-0.038886,0.025754,8.8254
2.937,2.038,0.091403,-0.038865,0.025739,8.8211
2.9371,2.038,0.091404,-0.038846,0.025721,8.8184
2.9371,2.038,0.091406,-0.038832,0.025706,8.8222
2.9372,2.038,0.091407,-0.038819,0.025702,8.8314
2.9372,2.038,0.091408,-0.038804,0.025697,8.8161
2.9373,2.038,0.09141,-0.038792,0.025698,8.8195
2.9373,2.038,0.091411,-0.038782,0.02569,8.8236
2.9374,2.038,0.091412,-0.038775,0.025677,8.8131
2.9374,2.038,0.091414,-0.03877,0.025661,8.8156
2.9375,2.038,0.091415,-0.038771,0.025637,8.8215
2.9375,2.038,0.091416,-0.038773,0.025612,8.8185
2.9376,2.038,0.091418,-0.038772,0.02559,8.8172
2.9376,2.038,0.091419,-0.038771,0.025568,8.8252
2.9377,2.038,0.09142,-0.038779,0.025554,8.8212
2.9377,2.038,0.091422,-0.038794,0.025534,8.8166
2.9378,2.038,0.091423,-0.038813,0.025516,8.8216
2.9378,2.038,0.091424,-0.038833,0.025502,8.816
2.9379,2.038,0.091426,-0.038851,0.025499,8.8068
2.9379,2.0379,0.091427,-0.038867,0.025502,8.8066
2.938,2.0379,0.091428,-0.038885,0.025508,8.8115
2.9381,2.0379,0.09143,-0.038905,0.025511,8.8044
2.9381,2.0379,0.091431,-0.038922,0.025509,8.8062
2.9382,2.0379,0.091432,-0.038942,0.025506,8.8151
2.9382,2.0379,0.091434,-0.03896,0.025501,8.8137
2.9383,2.0379,0.091435,-0.038975,0.025498,8.8045
2.9383,2.0379,0.091437,-0.038992,0.025504,8.8139
2.9384,2.0379,0.091438,-0.039014,0.025516,8.811
2.9384,2.0379,0.091439,-0.039043,0.025534,8.807
2.9385,2.0379,0.091441,-0.039076,0.025548,8.8134
2.9385,2.0379,0.091442,-0.039108,0.025567,8.8148
2.9386,2.0379,0.091443,-0.039144,0.025587,8.8118
2.9386,2.0379,0.091445,-0.039178,0.0256,8.8206
2.9387,2.0379,0.091446,-0.039213,0.025607,8.8289
2.9387,2.0379,0.091447,-0.03925,0.025608,8.8253
2.9388,2.0379,0.091449,-0.039284,0.025605,8.8344
2.9388,2.0379,0.09145,-0.039315,0.025601,8.843
2.9389,2.0379,0.091451,-0.039343,0.025593,8.8302
2.9389,2.0379,0.091453,-0.039377,0.025587,8.835
2.939,2.0379,0.091454,-0.039415,0.025578,8.8458
2.9391,2.0379,0.091455,-0.039457,0.025574,8.8384
2.9391,2.0379,0.091457,-0.039508,0.02557,8.8352
2.9392,2.0379,0.091458,-0.039562,0.02557,8.8416
2.9392,2.0379,0.091459,-0.039607,0.025577,8.8466
2.9393,2.0379,0.091461,-0.039647,0.025592,8.8436
2.9393,2.0379,0.091462,-0.03968,0.025614,8.8545
2.9394,2.0379,0.091463,-0.039713,0.025641,8.8522
2.9394,2.0379,0.091465,-0.039737,0.02567,8.8403
2.9395,2.0379,0.091466,-0.039756,0.025709,8.8484
2.9395,2.0379,0.091468,-0.039774,0.025745,8.857
2.9396,2.0379,0.091469,-0.039793,0.025777,8.8476
2.9396,2.0379,0.09147,-0.039814,0.025804,8.8561
2.9397,2.0379,0.091472,-0.039838,0.025823,8.8652
2.9397,2.0379,0.091473,-0.039862,0.025834,8.8591
2.9398,2.0379,0.091474,-0.039889,0.025841,8.8634
2.9398,2.0379,0.091476,-0.039914,0.025846,8.8777
2.9399,2.0379,0.091477,-0.039934,0.025853,8.8695
2.9399,2.0379,0.091478,-0.039947,0.025861,8.8664
2.94,2.0379,0.09148,-0.039966,0.025869,8.8779
2.9401,2.0379,0.091481,-0.039995,0.025877,8.8807
2.9401,2.0379,0.091482,-0.040027,0.025885,8.8721
2.9402,2.0379,0.091484,-0.040062,0.025893,8.8851
2.9402,2.0379,0.091485,-0.040101,0.025901,8.8903
2.9403,2.0379,0.091487,-0.040141,0.02591,8.8815
2.9403,2.0379,0.091488,-0.040175,0.025918,8.8914
2.9404,2.0379,0.091489,-0.040204,0.025924,8.8987
2.9404,2.0379,0.091491,-0.040232,0.025935,8.8824
2.9405,2.0378,0.091492,-0.040263,0.025949,8.88
2.9405,2.0378,0.091493,-0.040294,0.025969,8.8813
2.9406,2.0378,0.091495,-0.040327,0.025985,8.8712
2.9406,2.0378,0.091496,-0.04036,0.025995,8.8681
2.9407,2.0378,0.091497,-0.040395,0.026003,8.8761
2.9407,2.0378,0.091499,-0.040429,0.026013,8.868
2.9408,2.0378,0.0915,-0.040465,0.026027,8.8655
2.9408,2.0378,0.091502,-0.040501,0.026054,8.8798
2.9409,2.0378,0.091503,-0.040538,0.026092,8.8744
2.9409,2.0378,0.091504,-0.040575,0.026142,8.8686
2.941,2.0378,0.091506,-0.040613,0.026194,8.8757
2.9411,2.0378,0.091507,-0.040652,0.026242,8.8818
2.9411,2.0378,0.091508,-0.040691,0.026286,8.8729
2.9412,2.0378,0.09151,-0.040731,0.026321,8.8829
2.9412,2.0378,0.091511,-0.040772,0.026351,8.8919
2.9413,2.0378,0.091513,-0.040812,0.026384,8.882
2.9413,2.0378,0.091514,-0.040854,0.026418,8.8896
2.9414,2.0378,0.091515,-0.040896,0.026458,8.8991
2.9414,2.0378,0.091517,-0.040938,0.026493,8.8843
2.9415,2.0378,0.091518,-0.040981,0.026528,8.8796
2.9415,2.0378,0.09152,-0.041024,0.026558,8.8876
2.9416,2.0378,0.091521,-0.041068,0.026587,8.8837
2.9416,2.0378,0.091522,-0.041112,0.026617,8.8732
2.9417,2.0378,0.091524,-0.041156,0.026655,8.8846
2.9417,2.0378,0.091525,-0.041201,0.026705,8.8837
2.9418,2.0378,0.091527,-0.041246,0.026758,8.8781
2.9418,2.0378,0.091528,-0.041292,0.026807,8.8848
2.9419,2.0378,0.091529,-0.041338,0.026864,8.895
2.9419,2.0378,0.091531,-0.041384,0.026919,8.8777
2.942,2.0378,0.091532,-0.04143,0.026972,8.8776
2.9421,2.0378,0.091534,-0.041477,0.027022,8.884
2.9421,2.0378,0.091535,-0.041521,0.027071,8.8725
2.9422,2.0378,0.091537,-0.041572,0.027119,8.8687
2.9422,2.0378,0.091538,-0.041624,0.02716,8.8773
2.9423,2.0378,0.091539,-0.041671,0.027195,8.8776
2.9423,2.0378,0.091541,-0.041714,0.027236,8.8714
2.9424,2.0378,0.091542,-0.041754,0.027276,8.8763
2.9424,2.0378,0.091544,-0.041791,0.027313,8.8773
2.9425,2.0378,0.091545,-0.041827,0.027353,8.8681
2.9425,2.0378,0.091547,-0.041863,0.027392,8.8746
2.9426,2.0378,0.091548,-0.041908,0.027429,8.8775
2.9426,2.0378,0.09155,-0.041954,0.027462,8.868
2.9427,2.0378,0.091551,-0.041998,0.02749,8.8761
2.9427,2.0378,0.091552,-0.042041,0.02752,8.8821
2.9428,2.0378,0.091554,-0.042086,0.027549,8.8815
2.9428,2.0378,0.091555,-0.042133,0.027578,8.8838
2.9429,2.0377,0.091557,-0.042181,0.027609,8.8935
2.9429,2.0377,0.091558,-0.042229,0.027635,8.8893
2.943,2.0377,0.09156,-0.042277,0.027658,8.8829
2.9431,2.0377,0.091561,-0.042322,0.027678,8.8854
2.9431,2.0377,0.091563,-0.042366,0.027697,8.8818
2.9432,2.0377,0.091564,-0.042407,0.027717,8.8725
2.9432,2.0377,0.091566,-0.042452,0.027739,8.879
2.9433,2.0377,0.091567,-0.042493,0.027764,8.8821
2.9433,2.0377,0.091568,-0.04253,0.027795,8.867
2.9434,2.0377,0.09157,-0.042566,0.027819,8.8758
2.9434,2.0377,0.091571,-0.042601,0.027839,8.8845
2.9435,2.0377,0.091573,-0.042635,0.027857,8.8694
2.9435,2.0377,0.091574,-0.042671,0.027874,8.8715
2.9436,2.0377,0.091576,-0.042709,0.027892,8.8765
2.9436,2.0377,0.091577,-0.04275,0.027912,8.8661
2.9437,2.0377,0.091579,-0.042789,0.027935,8.8614
2.9437,2.0377,0.09158,-0.042827,0.027963,8.8766
2.9438,2.0377,0.091582,-0.042865,0.027987,8.8717
2.9438,2.0377,0.091583,-0.042903,0.028011,8.8718
2.9439,2.0377,0.091585,-0.042941,0.028034,8.88
2.9439,2.0377,0.091586,-0.04298,0.028056,8.8808
2.944,2.0377,0.091588,-0.043017,0.028078,8.8649
2.9441,2.0377,0.091589,-0.043049,0.0281,8.8787
2.9441,2.0377,0.091591,-0.043074,0.028121,8.8773
2.9442,2.0377,0.091592,-0.04309,0.028141,8.8648
2.9442,2.0377,0.091593,-0.043097,0.028161,8.874
2.9443,2.0377,0.091595,-0.043099,0.028181,8.8855
2.9443,2.0377,0.091596,-0.043102,0.028214,8.8832
2.9444,2.0377,0.091598,-0.043106,0.028223,8.8813
2.9444,2.0377,0.091599,-0.043119,0.028214,8.894
2.9445,2.0377,0.091601,-0.043139,0.028197,8.8851
2.9445,2.0377,0.091602,-0.043166,0.028174,8.8759
2.9446,2.0377,0.091604,-0.043195,0.02816,8.8785
2.9446,2.0377,0.091605,-0.043222,0.028161,8.8704
2.9447,2.0377,0.091607,-0.043246,0.028182,8.8619
2.9447,2.0377,0.091608,-0.043267,0.028226,8.8681
2.9448,2.0377,0.09161,-0.04328,0.028255,8.8631
2.9448,2.0377,0.091611,-0.043291,0.028281,8.858
2.9449,2.0377,0.091613,-0.043295,0.028303,8.8708
2.9449,2.0377,0.091614,-0.04329,0.028318,8.8852
2.945,2.0377,0.091616,-0.043283,0.028336,8.874
2.9451,2.0377,0.091617,-0.043271,0.028352,8.8889
2.9451,2.0377,0.091619,-0.04326,0.028368,8.8928
2.9452,2.0377,0.09162,-0.043252,0.028382,8.885
2.9452,2.0377,0.091622,-0.043244,0.028396,8.8831
2.9453,2.0376,0.091623,-0.043232,0.028408,8.8941
2.9453,2.0376,0.091625,-0.043216,0.02842,8.8944
2.9454,2.0376,0.091626,-0.04319,0.028431,8.8905
2.9454,2.0376,0.091628,-0.043163,0.02844,8.9107
2.9455,2.0376,0.091629,-0.043136,0.028449,8.9084
2.9455,2.0376,0.091631,-0.043111,0.028456,8.8988
2.9456,2.0376,0.091632,-0.043085,0.028463,8.9105
2.9456,2.0376,0.091634,-0.04306,0.028469,8.9117
2.9457,2.0376,0.091635,-0.043045,0.028474,8.9065
2.9457,2.0376,0.091637,-0.043043,0.028477,8.909
2.9458,2.0376,0.091638,-0.043053,0.028494,8.9097
2.9458,2.0376,0.09164,-0.043079,0.028487,8.9024
2.9459,2.0376,0.091641,-0.04312,0.028462,8.9058
2.9459,2.0376,0.091643,-0.043166,0.028413,8.9217
2.946,2.0376,0.091644,-0.043207,0.028399,8.9073
2.9461,2.0376,0.091646,-0.043244,0.028384,8.9056
2.9461,2.0376,0.091647,-0.043275,0.028376,8.9153
2.9462,2.0376,0.091649,-0.043294,0.028382,8.9034
2.9462,2.0376,0.09165,-0.043308,0.028408,8.8922
2.9463,2.0376,0.091652,-0.043314,0.028416,8.896
2.9463,2.0376,0.091653,-0.043318,0.028418,8.8959
2.9464,2.0376,0.091655,-0.043324,0.028416,8.8851
2.9464,2.0376,0.091656,-0.043325,0.028446,8.8947
2.9465,2.0376,0.091658,-0.043328,0.028457,8.906
2.9465,2.0376,0.091659,-0.043329,0.028479,8.8961
2.9466,2.0376,0.091661,-0.043325,0.028476,8.9023
2.9466,2.0376,0.091662,-0.043322,0.028457,8.901
2.9467,2.0376,0.091664,-0.043314,0.028432,8.8937
2.9467,2.0376,0.091665,-0.043309,0.028407,8.893
2.9468,2.0376,0.091667,-0.043304,0.028392,8.9099
2.9468,2.0376,0.091668,-0.043307,0.028385,8.9021
2.9469,2.0376,0.09167,-0.043321,0.028395,8.9012
2.9469,2.0376,0.091671,-0.043343,0.028428,8.9152
2.947,2.0376,0.091673,-0.043366,0.028445,8.9137
2.9471,2.0376,0.091674,-0.043387,0.028462,8.9036
2.9471,2.0376,0.091676,-0.043404,0.028478,8.9117
2.9472,2.0376,0.091677,-0.04342,0.028507,8.9099
2.9472,2.0376,0.091679,-0.043428,0.028509,8.8963
2.9473,2.0376,0.09168,-0.04344,0.028496,8.8896
2.9473,2.0376,0.091682,-0.043454,0.028479,8.9012
2.9474,2.0376,0.091683,-0.04347,0.02847,8.8898
2.9474,2.0376,0.091685,-0.043482,0.028474,8.8978
2.9475,2.0376,0.091686,-0.043502,0.028492,8.8984
2.9475,2.0376,0.091688,-0.043525,0.028527,8.888
2.9476,2.0375,0.091689,-0.043548,0.028579,8.8786
2.9476,2.0375,0.091691,-0.043564,0.028607,8.8857
2.9477,2.0375,0.091692,-0.043568,0.028629,8.8781
2.9477,2.0375,0.091694,-0.043569,0.028648,8.8599
2.9478,2.0375,0.091695,-0.043561,0.02867,8.8706
2.9478,2.0375,0.091697,-0.043552,0.028692,8.8656
2.9479,2.0375,0.091698,-0.043558,0.028713,8.8567
2.9479,2.0375,0.0917,-0.043559,0.028733,8.8614
2.948,2.0375,0.091701,-0.043563,0.028754,8.8671
2.9481,2.0375,0.091703,-0.043563,0.028788,8.8628
2.9481,2.0375,0.091704,-0.043554,0.028798,8.8656
2.9482,2.0375,0.091706,-0.043541,0.028791,8.871
2.9482,2.0375,0.091707,-0.04352,0.028776,8.8603
2.9483,2.0375,0.091709,-0.043507,0.02876,8.8548
2.9483,2.0375,0.09171,-0.043499,0.028748,8.8644
2.9484,2.0375,0.091712,-0.043482,0.028748,8.8541
2.9484,2.0375,0.091713,-0.043465,0.028766,8.8503
2.9485,2.0375,0.091715,-0.043431,0.028821,8.8583
2.9485,2.0375,0.091716,-0.043401,0.028837,8.8551
2.9486,2.0375,0.091718,-0.043364,0.028837,8.8433
2.9486,2.0375,0.091719,-0.043325,0.028828,8.8531
2.9487,2.0375,0.091721,-0.043291,0.028821,8.851
2.9487,2.0375,0.091722,-0.043262,0.028817,8.8406
2.9488,2.0375,0.091724,-0.043241,0.028819,8.8375
2.9488,2.0375,0.091725,-0.043226,0.028832,8.8421
2.9489,2.0375,0.091727,-0.043204,0.028861,8.8348
2.9489,2.0375,0.091728,-0.043189,0.028867,8.8428
2.949,2.0375,0.09173,-0.043171,0.028874,8.8479
2.9491,2.0375,0.091732,-0.043145,0.028881,8.8412
2.9491,2.0375,0.091733,-0.043113,0.028899,8.8431
2.9492,2.0375,0.091735,-0.043083,0.028919,8.8475
2.9492,2.0375,0.091736,-0.043055,0.028943,8.8404
2.9493,2.0375,0.091738,-0.043036,0.028971,8.829
2.9493,2.0375,0.091739,-0.043019,0.029003,8.8389
2.9494,2.0375,0.091741,-0.043008,0.029036,8.8409
2.9494,2.0375,0.091742,-0.043,0.029077,8.8262
2.9495,2.0375,0.091744,-0.042995,0.029117,8.8345
2.9495,2.0375,0.091745,-0.042984,0.029177,8.846
2.9496,2.0375,0.091747,-0.042975,0.029223,8.8283
2.9496,2.0375,0.091748,-0.042965,0.029243,8.8284
2.9497,2.0375,0.09175,-0.042958,0.029228,8.8441
2.9497,2.0375,0.091751,-0.042955,0.029177,8.8404
2.9498,2.0375,0.091753,-0.04296,0.029095,8.833
2.9498,2.0374,0.091754,-0.042974,0.028995,8.843
2.9499,2.0374,0.091756,-0.042998,0.028879,8.8388
2.9499,2.0374,0.091758,-0.043023,0.028796,8.8366
2.95,2.0374,0.091759,-0.04305,0.028747,8.846
2.9501,2.0374,0.091761,-0.043072,0.028741,8.8486
2.9501,2.0374,0.091762,-0.043088,0.02878,8.8391
2.9502,2.0374,0.091764,-0.043102,0.028853,8.8464
2.9502,2.0374,0.091765,-0.043119,0.028949,8.8427
2.9503,2.0374,0.091767,-0.043144,0.029051,8.8393
2.9503,2.0374,0.091768,-0.043174,0.029138,8.8319
2.9504,2.0374,0.09177,-0.043209,0.029224,8.8334
2.9504,2.0374,0.091771,-0.043241,0.029312,8.8302
2.9505,2.0374,0.091773,-0.043272,0.0294,8.8295
2.9505,2.0374,0.091774,-0.043301,0.029496,8.8407
2.9506,2.0374,0.091776,-0.043328,0.029605,8.8361
2.9506,2.0374,0.091777,-0.043355,0.029692,8.8317
2.9507,2.0374,0.091779,-0.043383,0.029762,8.8446
2.9507,2.0374,0.091781,-0.043407,0.029822,8.8384
2.9508,2.0374,0.091782,-0.043432,0.029879,8.8386
2.9508,2.0374,0.091784,-0.043456,0.029936,8.8423
2.9509,2.0374,0.091785,-0.043484,0.030001,8.8386
2.9509,2.0374,0.091787,-0.043514,0.030082,8.8353
2.951,2.0374,0.091788,-0.043546,0.030192,8.8495
2.9511,2.0374,0.09179,-0.04358,0.03029,8.8593
2.9511,2.0374,0.091792,-0.043613,0.030392,8.8443
2.9512,2.0374,0.091793,-0.04365,0.030493,8.8523
2.9512,2.0374,0.091795,-0.043693,0.030585,8.8635
2.9513,2.0374,0.091797,-0.043742,0.030671,8.857
2.9513,2.0374,0.091798,-0.0438,0.030751,8.8563
2.9514,2.0374,0.0918,-0.043863,0.030829,8.8546
2.9514,2.0374,0.091801,-0.043932,0.030912,8.8539
2.9515,2.0374,0.091803,-0.044002,0.031008,8.8505
2.9515,2.0374,0.091805,-0.04407,0.031086,8.8706
2.9516,2.0374,0.091806,-0.044138,0.031146,8.8676
2.9516,2.0374,0.091808,-0.044207,0.031204,8.8564
2.9517,2.0374,0.09181,-0.044276,0.031216,8.8616
2.9517,2.0374,0.091811,-0.044346,0.031243,8.8646
2.9518,2.0374,0.091813,-0.044415,0.03128,8.8534
2.9518,2.0374,0.091815,-0.044485,0.031378,8.8499
2.9519,2.0374,0.091816,-0.044555,0.031496,8.8518
2.9519,2.0374,0.091818,-0.044625,0.031599,8.8378
2.952,2.0374,0.09182,-0.044696,0.031714,8.8491
2.9521,2.0374,0.091821,-0.044769,0.031815,8.8638
2.9521,2.0374,0.091823,-0.044838,0.031824,8.8552
2.9522,2.0373,0.091825,-0.044907,0.031824,8.8555
2.9522,2.0373,0.091826,-0.044973,0.031813,8.8681
2.9523,2.0373,0.091828,-0.045031,0.031861,8.8615
2.9523,2.0373,0.09183,-0.045086,0.031887,8.8551
2.9524,2.0373,0.091831,-0.045141,0.031927,8.8591
2.9524,2.0373,0.091833,-0.045199,0.031997,8.8579
2.9525,2.0373,0.091835,-0.045263,0.032072,8.8485
2.9525,2.0373,0.091836,-0.04533,0.032134,8.8571
2.9526,2.0373,0.091838,-0.045404,0.032211,8.862
2.9526,2.0373,0.09184,-0.045478,0.032306,8.8531
2.9527,2.0373,0.091841,-0.045552,0.032424,8.8591
2.9527,2.0373,0.091843,-0.045623,0.032528,8.8638
2.9528,2.0373,0.091845,-0.045692,0.032631,8.8556
2.9528,2.0373,0.091847,-0.04576,0.032731,8.8477
2.9529,2.0373,0.091848,-0.045827,0.032836,8.8547
2.9529,2.0373,0.09185,-0.045896,0.032943,8.847
2.953,2.0373,0.091852,-0.045964,0.03305,8.8373
2.9531,2.0373,0.091854,-0.046027,0.033163,8.8534
2.9531,2.0373,0.091855,-0.046089,0.033278,8.8496
2.9532,2.0373,0.091857,-0.046148,0.033393,8.8381
2.9532,2.0373,0.091859,-0.046207,0.033504,8.8464
2.9533,2.0373,0.091861,-0.046268,0.033606,8.8444
2.9533,2.0373,0.091862,-0.046334,0.033712,8.8261
2.9534,2.0373,0.091864,-0.046406,0.033814,8.8254
2.9534,2.0373,0.091866,-0.046478,0.033916,8.8262
2.9535,2.0373,0.091868,-0.046549,0.034028,8.8122
2.9535,2.0373,0.091869,-0.046618,0.034144,8.8175
2.9536,2.0373,0.091871,-0.046688,0.034273,8.8293
2.9536,2.0373,0.091873,-0.046757,0.034372,8.8207
2.9537,2.0373,0.091875,-0.046825,0.034446,8.8149
2.9537,2.0373,0.091877,-0.046893,0.034506,8.8311
2.9538,2.0373,0.091879,-0.04696,0.034553,8.8235
2.9538,2.0373,0.09188,-0.047029,0.034604,8.8148
2.9539,2.0373,0.091882,-0.047094,0.034673,8.8255
2.9539,2.0373,0.091884,-0.047155,0.034766,8.817
2.954,2.0373,0.091886,-0.047214,0.034888,8.8113
2.9541,2.0373,0.091888,-0.047272,0.035002,8.8239
2.9541,2.0373,0.09189,-0.047329,0.035117,8.8275
2.9542,2.0373,0.091891,-0.047387,0.035221,8.8221
2.9542,2.0373,0.091893,-0.047447,0.035317,8.8307
2.9543,2.0373,0.091895,-0.04751,0.035388,8.8356
2.9543,2.0372,0.091897,-0.04757,0.035493,8.8257
2.9544,2.0372,0.091899,-0.047629,0.035589,8.8212
2.9544,2.0372,0.091901,-0.047687,0.035677,8.8245
2.9545,2.0372,0.091903,-0.047745,0.03576,8.8215
2.9545,2.0372,0.091904,-0.047807,0.035835,8.8196
2.9546,2.0372,0.091906,-0.047859,0.035896,8.8283
2.9546,2.0372,0.091908,-0.047905,0.035951,8.8271
2.9547,2.0372,0.09191,-0.047952,0.03599,8.8242
2.9547,2.0372,0.091912,-0.04799,0.036086,8.8353
2.9548,2.0372,0.091914,-0.048027,0.036144,8.8325
2.9548,2.0372,0.091916,-0.048061,0.036186,8.8212
2.9549,2.0372,0.091918,-0.048086,0.036217,8.8283
2.9549,2.0372,0.09192,-0.048111,0.036244,8.8307
2.955,2.0372,0.091922,-0.048131,0.036285,8.8169
2.9551,2.0372,0.091924,-0.048162,0.036309,8.8188
2.9551,2.0372,0.091925,-0.048204,0.036341,8.829
2.9552,2.0372,0.091927,-0.048238,0.036365,8.8248
2.9552,2.0372,0.091929,-0.048275,0.036355,8.8303
2.9553,2.0372,0.091931,-0.048307,0.036338,8.8416
2.9553,2.0372,0.091933,-0.048326,0.036344,8.8301
2.9554,2.0372,0.091935,-0.048347,0.036361,8.823
2.9554,2.0372,0.091937,-0.048376,0.036371,8.833
2.9555,2.0372,0.091939,-0.048422,0.036371,8.8373
2.9555,2.0372,0.091941,-0.048475,0.036358,8.8261
2.9556,2.0372,0.091943,-0.048531,0.03633,8.8348
2.9556,2.0372,0.091945,-0.048589,0.036297,8.8336
2.9557,2.0372,0.091946,-0.048643,0.03625,8.8361
2.9557,2.0372,0.091948,-0.048692,0.036222,8.8415
2.9558,2.0372,0.09195,-0.048729,0.036202,8.849
2.9558,2.0372,0.091952,-0.048743,0.036201,8.8375
2.9559,2.0372,0.091954,-0.048739,0.036218,8.8404
2.9559,2.0372,0.091956,-0.048729,0.03622,8.8463
2.956,2.0372,0.091958,-0.048723,0.036293,8.838
2.9561,2.0372,0.09196,-0.048727,0.036382,8.833
2.9561,2.0372,0.091962,-0.048746,0.036446,8.8467
2.9562,2.0372,0.091964,-0.048783,0.03649,8.8502
2.9562,2.0372,0.091966,-0.048826,0.036495,8.8509
2.9563,2.0372,0.091967,-0.048864,0.036493,8.8604
2.9563,2.0372,0.091969,-0.048898,0.036474,8.8616
2.9564,2.0371,0.091971,-0.048929,0.036443,8.8568
2.9564,2.0371,0.091973,-0.048959,0.036469,8.8619
2.9565,2.0371,0.091975,-0.048988,0.03651,8.865
2.9565,2.0371,0.091977,-0.049014,0.036612,8.8493
2.9566,2.0371,0.091979,-0.049039,0.036719,8.8586
2.9566,2.0371,0.091981,-0.049061,0.036814,8.8664
2.9567,2.0371,0.091983,-0.049082,0.036917,8.8587
2.9567,2.0371,0.091985,-0.049103,0.037033,8.8671
2.9568,2.0371,0.091987,-0.049119,0.03713,8.88
2.9568,2.0371,0.091989,-0.04913,0.03722,8.8695
2.9569,2.0371,0.091991,-0.049137,0.037301,8.8681
2.9569,2.0371,0.091993,-0.049141,0.037402,8.879
2.957,2.0371,0.091995,-0.049143,0.037509,8.8764
2.9571,2.0371,0.091997,-0.049145,0.037629,8.8679
2.9571,2.0371,0.091999,-0.049147,0.037739,8.878
2.9572,2.0371,0.092001,-0.049158,0.037871,8.8862
2.9572,2.0371,0.092003,-0.049153,0.038012,8.8746
2.9573,2.0371,0.092005,-0.049141,0.03815,8.8808
2.9573,2.0371,0.092007,-0.04912,0.038272,8.8844
2.9574,2.0371,0.092009,-0.049087,0.038366,8.877
2.9574,2.0371,0.092011,-0.049033,0.038462,8.8854
2.9575,2.0371,0.092013,-0.048971,0.038539,8.8865
2.9575,2.0371,0.092015,-0.048912,0.038589,8.8741
2.9576,2.0371,0.092017,-0.048869,0.03865,8.8727
2.9576,2.0371,0.092019,-0.048828,0.038708,8.8863
2.9577,2.0371,0.092021,-0.048797,0.038762,8.8834
2.9577,2.0371,0.092023,-0.048784,0.038814,8.8781
2.9578,2.0371,0.092025,-0.048769,0.038862,8.8956
2.9578,2.0371,0.092027,-0.048734,0.038922,8.8971
2.9579,2.0371,0.092029,-0.048697,0.038954,8.8859
2.9579,2.0371,0.092031,-0.048651,0.038968,8.8966
2.958,2.0371,0.092033,-0.048608,0.038955,8.8977
2.9581,2.0371,0.092035,-0.048557,0.038961,8.8913
2.9581,2.0371,0.092037,-0.048508,0.038987,8.8938
2.9582,2.0371,0.092039,-0.048472,0.039034,8.9013
2.9582,2.0371,0.092041,-0.048423,0.039102,8.8932
2.9583,2.0371,0.092043,-0.048372,0.039188,8.901
2.9583,2.0371,0.092046,-0.048327,0.039249,8.9124
2.9584,2.0371,0.092048,-0.048281,0.03929,8.9075
2.9584,2.037,0.09205,-0.048254,0.03929,8.8966
2.9585,2.037,0.092052,-0.048225,0.039324,8.8968
2.9585,2.037,0.092054,-0.048208,0.039374,8.9005
2.9586,2.037,0.092056,-0.048196,0.039433,8.888
2.9586,2.037,0.092058,-0.048181,0.039491,8.8879
2.9587,2.037,0.09206,-0.048169,0.039547,8.8867
2.9587,2.037,0.092062,-0.048156,0.039598,8.8773
2.9588,2.037,0.092064,-0.048144,0.039637,8.8832
2.9588,2.037,0.092066,-0.048137,0.039673,8.8934
2.9589,2.037,0.092068,-0.048122,0.039707,8.8831
2.9589,2.037,0.09207,-0.048108,0.039725,8.8848
2.959,2.037,0.092073,-0.048095,0.039734,8.8848
2.9591,2.037,0.092075,-0.048084,0.039731,8.8837
2.9591,2.037,0.092077,-0.048082,0.03973,8.8775
2.9592,2.037,0.092079,-0.048086,0.039736,8.8876
2.9592,2.037,0.092081,-0.048092,0.039753,8.8853
2.9593,2.037,0.092083,-0.048101,0.039789,8.8806
2.9593,2.037,0.092085,-0.048115,0.039807,8.8931
2.9594,2.037,0.092087,-0.048132,0.039816,8.8935
2.9594,2.037,0.092089,-0.048151,0.039821,8.8846
2.9595,2.037,0.092091,-0.048179,0.039804,8.8922
2.9595,2.037,0.092093,-0.048212,0.039796,8.8947
2.9596,2.037,0.092096,-0.048246,0.039812,8.8792
2.9596,2.037,0.092098,-0.048281,0.039865,8.8768
2.9597,2.037,0.0921,-0.048314,0.039958,8.8837
2.9597,2.037,0.092102,-0.048349,0.040092,8.8787
2.9598,2.037,0.092104,-0.048385,0.040257,8.8807
2.9598,2.037,0.092106,-0.048418,0.040453,8.8906
2.9599,2.037,0.092108,-0.048454,0.040631,8.8818
2.9599,2.037,0.09211,-0.048483,0.040787,8.8711
2.96,2.037,0.092113,-0.048518,0.04091,8.8771
2.9601,2.037,0.092115,-0.048559,0.040992,8.8693
2.9601,2.037,0.092117,-0.048599,0.041042,8.8616
2.9602,2.037,0.092119,-0.048642,0.041066,8.8673
2.9602,2.037,0.092121,-0.04868,0.041081,8.8649
2.9603,2.037,0.092123,-0.048716,0.041108,8.8566
2.9603,2.037,0.092126,-0.04875,0.041136,8.8583
2.9604,2.037,0.092128,-0.048783,0.041157,8.8754
2.9604,2.037,0.09213,-0.048823,0.041165,8.8646
2.9605,2.0369,0.092132,-0.048866,0.04116,8.8682
2.9605,2.0369,0.092134,-0.048915,0.041139,8.8758
2.9606,2.0369,0.092136,-0.048968,0.041141,8.8635
2.9606,2.0369,0.092139,-0.049022,0.041162,8.8645
2.9607,2.0369,0.092141,-0.049081,0.041198,8.8754
2.9607,2.0369,0.092143,-0.049142,0.041246,8.8694
2.9608,2.0369,0.092145,-0.049209,0.041292,8.8723
2.9608,2.0369,0.092147,-0.049275,0.041324,8.8803
2.9609,2.0369,0.092149,-0.049345,0.041338,8.8796
2.9609,2.0369,0.092152,-0.049416,0.041324,8.8726
2.961,2.0369,0.092154,-0.04949,0.041319,8.8786
2.9611,2.0369,0.092156,-0.049567,0.041314,8.8762
2.9611,2.0369,0.092158,-0.049642,0.041311,8.8648
2.9612,2.0369,0.09216,-0.049716,0.041317,8.8632
2.9612,2.0369,0.092162,-0.049787,0.041325,8.8675
2.9613,2.0369,0.092165,-0.049854,0.041336,8.8663
2.9613,2.0369,0.092167,-0.049916,0.041349,8.8735
2.9614,2.0369,0.092169,-0.049976,0.041362,8.8823
2.9614,2.0369,0.092171,-0.050037,0.04136,8.8724
2.9615,2.0369,0.092173,-0.050101,0.041378,8.8698
2.9615,2.0369,0.092176,-0.050164,0.041413,8.8753
2.9616,2.0369,0.092178,-0.050228,0.041447,8.8785
2.9616,2.0369,0.09218,-0.050293,0.041523,8.8695
2.9617,2.0369,0.092182,-0.050358,0.041586,8.8793
2.9617,2.0369,0.092184,-0.050422,0.041647,8.8833
2.9618,2.0369,0.092186,-0.050486,0.041648,8.8774
2.9618,2.0369,0.092189,-0.050552,0.041626,8.8899
2.9619,2.0369,0.092191,-0.050619,0.041613,8.9035
2.9619,2.0369,0.092193,-0.050685,0.041586,8.9048
2.962,2.0369,0.092195,-0.050754,0.041569,8.9077
2.9621,2.0369,0.092197,-0.050823,0.041646,8.9155
2.9621,2.0369,0.0922,-0.050891,0.041738,8.9132
2.9622,2.0369,0.092202,-0.05096,0.04185,8.9106
2.9622,2.0369,0.092204,-0.051035,0.04191,8.9327
2.9623,2.0369,0.092206,-0.051115,0.041996,8.9257
2.9623,2.0369,0.092208,-0.051196,0.042075,8.9234
2.9624,2.0369,0.092211,-0.05128,0.042125,8.9333
2.9624,2.0369,0.092213,-0.051364,0.042173,8.9311
2.9625,2.0368,0.092215,-0.051445,0.042236,8.9204
2.9625,2.0368,0.092217,-0.05152,0.042286,8.9257
2.9626,2.0368,0.09222,-0.051592,0.042319,8.9239
2.9626,2.0368,0.092222,-0.051664,0.042326,8.9156
2.9627,2.0368,0.092224,-0.051733,0.042346,8.912
2.9627,2.0368,0.092226,-0.051799,0.042364,8.9171
2.9628,2.0368,0.092228,-0.051866,0.042381,8.907
2.9628,2.0368,0.092231,-0.051934,0.042397,8.906
2.9629,2.0368,0.092233,-0.051999,0.042412,8.9187
2.9629,2.0368,0.092235,-0.052067,0.042427,8.9112
2.963,2.0368,0.092237,-0.05214,0.042436,8.8998
2.9631,2.0368,0.09224,-0.052217,0.04244,8.9125
2.9631,2.0368,0.092242,-0.052296,0.042439,8.9099
2.9632,2.0368,0.092244,-0.052375,0.042436,8.8993
2.9632,2.0368,0.092246,-0.052452,0.04243,8.908
2.9633,2.0368,0.092249,-0.052525,0.042424,8.9128
2.9633,2.0368,0.092251,-0.052592,0.042424,8.9058
2.9634,2.0368,0.092253,-0.052656,0.042424,8.9116
2.9634,2.0368,0.092255,-0.052718,0.042401,8.9181
2.9635,2.0368,0.092257,-0.052775,0.042366,8.9075
2.9635,2.0368,0.09226,-0.052823,0.042308,8.9122
2.9636,2.0368,0.092262,-0.052863,0.042275,8.9189
2.9636,2.0368,0.092264,-0.052898,0.042261,8.9079
2.9637,2.0368,0.092266,-0.052932,0.042259,8.9108
2.9637,2.0368,0.092269,-0.052965,0.042275,8.9116
2.9638,2.0368,0.092271,-0.053003,0.042287,8.9016
2.9638,2.0368,0.092273,-0.053053,0.04228,8.8923
2.9639,2.0368,0.092275,-0.053111,0.042249,8.904
2.9639,2.0368,0.092278,-0.053175,0.042184,8.9041
2.964,2.0368,0.09228,-0.053249,0.042119,8.8835
2.9641,2.0368,0.092282,-0.053327,0.042042,8.8915
2.9641,2.0368,0.092284,-0.053404,0.041959,8.8857
2.9642,2.0368,0.092286,-0.053473,0.041873,8.8755
2.9642,2.0368,0.092289,-0.053535,0.041791,8.8745
2.9643,2.0368,0.092291,-0.053598,0.041696,8.8699
2.9643,2.0368,0.092293,-0.053654,0.041625,8.8536
2.9644,2.0367,0.092295,-0.053709,0.041571,8.8502
2.9644,2.0367,0.092297,-0.053764,0.041525,8.8545
2.9645,2.0367,0.0923,-0.053812,0.041488,8.8467
2.9645,2.0367,0.092302,-0.053869,0.041452,8.8448
2.9646,2.0367,0.092304,-0.053935,0.041409,8.8572
2.9646,2.0367,0.092306,-0.053999,0.041362,8.8537
2.9647,2.0367,0.092308,-0.054081,0.041275,8.8434
2.9647,2.0367,0.09231,-0.054161,0.041228,8.8455
2.9648,2.0367,0.092313,-0.05424,0.041205,8.8484
2.9648,2.0367,0.092315,-0.054325,0.041194,8.8418
2.9649,2.0367,0.092317,-0.054405,0.041183,8.854
2.9649,2.0367,0.092319,-0.054488,0.041145,8.8556
2.965,2.0367,0.092321,-0.054555,0.041116,8.8559
2.9651,2.0367,0.092323,-0.054606,0.041071,8.8604
2.9651,2.0367,0.092326,-0.054663,0.041029,8.8656
2.9652,2.0367,0.092328,-0.054712,0.041021,8.8595
2.9652,2.0367,0.09233,-0.054762,0.041027,8.85
2.9653,2.0367,0.092332,-0.054822,0.041014,8.8594
2.9653,2.0367,0.092334,-0.054883,0.040992,8.8505
2.9654,2.0367,0.092336,-0.054941,0.040979,8.8453
2.9654,2.0367,0.092338,-0.054986,0.040977,8.8542
2.9655,2.0367,0.092341,-0.055028,0.040992,8.8533
2.9655,2.0367,0.092343,-0.055074,0.041028,8.8462
2.9656,2.0367,0.092345,-0.055125,0.041074,8.8513
2.9656,2.0367,0.092347,-0.055169,0.041142,8.8437
2.9657,2.0367,0.092349,-0.055206,0.041184,8.8322
2.9657,2.0367,0.092351,-0.055243,0.041247,8.8361
2.9658,2.0367,0.092354,-0.055289,0.041315,8.8347
2.9658,2.0367,0.092356,-0.055337,0.041384,8.826
2.9659,2.0367,0.092358,-0.055384,0.041466,8.8282
2.9659,2.0367,0.09236,-0.055419,0.041504,8.8423
2.966,2.0367,0.092362,-0.055437,0.041537,8.8383
2.9661,2.0367,0.092365,-0.055436,0.041593,8.8303
2.9661,2.0367,0.092367,-0.05542,0.041655,8.8484
2.9662,2.0367,0.092369,-0.055402,0.041774,8.8397
2.9662,2.0366,0.092371,-0.055395,0.041903,8.8322
2.9663,2.0366,0.092373,-0.055397,0.042038,8.8381
2.9663,2.0366,0.092376,-0.055405,0.042176,8.8469
2.9664,2.0366,0.092378,-0.05541,0.042282,8.8422
2.9664,2.0366,0.09238,-0.05541,0.042365,8.8462
2.9665,2.0366,0.092382,-0.055409,0.042413,8.86
2.9665,2.0366,0.092385,-0.055407,0.042473,8.8555
2.9666,2.0366,0.092387,-0.055406,0.042556,8.8539
2.9666,2.0366,0.092389,-0.055401,0.042635,8.8617
2.9667,2.0366,0.092391,-0.055389,0.042696,8.8578
2.9667,2.0366,0.092393,-0.055367,0.042769,8.8445
2.9668,2.0366,0.092396,-0.055338,0.042833,8.8514
2.9668,2.0366,0.092398,-0.055308,0.042882,8.847
2.9669,2.0366,0.0924,-0.055274,0.042918,8.8363
2.9669,2.0366,0.092403,-0.055241,0.042946,8.8424
2.967,2.0366,0.092405,-0.055212,0.042965,8.8401
2.9671,2.0366,0.092407,-0.055187,0.042973,8.8331
2.9671,2.0366,0.092409,-0.055157,0.042982,8.8361
2.9672,2.0366,0.092412,-0.055135,0.042995,8.8395
2.9672,2.0366,0.092414,-0.055113,0.043014,8.8303
2.9673,2.0366,0.092416,-0.055104,0.04304,8.8261
2.9673,2.0366,0.092418,-0.055105,0.043086,8.8262
2.9674,2.0366,0.092421,-0.055125,0.043116,8.8155
2.9674,2.0366,0.092423,-0.055148,0.043147,8.8244
2.9675,2.0366,0.092425,-0.055167,0.043173,8.8363
2.9675,2.0366,0.092427,-0.055162,0.043198,8.8319
2.9676,2.0366,0.09243,-0.05515,0.043223,8.8319
2.9676,2.0366,0.092432,-0.055118,0.043249,8.8484
2.9677,2.0366,0.092434,-0.055074,0.043277,8.8396
2.9677,2.0366,0.092437,-0.055029,0.043316,8.8346
2.9678,2.0366,0.092439,-0.054993,0.043345,8.8473
2.9678,2.0366,0.092441,-0.054964,0.043402,8.847
2.9679,2.0366,0.092443,-0.054945,0.043477,8.8445
2.9679,2.0366,0.092446,-0.054927,0.043558,8.8477
2.968,2.0366,0.092448,-0.054917,0.043644,8.8572
2.9681,2.0365,0.09245,-0.054917,0.043728,8.8515
2.9681,2.0365,0.092453,-0.054915,0.043801,8.8587
2.9682,2.0365,0.092455,-0.054921,0.043851,8.8658
2.9682,2.0365,0.092457,-0.054929,0.043868,8.8542
2.9683,2.0365,0.09246,-0.054947,0.04389,8.8464
2.9683,2.0365,0.092462,-0.05497,0.043904,8.8569
2.9684,2.0365,0.092464,-0.054992,0.043913,8.8504
2.9684,2.0365,0.092466,-0.055008,0.04392,8.8447
2.9685,2.0365,0.092469,-0.055029,0.04393,8.8493
2.9685,2.0365,0.092471,-0.055042,0.04394,8.8488
2.9686,2.0365,0.092473,-0.055055,0.04395,8.8383
2.9686,2.0365,0.092476,-0.055067,0.043959,8.8508
2.9687,2.0365,0.092478,-0.055086,0.043968,8.8585
2.9687,2.0365,0.09248,-0.055112,0.043977,8.8421
2.9688,2.0365,0.092483,-0.055142,0.043971,8.8513
2.9688,2.0365,0.092485,-0.055168,0.043988,8.8467
2.9689,2.0365,0.092487,-0.055193,0.044023,8.841
2.9689,2.0365,0.09249,-0.0552,0.04407,8.8422
2.969,2.0365,0.092492,-0.055198,0.044122,8.8582
2.9691,2.0365,0.092494,-0.055197,0.044173,8.8564
2.9691,2.0365,0.092497,-0.055202,0.044216,8.8611
2.9692,2.0365,0.092499,-0.055216,0.044243,8.8763
2.9692,2.0365,0.092501,-0.055237,0.044245,8.8762
2.9693,2.0365,0.092504,-0.05526,0.044262,8.8745
2.9693,2.0365,0.092506,-0.055286,0.044278,8.8832
2.9694,2.0365,0.092508,-0.055307,0.044294,8.8816
2.9694,2.0365,0.092511,-0.055329,0.044309,8.8657
2.9695,2.0365,0.092513,-0.055352,0.044324,8.8711
2.9695,2.0365,0.092515,-0.055377,0.044339,8.8754
2.9696,2.0365,0.092518,-0.055401,0.044354,8.8632
2.9696,2.0365,0.09252,-0.055424,0.044369,8.8676
2.9697,2.0365,0.092522,-0.055438,0.044384,8.8718
2.9697,2.0365,0.092525,-0.055443,0.044399,8.8564
2.9698,2.0365,0.092527,-0.055443,0.044415,8.8508
2.9698,2.0364,0.092529,-0.055431,0.044431,8.8476
2.9699,2.0364,0.092532,-0.05541,0.044447,8.8372
2.9699,2.0364,0.092534,-0.055378,0.044463,8.825
2.97,2.0364,0.092536,-0.055342,0.04448,8.8341
2.9701,2.0364,0.092539,-0.055303,0.044497,8.8267
2.9701,2.0364,0.092541,-0.05526,0.044514,8.8175
2.9702,2.0364,0.092543,-0.05522,0.044531,8.8221
2.9702,2.0364,0.092546,-0.055188,0.044548,8.8258
2.9703,2.0364,0.092548,-0.055155,0.044563,8.8089
2.9703,2.0364,0.09255,-0.05513,0.04458,8.8158
2.9704,2.0364,0.092553,-0.055107,0.044606,8.817
2.9704,2.0364,0.092555,-0.055087,0.044638,8.8098
2.9705,2.0364,0.092557,-0.055067,0.044673,8.8102
2.9705,2.0364,0.09256,-0.055047,0.04471,8.8208
2.9706,2.0364,0.092562,-0.055028,0.044745,8.818
2.9706,2.0364,0.092564,-0.05501,0.044776,8.8183
2.9707,2.0364,0.092567,-0.054992,0.044799,8.8249
2.9707,2.0364,0.092569,-0.054977,0.044821,8.8228
2.9708,2.0364,0.092572,-0.054958,0.044845,8.821
2.9708,2.0364,0.092574,-0.054933,0.044871,8.8307
2.9709,2.0364,0.092576,-0.054905,0.044896,8.831
2.9709,2.0364,0.092579,-0.054877,0.044922,8.8188
2.971,2.0364,0.092581,-0.054856,0.044948,8.8308
2.9711,2.0364,0.092583,-0.054841,0.044974,8.835
2.9711,2.0364,0.092586,-0.054832,0.045,8.8184
2.9712,2.0364,0.092588,-0.054828,0.045025,8.8233
2.9712,2.0364,0.09259,-0.054826,0.045051,8.8288
2.9713,2.0364,0.092593,-0.054818,0.045077,8.8175
2.9713,2.0364,0.092595,-0.054807,0.045103,8.8103
2.9714,2.0364,0.092598,-0.054792,0.045128,8.8105
2.9714,2.0364,0.0926,-0.054777,0.045155,8.8028
2.9715,2.0364,0.092602,-0.054758,0.045181,8.7951
2.9715,2.0364,0.092605,-0.054745,0.045207,8.8103
2.9716,2.0364,0.092607,-0.054727,0.045233,8.8021
2.9716,2.0364,0.092609,-0.054707,0.04526,8.7987
2.9717,2.0363,0.092612,-0.054689,0.045287,8.801
2.9717,2.0363,0.092614,-0.054666,0.045313,8.8125
2.9718,2.0363,0.092617,-0.054644,0.045339,8.8064
2.9718,2.0363,0.092619,-0.054633,0.045366,8.8153
2.9719,2.0363,0.092621,-0.054631,0.045391,8.8211
2.9719,2.0363,0.092624,-0.054644,0.045417,8.8165
2.972,2.0363,0.092626,-0.054656,0.045442,8.8163
2.9721,2.0363,0.092629,-0.054677,0.045467,8.8277
2.9721,2.0363,0.092631,-0.054705,0.045492,8.8254
2.9722,2.0363,0.092633,-0.054731,0.045516,8.8277
2.9722,2.0363,0.092636,-0.05476,0.045541,8.8459
2.9723,2.0363,0.092638,-0.054794,0.045565,8.8466
2.9723,2.0363,0.092641,-0.054826,0.045589,8.8372
2.9724,2.0363,0.092643,-0.054855,0.045613,8.8494
2.9724,2.0363,0.092645,-0.054884,0.045637,8.8447
2.9725,2.0363,0.092648,-0.054898,0.045661,8.834
2.9725,2.0363,0.09265,-0.054902,0.045685,8.8399
2.9726,2.0363,0.092653,-0.0549,0.045709,8.8436
2.9726,2.0363,0.092655,-0.054897,0.045733,8.838
2.9727,2.0363,0.092657,-0.054897,0.045756,8.8419
2.9727,2.0363,0.09266,-0.054908,0.045778,8.8412
2.9728,2.0363,0.092662,-0.054928,0.0458,8.8391
2.9728,2.0363,0.092665,-0.054959,0.045821,8.8394
2.9729,2.0363,0.092667,-0.054986,0.045841,8.8426
2.9729,2.0363,0.092669,-0.055013,0.045862,8.8331
2.973,2.0363,0.092672,-0.05504,0.045881,8.8272
2.9731,2.0363,0.092674,-0.055063,0.0459,8.8415
2.9731,2.0363,0.092677,-0.055091,0.045919,8.8427
2.9732,2.0363,0.092679,-0.055123,0.045937,8.8431
2.9732,2.0363,0.092682,-0.055151,0.045955,8.8582
2.9733,2.0363,0.092684,-0.055172,0.045969,8.863
2.9733,2.0363,0.092686,-0.055188,0.045985,8.8587
2.9734,2.0363,0.092689,-0.0552,0.046009,8.8709
2.9734,2.0363,0.092691,-0.055211,0.04604,8.8712
2.9735,2.0362,0.092694,-0.055229,0.046073,8.8672
2.9735,2.0362,0.092696,-0.055264,0.046104,8.8663
2.9736,2.0362,0.092699,-0.055309,0.046134,8.8735
2.9736,2.0362,0.092701,-0.055362,0.046167,8.8733
2.9737,2.0362,0.092703,-0.05542,0.046198,8.8792
2.9737,2.0362,0.092706,-0.055473,0.04623,8.8851
2.9738,2.0362,0.092708,-0.055508,0.046263,8.8827
2.9738,2.0362,0.092711,-0.055539,0.046295,8.8742
2.9739,2.0362,0.092713,-0.05557,0.046327,8.889
2.9739,2.0362,0.092716,-0.055588,0.046359,8.8785
2.974,2.0362,0.092718,-0.05561,0.046397,8.869
2.9741,2.0362,0.09272,-0.055645,0.046446,8.8723
2.9741,2.0362,0.092723,-0.055699,0.046502,8.878
2.9742,2.0362,0.092725,-0.05577,0.046561,8.8673
2.9742,2.0362,0.092728,-0.055846,0.046618,8.868
2.9743,2.0362,0.09273,-0.055942,0.046677,8.8801
2.9743,2.0362,0.092733,-0.056046,0.046738,8.8686
2.9744,2.0362,0.092735,-0.056143,0.046799,8.8687
2.9744,2.0362,0.092738,-0.05624,0.046862,8.8735
2.9745,2.0362,0.09274,-0.056332,0.04693,8.8677
2.9745,2.0362,0.092743,-0.056418,0.046997,8.8657
2.9746,2.0362,0.092745,-0.056501,0.047074,8.8765
2.9746,2.0362,0.092748,-0.056572,0.047121,8.8739
2.9747,2.0362,0.09275,-0.056642,0.047143,8.8766
2.9747,2.0362,0.092753,-0.056713,0.047147,8.8884
2.9748,2.0362,0.092755,-0.056784,0.047145,8.8981
2.9748,2.0362,0.092757,-0.056856,0.047152,8.8914
2.9749,2.0362,0.09276,-0.056933,0.047179,8.9001
2.9749,2.0362,0.092762,-0.057009,0.047233,8.899
2.975,2.0362,0.092765,-0.057084,0.047317,8.8911
2.9751,2.0362,0.092767,-0.05715,0.047406,8.8853
2.9751,2.0362,0.09277,-0.057217,0.047487,8.8982
2.9752,2.0362,0.092772,-0.057288,0.047539,8.8857
2.9752,2.0362,0.092775,-0.057358,0.047556,8.8876
2.9753,2.0361,0.092777,-0.057429,0.047523,8.8926
2.9753,2.0361,0.09278,-0.057501,0.04747,8.884
2.9754,2.0361,0.092782,-0.057575,0.047424,8.8785
2.9754,2.0361,0.092785,-0.057646,0.047412,8.8835
2.9755,2.0361,0.092787,-0.057709,0.047459,8.8741
2.9755,2.0361,0.09279,-0.057766,0.047545,8.8569
2.9756,2.0361,0.092792,-0.057825,0.047671,8.8624
2.9756,2.0361,0.092795,-0.057879,0.047796,8.8649
2.9757,2.0361,0.092797,-0.057933,0.04788,8.8504
2.9757,2.0361,0.0928,-0.057988,0.047929,8.8571
2.9758,2.0361,0.092803,-0.058048,0.047928,8.8674
2.9758,2.0361,0.092805,-0.058114,0.047919,8.8506
2.9759,2.0361,0.092808,-0.058187,0.047893,8.8524
2.9759,2.0361,0.09281,-0.058268,0.047884,8.8631
2.976,2.0361,0.092813,-0.058359,0.047924,8.8529
2.9761,2.0361,0.092815,-0.05845,0.048001,8.8544
2.9761,2.0361,0.092818,-0.058539,0.048109,8.8637
2.9762,2.0361,0.09282,-0.058625,0.048237,8.8628
2.9762,2.0361,0.092823,-0.058703,0.048368,8.8589
2.9763,2.0361,0.092825,-0.058775,0.048535,8.8731
2.9763,2.0361,0.092828,-0.058845,0.048662,8.8765
2.9764,2.0361,0.09283,-0.05891,0.048773,8.8684
2.9764,2.0361,0.092833,-0.058971,0.048873,8.874
2.9765,2.0361,0.092836,-0.059029,0.048971,8.8773
2.9765,2.0361,0.092838,-0.059081,0.049087,8.8681
2.9766,2.0361,0.092841,-0.059132,0.049203,8.8686
2.9766,2.0361,0.092843,-0.059191,0.049296,8.8728
2.9767,2.0361,0.092846,-0.059253,0.0494,8.8581
2.9767,2.0361,0.092849,-0.05932,0.049468,8.8626
2.9768,2.0361,0.092851,-0.059383,0.049512,8.8659
2.9768,2.0361,0.092854,-0.059453,0.04954,8.8678
2.9769,2.0361,0.092856,-0.059523,0.049558,8.8575
2.9769,2.036,0.092859,-0.059588,0.049578,8.8624
2.977,2.036,0.092862,-0.059652,0.049582,8.8553
2.9771,2.036,0.092864,-0.059718,0.049562,8.851
2.9771,2.036,0.092867,-0.059781,0.049558,8.8551
2.9772,2.036,0.092869,-0.059843,0.04956,8.8629
2.9772,2.036,0.092872,-0.059898,0.049575,8.8472
2.9773,2.036,0.092875,-0.05995,0.0496,8.858
2.9773,2.036,0.092877,-0.059992,0.049631,8.8628
2.9774,2.036,0.09288,-0.06003,0.049666,8.8536
2.9774,2.036,0.092882,-0.060064,0.04971,8.8535
2.9775,2.036,0.092885,-0.060099,0.049761,8.8639
2.9775,2.036,0.092888,-0.060144,0.049817,8.8715
2.9776,2.036,0.09289,-0.0602,0.049875,8.8633
2.9776,2.036,0.092893,-0.060257,0.049936,8.8698
2.9777,2.036,0.092896,-0.06032,0.04999,8.8703
2.9777,2.036,0.092898,-0.060376,0.05004,8.8662
2.9778,2.036,0.092901,-0.060428,0.050088,8.8813
2.9778,2.036,0.092904,-0.060473,0.050138,8.8803
2.9779,2.036,0.092906,-0.060522,0.050193,8.8708
2.9779,2.036,0.092909,-0.060583,0.050252,8.8768
2.978,2.036,0.092911,-0.060646,0.05031,8.8782
2.9781,2.036,0.092914,-0.060713,0.050374,8.8619
2.9781,2.036,0.092917,-0.060774,0.050445,8.8648
2.9782,2.036,0.092919,-0.060818,0.050527,8.8687
2.9782,2.036,0.092922,-0.060846,0.050621,8.8542
2.9783,2.036,0.092925,-0.060863,0.050725,8.8617
2.9783,2.036,0.092927,-0.06088,0.050838,8.8725
2.9784,2.036,0.09293,-0.0609,0.050957,8.8766
2.9784,2.036,0.092933,-0.060918,0.051077,8.8691
2.9785,2.036,0.092935,-0.060946,0.0512,8.8819
2.9785,2.036,0.092938,-0.060971,0.051326,8.8781
2.9786,2.036,0.092941,-0.060995,0.051456,8.8748
2.9786,2.0359,0.092944,-0.061012,0.05159,8.8778
2.9787,2.0359,0.092946,-0.061021,0.051727,8.8839
2.9787,2.0359,0.092949,-0.061021,0.051867,8.8658
2.9788,2.0359,0.092952,-0.061019,0.05201,8.8771
2.9788,2.0359,0.092955,-0.061008,0.052156,8.8887
2.9789,2.0359,0.092957,-0.061009,0.052304,8.8847
2.9789,2.0359,0.09296,-0.061012,0.052455,8.8961
2.979,2.0359,0.092963,-0.061013,0.052609,8.9105
2.9791,2.0359,0.092966,-0.061005,0.052766,8.9016
2.9791,2.0359,0.092968,-0.060991,0.052925,8.9056
2.9792,2.0359,0.092971,-0.060968,0.053087,8.9125
2.9792,2.0359,0.092974,-0.060941,0.053252,8.9112
2.9793,2.0359,0.092977,-0.060911,0.05342,8.9028
2.9793,2.0359,0.09298,-0.060881,0.053591,8.9099
2.9794,2.0359,0.092982,-0.060841,0.053765,8.9161
2.9794,2.0359,0.092985,-0.06079,0.053942,8.9021
2.9795,2.0359,0.092988,-0.060733,0.054122,8.9132
2.9795,2.0359,0.092991,-0.060674,0.054304,8.9101
2.9796,2.0359,0.092994,-0.060619,0.054489,8.8892
2.9796,2.0359,0.092997,-0.060575,0.054677,8.8861
2.9797,2.0359,0.093,-0.060539,0.054867,8.892
2.9797,2.0359,0.093003,-0.060502,0.05506,8.8735
2.9798,2.0359,0.093005,-0.060469,0.055255,8.8742
2.9798,2.0359,0.093008,-0.060447,0.055453,8.8892
2.9799,2.0359,0.093011,-0.060431,0.055653,8.8806
2.9799,2.0359,0.093014,-0.060424,0.055855,8.8765
2.98,2.0359,0.093017,-0.060428,0.05606,8.8841
2.9801,2.0359,0.09302,-0.060448,0.056267,8.878
2.9801,2.0359,0.093023,-0.060465,0.056475,8.8788
2.9802,2.0359,0.093026,-0.06048,0.056686,8.8863
2.9802,2.0359,0.093029,-0.060499,0.056898,8.882
2.9803,2.0358,0.093032,-0.060508,0.057112,8.8685
2.9803,2.0358,0.093035,-0.060506,0.057328,8.8824
2.9804,2.0358,0.093038,-0.060495,0.057545,8.8939
2.9804,2.0358,0.093041,-0.060482,0.057764,8.8923
2.9805,2.0358,0.093044,-0.060466,0.057985,8.8934
2.9805,2.0358,0.093047,-0.060441,0.058207,8.9069
2.9806,2.0358,0.09305,-0.060425,0.058431,8.8944
2.9806,2.0358,0.093053,-0.060415,0.058655,8.8986
2.9807,2.0358,0.093057,-0.060407,0.058882,8.9063
2.9807,2.0358,0.09306,-0.060403,0.059109,8.896
2.9808,2.0358,0.093063,-0.060414,0.059338,8.8855
2.9808,2.0358,0.093066,-0.060438,0.059568,8.8946
2.9809,2.0358,0.093069,-0.060456,0.059799,8.8921
2.9809,2.0358,0.093072,-0.060462,0.060032,8.879
2.981,2.0358,0.093075,-0.060474,0.060266,8.8831
2.9811,2.0358,0.093079,-0.060484,0.060501,8.871
2.9811,2.0358,0.093082,-0.060487,0.060738,8.8625
2.9812,2.0358,0.093085,-0.060484,0.060976,8.8517
2.9812,2.0358,0.093088,-0.060484,0.061214,8.8527
2.9813,2.0358,0.093091,-0.060487,0.061454,8.8359
2.9813,2.0358,0.093095,-0.060489,0.061695,8.8326
2.9814,2.0358,0.093098,-0.06049,0.061936,8.8398
2.9814,2.0358,0.093101,-0.060504,0.062177,8.8338
2.9815,2.0358,0.093105,-0.060518,0.062419,8.8304
2.9815,2.0358,0.093108,-0.060538,0.06266,8.8411
2.9816,2.0358,0.093111,-0.060562,0.062902,8.8328
2.9816,2.0358,0.093114,-0.060584,0.063144,8.8298
2.9817,2.0358,0.093118,-0.060614,0.063385,8.8347
2.9817,2.0358,0.093121,-0.060652,0.063627,8.838
2.9818,2.0358,0.093124,-0.060694,0.063868,8.8293
2.9818,2.0358,0.093128,-0.060728,0.064109,8.8384
2.9819,2.0358,0.093131,-0.060751,0.06435,8.8459
2.9819,2.0357,0.093135,-0.060776,0.06459,8.8439
2.982,2.0357,0.093138,-0.060798,0.06483,8.8473
2.9821,2.0357,0.093141,-0.060816,0.06507,8.8591
2.9821,2.0357,0.093145,-0.060839,0.065308,8.8483
2.9822,2.0357,0.093148,-0.060866,0.065546,8.8499
2.9822,2.0357,0.093152,-0.060897,0.065783,8.8467
2.9823,2.0357,0.093155,-0.060922,0.06602,8.8437
2.9823,2.0357,0.093159,-0.060949,0.066254,8.8358
2.9824,2.0357,0.093162,-0.060973,0.066488,8.8422
2.9824,2.0357,0.093166,-0.061012,0.06672,8.837
2.9825,2.0357,0.093169,-0.061063,0.066951,8.831
2.9825,2.0357,0.093173,-0.061125,0.06718,8.8329
2.9826,2.0357,0.093176,-0.061193,0.067407,8.8329
2.9826,2.0357,0.09318,-0.061265,0.067633,8.8176
2.9827,2.0357,0.093184,-0.061334,0.067857,8.8208
2.9827,2.0357,0.093187,-0.061386,0.068079,8.8208
2.9828,2.0357,0.093191,-0.061423,0.068299,8.8093
2.9828,2.0357,0.093194,-0.061466,0.068517,8.808
2.9829,2.0357,0.093198,-0.0615,0.068733,8.8173
2.9829,2.0357,0.093202,-0.061533,0.068947,8.8084
2.983,2.0357,0.093205,-0.061572,0.069158,8.8149
2.9831,2.0357,0.093209,-0.061614,0.069367,8.8292
2.9831,2.0357,0.093213,-0.061665,0.069574,8.8282
2.9832,2.0357,0.093216,-0.06172,0.069779,8.8247
2.9832,2.0357,0.09322,-0.061788,0.06998,8.8284
2.9833,2.0357,0.093224,-0.061869,0.070179,8.8324
2.9833,2.0357,0.093227,-0.061951,0.070374,8.8252
2.9834,2.0357,0.093231,-0.062034,0.070567,8.8318
2.9834,2.0357,0.093235,-0.062122,0.070756,8.8439
2.9835,2.0357,0.093238,-0.06221,0.070942,8.8413
2.9835,2.0357,0.093242,-0.062301,0.071124,8.8405
2.9836,2.0356,0.093246,-0.062401,0.071303,8.8579
2.9836,2.0356,0.09325,-0.062506,0.071479,8.845
2.9837,2.0356,0.093253,-0.062618,0.071651,8.8413
2.9837,2.0356,0.093257,-0.062746,0.071819,8.8435
2.9838,2.0356,0.093261,-0.062874,0.071983,8.8376
2.9838,2.0356,0.093265,-0.062997,0.072143,8.8224
2.9839,2.0356,0.093269,-0.063132,0.072298,8.8258
2.9839,2.0356,0.093272,-0.063265,0.07245,8.831
2.984,2.0356,0.093276,-0.063388,0.072597,8.8181
2.9841,2.0356,0.09328,-0.063498,0.072739,8.8289
2.9841,2.0356,0.093284,-0.063604,0.072876,8.8297
2.9842,2.0356,0.093288,-0.063715,0.073008,8.8145
2.9842,2.0356,0.093292,-0.063811,0.073135,8.8207
2.9843,2.0356,0.093295,-0.063895,0.073257,8.8225
2.9843,2.0356,0.093299,-0.063991,0.073373,8.8094
2.9844,2.0356,0.093303,-0.064088,0.073484,8.8114
2.9844,2.0356,0.093307,-0.064179,0.073588,8.8264
2.9845,2.0356,0.093311,-0.064268,0.073687,8.8212
2.9845,2.0356,0.093315,-0.064356,0.073767,8.8223
2.9846,2.0356,0.093319,-0.064445,0.073862,8.8353
2.9846,2.0356,0.093323,-0.064528,0.073963,8.8414
2.9847,2.0356,0.093327,-0.064603,0.074063,8.8305
2.9847,2.0356,0.09333,-0.064674,0.074154,8.8417
2.9848,2.0356,0.093334,-0.064737,0.074231,8.8448
2.9848,2.0356,0.093338,-0.064798,0.074287,8.8335
2.9849,2.0356,0.093342,-0.06485,0.074324,8.8419
2.9849,2.0356,0.093346,-0.064903,0.074335,8.8446
2.985,2.0356,0.09335,-0.064968,0.074345,8.837
2.9851,2.0356,0.093354,-0.065045,0.074363,8.844
2.9851,2.0355,0.093358,-0.06513,0.07441,8.8539
2.9852,2.0355,0.093362,-0.06523,0.074498,8.8452
2.9852,2.0355,0.093366,-0.065339,0.074641,8.8434
2.9853,2.0355,0.09337,-0.065437,0.074805,8.8468
2.9853,2.0355,0.093374,-0.065518,0.074967,8.8419
2.9854,2.0355,0.093378,-0.065583,0.075089,8.8266
2.9854,2.0355,0.093381,-0.065644,0.075151,8.8295
2.9855,2.0355,0.093385,-0.065708,0.075171,8.832
2.9855,2.0355,0.093389,-0.065764,0.075144,8.8225
2.9856,2.0355,0.093393,-0.065828,0.075112,8.8302
2.9856,2.0355,0.093397,-0.06588,0.075112,8.8389
2.9857,2.0355,0.093401,-0.06592,0.075143,8.8268
2.9857,2.0355,0.093405,-0.065951,0.075229,8.831
2.9858,2.0355,0.093409,-0.065971,0.075331,8.8328
2.9858,2.0355,0.093413,-0.065988,0.075467,8.8257
2.9859,2.0355,0.093417,-0.066009,0.075601,8.8262
2.9859,2.0355,0.093421,-0.066017,0.075695,8.841
2.986,2.0355,0.093425,-0.066021,0.075755,8.8397
2.9861,2.0355,0.093429,-0.066012,0.075773,8.8491
2.9861,2.0355,0.093433,-0.066006,0.07576,8.868
2.9862,2.0355,0.093437,-0.06599,0.075738,8.8693
2.9862,2.0355,0.093441,-0.065978,0.075667,8.8573
2.9863,2.0355,0.093445,-0.06597,0.07562,8.871
2.9863,2.0355,0.093449,-0.065976,0.075578,8.8673
2.9864,2.0355,0.093453,-0.06599,0.075535,8.8571
2.9864,2.0355,0.093457,-0.066014,0.075487,8.8583
2.9865,2.0355,0.093461,-0.066042,0.075407,8.8523
2.9865,2.0355,0.093465,-0.066069,0.075319,8.8337
2.9866,2.0355,0.093469,-0.066084,0.075252,8.8384
2.9866,2.0354,0.093473,-0.066098,0.075168,8.8379
2.9867,2.0354,0.093477,-0.066108,0.075117,8.8273
2.9867,2.0354,0.093481,-0.06612,0.075089,8.8168
2.9868,2.0354,0.093485,-0.066127,0.075082,8.8225
2.9868,2.0354,0.093489,-0.066137,0.075088,8.8084
2.9869,2.0354,0.093493,-0.066147,0.075086,8.7983
2.9869,2.0354,0.093496,-0.066155,0.075105,8.8065
2.987,2.0354,0.0935,-0.066157,0.075152,8.7991
2.9871,2.0354,0.093504,-0.06616,0.075188,8.7946
2.9871,2.0354,0.093508,-0.066161,0.075224,8.7998
2.9872,2.0354,0.093512,-0.066158,0.07526,8.808
2.9872,2.0354,0.093516,-0.066155,0.075294,8.7959
2.9873,2.0354,0.09352,-0.066157,0.075325,8.7982
2.9873,2.0354,0.093524,-0.066164,0.075352,8.8079
2.9874,2.0354,0.093528,-0.066177,0.075382,8.7935
2.9874,2.0354,0.093532,-0.066194,0.075413,8.7984
2.9875,2.0354,0.093536,-0.066213,0.075445,8.8102
2.9875,2.0354,0.09354,-0.066229,0.075477,8.7993
2.9876,2.0354,0.093544,-0.066244,0.07551,8.8092
2.9876,2.0354,0.093548,-0.06626,0.075544,8.8176
2.9877,2.0354,0.093552,-0.066278,0.075578,8.8179
2.9877,2.0354,0.093556,-0.066296,0.075613,8.8108
2.9878,2.0354,0.09356,-0.066312,0.075649,8.8133
2.9878,2.0354,0.093564,-0.066323,0.075685,8.8176
2.9879,2.0354,0.093568,-0.066329,0.075721,8.8066
2.9879,2.0354,0.093572,-0.066329,0.075758,8.806
2.988,2.0354,0.093576,-0.066323,0.075794,8.808
2.9881,2.0354,0.09358,-0.066324,0.075831,8.7981
2.9881,2.0354,0.093584,-0.066332,0.075868,8.8055
2.9882,2.0353,0.093588,-0.066352,0.075906,8.8054
2.9882,2.0353,0.093592,-0.066365,0.075944,8.7962
2.9883,2.0353,0.093596,-0.066373,0.075982,8.7969
2.9883,2.0353,0.0936,-0.066379,0.076021,8.8094
2.9884,2.0353,0.093604,-0.066379,0.07606,8.7979
2.9884,2.0353,0.093608,-0.066383,0.076099,8.7914
2.9885,2.0353,0.093612,-0.066383,0.07614,8.7978
2.9885,2.0353,0.093616,-0.066388,0.076181,8.7944
2.9886,2.0353,0.09362,-0.066394,0.076222,8.7949
2.9886,2.0353,0.093624,-0.066381,0.076265,8.8131
2.9887,2.0353,0.093628,-0.066354,0.076308,8.823
2.9887,2.0353,0.093632,-0.06633,0.076352,8.813
2.9888,2.0353,0.093636,-0.066306,0.076398,8.8219
2.9888,2.0353,0.09364,-0.066302,0.076444,8.8297
2.9889,2.0353,0.093644,-0.066304,0.076492,8.8244
2.9889,2.0353,0.093648,-0.066319,0.076541,8.8296
2.989,2.0353,0.093652,-0.066335,0.076592,8.8393
2.9891,2.0353,0.093656,-0.06634,0.076643,8.8268
2.9891,2.0353,0.09366,-0.066338,0.076695,8.83
2.9892,2.0353,0.093664,-0.066343,0.076749,8.8466
2.9892,2.0353,0.093668,-0.066346,0.076804,8.8449
2.9893,2.0353,0.093672,-0.066367,0.07686,8.8357
2.9893,2.0353,0.093676,-0.066406,0.076917,8.8502
2.9894,2.0353,0.09368,-0.066457,0.076976,8.8488
2.9894,2.0353,0.093684,-0.066516,0.077036,8.8399
2.9895,2.0353,0.093689,-0.066573,0.077097,8.8415
2.9895,2.0353,0.093693,-0.066628,0.07716,8.848
2.9896,2.0353,0.093697,-0.066676,0.077224,8.8379
2.9896,2.0352,0.093701,-0.066722,0.07729,8.844
2.9897,2.0352,0.093705,-0.066772,0.077357,8.8504
2.9897,2.0352,0.093709,-0.066825,0.077426,8.8382
2.9898,2.0352,0.093713,-0.066877,0.077495,8.8347
2.9898,2.0352,0.093717,-0.066929,0.077566,8.8448
2.9899,2.0352,0.093721,-0.066979,0.077638,8.8389
2.9899,2.0352,0.093725,-0.067021,0.077712,8.8314
2.99,2.0352,0.093729,-0.067052,0.077786,8.8444
2.9901,2.0352,0.093733,-0.067086,0.077861,8.8391
2.9901,2.0352,0.093738,-0.067119,0.077938,8.8371
2.9902,2.0352,0.093742,-0.06715,0.078017,8.8528
2.9902,2.0352,0.093746,-0.067185,0.078097,8.8657
2.9903,2.0352,0.09375,-0.067229,0.078178,8.8608
2.9903,2.0352,0.093754,-0.067279,0.078262,8.8715
2.9904,2.0352,0.093758,-0.067332,0.078347,8.87
2.9904,2.0352,0.093762,-0.06739,0.078433,8.8574
2.9905,2.0352,0.093766,-0.067459,0.078521,8.8635
2.9905,2.0352,0.09377,-0.067526,0.07861,8.8715
2.9906,2.0352,0.093775,-0.067588,0.0787,8.8633
2.9906,2.0352,0.093779,-0.067637,0.078792,8.8596
2.9907,2.0352,0.093783,-0.067686,0.078885,8.8747
2.9907,2.0352,0.093787,-0.067732,0.078979,8.8671
2.9908,2.0352,0.093791,-0.067771,0.079074,8.8634
2.9908,2.0352,0.093795,-0.067811,0.079171,8.8747
2.9909,2.0352,0.0938,-0.067867,0.079267,8.8707
2.9909,2.0352,0.093804,-0.067919,0.079365,8.8587
2.991,2.0352,0.093808,-0.067957,0.079463,8.8649
2.9911,2.0352,0.093812,-0.06798,0.079562,8.868
2.9911,2.0352,0.093816,-0.068011,0.07966,8.855
2.9912,2.0351,0.093821,-0.068053,0.07976,8.8562
2.9912,2.0351,0.093825,-0.068111,0.079859,8.8645
2.9913,2.0351,0.093829,-0.068182,0.079961,8.8622
2.9913,2.0351,0.093833,-0.068268,0.080062,8.8668
2.9914,2.0351,0.093837,-0.068346,0.080158,8.8764
2.9914,2.0351,0.093842,-0.068415,0.080244,8.8692
2.9915,2.0351,0.093846,-0.068479,0.080326,8.8658
2.9915,2.0351,0.09385,-0.068562,0.080404,8.8699
2.9916,2.0351,0.093854,-0.068661,0.080488,8.8738
2.9916,2.0351,0.093859,-0.068772,0.08059,8.8692
2.9917,2.0351,0.093863,-0.068877,0.080701,8.8835
2.9917,2.0351,0.093867,-0.068962,0.080818,8.8901
2.9918,2.0351,0.093871,-0.069042,0.08094,8.8849
2.9918,2.0351,0.093876,-0.069117,0.081062,8.8904
2.9919,2.0351,0.09388,-0.069188,0.081187,8.8899
2.9919,2.0351,0.093884,-0.069266,0.081312,8.8805
2.992,2.0351,0.093888,-0.069339,0.081443,8.8834
2.9921,2.0351,0.093893,-0.069412,0.081585,8.8874
2.9921,2.0351,0.093897,-0.069476,0.081715,8.871
2.9922,2.0351,0.093901,-0.069533,0.081839,8.8734
2.9922,2.0351,0.093906,-0.069598,0.08196,8.8796
2.9923,2.0351,0.09391,-0.069662,0.082085,8.8705
2.9923,2.0351,0.093914,-0.069727,0.082199,8.8653
2.9924,2.0351,0.093919,-0.069792,0.082311,8.8748
2.9924,2.0351,0.093923,-0.069855,0.082419,8.8702
2.9925,2.0351,0.093927,-0.069923,0.082527,8.857
2.9925,2.0351,0.093932,-0.069993,0.082618,8.8577
2.9926,2.035,0.093936,-0.070064,0.082706,8.8587
2.9926,2.035,0.09394,-0.070128,0.082796,8.8457
2.9927,2.035,0.093945,-0.070206,0.082891,8.8541
2.9927,2.035,0.093949,-0.070295,0.082979,8.8608
2.9928,2.035,0.093953,-0.070386,0.083072,8.857
2.9928,2.035,0.093958,-0.070485,0.083165,8.8556
2.9929,2.035,0.093962,-0.070596,0.083262,8.8617
2.9929,2.035,0.093967,-0.070712,0.083346,8.8545
2.993,2.035,0.093971,-0.070833,0.083429,8.8543
2.9931,2.035,0.093975,-0.070949,0.08351,8.8626
2.9931,2.035,0.09398,-0.071076,0.08359,8.8615
2.9932,2.035,0.093984,-0.071205,0.083671,8.8549
2.9932,2.035,0.093989,-0.071329,0.083755,8.8643
2.9933,2.035,0.093993,-0.071458,0.083841,8.8742
2.9933,2.035,0.093997,-0.071596,0.083932,8.871
2.9934,2.035,0.094002,-0.071736,0.08402,8.8768
2.9934,2.035,0.094006,-0.071874,0.084107,8.8785
2.9935,2.035,0.094011,-0.072009,0.084194,8.8569
2.9935,2.035,0.094015,-0.07214,0.08428,8.8637
2.9936,2.035,0.09402,-0.072269,0.084365,8.8654
2.9936,2.035,0.094024,-0.072393,0.084449,8.8515
2.9937,2.035,0.094028,-0.072507,0.084532,8.8465
2.9937,2.035,0.094033,-0.07262,0.084614,8.8549
2.9938,2.035,0.094037,-0.072737,0.084694,8.8463
2.9938,2.035,0.094042,-0.072852,0.084773,8.8406
2.9939,2.035,0.094046,-0.072967,0.084851,8.8497
2.9939,2.035,0.094051,-0.073092,0.084927,8.8454
2.994,2.0349,0.094055,-0.073223,0.085001,8.8369
2.9941,2.0349,0.09406,-0.073348,0.085074,8.8444
2.9941,2.0349,0.094064,-0.073456,0.085146,8.846
2.9942,2.0349,0.094069,-0.073563,0.085216,8.8372
2.9942,2.0349,0.094073,-0.073671,0.085284,8.8422
2.9943,2.0349,0.094078,-0.073769,0.08535,8.8508
2.9943,2.0349,0.094082,-0.073862,0.085415,8.8447
2.9944,2.0349,0.094087,-0.073956,0.085478,8.8534
2.9944,2.0349,0.094091,-0.074042,0.085539,8.8642
2.9945,2.0349,0.094096,-0.074116,0.085596,8.8564
2.9945,2.0349,0.0941,-0.074178,0.085653,8.8583
2.9946,2.0349,0.094105,-0.074241,0.085713,8.8619
2.9946,2.0349,0.094109,-0.0743,0.08578,8.8635
2.9947,2.0349,0.094114,-0.074364,0.085853,8.8515
2.9947,2.0349,0.094118,-0.074434,0.085934,8.8688
2.9948,2.0349,0.094123,-0.074507,0.086022,8.8776
2.9948,2.0349,0.094127,-0.074591,0.086108,8.8651
2.9949,2.0349,0.094132,-0.074687,0.086189,8.877
2.9949,2.0349,0.094136,-0.074789,0.086266,8.8799
2.995,2.0349,0.094141,-0.074879,0.086336,8.872
2.9951,2.0349,0.094145,-0.074959,0.086399,8.8765
2.9951,2.0349,0.09415,-0.075021,0.08645,8.8755
2.9952,2.0349,0.094155,-0.075052,0.086497,8.8658
2.9952,2.0349,0.094159,-0.075082,0.086548,8.8593
2.9953,2.0349,0.094164,-0.075118,0.0866,8.8737
2.9953,2.0348,0.094168,-0.075166,0.086664,8.872
2.9954,2.0348,0.094173,-0.075219,0.086731,8.8737
2.9954,2.0348,0.094177,-0.075254,0.086799,8.8827
2.9955,2.0348,0.094182,-0.075293,0.086867,8.8804
2.9955,2.0348,0.094187,-0.075318,0.08693,8.8794
2.9956,2.0348,0.094191,-0.075337,0.086996,8.8831
2.9956,2.0348,0.094196,-0.075362,0.087062,8.8932
2.9957,2.0348,0.0942,-0.075396,0.087125,8.877
2.9957,2.0348,0.094205,-0.075437,0.087185,8.8875
2.9958,2.0348,0.094209,-0.075484,0.087232,8.9029
2.9958,2.0348,0.094214,-0.07553,0.087269,8.889
2.9959,2.0348,0.094219,-0.075592,0.087299,8.8999
2.9959,2.0348,0.094223,-0.075656,0.087321,8.9065
2.996,2.0348,0.094228,-0.075732,0.087348,8.9031
2.9961,2.0348,0.094232,-0.075805,0.087376,8.9088
2.9961,2.0348,0.094237,-0.075891,0.087401,8.9074
2.9962,2.0348,0.094242,-0.075975,0.087425,8.9008
2.9962,2.0348,0.094246,-0.076057,0.087453,8.8925
2.9963,2.0348,0.094251,-0.076135,0.087484,8.9043
2.9963,2.0348,0.094255,-0.0762,0.087518,8.8995
2.9964,2.0348,0.09426,-0.07625,0.087553,8.8893
2.9964,2.0348,0.094265,-0.076299,0.087596,8.8906
2.9965,2.0348,0.094269,-0.076355,0.087639,8.8984
2.9965,2.0348,0.094274,-0.076421,0.087679,8.875
2.9966,2.0348,0.094278,-0.076502,0.087718,8.8768
2.9966,2.0347,0.094283,-0.076592,0.087756,8.8788
2.9967,2.0347,0.094288,-0.076678,0.087793,8.8675
2.9967,2.0347,0.094292,-0.076749,0.08783,8.8607
2.9968,2.0347,0.094297,-0.076804,0.087865,8.8756
2.9968,2.0347,0.094302,-0.076849,0.087902,8.8645
2.9969,2.0347,0.094306,-0.076888,0.087933,8.8595
2.9969,2.0347,0.094311,-0.076921,0.087959,8.8681
2.997,2.0347,0.094315,-0.076958,0.087981,8.8732
2.9971,2.0347,0.09432,-0.077002,0.088001,8.8718
2.9971,2.0347,0.094325,-0.077047,0.088021,8.8789
2.9972,2.0347,0.094329,-0.077093,0.08804,8.8778
2.9972,2.0347,0.094334,-0.077136,0.088065,8.8635
2.9973,2.0347,0.094339,-0.077177,0.088091,8.8704
2.9973,2.0347,0.094343,-0.077212,0.088104,8.8823
2.9974,2.0347,0.094348,-0.07724,0.088111,8.8795
2.9974,2.0347,0.094353,-0.077262,0.088115,8.8745
2.9975,2.0347,0.094357,-0.077281,0.088118,8.886
2.9975,2.0347,0.094362,-0.077298,0.088124,8.8793
2.9976,2.0347,0.094366,-0.077314,0.088134,8.8775
2.9976,2.0347,0.094371,-0.077336,0.088151,8.8826
2.9977,2.0347,0.094376,-0.077364,0.088169,8.8672
2.9977,2.0347,0.09438,-0.077392,0.088182,8.8606
2.9978,2.0347,0.094385,-0.07742,0.088195,8.8597
2.9978,2.0347,0.09439,-0.077449,0.088206,8.8508
2.9979,2.0347,0.094394,-0.077477,0.088216,8.8444
2.9979,2.0346,0.094399,-0.077508,0.088226,8.8482
2.998,2.0346,0.094404,-0.077531,0.088235,8.8527
2.9981,2.0346,0.094408,-0.077543,0.088245,8.839
2.9981,2.0346,0.094413,-0.077531,0.088253,8.8363
2.9982,2.0346,0.094418,-0.077504,0.088255,8.8323
2.9982,2.0346,0.094422,-0.077464,0.08825,8.8274
2.9983,2.0346,0.094427,-0.077416,0.088234,8.8218
2.9983,2.0346,0.094431,-0.077368,0.088213,8.8289
2.9984,2.0346,0.094436,-0.077317,0.088193,8.8284
2.9984,2.0346,0.094441,-0.077272,0.08818,8.8231
2.9985,2.0346,0.094445,-0.077223,0.088178,8.8379
2.9985,2.0346,0.09445,-0.077174,0.088184,8.8378
2.9986,2.0346,0.094455,-0.077142,0.088196,8.8326
2.9986,2.0346,0.094459,-0.077128,0.088209,8.8383
2.9987,2.0346,0.094464,-0.077119,0.088221,8.8444
2.9987,2.0346,0.094469,-0.077117,0.088228,8.8337
2.9988,2.0346,0.094473,-0.077106,0.088231,8.8363
2.9988,2.0346,0.094478,-0.077096,0.088232,8.8428
2.9989,2.0346,0.094483,-0.07708,0.088232,8.8375
2.9989,2.0346,0.094487,-0.077069,0.088233,8.846
2.999,2.0346,0.094492,-0.077068,0.088237,8.8531
2.9991,2.0346,0.094496,-0.077073,0.088245,8.8396
2.9991,2.0346,0.094501,-0.077072,0.088257,8.8303
2.9992,2.0346,0.094506,-0.077071,0.088266,8.842
2.9992,2.0346,0.09451,-0.077055,0.088275,8.8328
2.9993,2.0345,0.094515,-0.077038,0.088284,8.8181
2.9993,2.0345,0.09452,-0.077028,0.088293,8.8256
2.9994,2.0345,0.094524,-0.07703,0.088302,8.8201
2.9994,2.0345,0.094529,-0.077045,0.088311,8.8113
2.9995,2.0345,0.094534,-0.077061,0.088319,8.8106
2.9995,2.0345,0.094538,-0.077084,0.088331,8.8135
2.9996,2.0345,0.094543,-0.077108,0.08834,8.7995
2.9996,2.0345,0.094548,-0.077127,0.08834,8.7969
2.9997,2.0345,0.094552,-0.077137,0.088336,8.8036
2.9997,2.0345,0.094557,-0.07714,0.088329,8.794
2.9998,2.0345,0.094562,-0.077146,0.088325,8.7952
2.9998,2.0345,0.094566,-0.077154,0.088323,8.8066
2.9999,2.0345,0.094571,-0.077166,0.088322,8.8072
2.9999,2.0345,0.094576,-0.077177,0.088322,8.8064
3,2.0345,0.09458,-0.077179,0.088317,8.823
3.0001,2.0345,0.094585,-0.07717,0.088303,8.8299
3.0001,2.0345,0.094589,-0.077137,0.088284,8.8221
3.0002,2.0345,0.094594,-0.077088,0.088265,8.831
3.0002,2.0345,0.094599,-0.077038,0.088251,8.8267
3.0003,2.0345,0.094603,-0.076989,0.088239,8.8267
3.0003,2.0345,0.094608,-0.076946,0.088228,8.8314
3.0004,2.0345,0.094613,-0.076905,0.088218,8.8282
3.0004,2.0345,0.094617,-0.076864,0.088211,8.8282
3.0005,2.0345,0.094622,-0.076819,0.088205,8.8361
3.0005,2.0344,0.094627,-0.07677,0.088197,8.8396
3.0006,2.0344,0.094631,-0.076727,0.088194,8.8382
3.0006,2.0344,0.094636,-0.076683,0.0882,8.8323
3.0007,2.0344,0.094641,-0.076637,0.088211,8.8384
3.0007,2.0344,0.094645,-0.076597,0.088227,8.8289
3.0008,2.0344,0.09465,-0.076574,0.08825,8.8182
3.0008,2.0344,0.094654,-0.076549,0.088281,8.8268
3.0009,2.0344,0.094659,-0.076522,0.088313,8.8216
3.0009,2.0344,0.094664,-0.076506,0.08834,8.8089
3.001,2.0344,0.094668,-0.076502,0.088361,8.821
3.0011,2.0344,0.094673,-0.076497,0.088382,8.8301
3.0011,2.0344,0.094678,-0.076485,0.0884,8.8182
3.0012,2.0344,0.094682,-0.076466,0.088423,8.8172
3.0012,2.0344,0.094687,-0.076445,0.08845,8.8263
3.0013,2.0344,0.094692,-0.076418,0.088491,8.8201
3.0013,2.0344,0.094696,-0.076394,0.088547,8.8139
3.0014,2.0344,0.094701,-0.076384,0.088614,8.8306
3.0014,2.0344,0.094706,-0.076383,0.088681,8.8281
3.0015,2.0344,0.09471,-0.076373,0.088748,8.8291
3.0015,2.0344,0.094715,-0.076363,0.088806,8.846
3.0016,2.0344,0.09472,-0.076348,0.08884,8.8474
3.0016,2.0344,0.094724,-0.076339,0.088867,8.8422
3.0017,2.0344,0.094729,-0.076348,0.088889,8.8495
3.0017,2.0344,0.094734,-0.076367,0.088918,8.8419
3.0018,2.0344,0.094738,-0.076394,0.088948,8.8332
3.0018,2.0343,0.094743,-0.076423,0.08898,8.8376
3.0019,2.0343,0.094748,-0.076444,0.089014,8.8472
3.0019,2.0343,0.094752,-0.07647,0.089049,8.8322
3.002,2.0343,0.094757,-0.076491,0.089069,8.8348
3.0021,2.0343,0.094762,-0.076515,0.089098,8.8365
3.0021,2.0343,0.094767,-0.076544,0.089126,8.8301
3.0022,2.0343,0.094771,-0.076575,0.089158,8.8313
3.0022,2.0343,0.094776,-0.076607,0.089185,8.8371
3.0023,2.0343,0.094781,-0.076647,0.089219,8.8281
3.0023,2.0343,0.094785,-0.076691,0.089261,8.8178
3.0024,2.0343,0.09479,-0.076746,0.08931,8.8196
3.0024,2.0343,0.094795,-0.076804,0.089351,8.8157
3.0025,2.0343,0.094799,-0.076865,0.089406,8.8081
3.0025,2.0343,0.094804,-0.076929,0.089461,8.8204
3.0026,2.0343,0.094809,-0.076998,0.089514,8.8248
3.0026,2.0343,0.094814,-0.077063,0.089567,8.8171
3.0027,2.0343,0.094818,-0.077125,0.089623,8.8226
3.0027,2.0343,0.094823,-0.077183,0.089685,8.8308
3.0028,2.0343,0.094828,-0.07725,0.089748,8.8268
3.0028,2.0343,0.094832,-0.077316,0.089804,8.829
3.0029,2.0343,0.094837,-0.077381,0.089877,8.84
3.0029,2.0343,0.094842,-0.077441,0.089945,8.8401
3.003,2.0343,0.094847,-0.077499,0.090013,8.836
3.0031,2.0343,0.094851,-0.077547,0.090089,8.8449
3.0031,2.0343,0.094856,-0.077591,0.090169,8.8435
3.0032,2.0342,0.094861,-0.077635,0.09026,8.8373
3.0032,2.0342,0.094866,-0.077687,0.090355,8.8419
3.0033,2.0342,0.09487,-0.077739,0.09045,8.8326
3.0033,2.0342,0.094875,-0.077796,0.09055,8.8188
3.0034,2.0342,0.09488,-0.077851,0.090647,8.8188
3.0034,2.0342,0.094885,-0.077909,0.090743,8.8165
3.0035,2.0342,0.094889,-0.077966,0.090838,8.8034
3.0035,2.0342,0.094894,-0.078024,0.090933,8.8037
3.0036,2.0342,0.094899,-0.078088,0.091028,8.8103
3.0036,2.0342,0.094904,-0.078162,0.091122,8.8032
3.0037,2.0342,0.094909,-0.078241,0.091216,8.7955
3.0037,2.0342,0.094913,-0.078323,0.091309,8.8031
3.0038,2.0342,0.094918,-0.078404,0.091402,8.79
3.0038,2.0342,0.094923,-0.078482,0.091495,8.7906
3.0039,2.0342,0.094928,-0.078554,0.091587,8.788
3.0039,2.0342,0.094933,-0.078622,0.091679,8.7909
3.004,2.0342,0.094938,-0.07869,0.09177,8.784
3.0041,2.0342,0.094942,-0.078762,0.091864,8.7922
3.0041,2.0342,0.094947,-0.078832,0.091955,8.8025
3.0042,2.0342,0.094952,-0.078901,0.092037,8.7924
3.0042,2.0342,0.094957,-0.078969,0.092113,8.8034
3.0043,2.0342,0.094962,-0.079035,0.092187,8.8159
3.0043,2.0342,0.094967,-0.079103,0.092261,8.7998
3.0044,2.0342,0.094972,-0.079176,0.092337,8.8051
3.0044,2.0341,0.094976,-0.07926,0.09242,8.8045
3.0045,2.0341,0.094981,-0.07935,0.092511,8.7978
3.0045,2.0341,0.094986,-0.079445,0.092603,8.7977
3.0046,2.0341,0.094991,-0.079541,0.092692,8.8144
3.0046,2.0341,0.094996,-0.079639,0.09278,8.8154
3.0047,2.0341,0.095001,-0.079749,0.092868,8.8119
3.0047,2.0341,0.095006,-0.079866,0.092956,8.8167
3.0048,2.0341,0.095011,-0.079995,0.093042,8.8082
3.0048,2.0341,0.095015,-0.080127,0.093128,8.8041
3.0049,2.0341,0.09502,-0.080254,0.093214,8.8006
3.0049,2.0341,0.095025,-0.080381,0.093298,8.8049
3.005,2.0341,0.09503,-0.080501,0.093382,8.7888
3.0051,2.0341,0.095035,-0.08062,0.093465,8.7923
3.0051,2.0341,0.09504,-0.080753,0.093546,8.8007
3.0052,2.0341,0.095045,-0.080884,0.093626,8.801
3.0052,2.0341,0.09505,-0.081017,0.093704,8.7913
3.0053,2.0341,0.095055,-0.081142,0.09378,8.8021
3.0053,2.0341,0.09506,-0.081258,0.093854,8.7987
3.0054,2.0341,0.095065,-0.081375,0.093927,8.7919
3.0054,2.0341,0.09507,-0.081486,0.093998,8.7988
3.0055,2.0341,0.095075,-0.081598,0.094067,8.8022
3.0055,2.0341,0.09508,-0.081719,0.094135,8.7941
3.0056,2.0341,0.095085,-0.08184,0.0942,8.8056
3.0056,2.0341,0.095089,-0.081955,0.094263,8.8177
3.0057,2.034,0.095094,-0.082067,0.094323,8.8139
3.0057,2.034,0.095099,-0.082174,0.094382,8.8188
3.0058,2.034,0.095104,-0.082277,0.094438,8.8275
3.0058,2.034,0.095109,-0.082373,0.094493,8.8242
3.0059,2.034,0.095114,-0.082468,0.094545,8.8276
3.0059,2.034,0.095119,-0.082562,0.094596,8.8285
3.006,2.034,0.095124,-0.082651,0.094644,8.8235
3.0061,2.034,0.095129,-0.082729,0.09469,8.8258
3.0061,2.034,0.095134,-0.082803,0.094733,8.841
3.0062,2.034,0.095139,-0.082868,0.094775,8.8428
3.0062,2.034,0.095144,-0.082927,0.094814,8.8326
3.0063,2.034,0.095149,-0.082988,0.09485,8.8417
3.0063,2.034,0.095154,-0.083049,0.094883,8.838
3.0064,2.034,0.095159,-0.083104,0.094914,8.8284
3.0064,2.034,0.095164,-0.083148,0.094943,8.8334
3.0065,2.034,0.095169,-0.083181,0.094969,8.8359
3.0065,2.034,0.095174,-0.0832,0.094992,8.8156
3.0066,2.034,0.095179,-0.083206,0.095013,8.8279
3.0066,2.034,0.095184,-0.083213,0.095031,8.84
3.0067,2.034,0.095189,-0.08323,0.095046,8.8384
3.0067,2.034,0.095194,-0.083254,0.09506,8.8428
3.0068,2.034,0.095199,-0.083283,0.095071,8.8553
3.0068,2.0339,0.095204,-0.083313,0.095079,8.8443
3.0069,2.0339,0.095209,-0.083345,0.095085,8.8453
3.0069,2.0339,0.095214,-0.083369,0.095088,8.852
3.007,2.0339,0.095219,-0.083382,0.095089,8.8472
3.0071,2.0339,0.095224,-0.08339,0.095087,8.8406
3.0071,2.0339,0.095229,-0.083393,0.095082,8.8568
3.0072,2.0339,0.095234,-0.083391,0.095072,8.8557
3.0072,2.0339,0.095239,-0.083388,0.09506,8.8512
3.0073,2.0339,0.095244,-0.083385,0.095055,8.8589
3.0073,2.0339,0.095249,-0.083385,0.095052,8.8696
3.0074,2.0339,0.095254,-0.083383,0.095051,8.8583
3.0074,2.0339,0.095259,-0.083378,0.095048,8.8549
3.0075,2.0339,0.095264,-0.083369,0.09504,8.8639
3.0075,2.0339,0.095269,-0.083355,0.095025,8.8517
3.0076,2.0339,0.095274,-0.083328,0.094999,8.8441
3.0076,2.0339,0.095279,-0.083291,0.094969,8.8502
3.0077,2.0339,0.095284,-0.083245,0.094939,8.8517
3.0077,2.0339,0.095289,-0.083192,0.094906,8.848
3.0078,2.0339,0.095294,-0.08313,0.094871,8.8568
3.0078,2.0339,0.095299,-0.083061,0.094833,8.8573
3.0079,2.0339,0.095304,-0.08298,0.094793,8.844
3.0079,2.0339,0.095309,-0.082898,0.094754,8.8535
3.008,2.0339,0.095314,-0.082818,0.094703,8.8555
3.0081,2.0338,0.095319,-0.08275,0.094649,8.8467
3.0081,2.0338,0.095324,-0.0827,0.094596,8.8504
3.0082,2.0338,0.095329,-0.082666,0.094548,8.8646
3.0082,2.0338,0.095334,-0.082642,0.09451,8.865
3.0083,2.0338,0.095339,-0.08262,0.09448,8.8688
3.0083,2.0338,0.095344,-0.082593,0.094452,8.8784
3.0084,2.0338,0.095349,-0.082565,0.094422,8.8696
3.0084,2.0338,0.095354,-0.082534,0.094376,8.8664
3.0085,2.0338,0.095359,-0.0825,0.094321,8.873
3.0085,2.0338,0.095364,-0.082465,0.094258,8.8668
3.0086,2.0338,0.095369,-0.082427,0.094191,8.8599
3.0086,2.0338,0.095374,-0.082388,0.094121,8.8688
3.0087,2.0338,0.095379,-0.082348,0.094053,8.8671
3.0087,2.0338,0.095384,-0.082307,0.093987,8.8634
3.0088,2.0338,0.095389,-0.082265,0.093921,8.8684
3.0088,2.0338,0.095394,-0.082221,0.093854,8.8746
3.0089,2.0338,0.095399,-0.082174,0.093784,8.8648
3.0089,2.0338,0.095403,-0.082127,0.093711,8.8688
3.009,2.0338,0.095408,-0.082088,0.093631,8.8719
3.0091,2.0338,0.095413,-0.082048,0.093545,8.8574
3.0091,2.0338,0.095418,-0.082009,0.093459,8.8525
3.0092,2.0338,0.095423,-0.081972,0.09337,8.8657
3.0092,2.0338,0.095428,-0.081921,0.093279,8.8643
3.0093,2.0337,0.095433,-0.081856,0.093186,8.8556
3.0093,2.0337,0.095438,-0.081774,0.093091,8.868
3.0094,2.0337,0.095443,-0.081683,0.092994,8.8615
3.0094,2.0337,0.095448,-0.081594,0.092894,8.8543
3.0095,2.0337,0.095453,-0.081495,0.09279,8.8596
3.0095,2.0337,0.095457,-0.081392,0.092686,8.858
3.0096,2.0337,0.095462,-0.081282,0.092588,8.8494
3.0096,2.0337,0.095467,-0.081171,0.092496,8.852
3.0097,2.0337,0.095472,-0.081062,0.092405,8.8694
3.0097,2.0337,0.095477,-0.080948,0.092311,8.8631
3.0098,2.0337,0.095482,-0.080832,0.092216,8.8667
3.0098,2.0337,0.095487,-0.080716,0.092121,8.8853
3.0099,2.0337,0.095491,-0.080599,0.092024,8.8728
3.0099,2.0337,0.095496,-0.080487,0.091934,8.8661
3.01,2.0337,0.095501,-0.080379,0.091856,8.868
3.0101,2.0337,0.095506,-0.080295,0.091783,8.8613
3.0101,2.0337,0.095511,-0.080222,0.091715,8.8528
3.0102,2.0337,0.095516,-0.080149,0.091645,8.8605
3.0102,2.0337,0.09552,-0.080073,0.091576,8.8596
3.0103,2.0337,0.095525,-0.079991,0.091509,8.8514
3.0103,2.0337,0.09553,-0.079908,0.091443,8.8514
3.0104,2.0337,0.095535,-0.079826,0.091379,8.8545
3.0104,2.0337,0.09554,-0.079747,0.091316,8.8382
3.0105,2.0337,0.095544,-0.079676,0.091258,8.8376
3.0105,2.0336,0.095549,-0.07961,0.091199,8.8402
3.0106,2.0336,0.095554,-0.079548,0.091134,8.8331
3.0106,2.0336,0.095559,-0.079489,0.091068,8.8225
3.0107,2.0336,0.095564,-0.079424,0.091001,8.8306
3.0107,2.0336,0.095568,-0.079346,0.090927,8.8223
3.0108,2.0336,0.095573,-0.079259,0.090841,8.8208
3.0108,2.0336,0.095578,-0.079165,0.090745,8.8286
3.0109,2.0336,0.095583,-0.079071,0.090651,8.8291
3.0109,2.0336,0.095588,-0.078986,0.090566,8.8321
3.011,2.0336,0.095592,-0.07891,0.090483,8.8472
3.0111,2.0336,0.095597,-0.078848,0.090413,8.8457
3.0111,2.0336,0.095602,-0.078791,0.090347,8.8345
3.0112,2.0336,0.095607,-0.078735,0.090278,8.8396
3.0112,2.0336,0.095611,-0.07868,0.090203,8.8546
3.0113,2.0336,0.095616,-0.078628,0.090115,8.8497
3.0113,2.0336,0.095621,-0.078574,0.090031,8.851
3.0114,2.0336,0.095626,-0.078519,0.089957,8.8599
3.0114,2.0336,0.09563,-0.078462,0.089892,8.8517
3.0115,2.0336,0.095635,-0.078396,0.089835,8.8475
3.0115,2.0336,0.09564,-0.078325,0.089786,8.8533
3.0116,2.0336,0.095644,-0.078245,0.089747,8.8558
3.0116,2.0336,0.095649,-0.078159,0.089715,8.8454
3.0117,2.0336,0.095654,-0.078072,0.089673,8.8566
3.0117,2.0336,0.095659,-0.077993,0.089631,8.8548
3.0118,2.0335,0.095663,-0.077916,0.08958,8.8515
3.0118,2.0335,0.095668,-0.077849,0.089526,8.8627
3.0119,2.0335,0.095673,-0.077785,0.08946,8.8758
3.0119,2.0335,0.095677,-0.077728,0.089395,8.8692
3.012,2.0335,0.095682,-0.077677,0.089337,8.8673
3.0121,2.0335,0.095687,-0.077631,0.089287,8.8688
3.0121,2.0335,0.095692,-0.077588,0.089238,8.8649
3.0122,2.0335,0.095696,-0.077554,0.089191,8.8604
3.0122,2.0335,0.095701,-0.077519,0.089146,8.8692
3.0123,2.0335,0.095706,-0.077491,0.089103,8.8721
3.0123,2.0335,0.09571,-0.077455,0.089062,8.8698
3.0124,2.0335,0.095715,-0.077414,0.089026,8.8827
3.0124,2.0335,0.09572,-0.077374,0.089006,8.8939
3.0125,2.0335,0.095724,-0.077334,0.088999,8.8835
3.0125,2.0335,0.095729,-0.07729,0.089007,8.8926
3.0126,2.0335,0.095734,-0.077251,0.089017,8.8929
3.0126,2.0335,0.095738,-0.077217,0.089039,8.8887
3.0127,2.0335,0.095743,-0.077186,0.089056,8.8976
3.0127,2.0335,0.095748,-0.077154,0.089068,8.9112
3.0128,2.0335,0.095752,-0.077124,0.089075,8.8977
3.0128,2.0335,0.095757,-0.077099,0.089084,8.8994
3.0129,2.0335,0.095762,-0.077075,0.089104,8.9121
3.0129,2.0335,0.095767,-0.07705,0.089132,8.9005
3.013,2.0335,0.095771,-0.077027,0.089162,8.8927
3.0131,2.0335,0.095776,-0.077002,0.089195,8.897
3.0131,2.0334,0.095781,-0.076978,0.089216,8.8892
3.0132,2.0334,0.095785,-0.076961,0.089231,8.8699
3.0132,2.0334,0.09579,-0.076948,0.089241,8.8813
3.0133,2.0334,0.095795,-0.076938,0.08925,8.8745
3.0133,2.0334,0.095799,-0.076931,0.089262,8.8579
3.0134,2.0334,0.095804,-0.076925,0.089276,8.8627
3.0134,2.0334,0.095809,-0.076922,0.08929,8.8672
3.0135,2.0334,0.095813,-0.076922,0.089305,8.8611
3.0135,2.0334,0.095818,-0.076925,0.089324,8.8626
3.0136,2.0334,0.095823,-0.076934,0.089335,8.8669
3.0136,2.0334,0.095828,-0.076948,0.089348,8.8531
3.0137,2.0334,0.095832,-0.076966,0.089363,8.8525
3.0137,2.0334,0.095837,-0.076982,0.089379,8.8624
3.0138,2.0334,0.095842,-0.077,0.089401,8.8589
3.0138,2.0334,0.095846,-0.077025,0.089423,8.8604
3.0139,2.0334,0.095851,-0.077056,0.089441,8.8729
3.0139,2.0334,0.095856,-0.077092,0.089453,8.8751
3.014,2.0334,0.095861,-0.077136,0.089449,8.8713
3.0141,2.0334,0.095865,-0.077188,0.089443,8.8732
3.0141,2.0334,0.09587,-0.077247,0.08944,8.8682
3.0142,2.0334,0.095875,-0.077316,0.089446,8.8602
3.0142,2.0334,0.095879,-0.077384,0.089466,8.8626
3.0143,2.0334,0.095884,-0.07746,0.089496,8.8697
3.0143,2.0334,0.095889,-0.077534,0.089534,8.8578
3.0144,2.0333,0.095894,-0.077599,0.089574,8.8562
3.0144,2.0333,0.095898,-0.07766,0.089612,8.8667
3.0145,2.0333,0.095903,-0.077723,0.08965,8.86
3.0145,2.0333,0.095908,-0.077787,0.089687,8.8467
3.0146,2.0333,0.095912,-0.077847,0.089724,8.8496
3.0146,2.0333,0.095917,-0.077892,0.08976,8.8438
3.0147,2.0333,0.095922,-0.077933,0.089796,8.8261
3.0147,2.0333,0.095927,-0.077966,0.089832,8.826
3.0148,2.0333,0.095931,-0.077972,0.089867,8.8245
3.0148,2.0333,0.095936,-0.077976,0.089902,8.8155
3.0149,2.0333,0.095941,-0.077976,0.089937,8.8153
3.0149,2.0333,0.095945,-0.077966,0.089971,8.8268
3.015,2.0333,0.09595,-0.077954,0.090006,8.8146
3.0151,2.0333,0.095955,-0.077948,0.09004,8.8155
3.0151,2.0333,0.09596,-0.077948,0.090075,8.8277
3.0152,2.0333,0.095964,-0.07795,0.09011,8.8161
3.0152,2.0333,0.095969,-0.077946,0.090145,8.8097
3.0153,2.0333,0.095974,-0.077953,0.09018,8.8193
3.0153,2.0333,0.095979,-0.077963,0.090215,8.8194
3.0154,2.0333,0.095983,-0.077981,0.090251,8.8176
3.0154,2.0333,0.095988,-0.078014,0.090287,8.8271
3.0155,2.0333,0.095993,-0.078055,0.090322,8.8272
3.0155,2.0333,0.095998,-0.078087,0.090358,8.8153
3.0156,2.0333,0.096002,-0.078095,0.090394,8.8276
3.0156,2.0333,0.096007,-0.078096,0.09043,8.8224
3.0157,2.0332,0.096012,-0.078097,0.090466,8.8118
3.0157,2.0332,0.096017,-0.0781,0.090501,8.8078
3.0158,2.0332,0.096022,-0.078115,0.090536,8.8177
3.0158,2.0332,0.096026,-0.078139,0.090571,8.8046
3.0159,2.0332,0.096031,-0.078163,0.090606,8.8042
3.0159,2.0332,0.096036,-0.078176,0.09064,8.8147
3.016,2.0332,0.096041,-0.078182,0.090674,8.8136
3.0161,2.0332,0.096045,-0.078181,0.090708,8.8092
3.0161,2.0332,0.09605,-0.078191,0.090741,8.8094
3.0162,2.0332,0.096055,-0.078207,0.090774,8.8003
3.0162,2.0332,0.09606,-0.078218,0.090807,8.7907
3.0163,2.0332,0.096064,-0.078227,0.09084,8.7867
3.0163,2.0332,0.096069,-0.078237,0.090872,8.7874
3.0164,2.0332,0.096074,-0.078244,0.090904,8.7843
3.0164,2.0332,0.096079,-0.078249,0.090935,8.7911
3.0165,2.0332,0.096084,-0.078241,0.090967,8.7984
3.0165,2.0332,0.096088,-0.078232,0.090997,8.7975
3.0166,2.0332,0.096093,-0.078214,0.091026,8.7996
3.0166,2.0332,0.096098,-0.078195,0.091055,8.8096
3.0167,2.0332,0.096103,-0.078179,0.091083,8.8012
3.0167,2.0332,0.096108,-0.078169,0.09111,8.7983
3.0168,2.0332,0.096112,-0.07817,0.091136,8.8101
3.0168,2.0332,0.096117,-0.078171,0.091161,8.8041
3.0169,2.0332,0.096122,-0.078183,0.091185,8.8083
3.0169,2.0331,0.096127,-0.078203,0.091208,8.8197
3.017,2.0331,0.096132,-0.078238,0.091231,8.8189
3.0171,2.0331,0.096136,-0.078301,0.091253,8.8161
3.0171,2.0331,0.096141,-0.078375,0.091274,8.8202
3.0172,2.0331,0.096146,-0.078446,0.091295,8.8221
3.0172,2.0331,0.096151,-0.078521,0.091316,8.8143
3.0173,2.0331,0.096156,-0.078582,0.091336,8.8153
3.0173,2.0331,0.09616,-0.078639,0.091355,8.8263
3.0174,2.0331,0.096165,-0.078685,0.091374,8.8128
3.0174,2.0331,0.09617,-0.078729,0.091391,8.8135
3.0175,2.0331,0.096175,-0.078773,0.091407,8.8309
3.0175,2.0331,0.09618,-0.078818,0.091423,8.8251
3.0176,2.0331,0.096184,-0.078857,0.091437,8.8161
3.0176,2.0331,0.096189,-0.078888,0.09145,8.822
3.0177,2.0331,0.096194,-0.078919,0.091462,8.8139
3.0177,2.0331,0.096199,-0.078944,0.091473,8.8079
3.0178,2.0331,0.096204,-0.078966,0.091483,8.8056
3.0178,2.0331,0.096209,-0.078987,0.091492,8.8104
3.0179,2.0331,0.096213,-0.078996,0.091498,8.8056
3.0179,2.0331,0.096218,-0.079006,0.091507,8.8121
3.018,2.0331,0.096223,-0.079006,0.091519,8.8242
3.0181,2.0331,0.096228,-0.078993,0.091533,8.814
3.0181,2.0331,0.096233,-0.078977,0.091547,8.8168
3.0182,2.0331,0.096237,-0.078947,0.09156,8.8329
3.0182,2.033,0.096242,-0.078924,0.09157,8.8243
3.0183,2.033,0.096247,-0.078901,0.091576,8.8246
3.0183,2.033,0.096252,-0.078879,0.091577,8.8343
3.0184,2.033,0.096257,-0.078869,0.091579,8.8182
3.0184,2.033,0.096262,-0.07888,0.091581,8.8165
3.0185,2.033,0.096266,-0.078909,0.091583,8.8305
3.0185,2.033,0.096271,-0.078952,0.091584,8.8297
3.0186,2.033,0.096276,-0.07901,0.091584,8.8264
3.0186,2.033,0.096281,-0.079063,0.091584,8.8318
3.0187,2.033,0.096286,-0.079099,0.091583,8.8231
3.0187,2.033,0.09629,-0.079135,0.091582,8.8113
3.0188,2.033,0.096295,-0.079154,0.09158,8.815
3.0188,2.033,0.0963,-0.079156,0.091578,8.8221
3.0189,2.033,0.096305,-0.079145,0.091576,8.8142
3.0189,2.033,0.09631,-0.079124,0.091573,8.813
3.019,2.033,0.096315,-0.079116,0.09157,8.8228
3.0191,2.033,0.096319,-0.079099,0.091567,8.8215
3.0191,2.033,0.096324,-0.079087,0.091563,8.8179
3.0192,2.033,0.096329,-0.079102,0.09156,8.8272
3.0192,2.033,0.096334,-0.079137,0.091557,8.8179
3.0193,2.033,0.096339,-0.079177,0.091554,8.8128
3.0193,2.033,0.096343,-0.079219,0.091551,8.8187
3.0194,2.033,0.096348,-0.07926,0.091546,8.82
3.0194,2.033,0.096353,-0.079323,0.091542,8.8143
3.0195,2.0329,0.096358,-0.079392,0.091547,8.8188
3.0195,2.0329,0.096363,-0.079452,0.091557,8.8305
3.0196,2.0329,0.096368,-0.079519,0.091569,8.8258
3.0196,2.0329,0.096372,-0.079598,0.09158,8.828
3.0197,2.0329,0.096377,-0.079668,0.091587,8.8305
3.0197,2.0329,0.096382,-0.079729,0.091587,8.8173
3.0198,2.0329,0.096387,-0.079787,0.091579,8.8093
3.0198,2.0329,0.096392,-0.079849,0.091568,8.8142
3.0199,2.0329,0.096396,-0.079892,0.09156,8.7993
3.0199,2.0329,0.096401,-0.079918,0.091551,8.793
3.02,2.0329,0.096406,-0.079924,0.091542,8.8001
3.0201,2.0329,0.096411,-0.079919,0.091532,8.8018
3.0201,2.0329,0.096416,-0.079905,0.091522,8.788
3.0202,2.0329,0.096421,-0.079888,0.091511,8.796
3.0202,2.0329,0.096425,-0.079876,0.091499,8.7895
3.0203,2.0329,0.09643,-0.079871,0.091487,8.782
3.0203,2.0329,0.096435,-0.079857,0.091474,8.7807
3.0204,2.0329,0.09644,-0.079839,0.091461,8.7873
3.0204,2.0329,0.096445,-0.079817,0.091448,8.7725
3.0205,2.0329,0.096449,-0.079802,0.091435,8.7802
3.0205,2.0329,0.096454,-0.079799,0.091421,8.7885
3.0206,2.0329,0.096459,-0.079799,0.091407,8.7833
3.0206,2.0329,0.096464,-0.079806,0.091389,8.7835
3.0207,2.0329,0.096469,-0.079819,0.091373,8.7954
3.0207,2.0328,0.096474,-0.079828,0.091362,8.7909
3.0208,2.0328,0.096478,-0.079826,0.091361,8.7813
3.0208,2.0328,0.096483,-0.079818,0.091367,8.7924
3.0209,2.0328,0.096488,-0.07981,0.091373,8.7933
3.0209,2.0328,0.096493,-0.079817,0.091383,8.7816
3.021,2.0328,0.096498,-0.079826,0.091387,8.7944
3.0211,2.0328,0.096502,-0.079839,0.091388,8.8027
3.0211,2.0328,0.096507,-0.079849,0.091388,8.7901
3.0212,2.0328,0.096512,-0.079851,0.091385,8.7992
3.0212,2.0328,0.096517,-0.079846,0.091385,8.8043
3.0213,2.0328,0.096522,-0.079828,0.091384,8.7867
3.0213,2.0328,0.096526,-0.079818,0.091391,8.7902
3.0214,2.0328,0.096531,-0.079832,0.091404,8.7971
3.0214,2.0328,0.096536,-0.079847,0.091421,8.7876
3.0215,2.0328,0.096541,-0.079869,0.091443,8.7827
3.0215,2.0328,0.096546,-0.079898,0.091455,8.7951
3.0216,2.0328,0.09655,-0.079931,0.091457,8.7869
3.0216,2.0328,0.096555,-0.07997,0.091454,8.7775
3.0217,2.0328,0.09656,-0.080009,0.09145,8.7859
3.0217,2.0328,0.096565,-0.080055,0.091456,8.7906
3.0218,2.0328,0.09657,-0.080097,0.091466,8.7848
3.0218,2.0328,0.096575,-0.080129,0.091484,8.7869
3.0219,2.0328,0.096579,-0.080158,0.091506,8.787
3.0219,2.0328,0.096584,-0.08018,0.091526,8.7783
3.022,2.0327,0.096589,-0.080188,0.091548,8.7755
3.0221,2.0327,0.096594,-0.080181,0.091571,8.7899
3.0221,2.0327,0.096599,-0.080163,0.091596,8.7906
3.0222,2.0327,0.096603,-0.080156,0.091626,8.7922
3.0222,2.0327,0.096608,-0.080152,0.091653,8.8045
3.0223,2.0327,0.096613,-0.080168,0.091678,8.8011
3.0223,2.0327,0.096618,-0.080207,0.091709,8.8043
3.0224,2.0327,0.096623,-0.080262,0.091734,8.8104
3.0224,2.0327,0.096628,-0.080329,0.091752,8.8069
3.0225,2.0327,0.096632,-0.080399,0.091759,8.7944
3.0225,2.0327,0.096637,-0.080463,0.091766,8.8103
3.0226,2.0327,0.096642,-0.080532,0.091772,8.815
3.0226,2.0327,0.096647,-0.080592,0.091778,8.8109
3.0227,2.0327,0.096652,-0.080643,0.091789,8.8181
3.0227,2.0327,0.096657,-0.080687,0.091809,8.8261
3.0228,2.0327,0.096661,-0.080723,0.091824,8.8211
3.0228,2.0327,0.096666,-0.080764,0.091836,8.8135
3.0229,2.0327,0.096671,-0.080808,0.09184,8.8156
3.0229,2.0327,0.096676,-0.080856,0.091843,8.81
3.023,2.0327,0.096681,-0.080906,0.091841,8.8069
3.0231,2.0327,0.096686,-0.080958,0.091842,8.8172
3.0231,2.0327,0.09669,-0.081003,0.091841,8.813
3.0232,2.0327,0.096695,-0.081038,0.09184,8.8089
3.0232,2.0326,0.0967,-0.081061,0.091837,8.8202
3.0233,2.0326,0.096705,-0.08108,0.091834,8.8244
3.0233,2.0326,0.09671,-0.0811,0.091829,8.8145
3.0234,2.0326,0.096715,-0.081124,0.091824,8.8267
3.0234,2.0326,0.096719,-0.081149,0.091818,8.83
3.0235,2.0326,0.096724,-0.081175,0.091809,8.8251
3.0235,2.0326,0.096729,-0.081196,0.091808,8.8253
3.0236,2.0326,0.096734,-0.081211,0.091805,8.8385
3.0236,2.0326,0.096739,-0.081218,0.091801,8.8367
3.0237,2.0326,0.096744,-0.081223,0.091778,8.8414
3.0237,2.0326,0.096748,-0.081228,0.091777,8.8539
3.0238,2.0326,0.096753,-0.081231,0.091783,8.8458
3.0238,2.0326,0.096758,-0.081238,0.091819,8.8444
3.0239,2.0326,0.096763,-0.08124,0.091912,8.8565
3.0239,2.0326,0.096768,-0.081236,0.092044,8.8556
3.024,2.0326,0.096773,-0.081233,0.092179,8.8415
3.0241,2.0326,0.096777,-0.081221,0.092293,8.8455
3.0241,2.0326,0.096782,-0.0812,0.092353,8.8574
3.0242,2.0326,0.096787,-0.081173,0.092384,8.8465
3.0242,2.0326,0.096792,-0.081133,0.092366,8.8464
3.0243,2.0326,0.096797,-0.081095,0.092335,8.8553
3.0243,2.0326,0.096802,-0.081064,0.092326,8.842
3.0244,2.0326,0.096807,-0.081036,0.092325,8.8405
3.0244,2.0326,0.096811,-0.081021,0.092326,8.842
3.0245,2.0325,0.096816,-0.081013,0.092319,8.8344
3.0245,2.0325,0.096821,-0.081016,0.092309,8.8337
3.0246,2.0325,0.096826,-0.081022,0.092295,8.8414
3.0246,2.0325,0.096831,-0.081015,0.092273,8.8362
3.0247,2.0325,0.096836,-0.081,0.092238,8.835
3.0247,2.0325,0.096841,-0.080991,0.092208,8.8435
3.0248,2.0325,0.096845,-0.080969,0.09218,8.8455
3.0248,2.0325,0.09685,-0.080952,0.092147,8.8345
3.0249,2.0325,0.096855,-0.080945,0.092104,8.8461
3.0249,2.0325,0.09686,-0.080944,0.092067,8.8507
3.025,2.0325,0.096865,-0.080935,0.092027,8.8397
3.0251,2.0325,0.09687,-0.080921,0.091983,8.8457
3.0251,2.0325,0.096875,-0.080911,0.091933,8.8579
3.0252,2.0325,0.096879,-0.080907,0.091887,8.8457
3.0252,2.0325,0.096884,-0.080894,0.09184,8.8514
3.0253,2.0325,0.096889,-0.080888,0.091792,8.8668
3.0253,2.0325,0.096894,-0.080872,0.091744,8.8591
3.0254,2.0325,0.096899,-0.080838,0.091695,8.8568
3.0254,2.0325,0.096904,-0.080785,0.091646,8.8624
3.0255,2.0325,0.096908,-0.080736,0.091596,8.855
3.0255,2.0325,0.096913,-0.08071,0.091545,8.8355
3.0256,2.0325,0.096918,-0.080693,0.091494,8.8461
3.0256,2.0325,0.096923,-0.080679,0.091443,8.8481
3.0257,2.0324,0.096928,-0.080663,0.091392,8.8326
3.0257,2.0324,0.096932,-0.080637,0.091337,8.8337
3.0258,2.0324,0.096937,-0.080595,0.091283,8.8417
3.0258,2.0324,0.096942,-0.080548,0.091235,8.8291
3.0259,2.0324,0.096947,-0.08051,0.091193,8.8277
3.0259,2.0324,0.096952,-0.080481,0.091158,8.8253
3.026,2.0324,0.096956,-0.080465,0.091132,8.8268
3.0261,2.0324,0.096961,-0.080439,0.091107,8.8152
3.0261,2.0324,0.096966,-0.080408,0.091077,8.8311
3.0262,2.0324,0.096971,-0.080382,0.091031,8.8268
3.0262,2.0324,0.096976,-0.080353,0.090977,8.8232
3.0263,2.0324,0.09698,-0.080317,0.090923,8.8333
3.0263,2.0324,0.096985,-0.080281,0.090862,8.8426
3.0264,2.0324,0.09699,-0.080239,0.090807,8.8322
3.0264,2.0324,0.096995,-0.080212,0.090761,8.8374
3.0265,2.0324,0.096999,-0.080186,0.090722,8.8437
3.0265,2.0324,0.097004,-0.080177,0.09069,8.8375
3.0266,2.0324,0.097009,-0.080176,0.090665,8.8408
3.0266,2.0324,0.097014,-0.080179,0.090644,8.8448
3.0267,2.0324,0.097019,-0.080185,0.090624,8.8458
3.0267,2.0324,0.097023,-0.080184,0.090594,8.849
3.0268,2.0324,0.097028,-0.080185,0.09054,8.8604
3.0268,2.0324,0.097033,-0.080179,0.090495,8.8542
3.0269,2.0324,0.097038,-0.080165,0.090453,8.8448
3.0269,2.0323,0.097042,-0.080135,0.090412,8.8506
3.027,2.0323,0.097047,-0.080073,0.090376,8.8405
3.0271,2.0323,0.097052,-0.079996,0.09033,8.8209
3.0271,2.0323,0.097057,-0.079921,0.090272,8.83
3.0272,2.0323,0.097061,-0.079833,0.090203,8.8283
3.0272,2.0323,0.097066,-0.079753,0.0901,8.8114
3.0273,2.0323,0.097071,-0.079671,0.090005,8.8202
3.0273,2.0323,0.097076,-0.079595,0.089934,8.8254
3.0274,2.0323,0.09708,-0.079519,0.089883,8.8098
3.0274,2.0323,0.097085,-0.079439,0.089849,8.8138
3.0275,2.0323,0.09709,-0.079357,0.089813,8.8199
3.0275,2.0323,0.097094,-0.07928,0.089766,8.8099
3.0276,2.0323,0.097099,-0.079205,0.089698,8.8087
3.0276,2.0323,0.097104,-0.079127,0.089601,8.8214
3.0277,2.0323,0.097109,-0.07905,0.089463,8.8145
3.0277,2.0323,0.097113,-0.078974,0.089363,8.8142
3.0278,2.0323,0.097118,-0.078897,0.089284,8.8268
3.0278,2.0323,0.097123,-0.078831,0.089224,8.8353
3.0279,2.0323,0.097127,-0.078762,0.089174,8.8281
3.0279,2.0323,0.097132,-0.078702,0.089122,8.8338
3.028,2.0323,0.097137,-0.078656,0.089052,8.8391
3.0281,2.0323,0.097141,-0.078614,0.088959,8.8295
3.0281,2.0323,0.097146,-0.078589,0.088834,8.8286
3.0282,2.0323,0.097151,-0.078559,0.088725,8.8448
3.0282,2.0322,0.097155,-0.078533,0.088614,8.8444
3.0283,2.0322,0.09716,-0.078509,0.088507,8.8427
3.0283,2.0322,0.097165,-0.078475,0.088409,8.8584
3.0284,2.0322,0.097169,-0.078424,0.088316,8.8523
3.0284,2.0322,0.097174,-0.078354,0.088229,8.8441
3.0285,2.0322,0.097179,-0.078268,0.088136,8.8505
3.0285,2.0322,0.097183,-0.078163,0.088046,8.8466
3.0286,2.0322,0.097188,-0.078059,0.087958,8.833
3.0286,2.0322,0.097193,-0.077969,0.08786,8.8377
3.0287,2.0322,0.097197,-0.077877,0.087756,8.8358
3.0287,2.0322,0.097202,-0.077799,0.087647,8.8286
3.0288,2.0322,0.097206,-0.077739,0.087535,8.84
3.0288,2.0322,0.097211,-0.077693,0.087424,8.8516
3.0289,2.0322,0.097216,-0.077658,0.08731,8.844
3.0289,2.0322,0.09722,-0.077617,0.0872,8.8449
3.029,2.0322,0.097225,-0.077588,0.087089,8.8589
3.0291,2.0322,0.097229,-0.077562,0.086985,8.8544
3.0291,2.0322,0.097234,-0.077517,0.086883,8.8503
3.0292,2.0322,0.097239,-0.07746,0.086786,8.8595
3.0292,2.0322,0.097243,-0.077397,0.086696,8.8602
3.0293,2.0322,0.097248,-0.077331,0.086615,8.8581
3.0293,2.0322,0.097252,-0.077257,0.086543,8.8733
3.0294,2.0322,0.097257,-0.077162,0.086474,8.8816
3.0294,2.0322,0.097261,-0.077051,0.086397,8.8742
3.0295,2.0321,0.097266,-0.076949,0.086322,8.8816
3.0295,2.0321,0.09727,-0.076842,0.086239,8.8823
3.0296,2.0321,0.097275,-0.076721,0.086149,8.8739
3.0296,2.0321,0.097279,-0.076605,0.086054,8.8718
3.0297,2.0321,0.097284,-0.076487,0.085957,8.8794
3.0297,2.0321,0.097289,-0.076362,0.085862,8.8708
3.0298,2.0321,0.097293,-0.076226,0.085766,8.8686
3.0298,2.0321,0.097298,-0.076103,0.085666,8.8777
3.0299,2.0321,0.097302,-0.075993,0.085572,8.8724
3.0299,2.0321,0.097307,-0.075899,0.085479,8.8629
3.03,2.0321,0.097311,-0.075822,0.085389,8.8695
3.0301,2.0321,0.097316,-0.07576,0.085301,8.8629
3.0301,2.0321,0.09732,-0.075703,0.085212,8.8569
3.0302,2.0321,0.097324,-0.075647,0.085131,8.8547
3.0302,2.0321,0.097329,-0.075589,0.085039,8.853
3.0303,2.0321,0.097333,-0.075545,0.084962,8.8409
3.0303,2.0321,0.097338,-0.075503,0.08492,8.8505
3.0304,2.0321,0.097342,-0.075463,0.084934,8.863
3.0304,2.0321,0.097347,-0.075422,0.084982,8.8522
3.0305,2.0321,0.097351,-0.075371,0.085042,8.851
3.0305,2.0321,0.097356,-0.075316,0.085086,8.8564
3.0306,2.0321,0.09736,-0.075256,0.085094,8.8521
3.0306,2.0321,0.097365,-0.075194,0.085037,8.8516
3.0307,2.0321,0.097369,-0.075144,0.084947,8.8626
3.0307,2.0321,0.097374,-0.075114,0.084849,8.8521
3.0308,2.032,0.097378,-0.075097,0.084769,8.8478
3.0308,2.032,0.097383,-0.075087,0.084694,8.8684
3.0309,2.032,0.097387,-0.075064,0.084636,8.8685
3.0309,2.032,0.097392,-0.075032,0.084588,8.8501
3.031,2.032,0.097396,-0.074994,0.084541,8.8528
3.0311,2.032,0.0974,-0.074958,0.084501,8.8531
3.0311,2.032,0.097405,-0.074931,0.084455,8.8384
3.0312,2.032,0.097409,-0.074917,0.084412,8.8289
3.0312,2.032,0.097414,-0.074919,0.084371,8.8275
3.0313,2.032,0.097418,-0.07492,0.084323,8.8177
3.0313,2.032,0.097423,-0.074901,0.084267,8.8154
3.0314,2.032,0.097427,-0.074885,0.084207,8.8231
3.0314,2.032,0.097431,-0.074867,0.084141,8.8112
3.0315,2.032,0.097436,-0.074851,0.084087,8.8046
3.0315,2.032,0.09744,-0.074833,0.084029,8.8094
3.0316,2.032,0.097445,-0.074814,0.083988,8.7997
3.0316,2.032,0.097449,-0.074791,0.083955,8.7914
3.0317,2.032,0.097454,-0.074765,0.083925,8.7911
3.0317,2.032,0.097458,-0.074735,0.083895,8.7915
3.0318,2.032,0.097462,-0.074717,0.083867,8.7814
3.0318,2.032,0.097467,-0.074703,0.083841,8.7922
3.0319,2.032,0.097471,-0.074697,0.083818,8.8017
3.0319,2.032,0.097476,-0.074704,0.083793,8.7964
3.032,2.032,0.09748,-0.074728,0.083762,8.7938
3.0321,2.032,0.097484,-0.074762,0.083719,8.8043
3.0321,2.032,0.097489,-0.07479,0.083674,8.8019
3.0322,2.0319,0.097493,-0.074814,0.083628,8.7993
3.0322,2.0319,0.097498,-0.074825,0.08357,8.8052
3.0323,2.0319,0.097502,-0.074808,0.083512,8.8018
3.0323,2.0319,0.097506,-0.07477,0.083462,8.801
3.0324,2.0319,0.097511,-0.074715,0.083425,8.8141
3.0324,2.0319,0.097515,-0.074662,0.083394,8.8191
3.0325,2.0319,0.09752,-0.074612,0.08336,8.8094
3.0325,2.0319,0.097524,-0.07456,0.083324,8.8124
3.0326,2.0319,0.097528,-0.074523,0.08328,8.8095
3.0326,2.0319,0.097533,-0.074495,0.083222,8.796
3.0327,2.0319,0.097537,-0.074469,0.083157,8.7949
3.0327,2.0319,0.097542,-0.074447,0.083099,8.796
3.0328,2.0319,0.097546,-0.074422,0.08305,8.7861
3.0328,2.0319,0.09755,-0.074397,0.083007,8.7839
3.0329,2.0319,0.097555,-0.074364,0.082967,8.7968
3.0329,2.0319,0.097559,-0.074333,0.082936,8.7927
3.033,2.0319,0.097563,-0.074297,0.082916,8.7811
3.0331,2.0319,0.097568,-0.074263,0.082909,8.7938
3.0331,2.0319,0.097572,-0.074235,0.082911,8.7885
3.0332,2.0319,0.097576,-0.074218,0.082912,8.7784
3.0332,2.0319,0.097581,-0.074206,0.082915,8.7846
3.0333,2.0319,0.097585,-0.074194,0.082913,8.7899
3.0333,2.0319,0.09759,-0.074175,0.082904,8.7779
3.0334,2.0319,0.097594,-0.074153,0.082896,8.7886
3.0334,2.0319,0.097598,-0.074129,0.082898,8.8008
3.0335,2.0318,0.097603,-0.074106,0.082891,8.7996
3.0335,2.0318,0.097607,-0.074088,0.082898,8.7997
3.0336,2.0318,0.097611,-0.07408,0.082935,8.8105
3.0336,2.0318,0.097616,-0.074083,0.083033,8.8051
3.0337,2.0318,0.09762,-0.074086,0.083164,8.8051
3.0337,2.0318,0.097624,-0.074089,0.083289,8.8083
3.0338,2.0318,0.097629,-0.074082,0.083406,8.8117
3.0338,2.0318,0.097633,-0.07408,0.083449,8.801
3.0339,2.0318,0.097638,-0.074082,0.0834,8.8143
3.0339,2.0318,0.097642,-0.074081,0.083281,8.8136
3.034,2.0318,0.097646,-0.074085,0.08317,8.8044
3.0341,2.0318,0.097651,-0.074085,0.083106,8.8114
3.0341,2.0318,0.097655,-0.074083,0.083074,8.8037
3.0342,2.0318,0.09766,-0.074078,0.083066,8.7957
3.0342,2.0318,0.097664,-0.074057,0.083087,8.7963
3.0343,2.0318,0.097668,-0.074036,0.083073,8.8013
3.0343,2.0318,0.097673,-0.074019,0.083029,8.7835
3.0344,2.0318,0.097677,-0.07399,0.082952,8.7813
3.0344,2.0318,0.097681,-0.073971,0.082901,8.7962
3.0345,2.0318,0.097686,-0.073953,0.082845,8.7867
3.0345,2.0318,0.09769,-0.073943,0.082787,8.7835
3.0346,2.0318,0.097694,-0.073938,0.082739,8.7973
3.0346,2.0318,0.097699,-0.073934,0.082709,8.7973
3.0347,2.0318,0.097703,-0.07394,0.082673,8.7931
3.0347,2.0318,0.097708,-0.073954,0.082637,8.8009
3.0348,2.0318,0.097712,-0.073957,0.082603,8.8083
3.0348,2.0317,0.097716,-0.073964,0.08258,8.7984
3.0349,2.0317,0.097721,-0.073962,0.082543,8.8098
3.0349,2.0317,0.097725,-0.073954,0.082501,8.8199
3.035,2.0317,0.097729,-0.07394,0.082464,8.8128
3.0351,2.0317,0.097734,-0.073918,0.082431,8.8169
3.0351,2.0317,0.097738,-0.073904,0.082395,8.8247
3.0352,2.0317,0.097742,-0.073894,0.082366,8.8196
3.0352,2.0317,0.097747,-0.073876,0.082333,8.8191
3.0353,2.0317,0.097751,-0.073856,0.082309,8.8285
3.0353,2.0317,0.097755,-0.073835,0.082296,8.8184
3.0354,2.0317,0.09776,-0.073816,0.082289,8.8087
3.0354,2.0317,0.097764,-0.0738,0.082284,8.8181
3.0355,2.0317,0.097768,-0.073785,0.082273,8.8137
3.0355,2.0317,0.097773,-0.073776,0.082269,8.8018
3.0356,2.0317,0.097777,-0.07377,0.082266,8.812
3.0356,2.0317,0.097781,-0.073769,0.082259,8.8164
3.0357,2.0317,0.097786,-0.073777,0.082256,8.8042
3.0357,2.0317,0.09779,-0.073797,0.082256,8.8047
3.0358,2.0317,0.097794,-0.073828,0.082252,8.8086
3.0358,2.0317,0.097799,-0.073865,0.082238,8.7942
3.0359,2.0317,0.097803,-0.073904,0.082213,8.7986
3.0359,2.0317,0.097807,-0.073936,0.082182,8.8076
3.036,2.0317,0.097812,-0.073962,0.082149,8.8116
3.0361,2.0317,0.097816,-0.073985,0.082121,8.8099
3.0361,2.0317,0.09782,-0.074003,0.082108,8.8213
3.0362,2.0317,0.097824,-0.074025,0.082104,8.8167
3.0362,2.0316,0.097829,-0.074049,0.082102,8.8164
3.0363,2.0316,0.097833,-0.074075,0.082108,8.8239
3.0363,2.0316,0.097837,-0.07411,0.082108,8.8252
3.0364,2.0316,0.097842,-0.074143,0.082102,8.8146
3.0364,2.0316,0.097846,-0.074169,0.082088,8.8113
3.0365,2.0316,0.09785,-0.074192,0.082066,8.819
3.0365,2.0316,0.097855,-0.074209,0.082033,8.8093
3.0366,2.0316,0.097859,-0.074217,0.081993,8.8069
3.0366,2.0316,0.097863,-0.074221,0.081956,8.8117
3.0367,2.0316,0.097868,-0.074218,0.081932,8.7924
3.0367,2.0316,0.097872,-0.074217,0.08194,8.7871
3.0368,2.0316,0.097876,-0.074212,0.081942,8.7864
3.0368,2.0316,0.097881,-0.074205,0.081944,8.7762
3.0369,2.0316,0.097885,-0.074205,0.081943,8.7595
3.0369,2.0316,0.097889,-0.074213,0.081929,8.7656
3.037,2.0316,0.097894,-0.074217,0.08192,8.7644
3.0371,2.0316,0.097898,-0.074216,0.081919,8.7584
3.0371,2.0316,0.097902,-0.074214,0.081926,8.7657
3.0372,2.0316,0.097906,-0.074214,0.081966,8.7624
3.0372,2.0316,0.097911,-0.074218,0.081996,8.7541
3.0373,2.0316,0.097915,-0.07422,0.082003,8.7496
3.0373,2.0316,0.097919,-0.074221,0.081992,8.7561
3.0374,2.0316,0.097924,-0.074224,0.081969,8.7473
3.0374,2.0316,0.097928,-0.074221,0.081948,8.7432
3.0375,2.0316,0.097932,-0.074213,0.081933,8.7633
3.0375,2.0315,0.097937,-0.074207,0.081934,8.7597
3.0376,2.0315,0.097941,-0.074198,0.081949,8.7597
3.0376,2.0315,0.097945,-0.074187,0.081993,8.7753
3.0377,2.0315,0.09795,-0.074166,0.081994,8.7737
3.0377,2.0315,0.097954,-0.074139,0.08197,8.7655
3.0378,2.0315,0.097958,-0.074108,0.081929,8.7718
3.0378,2.0315,0.097963,-0.074084,0.081875,8.7737
3.0379,2.0315,0.097967,-0.074064,0.081823,8.7708
3.0379,2.0315,0.097971,-0.074042,0.081788,8.7754
3.038,2.0315,0.097975,-0.074018,0.081772,8.7819
3.0381,2.0315,0.09798,-0.073998,0.081788,8.7793
3.0381,2.0315,0.097984,-0.073972,0.08179,8.7815
3.0382,2.0315,0.097988,-0.073946,0.081795,8.7883
3.0382,2.0315,0.097993,-0.073918,0.081797,8.7726
3.0383,2.0315,0.097997,-0.073892,0.08179,8.7741
3.0383,2.0315,0.098001,-0.073859,0.081778,8.7749
3.0384,2.0315,0.098006,-0.073819,0.081759,8.7704
3.0384,2.0315,0.09801,-0.073775,0.081745,8.762
3.0385,2.0315,0.098014,-0.073731,0.081727,8.77
3.0385,2.0315,0.098018,-0.073683,0.081707,8.7631
3.0386,2.0315,0.098023,-0.073636,0.081696,8.758
3.0386,2.0315,0.098027,-0.073589,0.081692,8.7714
3.0387,2.0315,0.098031,-0.073538,0.081695,8.78
3.0387,2.0315,0.098036,-0.073491,0.081702,8.7685
3.0388,2.0315,0.09804,-0.073447,0.081711,8.7736
3.0388,2.0315,0.098044,-0.073405,0.081726,8.7813
3.0389,2.0314,0.098049,-0.073357,0.081738,8.7771
3.0389,2.0314,0.098053,-0.073305,0.081755,8.781
3.039,2.0314,0.098057,-0.073248,0.08177,8.7952
3.0391,2.0314,0.098062,-0.073182,0.08178,8.7918
3.0391,2.0314,0.098066,-0.073113,0.081787,8.7894
3.0392,2.0314,0.09807,-0.07305,0.08178,8.8125
3.0392,2.0314,0.098074,-0.072997,0.081763,8.8119
3.0393,2.0314,0.098079,-0.072953,0.081738,8.8064
3.0393,2.0314,0.098083,-0.072908,0.08171,8.812
3.0394,2.0314,0.098087,-0.072873,0.081685,8.8114
3.0394,2.0314,0.098092,-0.072841,0.081658,8.805
3.0395,2.0314,0.098096,-0.072809,0.081636,8.8105
3.0395,2.0314,0.0981,-0.072772,0.081624,8.8185
3.0396,2.0314,0.098105,-0.072731,0.081616,8.8148
3.0396,2.0314,0.098109,-0.07269,0.081616,8.8164
3.0397,2.0314,0.098113,-0.072648,0.081625,8.8237
3.0397,2.0314,0.098117,-0.072604,0.081643,8.8097
3.0398,2.0314,0.098122,-0.07256,0.081663,8.8038
3.0398,2.0314,0.098126,-0.07252,0.081671,8.8034
3.0399,2.0314,0.09813,-0.072487,0.081676,8.7987
3.0399,2.0314,0.098135,-0.072449,0.081682,8.7873
3.04,2.0314,0.098139,-0.072403,0.081685,8.7991
3.0401,2.0314,0.098143,-0.072353,0.081694,8.8015
3.0401,2.0314,0.098147,-0.072296,0.081703,8.8005
3.0402,2.0314,0.098152,-0.072229,0.081729,8.809
3.0402,2.0314,0.098156,-0.072155,0.081738,8.8189
3.0403,2.0313,0.09816,-0.072083,0.081703,8.8097
3.0403,2.0313,0.098165,-0.072015,0.08161,8.818
3.0404,2.0313,0.098169,-0.071944,0.081477,8.8225
3.0404,2.0313,0.098173,-0.071876,0.08132,8.8225
3.0405,2.0313,0.098178,-0.071812,0.081179,8.8235
3.0405,2.0313,0.098182,-0.071752,0.081071,8.8345
3.0406,2.0313,0.098186,-0.071699,0.081035,8.8329
3.0406,2.0313,0.09819,-0.071651,0.081031,8.8347
3.0407,2.0313,0.098195,-0.071608,0.081037,8.8451
3.0407,2.0313,0.098199,-0.071566,0.081031,8.8436
3.0408,2.0313,0.098203,-0.07152,0.081021,8.8363
3.0408,2.0313,0.098207,-0.071474,0.080992,8.8444
3.0409,2.0313,0.098212,-0.071429,0.080955,8.8394
3.0409,2.0313,0.098216,-0.071382,0.080913,8.8275
3.041,2.0313,0.09822,-0.071334,0.080866,8.8363
3.0411,2.0313,0.098224,-0.071284,0.080816,8.8398
3.0411,2.0313,0.098229,-0.071232,0.080775,8.8238
3.0412,2.0313,0.098233,-0.071177,0.080737,8.8318
3.0412,2.0313,0.098237,-0.071121,0.080705,8.8419
3.0413,2.0313,0.098241,-0.071064,0.080674,8.8283
3.0413,2.0313,0.098246,-0.071006,0.080648,8.8256
3.0414,2.0313,0.09825,-0.070948,0.080631,8.8367
3.0414,2.0313,0.098254,-0.07089,0.080605,8.8226
3.0415,2.0313,0.098258,-0.070833,0.080585,8.8163
3.0415,2.0313,0.098263,-0.070774,0.080563,8.8279
3.0416,2.0313,0.098267,-0.070709,0.080525,8.8253
3.0416,2.0313,0.098271,-0.070642,0.080475,8.8178
3.0417,2.0312,0.098275,-0.070569,0.080411,8.8301
3.0417,2.0312,0.09828,-0.070494,0.080337,8.8441
3.0418,2.0312,0.098284,-0.07042,0.080257,8.8367
3.0418,2.0312,0.098288,-0.07035,0.080168,8.8449
3.0419,2.0312,0.098292,-0.070287,0.080077,8.8501
3.0419,2.0312,0.098296,-0.070226,0.07999,8.8409
3.042,2.0312,0.098301,-0.070166,0.079915,8.8436
3.0421,2.0312,0.098305,-0.070111,0.079853,8.853
3.0421,2.0312,0.098309,-0.070048,0.079803,8.8484
3.0422,2.0312,0.098313,-0.069983,0.079779,8.8478
3.0422,2.0312,0.098317,-0.069923,0.079766,8.8504
3.0423,2.0312,0.098322,-0.069868,0.079748,8.8514
3.0423,2.0312,0.098326,-0.069816,0.079714,8.8481
3.0424,2.0312,0.09833,-0.069767,0.079669,8.8507
3.0424,2.0312,0.098334,-0.069718,0.079616,8.8424
3.0425,2.0312,0.098338,-0.06967,0.07956,8.8273
3.0425,2.0312,0.098343,-0.069615,0.079509,8.8266
3.0426,2.0312,0.098347,-0.069555,0.079481,8.8259
3.0426,2.0312,0.098351,-0.069495,0.079472,8.8074
3.0427,2.0312,0.098355,-0.069436,0.079474,8.8149
3.0427,2.0312,0.098359,-0.069373,0.079483,8.8146
3.0428,2.0312,0.098363,-0.06931,0.079505,8.8099
3.0428,2.0312,0.098368,-0.069248,0.079529,8.7993
3.0429,2.0312,0.098372,-0.06919,0.079556,8.8114
3.0429,2.0312,0.098376,-0.069134,0.079577,8.8031
3.043,2.0312,0.09838,-0.069074,0.079589,8.7997
3.0431,2.0312,0.098384,-0.069015,0.079596,8.8084
3.0431,2.0311,0.098389,-0.068959,0.079605,8.8092
3.0432,2.0311,0.098393,-0.068901,0.079612,8.8088
3.0432,2.0311,0.098397,-0.068848,0.079624,8.8222
3.0433,2.0311,0.098401,-0.068803,0.07964,8.8301
3.0433,2.0311,0.098405,-0.068763,0.079667,8.8207
3.0434,2.0311,0.09841,-0.068715,0.079683,8.8343
3.0434,2.0311,0.098414,-0.068666,0.079711,8.8439
3.0435,2.0311,0.098418,-0.068612,0.079725,8.8274
3.0435,2.0311,0.098422,-0.068556,0.079704,8.8349
3.0436,2.0311,0.098426,-0.068496,0.079632,8.8458
3.0436,2.0311,0.098431,-0.068437,0.079496,8.8308
3.0437,2.0311,0.098435,-0.068385,0.079351,8.827
3.0437,2.0311,0.098439,-0.068333,0.079181,8.8434
3.0438,2.0311,0.098443,-0.068279,0.079016,8.8441
3.0438,2.0311,0.098447,-0.068226,0.078907,8.8327
3.0439,2.0311,0.098451,-0.068168,0.078854,8.8365
3.0439,2.0311,0.098455,-0.06811,0.078807,8.8277
3.044,2.0311,0.09846,-0.068057,0.078761,8.8149
3.0441,2.0311,0.098464,-0.06801,0.078698,8.8124
3.0441,2.0311,0.098468,-0.067978,0.07865,8.8076
3.0442,2.0311,0.098472,-0.067961,0.078579,8.801
3.0442,2.0311,0.098476,-0.067954,0.078513,8.8051
3.0443,2.0311,0.09848,-0.067951,0.078456,8.8124
3.0443,2.0311,0.098484,-0.067948,0.078422,8.8041
3.0444,2.0311,0.098489,-0.067935,0.078368,8.8077
3.0444,2.0311,0.098493,-0.067916,0.07832,8.8235
3.0445,2.0311,0.098497,-0.067888,0.078279,8.8162
3.0445,2.0311,0.098501,-0.067857,0.078237,8.8121
3.0446,2.031,0.098505,-0.067826,0.078194,8.823
3.0446,2.031,0.098509,-0.067792,0.078157,8.8187
3.0447,2.031,0.098513,-0.067757,0.078115,8.8103
3.0447,2.031,0.098517,-0.06773,0.078077,8.8311
3.0448,2.031,0.098521,-0.067708,0.078038,8.8388
3.0448,2.031,0.098526,-0.067697,0.078009,8.8291
3.0449,2.031,0.09853,-0.0677,0.077993,8.8371
3.0449,2.031,0.098534,-0.06771,0.077973,8.8427
3.045,2.031,0.098538,-0.067723,0.077956,8.836
3.0451,2.031,0.098542,-0.067727,0.07794,8.8403
3.0451,2.031,0.098546,-0.067724,0.077923,8.8501
3.0452,2.031,0.09855,-0.067716,0.077913,8.8397
3.0452,2.031,0.098554,-0.067709,0.077902,8.8419
3.0453,2.031,0.098558,-0.067708,0.077888,8.847
3.0453,2.031,0.098563,-0.06772,0.077875,8.8478
3.0454,2.031,0.098567,-0.067737,0.077861,8.8348
3.0454,2.031,0.098571,-0.067758,0.077856,8.8492
3.0455,2.031,0.098575,-0.067775,0.077846,8.8448
3.0455,2.031,0.098579,-0.06779,0.077842,8.8318
3.0456,2.031,0.098583,-0.067803,0.077844,8.8362
3.0456,2.031,0.098587,-0.067812,0.077842,8.8343
3.0457,2.031,0.098591,-0.067811,0.077833,8.8259
3.0457,2.031,0.098595,-0.067803,0.077819,8.8416
3.0458,2.031,0.098599,-0.067786,0.077801,8.8435
3.0458,2.031,0.098603,-0.067762,0.077791,8.8399
3.0459,2.031,0.098608,-0.067733,0.07778,8.8446
3.0459,2.031,0.098612,-0.067708,0.077783,8.8583
3.046,2.031,0.098616,-0.067693,0.077793,8.8529
3.0461,2.0309,0.09862,-0.067688,0.077805,8.8515
3.0461,2.0309,0.098624,-0.067688,0.077819,8.8568
3.0462,2.0309,0.098628,-0.067694,0.077838,8.8528
3.0462,2.0309,0.098632,-0.067703,0.077863,8.8469
3.0463,2.0309,0.098636,-0.067714,0.077894,8.8569
3.0463,2.0309,0.09864,-0.06772,0.077923,8.8625
3.0464,2.0309,0.098644,-0.067732,0.077966,8.8587
3.0464,2.0309,0.098649,-0.067744,0.078019,8.8618
3.0465,2.0309,0.098653,-0.067755,0.078072,8.8758
3.0465,2.0309,0.098657,-0.067769,0.078125,8.8591
3.0466,2.0309,0.098661,-0.067779,0.078177,8.8539
3.0466,2.0309,0.098665,-0.067789,0.07822,8.8535
3.0467,2.0309,0.098669,-0.067797,0.078248,8.8403
3.0467,2.0309,0.098673,-0.067803,0.078263,8.8398
3.0468,2.0309,0.098677,-0.067808,0.078273,8.8486
3.0468,2.0309,0.098681,-0.067807,0.078276,8.8484
3.0469,2.0309,0.098686,-0.067797,0.078279,8.8397
3.0469,2.0309,0.09869,-0.067788,0.078283,8.8461
3.047,2.0309,0.098694,-0.067782,0.078287,8.8376
3.0471,2.0309,0.098698,-0.067779,0.078292,8.8289
3.0471,2.0309,0.098702,-0.067778,0.078304,8.8364
3.0472,2.0309,0.098706,-0.067778,0.07832,8.8354
3.0472,2.0309,0.09871,-0.067772,0.078332,8.8261
3.0473,2.0309,0.098714,-0.067765,0.07833,8.8383
3.0473,2.0309,0.098719,-0.06775,0.078321,8.8436
3.0474,2.0309,0.098723,-0.06774,0.078311,8.841
3.0474,2.0309,0.098727,-0.067726,0.078298,8.8395
3.0475,2.0309,0.098731,-0.06771,0.07829,8.8515
3.0475,2.0308,0.098735,-0.067697,0.07829,8.8373
3.0476,2.0308,0.098739,-0.067685,0.078303,8.8381
3.0476,2.0308,0.098743,-0.067689,0.078328,8.8477
3.0477,2.0308,0.098747,-0.067695,0.078353,8.8395
3.0477,2.0308,0.098752,-0.067713,0.078376,8.8241
3.0478,2.0308,0.098756,-0.067728,0.078398,8.8373
3.0478,2.0308,0.09876,-0.067728,0.078418,8.8334
3.0479,2.0308,0.098764,-0.067735,0.078432,8.8287
3.0479,2.0308,0.098768,-0.06774,0.078442,8.827
3.048,2.0308,0.098772,-0.06775,0.078451,8.8213
3.0481,2.0308,0.098776,-0.06777,0.078462,8.8023
3.0481,2.0308,0.09878,-0.067795,0.078472,8.802
3.0482,2.0308,0.098785,-0.067829,0.078479,8.8073
3.0482,2.0308,0.098789,-0.06785,0.078481,8.7904
3.0483,2.0308,0.098793,-0.067868,0.078487,8.7895
3.0483,2.0308,0.098797,-0.067897,0.078493,8.7945
3.0484,2.0308,0.098801,-0.067926,0.0785,8.7866
3.0484,2.0308,0.098805,-0.067972,0.078507,8.7875
3.0485,2.0308,0.098809,-0.068015,0.078515,8.7926
3.0485,2.0308,0.098814,-0.068064,0.078523,8.7896
3.0486,2.0308,0.098818,-0.068116,0.078531,8.7832
3.0486,2.0308,0.098822,-0.068164,0.078537,8.7911
3.0487,2.0308,0.098826,-0.068207,0.078544,8.7988
3.0487,2.0308,0.09883,-0.068242,0.078555,8.7807
3.0488,2.0308,0.098834,-0.068272,0.078578,8.7891
3.0488,2.0308,0.098838,-0.068309,0.078609,8.8062
3.0489,2.0308,0.098842,-0.068339,0.078656,8.7969
3.0489,2.0308,0.098847,-0.068372,0.078703,8.7946
3.049,2.0307,0.098851,-0.068414,0.078756,8.8008
3.0491,2.0307,0.098855,-0.068462,0.078792,8.7936
3.0491,2.0307,0.098859,-0.06851,0.078833,8.79
3.0492,2.0307,0.098863,-0.068554,0.07887,8.7864
3.0492,2.0307,0.098867,-0.068583,0.078906,8.7872
3.0493,2.0307,0.098871,-0.068612,0.07893,8.781
3.0493,2.0307,0.098876,-0.068637,0.078952,8.7845
3.0494,2.0307,0.09888,-0.06866,0.078966,8.7847
3.0494,2.0307,0.098884,-0.068682,0.078981,8.7713
3.0495,2.0307,0.098888,-0.068709,0.078982,8.782
3.0495,2.0307,0.098892,-0.068741,0.078992,8.7837
3.0496,2.0307,0.098896,-0.068769,0.078997,8.7654
3.0496,2.0307,0.098901,-0.068795,0.078996,8.7681
3.0497,2.0307,0.098905,-0.068822,0.078983,8.7656
3.0497,2.0307,0.098909,-0.068842,0.07897,8.7593
3.0498,2.0307,0.098913,-0.068851,0.078968,8.7637
3.0498,2.0307,0.098917,-0.068847,0.078972,8.7713
3.0499,2.0307,0.098921,-0.068837,0.078977,8.77
3.0499,2.0307,0.098926,-0.068821,0.078987,8.772
3.05,2.0307,0.09893,-0.068809,0.078996,8.7869
3.0501,2.0307,0.098934,-0.068809,0.079001,8.7836
3.0501,2.0307,0.098938,-0.068816,0.079009,8.7763
3.0502,2.0307,0.098942,-0.068828,0.079026,8.7879
3.0502,2.0307,0.098946,-0.068838,0.079058,8.7878
3.0503,2.0307,0.09895,-0.068847,0.079091,8.7815
3.0503,2.0307,0.098955,-0.068857,0.079123,8.7884
3.0504,2.0307,0.098959,-0.068867,0.079156,8.7965
3.0504,2.0306,0.098963,-0.068876,0.079176,8.7891
3.0505,2.0306,0.098967,-0.068882,0.079184,8.7907
3.0505,2.0306,0.098971,-0.068884,0.079187,8.8033
3.0506,2.0306,0.098975,-0.068882,0.079191,8.7955
3.0506,2.0306,0.09898,-0.068875,0.079198,8.7935
3.0507,2.0306,0.098984,-0.06887,0.079202,8.7965
3.0507,2.0306,0.098988,-0.068866,0.079206,8.7916
3.0508,2.0306,0.098992,-0.068863,0.079215,8.7837
3.0508,2.0306,0.098996,-0.068856,0.079223,8.7912
3.0509,2.0306,0.099001,-0.068846,0.079233,8.793
3.0509,2.0306,0.099005,-0.068835,0.079243,8.7838
3.051,2.0306,0.099009,-0.068822,0.079258,8.7902
3.0511,2.0306,0.099013,-0.068809,0.079268,8.7905
3.0511,2.0306,0.099017,-0.068792,0.079276,8.7768
3.0512,2.0306,0.099021,-0.068769,0.079285,8.7865
3.0512,2.0306,0.099026,-0.068739,0.079297,8.7902
3.0513,2.0306,0.09903,-0.068702,0.079306,8.7747
3.0513,2.0306,0.099034,-0.068658,0.079313,8.7748
3.0514,2.0306,0.099038,-0.068608,0.079316,8.7934
3.0514,2.0306,0.099042,-0.068555,0.079319,8.7904
3.0515,2.0306,0.099046,-0.068505,0.079311,8.7928
3.0515,2.0306,0.099051,-0.06846,0.079308,8.8041
3.0516,2.0306,0.099055,-0.068417,0.079311,8.8062
3.0516,2.0306,0.099059,-0.06838,0.079326,8.8011
3.0517,2.0306,0.099063,-0.068345,0.079343,8.8165
3.0517,2.0306,0.099067,-0.06831,0.079362,8.8133
3.0518,2.0306,0.099071,-0.068271,0.079388,8.8054
3.0518,2.0306,0.099076,-0.068226,0.079422,8.8021
3.0519,2.0305,0.09908,-0.068178,0.079457,8.8133
3.0519,2.0305,0.099084,-0.068129,0.079497,8.8059
3.052,2.0305,0.099088,-0.068073,0.079532,8.8113
3.0521,2.0305,0.099092,-0.068023,0.079565,8.8226
3.0521,2.0305,0.099097,-0.067972,0.079578,8.806
3.0522,2.0305,0.099101,-0.067925,0.079579,8.8001
3.0522,2.0305,0.099105,-0.067885,0.079576,8.8038
3.0523,2.0305,0.099109,-0.067847,0.079576,8.7934
3.0523,2.0305,0.099113,-0.067809,0.079587,8.7818
3.0524,2.0305,0.099118,-0.067768,0.079608,8.793
3.0524,2.0305,0.099122,-0.06772,0.079637,8.7949
3.0525,2.0305,0.099126,-0.067666,0.079675,8.7862
3.0525,2.0305,0.09913,-0.06761,0.079704,8.7973
3.0526,2.0305,0.099134,-0.067554,0.079727,8.8036
3.0526,2.0305,0.099138,-0.0675,0.079742,8.7929
3.0527,2.0305,0.099143,-0.067449,0.079746,8.7982
3.0527,2.0305,0.099147,-0.0674,0.079741,8.7968
3.0528,2.0305,0.099151,-0.06735,0.079731,8.7922
3.0528,2.0305,0.099155,-0.067296,0.079712,8.7958
3.0529,2.0305,0.099159,-0.06724,0.07969,8.8059
3.0529,2.0305,0.099164,-0.067188,0.079666,8.8039
3.053,2.0305,0.099168,-0.067142,0.079634,8.805
3.0531,2.0305,0.099172,-0.067098,0.079597,8.816
3.0531,2.0305,0.099176,-0.067056,0.079557,8.8158
3.0532,2.0305,0.09918,-0.067012,0.079519,8.8016
3.0532,2.0305,0.099185,-0.066961,0.079486,8.8043
3.0533,2.0305,0.099189,-0.066902,0.079447,8.7952
3.0533,2.0305,0.099193,-0.066845,0.079417,8.7854
3.0534,2.0304,0.099197,-0.066789,0.07939,8.7768
3.0534,2.0304,0.099201,-0.06674,0.079354,8.7836
3.0535,2.0304,0.099205,-0.066693,0.079321,8.7719
3.0535,2.0304,0.09921,-0.066646,0.079291,8.7715
3.0536,2.0304,0.099214,-0.066603,0.079262,8.7783
3.0536,2.0304,0.099218,-0.066556,0.079234,8.763
3.0537,2.0304,0.099222,-0.066512,0.079203,8.7578
3.0537,2.0304,0.099226,-0.066471,0.07918,8.765
3.0538,2.0304,0.099231,-0.066424,0.079148,8.7553
3.0538,2.0304,0.099235,-0.06638,0.079103,8.7442
3.0539,2.0304,0.099239,-0.066333,0.079053,8.7534
3.0539,2.0304,0.099243,-0.066285,0.078993,8.7489
3.054,2.0304,0.099247,-0.066236,0.078923,8.7375
3.0541,2.0304,0.099251,-0.066184,0.07885,8.7484
3.0541,2.0304,0.099255,-0.066132,0.078785,8.7525
3.0542,2.0304,0.09926,-0.066078,0.078723,8.7433
3.0542,2.0304,0.099264,-0.06602,0.078673,8.7503
3.0543,2.0304,0.099268,-0.065964,0.078629,8.7508
3.0543,2.0304,0.099272,-0.065908,0.078587,8.7449
3.0544,2.0304,0.099276,-0.06585,0.078548,8.7477
3.0544,2.0304,0.09928,-0.065795,0.078506,8.7599
3.0545,2.0304,0.099284,-0.065738,0.078467,8.7628
3.0545,2.0304,0.099289,-0.065691,0.078431,8.7634
3.0546,2.0304,0.099293,-0.06565,0.07839,8.7736
3.0546,2.0304,0.099297,-0.065608,0.078359,8.7773
3.0547,2.0304,0.099301,-0.065573,0.078319,8.7727
3.0547,2.0304,0.099305,-0.065535,0.078275,8.7752
3.0548,2.0304,0.099309,-0.065495,0.078229,8.7747
3.0548,2.0304,0.099313,-0.065464,0.078178,8.769
3.0549,2.0303,0.099317,-0.065433,0.078132,8.7685
3.0549,2.0303,0.099321,-0.06541,0.078092,8.7749
3.055,2.0303,0.099326,-0.065381,0.078057,8.7661
3.0551,2.0303,0.09933,-0.065346,0.078028,8.7664
3.0551,2.0303,0.099334,-0.065325,0.077994,8.7723
3.0552,2.0303,0.099338,-0.065306,0.077957,8.7622
3.0552,2.0303,0.099342,-0.065292,0.077916,8.7632
3.0553,2.0303,0.099346,-0.065289,0.077856,8.7696
3.0553,2.0303,0.09935,-0.065283,0.077821,8.7658
3.0554,2.0303,0.099354,-0.065268,0.077802,8.7603
3.0554,2.0303,0.099358,-0.065236,0.077791,8.7589
3.0555,2.0303,0.099362,-0.0652,0.077776,8.761
3.0555,2.0303,0.099367,-0.06516,0.077758,8.7604
3.0556,2.0303,0.099371,-0.065114,0.077733,8.7751
3.0556,2.0303,0.099375,-0.06507,0.077698,8.7866
3.0557,2.0303,0.099379,-0.065029,0.077647,8.7762
3.0557,2.0303,0.099383,-0.064994,0.077623,8.7874
3.0558,2.0303,0.099387,-0.064978,0.077601,8.7993
3.0558,2.0303,0.099391,-0.064978,0.077581,8.7971
3.0559,2.0303,0.099395,-0.064984,0.077538,8.798
3.0559,2.0303,0.099399,-0.064981,0.077501,8.8067
3.056,2.0303,0.099403,-0.064965,0.077491,8.8009
3.0561,2.0303,0.099407,-0.064934,0.077517,8.802
3.0561,2.0303,0.099411,-0.064884,0.077591,8.8234
3.0562,2.0303,0.099416,-0.064827,0.077669,8.8235
3.0562,2.0303,0.09942,-0.064772,0.077746,8.8122
3.0563,2.0303,0.099424,-0.064724,0.077833,8.8173
3.0563,2.0303,0.099428,-0.064679,0.077875,8.8113
3.0564,2.0303,0.099432,-0.064634,0.077879,8.8055
3.0564,2.0302,0.099436,-0.064594,0.077856,8.8073
3.0565,2.0302,0.09944,-0.064555,0.077808,8.8096
3.0565,2.0302,0.099444,-0.064519,0.07774,8.7924
3.0566,2.0302,0.099448,-0.064487,0.077633,8.7929
3.0566,2.0302,0.099452,-0.064457,0.077523,8.8033
3.0567,2.0302,0.099456,-0.064435,0.077436,8.7962
3.0567,2.0302,0.099461,-0.064423,0.077349,8.7991
3.0568,2.0302,0.099465,-0.064413,0.077253,8.8016
3.0568,2.0302,0.099469,-0.064408,0.077186,8.7972
3.0569,2.0302,0.099473,-0.064402,0.077136,8.7905
3.0569,2.0302,0.099477,-0.064398,0.077097,8.796
3.057,2.0302,0.099481,-0.064396,0.07706,8.7961
3.0571,2.0302,0.099485,-0.064395,0.077011,8.7927
3.0571,2.0302,0.099489,-0.064388,0.076952,8.8108
3.0572,2.0302,0.099493,-0.064401,0.076877,8.8141
3.0572,2.0302,0.099497,-0.064417,0.076789,8.807
3.0573,2.0302,0.099501,-0.064444,0.076714,8.8173
3.0573,2.0302,0.099505,-0.064482,0.076635,8.8281
3.0574,2.0302,0.099509,-0.064541,0.076556,8.8193
3.0574,2.0302,0.099513,-0.064609,0.076472,8.82
3.0575,2.0302,0.099517,-0.064674,0.076391,8.8309
3.0575,2.0302,0.099521,-0.064722,0.076298,8.8244
3.0576,2.0302,0.099525,-0.064768,0.076212,8.8184
3.0576,2.0302,0.099529,-0.064805,0.076156,8.8302
3.0577,2.0302,0.099533,-0.064823,0.076134,8.8327
3.0577,2.0302,0.099537,-0.064846,0.076148,8.8261
3.0578,2.0302,0.099541,-0.064885,0.076205,8.8332
3.0578,2.0302,0.099545,-0.064923,0.07626,8.8252
3.0579,2.0302,0.099549,-0.064969,0.076307,8.819
3.0579,2.0302,0.099553,-0.065011,0.076338,8.8164
3.058,2.0301,0.099557,-0.065062,0.076335,8.8256
3.0581,2.0301,0.099561,-0.065112,0.076331,8.8169
3.0581,2.0301,0.099565,-0.06515,0.076317,8.8185
3.0582,2.0301,0.099569,-0.065206,0.076292,8.826
3.0582,2.0301,0.099573,-0.065261,0.076252,8.8188
3.0583,2.0301,0.099577,-0.065311,0.076167,8.8193
3.0583,2.0301,0.099581,-0.065361,0.076063,8.8273
3.0584,2.0301,0.099585,-0.065392,0.075957,8.8195
3.0584,2.0301,0.099589,-0.065426,0.07583,8.8193
3.0585,2.0301,0.099593,-0.065448,0.075718,8.8279
3.0585,2.0301,0.099597,-0.065464,0.075609,8.8262
3.0586,2.0301,0.099601,-0.065483,0.075504,8.8194
3.0586,2.0301,0.099605,-0.0655,0.0754,8.8397
3.0587,2.0301,0.099609,-0.065518,0.075294,8.8464
3.0587,2.0301,0.099613,-0.065534,0.075177,8.8458
3.0588,2.0301,0.099617,-0.065546,0.075037,8.8581
3.0588,2.0301,0.099621,-0.065565,0.074903,8.8556
3.0589,2.0301,0.099625,-0.065584,0.074765,8.8486
3.0589,2.0301,0.099629,-0.065602,0.074643,8.848
3.059,2.0301,0.099633,-0.065616,0.074575,8.8463
3.0591,2.0301,0.099637,-0.065625,0.074528,8.8346
3.0591,2.0301,0.099641,-0.065626,0.074485,8.8339
3.0592,2.0301,0.099645,-0.065622,0.074424,8.8432
3.0592,2.0301,0.099649,-0.065607,0.074333,8.8362
3.0593,2.0301,0.099652,-0.065583,0.074225,8.8267
3.0593,2.0301,0.099656,-0.065555,0.074078,8.8314
3.0594,2.0301,0.09966,-0.065527,0.07392,8.8285
3.0594,2.0301,0.099664,-0.065496,0.073785,8.8216
3.0595,2.0301,0.099668,-0.065465,0.073631,8.8208
3.0595,2.03,0.099672,-0.065435,0.073492,8.8218
3.0596,2.03,0.099676,-0.065403,0.073385,8.8044
3.0596,2.03,0.09968,-0.065363,0.073324,8.8091
3.0597,2.03,0.099683,-0.065319,0.073302,8.8214
3.0597,2.03,0.099687,-0.065273,0.073311,8.8115
3.0598,2.03,0.099691,-0.065224,0.07334,8.8128
3.0598,2.03,0.099695,-0.065179,0.073373,8.8257
3.0599,2.03,0.099699,-0.065141,0.073384,8.8213
3.0599,2.03,0.099703,-0.065103,0.073391,8.8108
3.06,2.03,0.099707,-0.065064,0.073394,8.822
3.0601,2.03,0.09971,-0.065022,0.073388,8.8232
3.0601,2.03,0.099714,-0.064983,0.073371,8.8151
3.0602,2.03,0.099718,-0.064947,0.073347,8.8274
3.0602,2.03,0.099722,-0.064903,0.073317,8.8344
3.0603,2.03,0.099726,-0.064863,0.073278,8.8299
3.0603,2.03,0.09973,-0.064824,0.073239,8.8346
3.0604,2.03,0.099734,-0.06478,0.073222,8.8331
3.0604,2.03,0.099737,-0.064735,0.073185,8.8236
3.0605,2.03,0.099741,-0.064679,0.073128,8.8238
3.0605,2.03,0.099745,-0.064622,0.073055,8.8264
3.0606,2.03,0.099749,-0.064563,0.072973,8.8136
3.0606,2.03,0.099753,-0.064496,0.072886,8.8075
3.0607,2.03,0.099757,-0.064433,0.072796,8.8268
3.0607,2.03,0.099761,-0.064371,0.072718,8.8142
3.0608,2.03,0.099764,-0.064313,0.072663,8.8093
3.0608,2.03,0.099768,-0.064255,0.072589,8.8153
3.0609,2.03,0.099772,-0.064192,0.072512,8.8124
3.0609,2.03,0.099776,-0.064127,0.072434,8.8008
3.061,2.03,0.09978,-0.064057,0.07235,8.8072
3.0611,2.0299,0.099783,-0.063987,0.072257,8.8072
3.0611,2.0299,0.099787,-0.063919,0.072149,8.7971
3.0612,2.0299,0.099791,-0.063855,0.072032,8.799
3.0612,2.0299,0.099795,-0.063798,0.071906,8.8092
3.0613,2.0299,0.099799,-0.063744,0.071772,8.8056
3.0613,2.0299,0.099802,-0.06369,0.071632,8.8064
3.0614,2.0299,0.099806,-0.063631,0.071486,8.8177
3.0614,2.0299,0.09981,-0.063565,0.071339,8.8141
3.0615,2.0299,0.099814,-0.063493,0.071187,8.8104
3.0615,2.0299,0.099817,-0.063416,0.071028,8.8249
3.0616,2.0299,0.099821,-0.06334,0.070866,8.8254
3.0616,2.0299,0.099825,-0.06327,0.070703,8.8265
3.0617,2.0299,0.099828,-0.063207,0.070539,8.8452
3.0617,2.0299,0.099832,-0.063149,0.070369,8.8439
3.0618,2.0299,0.099836,-0.063097,0.070191,8.8406
3.0618,2.0299,0.09984,-0.063048,0.070012,8.8454
3.0619,2.0299,0.099843,-0.063,0.069827,8.8544
3.0619,2.0299,0.099847,-0.06295,0.069635,8.8438
3.062,2.0299,0.099851,-0.062901,0.06943,8.8421
3.0621,2.0299,0.099854,-0.062851,0.06923,8.8435
3.0621,2.0299,0.099858,-0.062799,0.069031,8.8356
3.0622,2.0299,0.099861,-0.062737,0.06883,8.8287
3.0622,2.0299,0.099865,-0.062665,0.068628,8.8451
3.0623,2.0299,0.099869,-0.062586,0.068422,8.836
3.0623,2.0299,0.099872,-0.062507,0.068213,8.8329
3.0624,2.0299,0.099876,-0.062435,0.067997,8.8466
3.0624,2.0299,0.099879,-0.062371,0.067774,8.8431
3.0625,2.0299,0.099883,-0.062312,0.067552,8.8415
3.0625,2.0299,0.099887,-0.062255,0.067328,8.8457
3.0626,2.0299,0.09989,-0.062192,0.067102,8.8431
3.0626,2.0298,0.099894,-0.062122,0.066874,8.8453
3.0627,2.0298,0.099897,-0.062049,0.066644,8.8499
3.0627,2.0298,0.099901,-0.061976,0.066412,8.8558
3.0628,2.0298,0.099904,-0.061907,0.066178,8.8535
3.0628,2.0298,0.099908,-0.061843,0.065943,8.8532
3.0629,2.0298,0.099911,-0.061778,0.065704,8.862
3.0629,2.0298,0.099914,-0.061701,0.065469,8.8563
3.063,2.0298,0.099918,-0.061618,0.065236,8.8522
3.0631,2.0298,0.099921,-0.061531,0.065006,8.8596
3.0631,2.0298,0.099925,-0.061445,0.064776,8.8562
3.0632,2.0298,0.099928,-0.061365,0.064545,8.8433
3.0632,2.0298,0.099931,-0.061295,0.064313,8.8574
3.0633,2.0298,0.099935,-0.06124,0.064071,8.8616
3.0633,2.0298,0.099938,-0.061188,0.063828,8.8517
3.0634,2.0298,0.099942,-0.061133,0.063605,8.8585
3.0634,2.0298,0.099945,-0.061078,0.063395,8.8635
3.0635,2.0298,0.099948,-0.061028,0.06319,8.8516
3.0635,2.0298,0.099952,-0.060982,0.062984,8.8537
3.0636,2.0298,0.099955,-0.060936,0.062774,8.8503
3.0636,2.0298,0.099958,-0.060896,0.062561,8.8354
3.0637,2.0298,0.099961,-0.060858,0.062334,8.8346
3.0637,2.0298,0.099965,-0.060822,0.062108,8.8412
3.0638,2.0298,0.099968,-0.060785,0.061891,8.8346
3.0638,2.0298,0.099971,-0.060743,0.061682,8.8275
3.0639,2.0298,0.099974,-0.060707,0.061483,8.8327
3.0639,2.0298,0.099978,-0.060672,0.061296,8.8358
3.064,2.0298,0.099981,-0.060636,0.061122,8.8246
3.0641,2.0298,0.099984,-0.060605,0.060954,8.8318
3.0641,2.0298,0.099987,-0.060572,0.060788,8.8277
3.0642,2.0298,0.09999,-0.060543,0.060616,8.8201
3.0642,2.0298,0.099994,-0.060515,0.060442,8.8276
3.0643,2.0297,0.099997,-0.060487,0.060267,8.8341
3.0643,2.0297,0.1,-0.060463,0.060093,8.8258
3.0644,2.0297,0.1,-0.06044,0.059921,8.8258
3.0644,2.0297,0.10001,-0.060423,0.059746,8.8342
3.0645,2.0297,0.10001,-0.060398,0.059568,8.8323
3.0645,2.0297,0.10001,-0.060361,0.059388,8.8241
3.0646,2.0297,0.10002,-0.060327,0.059195,8.8225
3.0646,2.0297,0.10002,-0.060281,0.059004,8.8187
3.0647,2.0297,0.10002,-0.060241,0.058809,8.8076
3.0647,2.0297,0.10002,-0.060199,0.058609,8.8112
3.0648,2.0297,0.10003,-0.060145,0.058409,8.8169
3.0648,2.0297,0.10003,-0.060095,0.058215,8.8043
3.0649,2.0297,0.10003,-0.060046,0.058033,8.806
3.0649,2.0297,0.10004,-0.060012,0.057859,8.8115
3.065,2.0297,0.10004,-0.059992,0.057689,8.7922
3.0651,2.0297,0.10004,-0.059965,0.05753,8.7873
3.0651,2.0297,0.10005,-0.059944,0.057374,8.7938
3.0652,2.0297,0.10005,-0.059914,0.057217,8.7748
3.0652,2.0297,0.10005,-0.059866,0.057077,8.7694
3.0653,2.0297,0.10006,-0.059815,0.056915,8.7749
3.0653,2.0297,0.10006,-0.05977,0.056737,8.7678
3.0654,2.0297,0.10006,-0.059746,0.056549,8.7685
3.0654,2.0297,0.10006,-0.059733,0.056358,8.7873
3.0655,2.0297,0.10007,-0.059723,0.056172,8.786
3.0655,2.0297,0.10007,-0.059715,0.055996,8.7772
3.0656,2.0297,0.10007,-0.059712,0.055839,8.7884
3.0656,2.0297,0.10008,-0.059713,0.055708,8.7853
3.0657,2.0297,0.10008,-0.05971,0.055567,8.7728
3.0657,2.0297,0.10008,-0.059691,0.055428,8.7793
3.0658,2.0297,0.10008,-0.059662,0.055293,8.7913
3.0658,2.0297,0.10009,-0.05963,0.055176,8.7895
3.0659,2.0297,0.10009,-0.059605,0.055052,8.7887
3.0659,2.0296,0.10009,-0.059596,0.054906,8.8016
3.066,2.0296,0.1001,-0.059604,0.054724,8.7978
3.0661,2.0296,0.1001,-0.059629,0.054487,8.7929
3.0661,2.0296,0.1001,-0.059658,0.054235,8.7966
3.0662,2.0296,0.1001,-0.059676,0.05397,8.7898
3.0662,2.0296,0.10011,-0.059682,0.053688,8.7802
3.0663,2.0296,0.10011,-0.059676,0.053429,8.7799
3.0663,2.0296,0.10011,-0.059669,0.053192,8.7822
3.0664,2.0296,0.10012,-0.059658,0.052981,8.7805
3.0664,2.0296,0.10012,-0.059651,0.052794,8.7851
3.0665,2.0296,0.10012,-0.059649,0.052621,8.7838
3.0665,2.0296,0.10012,-0.059652,0.052492,8.775
3.0666,2.0296,0.10013,-0.059661,0.052377,8.7813
3.0666,2.0296,0.10013,-0.059678,0.052252,8.7806
3.0667,2.0296,0.10013,-0.059703,0.052132,8.7709
3.0667,2.0296,0.10014,-0.059736,0.05203,8.7724
3.0668,2.0296,0.10014,-0.059771,0.05191,8.7764
3.0668,2.0296,0.10014,-0.059814,0.05178,8.7692
3.0669,2.0296,0.10014,-0.059857,0.05164,8.7724
3.0669,2.0296,0.10015,-0.059898,0.051492,8.7875
3.067,2.0296,0.10015,-0.059944,0.051348,8.7868
3.0671,2.0296,0.10015,-0.059998,0.051211,8.7821
3.0671,2.0296,0.10015,-0.060044,0.051092,8.7969
3.0672,2.0296,0.10016,-0.060094,0.051005,8.7976
3.0672,2.0296,0.10016,-0.060135,0.050918,8.7889
3.0673,2.0296,0.10016,-0.060168,0.050842,8.8008
3.0673,2.0296,0.10017,-0.060184,0.050771,8.8106
3.0674,2.0296,0.10017,-0.060199,0.050706,8.7984
3.0674,2.0296,0.10017,-0.06022,0.050651,8.8009
3.0675,2.0296,0.10017,-0.060261,0.050617,8.8123
3.0675,2.0296,0.10018,-0.0603,0.05058,8.8059
3.0676,2.0296,0.10018,-0.060354,0.050521,8.7991
3.0676,2.0295,0.10018,-0.060416,0.050426,8.8073
3.0677,2.0295,0.10018,-0.060475,0.050281,8.8015
3.0677,2.0295,0.10019,-0.060535,0.050079,8.7861
3.0678,2.0295,0.10019,-0.060594,0.049867,8.7909
3.0678,2.0295,0.10019,-0.060646,0.049661,8.7891
3.0679,2.0295,0.10019,-0.060698,0.049468,8.7833
3.0679,2.0295,0.1002,-0.060739,0.049304,8.7888
3.068,2.0295,0.1002,-0.060769,0.049138,8.7966
3.0681,2.0295,0.1002,-0.060798,0.048986,8.7818
3.0681,2.0295,0.1002,-0.060816,0.048855,8.7865
3.0682,2.0295,0.10021,-0.060842,0.048744,8.7899
3.0682,2.0295,0.10021,-0.060863,0.04869,8.7882
3.0683,2.0295,0.10021,-0.06088,0.048668,8.7786
3.0683,2.0295,0.10021,-0.060896,0.04866,8.7916
3.0684,2.0295,0.10022,-0.06091,0.048688,8.7863
3.0684,2.0295,0.10022,-0.060918,0.048698,8.7931
3.0685,2.0295,0.10022,-0.060929,0.048712,8.8061
3.0685,2.0295,0.10022,-0.06094,0.048729,8.8091
3.0686,2.0295,0.10023,-0.060955,0.048753,8.8018
3.0686,2.0295,0.10023,-0.060971,0.048784,8.8165
3.0687,2.0295,0.10023,-0.060984,0.048827,8.8103
3.0687,2.0295,0.10024,-0.060997,0.048891,8.8046
3.0688,2.0295,0.10024,-0.061015,0.048939,8.8138
3.0688,2.0295,0.10024,-0.06103,0.048986,8.8196
3.0689,2.0295,0.10024,-0.061054,0.049019,8.8074
3.0689,2.0295,0.10025,-0.06108,0.049013,8.8096
3.069,2.0295,0.10025,-0.061103,0.048991,8.8173
3.0691,2.0295,0.10025,-0.061121,0.048966,8.8081
3.0691,2.0295,0.10025,-0.061141,0.048963,8.801
3.0692,2.0295,0.10026,-0.061166,0.048996,8.8111
3.0692,2.0295,0.10026,-0.061195,0.049046,8.7976
3.0693,2.0294,0.10026,-0.061221,0.049146,8.7897
3.0693,2.0294,0.10026,-0.061247,0.049252,8.7958
3.0694,2.0294,0.10027,-0.061267,0.04938,8.7996
3.0694,2.0294,0.10027,-0.06128,0.049552,8.7909
3.0695,2.0294,0.10027,-0.061287,0.049728,8.8005
3.0695,2.0294,0.10027,-0.061295,0.04989,8.8099
3.0696,2.0294,0.10028,-0.061305,0.050014,8.8005
3.0696,2.0294,0.10028,-0.061324,0.050084,8.8107
3.0697,2.0294,0.10028,-0.061356,0.050094,8.8135
3.0697,2.0294,0.10028,-0.061399,0.050046,8.8035
3.0698,2.0294,0.10029,-0.061445,0.049995,8.7978
3.0698,2.0294,0.10029,-0.061497,0.049955,8.796
3.0699,2.0294,0.10029,-0.061555,0.049914,8.795
3.0699,2.0294,0.1003,-0.061611,0.049877,8.7816
3.07,2.0294,0.1003,-0.061674,0.049843,8.7979
3.0701,2.0294,0.1003,-0.06174,0.04981,8.792
3.0701,2.0294,0.1003,-0.061811,0.049778,8.7776
3.0702,2.0294,0.10031,-0.061885,0.049748,8.7894
3.0702,2.0294,0.10031,-0.061954,0.049722,8.7856
3.0703,2.0294,0.10031,-0.062014,0.049696,8.7724
3.0703,2.0294,0.10031,-0.062072,0.049647,8.7783
3.0704,2.0294,0.10032,-0.062125,0.049616,8.7818
3.0704,2.0294,0.10032,-0.062181,0.049601,8.7685
3.0705,2.0294,0.10032,-0.062235,0.049599,8.7722
3.0705,2.0294,0.10032,-0.06229,0.049605,8.7792
3.0706,2.0294,0.10033,-0.062346,0.049613,8.7752
3.0706,2.0294,0.10033,-0.062399,0.049628,8.7744
3.0707,2.0294,0.10033,-0.062441,0.049634,8.7725
3.0707,2.0294,0.10033,-0.062476,0.049616,8.7633
3.0708,2.0294,0.10034,-0.062509,0.049613,8.7556
3.0708,2.0293,0.10034,-0.062539,0.04961,8.761
3.0709,2.0293,0.10034,-0.062564,0.049605,8.7643
3.0709,2.0293,0.10034,-0.062585,0.049598,8.7531
3.071,2.0293,0.10035,-0.062603,0.049586,8.7682
3.0711,2.0293,0.10035,-0.06262,0.049579,8.7754
3.0711,2.0293,0.10035,-0.062636,0.049571,8.769
3.0712,2.0293,0.10036,-0.062651,0.049552,8.7751
3.0712,2.0293,0.10036,-0.062667,0.049549,8.7789
3.0713,2.0293,0.10036,-0.062683,0.049581,8.7713
3.0713,2.0293,0.10036,-0.062703,0.049671,8.771
3.0714,2.0293,0.10037,-0.062726,0.049779,8.7794
3.0714,2.0293,0.10037,-0.062754,0.049907,8.777
3.0715,2.0293,0.10037,-0.062781,0.05006,8.78
3.0715,2.0293,0.10037,-0.062817,0.050201,8.7882
3.0716,2.0293,0.10038,-0.06285,0.050279,8.79
3.0716,2.0293,0.10038,-0.062877,0.050349,8.7811
3.0717,2.0293,0.10038,-0.062906,0.050404,8.7823
3.0717,2.0293,0.10038,-0.062926,0.050429,8.7751
3.0718,2.0293,0.10039,-0.062925,0.050436,8.7702
3.0718,2.0293,0.10039,-0.062909,0.050443,8.7742
3.0719,2.0293,0.10039,-0.062878,0.05046,8.7772
3.0719,2.0293,0.10039,-0.062841,0.050445,8.7691
3.072,2.0293,0.1004,-0.062805,0.050426,8.7687
3.0721,2.0293,0.1004,-0.062766,0.050431,8.7771
3.0721,2.0293,0.1004,-0.062744,0.05041,8.7764
3.0722,2.0293,0.10041,-0.062729,0.050393,8.7719
3.0722,2.0293,0.10041,-0.06271,0.050408,8.7847
3.0723,2.0293,0.10041,-0.062696,0.050421,8.7774
3.0723,2.0293,0.10041,-0.062675,0.050402,8.7743
3.0724,2.0293,0.10042,-0.06264,0.05036,8.7805
3.0724,2.0293,0.10042,-0.062613,0.050348,8.7802
3.0725,2.0292,0.10042,-0.062589,0.050366,8.7741
3.0725,2.0292,0.10042,-0.062574,0.050368,8.7908
3.0726,2.0292,0.10043,-0.062568,0.050405,8.804
3.0726,2.0292,0.10043,-0.062563,0.050455,8.8021
3.0727,2.0292,0.10043,-0.062559,0.050506,8.8102
3.0727,2.0292,0.10043,-0.062544,0.050543,8.8238
3.0728,2.0292,0.10044,-0.062515,0.050585,8.8217
3.0728,2.0292,0.10044,-0.062488,0.050654,8.8203
3.0729,2.0292,0.10044,-0.062467,0.050717,8.8252
3.0729,2.0292,0.10045,-0.062447,0.050758,8.8179
3.073,2.0292,0.10045,-0.062432,0.050775,8.8197
3.0731,2.0292,0.10045,-0.062413,0.050759,8.8325
3.0731,2.0292,0.10045,-0.062396,0.050708,8.8365
3.0732,2.0292,0.10046,-0.062385,0.050628,8.8212
3.0732,2.0292,0.10046,-0.06238,0.050519,8.8307
3.0733,2.0292,0.10046,-0.062387,0.050418,8.8289
3.0733,2.0292,0.10046,-0.062406,0.050313,8.8132
3.0734,2.0292,0.10047,-0.062437,0.050253,8.8128
3.0734,2.0292,0.10047,-0.062466,0.050228,8.8192
3.0735,2.0292,0.10047,-0.062488,0.050239,8.8078
3.0735,2.0292,0.10047,-0.062511,0.050272,8.8066
3.0736,2.0292,0.10048,-0.062528,0.050305,8.819
3.0736,2.0292,0.10048,-0.062537,0.050334,8.82
3.0737,2.0292,0.10048,-0.062538,0.050332,8.8173
3.0737,2.0292,0.10049,-0.06254,0.050323,8.8303
3.0738,2.0292,0.10049,-0.062542,0.050291,8.8247
3.0738,2.0292,0.10049,-0.062529,0.050211,8.8233
3.0739,2.0292,0.10049,-0.06252,0.050109,8.8306
3.0739,2.0292,0.1005,-0.062509,0.049996,8.8341
3.074,2.0292,0.1005,-0.062489,0.049903,8.8219
3.0741,2.0291,0.1005,-0.062461,0.049828,8.8382
3.0741,2.0291,0.1005,-0.062414,0.049735,8.8426
3.0742,2.0291,0.10051,-0.062362,0.049645,8.8358
3.0742,2.0291,0.10051,-0.062298,0.049522,8.8348
3.0743,2.0291,0.10051,-0.062221,0.049347,8.8521
3.0743,2.0291,0.10051,-0.062146,0.049148,8.8415
3.0744,2.0291,0.10052,-0.062072,0.048943,8.8328
3.0744,2.0291,0.10052,-0.061999,0.04875,8.8381
3.0745,2.0291,0.10052,-0.061932,0.048548,8.8386
3.0745,2.0291,0.10052,-0.061865,0.048364,8.8343
3.0746,2.0291,0.10053,-0.061805,0.048216,8.8433
3.0746,2.0291,0.10053,-0.061739,0.048114,8.8418
3.0747,2.0291,0.10053,-0.061672,0.048063,8.8359
3.0747,2.0291,0.10053,-0.061607,0.048051,8.8419
3.0748,2.0291,0.10054,-0.061541,0.048058,8.8371
3.0748,2.0291,0.10054,-0.061468,0.048059,8.8303
3.0749,2.0291,0.10054,-0.061391,0.048032,8.8295
3.0749,2.0291,0.10054,-0.061313,0.047992,8.8324
3.075,2.0291,0.10055,-0.061235,0.047942,8.8213
3.0751,2.0291,0.10055,-0.061154,0.047886,8.8291
3.0751,2.0291,0.10055,-0.061074,0.047827,8.8342
3.0752,2.0291,0.10055,-0.061003,0.047764,8.836
3.0752,2.0291,0.10056,-0.060937,0.047697,8.8403
3.0753,2.0291,0.10056,-0.060876,0.047626,8.8507
3.0753,2.0291,0.10056,-0.060811,0.047564,8.8507
3.0754,2.0291,0.10056,-0.060744,0.047474,8.842
3.0754,2.0291,0.10057,-0.060677,0.047377,8.8532
3.0755,2.0291,0.10057,-0.06061,0.047244,8.8508
3.0755,2.0291,0.10057,-0.060538,0.04709,8.8359
3.0756,2.0291,0.10057,-0.06047,0.046928,8.855
3.0756,2.0291,0.10058,-0.060406,0.046774,8.8516
3.0757,2.029,0.10058,-0.060345,0.046652,8.8447
3.0757,2.029,0.10058,-0.060286,0.046539,8.8535
3.0758,2.029,0.10058,-0.060226,0.046409,8.8573
3.0758,2.029,0.10059,-0.060162,0.046291,8.8446
3.0759,2.029,0.10059,-0.060091,0.046153,8.8391
3.0759,2.029,0.10059,-0.060014,0.046017,8.847
3.076,2.029,0.10059,-0.059935,0.04589,8.837
3.0761,2.029,0.1006,-0.059854,0.045777,8.8283
3.0761,2.029,0.1006,-0.059779,0.045684,8.8375
3.0762,2.029,0.1006,-0.059714,0.045573,8.8355
3.0762,2.029,0.1006,-0.059663,0.045459,8.8362
3.0763,2.029,0.10061,-0.059619,0.045342,8.8432
3.0763,2.029,0.10061,-0.059588,0.045221,8.8365
3.0764,2.029,0.10061,-0.059565,0.045098,8.8242
3.0764,2.029,0.10061,-0.059548,0.044972,8.8326
3.0765,2.029,0.10062,-0.059534,0.044843,8.8302
3.0765,2.029,0.10062,-0.059522,0.044711,8.8263
3.0766,2.029,0.10062,-0.059503,0.044577,8.8228
3.0766,2.029,0.10062,-0.059483,0.044441,8.8311
3.0767,2.029,0.10062,-0.05946,0.044302,8.8306
3.0767,2.029,0.10063,-0.059443,0.044161,8.8316
3.0768,2.029,0.10063,-0.059419,0.044014,8.8453
3.0768,2.029,0.10063,-0.059399,0.043867,8.8434
3.0769,2.029,0.10063,-0.059383,0.043726,8.8344
3.0769,2.029,0.10064,-0.059363,0.043586,8.8378
3.077,2.029,0.10064,-0.059334,0.043452,8.8406
3.0771,2.029,0.10064,-0.059308,0.043321,8.8311
3.0771,2.029,0.10064,-0.059279,0.043188,8.8353
3.0772,2.029,0.10065,-0.059254,0.043046,8.8397
3.0772,2.029,0.10065,-0.059231,0.042898,8.8269
3.0773,2.029,0.10065,-0.059215,0.042748,8.8262
3.0773,2.029,0.10065,-0.059201,0.042598,8.8328
3.0774,2.0289,0.10065,-0.059188,0.042442,8.8239
3.0774,2.0289,0.10066,-0.059178,0.042285,8.8205
3.0775,2.0289,0.10066,-0.059166,0.042125,8.8222
3.0775,2.0289,0.10066,-0.05915,0.041967,8.8173
3.0776,2.0289,0.10066,-0.059136,0.041811,8.8135
3.0776,2.0289,0.10067,-0.059123,0.041666,8.8253
3.0777,2.0289,0.10067,-0.059109,0.041529,8.8235
3.0777,2.0289,0.10067,-0.059094,0.041398,8.8197
3.0778,2.0289,0.10067,-0.05908,0.04127,8.8324
3.0778,2.0289,0.10067,-0.059065,0.04114,8.8299
3.0779,2.0289,0.10068,-0.059043,0.04101,8.817
3.0779,2.0289,0.10068,-0.059022,0.040884,8.8253
3.078,2.0289,0.10068,-0.059001,0.040756,8.8263
3.0781,2.0289,0.10068,-0.05899,0.040624,8.8202
3.0781,2.0289,0.10068,-0.05899,0.040485,8.819
3.0782,2.0289,0.10069,-0.058999,0.040337,8.8362
3.0782,2.0289,0.10069,-0.059015,0.040181,8.8363
3.0783,2.0289,0.10069,-0.059035,0.040019,8.8422
3.0783,2.0289,0.10069,-0.059058,0.039852,8.8596
3.0784,2.0289,0.1007,-0.059083,0.039694,8.8599
3.0784,2.0289,0.1007,-0.059107,0.039539,8.8544
3.0785,2.0289,0.1007,-0.059135,0.039388,8.868
3.0785,2.0289,0.1007,-0.059165,0.039238,8.8646
3.0786,2.0289,0.1007,-0.059195,0.039088,8.858
3.0786,2.0289,0.10071,-0.059233,0.038934,8.8594
3.0787,2.0289,0.10071,-0.059265,0.038782,8.8635
3.0787,2.0289,0.10071,-0.059293,0.03863,8.8538
3.0788,2.0289,0.10071,-0.059319,0.038484,8.8591
3.0788,2.0289,0.10071,-0.059333,0.038339,8.8692
3.0789,2.0289,0.10072,-0.059344,0.038195,8.8599
3.0789,2.0289,0.10072,-0.059357,0.038047,8.8588
3.079,2.0289,0.10072,-0.059379,0.037902,8.8591
3.0791,2.0288,0.10072,-0.05941,0.037755,8.8533
3.0791,2.0288,0.10072,-0.059443,0.037615,8.8472
3.0792,2.0288,0.10073,-0.059476,0.037476,8.8591
3.0792,2.0288,0.10073,-0.059505,0.037338,8.8628
3.0793,2.0288,0.10073,-0.059533,0.037213,8.8547
3.0793,2.0288,0.10073,-0.059572,0.037061,8.8661
3.0794,2.0288,0.10073,-0.05962,0.036887,8.871
3.0794,2.0288,0.10074,-0.059676,0.036704,8.8621
3.0795,2.0288,0.10074,-0.059735,0.036513,8.8693
3.0795,2.0288,0.10074,-0.059793,0.036326,8.8763
3.0796,2.0288,0.10074,-0.059837,0.036154,8.8615
3.0796,2.0288,0.10074,-0.059869,0.036007,8.8599
3.0797,2.0288,0.10075,-0.0599,0.035894,8.8735
3.0797,2.0288,0.10075,-0.059936,0.035777,8.8598
3.0798,2.0288,0.10075,-0.059968,0.035669,8.8601
3.0798,2.0288,0.10075,-0.059995,0.035565,8.877
3.0799,2.0288,0.10075,-0.060014,0.03546,8.8733
3.0799,2.0288,0.10075,-0.060024,0.035358,8.8644
3.08,2.0288,0.10076,-0.060013,0.035258,8.8622
3.0801,2.0288,0.10076,-0.060002,0.035161,8.8568
3.0801,2.0288,0.10076,-0.059985,0.035067,8.8472
3.0802,2.0288,0.10076,-0.059968,0.034976,8.8531
3.0802,2.0288,0.10076,-0.059959,0.034887,8.8497
3.0803,2.0288,0.10077,-0.059961,0.034802,8.8415
3.0803,2.0288,0.10077,-0.059971,0.03472,8.8469
3.0804,2.0288,0.10077,-0.059982,0.03464,8.8513
3.0804,2.0288,0.10077,-0.05999,0.034564,8.8443
3.0805,2.0288,0.10077,-0.060002,0.034491,8.845
3.0805,2.0288,0.10077,-0.059995,0.034411,8.8528
3.0806,2.0288,0.10078,-0.059976,0.034353,8.8434
3.0806,2.0288,0.10078,-0.059953,0.03431,8.834
3.0807,2.0288,0.10078,-0.059932,0.034262,8.8443
3.0807,2.0287,0.10078,-0.0599,0.034229,8.8401
3.0808,2.0287,0.10078,-0.059863,0.034233,8.8379
3.0808,2.0287,0.10079,-0.059836,0.034256,8.8454
3.0809,2.0287,0.10079,-0.059819,0.034278,8.8591
3.0809,2.0287,0.10079,-0.059795,0.034281,8.8513
3.081,2.0287,0.10079,-0.059766,0.034282,8.8598
3.0811,2.0287,0.10079,-0.059738,0.034261,8.8526
3.0811,2.0287,0.10079,-0.059712,0.034214,8.841
3.0812,2.0287,0.1008,-0.059685,0.034148,8.8422
3.0812,2.0287,0.1008,-0.05966,0.034065,8.8527
3.0813,2.0287,0.1008,-0.059639,0.033924,8.8386
3.0813,2.0287,0.1008,-0.05962,0.033758,8.837
3.0814,2.0287,0.1008,-0.059596,0.033564,8.847
3.0814,2.0287,0.10081,-0.059573,0.033333,8.8397
3.0815,2.0287,0.10081,-0.059541,0.033102,8.8303
3.0815,2.0287,0.10081,-0.059505,0.032925,8.8384
3.0816,2.0287,0.10081,-0.059471,0.03275,8.8307
3.0816,2.0287,0.10081,-0.059426,0.032585,8.8135
3.0817,2.0287,0.10081,-0.059376,0.032446,8.8192
3.0817,2.0287,0.10082,-0.059327,0.032325,8.8156
3.0818,2.0287,0.10082,-0.05929,0.032204,8.8061
3.0818,2.0287,0.10082,-0.059268,0.032072,8.8158
3.0819,2.0287,0.10082,-0.059246,0.031973,8.8209
3.0819,2.0287,0.10082,-0.059222,0.031882,8.8113
3.082,2.0287,0.10082,-0.059197,0.031767,8.8127
3.0821,2.0287,0.10083,-0.059155,0.03168,8.8246
3.0821,2.0287,0.10083,-0.059104,0.031593,8.8146
3.0822,2.0287,0.10083,-0.059051,0.031474,8.8066
3.0822,2.0287,0.10083,-0.058999,0.031356,8.8202
3.0823,2.0287,0.10083,-0.058947,0.031271,8.8168
3.0823,2.0287,0.10083,-0.058904,0.031214,8.8076
3.0824,2.0287,0.10084,-0.058854,0.031129,8.8219
3.0824,2.0286,0.10084,-0.058798,0.031002,8.8256
3.0825,2.0286,0.10084,-0.058738,0.030914,8.8143
3.0825,2.0286,0.10084,-0.058673,0.030806,8.8194
3.0826,2.0286,0.10084,-0.058609,0.03069,8.8143
3.0826,2.0286,0.10084,-0.05854,0.030554,8.8092
3.0827,2.0286,0.10085,-0.058486,0.030434,8.8018
3.0827,2.0286,0.10085,-0.058451,0.030331,8.8068
3.0828,2.0286,0.10085,-0.058413,0.030187,8.7956
3.0828,2.0286,0.10085,-0.058386,0.030038,8.7972
3.0829,2.0286,0.10085,-0.058367,0.029954,8.8028
3.0829,2.0286,0.10085,-0.058345,0.029896,8.7963
3.083,2.0286,0.10085,-0.058324,0.029835,8.7922
3.0831,2.0286,0.10086,-0.058289,0.029788,8.7903
3.0831,2.0286,0.10086,-0.058245,0.029764,8.79
3.0832,2.0286,0.10086,-0.058182,0.029774,8.7788
3.0832,2.0286,0.10086,-0.0581,0.029744,8.7799
3.0833,2.0286,0.10086,-0.058015,0.02969,8.7784
3.0833,2.0286,0.10086,-0.057922,0.029617,8.7735
3.0834,2.0286,0.10087,-0.057827,0.029506,8.784
3.0834,2.0286,0.10087,-0.057733,0.02933,8.7944
3.0835,2.0286,0.10087,-0.057635,0.029168,8.7883
3.0835,2.0286,0.10087,-0.057527,0.029005,8.7997
3.0836,2.0286,0.10087,-0.057416,0.028838,8.8023
3.0836,2.0286,0.10087,-0.0573,0.028677,8.7911
3.0837,2.0286,0.10087,-0.057177,0.028476,8.7904
3.0837,2.0286,0.10088,-0.057053,0.028308,8.8001
3.0838,2.0286,0.10088,-0.056937,0.028208,8.7997
3.0838,2.0286,0.10088,-0.056811,0.028123,8.7932
3.0839,2.0286,0.10088,-0.056684,0.028095,8.8094
3.0839,2.0286,0.10088,-0.056563,0.028052,8.8174
3.084,2.0286,0.10088,-0.056453,0.027962,8.8044
3.0841,2.0286,0.10089,-0.056353,0.027869,8.8127
3.0841,2.0286,0.10089,-0.056248,0.027755,8.8197
3.0842,2.0285,0.10089,-0.056157,0.027688,8.8094
3.0842,2.0285,0.10089,-0.056074,0.027711,8.8068
3.0843,2.0285,0.10089,-0.055981,0.027776,8.8126
3.0843,2.0285,0.10089,-0.055885,0.027893,8.8028
3.0844,2.0285,0.10089,-0.055795,0.028007,8.8111
3.0844,2.0285,0.1009,-0.055707,0.028122,8.8124
3.0845,2.0285,0.1009,-0.055622,0.028227,8.8085
3.0845,2.0285,0.1009,-0.05553,0.028309,8.8032
3.0846,2.0285,0.1009,-0.055446,0.02836,8.8139
3.0846,2.0285,0.1009,-0.055369,0.028376,8.8102
3.0847,2.0285,0.1009,-0.055296,0.028359,8.7984
3.0847,2.0285,0.1009,-0.055232,0.028317,8.8036
3.0848,2.0285,0.10091,-0.055167,0.028266,8.8077
3.0848,2.0285,0.10091,-0.055112,0.028218,8.8008
3.0849,2.0285,0.10091,-0.055057,0.028159,8.811
3.0849,2.0285,0.10091,-0.055,0.028088,8.8193
3.085,2.0285,0.10091,-0.054938,0.028003,8.8091
3.0851,2.0285,0.10091,-0.054877,0.027905,8.8221
3.0851,2.0285,0.10091,-0.054809,0.027791,8.8312
3.0852,2.0285,0.10092,-0.054733,0.027669,8.8231
3.0852,2.0285,0.10092,-0.054663,0.027546,8.8216
3.0853,2.0285,0.10092,-0.054606,0.027406,8.8336
3.0853,2.0285,0.10092,-0.054557,0.027299,8.8282
3.0854,2.0285,0.10092,-0.054511,0.027192,8.8259
3.0854,2.0285,0.10092,-0.054455,0.027116,8.8362
3.0855,2.0285,0.10092,-0.054409,0.027057,8.835
3.0855,2.0285,0.10093,-0.054353,0.026998,8.8297
3.0856,2.0285,0.10093,-0.054307,0.026935,8.8328
3.0856,2.0285,0.10093,-0.05427,0.026833,8.8285
3.0857,2.0285,0.10093,-0.054241,0.026714,8.8194
3.0857,2.0285,0.10093,-0.054223,0.026603,8.8156
3.0858,2.0285,0.10093,-0.054204,0.026462,8.8149
3.0858,2.0285,0.10093,-0.054179,0.026328,8.8051
3.0859,2.0285,0.10094,-0.054165,0.026183,8.8129
3.0859,2.0284,0.10094,-0.054151,0.02602,8.8188
3.086,2.0284,0.10094,-0.054151,0.025845,8.816
3.0861,2.0284,0.10094,-0.054145,0.025646,8.8097
3.0861,2.0284,0.10094,-0.05415,0.025456,8.8202
3.0862,2.0284,0.10094,-0.054151,0.025265,8.8109
3.0862,2.0284,0.10094,-0.054147,0.025075,8.8045
3.0863,2.0284,0.10095,-0.054127,0.024886,8.8138
3.0863,2.0284,0.10095,-0.054097,0.024699,8.8116
3.0864,2.0284,0.10095,-0.054056,0.024509,8.7998
3.0864,2.0284,0.10095,-0.054009,0.024325,8.808
3.0865,2.0284,0.10095,-0.053963,0.024137,8.8096
3.0865,2.0284,0.10095,-0.053926,0.023941,8.8032
3.0866,2.0284,0.10095,-0.053889,0.023741,8.799
3.0866,2.0284,0.10095,-0.053855,0.023537,8.8103
3.0867,2.0284,0.10096,-0.053818,0.023328,8.7968
3.0867,2.0284,0.10096,-0.053784,0.023114,8.7981
3.0868,2.0284,0.10096,-0.053748,0.022897,8.7998
3.0868,2.0284,0.10096,-0.05371,0.022678,8.7897
3.0869,2.0284,0.10096,-0.053674,0.02245,8.7871
3.0869,2.0284,0.10096,-0.053643,0.022214,8.7926
3.087,2.0284,0.10096,-0.053609,0.021973,8.7927
3.0871,2.0284,0.10096,-0.053577,0.021728,8.7833
3.0871,2.0284,0.10096,-0.053547,0.02148,8.7924
3.0872,2.0284,0.10097,-0.053513,0.021231,8.7871
3.0872,2.0284,0.10097,-0.053473,0.020982,8.7746
3.0873,2.0284,0.10097,-0.053424,0.020734,8.771
3.0873,2.0284,0.10097,-0.05337,0.020481,8.7748
3.0874,2.0284,0.10097,-0.05331,0.020223,8.7663
3.0874,2.0284,0.10097,-0.053249,0.019963,8.7663
3.0875,2.0284,0.10097,-0.053194,0.019699,8.7805
3.0875,2.0284,0.10097,-0.053139,0.019433,8.7748
3.0876,2.0284,0.10097,-0.053086,0.019163,8.7695
3.0876,2.0284,0.10098,-0.053028,0.018891,8.7811
3.0877,2.0284,0.10098,-0.052971,0.018616,8.7824
3.0877,2.0284,0.10098,-0.052917,0.018338,8.7769
3.0878,2.0284,0.10098,-0.052865,0.018059,8.7861
3.0878,2.0283,0.10098,-0.052814,0.017777,8.7875
3.0879,2.0283,0.10098,-0.052771,0.017494,8.774
3.0879,2.0283,0.10098,-0.052727,0.017209,8.7865
3.088,2.0283,0.10098,-0.052679,0.016923,8.8001
3.0881,2.0283,0.10098,-0.052615,0.016635,8.7934
3.0881,2.0283,0.10098,-0.052541,0.016345,8.7999
3.0882,2.0283,0.10098,-0.052469,0.016053,8.8058
3.0882,2.0283,0.10099,-0.0524,0.01576,8.8008
3.0883,2.0283,0.10099,-0.052331,0.015466,8.7954
3.0883,2.0283,0.10099,-0.052268,0.01517,8.7935
3.0884,2.0283,0.10099,-0.052196,0.014872,8.7896
3.0884,2.0283,0.10099,-0.052125,0.014573,8.7852
3.0885,2.0283,0.10099,-0.052043,0.014272,8.7943
3.0885,2.0283,0.10099,-0.051958,0.013971,8.7938
3.0886,2.0283,0.10099,-0.051882,0.013668,8.7826
3.0886,2.0283,0.10099,-0.051826,0.013363,8.7896
3.0887,2.0283,0.10099,-0.05177,0.013057,8.7982
3.0887,2.0283,0.10099,-0.051723,0.012751,8.7849
3.0888,2.0283,0.10099,-0.051662,0.012443,8.7813
3.0888,2.0283,0.10099,-0.051601,0.012134,8.7903
3.0889,2.0283,0.10099,-0.05153,0.011825,8.7793
3.0889,2.0283,0.101,-0.051457,0.011515,8.7829
3.089,2.0283,0.101,-0.05139,0.011204,8.7943
3.0891,2.0283,0.101,-0.051326,0.010893,8.7919
3.0891,2.0283,0.101,-0.051256,0.010581,8.7891
3.0892,2.0283,0.101,-0.05119,0.01027,8.8026
3.0892,2.0283,0.101,-0.051106,0.0099577,8.8045
3.0893,2.0283,0.101,-0.051004,0.0096457,8.8056
3.0893,2.0283,0.101,-0.050888,0.0093335,8.814
3.0894,2.0283,0.101,-0.050765,0.0090214,8.8173
3.0894,2.0283,0.101,-0.050641,0.0087093,8.812
3.0895,2.0283,0.101,-0.050515,0.0083974,8.8236
3.0895,2.0283,0.101,-0.050399,0.0080858,8.8319
3.0896,2.0283,0.101,-0.050286,0.0077747,8.8256
3.0896,2.0283,0.101,-0.050171,0.0074643,8.8313
3.0897,2.0283,0.101,-0.05005,0.0071546,8.8391
3.0897,2.0283,0.101,-0.049927,0.0068458,8.8357
3.0898,2.0282,0.101,-0.049805,0.0065381,8.8363
3.0898,2.0282,0.101,-0.049684,0.0062317,8.8324
3.0899,2.0282,0.101,-0.049564,0.0059266,8.827
3.0899,2.0282,0.101,-0.049456,0.005623,8.8244
3.09,2.0282,0.101,-0.049341,0.0053069,8.8302
3.0901,2.0282,0.101,-0.04923,0.0050163,8.8322
3.0901,2.0282,0.101,-0.049118,0.0047294,8.8327
3.0902,2.0282,0.101,-0.049001,0.0044625,8.8384
3.0902,2.0282,0.101,-0.048873,0.0042248,8.841
3.0903,2.0282,0.10101,-0.048737,0.004032,8.8248
3.0903,2.0282,0.10101,-0.048597,0.0038553,8.8313
3.0904,2.0282,0.10101,-0.048457,0.0036535,8.8385
3.0904,2.0282,0.10101,-0.048308,0.0034386,8.8296
3.0905,2.0282,0.10101,-0.048169,0.0032364,8.8317
3.0905,2.0282,0.10101,-0.048039,0.0029546,8.8468
3.0906,2.0282,0.10101,-0.047924,0.0026562,8.8396
3.0906,2.0282,0.10101,-0.047808,0.0023655,8.845
3.0907,2.0282,0.10101,-0.047697,0.0020751,8.855
3.0907,2.0282,0.10101,-0.047593,0.0017316,8.8563
3.0908,2.0282,0.10101,-0.047488,0.0013416,8.8538
3.0908,2.0282,0.10101,-0.047368,0.00095728,8.8582
3.0909,2.0282,0.10101,-0.047255,0.00057908,8.857
3.0909,2.0282,0.10101,-0.047157,0.00016381,8.8475
3.091,2.0282,0.10101,-0.047075,-0.00019754,8.8565
3.0911,2.0282,0.10101,-0.046984,-0.00048796,8.8627
3.0911,2.0282,0.10101,-0.046883,-0.00072868,8.8529
3.0912,2.0282,0.10101,-0.046769,-0.0009421,8.8664
3.0912,2.0282,0.10101,-0.04664,-0.0011227,8.8706
3.0913,2.0282,0.10101,-0.046499,-0.0012771,8.8532
3.0913,2.0282,0.10101,-0.046367,-0.0014196,8.8574
3.0914,2.0282,0.10101,-0.046245,-0.0015549,8.8598
3.0914,2.0282,0.10101,-0.046124,-0.0017003,8.8488
3.0915,2.0282,0.10101,-0.045989,-0.0018818,8.8343
3.0915,2.0282,0.10101,-0.045844,-0.0020901,8.8435
3.0916,2.0282,0.10101,-0.04569,-0.0023052,8.8417
3.0916,2.0282,0.10101,-0.045544,-0.0025341,8.832
3.0917,2.0282,0.10101,-0.04542,-0.0027907,8.8474
3.0917,2.0282,0.10101,-0.045307,-0.0030322,8.8474
3.0918,2.0282,0.10101,-0.045202,-0.0032536,8.8383
3.0918,2.0282,0.10101,-0.0451,-0.003509,8.8418
3.0919,2.0281,0.101,-0.044993,-0.0037865,8.8484
3.0919,2.0281,0.101,-0.044887,-0.0040486,8.8417
3.092,2.0281,0.101,-0.04478,-0.0042705,8.8407
3.0921,2.0281,0.101,-0.044679,-0.004463,8.8513
3.0921,2.0281,0.101,-0.044585,-0.0046402,8.8426
3.0922,2.0281,0.101,-0.044486,-0.0047755,8.8428
3.0922,2.0281,0.101,-0.044387,-0.0049043,8.8613
3.0923,2.0281,0.101,-0.044288,-0.0050417,8.8562
3.0923,2.0281,0.101,-0.044188,-0.0051746,8.8487
3.0924,2.0281,0.101,-0.044087,-0.0052899,8.861
3.0924,2.0281,0.101,-0.043986,-0.0054302,8.8562
3.0925,2.0281,0.101,-0.043884,-0.0055828,8.8432
3.0925,2.0281,0.101,-0.043781,-0.0057475,8.8482
3.0926,2.0281,0.101,-0.043688,-0.0059008,8.8496
3.0926,2.0281,0.101,-0.043578,-0.0060586,8.847
3.0927,2.0281,0.101,-0.043461,-0.0062237,8.845
3.0927,2.0281,0.101,-0.043334,-0.0064039,8.8599
3.0928,2.0281,0.101,-0.043195,-0.0065969,8.8464
3.0928,2.0281,0.101,-0.04304,-0.0068563,8.8454
3.0929,2.0281,0.101,-0.042883,-0.0071304,8.8522
3.0929,2.0281,0.101,-0.042741,-0.0073789,8.8388
3.093,2.0281,0.101,-0.042611,-0.0076018,8.8309
3.0931,2.0281,0.101,-0.042486,-0.007803,8.8377
3.0931,2.0281,0.101,-0.042366,-0.00798,8.8394
3.0932,2.0281,0.101,-0.042247,-0.0081352,8.829
3.0932,2.0281,0.101,-0.042124,-0.0082623,8.8393
3.0933,2.0281,0.101,-0.041994,-0.0084161,8.8374
3.0933,2.0281,0.101,-0.041867,-0.0085694,8.8298
3.0934,2.0281,0.101,-0.041749,-0.0086932,8.8371
3.0934,2.0281,0.101,-0.041627,-0.008857,8.849
3.0935,2.0281,0.10099,-0.04152,-0.0090343,8.8386
3.0935,2.0281,0.10099,-0.041408,-0.0092115,8.8384
3.0936,2.0281,0.10099,-0.041307,-0.0093743,8.844
3.0936,2.0281,0.10099,-0.041206,-0.0094931,8.8401
3.0937,2.0281,0.10099,-0.041092,-0.0096219,8.8456
3.0937,2.0281,0.10099,-0.040967,-0.0097715,8.8587
3.0938,2.0281,0.10099,-0.040845,-0.0099074,8.859
3.0938,2.0281,0.10099,-0.040716,-0.010093,8.8478
3.0939,2.0281,0.10099,-0.040583,-0.010296,8.8536
3.0939,2.0281,0.10099,-0.040458,-0.01048,8.8443
3.094,2.0281,0.10099,-0.040349,-0.010649,8.8314
3.0941,2.0281,0.10099,-0.040236,-0.010797,8.8345
3.0941,2.0281,0.10099,-0.040116,-0.01096,8.8354
3.0942,2.0281,0.10099,-0.040001,-0.011158,8.8321
3.0942,2.028,0.10099,-0.039912,-0.011369,8.8369
3.0943,2.028,0.10099,-0.039825,-0.011623,8.8435
3.0943,2.028,0.10099,-0.039738,-0.011888,8.8302
3.0944,2.028,0.10099,-0.03966,-0.012141,8.8323
3.0944,2.028,0.10098,-0.039582,-0.012392,8.8384
3.0945,2.028,0.10098,-0.039497,-0.012647,8.8319
3.0945,2.028,0.10098,-0.039406,-0.012909,8.8245
3.0946,2.028,0.10098,-0.039317,-0.013181,8.8282
3.0946,2.028,0.10098,-0.039232,-0.013463,8.8228
3.0947,2.028,0.10098,-0.039142,-0.013756,8.8231
3.0947,2.028,0.10098,-0.039053,-0.01406,8.8298
3.0948,2.028,0.10098,-0.03896,-0.014364,8.8343
3.0948,2.028,0.10098,-0.038865,-0.014667,8.8285
3.0949,2.028,0.10098,-0.038774,-0.014967,8.8494
3.0949,2.028,0.10098,-0.038694,-0.015263,8.851
3.095,2.028,0.10098,-0.038624,-0.015553,8.8488
3.0951,2.028,0.10098,-0.03856,-0.015834,8.8476
3.0951,2.028,0.10097,-0.038518,-0.016113,8.8633
3.0952,2.028,0.10097,-0.038481,-0.016398,8.8598
3.0952,2.028,0.10097,-0.038453,-0.016687,8.8603
3.0953,2.028,0.10097,-0.038423,-0.016991,8.8792
3.0953,2.028,0.10097,-0.038385,-0.0173,8.8693
3.0954,2.028,0.10097,-0.038362,-0.017613,8.8655
3.0954,2.028,0.10097,-0.038337,-0.017927,8.8769
3.0955,2.028,0.10097,-0.038312,-0.018238,8.8718
3.0955,2.028,0.10097,-0.038293,-0.018554,8.8609
3.0956,2.028,0.10097,-0.038267,-0.018871,8.8625
3.0956,2.028,0.10097,-0.038242,-0.019187,8.8695
3.0957,2.028,0.10096,-0.038215,-0.0195,8.8606
3.0957,2.028,0.10096,-0.038179,-0.019802,8.8655
3.0958,2.028,0.10096,-0.038145,-0.020094,8.8731
3.0958,2.028,0.10096,-0.038095,-0.02038,8.8657
3.0959,2.028,0.10096,-0.038033,-0.020658,8.8714
3.0959,2.028,0.10096,-0.037957,-0.020943,8.8703
3.096,2.028,0.10096,-0.037865,-0.02123,8.8664
3.0961,2.028,0.10096,-0.037769,-0.021514,8.865
3.0961,2.028,0.10096,-0.037686,-0.021799,8.8694
3.0962,2.028,0.10095,-0.037604,-0.022088,8.8682
3.0962,2.028,0.10095,-0.037537,-0.02238,8.8702
3.0963,2.028,0.10095,-0.037481,-0.022677,8.8705
3.0963,2.028,0.10095,-0.037444,-0.022976,8.8774
3.0964,2.028,0.10095,-0.037418,-0.023282,8.8725
3.0964,2.028,0.10095,-0.037392,-0.02359,8.8793
3.0965,2.028,0.10095,-0.037377,-0.023894,8.8808
3.0965,2.028,0.10095,-0.037361,-0.024196,8.8725
3.0966,2.028,0.10094,-0.037341,-0.024498,8.8669
3.0966,2.028,0.10094,-0.037321,-0.024799,8.8713
3.0967,2.028,0.10094,-0.037293,-0.025098,8.8665
3.0967,2.028,0.10094,-0.037267,-0.025395,8.8662
3.0968,2.028,0.10094,-0.037242,-0.025694,8.8764
3.0968,2.0279,0.10094,-0.037222,-0.025985,8.8773
3.0969,2.0279,0.10094,-0.0372,-0.026271,8.869
3.0969,2.0279,0.10093,-0.03718,-0.026551,8.8755
3.097,2.0279,0.10093,-0.037159,-0.026828,8.8691
3.0971,2.0279,0.10093,-0.037118,-0.027103,8.8571
3.0971,2.0279,0.10093,-0.037076,-0.027378,8.8639
3.0972,2.0279,0.10093,-0.037032,-0.027656,8.8661
3.0972,2.0279,0.10093,-0.036986,-0.027935,8.854
3.0973,2.0279,0.10093,-0.036943,-0.028199,8.851
3.0973,2.0279,0.10092,-0.036893,-0.028455,8.8614
3.0974,2.0279,0.10092,-0.036847,-0.028705,8.8565
3.0974,2.0279,0.10092,-0.036796,-0.028953,8.8553
3.0975,2.0279,0.10092,-0.03674,-0.029202,8.8601
3.0975,2.0279,0.10092,-0.036692,-0.029454,8.8454
3.0976,2.0279,0.10092,-0.036644,-0.029712,8.8421
3.0976,2.0279,0.10092,-0.036591,-0.029968,8.848
3.0977,2.0279,0.10091,-0.036546,-0.030218,8.8489
3.0977,2.0279,0.10091,-0.036518,-0.030464,8.8384
3.0978,2.0279,0.10091,-0.036498,-0.030707,8.8484
3.0978,2.0279,0.10091,-0.036479,-0.030946,8.8505
3.0979,2.0279,0.10091,-0.036454,-0.031183,8.8412
3.0979,2.0279,0.10091,-0.036429,-0.031415,8.8462
3.098,2.0279,0.1009,-0.036405,-0.031648,8.8416
3.0981,2.0279,0.1009,-0.03639,-0.031874,8.8377
3.0981,2.0279,0.1009,-0.036387,-0.032091,8.836
3.0982,2.0279,0.1009,-0.036402,-0.032296,8.8342
3.0982,2.0279,0.1009,-0.036422,-0.032486,8.823
3.0983,2.0279,0.1009,-0.036442,-0.032667,8.8248
3.0983,2.0279,0.10089,-0.036463,-0.032846,8.8267
3.0984,2.0279,0.10089,-0.036479,-0.033028,8.8277
3.0984,2.0279,0.10089,-0.036499,-0.033218,8.8167
3.0985,2.0279,0.10089,-0.03652,-0.033412,8.8281
3.0985,2.0279,0.10089,-0.036524,-0.033607,8.819
3.0986,2.0279,0.10089,-0.036508,-0.033799,8.8087
3.0986,2.0279,0.10088,-0.036487,-0.033986,8.819
3.0987,2.0279,0.10088,-0.036459,-0.034163,8.8206
3.0987,2.0279,0.10088,-0.036442,-0.034332,8.8074
3.0988,2.0279,0.10088,-0.036423,-0.034493,8.814
3.0988,2.0279,0.10088,-0.036411,-0.03465,8.8248
3.0989,2.0279,0.10087,-0.036391,-0.034803,8.8154
3.0989,2.0279,0.10087,-0.036361,-0.034953,8.8159
3.099,2.0279,0.10087,-0.036324,-0.035102,8.8225
3.0991,2.0279,0.10087,-0.036293,-0.03525,8.816
3.0991,2.0279,0.10087,-0.036263,-0.03539,8.8141
3.0992,2.0279,0.10086,-0.036251,-0.035525,8.8097
3.0992,2.0279,0.10086,-0.036239,-0.035654,8.8112
3.0993,2.0279,0.10086,-0.036222,-0.035777,8.8077
3.0993,2.0279,0.10086,-0.036191,-0.035895,8.8166
3.0994,2.0279,0.10086,-0.036149,-0.036006,8.8179
3.0994,2.0279,0.10086,-0.036104,-0.036114,8.8096
3.0995,2.0279,0.10085,-0.036052,-0.036214,8.8193
3.0995,2.0279,0.10085,-0.036001,-0.036303,8.8163
3.0996,2.0278,0.10085,-0.035953,-0.036374,8.8026
3.0996,2.0278,0.10085,-0.035913,-0.036434,8.8021
3.0997,2.0278,0.10085,-0.03588,-0.036486,8.8054
3.0997,2.0278,0.10084,-0.035844,-0.036539,8.7914
3.0998,2.0278,0.10084,-0.035806,-0.036591,8.7961
3.0998,2.0278,0.10084,-0.035765,-0.036642,8.8048
3.0999,2.0278,0.10084,-0.035726,-0.036699,8.7997
3.0999,2.0278,0.10084,-0.035697,-0.036705,8.7877
3.1,2.0278,0.10083,-0.035678,-0.036701,8.8073
3.1001,2.0278,0.10083,-0.035684,-0.036681,8.8045
3.1001,2.0278,0.10083,-0.035705,-0.036673,8.7931
3.1002,2.0278,0.10083,-0.035727,-0.0367,8.7998
3.1002,2.0278,0.10083,-0.035749,-0.036785,8.8084
3.1003,2.0278,0.10082,-0.035765,-0.036909,8.7885
3.1003,2.0278,0.10082,-0.03578,-0.037035,8.8011
3.1004,2.0278,0.10082,-0.035794,-0.037149,8.8119
3.1004,2.0278,0.10082,-0.035813,-0.037253,8.8021
3.1005,2.0278,0.10082,-0.035835,-0.037273,8.8073
3.1005,2.0278,0.10081,-0.035853,-0.037256,8.8193
3.1006,2.0278,0.10081,-0.03587,-0.037202,8.8162
3.1006,2.0278,0.10081,-0.03589,-0.037128,8.8089
3.1007,2.0278,0.10081,-0.035904,-0.037019,8.8244
3.1007,2.0278,0.10081,-0.035903,-0.036876,8.8258
3.1008,2.0278,0.10081,-0.035902,-0.036754,8.8137
3.1008,2.0278,0.1008,-0.035902,-0.036617,8.8321
3.1009,2.0278,0.1008,-0.035893,-0.036442,8.8312
3.1009,2.0278,0.1008,-0.03587,-0.036292,8.829
3.101,2.0278,0.1008,-0.03585,-0.036169,8.8334
3.1011,2.0278,0.1008,-0.035837,-0.036086,8.8342
3.1011,2.0278,0.10079,-0.03583,-0.036047,8.8241
3.1012,2.0278,0.10079,-0.035827,-0.036049,8.8216
3.1012,2.0278,0.10079,-0.035829,-0.036087,8.826
3.1013,2.0278,0.10079,-0.035828,-0.03615,8.8152
3.1013,2.0278,0.10079,-0.035815,-0.036233,8.8129
3.1014,2.0278,0.10078,-0.035796,-0.03632,8.8223
3.1014,2.0278,0.10078,-0.035783,-0.036367,8.8238
3.1015,2.0278,0.10078,-0.035767,-0.036405,8.8224
3.1015,2.0278,0.10078,-0.035753,-0.036482,8.827
3.1016,2.0278,0.10078,-0.035732,-0.036574,8.8264
3.1016,2.0278,0.10077,-0.035692,-0.036648,8.8203
3.1017,2.0278,0.10077,-0.035635,-0.036734,8.8294
3.1017,2.0278,0.10077,-0.035568,-0.036809,8.8301
3.1018,2.0278,0.10077,-0.0355,-0.03683,8.8195
3.1018,2.0278,0.10077,-0.035437,-0.036824,8.8253
3.1019,2.0278,0.10076,-0.035374,-0.036843,8.8365
3.1019,2.0278,0.10076,-0.035316,-0.036924,8.8384
3.102,2.0278,0.10076,-0.035259,-0.037029,8.8349
3.1021,2.0278,0.10076,-0.035199,-0.037134,8.8474
3.1021,2.0278,0.10076,-0.035136,-0.037256,8.8397
3.1022,2.0278,0.10076,-0.035072,-0.037349,8.8415
3.1022,2.0278,0.10075,-0.035002,-0.03743,8.8439
3.1023,2.0278,0.10075,-0.03493,-0.037536,8.8389
3.1023,2.0278,0.10075,-0.034852,-0.03765,8.837
3.1024,2.0277,0.10075,-0.034768,-0.037769,8.8444
3.1024,2.0277,0.10075,-0.034683,-0.037897,8.8519
3.1025,2.0277,0.10074,-0.034597,-0.038031,8.8381
3.1025,2.0277,0.10074,-0.034503,-0.038171,8.8487
3.1026,2.0277,0.10074,-0.034419,-0.038318,8.8487
3.1026,2.0277,0.10074,-0.034338,-0.038497,8.8275
3.1027,2.0277,0.10074,-0.034271,-0.038665,8.8282
3.1027,2.0277,0.10073,-0.034203,-0.038826,8.8278
3.1028,2.0277,0.10073,-0.034145,-0.038982,8.8147
3.1028,2.0277,0.10073,-0.034089,-0.039144,8.8109
3.1029,2.0277,0.10073,-0.034024,-0.039311,8.8228
3.1029,2.0277,0.10072,-0.033956,-0.039493,8.8196
3.103,2.0277,0.10072,-0.033885,-0.039696,8.8127
3.1031,2.0277,0.10072,-0.033813,-0.039929,8.8254
3.1031,2.0277,0.10072,-0.033744,-0.040154,8.8168
3.1032,2.0277,0.10072,-0.033668,-0.040385,8.8067
3.1032,2.0277,0.10071,-0.033594,-0.040606,8.8093
3.1033,2.0277,0.10071,-0.033512,-0.040842,8.8114
3.1033,2.0277,0.10071,-0.033417,-0.041109,8.7984
3.1034,2.0277,0.10071,-0.033322,-0.041414,8.8036
3.1034,2.0277,0.10071,-0.033215,-0.041775,8.818
3.1035,2.0277,0.1007,-0.033111,-0.042146,8.8041
3.1035,2.0277,0.1007,-0.032999,-0.042524,8.811
3.1036,2.0277,0.1007,-0.032889,-0.042912,8.8155
3.1036,2.0277,0.1007,-0.032792,-0.043271,8.8015
3.1037,2.0277,0.10069,-0.032705,-0.043591,8.8004
3.1037,2.0277,0.10069,-0.032617,-0.043895,8.8002
3.1038,2.0277,0.10069,-0.032539,-0.044216,8.7957
3.1038,2.0277,0.10069,-0.032462,-0.044551,8.7801
3.1039,2.0277,0.10068,-0.032373,-0.044845,8.7962
3.1039,2.0277,0.10068,-0.032274,-0.045139,8.7937
3.104,2.0277,0.10068,-0.032183,-0.045475,8.7887
3.1041,2.0277,0.10068,-0.032105,-0.045809,8.7956
3.1041,2.0277,0.10068,-0.032025,-0.046115,8.7939
3.1042,2.0277,0.10067,-0.031931,-0.046411,8.783
3.1042,2.0277,0.10067,-0.031843,-0.046709,8.7823
3.1043,2.0277,0.10067,-0.031753,-0.04698,8.782
3.1043,2.0277,0.10067,-0.031657,-0.047213,8.7713
3.1044,2.0277,0.10066,-0.031565,-0.04744,8.7742
3.1044,2.0277,0.10066,-0.031488,-0.047686,8.7871
3.1045,2.0277,0.10066,-0.031417,-0.047935,8.781
3.1045,2.0277,0.10066,-0.031346,-0.048187,8.7849
3.1046,2.0277,0.10065,-0.031273,-0.048442,8.798
3.1046,2.0277,0.10065,-0.031204,-0.0487,8.7993
3.1047,2.0277,0.10065,-0.03114,-0.048961,8.7953
3.1047,2.0277,0.10065,-0.031076,-0.049225,8.8074
3.1048,2.0277,0.10064,-0.031016,-0.049491,8.8084
3.1048,2.0277,0.10064,-0.030961,-0.04976,8.8027
3.1049,2.0277,0.10064,-0.030911,-0.05003,8.8147
3.1049,2.0277,0.10063,-0.030849,-0.050303,8.822
3.105,2.0277,0.10063,-0.030792,-0.050577,8.8152
3.1051,2.0277,0.10063,-0.030714,-0.050853,8.8166
3.1051,2.0277,0.10063,-0.030628,-0.051129,8.8242
3.1052,2.0277,0.10062,-0.030519,-0.051407,8.8106
3.1052,2.0277,0.10062,-0.030395,-0.051685,8.8024
3.1053,2.0277,0.10062,-0.030278,-0.051963,8.8075
3.1053,2.0277,0.10062,-0.030173,-0.052242,8.805
3.1054,2.0277,0.10061,-0.030074,-0.052521,8.7903
3.1054,2.0277,0.10061,-0.029999,-0.0528,8.799
3.1055,2.0276,0.10061,-0.029909,-0.053079,8.7945
3.1055,2.0276,0.1006,-0.029817,-0.053357,8.7945
3.1056,2.0276,0.1006,-0.029717,-0.053635,8.8062
3.1056,2.0276,0.1006,-0.029602,-0.053912,8.8109
3.1057,2.0276,0.1006,-0.029488,-0.054189,8.8052
3.1057,2.0276,0.10059,-0.029378,-0.054464,8.8053
3.1058,2.0276,0.10059,-0.029279,-0.054739,8.8145
3.1058,2.0276,0.10059,-0.029189,-0.054999,8.8095
3.1059,2.0276,0.10058,-0.029098,-0.055282,8.8058
3.1059,2.0276,0.10058,-0.029025,-0.055579,8.8214
3.106,2.0276,0.10058,-0.028961,-0.055884,8.8213
3.1061,2.0276,0.10058,-0.028893,-0.056188,8.8244
3.1061,2.0276,0.10057,-0.028833,-0.056485,8.8411
3.1062,2.0276,0.10057,-0.028768,-0.056768,8.8398
3.1062,2.0276,0.10057,-0.028713,-0.057031,8.826
3.1063,2.0276,0.10056,-0.028659,-0.057268,8.8406
3.1063,2.0276,0.10056,-0.028601,-0.057517,8.8373
3.1064,2.0276,0.10056,-0.028554,-0.057764,8.8282
3.1064,2.0276,0.10055,-0.028498,-0.058008,8.8328
3.1065,2.0276,0.10055,-0.028438,-0.05825,8.8375
3.1065,2.0276,0.10055,-0.028372,-0.058488,8.8292
3.1066,2.0276,0.10055,-0.028294,-0.058724,8.8344
3.1066,2.0276,0.10054,-0.028224,-0.058957,8.8454
3.1067,2.0276,0.10054,-0.028151,-0.059188,8.8423
3.1067,2.0276,0.10054,-0.02807,-0.059415,8.8376
3.1068,2.0276,0.10053,-0.02799,-0.059639,8.845
3.1068,2.0276,0.10053,-0.027915,-0.05986,8.836
3.1069,2.0276,0.10053,-0.027839,-0.060077,8.83
3.1069,2.0276,0.10052,-0.027765,-0.060291,8.8398
3.107,2.0276,0.10052,-0.027714,-0.060501,8.8372
3.1071,2.0276,0.10052,-0.02767,-0.060707,8.8335
3.1071,2.0276,0.10051,-0.027633,-0.060906,8.8509
3.1072,2.0276,0.10051,-0.027604,-0.061103,8.8537
3.1072,2.0276,0.10051,-0.027578,-0.061304,8.844
3.1073,2.0276,0.1005,-0.027566,-0.061508,8.8562
3.1073,2.0276,0.1005,-0.027557,-0.061711,8.857
3.1074,2.0276,0.1005,-0.027558,-0.06191,8.8507
3.1074,2.0276,0.10049,-0.027573,-0.062103,8.8512
3.1075,2.0276,0.10049,-0.027586,-0.062285,8.8657
3.1075,2.0276,0.10049,-0.027606,-0.062455,8.8622
3.1076,2.0276,0.10048,-0.027639,-0.062617,8.8592
3.1076,2.0276,0.10048,-0.027671,-0.062778,8.8717
3.1077,2.0276,0.10048,-0.027693,-0.062933,8.8739
3.1077,2.0276,0.10047,-0.027711,-0.063083,8.8661
3.1078,2.0276,0.10047,-0.027733,-0.063227,8.8685
3.1078,2.0276,0.10047,-0.027766,-0.063366,8.8729
3.1079,2.0276,0.10046,-0.027804,-0.063503,8.865
3.1079,2.0276,0.10046,-0.02785,-0.063625,8.8698
3.108,2.0276,0.10046,-0.027897,-0.06374,8.8759
3.1081,2.0276,0.10045,-0.027931,-0.063853,8.8686
3.1081,2.0276,0.10045,-0.027947,-0.063968,8.8714
3.1082,2.0276,0.10045,-0.027954,-0.064091,8.88
3.1082,2.0276,0.10044,-0.02796,-0.064218,8.8703
3.1083,2.0276,0.10044,-0.027972,-0.064344,8.8695
3.1083,2.0276,0.10044,-0.027985,-0.064465,8.8743
3.1084,2.0276,0.10043,-0.028,-0.064565,8.8652
3.1084,2.0276,0.10043,-0.028017,-0.064651,8.8582
3.1085,2.0276,0.10043,-0.028035,-0.064725,8.8667
3.1085,2.0276,0.10042,-0.028056,-0.06479,8.8626
3.1086,2.0276,0.10042,-0.02808,-0.064849,8.8597
3.1086,2.0276,0.10042,-0.028105,-0.064906,8.8692
3.1087,2.0276,0.10041,-0.028132,-0.06496,8.8754
3.1087,2.0276,0.10041,-0.02816,-0.065009,8.8687
3.1088,2.0276,0.10041,-0.02819,-0.065052,8.8785
3.1088,2.0276,0.1004,-0.028224,-0.065088,8.8791
3.1089,2.0276,0.1004,-0.028258,-0.065115,8.8762
3.1089,2.0276,0.1004,-0.028285,-0.065131,8.8676
3.109,2.0275,0.10039,-0.028313,-0.065134,8.8753
3.1091,2.0275,0.10039,-0.02834,-0.065132,8.8672
3.1091,2.0275,0.10039,-0.028367,-0.065123,8.8642
3.1092,2.0275,0.10038,-0.028407,-0.065106,8.881
3.1092,2.0275,0.10038,-0.028462,-0.065081,8.8724
3.1093,2.0275,0.10038,-0.028535,-0.065048,8.8631
3.1093,2.0275,0.10037,-0.028617,-0.065007,8.8644
3.1094,2.0275,0.10037,-0.028699,-0.064955,8.8592
3.1094,2.0275,0.10037,-0.028789,-0.064896,8.8478
3.1095,2.0275,0.10036,-0.02888,-0.064835,8.8445
3.1095,2.0275,0.10036,-0.028979,-0.064778,8.8486
3.1096,2.0275,0.10036,-0.029079,-0.064719,8.8383
3.1096,2.0275,0.10035,-0.02918,-0.064656,8.8423
3.1097,2.0275,0.10035,-0.029287,-0.064579,8.8521
3.1097,2.0275,0.10035,-0.029399,-0.06449,8.8447
3.1098,2.0275,0.10034,-0.029516,-0.064388,8.8414
3.1098,2.0275,0.10034,-0.029631,-0.064265,8.8502
3.1099,2.0275,0.10034,-0.029741,-0.064165,8.8449
3.1099,2.0275,0.10033,-0.029847,-0.064085,8.8418
3.11,2.0275,0.10033,-0.02993,-0.064017,8.8438
3.1101,2.0275,0.10033,-0.030002,-0.063949,8.8407
3.1101,2.0275,0.10032,-0.030076,-0.06387,8.8407
3.1102,2.0275,0.10032,-0.030151,-0.063775,8.848
3.1102,2.0275,0.10032,-0.030234,-0.063658,8.8533
3.1103,2.0275,0.10031,-0.030318,-0.06351,8.8508
3.1103,2.0275,0.10031,-0.030402,-0.063355,8.8565
3.1104,2.0275,0.10031,-0.030483,-0.063202,8.8598
3.1104,2.0275,0.1003,-0.030556,-0.063068,8.8588
3.1105,2.0275,0.1003,-0.030625,-0.062965,8.8573
3.1105,2.0275,0.1003,-0.030691,-0.0629,8.8628
3.1106,2.0275,0.10029,-0.030754,-0.06287,8.8536
3.1106,2.0275,0.10029,-0.030823,-0.062871,8.848
3.1107,2.0275,0.10029,-0.030907,-0.062881,8.8632
3.1107,2.0275,0.10028,-0.030999,-0.062873,8.8566
3.1108,2.0275,0.10028,-0.031098,-0.062856,8.8477
3.1108,2.0275,0.10028,-0.031198,-0.062835,8.8575
3.1109,2.0275,0.10027,-0.03129,-0.062818,8.8527
3.1109,2.0275,0.10027,-0.031372,-0.0628,8.8437
3.111,2.0275,0.10027,-0.031442,-0.062792,8.8495
3.1111,2.0275,0.10026,-0.031508,-0.06279,8.8502
3.1111,2.0275,0.10026,-0.031572,-0.062791,8.8445
3.1112,2.0275,0.10026,-0.031636,-0.062799,8.8485
3.1112,2.0275,0.10025,-0.031698,-0.062802,8.8608
3.1113,2.0275,0.10025,-0.031761,-0.062812,8.8512
3.1113,2.0275,0.10025,-0.031827,-0.062823,8.8548
3.1114,2.0275,0.10024,-0.031895,-0.062851,8.8715
3.1114,2.0275,0.10024,-0.031972,-0.062871,8.8638
3.1115,2.0275,0.10024,-0.032054,-0.062847,8.8568
3.1115,2.0275,0.10023,-0.032147,-0.062801,8.8673
3.1116,2.0275,0.10023,-0.032245,-0.062744,8.8655
3.1116,2.0275,0.10023,-0.032344,-0.062682,8.863
3.1117,2.0275,0.10022,-0.032436,-0.062646,8.8735
3.1117,2.0275,0.10022,-0.032527,-0.062621,8.8852
3.1118,2.0275,0.10022,-0.032608,-0.062594,8.8796
3.1118,2.0275,0.10021,-0.032687,-0.062542,8.8923
3.1119,2.0275,0.10021,-0.032759,-0.062461,8.8977
3.1119,2.0275,0.10021,-0.032826,-0.062382,8.8941
3.112,2.0275,0.1002,-0.032888,-0.062317,8.8915
3.1121,2.0275,0.1002,-0.032949,-0.06228,8.8991
3.1121,2.0275,0.1002,-0.033,-0.062286,8.8901
3.1122,2.0275,0.10019,-0.033053,-0.062305,8.8909
3.1122,2.0275,0.10019,-0.033099,-0.062314,8.9089
3.1123,2.0274,0.10019,-0.033154,-0.062326,8.9005
3.1123,2.0274,0.10018,-0.033214,-0.062338,8.8983
3.1124,2.0274,0.10018,-0.033273,-0.062356,8.9132
3.1124,2.0274,0.10018,-0.033334,-0.062386,8.8984
3.1125,2.0274,0.10017,-0.033398,-0.062424,8.8875
3.1125,2.0274,0.10017,-0.033458,-0.062467,8.8883
3.1126,2.0274,0.10017,-0.033514,-0.062513,8.892
3.1126,2.0274,0.10016,-0.033567,-0.062558,8.8825
3.1127,2.0274,0.10016,-0.033621,-0.0626,8.8872
3.1127,2.0274,0.10016,-0.033673,-0.062636,8.8941
3.1128,2.0274,0.10015,-0.033721,-0.062674,8.8862
3.1128,2.0274,0.10015,-0.033769,-0.062719,8.8818
3.1129,2.0274,0.10015,-0.033819,-0.062766,8.8944
3.1129,2.0274,0.10014,-0.033866,-0.062818,8.8859
3.113,2.0274,0.10014,-0.033916,-0.062872,8.8851
3.1131,2.0274,0.10014,-0.033965,-0.062931,8.8917
3.1131,2.0274,0.10013,-0.034008,-0.062992,8.891
3.1132,2.0274,0.10013,-0.034048,-0.063072,8.8832
3.1132,2.0274,0.10013,-0.034085,-0.063147,8.8952
3.1133,2.0274,0.10012,-0.034119,-0.063198,8.8955
3.1133,2.0274,0.10012,-0.034153,-0.063214,8.8908
3.1134,2.0274,0.10012,-0.034184,-0.063175,8.9036
3.1134,2.0274,0.10011,-0.034213,-0.06312,8.9054
3.1135,2.0274,0.10011,-0.03424,-0.063051,8.8875
3.1135,2.0274,0.10011,-0.03426,-0.062961,8.8881
3.1136,2.0274,0.1001,-0.034276,-0.062899,8.8879
3.1136,2.0274,0.1001,-0.034289,-0.062875,8.875
3.1137,2.0274,0.1001,-0.034304,-0.062865,8.8665
3.1137,2.0274,0.10009,-0.034316,-0.062842,8.8761
3.1138,2.0274,0.10009,-0.034324,-0.062805,8.8748
3.1138,2.0274,0.10009,-0.034328,-0.062807,8.8652
3.1139,2.0274,0.10008,-0.034332,-0.062804,8.8762
3.1139,2.0274,0.10008,-0.034329,-0.062752,8.8672
3.114,2.0274,0.10008,-0.034321,-0.062698,8.8546
3.1141,2.0274,0.10007,-0.034309,-0.062665,8.8636
3.1141,2.0274,0.10007,-0.034293,-0.062635,8.8619
3.1142,2.0274,0.10007,-0.034271,-0.062606,8.8509
3.1142,2.0274,0.10006,-0.034246,-0.062604,8.8561
3.1143,2.0274,0.10006,-0.034214,-0.062643,8.8628
3.1143,2.0274,0.10006,-0.034191,-0.062694,8.8554
3.1144,2.0274,0.10005,-0.034158,-0.062733,8.8486
3.1144,2.0274,0.10005,-0.03412,-0.062774,8.8589
3.1145,2.0274,0.10005,-0.034086,-0.062816,8.8515
3.1145,2.0274,0.10004,-0.034047,-0.062859,8.8501
3.1146,2.0274,0.10004,-0.034002,-0.062904,8.8528
3.1146,2.0274,0.10004,-0.033957,-0.06295,8.8511
3.1147,2.0274,0.10003,-0.033908,-0.062998,8.8422
3.1147,2.0274,0.10003,-0.03388,-0.063046,8.8493
3.1148,2.0274,0.10003,-0.033849,-0.063096,8.8551
3.1148,2.0274,0.10002,-0.033818,-0.063147,8.8434
3.1149,2.0274,0.10002,-0.033803,-0.0632,8.847
3.1149,2.0274,0.10002,-0.033782,-0.063254,8.8457
3.115,2.0274,0.10001,-0.033762,-0.063309,8.8322
3.1151,2.0274,0.10001,-0.033739,-0.063366,8.8343
3.1151,2.0274,0.10001,-0.033722,-0.063424,8.83
3.1152,2.0274,0.1,-0.033737,-0.063483,8.8137
3.1152,2.0273,0.1,-0.033743,-0.063544,8.8065
3.1153,2.0273,0.099998,-0.03373,-0.063607,8.8231
3.1153,2.0273,0.099994,-0.033699,-0.063671,8.8204
3.1154,2.0273,0.099991,-0.033639,-0.063735,8.8139
3.1154,2.0273,0.099987,-0.033562,-0.063802,8.8194
3.1155,2.0273,0.099984,-0.033492,-0.063869,8.8159
3.1155,2.0273,0.099981,-0.033438,-0.063937,8.8111
3.1156,2.0273,0.099977,-0.033411,-0.064007,8.8229
3.1156,2.0273,0.099974,-0.033385,-0.064077,8.8226
3.1157,2.0273,0.099971,-0.033365,-0.064148,8.8093
3.1157,2.0273,0.099967,-0.033346,-0.06422,8.819
3.1158,2.0273,0.099964,-0.033323,-0.064307,8.8296
3.1158,2.0273,0.099961,-0.033311,-0.064371,8.8216
3.1159,2.0273,0.099957,-0.03332,-0.064417,8.823
3.1159,2.0273,0.099954,-0.03332,-0.064452,8.8423
3.116,2.0273,0.09995,-0.033325,-0.064482,8.8326
3.1161,2.0273,0.099947,-0.03332,-0.064513,8.8276
3.1161,2.0273,0.099944,-0.033328,-0.064554,8.8358
3.1162,2.0273,0.09994,-0.033332,-0.064611,8.8338
3.1162,2.0273,0.099937,-0.03332,-0.064693,8.8218
3.1163,2.0273,0.099933,-0.033306,-0.064761,8.8304
3.1163,2.0273,0.09993,-0.033282,-0.064829,8.8358
3.1164,2.0273,0.099926,-0.03325,-0.064897,8.8276
3.1164,2.0273,0.099923,-0.033222,-0.064966,8.8299
3.1165,2.0273,0.09992,-0.033199,-0.065034,8.8336
3.1165,2.0273,0.099916,-0.033194,-0.065102,8.8203
3.1166,2.0273,0.099913,-0.033174,-0.06517,8.8157
3.1166,2.0273,0.099909,-0.033139,-0.065237,8.8182
3.1167,2.0273,0.099906,-0.033106,-0.065304,8.8137
3.1167,2.0273,0.099902,-0.033065,-0.06537,8.8061
3.1168,2.0273,0.099899,-0.033029,-0.065436,8.8185
3.1168,2.0273,0.099896,-0.032997,-0.065501,8.8228
3.1169,2.0273,0.099892,-0.03297,-0.065566,8.8168
3.1169,2.0273,0.099889,-0.032935,-0.06563,8.8289
3.117,2.0273,0.099885,-0.032886,-0.065693,8.8289
3.1171,2.0273,0.099882,-0.032832,-0.065756,8.8192
3.1171,2.0273,0.099878,-0.03278,-0.065819,8.8273
3.1172,2.0273,0.099875,-0.032721,-0.06588,8.8318
3.1172,2.0273,0.099871,-0.03267,-0.065941,8.8198
3.1173,2.0273,0.099868,-0.032622,-0.066002,8.8274
3.1173,2.0273,0.099864,-0.032577,-0.066061,8.8378
3.1174,2.0273,0.099861,-0.032534,-0.066119,8.8296
3.1174,2.0273,0.099857,-0.032494,-0.066176,8.8394
3.1175,2.0273,0.099854,-0.032453,-0.066233,8.8542
3.1175,2.0273,0.09985,-0.032419,-0.066287,8.8406
3.1176,2.0273,0.099847,-0.032387,-0.066341,8.8372
3.1176,2.0273,0.099843,-0.032363,-0.066394,8.8418
3.1177,2.0273,0.09984,-0.032353,-0.066445,8.839
3.1177,2.0273,0.099836,-0.032353,-0.066495,8.8259
3.1178,2.0273,0.099833,-0.032364,-0.066544,8.8272
3.1178,2.0273,0.099829,-0.032383,-0.066588,8.8343
3.1179,2.0273,0.099826,-0.032406,-0.066636,8.8286
3.1179,2.0273,0.099822,-0.032435,-0.066686,8.8305
3.118,2.0273,0.099819,-0.032456,-0.066738,8.8333
3.1181,2.0273,0.099815,-0.032482,-0.066789,8.8209
3.1181,2.0273,0.099812,-0.032531,-0.066838,8.8294
3.1182,2.0273,0.099808,-0.032572,-0.066884,8.827
3.1182,2.0272,0.099805,-0.032624,-0.066925,8.8169
3.1183,2.0272,0.099801,-0.032674,-0.06696,8.8133
3.1183,2.0272,0.099798,-0.03271,-0.066996,8.8292
3.1184,2.0272,0.099794,-0.032724,-0.06703,8.8297
3.1184,2.0272,0.099791,-0.032707,-0.067063,8.8341
3.1185,2.0272,0.099787,-0.032687,-0.067094,8.8464
3.1185,2.0272,0.099784,-0.032667,-0.067123,8.846
3.1186,2.0272,0.09978,-0.032645,-0.067151,8.8319
3.1186,2.0272,0.099777,-0.032642,-0.067178,8.8409
3.1187,2.0272,0.099773,-0.032638,-0.067203,8.8479
3.1187,2.0272,0.09977,-0.032636,-0.067226,8.8374
3.1188,2.0272,0.099766,-0.032643,-0.067248,8.8434
3.1188,2.0272,0.099762,-0.032648,-0.067268,8.847
3.1189,2.0272,0.099759,-0.03266,-0.067287,8.8419
3.1189,2.0272,0.099755,-0.032661,-0.067304,8.8436
3.119,2.0272,0.099752,-0.032659,-0.067319,8.854
3.1191,2.0272,0.099748,-0.032653,-0.067334,8.8491
3.1191,2.0272,0.099745,-0.032634,-0.067346,8.8462
3.1192,2.0272,0.099741,-0.032613,-0.067357,8.8526
3.1192,2.0272,0.099738,-0.0326,-0.067367,8.8519
3.1193,2.0272,0.099734,-0.032588,-0.067375,8.8393
3.1193,2.0272,0.099731,-0.032579,-0.067382,8.8436
3.1194,2.0272,0.099727,-0.03257,-0.067387,8.8485
3.1194,2.0272,0.099723,-0.03256,-0.067391,8.8374
3.1195,2.0272,0.09972,-0.032552,-0.067394,8.843
3.1195,2.0272,0.099716,-0.03254,-0.067396,8.8551
3.1196,2.0272,0.099713,-0.032529,-0.067396,8.8393
3.1196,2.0272,0.099709,-0.032518,-0.067395,8.8406
3.1197,2.0272,0.099706,-0.032507,-0.067393,8.8437
3.1197,2.0272,0.099702,-0.03251,-0.067389,8.8341
3.1198,2.0272,0.099699,-0.032522,-0.067384,8.8236
3.1198,2.0272,0.099695,-0.032549,-0.067378,8.8327
3.1199,2.0272,0.099692,-0.032578,-0.067369,8.8253
3.1199,2.0272,0.099688,-0.032616,-0.067359,8.8172
3.12,2.0272,0.099684,-0.032658,-0.067348,8.8237
3.1201,2.0272,0.099681,-0.032704,-0.067334,8.828
3.1201,2.0272,0.099677,-0.032751,-0.067319,8.8151
3.1202,2.0272,0.099674,-0.032809,-0.067302,8.8212
3.1202,2.0272,0.09967,-0.032867,-0.067283,8.8188
3.1203,2.0272,0.099667,-0.032934,-0.067263,8.8119
3.1203,2.0272,0.099663,-0.033003,-0.06724,8.815
3.1204,2.0272,0.09966,-0.033068,-0.067217,8.8212
3.1204,2.0272,0.099656,-0.033123,-0.067192,8.8155
3.1205,2.0272,0.099653,-0.03317,-0.067166,8.8095
3.1205,2.0272,0.099649,-0.033213,-0.067139,8.8225
3.1206,2.0272,0.099646,-0.033248,-0.067107,8.8091
3.1206,2.0272,0.099642,-0.03328,-0.067075,8.8049
3.1207,2.0272,0.099638,-0.033313,-0.067048,8.8083
3.1207,2.0272,0.099635,-0.03335,-0.067031,8.8002
3.1208,2.0272,0.099631,-0.033387,-0.06702,8.7914
3.1208,2.0272,0.099628,-0.033426,-0.067007,8.7954
3.1209,2.0272,0.099624,-0.033466,-0.066997,8.7992
3.1209,2.0272,0.099621,-0.033509,-0.066979,8.7925
3.121,2.0272,0.099617,-0.033554,-0.066957,8.7997
3.1211,2.0272,0.099614,-0.033602,-0.066933,8.8069
3.1211,2.0272,0.09961,-0.033654,-0.066903,8.7941
3.1212,2.0272,0.099607,-0.033707,-0.066879,8.7998
3.1212,2.0272,0.099603,-0.033767,-0.066851,8.8019
3.1213,2.0271,0.0996,-0.033825,-0.066821,8.7934
3.1213,2.0271,0.099596,-0.033879,-0.06679,8.7882
3.1214,2.0271,0.099593,-0.03393,-0.066761,8.801
3.1214,2.0271,0.099589,-0.033975,-0.066735,8.7985
3.1215,2.0271,0.099586,-0.034012,-0.066704,8.8002
3.1215,2.0271,0.099582,-0.034046,-0.066667,8.8157
3.1216,2.0271,0.099579,-0.034077,-0.066633,8.8197
3.1216,2.0271,0.099575,-0.03411,-0.066599,8.8099
3.1217,2.0271,0.099572,-0.034139,-0.066573,8.8201
3.1217,2.0271,0.099568,-0.034173,-0.06655,8.8211
3.1218,2.0271,0.099565,-0.034206,-0.066535,8.8094
3.1218,2.0271,0.099561,-0.034237,-0.066524,8.8154
3.1219,2.0271,0.099558,-0.034266,-0.066509,8.8257
3.1219,2.0271,0.099554,-0.034298,-0.066495,8.8154
3.122,2.0271,0.099551,-0.034333,-0.066482,8.8196
3.1221,2.0271,0.099547,-0.03437,-0.06647,8.8292
3.1221,2.0271,0.099544,-0.034403,-0.066458,8.823
3.1222,2.0271,0.09954,-0.034436,-0.066448,8.818
3.1222,2.0271,0.099537,-0.034458,-0.066438,8.8245
3.1223,2.0271,0.099533,-0.034472,-0.066432,8.8232
3.1223,2.0271,0.09953,-0.034483,-0.066425,8.8068
3.1224,2.0271,0.099526,-0.034491,-0.06641,8.8158
3.1224,2.0271,0.099523,-0.034496,-0.066389,8.8181
3.1225,2.0271,0.099519,-0.034501,-0.066366,8.8094
3.1225,2.0271,0.099516,-0.034505,-0.066342,8.8218
3.1226,2.0271,0.099512,-0.034506,-0.066321,8.8296
3.1226,2.0271,0.099509,-0.034505,-0.066307,8.8256
3.1227,2.0271,0.099505,-0.034504,-0.066302,8.8304
3.1227,2.0271,0.099502,-0.034505,-0.0663,8.8397
3.1228,2.0271,0.099498,-0.034504,-0.066295,8.8335
3.1228,2.0271,0.099495,-0.034499,-0.06629,8.8382
3.1229,2.0271,0.099491,-0.034494,-0.066286,8.8498
3.1229,2.0271,0.099488,-0.034484,-0.066282,8.8429
3.123,2.0271,0.099484,-0.034472,-0.066278,8.8444
3.1231,2.0271,0.099481,-0.034465,-0.066275,8.8567
3.1231,2.0271,0.099477,-0.034459,-0.066271,8.8615
3.1232,2.0271,0.099474,-0.034453,-0.066267,8.8539
3.1232,2.0271,0.09947,-0.034446,-0.066262,8.8638
3.1233,2.0271,0.099467,-0.034435,-0.066258,8.862
3.1233,2.0271,0.099463,-0.034425,-0.066253,8.8507
3.1234,2.0271,0.09946,-0.034412,-0.066249,8.8527
3.1234,2.0271,0.099456,-0.034401,-0.066246,8.853
3.1235,2.0271,0.099453,-0.034393,-0.066246,8.8474
3.1235,2.0271,0.099449,-0.034387,-0.066243,8.8557
3.1236,2.0271,0.099446,-0.03438,-0.066236,8.8629
3.1236,2.0271,0.099442,-0.034369,-0.066213,8.8565
3.1237,2.0271,0.099439,-0.034357,-0.066211,8.8546
3.1237,2.0271,0.099435,-0.034345,-0.066214,8.8648
3.1238,2.0271,0.099432,-0.034335,-0.066243,8.8532
3.1238,2.0271,0.099429,-0.034322,-0.066327,8.848
3.1239,2.0271,0.099425,-0.034313,-0.066441,8.8537
3.1239,2.0271,0.099422,-0.034312,-0.06655,8.8498
3.124,2.0271,0.099418,-0.034305,-0.066635,8.8461
3.1241,2.0271,0.099414,-0.034293,-0.066672,8.8657
3.1241,2.0271,0.099411,-0.034282,-0.066683,8.8689
3.1242,2.0271,0.099407,-0.034272,-0.066648,8.8612
3.1242,2.027,0.099404,-0.03427,-0.066601,8.8728
3.1243,2.027,0.0994,-0.034261,-0.066577,8.8734
3.1243,2.027,0.099397,-0.034268,-0.066558,8.8626
3.1244,2.027,0.099393,-0.034287,-0.066542,8.8616
3.1244,2.027,0.09939,-0.034295,-0.066524,8.8782
3.1245,2.027,0.099386,-0.034306,-0.066511,8.871
3.1245,2.027,0.099383,-0.034322,-0.066501,8.8728
3.1246,2.027,0.099379,-0.034338,-0.066489,8.8848
3.1246,2.027,0.099376,-0.034356,-0.066474,8.8881
3.1247,2.027,0.099372,-0.03435,-0.066462,8.8765
3.1247,2.027,0.099369,-0.034344,-0.066448,8.8846
3.1248,2.027,0.099365,-0.034327,-0.066431,8.8826
3.1248,2.027,0.099362,-0.034301,-0.06641,8.8658
3.1249,2.027,0.099358,-0.034279,-0.066393,8.87
3.1249,2.027,0.099355,-0.034266,-0.066377,8.8748
3.125,2.027,0.099351,-0.034254,-0.066361,8.8596
3.1251,2.027,0.099348,-0.034238,-0.066346,8.8611
3.1251,2.027,0.099345,-0.034197,-0.066332,8.8743
3.1252,2.027,0.099341,-0.03416,-0.066318,8.866
3.1252,2.027,0.099338,-0.034128,-0.066305,8.8582
3.1253,2.027,0.099334,-0.034105,-0.066292,8.8763
3.1253,2.027,0.099331,-0.034103,-0.066279,8.8666
3.1254,2.027,0.099327,-0.034125,-0.066267,8.857
3.1254,2.027,0.099324,-0.034146,-0.066255,8.8692
3.1255,2.027,0.09932,-0.034155,-0.066243,8.8673
3.1255,2.027,0.099317,-0.034148,-0.066231,8.8603
3.1256,2.027,0.099313,-0.034142,-0.06622,8.8656
3.1256,2.027,0.09931,-0.03413,-0.06621,8.8759
3.1257,2.027,0.099306,-0.034109,-0.0662,8.8658
3.1257,2.027,0.099303,-0.034096,-0.06619,8.8672
3.1258,2.027,0.099299,-0.034078,-0.066181,8.8753
3.1258,2.027,0.099296,-0.034046,-0.066172,8.8597
3.1259,2.027,0.099292,-0.034017,-0.066164,8.8623
3.1259,2.027,0.099289,-0.03398,-0.066155,8.8671
3.126,2.027,0.099285,-0.033953,-0.066147,8.8562
3.1261,2.027,0.099282,-0.033916,-0.066138,8.8577
3.1261,2.027,0.099278,-0.033872,-0.06613,8.8739
3.1262,2.027,0.099275,-0.033835,-0.066118,8.8664
3.1262,2.027,0.099271,-0.033801,-0.066111,8.8573
3.1263,2.027,0.099268,-0.033764,-0.066104,8.8621
3.1263,2.027,0.099264,-0.033728,-0.066104,8.8603
3.1264,2.027,0.099261,-0.033685,-0.066105,8.8452
3.1264,2.027,0.099257,-0.033639,-0.066108,8.8427
3.1265,2.027,0.099254,-0.033583,-0.066116,8.844
3.1265,2.027,0.09925,-0.033536,-0.066128,8.8365
3.1266,2.027,0.099247,-0.03351,-0.066139,8.8375
3.1266,2.027,0.099243,-0.033491,-0.06615,8.8461
3.1267,2.027,0.09924,-0.033477,-0.066153,8.8462
3.1267,2.027,0.099237,-0.033459,-0.066134,8.8441
3.1268,2.027,0.099233,-0.033439,-0.066133,8.8527
3.1268,2.027,0.09923,-0.033414,-0.066146,8.8467
3.1269,2.027,0.099226,-0.033399,-0.066168,8.847
3.1269,2.027,0.099223,-0.0334,-0.066195,8.8575
3.127,2.027,0.099219,-0.033408,-0.066215,8.8528
3.1271,2.027,0.099216,-0.033417,-0.066221,8.8456
3.1271,2.0269,0.099212,-0.033441,-0.066205,8.8571
3.1272,2.0269,0.099209,-0.033453,-0.066157,8.8628
3.1272,2.0269,0.099205,-0.033461,-0.066116,8.8563
3.1273,2.0269,0.099202,-0.033468,-0.066107,8.8637
3.1273,2.0269,0.099198,-0.033479,-0.066121,8.8733
3.1274,2.0269,0.099195,-0.033493,-0.066145,8.8578
3.1274,2.0269,0.099191,-0.033516,-0.066171,8.855
3.1275,2.0269,0.099188,-0.033541,-0.066187,8.8577
3.1275,2.0269,0.099184,-0.033578,-0.066182,8.849
3.1276,2.0269,0.099181,-0.033606,-0.066157,8.8481
3.1276,2.0269,0.099177,-0.033623,-0.066092,8.8643
3.1277,2.0269,0.099174,-0.033633,-0.066076,8.8619
3.1277,2.0269,0.09917,-0.033634,-0.066081,8.8566
3.1278,2.0269,0.099167,-0.033625,-0.066095,8.8673
3.1278,2.0269,0.099163,-0.033613,-0.066109,8.8698
3.1279,2.0269,0.09916,-0.033599,-0.066113,8.8555
3.1279,2.0269,0.099156,-0.03359,-0.066097,8.8637
3.128,2.0269,0.099153,-0.03356,-0.066063,8.8645
3.1281,2.0269,0.09915,-0.033498,-0.066002,8.853
3.1281,2.0269,0.099146,-0.033437,-0.065958,8.8565
3.1282,2.0269,0.099143,-0.033363,-0.065915,8.864
3.1282,2.0269,0.099139,-0.033295,-0.065873,8.871
3.1283,2.0269,0.099136,-0.033248,-0.065831,8.8724
3.1283,2.0269,0.099132,-0.033234,-0.06579,8.893
3.1284,2.0269,0.099129,-0.033255,-0.065749,8.8864
3.1284,2.0269,0.099125,-0.033277,-0.065708,8.8862
3.1285,2.0269,0.099122,-0.033303,-0.065668,8.8923
3.1285,2.0269,0.099118,-0.033334,-0.065628,8.893
3.1286,2.0269,0.099115,-0.033348,-0.065588,8.8892
3.1286,2.0269,0.099111,-0.033365,-0.065549,8.8976
3.1287,2.0269,0.099108,-0.033381,-0.065511,8.9008
3.1287,2.0269,0.099105,-0.033389,-0.065473,8.8897
3.1288,2.0269,0.099101,-0.033402,-0.065436,8.8977
3.1288,2.0269,0.099098,-0.033411,-0.065399,8.9039
3.1289,2.0269,0.099094,-0.033428,-0.065362,8.8938
3.1289,2.0269,0.099091,-0.033452,-0.065326,8.8886
3.129,2.0269,0.099087,-0.033478,-0.065291,8.8938
3.1291,2.0269,0.099084,-0.033515,-0.065256,8.8832
3.1291,2.0269,0.09908,-0.033557,-0.065222,8.8756
3.1292,2.0269,0.099077,-0.033586,-0.065188,8.8901
3.1292,2.0269,0.099074,-0.033616,-0.065155,8.8858
3.1293,2.0269,0.09907,-0.033637,-0.065123,8.8845
3.1293,2.0269,0.099067,-0.033657,-0.065091,8.8889
3.1294,2.0269,0.099063,-0.033692,-0.06506,8.8809
3.1294,2.0269,0.09906,-0.033726,-0.065029,8.8747
3.1295,2.0269,0.099057,-0.033758,-0.064999,8.8759
3.1295,2.0269,0.099053,-0.033801,-0.064969,8.8793
3.1296,2.0269,0.09905,-0.033834,-0.06494,8.8749
3.1296,2.0269,0.099046,-0.033885,-0.064911,8.8743
3.1297,2.0269,0.099043,-0.033921,-0.064882,8.8874
3.1297,2.0269,0.099039,-0.033952,-0.064854,8.8816
3.1298,2.0269,0.099036,-0.033979,-0.064827,8.8783
3.1298,2.0269,0.099033,-0.03401,-0.0648,8.8903
3.1299,2.0269,0.099029,-0.034038,-0.064774,8.8849
3.1299,2.0269,0.099026,-0.034074,-0.064748,8.8857
3.13,2.0269,0.099022,-0.03411,-0.064723,8.8927
3.1301,2.0269,0.099019,-0.034158,-0.064696,8.8947
3.1301,2.0268,0.099016,-0.034197,-0.064675,8.8847
3.1302,2.0268,0.099012,-0.034232,-0.064642,8.8887
3.1302,2.0268,0.099009,-0.034247,-0.064623,8.8936
3.1303,2.0268,0.099005,-0.034255,-0.064637,8.8927
3.1303,2.0268,0.099002,-0.034272,-0.06471,8.8939
3.1304,2.0268,0.098999,-0.034286,-0.064809,8.8938
3.1304,2.0268,0.098995,-0.034304,-0.064915,8.8774
3.1305,2.0268,0.098992,-0.034328,-0.065001,8.873
3.1305,2.0268,0.098988,-0.034365,-0.06505,8.8798
3.1306,2.0268,0.098985,-0.034414,-0.065036,8.8729
3.1306,2.0268,0.098981,-0.034456,-0.064988,8.8694
3.1307,2.0268,0.098978,-0.034492,-0.064928,8.8801
3.1307,2.0268,0.098975,-0.034537,-0.064883,8.8762
3.1308,2.0268,0.098971,-0.034567,-0.064831,8.8717
3.1308,2.0268,0.098968,-0.034589,-0.064788,8.88
3.1309,2.0268,0.098964,-0.034601,-0.064749,8.8778
3.1309,2.0268,0.098961,-0.034602,-0.06471,8.8657
3.131,2.0268,0.098958,-0.03459,-0.064678,8.8748
3.1311,2.0268,0.098954,-0.034567,-0.064646,8.8741
3.1311,2.0268,0.098951,-0.034532,-0.064616,8.8611
3.1312,2.0268,0.098947,-0.034506,-0.064593,8.8602
3.1312,2.0268,0.098944,-0.03448,-0.06457,8.8724
3.1313,2.0268,0.098941,-0.034469,-0.064548,8.8686
3.1313,2.0268,0.098937,-0.034461,-0.064524,8.8697
3.1314,2.0268,0.098934,-0.03446,-0.064498,8.8771
3.1314,2.0268,0.09893,-0.034466,-0.064479,8.8726
3.1315,2.0268,0.098927,-0.034477,-0.064459,8.868
3.1315,2.0268,0.098924,-0.034491,-0.064446,8.8718
3.1316,2.0268,0.09892,-0.034517,-0.064441,8.87
3.1316,2.0268,0.098917,-0.034543,-0.064438,8.8526
3.1317,2.0268,0.098913,-0.034576,-0.064431,8.865
3.1317,2.0268,0.09891,-0.034602,-0.064424,8.8636
3.1318,2.0268,0.098907,-0.034628,-0.064419,8.86
3.1318,2.0268,0.098903,-0.034651,-0.064409,8.8609
3.1319,2.0268,0.0989,-0.034672,-0.064398,8.8637
3.1319,2.0268,0.098896,-0.034688,-0.064382,8.8476
3.132,2.0268,0.098893,-0.034706,-0.064357,8.8454
3.1321,2.0268,0.09889,-0.034725,-0.064331,8.8472
3.1321,2.0268,0.098886,-0.034748,-0.064302,8.834
3.1322,2.0268,0.098883,-0.034776,-0.064269,8.8268
3.1322,2.0268,0.09888,-0.034809,-0.06424,8.8268
3.1323,2.0268,0.098876,-0.034845,-0.064211,8.8257
3.1323,2.0268,0.098873,-0.034881,-0.064194,8.8238
3.1324,2.0268,0.098869,-0.034918,-0.064181,8.8296
3.1324,2.0268,0.098866,-0.034947,-0.064164,8.833
3.1325,2.0268,0.098863,-0.03497,-0.064149,8.8209
3.1325,2.0268,0.098859,-0.03499,-0.064127,8.8306
3.1326,2.0268,0.098856,-0.035013,-0.064095,8.8305
3.1326,2.0268,0.098853,-0.035029,-0.064057,8.8191
3.1327,2.0268,0.098849,-0.035048,-0.06402,8.8257
3.1327,2.0268,0.098846,-0.035062,-0.063986,8.8324
3.1328,2.0268,0.098842,-0.035077,-0.063951,8.824
3.1328,2.0268,0.098839,-0.035085,-0.06392,8.8275
3.1329,2.0268,0.098836,-0.035103,-0.063895,8.8401
3.1329,2.0268,0.098832,-0.035121,-0.06388,8.8299
3.133,2.0267,0.098829,-0.035146,-0.063877,8.8221
3.1331,2.0267,0.098826,-0.035169,-0.06388,8.8346
3.1331,2.0267,0.098822,-0.035205,-0.063881,8.8317
3.1332,2.0267,0.098819,-0.035232,-0.063881,8.8212
3.1332,2.0267,0.098816,-0.035252,-0.063874,8.8348
3.1333,2.0267,0.098812,-0.035264,-0.063859,8.8393
3.1333,2.0267,0.098809,-0.035271,-0.063843,8.8248
3.1334,2.0267,0.098805,-0.035256,-0.063833,8.8286
3.1334,2.0267,0.098802,-0.03524,-0.063814,8.8374
3.1335,2.0267,0.098799,-0.035232,-0.063806,8.8202
3.1335,2.0267,0.098795,-0.035231,-0.063826,8.8224
3.1336,2.0267,0.098792,-0.035241,-0.063906,8.8258
3.1336,2.0267,0.098789,-0.035257,-0.064016,8.815
3.1337,2.0267,0.098785,-0.035273,-0.064117,8.8053
3.1337,2.0267,0.098782,-0.035282,-0.064208,8.8202
3.1338,2.0267,0.098779,-0.035288,-0.064223,8.815
3.1338,2.0267,0.098775,-0.035294,-0.064142,8.8094
3.1339,2.0267,0.098772,-0.035299,-0.06399,8.8278
3.1339,2.0267,0.098768,-0.0353,-0.063842,8.8371
3.134,2.0267,0.098765,-0.035321,-0.063737,8.8295
3.1341,2.0267,0.098762,-0.035351,-0.063664,8.8341
3.1341,2.0267,0.098758,-0.035385,-0.063618,8.8347
3.1342,2.0267,0.098755,-0.035417,-0.063608,8.831
3.1342,2.0267,0.098752,-0.035446,-0.06357,8.8376
3.1343,2.0267,0.098748,-0.035466,-0.063512,8.8421
3.1343,2.0267,0.098745,-0.035495,-0.063425,8.8382
3.1344,2.0267,0.098742,-0.035528,-0.063357,8.8405
3.1344,2.0267,0.098738,-0.035572,-0.06328,8.8438
3.1345,2.0267,0.098735,-0.035615,-0.063197,8.8386
3.1345,2.0267,0.098732,-0.035657,-0.063114,8.8264
3.1346,2.0267,0.098728,-0.035687,-0.063037,8.8415
3.1346,2.0267,0.098725,-0.035699,-0.062954,8.8392
3.1347,2.0267,0.098722,-0.0357,-0.062875,8.8326
3.1347,2.0267,0.098718,-0.035719,-0.062796,8.8349
3.1348,2.0267,0.098715,-0.035736,-0.062728,8.8369
3.1348,2.0267,0.098712,-0.035766,-0.062651,8.8327
3.1349,2.0267,0.098709,-0.035802,-0.062571,8.8399
3.1349,2.0267,0.098705,-0.035848,-0.062489,8.8388
3.135,2.0267,0.098702,-0.035907,-0.062403,8.8333
3.1351,2.0267,0.098699,-0.035967,-0.062318,8.8317
3.1351,2.0267,0.098695,-0.03602,-0.062237,8.8357
3.1352,2.0267,0.098692,-0.036076,-0.062152,8.8337
3.1352,2.0267,0.098689,-0.036113,-0.062074,8.8311
3.1353,2.0267,0.098686,-0.036147,-0.062007,8.8401
3.1353,2.0267,0.098682,-0.036176,-0.061945,8.8357
3.1354,2.0267,0.098679,-0.036211,-0.061884,8.833
3.1354,2.0267,0.098676,-0.036266,-0.061816,8.8488
3.1355,2.0267,0.098673,-0.03633,-0.061754,8.8577
3.1355,2.0267,0.098669,-0.036403,-0.061692,8.8496
3.1356,2.0267,0.098666,-0.036475,-0.061625,8.8578
3.1356,2.0267,0.098663,-0.036534,-0.061558,8.8603
3.1357,2.0267,0.09866,-0.036577,-0.061496,8.8538
3.1357,2.0267,0.098656,-0.036608,-0.061432,8.8601
3.1358,2.0266,0.098653,-0.03663,-0.061367,8.8631
3.1358,2.0266,0.09865,-0.036646,-0.061298,8.8531
3.1359,2.0266,0.098647,-0.036657,-0.061235,8.8583
3.1359,2.0266,0.098643,-0.036672,-0.061175,8.8698
3.136,2.0266,0.09864,-0.036689,-0.061117,8.8617
3.1361,2.0266,0.098637,-0.036705,-0.061062,8.8571
3.1361,2.0266,0.098634,-0.036716,-0.061013,8.8677
3.1362,2.0266,0.098631,-0.036733,-0.060962,8.8547
3.1362,2.0266,0.098627,-0.036766,-0.060913,8.8492
3.1363,2.0266,0.098624,-0.036809,-0.060859,8.8518
3.1363,2.0266,0.098621,-0.036853,-0.060806,8.8493
3.1364,2.0266,0.098618,-0.036909,-0.060751,8.8381
3.1364,2.0266,0.098615,-0.036957,-0.060693,8.8418
3.1365,2.0266,0.098611,-0.037005,-0.060627,8.8488
3.1365,2.0266,0.098608,-0.037046,-0.060565,8.8357
3.1366,2.0266,0.098605,-0.037078,-0.060508,8.8327
3.1366,2.0266,0.098602,-0.037118,-0.060467,8.8334
3.1367,2.0266,0.098599,-0.037151,-0.060457,8.8198
3.1367,2.0266,0.098596,-0.037182,-0.060437,8.8176
3.1368,2.0266,0.098592,-0.037225,-0.060407,8.8257
3.1368,2.0266,0.098589,-0.037272,-0.060367,8.8237
3.1369,2.0266,0.098586,-0.037333,-0.060315,8.8164
3.1369,2.0266,0.098583,-0.037406,-0.060264,8.8234
3.137,2.0266,0.09858,-0.03747,-0.060225,8.8273
3.1371,2.0266,0.098576,-0.037529,-0.060205,8.8169
3.1371,2.0266,0.098573,-0.037582,-0.060218,8.821
3.1372,2.0266,0.09857,-0.037634,-0.060227,8.8221
3.1372,2.0266,0.098567,-0.037689,-0.060204,8.8113
3.1373,2.0266,0.098564,-0.037748,-0.060157,8.8064
3.1373,2.0266,0.098561,-0.037812,-0.060094,8.8158
3.1374,2.0266,0.098557,-0.037872,-0.060025,8.8049
3.1374,2.0266,0.098554,-0.037917,-0.05996,8.8065
3.1375,2.0266,0.098551,-0.037946,-0.059916,8.8141
3.1375,2.0266,0.098548,-0.037977,-0.059886,8.8154
3.1376,2.0266,0.098545,-0.038004,-0.059894,8.8082
3.1376,2.0266,0.098542,-0.038036,-0.059851,8.8093
3.1377,2.0266,0.098539,-0.038074,-0.059786,8.8089
3.1377,2.0266,0.098535,-0.038118,-0.059709,8.7999
3.1378,2.0266,0.098532,-0.038156,-0.05963,8.7993
3.1378,2.0266,0.098529,-0.038192,-0.059561,8.7981
3.1379,2.0266,0.098526,-0.038225,-0.059513,8.7902
3.1379,2.0266,0.098523,-0.038258,-0.059478,8.8057
3.138,2.0266,0.09852,-0.038289,-0.059474,8.8149
3.1381,2.0266,0.098517,-0.03832,-0.059453,8.8098
3.1381,2.0266,0.098514,-0.038352,-0.059432,8.8198
3.1382,2.0266,0.09851,-0.038384,-0.059412,8.8249
3.1382,2.0266,0.098507,-0.038415,-0.059392,8.8144
3.1383,2.0266,0.098504,-0.038452,-0.059373,8.8109
3.1383,2.0266,0.098501,-0.038483,-0.059355,8.8137
3.1384,2.0266,0.098498,-0.038503,-0.059338,8.8091
3.1384,2.0266,0.098495,-0.038507,-0.059322,8.8113
3.1385,2.0265,0.098492,-0.038492,-0.059307,8.8242
3.1385,2.0265,0.098489,-0.038472,-0.059293,8.8219
3.1386,2.0265,0.098485,-0.03845,-0.05928,8.8126
3.1386,2.0265,0.098482,-0.03843,-0.059269,8.8244
3.1387,2.0265,0.098479,-0.038417,-0.059258,8.8314
3.1387,2.0265,0.098476,-0.038402,-0.059248,8.8195
3.1388,2.0265,0.098473,-0.038383,-0.05924,8.8178
3.1388,2.0265,0.09847,-0.038359,-0.059232,8.8274
3.1389,2.0265,0.098467,-0.038327,-0.059226,8.8153
3.1389,2.0265,0.098464,-0.0383,-0.059224,8.8181
3.139,2.0265,0.09846,-0.038274,-0.059217,8.8356
3.1391,2.0265,0.098457,-0.038243,-0.059212,8.8313
3.1391,2.0265,0.098454,-0.038221,-0.0592,8.8221
3.1392,2.0265,0.098451,-0.0382,-0.059185,8.8364
3.1392,2.0265,0.098448,-0.038196,-0.059171,8.8368
3.1393,2.0265,0.098445,-0.038203,-0.05916,8.8365
3.1393,2.0265,0.098442,-0.038208,-0.059155,8.8381
3.1394,2.0265,0.098439,-0.038214,-0.059158,8.8432
3.1394,2.0265,0.098436,-0.038228,-0.059163,8.8391
3.1395,2.0265,0.098432,-0.038235,-0.059175,8.8597
3.1395,2.0265,0.098429,-0.038257,-0.059183,8.8652
3.1396,2.0265,0.098426,-0.038272,-0.059193,8.8538
3.1396,2.0265,0.098423,-0.038298,-0.059205,8.8609
3.1397,2.0265,0.09842,-0.038334,-0.05922,8.8773
3.1397,2.0265,0.098417,-0.038368,-0.059234,8.8707
3.1398,2.0265,0.098414,-0.038401,-0.059241,8.862
3.1398,2.0265,0.098411,-0.038434,-0.059243,8.871
3.1399,2.0265,0.098408,-0.038456,-0.059247,8.869
3.1399,2.0265,0.098404,-0.038472,-0.059248,8.8594
3.14,2.0265,0.098401,-0.03847,-0.059256,8.8662
3.1401,2.0265,0.098398,-0.038477,-0.059262,8.871
3.1401,2.0265,0.098395,-0.038496,-0.059286,8.8642
3.1402,2.0265,0.098392,-0.038534,-0.059294,8.8787
3.1402,2.0265,0.098389,-0.038583,-0.059257,8.8692
3.1403,2.0265,0.098386,-0.038631,-0.059159,8.8632
3.1403,2.0265,0.098383,-0.038687,-0.059025,8.8619
3.1404,2.0265,0.098379,-0.038738,-0.058873,8.8712
3.1404,2.0265,0.098376,-0.038777,-0.058741,8.8567
3.1405,2.0265,0.098373,-0.038812,-0.058639,8.8568
3.1405,2.0265,0.09837,-0.038831,-0.058601,8.8686
3.1406,2.0265,0.098367,-0.038846,-0.058594,8.864
3.1406,2.0265,0.098364,-0.03885,-0.058597,8.8579
3.1407,2.0265,0.098361,-0.038838,-0.058592,8.87
3.1407,2.0265,0.098358,-0.038837,-0.058598,8.8734
3.1408,2.0265,0.098355,-0.038845,-0.058596,8.8617
3.1408,2.0265,0.098352,-0.038866,-0.058598,8.8656
3.1409,2.0265,0.098349,-0.038904,-0.058599,8.8767
3.1409,2.0265,0.098346,-0.038958,-0.05859,8.8664
3.141,2.0265,0.098342,-0.039025,-0.058574,8.8714
3.1411,2.0264,0.098339,-0.039106,-0.058557,8.8793
3.1411,2.0264,0.098336,-0.039178,-0.058539,8.8811
3.1412,2.0264,0.098333,-0.039252,-0.05853,8.8887
3.1412,2.0264,0.09833,-0.039317,-0.058523,8.8971
3.1413,2.0264,0.098327,-0.039382,-0.058526,8.8896
3.1413,2.0264,0.098324,-0.039442,-0.058534,8.8956
3.1414,2.0264,0.098321,-0.039496,-0.058533,8.8939
3.1414,2.0264,0.098318,-0.039544,-0.058531,8.8828
3.1415,2.0264,0.098315,-0.039591,-0.058526,8.8772
3.1415,2.0264,0.098312,-0.039631,-0.058506,8.8868
3.1416,2.0264,0.098309,-0.039671,-0.058483,8.8848
3.1416,2.0264,0.098305,-0.039707,-0.058457,8.8761
3.1417,2.0264,0.098302,-0.039749,-0.058425,8.88
3.1417,2.0264,0.098299,-0.039789,-0.058382,8.8794
3.1418,2.0264,0.098296,-0.039825,-0.058338,8.8628
3.1418,2.0264,0.098293,-0.039854,-0.05829,8.8694
3.1419,2.0264,0.09829,-0.039879,-0.058244,8.8701
3.1419,2.0264,0.098287,-0.039903,-0.058206,8.8567
3.142,2.0264,0.098284,-0.039923,-0.05818,8.8646
3.1421,2.0264,0.098281,-0.039945,-0.058166,8.8745
3.1421,2.0264,0.098278,-0.039965,-0.058169,8.872
3.1422,2.0264,0.098275,-0.039985,-0.058176,8.8694
3.1422,2.0264,0.098272,-0.040005,-0.058184,8.8893
3.1423,2.0264,0.098269,-0.040024,-0.058174,8.8881
3.1423,2.0264,0.098266,-0.040038,-0.058149,8.8853
3.1424,2.0264,0.098263,-0.04006,-0.058119,8.8853
3.1424,2.0264,0.09826,-0.040086,-0.058084,8.8895
3.1425,2.0264,0.098256,-0.040115,-0.058051,8.8829
3.1425,2.0264,0.098253,-0.040142,-0.058038,8.8882
3.1426,2.0264,0.09825,-0.040179,-0.058037,8.8941
3.1426,2.0264,0.098247,-0.040215,-0.058049,8.8928
3.1427,2.0264,0.098244,-0.040256,-0.058068,8.8939
3.1427,2.0264,0.098241,-0.040296,-0.058099,8.9057
3.1428,2.0264,0.098238,-0.040342,-0.058134,8.8887
3.1428,2.0264,0.098235,-0.040373,-0.058166,8.8904
3.1429,2.0264,0.098232,-0.040405,-0.058187,8.8923
3.1429,2.0264,0.098229,-0.040435,-0.058195,8.8864
3.143,2.0264,0.098226,-0.040467,-0.058197,8.8695
3.1431,2.0264,0.098223,-0.040485,-0.058201,8.8784
3.1431,2.0264,0.09822,-0.04051,-0.058205,8.8764
3.1432,2.0264,0.098217,-0.04054,-0.058216,8.8649
3.1432,2.0264,0.098214,-0.040572,-0.05824,8.8748
3.1433,2.0264,0.098211,-0.040609,-0.058264,8.8652
3.1433,2.0264,0.098207,-0.040679,-0.058273,8.8489
3.1434,2.0264,0.098204,-0.040753,-0.058291,8.8575
3.1434,2.0264,0.098201,-0.04083,-0.058295,8.8534
3.1435,2.0264,0.098198,-0.040902,-0.058263,8.8427
3.1435,2.0263,0.098195,-0.040964,-0.058182,8.8431
3.1436,2.0263,0.098192,-0.041024,-0.058041,8.8532
3.1436,2.0263,0.098189,-0.04108,-0.057896,8.8519
3.1437,2.0263,0.098186,-0.041146,-0.057722,8.858
3.1437,2.0263,0.098183,-0.041218,-0.057553,8.8687
3.1438,2.0263,0.09818,-0.041288,-0.05744,8.8741
3.1438,2.0263,0.098177,-0.041354,-0.057383,8.8745
3.1439,2.0263,0.098174,-0.041428,-0.057331,8.8818
3.1439,2.0263,0.098171,-0.041489,-0.05728,8.882
3.144,2.0263,0.098168,-0.041546,-0.057212,8.8678
3.1441,2.0263,0.098165,-0.0416,-0.057159,8.8768
3.1441,2.0263,0.098162,-0.041659,-0.057082,8.8756
3.1442,2.0263,0.098159,-0.04172,-0.05701,8.8739
3.1442,2.0263,0.098156,-0.041788,-0.056946,8.8877
3.1443,2.0263,0.098153,-0.041838,-0.056904,8.8937
3.1443,2.0263,0.09815,-0.04189,-0.056842,8.8814
3.1444,2.0263,0.098147,-0.04193,-0.056785,8.8731
3.1444,2.0263,0.098144,-0.041979,-0.056731,8.8712
3.1445,2.0263,0.098141,-0.042028,-0.056681,8.8607
3.1445,2.0263,0.098138,-0.04208,-0.056633,8.8535
3.1446,2.0263,0.098135,-0.042136,-0.056593,8.8597
3.1446,2.0263,0.098132,-0.042195,-0.056548,8.8524
3.1447,2.0263,0.098129,-0.042245,-0.056506,8.8432
3.1447,2.0263,0.098126,-0.04229,-0.056459,8.8503
3.1448,2.0263,0.098123,-0.04233,-0.056418,8.8519
3.1448,2.0263,0.09812,-0.042371,-0.056385,8.8404
3.1449,2.0263,0.098117,-0.042406,-0.05635,8.8515
3.1449,2.0263,0.098114,-0.042433,-0.056316,8.8534
3.145,2.0263,0.098111,-0.042462,-0.056284,8.8497
3.1451,2.0263,0.098108,-0.042516,-0.056248,8.8593
3.1451,2.0263,0.098105,-0.042579,-0.05622,8.8804
3.1452,2.0263,0.098102,-0.042663,-0.056189,8.8794
3.1452,2.0263,0.098099,-0.042744,-0.056154,8.8846
3.1453,2.0263,0.098097,-0.042813,-0.05612,8.9019
3.1453,2.0263,0.098094,-0.042875,-0.056082,8.8969
3.1454,2.0263,0.098091,-0.042914,-0.056053,8.9005
3.1454,2.0263,0.098088,-0.042939,-0.056018,8.9014
3.1455,2.0263,0.098085,-0.042953,-0.055988,8.9077
3.1455,2.0263,0.098082,-0.042953,-0.055963,8.8984
3.1456,2.0263,0.098079,-0.042958,-0.055935,8.9141
3.1456,2.0263,0.098076,-0.04296,-0.055897,8.914
3.1457,2.0263,0.098073,-0.042968,-0.055854,8.9021
3.1457,2.0263,0.09807,-0.04299,-0.055806,8.9092
3.1458,2.0263,0.098067,-0.043018,-0.055766,8.9153
3.1458,2.0263,0.098064,-0.043053,-0.055723,8.9051
3.1459,2.0262,0.098061,-0.043084,-0.055694,8.9033
3.1459,2.0262,0.098058,-0.043124,-0.055671,8.9026
3.146,2.0262,0.098055,-0.043172,-0.055648,8.8982
3.1461,2.0262,0.098052,-0.043233,-0.055628,8.8857
3.1461,2.0262,0.09805,-0.043294,-0.05561,8.8865
3.1462,2.0262,0.098047,-0.043339,-0.055598,8.888
3.1462,2.0262,0.098044,-0.04337,-0.05559,8.8839
3.1463,2.0262,0.098041,-0.043399,-0.055582,8.8884
3.1463,2.0262,0.098038,-0.043412,-0.055583,8.893
3.1464,2.0262,0.098035,-0.043437,-0.055588,8.8833
3.1464,2.0262,0.098032,-0.043465,-0.055591,8.8895
3.1465,2.0262,0.098029,-0.043504,-0.055591,8.8923
3.1465,2.0262,0.098026,-0.043557,-0.055592,8.8872
3.1466,2.0262,0.098023,-0.043606,-0.055584,8.889
3.1466,2.0262,0.09802,-0.043663,-0.055565,8.8981
3.1467,2.0262,0.098017,-0.043731,-0.055536,8.8959
3.1467,2.0262,0.098014,-0.043787,-0.055498,8.8978
3.1468,2.0262,0.098011,-0.043835,-0.055453,8.9092
3.1468,2.0262,0.098009,-0.043867,-0.055407,8.9137
3.1469,2.0262,0.098006,-0.043884,-0.05536,8.9044
3.1469,2.0262,0.098003,-0.043908,-0.055312,8.9121
3.147,2.0262,0.098,-0.043931,-0.055266,8.9062
3.1471,2.0262,0.097997,-0.043964,-0.055226,8.8946
3.1471,2.0262,0.097994,-0.044004,-0.055186,8.9034
3.1472,2.0262,0.097991,-0.044041,-0.055143,8.9067
3.1472,2.0262,0.097988,-0.044073,-0.055091,8.8908
3.1473,2.0262,0.097985,-0.044097,-0.055044,8.8885
3.1473,2.0262,0.097982,-0.04412,-0.055002,8.8939
3.1474,2.0262,0.09798,-0.044152,-0.054961,8.875
3.1474,2.0262,0.097977,-0.044187,-0.054923,8.8715
3.1475,2.0262,0.097974,-0.044226,-0.054886,8.8752
3.1475,2.0262,0.097971,-0.044266,-0.054853,8.8663
3.1476,2.0262,0.097968,-0.0443,-0.054826,8.859
3.1476,2.0262,0.097965,-0.044326,-0.054796,8.8618
3.1477,2.0262,0.097962,-0.044342,-0.054767,8.857
3.1477,2.0262,0.097959,-0.044364,-0.054736,8.8493
3.1478,2.0262,0.097956,-0.044375,-0.054703,8.8641
3.1478,2.0262,0.097954,-0.044385,-0.054663,8.8663
3.1479,2.0262,0.097951,-0.044407,-0.054619,8.8497
3.1479,2.0262,0.097948,-0.044438,-0.054575,8.862
3.148,2.0262,0.097945,-0.044475,-0.054533,8.8679
3.1481,2.0262,0.097942,-0.044512,-0.054489,8.8607
3.1481,2.0262,0.097939,-0.044547,-0.054441,8.867
3.1482,2.0262,0.097936,-0.044574,-0.054389,8.8757
3.1482,2.0261,0.097934,-0.044577,-0.054341,8.8673
3.1483,2.0261,0.097931,-0.044577,-0.054294,8.8709
3.1483,2.0261,0.097928,-0.044591,-0.054246,8.8779
3.1484,2.0261,0.097925,-0.044616,-0.054199,8.8729
3.1484,2.0261,0.097922,-0.04466,-0.054152,8.8608
3.1485,2.0261,0.097919,-0.044709,-0.054105,8.8665
3.1485,2.0261,0.097916,-0.044762,-0.054058,8.8597
3.1486,2.0261,0.097914,-0.044815,-0.054012,8.8431
3.1486,2.0261,0.097911,-0.044861,-0.053965,8.8434
3.1487,2.0261,0.097908,-0.044909,-0.053915,8.8422
3.1487,2.0261,0.097905,-0.04496,-0.053871,8.8302
3.1488,2.0261,0.097902,-0.045018,-0.053827,8.833
3.1488,2.0261,0.097899,-0.045085,-0.05379,8.8353
3.1489,2.0261,0.097897,-0.045148,-0.053754,8.8268
3.1489,2.0261,0.097894,-0.045211,-0.053724,8.8288
3.149,2.0261,0.097891,-0.045274,-0.053689,8.8312
3.1491,2.0261,0.097888,-0.045338,-0.053662,8.823
3.1491,2.0261,0.097885,-0.045403,-0.053635,8.8202
3.1492,2.0261,0.097882,-0.04547,-0.053613,8.8322
3.1492,2.0261,0.09788,-0.045534,-0.053581,8.8244
3.1493,2.0261,0.097877,-0.045596,-0.053551,8.8199
3.1493,2.0261,0.097874,-0.045657,-0.053519,8.8416
3.1494,2.0261,0.097871,-0.045719,-0.053488,8.8473
3.1494,2.0261,0.097868,-0.045784,-0.053449,8.8296
3.1495,2.0261,0.097866,-0.045847,-0.053416,8.8354
3.1495,2.0261,0.097863,-0.045913,-0.053378,8.8423
3.1496,2.0261,0.09786,-0.045978,-0.053335,8.8284
3.1496,2.0261,0.097857,-0.046037,-0.053279,8.826
3.1497,2.0261,0.097854,-0.046095,-0.053224,8.8418
3.1497,2.0261,0.097852,-0.046154,-0.053181,8.8321
3.1498,2.0261,0.097849,-0.046218,-0.053144,8.8296
3.1498,2.0261,0.097846,-0.046287,-0.053109,8.8425
3.1499,2.0261,0.097843,-0.046359,-0.05308,8.8442
3.1499,2.0261,0.09784,-0.046439,-0.053049,8.8315
3.15,2.0261,0.097838,-0.046504,-0.053018,8.836
3.1501,2.0261,0.097835,-0.046554,-0.052985,8.8318
3.1501,2.0261,0.097832,-0.046593,-0.052958,8.8221
3.1502,2.0261,0.097829,-0.046624,-0.052945,8.8253
3.1502,2.0261,0.097826,-0.04665,-0.052932,8.8245
3.1503,2.0261,0.097824,-0.046676,-0.05292,8.8123
3.1503,2.0261,0.097821,-0.046711,-0.05291,8.8177
3.1504,2.026,0.097818,-0.046758,-0.052889,8.8269
3.1504,2.026,0.097815,-0.046804,-0.052867,8.8257
3.1505,2.026,0.097812,-0.046856,-0.05284,8.8242
3.1505,2.026,0.09781,-0.046912,-0.052817,8.8331
3.1506,2.026,0.097807,-0.046972,-0.052799,8.8273
3.1506,2.026,0.097804,-0.047032,-0.052778,8.8245
3.1507,2.026,0.097801,-0.04709,-0.052757,8.8412
3.1507,2.026,0.097799,-0.047149,-0.052738,8.8381
3.1508,2.026,0.097796,-0.047208,-0.052713,8.8396
3.1508,2.026,0.097793,-0.047267,-0.052692,8.85
3.1509,2.026,0.09779,-0.047325,-0.052677,8.8621
3.1509,2.026,0.097788,-0.047383,-0.052672,8.8448
3.151,2.026,0.097785,-0.047442,-0.052669,8.863
3.1511,2.026,0.097782,-0.047501,-0.052663,8.8635
3.1511,2.026,0.097779,-0.047562,-0.05265,8.8532
3.1512,2.026,0.097776,-0.047624,-0.052635,8.8535
3.1512,2.026,0.097774,-0.047687,-0.052611,8.8564
3.1513,2.026,0.097771,-0.047749,-0.052586,8.8482
3.1513,2.026,0.097768,-0.047811,-0.052564,8.8473
3.1514,2.026,0.097765,-0.047872,-0.052543,8.855
3.1514,2.026,0.097763,-0.047931,-0.052519,8.8497
3.1515,2.026,0.09776,-0.047982,-0.0525,8.844
3.1515,2.026,0.097757,-0.048032,-0.052483,8.8517
3.1516,2.026,0.097754,-0.048075,-0.052469,8.8467
3.1516,2.026,0.097752,-0.048114,-0.052463,8.8351
3.1517,2.026,0.097749,-0.048152,-0.052465,8.8345
3.1517,2.026,0.097746,-0.048192,-0.052475,8.8413
3.1518,2.026,0.097743,-0.048236,-0.052491,8.8273
3.1518,2.026,0.09774,-0.048282,-0.052512,8.8367
3.1519,2.026,0.097738,-0.048329,-0.052538,8.8454
3.1519,2.026,0.097735,-0.048378,-0.052558,8.8387
3.152,2.026,0.097732,-0.048425,-0.052571,8.8389
3.1521,2.026,0.097729,-0.048471,-0.052573,8.8495
3.1521,2.026,0.097727,-0.048517,-0.05257,8.844
3.1522,2.026,0.097724,-0.048562,-0.052567,8.853
3.1522,2.026,0.097721,-0.048607,-0.052571,8.8577
3.1523,2.026,0.097718,-0.048651,-0.052587,8.8552
3.1523,2.026,0.097716,-0.048694,-0.052612,8.8477
3.1524,2.026,0.097713,-0.048736,-0.052646,8.8599
3.1524,2.026,0.09771,-0.04878,-0.052686,8.8655
3.1525,2.0259,0.097707,-0.04882,-0.052723,8.8547
3.1525,2.0259,0.097704,-0.048856,-0.052757,8.8633
3.1526,2.0259,0.097702,-0.04889,-0.052784,8.8615
3.1526,2.0259,0.097699,-0.048922,-0.052803,8.8484
3.1527,2.0259,0.097696,-0.048954,-0.052815,8.8458
3.1527,2.0259,0.097693,-0.048986,-0.052821,8.8506
3.1528,2.0259,0.097691,-0.049021,-0.052826,8.8387
3.1528,2.0259,0.097688,-0.049056,-0.052833,8.8404
3.1529,2.0259,0.097685,-0.049085,-0.052841,8.8504
3.1529,2.0259,0.097682,-0.049111,-0.052849,8.8431
3.153,2.0259,0.097679,-0.049136,-0.052857,8.8339
3.1531,2.0259,0.097677,-0.04916,-0.052865,8.8418
3.1531,2.0259,0.097674,-0.049184,-0.052873,8.8338
3.1532,2.0259,0.097671,-0.049211,-0.052878,8.8229
3.1532,2.0259,0.097668,-0.04924,-0.052885,8.8202
3.1533,2.0259,0.097666,-0.049259,-0.052901,8.8224
3.1533,2.0259,0.097663,-0.049275,-0.05292,8.8042
3.1534,2.0259,0.09766,-0.049284,-0.052946,8.8161
3.1534,2.0259,0.097657,-0.04929,-0.052981,8.8159
3.1535,2.0259,0.097654,-0.049294,-0.05302,8.8176
3.1535,2.0259,0.097652,-0.049293,-0.053058,8.8212
3.1536,2.0259,0.097649,-0.049294,-0.053087,8.834
3.1536,2.0259,0.097646,-0.049293,-0.053113,8.8223
3.1537,2.0259,0.097643,-0.049288,-0.053135,8.8222
3.1537,2.0259,0.09764,-0.049286,-0.053149,8.8314
3.1538,2.0259,0.097638,-0.049283,-0.05316,8.8276
3.1538,2.0259,0.097635,-0.049283,-0.053174,8.8154
3.1539,2.0259,0.097632,-0.049284,-0.053188,8.8336
3.1539,2.0259,0.097629,-0.049282,-0.053201,8.8353
3.154,2.0259,0.097626,-0.049282,-0.053214,8.8224
3.1541,2.0259,0.097624,-0.049278,-0.053226,8.8313
3.1541,2.0259,0.097621,-0.049274,-0.053235,8.8317
3.1542,2.0259,0.097618,-0.049267,-0.053248,8.8171
3.1542,2.0259,0.097615,-0.049259,-0.053265,8.8176
3.1543,2.0259,0.097612,-0.04925,-0.053284,8.819
3.1543,2.0259,0.09761,-0.049241,-0.053304,8.8017
3.1544,2.0259,0.097607,-0.049221,-0.053323,8.8013
3.1544,2.0259,0.097604,-0.049201,-0.053339,8.8062
3.1545,2.0259,0.097601,-0.049186,-0.053351,8.8054
3.1545,2.0258,0.097598,-0.049188,-0.053358,8.805
3.1546,2.0258,0.097596,-0.049203,-0.053366,8.8122
3.1546,2.0258,0.097593,-0.049218,-0.053374,8.8128
3.1547,2.0258,0.09759,-0.04924,-0.053382,8.809
3.1547,2.0258,0.097587,-0.049257,-0.053389,8.8153
3.1548,2.0258,0.097584,-0.049268,-0.053392,8.8247
3.1548,2.0258,0.097582,-0.049275,-0.053399,8.814
3.1549,2.0258,0.097579,-0.049278,-0.053409,8.8213
3.1549,2.0258,0.097576,-0.049276,-0.053422,8.8326
3.155,2.0258,0.097573,-0.049255,-0.053434,8.8283
3.1551,2.0258,0.09757,-0.049221,-0.053445,8.8276
3.1551,2.0258,0.097567,-0.04918,-0.053454,8.8413
3.1552,2.0258,0.097565,-0.049138,-0.053459,8.8328
3.1552,2.0258,0.097562,-0.049109,-0.053443,8.8293
3.1553,2.0258,0.097559,-0.049076,-0.053454,8.8324
3.1553,2.0258,0.097556,-0.049043,-0.05348,8.8281
3.1554,2.0258,0.097553,-0.049009,-0.053514,8.8238
3.1554,2.0258,0.097551,-0.048972,-0.053545,8.8353
3.1555,2.0258,0.097548,-0.048948,-0.053571,8.8303
3.1555,2.0258,0.097545,-0.048932,-0.053591,8.8164
3.1556,2.0258,0.097542,-0.048933,-0.0536,8.8249
3.1556,2.0258,0.097539,-0.04894,-0.053594,8.8292
3.1557,2.0258,0.097536,-0.048948,-0.053613,8.816
3.1557,2.0258,0.097534,-0.048961,-0.053634,8.8133
3.1558,2.0258,0.097531,-0.048976,-0.053658,8.8161
3.1558,2.0258,0.097528,-0.048996,-0.053657,8.8084
3.1559,2.0258,0.097525,-0.049011,-0.053661,8.8061
3.1559,2.0258,0.097522,-0.049023,-0.053693,8.8173
3.156,2.0258,0.09752,-0.049029,-0.05376,8.8215
3.1561,2.0258,0.097517,-0.049035,-0.053874,8.8259
3.1561,2.0258,0.097514,-0.049044,-0.053991,8.8445
3.1562,2.0258,0.097511,-0.049059,-0.054107,8.8424
3.1562,2.0258,0.097508,-0.049078,-0.05423,8.8394
3.1563,2.0258,0.097505,-0.049106,-0.054311,8.8488
3.1563,2.0258,0.097502,-0.049131,-0.054359,8.8534
3.1564,2.0258,0.0975,-0.049152,-0.054382,8.8507
3.1564,2.0258,0.097497,-0.049175,-0.05438,8.8607
3.1565,2.0258,0.097494,-0.049195,-0.054358,8.8707
3.1565,2.0257,0.097491,-0.049212,-0.054295,8.8616
3.1566,2.0257,0.097488,-0.049226,-0.054225,8.8655
3.1566,2.0257,0.097485,-0.049235,-0.054172,8.8788
3.1567,2.0257,0.097482,-0.049239,-0.054122,8.8694
3.1567,2.0257,0.09748,-0.049246,-0.054063,8.8686
3.1568,2.0257,0.097477,-0.04925,-0.054033,8.8758
3.1568,2.0257,0.097474,-0.049258,-0.05402,8.8689
3.1569,2.0257,0.097471,-0.049264,-0.054017,8.8597
3.1569,2.0257,0.097468,-0.049269,-0.054015,8.8675
3.157,2.0257,0.097465,-0.049274,-0.054002,8.8648
3.1571,2.0257,0.097463,-0.049277,-0.053977,8.8605
3.1571,2.0257,0.09746,-0.049277,-0.053937,8.8673
3.1572,2.0257,0.097457,-0.049278,-0.053883,8.8661
3.1572,2.0257,0.097454,-0.049279,-0.053842,8.8552
3.1573,2.0257,0.097451,-0.04928,-0.053796,8.8622
3.1573,2.0257,0.097448,-0.04928,-0.053749,8.8717
3.1574,2.0257,0.097446,-0.049281,-0.053697,8.8565
3.1574,2.0257,0.097443,-0.049284,-0.053647,8.8586
3.1575,2.0257,0.09744,-0.049286,-0.053585,8.8729
3.1575,2.0257,0.097437,-0.049288,-0.05353,8.8668
3.1576,2.0257,0.097434,-0.049287,-0.053504,8.8693
3.1576,2.0257,0.097431,-0.049286,-0.053511,8.8814
3.1577,2.0257,0.097429,-0.049281,-0.053555,8.8857
3.1577,2.0257,0.097426,-0.049278,-0.053641,8.8833
3.1578,2.0257,0.097423,-0.049276,-0.053724,8.8955
3.1578,2.0257,0.09742,-0.049277,-0.053799,8.893
3.1579,2.0257,0.097417,-0.04928,-0.053858,8.8886
3.1579,2.0257,0.097414,-0.049284,-0.053882,8.8952
3.158,2.0257,0.097412,-0.049285,-0.053905,8.9093
3.1581,2.0257,0.097409,-0.049284,-0.053917,8.9021
3.1581,2.0257,0.097406,-0.049277,-0.053918,8.9021
3.1582,2.0257,0.097403,-0.04927,-0.053903,8.9118
3.1582,2.0257,0.0974,-0.049262,-0.053843,8.9031
3.1583,2.0257,0.097397,-0.049255,-0.053763,8.8956
3.1583,2.0257,0.097395,-0.04925,-0.053682,8.8965
3.1584,2.0257,0.097392,-0.049245,-0.053578,8.8925
3.1584,2.0257,0.097389,-0.049242,-0.05349,8.8772
3.1585,2.0257,0.097386,-0.049238,-0.053404,8.881
3.1585,2.0257,0.097383,-0.049233,-0.053319,8.8762
3.1586,2.0256,0.097381,-0.049227,-0.053236,8.871
3.1586,2.0256,0.097378,-0.04922,-0.053157,8.8721
3.1587,2.0256,0.097375,-0.049213,-0.053075,8.8752
3.1587,2.0256,0.097372,-0.049206,-0.05298,8.8676
3.1588,2.0256,0.097369,-0.049197,-0.052902,8.8671
3.1588,2.0256,0.097367,-0.049188,-0.052823,8.8664
3.1589,2.0256,0.097364,-0.049177,-0.052761,8.866
3.1589,2.0256,0.097361,-0.049166,-0.052746,8.8607
3.159,2.0256,0.097358,-0.049152,-0.052751,8.8735
3.1591,2.0256,0.097356,-0.04914,-0.052758,8.8713
3.1591,2.0256,0.097353,-0.049132,-0.052757,8.8734
3.1592,2.0256,0.09735,-0.049132,-0.052713,8.8855
3.1592,2.0256,0.097347,-0.049135,-0.052626,8.8851
3.1593,2.0256,0.097344,-0.04914,-0.052457,8.8784
3.1593,2.0256,0.097342,-0.049142,-0.052241,8.89
3.1594,2.0256,0.097339,-0.049136,-0.052013,8.8798
3.1594,2.0256,0.097336,-0.049125,-0.051751,8.8747
3.1595,2.0256,0.097334,-0.049111,-0.051501,8.8779
3.1595,2.0256,0.097331,-0.049101,-0.051307,8.8838
3.1596,2.0256,0.097328,-0.0491,-0.051166,8.8737
3.1596,2.0256,0.097325,-0.049105,-0.051072,8.8808
3.1597,2.0256,0.097323,-0.049116,-0.051015,8.8875
3.1597,2.0256,0.09732,-0.049132,-0.050987,8.8778
3.1598,2.0256,0.097317,-0.049143,-0.050954,8.8766
3.1598,2.0256,0.097315,-0.049152,-0.050919,8.8777
3.1599,2.0256,0.097312,-0.049158,-0.050924,8.8686
3.1599,2.0256,0.097309,-0.04916,-0.050955,8.8551
3.16,2.0256,0.097307,-0.049163,-0.050983,8.8652
3.1601,2.0256,0.097304,-0.049162,-0.051019,8.8616
3.1601,2.0256,0.097301,-0.049162,-0.051065,8.8569
3.1602,2.0256,0.097299,-0.049165,-0.051118,8.8647
3.1602,2.0256,0.097296,-0.049165,-0.051166,8.8658
3.1603,2.0256,0.097293,-0.04916,-0.051238,8.8603
3.1603,2.0256,0.09729,-0.049156,-0.051373,8.8592
3.1604,2.0256,0.097288,-0.049149,-0.051476,8.8645
3.1604,2.0256,0.097285,-0.049148,-0.051517,8.8622
3.1605,2.0256,0.097282,-0.049145,-0.051508,8.861
3.1605,2.0256,0.09728,-0.049143,-0.051455,8.8713
3.1606,2.0256,0.097277,-0.049142,-0.051371,8.8652
3.1606,2.0255,0.097274,-0.049135,-0.051274,8.8647
3.1607,2.0255,0.097272,-0.049121,-0.051188,8.8777
3.1607,2.0255,0.097269,-0.049102,-0.051142,8.8745
3.1608,2.0255,0.097266,-0.049084,-0.051083,8.8647
3.1608,2.0255,0.097263,-0.049069,-0.051026,8.872
3.1609,2.0255,0.097261,-0.049055,-0.05097,8.8724
3.1609,2.0255,0.097258,-0.049041,-0.050917,8.8626
3.161,2.0255,0.097255,-0.049026,-0.050865,8.8642
3.1611,2.0255,0.097253,-0.049011,-0.050816,8.8777
3.1611,2.0255,0.09725,-0.048994,-0.050768,8.8746
3.1612,2.0255,0.097247,-0.048973,-0.050722,8.8759
3.1612,2.0255,0.097245,-0.048957,-0.050678,8.8881
3.1613,2.0255,0.097242,-0.048944,-0.050636,8.8739
3.1613,2.0255,0.097239,-0.048939,-0.050581,8.8639
3.1614,2.0255,0.097237,-0.048939,-0.050553,8.8711
3.1614,2.0255,0.097234,-0.048943,-0.050542,8.858
3.1615,2.0255,0.097231,-0.048953,-0.050542,8.8503
3.1615,2.0255,0.097229,-0.048959,-0.050545,8.8614
3.1616,2.0255,0.097226,-0.048959,-0.050544,8.8611
3.1616,2.0255,0.097223,-0.048953,-0.050534,8.8676
3.1617,2.0255,0.097221,-0.048941,-0.050507,8.8754
3.1617,2.0255,0.097218,-0.048925,-0.050459,8.8878
3.1618,2.0255,0.097216,-0.048907,-0.050427,8.878
3.1618,2.0255,0.097213,-0.048889,-0.050398,8.8907
3.1619,2.0255,0.09721,-0.048874,-0.05037,8.8985
3.1619,2.0255,0.097208,-0.048857,-0.050344,8.8956
3.162,2.0255,0.097205,-0.048845,-0.05032,8.8963
3.1621,2.0255,0.097202,-0.048834,-0.050298,8.9158
3.1621,2.0255,0.0972,-0.048824,-0.050278,8.9118
3.1622,2.0255,0.097197,-0.048819,-0.05026,8.9092
3.1622,2.0255,0.097194,-0.048818,-0.050243,8.9238
3.1623,2.0255,0.097192,-0.048816,-0.050229,8.9193
3.1623,2.0255,0.097189,-0.048809,-0.050216,8.9212
3.1624,2.0255,0.097186,-0.048796,-0.050205,8.9218
3.1624,2.0255,0.097184,-0.048784,-0.050196,8.92
3.1625,2.0255,0.097181,-0.048771,-0.050188,8.9106
3.1625,2.0255,0.097178,-0.048761,-0.050183,8.9065
3.1626,2.0255,0.097176,-0.048757,-0.050179,8.9167
3.1626,2.0254,0.097173,-0.048758,-0.050177,8.904
3.1627,2.0254,0.097171,-0.048759,-0.050177,8.9045
3.1627,2.0254,0.097168,-0.048757,-0.050178,8.9129
3.1628,2.0254,0.097165,-0.048752,-0.050182,8.9025
3.1628,2.0254,0.097163,-0.048749,-0.050187,8.8996
3.1629,2.0254,0.09716,-0.048751,-0.050194,8.9047
3.1629,2.0254,0.097157,-0.048756,-0.050203,8.8915
3.163,2.0254,0.097155,-0.048762,-0.050214,8.8827
3.1631,2.0254,0.097152,-0.048768,-0.050227,8.9032
3.1631,2.0254,0.097149,-0.048769,-0.050242,8.9003
3.1632,2.0254,0.097147,-0.048766,-0.050259,8.8969
3.1632,2.0254,0.097144,-0.048756,-0.050278,8.9124
3.1633,2.0254,0.097141,-0.048744,-0.050299,8.9156
3.1633,2.0254,0.097139,-0.048733,-0.050322,8.9101
3.1634,2.0254,0.097136,-0.048722,-0.050346,8.9115
3.1634,2.0254,0.097134,-0.048711,-0.050373,8.917
3.1635,2.0254,0.097131,-0.0487,-0.050402,8.9101
3.1635,2.0254,0.097128,-0.04869,-0.050433,8.904
3.1636,2.0254,0.097126,-0.048674,-0.050466,8.9142
3.1636,2.0254,0.097123,-0.048655,-0.050501,8.899
3.1637,2.0254,0.09712,-0.048633,-0.050539,8.8929
3.1637,2.0254,0.097118,-0.048611,-0.050578,8.9001
3.1638,2.0254,0.097115,-0.048591,-0.05062,8.8981
3.1638,2.0254,0.097112,-0.04857,-0.050664,8.8932
3.1639,2.0254,0.09711,-0.048551,-0.050711,8.8891
3.1639,2.0254,0.097107,-0.048534,-0.050759,8.8775
3.164,2.0254,0.097104,-0.048514,-0.050809,8.8701
3.1641,2.0254,0.097102,-0.048496,-0.050862,8.8802
3.1641,2.0254,0.097099,-0.048476,-0.050916,8.8786
3.1642,2.0254,0.097096,-0.048456,-0.050973,8.8569
3.1642,2.0254,0.097094,-0.048438,-0.051031,8.8638
3.1643,2.0254,0.097091,-0.048418,-0.051092,8.8715
3.1643,2.0254,0.097088,-0.048398,-0.051155,8.8666
3.1644,2.0254,0.097085,-0.048379,-0.051219,8.8556
3.1644,2.0254,0.097083,-0.048361,-0.051286,8.8634
3.1645,2.0254,0.09708,-0.04835,-0.051356,8.8547
3.1645,2.0254,0.097077,-0.048339,-0.051427,8.8476
3.1646,2.0254,0.097075,-0.048328,-0.051501,8.8527
3.1646,2.0254,0.097072,-0.048315,-0.051577,8.8515
3.1647,2.0254,0.097069,-0.048304,-0.051654,8.8432
3.1647,2.0253,0.097066,-0.048291,-0.051734,8.8609
3.1648,2.0253,0.097064,-0.048277,-0.051816,8.8665
3.1648,2.0253,0.097061,-0.048258,-0.0519,8.8586
3.1649,2.0253,0.097058,-0.048241,-0.051985,8.8732
3.1649,2.0253,0.097056,-0.048222,-0.052073,8.8722
3.165,2.0253,0.097053,-0.048199,-0.052163,8.8601
3.1651,2.0253,0.09705,-0.048174,-0.052255,8.863
3.1651,2.0253,0.097047,-0.048151,-0.052349,8.8651
3.1652,2.0253,0.097045,-0.048128,-0.05246,8.8552
3.1652,2.0253,0.097042,-0.048106,-0.052549,8.8574
3.1653,2.0253,0.097039,-0.048084,-0.052623,8.8726
3.1653,2.0253,0.097036,-0.048062,-0.052686,8.8651
3.1654,2.0253,0.097033,-0.048042,-0.052747,8.8516
3.1654,2.0253,0.097031,-0.048021,-0.05281,8.8626
3.1655,2.0253,0.097028,-0.047999,-0.052885,8.8535
3.1655,2.0253,0.097025,-0.047979,-0.052977,8.8417
3.1656,2.0253,0.097022,-0.047957,-0.053096,8.8404
3.1656,2.0253,0.097019,-0.047935,-0.053202,8.8379
3.1657,2.0253,0.097017,-0.047913,-0.053311,8.8313
3.1657,2.0253,0.097014,-0.04789,-0.053421,8.8322
3.1658,2.0253,0.097011,-0.047868,-0.053549,8.8454
3.1658,2.0253,0.097008,-0.047845,-0.05367,8.8324
3.1659,2.0253,0.097005,-0.047824,-0.053766,8.8334
3.1659,2.0253,0.097003,-0.047804,-0.053825,8.8461
3.166,2.0253,0.097,-0.047783,-0.053828,8.8341
3.1661,2.0253,0.096997,-0.047761,-0.053813,8.8305
3.1661,2.0253,0.096994,-0.047741,-0.053784,8.8402
3.1662,2.0253,0.096991,-0.047723,-0.053736,8.8384
3.1662,2.0253,0.096988,-0.047709,-0.05371,8.8337
3.1663,2.0253,0.096986,-0.047699,-0.053702,8.8465
3.1663,2.0253,0.096983,-0.047697,-0.053718,8.8588
3.1664,2.0253,0.09698,-0.047693,-0.053756,8.8508
3.1664,2.0253,0.096977,-0.047687,-0.053805,8.8584
3.1665,2.0253,0.096974,-0.047679,-0.053895,8.8652
3.1665,2.0253,0.096971,-0.047669,-0.053997,8.852
3.1666,2.0253,0.096969,-0.047657,-0.054086,8.845
3.1666,2.0253,0.096966,-0.047646,-0.054177,8.8519
3.1667,2.0253,0.096963,-0.047634,-0.054283,8.8406
3.1667,2.0253,0.09696,-0.047622,-0.054367,8.8296
3.1668,2.0252,0.096957,-0.047605,-0.054435,8.8376
3.1668,2.0252,0.096954,-0.04759,-0.054493,8.8295
3.1669,2.0252,0.096951,-0.047573,-0.054546,8.8213
3.1669,2.0252,0.096949,-0.047549,-0.054602,8.8297
3.167,2.0252,0.096946,-0.047521,-0.054668,8.8304
3.1671,2.0252,0.096943,-0.047495,-0.054752,8.8206
3.1671,2.0252,0.09694,-0.047464,-0.054861,8.8252
3.1672,2.0252,0.096937,-0.047437,-0.054956,8.8248
3.1672,2.0252,0.096934,-0.04741,-0.055053,8.8189
3.1673,2.0252,0.096931,-0.047373,-0.055152,8.8253
3.1673,2.0252,0.096928,-0.047327,-0.055251,8.8339
3.1674,2.0252,0.096925,-0.04728,-0.055351,8.832
3.1674,2.0252,0.096922,-0.047231,-0.055467,8.8375
3.1675,2.0252,0.09692,-0.047183,-0.055576,8.8456
3.1675,2.0252,0.096917,-0.047131,-0.055658,8.8351
3.1676,2.0252,0.096914,-0.047077,-0.055702,8.837
3.1676,2.0252,0.096911,-0.04702,-0.055702,8.8487
3.1677,2.0252,0.096908,-0.046963,-0.055646,8.8489
3.1677,2.0252,0.096905,-0.046907,-0.055579,8.839
3.1678,2.0252,0.096902,-0.046869,-0.055512,8.8515
3.1678,2.0252,0.096899,-0.046834,-0.055448,8.8572
3.1679,2.0252,0.096896,-0.046795,-0.055405,8.8553
3.1679,2.0252,0.096893,-0.046758,-0.055356,8.8618
3.168,2.0252,0.09689,-0.046715,-0.055311,8.8656
3.1681,2.0252,0.096887,-0.046674,-0.055274,8.862
3.1681,2.0252,0.096884,-0.046636,-0.055242,8.8601
3.1682,2.0252,0.096882,-0.04659,-0.055252,8.8646
3.1682,2.0252,0.096879,-0.046546,-0.05528,8.8513
3.1683,2.0252,0.096876,-0.046491,-0.05531,8.8438
3.1683,2.0252,0.096873,-0.046438,-0.055368,8.8505
3.1684,2.0252,0.09687,-0.046392,-0.055406,8.8416
3.1684,2.0252,0.096867,-0.046354,-0.055441,8.8431
3.1685,2.0252,0.096864,-0.046334,-0.055475,8.8531
3.1685,2.0252,0.096861,-0.04632,-0.055508,8.8484
3.1686,2.0252,0.096858,-0.046315,-0.055542,8.837
3.1686,2.0252,0.096855,-0.046311,-0.055582,8.8413
3.1687,2.0252,0.096852,-0.046297,-0.055636,8.843
3.1687,2.0252,0.096849,-0.046282,-0.055667,8.8338
3.1688,2.0252,0.096847,-0.046252,-0.055691,8.8492
3.1688,2.0252,0.096844,-0.046219,-0.055692,8.8569
3.1689,2.0252,0.096841,-0.046186,-0.055648,8.8557
3.1689,2.0251,0.096838,-0.046152,-0.055581,8.8579
3.169,2.0251,0.096835,-0.046122,-0.055503,8.876
3.1691,2.0251,0.096832,-0.046088,-0.055424,8.8642
3.1691,2.0251,0.096829,-0.046052,-0.055382,8.8594
3.1692,2.0251,0.096826,-0.046015,-0.055378,8.8716
3.1692,2.0251,0.096823,-0.04598,-0.055452,8.8705
3.1693,2.0251,0.09682,-0.04595,-0.05557,8.8607
3.1693,2.0251,0.096817,-0.045926,-0.055744,8.8713
3.1694,2.0251,0.096814,-0.045912,-0.055988,8.8772
3.1694,2.0251,0.096811,-0.0459,-0.056247,8.869
3.1695,2.0251,0.096808,-0.04589,-0.056477,8.8772
3.1695,2.0251,0.096805,-0.04588,-0.056669,8.876
3.1696,2.0251,0.096802,-0.045867,-0.056808,8.8639
3.1696,2.0251,0.096799,-0.045851,-0.056887,8.8614
3.1697,2.0251,0.096796,-0.045827,-0.056909,8.8516
3.1697,2.0251,0.096793,-0.045804,-0.056943,8.839
3.1698,2.0251,0.09679,-0.045782,-0.056978,8.8246
3.1698,2.0251,0.096787,-0.04576,-0.056971,8.8331
3.1699,2.0251,0.096784,-0.045745,-0.05694,8.8232
3.1699,2.0251,0.096781,-0.045732,-0.056908,8.8103
3.17,2.0251,0.096778,-0.045724,-0.056864,8.8229
3.1701,2.0251,0.096775,-0.045719,-0.056805,8.818
3.1701,2.0251,0.096772,-0.04571,-0.056733,8.8059
3.1702,2.0251,0.09677,-0.045705,-0.056659,8.8154
3.1702,2.0251,0.096767,-0.045705,-0.056553,8.8183
3.1703,2.0251,0.096764,-0.045705,-0.056371,8.8057
3.1703,2.0251,0.096761,-0.045709,-0.056205,8.8143
3.1704,2.0251,0.096758,-0.045708,-0.05609,8.8253
3.1704,2.0251,0.096755,-0.045711,-0.056018,8.8245
3.1705,2.0251,0.096752,-0.045714,-0.055989,8.8217
3.1705,2.0251,0.096749,-0.045719,-0.056005,8.8326
3.1706,2.0251,0.096746,-0.045729,-0.056035,8.8273
3.1706,2.0251,0.096743,-0.045748,-0.056023,8.8225
3.1707,2.0251,0.09674,-0.045774,-0.055951,8.8311
3.1707,2.0251,0.096737,-0.045803,-0.055898,8.8216
3.1708,2.0251,0.096734,-0.045831,-0.055826,8.8159
3.1708,2.0251,0.096731,-0.04586,-0.055752,8.8269
3.1709,2.0251,0.096728,-0.045892,-0.05571,8.8264
3.1709,2.0251,0.096725,-0.045926,-0.055694,8.8185
3.171,2.0251,0.096722,-0.04596,-0.055657,8.8214
3.1711,2.0251,0.096719,-0.045997,-0.055589,8.8242
3.1711,2.025,0.096717,-0.046037,-0.055518,8.8109
3.1712,2.025,0.096714,-0.046076,-0.05549,8.818
3.1712,2.025,0.096711,-0.046113,-0.055498,8.8169
3.1713,2.025,0.096708,-0.046145,-0.055608,8.814
3.1713,2.025,0.096705,-0.046175,-0.055753,8.8115
3.1714,2.025,0.096702,-0.046199,-0.055908,8.8182
3.1714,2.025,0.096699,-0.046218,-0.056061,8.8135
3.1715,2.025,0.096696,-0.046239,-0.056209,8.8178
3.1715,2.025,0.096693,-0.046266,-0.05627,8.8255
3.1716,2.025,0.09669,-0.0463,-0.056315,8.8283
3.1716,2.025,0.096687,-0.046339,-0.056365,8.8212
3.1717,2.025,0.096684,-0.046386,-0.056396,8.8359
3.1717,2.025,0.096681,-0.046443,-0.056359,8.8346
3.1718,2.025,0.096678,-0.046504,-0.056308,8.8235
3.1718,2.025,0.096675,-0.046566,-0.056274,8.8326
3.1719,2.025,0.096672,-0.046637,-0.056234,8.8447
3.1719,2.025,0.096669,-0.046704,-0.056203,8.8429
3.172,2.025,0.096666,-0.046773,-0.056216,8.8442
3.1721,2.025,0.096663,-0.046835,-0.056202,8.858
3.1721,2.025,0.09666,-0.046891,-0.056189,8.8501
3.1722,2.025,0.096657,-0.046948,-0.056171,8.847
3.1722,2.025,0.096655,-0.047,-0.056114,8.8511
3.1723,2.025,0.096652,-0.047059,-0.056016,8.8439
3.1723,2.025,0.096649,-0.047132,-0.055913,8.8361
3.1724,2.025,0.096646,-0.047203,-0.055884,8.8399
3.1724,2.025,0.096643,-0.047266,-0.055909,8.8463
3.1725,2.025,0.09664,-0.047314,-0.055933,8.8353
3.1725,2.025,0.096637,-0.047339,-0.056031,8.8374
3.1726,2.025,0.096634,-0.047348,-0.056148,8.8425
3.1726,2.025,0.096631,-0.047346,-0.05625,8.833
3.1727,2.025,0.096628,-0.047347,-0.05635,8.8338
3.1727,2.025,0.096625,-0.047361,-0.056443,8.8408
3.1728,2.025,0.096622,-0.047381,-0.056535,8.8268
3.1728,2.025,0.096619,-0.047397,-0.056584,8.8321
3.1729,2.025,0.096616,-0.047414,-0.056573,8.8455
3.1729,2.025,0.096613,-0.047424,-0.056489,8.8385
3.173,2.025,0.09661,-0.047443,-0.05638,8.8436
3.1731,2.025,0.096607,-0.047472,-0.056236,8.8565
3.1731,2.025,0.096604,-0.047504,-0.056123,8.8595
3.1732,2.025,0.096601,-0.047554,-0.056005,8.8526
3.1732,2.025,0.096598,-0.047606,-0.055907,8.8665
3.1733,2.0249,0.096595,-0.047663,-0.055808,8.864
3.1733,2.0249,0.096592,-0.047721,-0.055724,8.8621
3.1734,2.0249,0.09659,-0.047788,-0.055666,8.8676
3.1734,2.0249,0.096587,-0.047862,-0.055642,8.8742
3.1735,2.0249,0.096584,-0.047923,-0.055638,8.8726
3.1735,2.0249,0.096581,-0.047984,-0.05571,8.8799
3.1736,2.0249,0.096578,-0.048049,-0.055806,8.8894
3.1736,2.0249,0.096575,-0.048106,-0.055879,8.8746
3.1737,2.0249,0.096572,-0.04816,-0.055927,8.868
3.1737,2.0249,0.096569,-0.048203,-0.055912,8.8758
3.1738,2.0249,0.096566,-0.048252,-0.055835,8.8663
3.1738,2.0249,0.096563,-0.048293,-0.055672,8.8496
3.1739,2.0249,0.09656,-0.048322,-0.055512,8.8576
3.1739,2.0249,0.096557,-0.048357,-0.055456,8.8661
3.174,2.0249,0.096554,-0.048391,-0.055461,8.8582
3.1741,2.0249,0.096551,-0.048431,-0.055468,8.8657
3.1741,2.0249,0.096548,-0.048481,-0.055478,8.8737
3.1742,2.0249,0.096546,-0.048537,-0.05544,8.8668
3.1742,2.0249,0.096543,-0.048607,-0.055321,8.8714
3.1743,2.0249,0.09654,-0.048682,-0.055134,8.8748
3.1743,2.0249,0.096537,-0.048758,-0.054935,8.8673
3.1744,2.0249,0.096534,-0.048831,-0.054778,8.8704
3.1744,2.0249,0.096531,-0.048893,-0.054615,8.8895
3.1745,2.0249,0.096528,-0.048948,-0.054471,8.8826
3.1745,2.0249,0.096525,-0.049006,-0.05436,8.885
3.1746,2.0249,0.096523,-0.049069,-0.054293,8.9083
3.1746,2.0249,0.09652,-0.049129,-0.05427,8.9067
3.1747,2.0249,0.096517,-0.04919,-0.054285,8.9031
3.1747,2.0249,0.096514,-0.049253,-0.054327,8.9161
3.1748,2.0249,0.096511,-0.049321,-0.054378,8.9167
3.1748,2.0249,0.096508,-0.049388,-0.054413,8.9
3.1749,2.0249,0.096505,-0.049457,-0.054448,8.9081
3.1749,2.0249,0.096502,-0.049529,-0.054483,8.913
3.175,2.0249,0.0965,-0.049607,-0.054518,8.9004
3.1751,2.0249,0.096497,-0.049682,-0.054552,8.898
3.1751,2.0249,0.096494,-0.049757,-0.054586,8.9081
3.1752,2.0249,0.096491,-0.049833,-0.05462,8.8979
3.1752,2.0249,0.096488,-0.04991,-0.054651,8.8874
3.1753,2.0249,0.096485,-0.049986,-0.0547,8.8916
3.1753,2.0248,0.096482,-0.050063,-0.05473,8.8827
3.1754,2.0248,0.096479,-0.05014,-0.054758,8.8677
3.1754,2.0248,0.096477,-0.050212,-0.054754,8.8703
3.1755,2.0248,0.096474,-0.050293,-0.054732,8.8663
3.1755,2.0248,0.096471,-0.050379,-0.054703,8.8578
3.1756,2.0248,0.096468,-0.050469,-0.054664,8.8685
3.1756,2.0248,0.096465,-0.05056,-0.054686,8.8757
3.1757,2.0248,0.096462,-0.050643,-0.054726,8.8676
3.1757,2.0248,0.096459,-0.050731,-0.054791,8.875
3.1758,2.0248,0.096456,-0.050818,-0.054893,8.8728
3.1758,2.0248,0.096454,-0.0509,-0.054965,8.8703
3.1759,2.0248,0.096451,-0.050987,-0.055059,8.869
3.1759,2.0248,0.096448,-0.051073,-0.055154,8.8831
3.176,2.0248,0.096445,-0.051156,-0.055235,8.8727
3.1761,2.0248,0.096442,-0.051231,-0.055319,8.8794
3.1761,2.0248,0.096439,-0.051293,-0.055381,8.8924
3.1762,2.0248,0.096436,-0.051354,-0.055449,8.8921
3.1762,2.0248,0.096433,-0.051407,-0.055534,8.8848
3.1763,2.0248,0.09643,-0.051454,-0.055611,8.8879
3.1763,2.0248,0.096427,-0.051495,-0.055709,8.8862
3.1764,2.0248,0.096424,-0.051533,-0.055795,8.8794
3.1764,2.0248,0.096421,-0.051571,-0.055851,8.8768
3.1765,2.0248,0.096418,-0.051607,-0.055864,8.8762
3.1765,2.0248,0.096416,-0.051642,-0.055856,8.8653
3.1766,2.0248,0.096413,-0.051674,-0.055845,8.8685
3.1766,2.0248,0.09641,-0.051705,-0.055874,8.8738
3.1767,2.0248,0.096407,-0.051734,-0.055918,8.8641
3.1767,2.0248,0.096404,-0.05176,-0.055956,8.8603
3.1768,2.0248,0.096401,-0.051782,-0.056023,8.8624
3.1768,2.0248,0.096398,-0.051804,-0.056078,8.8548
3.1769,2.0248,0.096395,-0.05183,-0.05613,8.8469
3.1769,2.0248,0.096392,-0.051858,-0.056178,8.851
3.177,2.0248,0.096389,-0.051884,-0.056282,8.8511
3.1771,2.0248,0.096386,-0.051913,-0.056398,8.8425
3.1771,2.0248,0.096383,-0.051935,-0.056502,8.8529
3.1772,2.0248,0.09638,-0.051956,-0.056567,8.8651
3.1772,2.0248,0.096377,-0.051984,-0.056602,8.861
3.1773,2.0247,0.096374,-0.052018,-0.056604,8.8738
3.1773,2.0247,0.096371,-0.052052,-0.056592,8.8882
3.1774,2.0247,0.096368,-0.052086,-0.056568,8.8809
3.1774,2.0247,0.096365,-0.05212,-0.056553,8.8803
3.1775,2.0247,0.096362,-0.052158,-0.056528,8.8895
3.1775,2.0247,0.096359,-0.052201,-0.056491,8.8846
3.1776,2.0247,0.096356,-0.052247,-0.056439,8.8834
3.1776,2.0247,0.096353,-0.052294,-0.056371,8.8966
3.1777,2.0247,0.09635,-0.052345,-0.056323,8.8989
3.1777,2.0247,0.096347,-0.052383,-0.056268,8.8906
3.1778,2.0247,0.096344,-0.052418,-0.056203,8.8962
3.1778,2.0247,0.096341,-0.052458,-0.056138,8.8949
3.1779,2.0247,0.096339,-0.052497,-0.056067,8.8806
3.1779,2.0247,0.096336,-0.052542,-0.055995,8.8786
3.178,2.0247,0.096333,-0.052583,-0.05593,8.8881
3.1781,2.0247,0.09633,-0.052618,-0.055867,8.8719
3.1781,2.0247,0.096327,-0.052663,-0.055803,8.8699
3.1782,2.0247,0.096324,-0.052707,-0.055734,8.8863
3.1782,2.0247,0.096321,-0.052764,-0.055653,8.8803
3.1783,2.0247,0.096318,-0.05282,-0.055585,8.8833
3.1783,2.0247,0.096315,-0.052873,-0.055545,8.8933
3.1784,2.0247,0.096312,-0.052917,-0.055559,8.8925
3.1784,2.0247,0.096309,-0.05294,-0.055609,8.8834
3.1785,2.0247,0.096306,-0.052953,-0.055657,8.8916
3.1785,2.0247,0.096303,-0.052954,-0.055679,8.893
3.1786,2.0247,0.0963,-0.052948,-0.055657,8.8856
3.1786,2.0247,0.096297,-0.052954,-0.055577,8.903
3.1787,2.0247,0.096295,-0.052963,-0.05546,8.9105
3.1787,2.0247,0.096292,-0.052991,-0.055337,8.9081
3.1788,2.0247,0.096289,-0.053029,-0.055233,8.9155
3.1788,2.0247,0.096286,-0.053067,-0.055138,8.9242
3.1789,2.0247,0.096283,-0.053113,-0.055042,8.9184
3.1789,2.0247,0.09628,-0.05315,-0.054951,8.9199
3.179,2.0247,0.096277,-0.053181,-0.054866,8.9329
3.1791,2.0247,0.096274,-0.05321,-0.054788,8.9234
3.1791,2.0247,0.096271,-0.053238,-0.054707,8.9184
3.1792,2.0246,0.096269,-0.053271,-0.054624,8.9299
3.1792,2.0246,0.096266,-0.053304,-0.054552,8.9319
3.1793,2.0246,0.096263,-0.053338,-0.054453,8.9227
3.1793,2.0246,0.09626,-0.05337,-0.054328,8.9323
3.1794,2.0246,0.096257,-0.0534,-0.054194,8.9196
3.1794,2.0246,0.096254,-0.053428,-0.054049,8.9057
3.1795,2.0246,0.096251,-0.053451,-0.053906,8.9114
3.1795,2.0246,0.096249,-0.053482,-0.053777,8.906
3.1796,2.0246,0.096246,-0.053508,-0.05367,8.9002
3.1796,2.0246,0.096243,-0.053525,-0.053596,8.8998
3.1797,2.0246,0.09624,-0.053528,-0.053516,8.9022
3.1797,2.0246,0.096237,-0.053518,-0.053441,8.894
3.1798,2.0246,0.096234,-0.053492,-0.05337,8.887
3.1798,2.0246,0.096232,-0.053467,-0.053295,8.8901
3.1799,2.0246,0.096229,-0.05344,-0.053221,8.8861
3.1799,2.0246,0.096226,-0.053436,-0.053147,8.8848
3.18,2.0246,0.096223,-0.053435,-0.053073,8.8943
3.1801,2.0246,0.09622,-0.053447,-0.053,8.8931
3.1801,2.0246,0.096218,-0.053474,-0.052927,8.8858
3.1802,2.0246,0.096215,-0.053504,-0.052854,8.8941
3.1802,2.0246,0.096212,-0.053524,-0.052782,8.896
3.1803,2.0246,0.096209,-0.053541,-0.05271,8.899
3.1803,2.0246,0.096207,-0.05354,-0.052638,8.9115
3.1804,2.0246,0.096204,-0.053543,-0.052566,8.9202
3.1804,2.0246,0.096201,-0.053544,-0.052495,8.9074
3.1805,2.0246,0.096198,-0.053564,-0.052384,8.9069
3.1805,2.0246,0.096196,-0.053606,-0.052325,8.9154
3.1806,2.0246,0.096193,-0.053662,-0.052337,8.9073
3.1806,2.0246,0.09619,-0.053728,-0.052378,8.9009
3.1807,2.0246,0.096187,-0.053792,-0.052434,8.9062
3.1807,2.0246,0.096185,-0.053839,-0.052533,8.9032
3.1808,2.0246,0.096182,-0.053871,-0.052668,8.893
3.1808,2.0246,0.096179,-0.053883,-0.052769,8.8994
3.1809,2.0246,0.096176,-0.05389,-0.052807,8.8939
3.1809,2.0246,0.096173,-0.053894,-0.052886,8.873
3.181,2.0245,0.096171,-0.053898,-0.05297,8.8702
3.1811,2.0245,0.096168,-0.053909,-0.053014,8.8751
3.1811,2.0245,0.096165,-0.053919,-0.052999,8.8612
3.1812,2.0245,0.096162,-0.05392,-0.052944,8.8593
3.1812,2.0245,0.096159,-0.053924,-0.052817,8.8661
3.1813,2.0245,0.096157,-0.053926,-0.052621,8.8587
3.1813,2.0245,0.096154,-0.053936,-0.052384,8.8536
3.1814,2.0245,0.096151,-0.053943,-0.052121,8.8715
3.1814,2.0245,0.096148,-0.053957,-0.051839,8.8651
3.1815,2.0245,0.096146,-0.053973,-0.05163,8.8557
3.1815,2.0245,0.096143,-0.05398,-0.051437,8.8589
3.1816,2.0245,0.09614,-0.053991,-0.051247,8.8594
3.1816,2.0245,0.096138,-0.05401,-0.051094,8.8503
3.1817,2.0245,0.096135,-0.054023,-0.050994,8.8656
3.1817,2.0245,0.096132,-0.054022,-0.050912,8.8735
3.1818,2.0245,0.09613,-0.054011,-0.050816,8.8686
3.1818,2.0245,0.096127,-0.054009,-0.050729,8.8739
3.1819,2.0245,0.096124,-0.054009,-0.050634,8.878
3.1819,2.0245,0.096122,-0.054001,-0.050496,8.8651
3.182,2.0245,0.096119,-0.054003,-0.050384,8.8647
3.1821,2.0245,0.096116,-0.053998,-0.050271,8.8703
3.1821,2.0245,0.096114,-0.053977,-0.050162,8.8594
3.1822,2.0245,0.096111,-0.053946,-0.050096,8.8474
3.1822,2.0245,0.096108,-0.053909,-0.050078,8.8565
3.1823,2.0245,0.096106,-0.053869,-0.050076,8.8536
3.1823,2.0245,0.096103,-0.053829,-0.050006,8.8444
3.1824,2.0245,0.096101,-0.053797,-0.049868,8.8509
3.1824,2.0245,0.096098,-0.053779,-0.049754,8.8453
3.1825,2.0245,0.096095,-0.053779,-0.049574,8.8333
3.1825,2.0245,0.096093,-0.053792,-0.049372,8.8346
3.1826,2.0245,0.09609,-0.053821,-0.049158,8.8344
3.1826,2.0245,0.096088,-0.053854,-0.04894,8.8241
3.1827,2.0245,0.096085,-0.053881,-0.048743,8.8245
3.1827,2.0245,0.096082,-0.053905,-0.048527,8.8386
3.1828,2.0245,0.09608,-0.053931,-0.048338,8.8301
3.1828,2.0244,0.096077,-0.053954,-0.048253,8.8313
3.1829,2.0244,0.096075,-0.053986,-0.048249,8.8529
3.1829,2.0244,0.096072,-0.054011,-0.048242,8.8429
3.183,2.0244,0.09607,-0.054032,-0.048257,8.8365
3.1831,2.0244,0.096067,-0.054054,-0.048242,8.8508
3.1831,2.0244,0.096065,-0.054068,-0.048233,8.8493
3.1832,2.0244,0.096062,-0.054082,-0.048174,8.8378
3.1832,2.0244,0.09606,-0.054091,-0.048097,8.8483
3.1833,2.0244,0.096057,-0.054099,-0.048039,8.8584
3.1833,2.0244,0.096055,-0.054099,-0.04796,8.8461
3.1834,2.0244,0.096052,-0.054091,-0.047822,8.853
3.1834,2.0244,0.09605,-0.054092,-0.047705,8.8642
3.1835,2.0244,0.096047,-0.054098,-0.047517,8.8501
3.1835,2.0244,0.096045,-0.054103,-0.047293,8.8488
3.1836,2.0244,0.096042,-0.054117,-0.047064,8.8502
3.1836,2.0244,0.09604,-0.054137,-0.04681,8.8394
3.1837,2.0244,0.096037,-0.054167,-0.046626,8.8348
3.1837,2.0244,0.096035,-0.054197,-0.046529,8.8438
3.1838,2.0244,0.096032,-0.054238,-0.046516,8.8422
3.1838,2.0244,0.09603,-0.054292,-0.046563,8.8299
3.1839,2.0244,0.096027,-0.054349,-0.04653,8.8356
3.1839,2.0244,0.096025,-0.054408,-0.046414,8.8425
3.184,2.0244,0.096022,-0.054468,-0.046278,8.8319
3.1841,2.0244,0.09602,-0.054523,-0.046116,8.8336
3.1841,2.0244,0.096018,-0.054572,-0.046017,8.8371
3.1842,2.0244,0.096015,-0.054614,-0.046039,8.8293
3.1842,2.0244,0.096013,-0.05465,-0.046153,8.8368
3.1843,2.0244,0.09601,-0.054686,-0.046333,8.8463
3.1843,2.0244,0.096008,-0.054727,-0.046494,8.8437
3.1844,2.0244,0.096005,-0.054773,-0.046659,8.8515
3.1844,2.0244,0.096003,-0.054826,-0.046817,8.8657
3.1845,2.0244,0.096,-0.054877,-0.046952,8.8603
3.1845,2.0244,0.095998,-0.054928,-0.047051,8.8531
3.1846,2.0244,0.095996,-0.054978,-0.04711,8.8652
3.1846,2.0244,0.095993,-0.055029,-0.04713,8.8584
3.1847,2.0243,0.095991,-0.055079,-0.04712,8.8527
3.1847,2.0243,0.095988,-0.055129,-0.047097,8.8576
3.1848,2.0243,0.095986,-0.055179,-0.047084,8.8624
3.1848,2.0243,0.095983,-0.055229,-0.047068,8.8562
3.1849,2.0243,0.095981,-0.055279,-0.047048,8.8617
3.1849,2.0243,0.095978,-0.055329,-0.047026,8.8704
3.185,2.0243,0.095976,-0.05538,-0.047,8.8518
3.1851,2.0243,0.095973,-0.055431,-0.046971,8.8505
3.1851,2.0243,0.095971,-0.055483,-0.046939,8.8564
3.1852,2.0243,0.095968,-0.055535,-0.046907,8.844
3.1852,2.0243,0.095966,-0.055587,-0.046849,8.8392
3.1853,2.0243,0.095963,-0.05564,-0.046813,8.8455
3.1853,2.0243,0.095961,-0.055693,-0.046779,8.8437
3.1854,2.0243,0.095958,-0.055752,-0.046779,8.8337
3.1854,2.0243,0.095956,-0.055804,-0.0468,8.8436
3.1855,2.0243,0.095954,-0.055847,-0.04683,8.8468
3.1855,2.0243,0.095951,-0.055882,-0.046874,8.8417
3.1856,2.0243,0.095949,-0.055915,-0.046855,8.8494
3.1856,2.0243,0.095946,-0.055954,-0.046812,8.8548
3.1857,2.0243,0.095944,-0.055987,-0.046743,8.8484
3.1857,2.0243,0.095941,-0.056023,-0.046631,8.8536
3.1858,2.0243,0.095939,-0.056067,-0.046542,8.8624
3.1858,2.0243,0.095936,-0.056109,-0.046424,8.8622
3.1859,2.0243,0.095934,-0.056149,-0.046295,8.8646
3.1859,2.0243,0.095931,-0.056193,-0.046171,8.8823
3.186,2.0243,0.095929,-0.056241,-0.046038,8.8746
3.1861,2.0243,0.095927,-0.056297,-0.045928,8.8778
3.1861,2.0243,0.095924,-0.056347,-0.045811,8.8807
3.1862,2.0243,0.095922,-0.056395,-0.045672,8.8782
3.1862,2.0243,0.095919,-0.056445,-0.045529,8.8647
3.1863,2.0243,0.095917,-0.056494,-0.045357,8.8694
3.1863,2.0243,0.095915,-0.056543,-0.045184,8.8675
3.1864,2.0243,0.095912,-0.056592,-0.045025,8.8557
3.1864,2.0243,0.09591,-0.056641,-0.044902,8.854
3.1865,2.0242,0.095908,-0.05669,-0.044799,8.8603
3.1865,2.0242,0.095905,-0.056738,-0.044701,8.8407
3.1866,2.0242,0.095903,-0.056786,-0.044561,8.8374
3.1866,2.0242,0.0959,-0.056835,-0.044398,8.83
3.1867,2.0242,0.095898,-0.056882,-0.044234,8.8229
3.1867,2.0242,0.095896,-0.056932,-0.04404,8.8142
3.1868,2.0242,0.095894,-0.056978,-0.043846,8.821
3.1868,2.0242,0.095891,-0.057021,-0.043647,8.8188
3.1869,2.0242,0.095889,-0.057062,-0.043445,8.8156
3.1869,2.0242,0.095887,-0.057102,-0.043186,8.8233
3.187,2.0242,0.095884,-0.057143,-0.042903,8.8268
3.1871,2.0242,0.095882,-0.057185,-0.04262,8.8162
3.1871,2.0242,0.09588,-0.057239,-0.04236,8.8253
3.1872,2.0242,0.095878,-0.057284,-0.042123,8.8259
3.1872,2.0242,0.095876,-0.05732,-0.041904,8.8209
3.1873,2.0242,0.095873,-0.057351,-0.041694,8.82
3.1873,2.0242,0.095871,-0.057381,-0.041487,8.8239
3.1874,2.0242,0.095869,-0.057419,-0.041266,8.8223
3.1874,2.0242,0.095867,-0.057453,-0.041047,8.8262
3.1875,2.0242,0.095865,-0.057494,-0.040835,8.8419
3.1875,2.0242,0.095863,-0.057539,-0.040635,8.8353
3.1876,2.0242,0.09586,-0.057564,-0.040447,8.8267
3.1876,2.0242,0.095858,-0.057578,-0.040237,8.8368
3.1877,2.0242,0.095856,-0.057591,-0.040031,8.8245
3.1877,2.0242,0.095854,-0.057602,-0.039833,8.808
3.1878,2.0242,0.095852,-0.057616,-0.039634,8.8143
3.1878,2.0242,0.09585,-0.057618,-0.039438,8.8159
3.1879,2.0242,0.095848,-0.057619,-0.039243,8.8079
3.1879,2.0242,0.095846,-0.057614,-0.03904,8.8175
3.188,2.0242,0.095844,-0.057601,-0.038833,8.8264
3.1881,2.0242,0.095842,-0.057583,-0.038626,8.8119
3.1881,2.0242,0.09584,-0.057571,-0.038422,8.819
3.1882,2.0242,0.095838,-0.05756,-0.038228,8.8195
3.1882,2.0242,0.095836,-0.057546,-0.038019,8.809
3.1883,2.0241,0.095834,-0.057533,-0.037783,8.805
3.1883,2.0241,0.095832,-0.057527,-0.037489,8.8187
3.1884,2.0241,0.09583,-0.057525,-0.03715,8.8192
3.1884,2.0241,0.095828,-0.057532,-0.036799,8.8223
3.1885,2.0241,0.095826,-0.057555,-0.036461,8.8367
3.1885,2.0241,0.095824,-0.057594,-0.036151,8.8348
3.1886,2.0241,0.095822,-0.057633,-0.035895,8.8277
3.1886,2.0241,0.09582,-0.057664,-0.035673,8.8454
3.1887,2.0241,0.095818,-0.057688,-0.035465,8.8466
3.1887,2.0241,0.095817,-0.057704,-0.035242,8.8397
3.1888,2.0241,0.095815,-0.057701,-0.035009,8.8402
3.1888,2.0241,0.095813,-0.057694,-0.034773,8.8501
3.1889,2.0241,0.095811,-0.057693,-0.034533,8.8501
3.1889,2.0241,0.095809,-0.057697,-0.034285,8.8509
3.189,2.0241,0.095807,-0.057705,-0.034034,8.866
3.1891,2.0241,0.095806,-0.057719,-0.033786,8.8603
3.1891,2.0241,0.095804,-0.057729,-0.033537,8.8524
3.1892,2.0241,0.095802,-0.057741,-0.03329,8.8642
3.1892,2.0241,0.0958,-0.057752,-0.033042,8.8565
3.1893,2.0241,0.095799,-0.057763,-0.032794,8.845
3.1893,2.0241,0.095797,-0.05777,-0.032547,8.8456
3.1894,2.0241,0.095795,-0.057777,-0.032301,8.8528
3.1894,2.0241,0.095794,-0.05779,-0.032055,8.8416
3.1895,2.0241,0.095792,-0.057799,-0.03181,8.85
3.1895,2.0241,0.09579,-0.057813,-0.031566,8.857
3.1896,2.0241,0.095789,-0.057841,-0.031323,8.8498
3.1896,2.0241,0.095787,-0.05789,-0.03108,8.8576
3.1897,2.0241,0.095785,-0.057959,-0.030839,8.8605
3.1897,2.0241,0.095784,-0.058045,-0.030599,8.8592
3.1898,2.0241,0.095782,-0.058129,-0.030361,8.8593
3.1898,2.0241,0.095781,-0.058218,-0.030123,8.863
3.1899,2.0241,0.095779,-0.058284,-0.029888,8.8622
3.1899,2.024,0.095777,-0.058347,-0.029639,8.8593
3.19,2.024,0.095776,-0.058403,-0.029417,8.872
3.1901,2.024,0.095774,-0.058448,-0.029198,8.8779
3.1901,2.024,0.095773,-0.058498,-0.028999,8.8774
3.1902,2.024,0.095771,-0.058562,-0.028829,8.8876
3.1902,2.024,0.09577,-0.058629,-0.028704,8.8829
3.1903,2.024,0.095768,-0.058724,-0.028596,8.8757
3.1903,2.024,0.095767,-0.058813,-0.028462,8.8782
3.1904,2.024,0.095765,-0.058902,-0.028314,8.8899
3.1904,2.024,0.095764,-0.058967,-0.028194,8.8793
3.1905,2.024,0.095762,-0.059007,-0.02797,8.8765
3.1905,2.024,0.095761,-0.05903,-0.027712,8.8848
3.1906,2.024,0.095759,-0.059036,-0.027449,8.8757
3.1906,2.024,0.095758,-0.05904,-0.027181,8.8746
3.1907,2.024,0.095757,-0.059059,-0.026875,8.8765
3.1907,2.024,0.095755,-0.059091,-0.026507,8.8669
3.1908,2.024,0.095754,-0.05914,-0.026141,8.8577
3.1908,2.024,0.095752,-0.059191,-0.025793,8.869
3.1909,2.024,0.095751,-0.059249,-0.025388,8.8694
3.1909,2.024,0.09575,-0.059308,-0.025037,8.8622
3.191,2.024,0.095748,-0.059363,-0.024763,8.8768
3.1911,2.024,0.095747,-0.05942,-0.024554,8.8869
3.1911,2.024,0.095746,-0.059488,-0.024395,8.8799
3.1912,2.024,0.095745,-0.059556,-0.024256,8.8897
3.1912,2.024,0.095743,-0.059627,-0.02414,8.8962
3.1913,2.024,0.095742,-0.05969,-0.024029,8.8883
3.1913,2.024,0.095741,-0.05976,-0.023914,8.8868
3.1914,2.024,0.09574,-0.059821,-0.023784,8.9028
3.1914,2.024,0.095738,-0.059886,-0.023611,8.8933
3.1915,2.024,0.095737,-0.059961,-0.023411,8.8907
3.1915,2.024,0.095736,-0.060037,-0.023211,8.9031
3.1916,2.024,0.095735,-0.060104,-0.023002,8.9072
3.1916,2.024,0.095733,-0.060171,-0.022767,8.8951
3.1917,2.0239,0.095732,-0.060246,-0.022549,8.9096
3.1917,2.0239,0.095731,-0.060326,-0.022364,8.906
3.1918,2.0239,0.09573,-0.060386,-0.022126,8.8943
3.1918,2.0239,0.095729,-0.060443,-0.021848,8.8992
3.1919,2.0239,0.095728,-0.060507,-0.021579,8.9055
3.1919,2.0239,0.095727,-0.060569,-0.021353,8.8905
3.192,2.0239,0.095725,-0.060636,-0.021157,8.8886
3.1921,2.0239,0.095724,-0.060713,-0.020986,8.8955
3.1921,2.0239,0.095723,-0.060806,-0.020874,8.8939
3.1922,2.0239,0.095722,-0.060905,-0.020793,8.8805
3.1922,2.0239,0.095721,-0.060995,-0.020682,8.8914
3.1923,2.0239,0.09572,-0.061084,-0.020571,8.8859
3.1923,2.0239,0.095719,-0.061181,-0.020475,8.8709
3.1924,2.0239,0.095718,-0.061281,-0.020355,8.8804
3.1924,2.0239,0.095717,-0.061387,-0.020217,8.8775
3.1925,2.0239,0.095716,-0.061495,-0.020068,8.8684
3.1925,2.0239,0.095715,-0.061603,-0.019929,8.8838
3.1926,2.0239,0.095714,-0.061722,-0.019783,8.8877
3.1926,2.0239,0.095713,-0.06184,-0.019619,8.8932
3.1927,2.0239,0.095712,-0.061965,-0.019434,8.894
3.1927,2.0239,0.095711,-0.062089,-0.019232,8.9053
3.1928,2.0239,0.09571,-0.062223,-0.018964,8.8935
3.1928,2.0239,0.095709,-0.062356,-0.018676,8.8899
3.1929,2.0239,0.095708,-0.062473,-0.018431,8.8988
3.1929,2.0239,0.095707,-0.062583,-0.018189,8.8908
3.193,2.0239,0.095706,-0.062694,-0.017954,8.8861
3.1931,2.0239,0.095705,-0.062806,-0.017736,8.8959
3.1931,2.0239,0.095704,-0.062918,-0.017539,8.8985
3.1932,2.0239,0.095703,-0.063022,-0.017377,8.8879
3.1932,2.0239,0.095702,-0.063127,-0.017201,8.8928
3.1933,2.0238,0.095701,-0.063219,-0.017046,8.8908
3.1933,2.0238,0.0957,-0.063293,-0.016944,8.876
3.1934,2.0238,0.095699,-0.063364,-0.016789,8.873
3.1934,2.0238,0.095698,-0.063429,-0.016621,8.8739
3.1935,2.0238,0.095698,-0.0635,-0.016455,8.8646
3.1935,2.0238,0.095697,-0.063566,-0.016303,8.8678
3.1936,2.0238,0.095696,-0.063636,-0.016195,8.875
3.1936,2.0238,0.095695,-0.063721,-0.016077,8.8614
3.1937,2.0238,0.095694,-0.063814,-0.015939,8.8552
3.1937,2.0238,0.095693,-0.063907,-0.015815,8.867
3.1938,2.0238,0.095693,-0.064007,-0.015642,8.86
3.1938,2.0238,0.095692,-0.064106,-0.015452,8.8563
3.1939,2.0238,0.095691,-0.064193,-0.015281,8.8659
3.1939,2.0238,0.09569,-0.064268,-0.015126,8.8678
3.194,2.0238,0.095689,-0.064353,-0.014992,8.854
3.1941,2.0238,0.095689,-0.064448,-0.014843,8.8654
3.1941,2.0238,0.095688,-0.06454,-0.01466,8.872
3.1942,2.0238,0.095687,-0.064617,-0.014464,8.8707
3.1942,2.0238,0.095686,-0.064696,-0.014227,8.8736
3.1943,2.0238,0.095686,-0.064774,-0.013978,8.8806
3.1943,2.0238,0.095685,-0.064848,-0.013743,8.874
3.1944,2.0238,0.095684,-0.064933,-0.013506,8.8753
3.1944,2.0238,0.095683,-0.065034,-0.013269,8.8819
3.1945,2.0238,0.095683,-0.065141,-0.013031,8.8751
3.1945,2.0238,0.095682,-0.065248,-0.012792,8.8761
3.1946,2.0238,0.095681,-0.065347,-0.012553,8.8844
3.1946,2.0238,0.095681,-0.065442,-0.012314,8.8809
3.1947,2.0238,0.09568,-0.065534,-0.012073,8.8752
3.1947,2.0238,0.095679,-0.065622,-0.011833,8.8784
3.1948,2.0238,0.095679,-0.065708,-0.011591,8.8769
3.1948,2.0237,0.095678,-0.06579,-0.01135,8.8698
3.1949,2.0237,0.095678,-0.065868,-0.011108,8.8772
3.1949,2.0237,0.095677,-0.065943,-0.010867,8.8794
3.195,2.0237,0.095677,-0.06602,-0.010639,8.8692
3.1951,2.0237,0.095676,-0.066088,-0.010388,8.8793
3.1951,2.0237,0.095675,-0.066147,-0.010122,8.8883
3.1952,2.0237,0.095675,-0.066187,-0.0098504,8.8865
3.1952,2.0237,0.095674,-0.066213,-0.0095867,8.8881
3.1953,2.0237,0.095674,-0.066243,-0.0093012,8.8995
3.1953,2.0237,0.095673,-0.066274,-0.0090093,8.8882
3.1954,2.0237,0.095673,-0.066297,-0.0087401,8.8915
3.1954,2.0237,0.095673,-0.066332,-0.0084843,8.9002
3.1955,2.0237,0.095672,-0.06636,-0.0081962,8.8995
3.1955,2.0237,0.095672,-0.066391,-0.0078904,8.8924
3.1956,2.0237,0.095671,-0.066408,-0.0075735,8.9038
3.1956,2.0237,0.095671,-0.066418,-0.0072483,8.9111
3.1957,2.0237,0.095671,-0.066435,-0.0068917,8.9052
3.1957,2.0237,0.09567,-0.06645,-0.006536,8.9161
3.1958,2.0237,0.09567,-0.066459,-0.0062048,8.9202
3.1958,2.0237,0.09567,-0.06648,-0.0058835,8.9099
3.1959,2.0237,0.095669,-0.0665,-0.0055753,8.9148
3.1959,2.0237,0.095669,-0.066535,-0.0052749,8.9157
3.196,2.0237,0.095669,-0.066558,-0.0049754,8.9123
3.1961,2.0237,0.095669,-0.066569,-0.0046794,8.9019
3.1961,2.0237,0.095668,-0.06658,-0.0043895,8.9105
3.1962,2.0237,0.095668,-0.066576,-0.004112,8.9058
3.1962,2.0237,0.095668,-0.06657,-0.0038246,8.9029
3.1963,2.0237,0.095668,-0.066558,-0.003578,8.9036
3.1963,2.0236,0.095668,-0.066538,-0.0033673,8.9076
3.1964,2.0236,0.095667,-0.066513,-0.0031613,8.8987
3.1964,2.0236,0.095667,-0.066469,-0.0029969,8.8979
3.1965,2.0236,0.095667,-0.066417,-0.0028524,8.904
3.1965,2.0236,0.095667,-0.066358,-0.002714,8.8987
3.1966,2.0236,0.095667,-0.066298,-0.0025684,8.905
3.1966,2.0236,0.095667,-0.066248,-0.0023969,8.9106
3.1967,2.0236,0.095667,-0.066197,-0.0022177,8.9028
3.1967,2.0236,0.095666,-0.06615,-0.0020577,8.8986
3.1968,2.0236,0.095666,-0.066097,-0.0018841,8.9141
3.1968,2.0236,0.095666,-0.066049,-0.0017576,8.9076
3.1969,2.0236,0.095666,-0.065995,-0.0016723,8.9066
3.1969,2.0236,0.095666,-0.065939,-0.0016078,8.9103
3.197,2.0236,0.095666,-0.0659,-0.0015435,8.9057
3.1971,2.0236,0.095666,-0.06585,-0.0014615,8.8897
3.1971,2.0236,0.095666,-0.065808,-0.0013369,8.8989
3.1972,2.0236,0.095666,-0.065776,-0.0012121,8.9036
3.1972,2.0236,0.095666,-0.065746,-0.0010543,8.9012
3.1973,2.0236,0.095666,-0.065725,-0.00089627,8.9013
3.1973,2.0236,0.095666,-0.06569,-0.00074458,8.9065
3.1974,2.0236,0.095666,-0.065663,-0.00061672,8.8945
3.1974,2.0236,0.095666,-0.065633,-0.00052691,8.8971
3.1975,2.0236,0.095666,-0.065588,-0.00047895,8.8947
3.1975,2.0236,0.095666,-0.065562,-0.00048086,8.8825
3.1976,2.0236,0.095665,-0.065548,-0.0005379,8.8768
3.1976,2.0236,0.095665,-0.065525,-0.00059745,8.8837
3.1977,2.0236,0.095665,-0.065482,-0.00066043,8.8769
3.1977,2.0236,0.095665,-0.065423,-0.00068414,8.867
3.1978,2.0236,0.095665,-0.065368,-0.00068132,8.8724
3.1978,2.0235,0.095665,-0.065311,-0.00064581,8.876
3.1979,2.0235,0.095665,-0.065268,-0.00058148,8.862
3.1979,2.0235,0.095665,-0.06525,-0.0005082,8.8633
3.198,2.0235,0.095665,-0.065253,-0.00044038,8.8641
3.1981,2.0235,0.095665,-0.065252,-0.0003577,8.8477
3.1981,2.0235,0.095665,-0.065243,-0.00029835,8.8468
3.1982,2.0235,0.095665,-0.065238,-0.00024772,8.8594
3.1982,2.0235,0.095665,-0.06523,-0.0002059,8.8539
3.1983,2.0235,0.095665,-0.065215,-0.0001591,8.8474
3.1983,2.0235,0.095665,-0.0652,-0.00014517,8.8637
3.1984,2.0235,0.095665,-0.06518,-0.00015633,8.8528
3.1984,2.0235,0.095665,-0.065144,-0.00016827,8.8445
3.1985,2.0235,0.095665,-0.065095,-0.00020293,8.8533
3.1985,2.0235,0.095665,-0.065038,-0.00027298,8.8499
3.1986,2.0235,0.095665,-0.064986,-0.00038231,8.839
3.1986,2.0235,0.095665,-0.064933,-0.00052645,8.8431
3.1987,2.0235,0.095665,-0.064883,-0.00069302,8.8452
3.1987,2.0235,0.095665,-0.064849,-0.0009058,8.8363
3.1988,2.0235,0.095665,-0.06482,-0.0011453,8.8479
3.1988,2.0235,0.095665,-0.064787,-0.0013369,8.851
3.1989,2.0235,0.095665,-0.064756,-0.0015081,8.8359
3.1989,2.0235,0.095665,-0.064722,-0.001668,8.8324
3.199,2.0235,0.095665,-0.064684,-0.0018256,8.8368
3.1991,2.0235,0.095664,-0.064644,-0.0020059,8.8277
3.1991,2.0235,0.095664,-0.0646,-0.0021877,8.819
3.1992,2.0235,0.095664,-0.064556,-0.0023591,8.8303
3.1992,2.0235,0.095664,-0.064512,-0.0025166,8.8234
3.1993,2.0235,0.095664,-0.064473,-0.0026121,8.8199
3.1993,2.0235,0.095664,-0.064435,-0.0026531,8.8287
3.1994,2.0235,0.095664,-0.064399,-0.0026998,8.8307
3.1994,2.0234,0.095664,-0.064359,-0.0027475,8.8193
3.1995,2.0234,0.095663,-0.064323,-0.0028476,8.8248
3.1995,2.0234,0.095663,-0.064286,-0.0029849,8.828
3.1996,2.0234,0.095663,-0.064239,-0.0031802,8.819
3.1996,2.0234,0.095663,-0.064189,-0.0033997,8.8242
3.1997,2.0234,0.095663,-0.064141,-0.0036118,8.8391
3.1997,2.0234,0.095662,-0.064093,-0.0037861,8.834
3.1998,2.0234,0.095662,-0.064047,-0.0039303,8.8402
3.1998,2.0234,0.095662,-0.064002,-0.0040378,8.8535
3.1999,2.0234,0.095662,-0.063959,-0.004185,8.8488
3.1999,2.0234,0.095662,-0.063913,-0.00433,8.8415
3.2,2.0234,0.095661,-0.063859,-0.0044921,8.8485
3.2001,2.0234,0.095661,-0.0638,-0.0046665,8.8403
3.2001,2.0234,0.095661,-0.063743,-0.004804,8.8323
3.2002,2.0234,0.095661,-0.06368,-0.0048997,8.8358
3.2002,2.0234,0.09566,-0.063597,-0.0049494,8.8401
3.2003,2.0234,0.09566,-0.063507,-0.0050027,8.8308
3.2003,2.0234,0.09566,-0.063416,-0.0050872,8.841
3.2004,2.0234,0.09566,-0.063335,-0.0051776,8.8433
3.2004,2.0234,0.095659,-0.063267,-0.0053243,8.8343
3.2005,2.0234,0.095659,-0.06321,-0.0055135,8.8357
3.2005,2.0234,0.095659,-0.063156,-0.0057112,8.8403
3.2006,2.0234,0.095658,-0.063098,-0.0059318,8.8336
3.2006,2.0234,0.095658,-0.063034,-0.0061695,8.8297
3.2007,2.0234,0.095658,-0.062969,-0.0064141,8.8457
3.2007,2.0234,0.095657,-0.062906,-0.0066579,8.8444
3.2008,2.0234,0.095657,-0.062845,-0.0069192,8.8353
3.2008,2.0234,0.095657,-0.062786,-0.0072203,8.8534
3.2009,2.0234,0.095656,-0.062719,-0.0074998,8.8596
3.2009,2.0233,0.095656,-0.062636,-0.0077538,8.8501
3.201,2.0233,0.095655,-0.062562,-0.0079704,8.8573
3.2011,2.0233,0.095655,-0.062498,-0.0081443,8.862
3.2011,2.0233,0.095655,-0.062448,-0.0082768,8.8519
3.2012,2.0233,0.095654,-0.062405,-0.0083765,8.8487
3.2012,2.0233,0.095654,-0.06237,-0.0084594,8.8537
3.2013,2.0233,0.095653,-0.062344,-0.0085348,8.8526
3.2013,2.0233,0.095653,-0.062332,-0.0086125,8.854
3.2014,2.0233,0.095652,-0.062311,-0.0087388,8.8692
3.2014,2.0233,0.095652,-0.062295,-0.0088784,8.8564
3.2015,2.0233,0.095651,-0.062277,-0.0089744,8.851
3.2015,2.0233,0.095651,-0.062266,-0.0090525,8.8603
3.2016,2.0233,0.09565,-0.062253,-0.0091461,8.8579
3.2016,2.0233,0.09565,-0.062247,-0.0092281,8.8466
3.2017,2.0233,0.095649,-0.06225,-0.0093064,8.8462
3.2017,2.0233,0.095649,-0.062272,-0.0094573,8.8472
3.2018,2.0233,0.095648,-0.062285,-0.0096552,8.8324
3.2018,2.0233,0.095648,-0.062287,-0.0098356,8.8482
3.2019,2.0233,0.095647,-0.062274,-0.0099549,8.8519
3.2019,2.0233,0.095647,-0.062247,-0.010051,8.841
3.202,2.0233,0.095646,-0.06221,-0.010138,8.8415
3.2021,2.0233,0.095646,-0.062166,-0.010193,8.8391
3.2021,2.0233,0.095645,-0.062121,-0.010249,8.8319
3.2022,2.0233,0.095645,-0.06209,-0.010332,8.8278
3.2022,2.0233,0.095644,-0.062063,-0.010399,8.8448
3.2023,2.0233,0.095644,-0.062035,-0.010459,8.8455
3.2023,2.0233,0.095643,-0.062006,-0.01052,8.8426
3.2024,2.0233,0.095642,-0.061975,-0.010578,8.8545
3.2024,2.0233,0.095642,-0.061945,-0.01063,8.8576
3.2025,2.0233,0.095641,-0.061916,-0.010672,8.8502
3.2025,2.0233,0.095641,-0.061881,-0.010702,8.8568
3.2026,2.0232,0.09564,-0.061846,-0.010703,8.8589
3.2026,2.0232,0.09564,-0.061805,-0.010721,8.8509
3.2027,2.0232,0.095639,-0.061766,-0.010743,8.8519
3.2027,2.0232,0.095639,-0.061717,-0.010775,8.8623
3.2028,2.0232,0.095638,-0.061668,-0.010805,8.8588
3.2028,2.0232,0.095637,-0.061634,-0.010813,8.8566
3.2029,2.0232,0.095637,-0.061608,-0.010828,8.8684
3.2029,2.0232,0.095636,-0.061582,-0.010839,8.86
3.203,2.0232,0.095636,-0.061555,-0.010831,8.847
3.2031,2.0232,0.095635,-0.061528,-0.010835,8.8491
3.2031,2.0232,0.095635,-0.061511,-0.010831,8.8344
3.2032,2.0232,0.095634,-0.061493,-0.010825,8.8186
3.2032,2.0232,0.095633,-0.061489,-0.010786,8.8185
3.2033,2.0232,0.095633,-0.061506,-0.01069,8.8109
3.2033,2.0232,0.095632,-0.061529,-0.010566,8.8012
3.2034,2.0232,0.095632,-0.061563,-0.010386,8.8005
3.2034,2.0232,0.095631,-0.061595,-0.010175,8.8127
3.2035,2.0232,0.095631,-0.061636,-0.0099835,8.8043
3.2035,2.0232,0.09563,-0.061678,-0.0097985,8.8005
3.2036,2.0232,0.09563,-0.061708,-0.0096511,8.8111
3.2036,2.0232,0.095629,-0.061731,-0.009541,8.8067
3.2037,2.0232,0.095629,-0.061756,-0.009438,8.8102
3.2037,2.0232,0.095628,-0.061775,-0.0092998,8.8195
3.2038,2.0232,0.095628,-0.061795,-0.0091231,8.8125
3.2038,2.0232,0.095627,-0.061828,-0.0089559,8.8158
3.2039,2.0232,0.095627,-0.061875,-0.0088021,8.832
3.2039,2.0232,0.095626,-0.061913,-0.0086037,8.8343
3.204,2.0232,0.095626,-0.061943,-0.0084032,8.8303
3.2041,2.0232,0.095625,-0.061976,-0.0082269,8.835
3.2041,2.0232,0.095625,-0.062024,-0.0080562,8.8337
3.2042,2.0232,0.095625,-0.062072,-0.0078808,8.8268
3.2042,2.0231,0.095624,-0.062122,-0.0077276,8.8221
3.2043,2.0231,0.095624,-0.062176,-0.0076085,8.8299
3.2043,2.0231,0.095623,-0.062221,-0.0074909,8.8153
3.2044,2.0231,0.095623,-0.062249,-0.0073512,8.8156
3.2044,2.0231,0.095623,-0.062268,-0.0072041,8.8308
3.2045,2.0231,0.095622,-0.062284,-0.0070495,8.8192
3.2045,2.0231,0.095622,-0.062305,-0.0068874,8.8056
3.2046,2.0231,0.095622,-0.062326,-0.006718,8.8143
3.2046,2.0231,0.095621,-0.062348,-0.0065412,8.8059
3.2047,2.0231,0.095621,-0.06237,-0.0063571,8.7975
3.2047,2.0231,0.095621,-0.062392,-0.0061657,8.8046
3.2048,2.0231,0.09562,-0.062414,-0.005964,8.8064
3.2048,2.0231,0.09562,-0.062432,-0.0057603,8.7872
3.2049,2.0231,0.09562,-0.062458,-0.005553,8.7911
3.2049,2.0231,0.095619,-0.06248,-0.0053257,8.8012
3.205,2.0231,0.095619,-0.062519,-0.0051154,8.7997
3.2051,2.0231,0.095619,-0.062566,-0.0049147,8.8052
3.2051,2.0231,0.095619,-0.062634,-0.0047164,8.8139
3.2052,2.0231,0.095618,-0.062726,-0.0044983,8.8088
3.2052,2.0231,0.095618,-0.062815,-0.0042907,8.8056
3.2053,2.0231,0.095618,-0.062893,-0.0040894,8.8218
3.2053,2.0231,0.095618,-0.062969,-0.0038629,8.8206
3.2054,2.0231,0.095617,-0.063023,-0.0036207,8.8234
3.2054,2.0231,0.095617,-0.06309,-0.0034117,8.8393
3.2055,2.0231,0.095617,-0.063158,-0.0032266,8.8386
3.2055,2.0231,0.095617,-0.063241,-0.0030635,8.8315
3.2056,2.0231,0.095617,-0.063343,-0.0029131,8.8418
3.2056,2.0231,0.095617,-0.063439,-0.002805,8.8442
3.2057,2.0231,0.095617,-0.063533,-0.0027094,8.8371
3.2057,2.0231,0.095616,-0.063621,-0.0026026,8.8322
3.2058,2.023,0.095616,-0.063698,-0.0025126,8.8355
3.2058,2.023,0.095616,-0.063775,-0.0024017,8.8289
3.2059,2.023,0.095616,-0.063841,-0.002278,8.8358
3.2059,2.023,0.095616,-0.06391,-0.0021493,8.8421
3.206,2.023,0.095616,-0.063981,-0.0020228,8.8366
3.2061,2.023,0.095616,-0.064046,-0.0019053,8.8331
3.2061,2.023,0.095616,-0.064122,-0.0018033,8.8467
3.2062,2.023,0.095616,-0.064187,-0.0017406,8.839
3.2062,2.023,0.095615,-0.064249,-0.0016763,8.8282
3.2063,2.023,0.095615,-0.064317,-0.0015792,8.8349
3.2063,2.023,0.095615,-0.064381,-0.0014893,8.8392
3.2064,2.023,0.095615,-0.06446,-0.0013676,8.8288
3.2064,2.023,0.095615,-0.064545,-0.0012296,8.8408
3.2065,2.023,0.095615,-0.064644,-0.0010914,8.8538
3.2065,2.023,0.095615,-0.064753,-0.00097009,8.8452
3.2066,2.023,0.095615,-0.064844,-0.00088348,8.858
3.2066,2.023,0.095615,-0.064931,-0.00081217,8.8729
3.2067,2.023,0.095615,-0.065023,-0.00073563,8.865
3.2067,2.023,0.095615,-0.065111,-0.00068511,8.8673
3.2068,2.023,0.095615,-0.065194,-0.0005985,8.8773
3.2068,2.023,0.095615,-0.065286,-0.00046817,8.8736
3.2069,2.023,0.095615,-0.065387,-0.00031438,8.8628
3.2069,2.023,0.095615,-0.065471,-0.00015856,8.8797
3.207,2.023,0.095615,-0.065555,-2.3265e-05,8.8874
3.2071,2.023,0.095615,-0.065632,6.7857e-05,8.8744
3.2071,2.023,0.095615,-0.065708,0.00014601,8.8762
3.2072,2.023,0.095615,-0.065781,0.0001788,8.8771
3.2072,2.023,0.095615,-0.065841,0.00019599,8.8624
3.2073,2.023,0.095615,-0.065901,0.00020349,8.8604
3.2073,2.0229,0.095615,-0.065952,0.00021927,8.861
3.2074,2.0229,0.095615,-0.065992,0.00025983,8.8506
3.2074,2.0229,0.095615,-0.066035,0.00033242,8.8547
3.2075,2.0229,0.095615,-0.066074,0.0004493,8.8611
3.2075,2.0229,0.095615,-0.066106,0.00062094,8.8641
3.2076,2.0229,0.095615,-0.066138,0.00079764,8.8545
3.2076,2.0229,0.095615,-0.066183,0.00098061,8.866
3.2077,2.0229,0.095615,-0.066236,0.0011251,8.8589
3.2077,2.0229,0.095615,-0.066293,0.0012402,8.8515
3.2078,2.0229,0.095615,-0.066349,0.0013161,8.8599
3.2078,2.0229,0.095615,-0.066398,0.0013527,8.8612
3.2079,2.0229,0.095615,-0.066436,0.0013671,8.8564
3.2079,2.0229,0.095615,-0.066457,0.0013755,8.8702
3.208,2.0229,0.095615,-0.066471,0.0013479,8.8824
3.2081,2.0229,0.095616,-0.066488,0.0013267,8.8821
3.2081,2.0229,0.095616,-0.066503,0.0012942,8.8837
3.2082,2.0229,0.095616,-0.066514,0.0012456,8.8929
3.2082,2.0229,0.095616,-0.066524,0.0011709,8.8906
3.2083,2.0229,0.095616,-0.06653,0.0011129,8.8815
3.2083,2.0229,0.095616,-0.066534,0.0010703,8.8892
3.2084,2.0229,0.095616,-0.066536,0.0010234,8.8925
3.2084,2.0229,0.095616,-0.066535,0.00098873,8.8753
3.2085,2.0229,0.095616,-0.066531,0.00098709,8.8921
3.2085,2.0229,0.095616,-0.066525,0.0010186,8.8901
3.2086,2.0229,0.095616,-0.066516,0.0010771,8.8787
3.2086,2.0229,0.095616,-0.066505,0.0011592,8.8818
3.2087,2.0229,0.095616,-0.066491,0.0012872,8.8898
3.2087,2.0229,0.095616,-0.066474,0.0014389,8.8709
3.2088,2.0229,0.095616,-0.066455,0.001545,8.8683
3.2088,2.0228,0.095617,-0.066433,0.0016245,8.8712
3.2089,2.0228,0.095617,-0.066409,0.0016925,8.8611
3.2089,2.0228,0.095617,-0.066382,0.001756,8.8587
3.209,2.0228,0.095617,-0.066352,0.0018391,8.8675
3.2091,2.0228,0.095617,-0.06632,0.0019289,8.8643
3.2091,2.0228,0.095617,-0.066286,0.0020103,8.8582
3.2092,2.0228,0.095617,-0.066248,0.0020778,8.8694
3.2092,2.0228,0.095617,-0.066208,0.0020891,8.8597
3.2093,2.0228,0.095617,-0.066168,0.0020309,8.862
3.2093,2.0228,0.095617,-0.066122,0.0019677,8.8684
3.2094,2.0228,0.095618,-0.066072,0.0018885,8.8665
3.2094,2.0228,0.095618,-0.066015,0.0018432,8.8568
3.2095,2.0228,0.095618,-0.065951,0.0018252,8.8725
3.2095,2.0228,0.095618,-0.065885,0.0018609,8.8853
3.2096,2.0228,0.095618,-0.065813,0.0019222,8.8734
3.2096,2.0228,0.095618,-0.065739,0.0019791,8.8757
3.2097,2.0228,0.095618,-0.065665,0.0019933,8.8899
3.2097,2.0228,0.095618,-0.065588,0.0019635,8.8798
3.2098,2.0228,0.095618,-0.065513,0.0018837,8.8778
3.2098,2.0228,0.095618,-0.065434,0.0018075,8.8809
3.2099,2.0228,0.095619,-0.065354,0.0017394,8.872
3.2099,2.0228,0.095619,-0.065276,0.0016776,8.8569
3.21,2.0228,0.095619,-0.065194,0.0016368,8.8672
3.2101,2.0228,0.095619,-0.065103,0.0015809,8.8642
3.2101,2.0228,0.095619,-0.065013,0.0015269,8.8552
3.2102,2.0228,0.095619,-0.064935,0.0014386,8.8622
3.2102,2.0228,0.095619,-0.064866,0.0013258,8.8602
3.2103,2.0228,0.095619,-0.0648,0.0012299,8.8479
3.2103,2.0228,0.095619,-0.064733,0.0011442,8.8475
3.2104,2.0227,0.095619,-0.064655,0.0010577,8.8481
3.2104,2.0227,0.095619,-0.064568,0.0010081,8.836
3.2105,2.0227,0.095619,-0.064479,0.00097471,8.8378
3.2105,2.0227,0.095619,-0.064396,0.00098207,8.847
3.2106,2.0227,0.095619,-0.064315,0.00099587,8.8365
3.2106,2.0227,0.095619,-0.064237,0.00098784,8.833
3.2107,2.0227,0.095619,-0.064162,0.00098404,8.8469
3.2107,2.0227,0.09562,-0.064091,0.00098515,8.8476
3.2108,2.0227,0.09562,-0.064018,0.00098818,8.8522
3.2108,2.0227,0.09562,-0.063955,0.00099027,8.8635
3.2109,2.0227,0.09562,-0.063912,0.00099521,8.8653
3.2109,2.0227,0.09562,-0.063865,0.0010066,8.8592
3.211,2.0227,0.09562,-0.063812,0.0010213,8.8718
3.2111,2.0227,0.09562,-0.063747,0.0010364,8.8781
3.2111,2.0227,0.09562,-0.063679,0.001049,8.8666
3.2112,2.0227,0.09562,-0.063605,0.0010629,8.8719
3.2112,2.0227,0.09562,-0.063526,0.0010817,8.8863
3.2113,2.0227,0.09562,-0.06343,0.0010994,8.8711
3.2113,2.0227,0.09562,-0.063337,0.0011357,8.8671
3.2114,2.0227,0.09562,-0.063235,0.0011694,8.8737
3.2114,2.0227,0.09562,-0.063134,0.0011667,8.8689
3.2115,2.0227,0.09562,-0.063025,0.0011402,8.8592
3.2115,2.0227,0.09562,-0.06292,0.0011013,8.8736
3.2116,2.0227,0.09562,-0.062813,0.0010609,8.878
3.2116,2.0227,0.095621,-0.062701,0.0010564,8.875
3.2117,2.0227,0.095621,-0.062571,0.0010665,8.8824
3.2117,2.0227,0.095621,-0.062449,0.001072,8.891
3.2118,2.0227,0.095621,-0.062333,0.0010498,8.8839
3.2118,2.0227,0.095621,-0.062225,0.00099497,8.8837
3.2119,2.0227,0.095621,-0.062123,0.00093777,8.8858
3.2119,2.0226,0.095621,-0.062032,0.00089502,8.8778
3.212,2.0226,0.095621,-0.061948,0.00088413,8.8754
3.2121,2.0226,0.095621,-0.061868,0.00092308,8.8887
3.2121,2.0226,0.095621,-0.061788,0.00097168,8.8843
3.2122,2.0226,0.095621,-0.061717,0.0010093,8.8909
3.2122,2.0226,0.095621,-0.061652,0.0010486,8.9084
3.2123,2.0226,0.095621,-0.061594,0.0010965,8.9049
3.2123,2.0226,0.095621,-0.061533,0.0011505,8.9085
3.2124,2.0226,0.095621,-0.061474,0.0012078,8.9137
3.2124,2.0226,0.095621,-0.061413,0.0012655,8.9083
3.2125,2.0226,0.095621,-0.061353,0.0013203,8.9048
3.2125,2.0226,0.095621,-0.061295,0.0013691,8.9061
3.2126,2.0226,0.095622,-0.06124,0.0014217,8.9141
3.2126,2.0226,0.095622,-0.061188,0.0014681,8.909
3.2127,2.0226,0.095622,-0.061142,0.0015132,8.9098
3.2127,2.0226,0.095622,-0.061095,0.0015491,8.9284
3.2128,2.0226,0.095622,-0.061048,0.0015838,8.9163
3.2128,2.0226,0.095622,-0.061004,0.0016168,8.9069
3.2129,2.0226,0.095622,-0.06096,0.001646,8.9126
3.2129,2.0226,0.095622,-0.060918,0.0016818,8.8891
3.213,2.0226,0.095622,-0.060877,0.0017263,8.8767
3.2131,2.0226,0.095622,-0.060838,0.0017732,8.8786
3.2131,2.0226,0.095622,-0.0608,0.0018342,8.8759
3.2132,2.0226,0.095623,-0.060764,0.001883,8.8667
3.2132,2.0226,0.095623,-0.060729,0.0019088,8.8727
3.2133,2.0226,0.095623,-0.060696,0.001895,8.8816
3.2133,2.0226,0.095623,-0.060664,0.0018204,8.8666
3.2134,2.0226,0.095623,-0.060634,0.001715,8.8663
3.2134,2.0226,0.095623,-0.060606,0.0016248,8.8663
3.2135,2.0226,0.095623,-0.060581,0.001538,8.8594
3.2135,2.0226,0.095623,-0.060555,0.0014881,8.8599
3.2136,2.0225,0.095623,-0.060527,0.0014791,8.8719
3.2136,2.0225,0.095623,-0.0605,0.0014838,8.8698
3.2137,2.0225,0.095623,-0.060475,0.0014588,8.8737
3.2137,2.0225,0.095623,-0.060453,0.0013975,8.8886
3.2138,2.0225,0.095624,-0.060434,0.0013465,8.891
3.2138,2.0225,0.095624,-0.06042,0.0013086,8.8824
3.2139,2.0225,0.095624,-0.060411,0.0012325,8.89
3.2139,2.0225,0.095624,-0.060402,0.0011567,8.8912
3.214,2.0225,0.095624,-0.060395,0.0011073,8.8811
3.2141,2.0225,0.095624,-0.060391,0.001066,8.8768
3.2141,2.0225,0.095624,-0.060388,0.0010214,8.8854
3.2142,2.0225,0.095624,-0.060387,0.0010004,8.8764
3.2142,2.0225,0.095624,-0.060389,0.0010171,8.8796
3.2143,2.0225,0.095624,-0.060387,0.0010404,8.8771
3.2143,2.0225,0.095624,-0.060397,0.0010546,8.8693
3.2144,2.0225,0.095624,-0.060414,0.0010705,8.864
3.2144,2.0225,0.095624,-0.060432,0.0010878,8.8566
3.2145,2.0225,0.095624,-0.060461,0.0011067,8.8453
3.2145,2.0225,0.095624,-0.060496,0.0011269,8.8373
3.2146,2.0225,0.095624,-0.060533,0.0011484,8.8446
3.2146,2.0225,0.095624,-0.060566,0.0011712,8.8405
3.2147,2.0225,0.095625,-0.060591,0.0011953,8.8292
3.2147,2.0225,0.095625,-0.060619,0.0012173,8.8416
3.2148,2.0225,0.095625,-0.060649,0.0012457,8.8481
3.2148,2.0225,0.095625,-0.060664,0.0012791,8.8329
3.2149,2.0225,0.095625,-0.060686,0.0013161,8.8444
3.2149,2.0225,0.095625,-0.060697,0.0013552,8.8467
3.215,2.0225,0.095625,-0.060708,0.001395,8.8336
3.2151,2.0225,0.095625,-0.060715,0.0014337,8.841
3.2151,2.0225,0.095625,-0.060705,0.0014698,8.8496
3.2152,2.0225,0.095625,-0.060702,0.0015015,8.8468
3.2152,2.0224,0.095625,-0.060713,0.0015371,8.8494
3.2153,2.0224,0.095625,-0.06073,0.0015734,8.8613
3.2153,2.0224,0.095625,-0.060762,0.0016105,8.8603
3.2154,2.0224,0.095625,-0.060804,0.0016483,8.8419
3.2154,2.0224,0.095626,-0.060844,0.0016867,8.8555
3.2155,2.0224,0.095626,-0.060888,0.0017256,8.8518
3.2155,2.0224,0.095626,-0.060916,0.001765,8.8346
3.2156,2.0224,0.095626,-0.060942,0.0018049,8.8378
3.2156,2.0224,0.095626,-0.060955,0.0018451,8.8369
3.2157,2.0224,0.095626,-0.060956,0.0018858,8.8256
3.2157,2.0224,0.095626,-0.060946,0.0019414,8.8264
3.2158,2.0224,0.095626,-0.060929,0.0019739,8.8337
3.2158,2.0224,0.095626,-0.060895,0.0019888,8.826
3.2159,2.0224,0.095626,-0.060869,0.0019922,8.8181
3.2159,2.0224,0.095627,-0.060846,0.0019905,8.8196
3.216,2.0224,0.095627,-0.060826,0.0019904,8.8067
3.2161,2.0224,0.095627,-0.060798,0.001999,8.8002
3.2161,2.0224,0.095627,-0.060782,0.0020236,8.8031
3.2162,2.0224,0.095627,-0.060788,0.002072,8.8007
3.2162,2.0224,0.095627,-0.0608,0.0021064,8.7903
3.2163,2.0224,0.095627,-0.060819,0.0021405,8.8048
3.2163,2.0224,0.095627,-0.060842,0.0021742,8.811
3.2164,2.0224,0.095627,-0.060872,0.0022074,8.8035
3.2164,2.0224,0.095628,-0.060897,0.0022401,8.8157
3.2165,2.0224,0.095628,-0.060913,0.0022721,8.8195
3.2165,2.0224,0.095628,-0.060943,0.0023035,8.8093
3.2166,2.0224,0.095628,-0.060987,0.002334,8.8124
3.2166,2.0224,0.095628,-0.061027,0.0023637,8.8288
3.2167,2.0224,0.095628,-0.06107,0.0023924,8.8177
3.2167,2.0224,0.095628,-0.061112,0.0024202,8.8296
3.2168,2.0224,0.095628,-0.061149,0.0024468,8.8368
3.2168,2.0224,0.095629,-0.061177,0.0024724,8.8308
3.2169,2.0223,0.095629,-0.061198,0.0024968,8.8294
3.2169,2.0223,0.095629,-0.061213,0.00252,8.8357
3.217,2.0223,0.095629,-0.061226,0.002542,8.8317
3.2171,2.0223,0.095629,-0.061232,0.0025627,8.8192
3.2171,2.0223,0.095629,-0.061238,0.0025822,8.8177
3.2172,2.0223,0.095629,-0.061242,0.0026005,8.8269
3.2172,2.0223,0.09563,-0.061243,0.0026175,8.8093
3.2173,2.0223,0.09563,-0.061242,0.0026333,8.8156
3.2173,2.0223,0.09563,-0.061239,0.0026479,8.8316
3.2174,2.0223,0.09563,-0.061233,0.0026611,8.8246
3.2174,2.0223,0.09563,-0.061225,0.002673,8.8202
3.2175,2.0223,0.09563,-0.061214,0.0026835,8.8317
3.2175,2.0223,0.09563,-0.061207,0.0026925,8.8237
3.2176,2.0223,0.09563,-0.061188,0.0027001,8.8195
3.2176,2.0223,0.095631,-0.061162,0.0027062,8.826
3.2177,2.0223,0.095631,-0.06113,0.0027108,8.8227
3.2177,2.0223,0.095631,-0.061096,0.0027139,8.8201
3.2178,2.0223,0.095631,-0.061067,0.0027155,8.8394
3.2178,2.0223,0.095631,-0.061031,0.0027155,8.8466
3.2179,2.0223,0.095631,-0.060994,0.0027107,8.8313
3.2179,2.0223,0.095631,-0.060965,0.0027094,8.849
3.218,2.0223,0.095632,-0.060925,0.0027072,8.8513
3.2181,2.0223,0.095632,-0.060871,0.0027079,8.8402
3.2181,2.0223,0.095632,-0.060817,0.0027172,8.8441
3.2182,2.0223,0.095632,-0.060752,0.002731,8.8443
3.2182,2.0223,0.095632,-0.060686,0.0027449,8.8428
3.2183,2.0223,0.095632,-0.060615,0.0027544,8.8444
3.2183,2.0223,0.095632,-0.060553,0.0027548,8.8559
3.2184,2.0223,0.095633,-0.060506,0.002751,8.852
3.2184,2.0223,0.095633,-0.060468,0.0027366,8.8366
3.2185,2.0223,0.095633,-0.060431,0.0027183,8.8504
3.2185,2.0222,0.095633,-0.060405,0.002701,8.8501
3.2186,2.0222,0.095633,-0.060369,0.0026787,8.8332
3.2186,2.0222,0.095633,-0.060332,0.0026563,8.8326
3.2187,2.0222,0.095633,-0.060293,0.002641,8.8297
3.2187,2.0222,0.095634,-0.060253,0.0026271,8.8153
3.2188,2.0222,0.095634,-0.06021,0.0026201,8.8186
3.2188,2.0222,0.095634,-0.060167,0.0026128,8.8332
3.2189,2.0222,0.095634,-0.060121,0.002606,8.8283
3.2189,2.0222,0.095634,-0.060074,0.0026022,8.8282
3.219,2.0222,0.095634,-0.060026,0.0025941,8.8341
3.2191,2.0222,0.095634,-0.059976,0.0025838,8.8268
3.2191,2.0222,0.095635,-0.059927,0.0025721,8.8299
3.2192,2.0222,0.095635,-0.059872,0.0025478,8.8311
3.2192,2.0222,0.095635,-0.059814,0.0025244,8.8332
3.2193,2.0222,0.095635,-0.059753,0.0024944,8.8311
3.2193,2.0222,0.095635,-0.059691,0.0024629,8.8412
3.2194,2.0222,0.095635,-0.059628,0.0024339,8.8497
3.2194,2.0222,0.095635,-0.059566,0.002403,8.8469
3.2195,2.0222,0.095635,-0.059508,0.0023687,8.8511
3.2195,2.0222,0.095636,-0.059448,0.0023294,8.8561
3.2196,2.0222,0.095636,-0.059382,0.0022833,8.8475
3.2196,2.0222,0.095636,-0.059314,0.0022354,8.8488
3.2197,2.0222,0.095636,-0.059245,0.0021911,8.8518
3.2197,2.0222,0.095636,-0.059175,0.0021457,8.8337
3.2198,2.0222,0.095636,-0.059106,0.0021062,8.8268
3.2198,2.0222,0.095636,-0.059039,0.0020668,8.832
3.2199,2.0222,0.095636,-0.058975,0.0020297,8.8227
3.2199,2.0222,0.095637,-0.058907,0.0019958,8.8108
3.22,2.0222,0.095637,-0.058838,0.0019647,8.8121
3.2201,2.0222,0.095637,-0.058769,0.0019341,8.8039
3.2201,2.0222,0.095637,-0.058699,0.0019104,8.793
3.2202,2.0222,0.095637,-0.058628,0.0018902,8.7932
3.2202,2.0221,0.095637,-0.058556,0.00187,8.7933
3.2203,2.0221,0.095637,-0.058483,0.0018428,8.7852
3.2203,2.0221,0.095637,-0.05841,0.0018133,8.789
3.2204,2.0221,0.095637,-0.058336,0.0017862,8.8008
3.2204,2.0221,0.095637,-0.058261,0.0017546,8.7943
3.2205,2.0221,0.095637,-0.058185,0.0017215,8.7942
3.2205,2.0221,0.095638,-0.058109,0.0016897,8.8101
3.2206,2.0221,0.095638,-0.058033,0.0016624,8.801
3.2206,2.0221,0.095638,-0.057956,0.0016358,8.8045
3.2207,2.0221,0.095638,-0.057878,0.0016061,8.81
3.2207,2.0221,0.095638,-0.0578,0.001576,8.8106
3.2208,2.0221,0.095638,-0.057722,0.0015485,8.8066
3.2208,2.0221,0.095638,-0.057643,0.0015199,8.8173
3.2209,2.0221,0.095638,-0.057563,0.0014862,8.8221
3.2209,2.0221,0.095638,-0.057484,0.0014505,8.8165
3.221,2.0221,0.095638,-0.057404,0.0014155,8.8242
3.2211,2.0221,0.095638,-0.057323,0.0013846,8.8282
3.2211,2.0221,0.095638,-0.057243,0.0013543,8.8154
3.2212,2.0221,0.095639,-0.05716,0.001321,8.8124
3.2212,2.0221,0.095639,-0.05708,0.0012908,8.8207
3.2213,2.0221,0.095639,-0.057004,0.0012588,8.8068
3.2213,2.0221,0.095639,-0.056928,0.0012224,8.8082
3.2214,2.0221,0.095639,-0.056854,0.0011825,8.8162
3.2214,2.0221,0.095639,-0.056779,0.001138,8.8056
3.2215,2.0221,0.095639,-0.056704,0.0010895,8.8026
3.2215,2.0221,0.095639,-0.056625,0.0010394,8.8103
3.2216,2.0221,0.095639,-0.056543,0.00097807,8.7924
3.2216,2.0221,0.095639,-0.056463,0.00091743,8.7886
3.2217,2.0221,0.095639,-0.056381,0.00085993,8.7917
3.2217,2.0221,0.095639,-0.056301,0.00081124,8.791
3.2218,2.0221,0.095639,-0.056224,0.0007656,8.7817
3.2218,2.0221,0.095639,-0.056157,0.00072012,8.7913
3.2219,2.0221,0.095639,-0.056093,0.00067172,8.7986
3.2219,2.022,0.095639,-0.056035,0.00061718,8.7963
3.222,2.022,0.095639,-0.05598,0.00055311,8.7997
3.2221,2.022,0.095639,-0.055923,0.00048601,8.818
3.2221,2.022,0.095639,-0.05586,0.00042109,8.8184
3.2222,2.022,0.095639,-0.055793,0.00035527,8.8106
3.2222,2.022,0.095639,-0.055721,0.00028854,8.8235
3.2223,2.022,0.095639,-0.055653,0.00022089,8.822
3.2223,2.022,0.095639,-0.055585,0.00015229,8.8203
3.2224,2.022,0.095639,-0.055521,8.2782e-05,8.8367
3.2224,2.022,0.095639,-0.055459,1.2387e-05,8.8324
3.2225,2.022,0.095639,-0.055397,-5.8887e-05,8.8279
3.2225,2.022,0.095639,-0.055335,-0.00013426,8.8377
3.2226,2.022,0.095639,-0.055271,-0.0002086,8.8385
3.2226,2.022,0.095639,-0.055204,-0.00027801,8.8249
3.2227,2.022,0.095639,-0.055139,-0.00033671,8.8274
3.2227,2.022,0.095639,-0.055076,-0.00039192,8.8297
3.2228,2.022,0.095639,-0.055016,-0.00044263,8.8226
3.2228,2.022,0.095639,-0.054952,-0.00048616,8.8167
3.2229,2.022,0.095639,-0.054888,-0.00053303,8.8254
3.2229,2.022,0.095639,-0.054823,-0.00058582,8.8234
3.223,2.022,0.095639,-0.054758,-0.00063874,8.8209
3.2231,2.022,0.095639,-0.054696,-0.00068888,8.8366
3.2231,2.022,0.095639,-0.054636,-0.00073317,8.8345
3.2232,2.022,0.095639,-0.05458,-0.00077839,8.8255
3.2232,2.022,0.095639,-0.054529,-0.00081982,8.8342
3.2233,2.022,0.095639,-0.054477,-0.00085564,8.844
3.2233,2.022,0.095639,-0.054426,-0.00089399,8.8313
3.2234,2.022,0.095639,-0.054376,-0.00093166,8.8382
3.2234,2.022,0.095639,-0.054326,-0.00096852,8.8522
3.2235,2.022,0.095639,-0.05428,-0.0010044,8.8521
3.2235,2.022,0.095639,-0.054238,-0.0010394,8.856
3.2236,2.022,0.095639,-0.054199,-0.0010734,8.8729
3.2236,2.022,0.095639,-0.054163,-0.0011064,8.876
3.2237,2.022,0.095639,-0.05413,-0.0011384,8.8734
3.2237,2.0219,0.095639,-0.054093,-0.0011695,8.8788
3.2238,2.0219,0.095638,-0.054055,-0.0011964,8.8704
3.2238,2.0219,0.095638,-0.054012,-0.0012275,8.8656
3.2239,2.0219,0.095638,-0.053963,-0.0012616,8.8809
3.2239,2.0219,0.095638,-0.053918,-0.0012974,8.875
3.224,2.0219,0.095638,-0.05388,-0.0013334,8.871
3.2241,2.0219,0.095638,-0.053845,-0.0013681,8.876
3.2241,2.0219,0.095638,-0.053818,-0.0013999,8.8792
3.2242,2.0219,0.095638,-0.053791,-0.0014272,8.8574
3.2242,2.0219,0.095638,-0.053771,-0.0014484,8.8578
3.2243,2.0219,0.095638,-0.053737,-0.0014718,8.8576
3.2243,2.0219,0.095638,-0.053687,-0.0014945,8.8457
3.2244,2.0219,0.095638,-0.053642,-0.0015163,8.8454
3.2244,2.0219,0.095638,-0.053588,-0.0015374,8.8563
3.2245,2.0219,0.095637,-0.053525,-0.0015577,8.8533
3.2245,2.0219,0.095637,-0.053468,-0.0015771,8.8488
3.2246,2.0219,0.095637,-0.053422,-0.0015958,8.8594
3.2246,2.0219,0.095637,-0.053396,-0.0016136,8.8636
3.2247,2.0219,0.095637,-0.053373,-0.0016308,8.857
3.2247,2.0219,0.095637,-0.053362,-0.0016473,8.8616
3.2248,2.0219,0.095637,-0.053363,-0.0016631,8.8708
3.2248,2.0219,0.095637,-0.053363,-0.0016781,8.8602
3.2249,2.0219,0.095637,-0.053363,-0.0016924,8.8654
3.2249,2.0219,0.095637,-0.053368,-0.0017059,8.8788
3.225,2.0219,0.095637,-0.053376,-0.0017185,8.8778
3.2251,2.0219,0.095637,-0.053396,-0.0017301,8.8779
3.2251,2.0219,0.095636,-0.05341,-0.0017409,8.8945
3.2252,2.0219,0.095636,-0.053415,-0.0017508,8.8837
3.2252,2.0219,0.095636,-0.05342,-0.0017598,8.878
3.2253,2.0219,0.095636,-0.053422,-0.001768,8.8751
3.2253,2.0219,0.095636,-0.053412,-0.0017755,8.8717
3.2254,2.0219,0.095636,-0.0534,-0.0017823,8.8663
3.2254,2.0219,0.095636,-0.05338,-0.0017884,8.8661
3.2255,2.0219,0.095636,-0.053364,-0.0017939,8.8683
3.2255,2.0219,0.095636,-0.053349,-0.0017987,8.8563
3.2256,2.0219,0.095636,-0.053341,-0.0018028,8.8589
3.2256,2.0218,0.095635,-0.053352,-0.0018061,8.86
3.2257,2.0218,0.095635,-0.053375,-0.0018088,8.8442
3.2257,2.0218,0.095635,-0.053405,-0.0018107,8.8477
3.2258,2.0218,0.095635,-0.053443,-0.0018119,8.8454
3.2258,2.0218,0.095635,-0.053479,-0.0018125,8.8321
3.2259,2.0218,0.095635,-0.053517,-0.0018127,8.8273
3.2259,2.0218,0.095635,-0.05356,-0.0018125,8.8425
3.226,2.0218,0.095635,-0.053609,-0.001812,8.8429
3.2261,2.0218,0.095635,-0.053653,-0.0018114,8.8361
3.2261,2.0218,0.095635,-0.053677,-0.0018105,8.8568
3.2262,2.0218,0.095635,-0.053688,-0.0018094,8.8617
3.2262,2.0218,0.095634,-0.0537,-0.001808,8.8533
3.2263,2.0218,0.095634,-0.053715,-0.0018062,8.8635
3.2263,2.0218,0.095634,-0.053728,-0.001804,8.8629
3.2264,2.0218,0.095634,-0.053744,-0.0018013,8.8568
3.2264,2.0218,0.095634,-0.053764,-0.0017981,8.8626
3.2265,2.0218,0.095634,-0.053776,-0.0017944,8.8743
3.2265,2.0218,0.095634,-0.053772,-0.0017903,8.8667
3.2266,2.0218,0.095634,-0.053767,-0.0017856,8.8677
3.2266,2.0218,0.095634,-0.053766,-0.0017804,8.8804
3.2267,2.0218,0.095634,-0.053768,-0.0017748,8.8704
3.2267,2.0218,0.095634,-0.053762,-0.0017687,8.8648
3.2268,2.0218,0.095633,-0.053753,-0.0017622,8.87
3.2268,2.0218,0.095633,-0.053743,-0.0017552,8.86
3.2269,2.0218,0.095633,-0.053734,-0.0017478,8.8466
3.2269,2.0218,0.095633,-0.053729,-0.0017399,8.8503
3.227,2.0218,0.095633,-0.053729,-0.0017316,8.852
3.2271,2.0218,0.095633,-0.053724,-0.001723,8.8434
3.2271,2.0218,0.095633,-0.053729,-0.001714,8.8432
3.2272,2.0218,0.095633,-0.053736,-0.0017047,8.8505
3.2272,2.0218,0.095633,-0.053745,-0.0016952,8.834
3.2273,2.0218,0.095633,-0.053754,-0.0016855,8.834
3.2273,2.0218,0.095633,-0.05376,-0.0016756,8.8408
3.2274,2.0218,0.095632,-0.053763,-0.0016656,8.8288
3.2274,2.0218,0.095632,-0.05376,-0.0016555,8.8312
3.2275,2.0217,0.095632,-0.053747,-0.0016452,8.8438
3.2275,2.0217,0.095632,-0.053745,-0.001635,8.8462
3.2276,2.0217,0.095632,-0.053746,-0.0016217,8.846
3.2276,2.0217,0.095632,-0.053745,-0.0016137,8.8606
3.2277,2.0217,0.095632,-0.053738,-0.0016093,8.8595
3.2277,2.0217,0.095632,-0.053722,-0.0016069,8.8578
3.2278,2.0217,0.095632,-0.053711,-0.001605,8.8622
3.2278,2.0217,0.095632,-0.053701,-0.0016022,8.8633
3.2279,2.0217,0.095632,-0.053694,-0.0015971,8.8527
3.2279,2.0217,0.095631,-0.053718,-0.0015883,8.8553
3.228,2.0217,0.095631,-0.053768,-0.0015745,8.8667
3.2281,2.0217,0.095631,-0.053823,-0.0015641,8.8558
3.2281,2.0217,0.095631,-0.053885,-0.0015538,8.8579
3.2282,2.0217,0.095631,-0.053943,-0.0015437,8.8733
3.2282,2.0217,0.095631,-0.053998,-0.0015337,8.861
3.2283,2.0217,0.095631,-0.054032,-0.0015239,8.8627
3.2283,2.0217,0.095631,-0.054047,-0.0015144,8.8709
3.2284,2.0217,0.095631,-0.054059,-0.0015052,8.8664
3.2284,2.0217,0.095631,-0.054067,-0.0014964,8.8544
3.2285,2.0217,0.095631,-0.054062,-0.001488,8.8636
3.2285,2.0217,0.095631,-0.054064,-0.0014799,8.8595
3.2286,2.0217,0.095631,-0.054066,-0.0014719,8.8585
3.2286,2.0217,0.09563,-0.05407,-0.0014642,8.8646
3.2287,2.0217,0.09563,-0.054073,-0.0014566,8.874
3.2287,2.0217,0.09563,-0.054075,-0.0014492,8.8677
3.2288,2.0217,0.09563,-0.054076,-0.0014421,8.8692
3.2288,2.0217,0.09563,-0.054077,-0.0014353,8.8742
3.2289,2.0217,0.09563,-0.05408,-0.0014288,8.865
3.2289,2.0217,0.09563,-0.05408,-0.0014227,8.8697
3.229,2.0217,0.09563,-0.054075,-0.0014168,8.8841
3.2291,2.0217,0.09563,-0.054056,-0.001411,8.8758
3.2291,2.0217,0.09563,-0.054046,-0.0014055,8.8806
3.2292,2.0217,0.09563,-0.054036,-0.001397,8.894
3.2292,2.0217,0.09563,-0.054044,-0.0013941,8.8934
3.2293,2.0217,0.09563,-0.054062,-0.001392,8.8917
3.2293,2.0216,0.095629,-0.054079,-0.0013944,8.9022
3.2294,2.0216,0.095629,-0.054091,-0.0014034,8.9019
3.2294,2.0216,0.095629,-0.054101,-0.0014192,8.8963
3.2295,2.0216,0.095629,-0.054097,-0.001441,8.8928
3.2295,2.0216,0.095629,-0.054111,-0.0014661,8.8976
3.2296,2.0216,0.095629,-0.054113,-0.0014908,8.8867
3.2296,2.0216,0.095629,-0.054128,-0.0015224,8.883
3.2297,2.0216,0.095629,-0.054155,-0.0015473,8.8917
3.2297,2.0216,0.095629,-0.054179,-0.0015651,8.8808
3.2298,2.0216,0.095629,-0.054197,-0.0015708,8.8673
3.2298,2.0216,0.095629,-0.054206,-0.0015693,8.8766
3.2299,2.0216,0.095629,-0.054204,-0.0015682,8.8694
3.2299,2.0216,0.095629,-0.054199,-0.0015667,8.8594
3.23,2.0216,0.095628,-0.054177,-0.0015624,8.8672
3.2301,2.0216,0.095628,-0.054154,-0.0015627,8.8684
3.2301,2.0216,0.095628,-0.054134,-0.001565,8.8527
3.2302,2.0216,0.095628,-0.054121,-0.0015716,8.8629
3.2302,2.0216,0.095628,-0.054112,-0.001572,8.875
3.2303,2.0216,0.095628,-0.054099,-0.001574,8.8671
3.2303,2.0216,0.095628,-0.054096,-0.0015818,8.8717
3.2304,2.0216,0.095628,-0.0541,-0.00159,8.8759
3.2304,2.0216,0.095628,-0.054103,-0.0015978,8.8758
3.2305,2.0216,0.095628,-0.054099,-0.0016046,8.8697
3.2305,2.0216,0.095628,-0.054083,-0.0016081,8.8821
3.2306,2.0216,0.095628,-0.054066,-0.0016046,8.8784
3.2306,2.0216,0.095627,-0.054045,-0.0015937,8.8777
3.2307,2.0216,0.095627,-0.054011,-0.0015782,8.8954
3.2307,2.0216,0.095627,-0.053987,-0.0015589,8.8917
3.2308,2.0216,0.095627,-0.053972,-0.0015353,8.8818
3.2308,2.0216,0.095627,-0.053974,-0.0015163,8.8847
3.2309,2.0216,0.095627,-0.053992,-0.0015008,8.8766
3.2309,2.0216,0.095627,-0.054024,-0.0014892,8.861
3.231,2.0216,0.095627,-0.054064,-0.0014807,8.8553
3.2311,2.0216,0.095627,-0.054109,-0.0014825,8.8559
3.2311,2.0216,0.095627,-0.054137,-0.0014888,8.8386
3.2312,2.0215,0.095627,-0.054158,-0.0014958,8.8363
3.2312,2.0215,0.095627,-0.054163,-0.0014983,8.8439
3.2313,2.0215,0.095626,-0.054166,-0.0014994,8.8319
3.2313,2.0215,0.095626,-0.054163,-0.0014991,8.8273
3.2314,2.0215,0.095626,-0.054152,-0.0014973,8.8315
3.2314,2.0215,0.095626,-0.054136,-0.0014941,8.8143
3.2315,2.0215,0.095626,-0.054116,-0.0014895,8.8113
3.2315,2.0215,0.095626,-0.054084,-0.0014835,8.8245
3.2316,2.0215,0.095626,-0.054052,-0.0014763,8.8182
3.2316,2.0215,0.095626,-0.054012,-0.0014678,8.8122
3.2317,2.0215,0.095626,-0.053978,-0.0014613,8.8238
3.2317,2.0215,0.095626,-0.053945,-0.0014513,8.8313
3.2318,2.0215,0.095626,-0.053914,-0.0014315,8.8262
3.2318,2.0215,0.095626,-0.053884,-0.0014052,8.8338
3.2319,2.0215,0.095626,-0.053855,-0.0013755,8.842
3.2319,2.0215,0.095625,-0.053827,-0.0013456,8.8269
3.232,2.0215,0.095625,-0.0538,-0.0013182,8.8297
3.2321,2.0215,0.095625,-0.053775,-0.0012962,8.8349
3.2321,2.0215,0.095625,-0.053749,-0.0012821,8.8298
3.2322,2.0215,0.095625,-0.053725,-0.0012689,8.8271
3.2322,2.0215,0.095625,-0.053702,-0.0012512,8.8295
3.2323,2.0215,0.095625,-0.053681,-0.0012353,8.8342
3.2323,2.0215,0.095625,-0.053657,-0.0012161,8.8279
3.2324,2.0215,0.095625,-0.053641,-0.0011902,8.8322
3.2324,2.0215,0.095625,-0.053633,-0.0011556,8.822
3.2325,2.0215,0.095625,-0.053628,-0.0011123,8.8123
3.2325,2.0215,0.095625,-0.053619,-0.0010584,8.8113
3.2326,2.0215,0.095625,-0.053616,-0.0010018,8.8022
3.2326,2.0215,0.095625,-0.053611,-0.00095006,8.7884
3.2327,2.0215,0.095625,-0.053617,-0.00091018,8.7915
3.2327,2.0215,0.095625,-0.053627,-0.00087936,8.8015
3.2328,2.0215,0.095625,-0.053652,-0.00085646,8.7898
3.2328,2.0215,0.095625,-0.053671,-0.00083882,8.787
3.2329,2.0215,0.095624,-0.053688,-0.00082243,8.7995
3.2329,2.0215,0.095624,-0.053696,-0.00080502,8.7878
3.233,2.0215,0.095624,-0.053696,-0.00078443,8.7858
3.2331,2.0214,0.095624,-0.053679,-0.00075398,8.7958
3.2331,2.0214,0.095624,-0.053666,-0.00071699,8.7996
3.2332,2.0214,0.095624,-0.05366,-0.00067669,8.792
3.2332,2.0214,0.095624,-0.053663,-0.00063622,8.8068
3.2333,2.0214,0.095624,-0.053671,-0.00059856,8.8187
3.2333,2.0214,0.095624,-0.053703,-0.00056659,8.8102
3.2334,2.0214,0.095624,-0.053735,-0.00054307,8.8201
3.2334,2.0214,0.095624,-0.053759,-0.00052098,8.8274
3.2335,2.0214,0.095624,-0.053777,-0.00049523,8.8198
3.2335,2.0214,0.095624,-0.053783,-0.00046909,8.817
3.2336,2.0214,0.095624,-0.053783,-0.00044259,8.8259
3.2336,2.0214,0.095624,-0.053782,-0.00041573,8.82
3.2337,2.0214,0.095624,-0.053793,-0.0004054,8.8124
3.2337,2.0214,0.095624,-0.053806,-0.0003825,8.8273
3.2338,2.0214,0.095624,-0.053818,-0.00031063,8.8212
3.2338,2.0214,0.095624,-0.053832,-0.0002085,8.8121
3.2339,2.0214,0.095624,-0.05385,-9.3976e-05,8.8178
3.2339,2.0214,0.095624,-0.053847,1.5951e-05,8.8094
3.234,2.0214,0.095624,-0.05384,0.00010516,8.8046
3.2341,2.0214,0.095624,-0.053829,0.00015538,8.8022
3.2341,2.0214,0.095624,-0.05383,0.00016058,8.8026
3.2342,2.0214,0.095624,-0.053838,0.00015877,8.796
3.2342,2.0214,0.095624,-0.053861,0.00017719,8.7972
3.2343,2.0214,0.095624,-0.053879,0.00019654,8.8076
3.2343,2.0214,0.095624,-0.053898,0.00021536,8.7988
3.2344,2.0214,0.095624,-0.053907,0.00023226,8.807
3.2344,2.0214,0.095624,-0.053924,0.00024585,8.8199
3.2345,2.0214,0.095624,-0.053942,0.00025178,8.8115
3.2345,2.0214,0.095624,-0.053967,0.00026372,8.8107
3.2346,2.0214,0.095624,-0.053998,0.00028203,8.8222
3.2346,2.0214,0.095624,-0.054033,0.00030865,8.8313
3.2347,2.0214,0.095624,-0.054049,0.00034398,8.8227
3.2347,2.0214,0.095624,-0.05406,0.00038683,8.838
3.2348,2.0214,0.095624,-0.054058,0.00043461,8.8403
3.2348,2.0214,0.095624,-0.054055,0.00048635,8.8428
3.2349,2.0213,0.095624,-0.054044,0.0005284,8.8487
3.2349,2.0213,0.095624,-0.05402,0.00056562,8.8552
3.235,2.0213,0.095624,-0.053991,0.00059956,8.8449
3.2351,2.0213,0.095624,-0.053969,0.0006318,8.8404
3.2351,2.0213,0.095624,-0.053952,0.00066383,8.8482
3.2352,2.0213,0.095624,-0.053955,0.00069711,8.8389
3.2352,2.0213,0.095624,-0.05396,0.00073306,8.8305
3.2353,2.0213,0.095624,-0.053967,0.00077604,8.8371
3.2353,2.0213,0.095624,-0.053967,0.00080934,8.8353
3.2354,2.0213,0.095625,-0.05395,0.00084098,8.8251
3.2354,2.0213,0.095625,-0.05392,0.00086732,8.8292
3.2355,2.0213,0.095625,-0.053876,0.00088331,8.823
3.2355,2.0213,0.095625,-0.053835,0.00089677,8.8128
3.2356,2.0213,0.095625,-0.05381,0.00090699,8.8152
3.2356,2.0213,0.095625,-0.053796,0.00091473,8.8213
3.2357,2.0213,0.095625,-0.053791,0.00092225,8.8061
3.2357,2.0213,0.095625,-0.053801,0.00092057,8.8116
3.2358,2.0213,0.095625,-0.053819,0.00092511,8.8214
3.2358,2.0213,0.095625,-0.053839,0.00092977,8.8158
3.2359,2.0213,0.095625,-0.053851,0.00092881,8.8168
3.2359,2.0213,0.095625,-0.053864,0.00093758,8.8307
3.236,2.0213,0.095625,-0.05388,0.0009467,8.8253
3.2361,2.0213,0.095625,-0.053909,0.0009614,8.8272
3.2361,2.0213,0.095625,-0.053937,0.000977,8.8349
3.2362,2.0213,0.095625,-0.053951,0.00098895,8.8363
3.2362,2.0213,0.095625,-0.053951,0.0010026,8.8277
3.2363,2.0213,0.095625,-0.053949,0.0010117,8.8402
3.2363,2.0213,0.095625,-0.053932,0.0010135,8.8414
3.2364,2.0213,0.095625,-0.053916,0.001015,8.8367
3.2364,2.0213,0.095626,-0.053896,0.0010117,8.8367
3.2365,2.0213,0.095626,-0.053885,0.0010086,8.8406
3.2365,2.0213,0.095626,-0.053876,0.0010109,8.8157
3.2366,2.0213,0.095626,-0.053856,0.0010167,8.8127
3.2366,2.0213,0.095626,-0.053841,0.0010243,8.8076
3.2367,2.0213,0.095626,-0.053837,0.001032,8.7905
3.2367,2.0212,0.095626,-0.053828,0.0010385,8.7778
3.2368,2.0212,0.095626,-0.053816,0.0010422,8.7878
3.2368,2.0212,0.095626,-0.053789,0.0010417,8.778
3.2369,2.0212,0.095626,-0.053748,0.0010358,8.7711
3.2369,2.0212,0.095626,-0.053711,0.0010329,8.7779
3.237,2.0212,0.095626,-0.053678,0.0010296,8.7707
3.2371,2.0212,0.095626,-0.053645,0.0010261,8.7635
3.2371,2.0212,0.095626,-0.05361,0.0010223,8.7686
3.2372,2.0212,0.095626,-0.053572,0.0010181,8.7707
3.2372,2.0212,0.095626,-0.05353,0.0010104,8.7615
3.2373,2.0212,0.095626,-0.053479,0.0010077,8.7697
3.2373,2.0212,0.095626,-0.053432,0.0010081,8.7861
3.2374,2.0212,0.095627,-0.053402,0.0010102,8.7821
3.2374,2.0212,0.095627,-0.053383,0.0010122,8.7906
3.2375,2.0212,0.095627,-0.053361,0.0010128,8.803
3.2375,2.0212,0.095627,-0.053343,0.0010073,8.801
3.2376,2.0212,0.095627,-0.053328,0.0010027,8.8007
3.2376,2.0212,0.095627,-0.053318,0.00099672,8.8056
3.2377,2.0212,0.095627,-0.053306,0.00099641,8.8063
3.2377,2.0212,0.095627,-0.053302,0.00099728,8.7947
3.2378,2.0212,0.095627,-0.053296,0.00099788,8.8055
3.2378,2.0212,0.095627,-0.053285,0.00099665,8.8138
3.2379,2.0212,0.095627,-0.053268,0.00099183,8.8045
3.2379,2.0212,0.095627,-0.053248,0.00098153,8.8144
3.238,2.0212,0.095627,-0.053226,0.00097385,8.8237
3.2381,2.0212,0.095627,-0.053206,0.00096566,8.8046
3.2381,2.0212,0.095627,-0.053184,0.00095689,8.8065
3.2382,2.0212,0.095627,-0.053161,0.00094761,8.8038
3.2382,2.0212,0.095627,-0.053134,0.00093793,8.7891
3.2383,2.0212,0.095627,-0.053112,0.00092803,8.7794
3.2383,2.0212,0.095627,-0.053101,0.00091801,8.7927
3.2384,2.0212,0.095627,-0.053105,0.00090789,8.7921
3.2384,2.0212,0.095628,-0.053129,0.00089766,8.7844
3.2385,2.0212,0.095628,-0.053157,0.00088719,8.7944
3.2385,2.0212,0.095628,-0.053186,0.00087636,8.7959
3.2386,2.0212,0.095628,-0.053213,0.00086506,8.7931
3.2386,2.0211,0.095628,-0.053232,0.00085325,8.8011
3.2387,2.0211,0.095628,-0.053253,0.00084089,8.8033
3.2387,2.0211,0.095628,-0.053278,0.00082803,8.796
3.2388,2.0211,0.095628,-0.053307,0.00081162,8.7998
3.2388,2.0211,0.095628,-0.05334,0.00079996,8.8113
3.2389,2.0211,0.095628,-0.05337,0.00079122,8.812
3.2389,2.0211,0.095628,-0.053403,0.00078366,8.8194
3.239,2.0211,0.095628,-0.053448,0.00077566,8.8401
3.2391,2.0211,0.095628,-0.053487,0.00076573,8.8309
3.2391,2.0211,0.095628,-0.053528,0.00074925,8.8281
3.2392,2.0211,0.095628,-0.053554,0.00073339,8.8378
3.2392,2.0211,0.095628,-0.053568,0.00071242,8.8396
3.2393,2.0211,0.095628,-0.05358,0.00069862,8.8269
3.2393,2.0211,0.095628,-0.053592,0.00069125,8.8354
3.2394,2.0211,0.095628,-0.0536,0.00069136,8.8382
3.2394,2.0211,0.095628,-0.05362,0.00069857,8.8313
3.2395,2.0211,0.095628,-0.053626,0.00071098,8.8355
3.2395,2.0211,0.095628,-0.053643,0.00072502,8.8409
3.2396,2.0211,0.095628,-0.053646,0.00074871,8.8294
3.2396,2.0211,0.095628,-0.053634,0.00076854,8.8277
3.2397,2.0211,0.095629,-0.053621,0.00078356,8.8282
3.2397,2.0211,0.095629,-0.053607,0.00078791,8.8173
3.2398,2.0211,0.095629,-0.053594,0.00078551,8.8099
3.2398,2.0211,0.095629,-0.053593,0.00078372,8.8224
3.2399,2.0211,0.095629,-0.053593,0.00078177,8.815
3.2399,2.0211,0.095629,-0.053614,0.00077713,8.8111
3.24,2.0211,0.095629,-0.053629,0.00077736,8.8241
3.2401,2.0211,0.095629,-0.053635,0.00078033,8.8327
3.2401,2.0211,0.095629,-0.053633,0.00078873,8.8211
3.2402,2.0211,0.095629,-0.053624,0.00079208,8.8332
3.2402,2.0211,0.095629,-0.053621,0.00079796,8.8327
3.2403,2.0211,0.095629,-0.053612,0.00081106,8.8251
3.2403,2.0211,0.095629,-0.053601,0.0008261,8.8334
3.2404,2.0211,0.095629,-0.053598,0.00084232,8.8444
3.2404,2.0211,0.095629,-0.053594,0.00085899,8.8433
3.2405,2.021,0.095629,-0.053602,0.00087368,8.8481
3.2405,2.021,0.095629,-0.053613,0.00088223,8.863
3.2406,2.021,0.095629,-0.053627,0.0008836,8.8623
3.2406,2.021,0.095629,-0.053655,0.00088001,8.8569
3.2407,2.021,0.095629,-0.053678,0.00087221,8.8649
3.2407,2.021,0.095629,-0.05369,0.00085924,8.8603
3.2408,2.021,0.095629,-0.053681,0.00085018,8.8504
3.2408,2.021,0.095629,-0.053655,0.00084445,8.8553
3.2409,2.021,0.09563,-0.053608,0.00084306,8.8554
3.2409,2.021,0.09563,-0.053546,0.00084552,8.8464
3.241,2.021,0.09563,-0.053475,0.00085986,8.857
3.2411,2.021,0.09563,-0.053416,0.00088117,8.8563
3.2411,2.021,0.09563,-0.053361,0.0009059,8.8484
3.2412,2.021,0.09563,-0.053316,0.00092869,8.851
3.2412,2.021,0.09563,-0.053268,0.00095249,8.8534
3.2413,2.021,0.09563,-0.053228,0.00097713,8.8414
3.2413,2.021,0.09563,-0.053194,0.0010026,8.8415
3.2414,2.021,0.09563,-0.053169,0.0010288,8.848
3.2414,2.021,0.09563,-0.053149,0.0010557,8.8423
3.2415,2.021,0.09563,-0.053143,0.0010696,8.844
3.2415,2.021,0.09563,-0.053136,0.0011082,8.8546
3.2416,2.021,0.09563,-0.053133,0.0011637,8.8588
3.2416,2.021,0.09563,-0.053126,0.0012317,8.8508
3.2417,2.021,0.09563,-0.053121,0.0013,8.8639
3.2417,2.021,0.09563,-0.053121,0.0013545,8.8644
3.2418,2.021,0.09563,-0.053125,0.0013915,8.8565
3.2418,2.021,0.095631,-0.053131,0.0014073,8.8655
3.2419,2.021,0.095631,-0.053141,0.0013992,8.872
3.2419,2.021,0.095631,-0.05315,0.0014084,8.8603
3.242,2.021,0.095631,-0.053159,0.0014234,8.863
3.2421,2.021,0.095631,-0.053169,0.0014476,8.8782
3.2421,2.021,0.095631,-0.053183,0.0014745,8.871
3.2422,2.021,0.095631,-0.053192,0.0014987,8.8653
3.2422,2.021,0.095631,-0.053202,0.0015264,8.8676
3.2423,2.021,0.095631,-0.053211,0.0015524,8.8629
3.2423,2.021,0.095631,-0.053211,0.0015727,8.8477
3.2424,2.0209,0.095631,-0.053204,0.0015849,8.8468
3.2424,2.0209,0.095631,-0.053198,0.0015877,8.8499
3.2425,2.0209,0.095631,-0.053197,0.0015782,8.841
3.2425,2.0209,0.095632,-0.053194,0.0015636,8.8464
3.2426,2.0209,0.095632,-0.053187,0.0015511,8.85
3.2426,2.0209,0.095632,-0.053167,0.0015487,8.8436
3.2427,2.0209,0.095632,-0.053133,0.0015543,8.8434
3.2427,2.0209,0.095632,-0.05308,0.0015677,8.8455
3.2428,2.0209,0.095632,-0.053035,0.001587,8.8346
3.2428,2.0209,0.095632,-0.053001,0.0016087,8.8285
3.2429,2.0209,0.095632,-0.05298,0.0016309,8.8453
3.2429,2.0209,0.095632,-0.052972,0.0016514,8.8397
3.243,2.0209,0.095632,-0.052984,0.0016631,8.8401
3.2431,2.0209,0.095632,-0.05299,0.0016686,8.8528
3.2431,2.0209,0.095632,-0.052981,0.0016705,8.855
3.2432,2.0209,0.095633,-0.052963,0.0016717,8.8505
3.2432,2.0209,0.095633,-0.052938,0.0016751,8.8621
3.2433,2.0209,0.095633,-0.05289,0.001684,8.8626
3.2433,2.0209,0.095633,-0.052835,0.0017019,8.8509
3.2434,2.0209,0.095633,-0.052785,0.0017223,8.8577
3.2434,2.0209,0.095633,-0.052738,0.0017402,8.8623
3.2435,2.0209,0.095633,-0.052703,0.0017587,8.8524
3.2435,2.0209,0.095633,-0.052676,0.001778,8.8533
3.2436,2.0209,0.095633,-0.052658,0.0017981,8.8578
3.2436,2.0209,0.095633,-0.05263,0.0018367,8.8555
3.2437,2.0209,0.095634,-0.052601,0.0018651,8.8509
3.2437,2.0209,0.095634,-0.052575,0.0018436,8.8529
3.2438,2.0209,0.095634,-0.052549,0.0017866,8.8465
3.2438,2.0209,0.095634,-0.052514,0.0017093,8.8356
3.2439,2.0209,0.095634,-0.052498,0.0016139,8.8351
3.2439,2.0209,0.095634,-0.052483,0.0015551,8.8348
3.244,2.0209,0.095634,-0.052467,0.001546,8.8216
3.2441,2.0209,0.095634,-0.052438,0.0015894,8.8256
3.2441,2.0209,0.095634,-0.052403,0.0016431,8.8315
3.2442,2.0209,0.095634,-0.052363,0.0016724,8.8257
3.2442,2.0209,0.095634,-0.052336,0.0016894,8.8344
3.2443,2.0208,0.095634,-0.052313,0.0016895,8.8423
3.2443,2.0208,0.095635,-0.052302,0.0016684,8.8373
3.2444,2.0208,0.095635,-0.052283,0.0016662,8.8345
3.2444,2.0208,0.095635,-0.052264,0.001673,8.8388
3.2445,2.0208,0.095635,-0.052243,0.0016753,8.8369
3.2445,2.0208,0.095635,-0.052224,0.0016721,8.8368
3.2446,2.0208,0.095635,-0.052204,0.0016609,8.8461
3.2446,2.0208,0.095635,-0.052194,0.0016404,8.8507
3.2447,2.0208,0.095635,-0.052185,0.0016108,8.8466
3.2447,2.0208,0.095635,-0.052176,0.0015739,8.854
3.2448,2.0208,0.095635,-0.052162,0.0015162,8.852
3.2448,2.0208,0.095635,-0.052149,0.0014891,8.8431
3.2449,2.0208,0.095635,-0.052145,0.0014805,8.8472
3.2449,2.0208,0.095636,-0.052145,0.0014817,8.8563
3.245,2.0208,0.095636,-0.052125,0.0014841,8.8478
3.2451,2.0208,0.095636,-0.0521,0.0014793,8.8473
3.2451,2.0208,0.095636,-0.052055,0.0014594,8.8573
3.2452,2.0208,0.095636,-0.052013,0.0014164,8.8511
3.2452,2.0208,0.095636,-0.051977,0.0013398,8.8512
3.2453,2.0208,0.095636,-0.051946,0.0012844,8.8546
3.2453,2.0208,0.095636,-0.051933,0.0012281,8.8466
3.2454,2.0208,0.095636,-0.051934,0.0011748,8.8387
3.2454,2.0208,0.095636,-0.05195,0.0011302,8.849
3.2455,2.0208,0.095636,-0.05198,0.0010733,8.8463
3.2455,2.0208,0.095636,-0.051998,0.0010289,8.8426
3.2456,2.0208,0.095636,-0.052019,0.0010292,8.8595
3.2456,2.0208,0.095636,-0.052026,0.0010515,8.8663
3.2457,2.0208,0.095636,-0.052006,0.0010701,8.8643
3.2457,2.0208,0.095637,-0.051965,0.0011,8.8709
3.2458,2.0208,0.095637,-0.051914,0.0011072,8.8822
3.2458,2.0208,0.095637,-0.051863,0.0011064,8.8724
3.2459,2.0208,0.095637,-0.051799,0.0010977,8.8687
3.2459,2.0208,0.095637,-0.051728,0.0011049,8.8788
3.246,2.0208,0.095637,-0.051652,0.0011291,8.8692
3.2461,2.0208,0.095637,-0.051575,0.0011342,8.8728
3.2461,2.0208,0.095637,-0.051513,0.0011022,8.8826
3.2462,2.0208,0.095637,-0.05146,0.001058,8.8833
3.2462,2.0207,0.095637,-0.051412,0.00095924,8.8802
3.2463,2.0207,0.095637,-0.051375,0.00088259,8.889
3.2463,2.0207,0.095637,-0.051326,0.00082335,8.8862
3.2464,2.0207,0.095637,-0.051278,0.00080196,8.8792
3.2464,2.0207,0.095637,-0.05122,0.0007984,8.8769
3.2465,2.0207,0.095637,-0.051151,0.00079308,8.8835
3.2465,2.0207,0.095637,-0.051095,0.00075988,8.8707
3.2466,2.0207,0.095637,-0.051031,0.00071115,8.8746
3.2466,2.0207,0.095637,-0.05096,0.00066609,8.8792
3.2467,2.0207,0.095637,-0.050899,0.00064301,8.8775
3.2467,2.0207,0.095637,-0.05084,0.00059477,8.874
3.2468,2.0207,0.095637,-0.050797,0.00057125,8.8828
3.2468,2.0207,0.095637,-0.050767,0.00056244,8.8691
3.2469,2.0207,0.095638,-0.05073,0.00055612,8.859
3.2469,2.0207,0.095638,-0.050696,0.00055888,8.866
3.247,2.0207,0.095638,-0.050654,0.00056017,8.8747
3.2471,2.0207,0.095638,-0.050611,0.00057969,8.8592
3.2471,2.0207,0.095638,-0.05057,0.0005925,8.8656
3.2472,2.0207,0.095638,-0.050533,0.00058544,8.8723
3.2472,2.0207,0.095638,-0.050509,0.00057152,8.8733
3.2473,2.0207,0.095638,-0.050485,0.00055843,8.8766
3.2473,2.0207,0.095638,-0.050452,0.00055363,8.8834
3.2474,2.0207,0.095638,-0.050415,0.00056428,8.8716
3.2474,2.0207,0.095638,-0.050376,0.00055378,8.8708
3.2475,2.0207,0.095638,-0.05034,0.0005384,8.8702
3.2475,2.0207,0.095638,-0.050313,0.00051987,8.8651
3.2476,2.0207,0.095638,-0.050301,0.00049996,8.8534
3.2476,2.0207,0.095638,-0.050303,0.00047033,8.8597
3.2477,2.0207,0.095638,-0.050303,0.00043403,8.8509
3.2477,2.0207,0.095638,-0.050307,0.00039106,8.8434
3.2478,2.0207,0.095638,-0.050304,0.0003415,8.8472
3.2478,2.0207,0.095638,-0.050279,0.00028552,8.8377
3.2479,2.0207,0.095638,-0.050242,0.00022333,8.8239
3.2479,2.0207,0.095638,-0.050198,0.00015516,8.8221
3.248,2.0207,0.095638,-0.050157,9.8079e-05,8.8218
3.2481,2.0207,0.095638,-0.050122,2.0018e-05,8.8064
3.2481,2.0207,0.095638,-0.050098,-0.0001071,8.805
3.2482,2.0206,0.095638,-0.050095,-0.00026628,8.811
3.2482,2.0206,0.095638,-0.050096,-0.00042445,8.8033
3.2483,2.0206,0.095638,-0.050083,-0.00061228,8.8005
3.2483,2.0206,0.095638,-0.050061,-0.0007917,8.8031
3.2484,2.0206,0.095638,-0.050018,-0.00096356,8.7994
3.2484,2.0206,0.095638,-0.049964,-0.001122,8.7966
3.2485,2.0206,0.095638,-0.049905,-0.001322,8.7996
3.2485,2.0206,0.095638,-0.049841,-0.0015396,8.7954
3.2486,2.0206,0.095638,-0.049784,-0.0017552,8.7888
3.2486,2.0206,0.095637,-0.049726,-0.0019572,8.8032
3.2487,2.0206,0.095637,-0.049662,-0.0021956,8.8121
3.2487,2.0206,0.095637,-0.049595,-0.0023946,8.805
3.2488,2.0206,0.095637,-0.049518,-0.0026054,8.8106
3.2488,2.0206,0.095637,-0.049451,-0.0028165,8.8206
3.2489,2.0206,0.095637,-0.049392,-0.0030232,8.8155
3.2489,2.0206,0.095637,-0.049338,-0.0031843,8.8085
3.249,2.0206,0.095636,-0.049289,-0.0033177,8.8064
3.2491,2.0206,0.095636,-0.049235,-0.0034334,8.8018
3.2491,2.0206,0.095636,-0.049172,-0.0035472,8.7941
3.2492,2.0206,0.095636,-0.049097,-0.003637,8.806
3.2492,2.0206,0.095636,-0.049016,-0.003749,8.8016
3.2493,2.0206,0.095635,-0.048936,-0.0038656,8.7925
3.2493,2.0206,0.095635,-0.048861,-0.0039727,8.8036
3.2494,2.0206,0.095635,-0.048795,-0.0041079,8.7962
3.2494,2.0206,0.095635,-0.048735,-0.0042632,8.7859
3.2495,2.0206,0.095635,-0.048675,-0.004431,8.7862
3.2495,2.0206,0.095634,-0.048614,-0.0046039,8.7941
3.2496,2.0206,0.095634,-0.04855,-0.0047582,8.7759
3.2496,2.0206,0.095634,-0.048487,-0.0049332,8.776
3.2497,2.0206,0.095634,-0.048427,-0.0050994,8.7936
3.2497,2.0206,0.095633,-0.048367,-0.0052795,8.7888
3.2498,2.0206,0.095633,-0.048304,-0.0054951,8.7911
3.2498,2.0206,0.095633,-0.048239,-0.005702,8.8053
3.2499,2.0206,0.095632,-0.048161,-0.0059227,8.804
3.2499,2.0206,0.095632,-0.048086,-0.0061353,8.8035
3.25,2.0206,0.095632,-0.04802,-0.0063188,8.8155
3.2501,2.0206,0.095631,-0.047961,-0.0065067,8.8134
3.2501,2.0206,0.095631,-0.047906,-0.0066688,8.8079
3.2502,2.0206,0.095631,-0.047855,-0.0068366,8.8172
3.2502,2.0205,0.09563,-0.047802,-0.0069894,8.8286
3.2503,2.0205,0.09563,-0.047743,-0.0071076,8.8253
3.2503,2.0205,0.09563,-0.047673,-0.0072666,8.824
3.2504,2.0205,0.095629,-0.047604,-0.0074439,8.8358
3.2504,2.0205,0.095629,-0.047537,-0.0076318,8.8264
3.2505,2.0205,0.095628,-0.047467,-0.0078229,8.8218
3.2505,2.0205,0.095628,-0.047396,-0.0080103,8.8253
3.2506,2.0205,0.095628,-0.047332,-0.0081873,8.8205
3.2506,2.0205,0.095627,-0.047271,-0.0083481,8.8099
3.2507,2.0205,0.095627,-0.047223,-0.0084868,8.8173
3.2507,2.0205,0.095626,-0.047178,-0.0086417,8.8152
3.2508,2.0205,0.095626,-0.047137,-0.0087982,8.8105
3.2508,2.0205,0.095625,-0.047096,-0.0089564,8.8156
3.2509,2.0205,0.095625,-0.047055,-0.0091162,8.8087
3.2509,2.0205,0.095624,-0.04701,-0.0092776,8.7955
3.251,2.0205,0.095624,-0.046963,-0.0094406,8.8045
3.2511,2.0205,0.095623,-0.04691,-0.0096049,8.809
3.2511,2.0205,0.095623,-0.04686,-0.0097705,8.7935
3.2512,2.0205,0.095622,-0.046807,-0.0099372,8.7901
3.2512,2.0205,0.095622,-0.046753,-0.010105,8.8106
3.2513,2.0205,0.095621,-0.046699,-0.010273,8.806
3.2513,2.0205,0.095621,-0.046642,-0.010442,8.8022
3.2514,2.0205,0.09562,-0.046591,-0.010612,8.8176
3.2514,2.0205,0.095619,-0.046543,-0.010768,8.8143
3.2515,2.0205,0.095619,-0.046498,-0.010948,8.8109
3.2515,2.0205,0.095618,-0.046461,-0.011147,8.8235
3.2516,2.0205,0.095618,-0.046426,-0.011358,8.8185
3.2516,2.0205,0.095617,-0.046391,-0.011575,8.8102
3.2517,2.0205,0.095616,-0.046352,-0.01179,8.8174
3.2517,2.0205,0.095616,-0.046306,-0.011998,8.8242
3.2518,2.0205,0.095615,-0.046264,-0.012189,8.8152
3.2518,2.0205,0.095615,-0.046218,-0.012357,8.8224
3.2519,2.0205,0.095614,-0.046176,-0.012538,8.8283
3.2519,2.0205,0.095613,-0.046135,-0.012719,8.8197
3.252,2.0205,0.095613,-0.046096,-0.0129,8.815
3.2521,2.0205,0.095612,-0.046055,-0.01308,8.8241
3.2521,2.0205,0.095611,-0.046019,-0.01326,8.8155
3.2522,2.0205,0.09561,-0.045984,-0.013436,8.8031
3.2522,2.0205,0.09561,-0.045957,-0.013613,8.8117
3.2523,2.0205,0.095609,-0.045934,-0.013796,8.8125
3.2523,2.0204,0.095608,-0.045914,-0.013985,8.805
3.2524,2.0204,0.095608,-0.045892,-0.014181,8.8162
3.2524,2.0204,0.095607,-0.045871,-0.014382,8.81
3.2525,2.0204,0.095606,-0.045849,-0.01459,8.8
3.2525,2.0204,0.095605,-0.045835,-0.014794,8.8096
3.2526,2.0204,0.095604,-0.045825,-0.014983,8.8152
3.2526,2.0204,0.095604,-0.045826,-0.015162,8.8106
3.2527,2.0204,0.095603,-0.045835,-0.015336,8.8129
3.2527,2.0204,0.095602,-0.045847,-0.01551,8.8251
3.2528,2.0204,0.095601,-0.045854,-0.015681,8.8205
3.2528,2.0204,0.0956,-0.04586,-0.01585,8.8226
3.2529,2.0204,0.0956,-0.045863,-0.016017,8.8436
3.2529,2.0204,0.095599,-0.045865,-0.016174,8.8374
3.253,2.0204,0.095598,-0.045869,-0.016314,8.8289
3.2531,2.0204,0.095597,-0.045881,-0.016451,8.8307
3.2531,2.0204,0.095596,-0.045899,-0.016588,8.8226
3.2532,2.0204,0.095595,-0.04592,-0.016727,8.804
3.2532,2.0204,0.095594,-0.045942,-0.016865,8.8098
3.2533,2.0204,0.095593,-0.04597,-0.016998,8.8074
3.2533,2.0204,0.095593,-0.046001,-0.017126,8.7997
3.2534,2.0204,0.095592,-0.046035,-0.017248,8.8011
3.2534,2.0204,0.095591,-0.04607,-0.017362,8.8054
3.2535,2.0204,0.09559,-0.046106,-0.017477,8.7909
3.2535,2.0204,0.095589,-0.046133,-0.017589,8.785
3.2536,2.0204,0.095588,-0.046158,-0.017695,8.7866
3.2536,2.0204,0.095587,-0.046183,-0.017804,8.7722
3.2537,2.0204,0.095586,-0.046207,-0.017914,8.7683
3.2537,2.0204,0.095585,-0.04624,-0.018021,8.7708
3.2538,2.0204,0.095584,-0.046277,-0.018126,8.7669
3.2538,2.0204,0.095583,-0.046316,-0.018222,8.7585
3.2539,2.0204,0.095582,-0.04636,-0.018338,8.7639
3.2539,2.0204,0.095581,-0.046405,-0.01847,8.77
3.254,2.0204,0.09558,-0.046454,-0.018609,8.7587
3.2541,2.0204,0.095579,-0.046503,-0.018758,8.7672
3.2541,2.0204,0.095578,-0.04655,-0.018903,8.7704
3.2542,2.0204,0.095577,-0.046599,-0.019035,8.7646
3.2542,2.0204,0.095576,-0.046648,-0.019149,8.767
3.2543,2.0204,0.095575,-0.046694,-0.01924,8.7767
3.2543,2.0204,0.095574,-0.04675,-0.01934,8.7764
3.2544,2.0204,0.095573,-0.046805,-0.019429,8.7766
3.2544,2.0204,0.095572,-0.046851,-0.019509,8.7927
3.2545,2.0204,0.095571,-0.046881,-0.019582,8.7872
3.2545,2.0203,0.09557,-0.046898,-0.019652,8.7866
3.2546,2.0203,0.095569,-0.046916,-0.019713,8.7981
3.2546,2.0203,0.095568,-0.046929,-0.01977,8.7925
3.2547,2.0203,0.095567,-0.046952,-0.019817,8.7823
3.2547,2.0203,0.095566,-0.046979,-0.019846,8.7936
3.2548,2.0203,0.095565,-0.04701,-0.019889,8.7922
3.2548,2.0203,0.095564,-0.047041,-0.019946,8.7785
3.2549,2.0203,0.095563,-0.047071,-0.020015,8.7854
3.2549,2.0203,0.095562,-0.047114,-0.020093,8.7952
3.255,2.0203,0.095561,-0.047163,-0.02016,8.7828
3.2551,2.0203,0.09556,-0.047214,-0.020215,8.7796
3.2551,2.0203,0.095559,-0.047263,-0.020242,8.7879
3.2552,2.0203,0.095557,-0.047301,-0.020239,8.7812
3.2552,2.0203,0.095556,-0.047342,-0.020244,8.7695
3.2553,2.0203,0.095555,-0.047384,-0.020246,8.7712
3.2553,2.0203,0.095554,-0.047424,-0.020246,8.7716
3.2554,2.0203,0.095553,-0.047465,-0.020247,8.7717
3.2554,2.0203,0.095552,-0.047491,-0.02022,8.7818
3.2555,2.0203,0.095551,-0.047512,-0.020191,8.784
3.2555,2.0203,0.09555,-0.047516,-0.020198,8.7754
3.2556,2.0203,0.095549,-0.047515,-0.020227,8.7892
3.2556,2.0203,0.095548,-0.047521,-0.020243,8.796
3.2557,2.0203,0.095547,-0.047534,-0.02028,8.7912
3.2557,2.0203,0.095546,-0.047549,-0.020299,8.7897
3.2558,2.0203,0.095545,-0.047563,-0.020307,8.8045
3.2558,2.0203,0.095544,-0.047587,-0.020312,8.8066
3.2559,2.0203,0.095543,-0.047613,-0.020332,8.8124
3.2559,2.0203,0.095541,-0.047637,-0.020381,8.8219
3.256,2.0203,0.09554,-0.047662,-0.02041,8.8192
3.2561,2.0203,0.095539,-0.047684,-0.020398,8.823
3.2561,2.0203,0.095538,-0.047705,-0.020367,8.829
3.2562,2.0203,0.095537,-0.047719,-0.020268,8.8237
3.2562,2.0203,0.095536,-0.047728,-0.020175,8.8187
3.2563,2.0203,0.095535,-0.047743,-0.020095,8.8234
3.2563,2.0203,0.095534,-0.047758,-0.020048,8.824
3.2564,2.0203,0.095533,-0.047774,-0.020026,8.8157
3.2564,2.0203,0.095532,-0.047795,-0.020008,8.8157
3.2565,2.0203,0.095531,-0.047815,-0.019971,8.8249
3.2565,2.0203,0.09553,-0.047836,-0.019915,8.8192
3.2566,2.0203,0.095529,-0.047856,-0.019861,8.8175
3.2566,2.0202,0.095528,-0.047874,-0.019827,8.826
3.2567,2.0202,0.095527,-0.047892,-0.019766,8.8174
3.2567,2.0202,0.095526,-0.047911,-0.019724,8.8119
3.2568,2.0202,0.095525,-0.04793,-0.019692,8.823
3.2568,2.0202,0.095524,-0.04795,-0.019667,8.8219
3.2569,2.0202,0.095523,-0.04797,-0.019654,8.813
3.2569,2.0202,0.095522,-0.047988,-0.019643,8.8269
3.257,2.0202,0.09552,-0.048003,-0.019656,8.8322
3.2571,2.0202,0.095519,-0.048019,-0.019667,8.8232
3.2571,2.0202,0.095518,-0.048035,-0.019661,8.8361
3.2572,2.0202,0.095517,-0.04805,-0.019657,8.8351
3.2572,2.0202,0.095516,-0.048066,-0.019664,8.8251
3.2573,2.0202,0.095515,-0.048081,-0.019687,8.8326
3.2573,2.0202,0.095514,-0.048097,-0.019735,8.833
3.2574,2.0202,0.095513,-0.048112,-0.019771,8.8297
3.2574,2.0202,0.095512,-0.04812,-0.019808,8.8333
3.2575,2.0202,0.095511,-0.04812,-0.019847,8.8523
3.2575,2.0202,0.09551,-0.048107,-0.019887,8.8448
3.2576,2.0202,0.095509,-0.048084,-0.019928,8.8453
3.2576,2.0202,0.095508,-0.048053,-0.019971,8.8544
3.2577,2.0202,0.095507,-0.048029,-0.020015,8.8479
3.2577,2.0202,0.095506,-0.048014,-0.02006,8.8354
3.2578,2.0202,0.095505,-0.048009,-0.020107,8.8408
3.2578,2.0202,0.095504,-0.048004,-0.020155,8.849
3.2579,2.0202,0.095503,-0.048001,-0.020204,8.8334
3.2579,2.0202,0.095502,-0.048003,-0.020273,8.84
3.258,2.0202,0.095501,-0.048005,-0.020329,8.8463
3.2581,2.0202,0.095499,-0.048008,-0.02034,8.8385
3.2581,2.0202,0.095498,-0.048016,-0.020321,8.8365
3.2582,2.0202,0.095497,-0.048022,-0.020303,8.848
3.2582,2.0202,0.095496,-0.048023,-0.020253,8.8372
3.2583,2.0202,0.095495,-0.048013,-0.020209,8.8287
3.2583,2.0202,0.095494,-0.048003,-0.020171,8.8416
3.2584,2.0202,0.095493,-0.047999,-0.020146,8.8395
3.2584,2.0202,0.095492,-0.048001,-0.020076,8.8326
3.2585,2.0202,0.095491,-0.04801,-0.019984,8.8476
3.2585,2.0202,0.09549,-0.048026,-0.019888,8.8503
3.2586,2.0202,0.095489,-0.048049,-0.019799,8.8382
3.2586,2.0202,0.095488,-0.04808,-0.019667,8.8469
3.2587,2.0201,0.095487,-0.048109,-0.019563,8.845
3.2587,2.0201,0.095486,-0.048136,-0.019447,8.8383
3.2588,2.0201,0.095485,-0.048154,-0.019328,8.8352
3.2588,2.0201,0.095484,-0.048168,-0.01921,8.8368
3.2589,2.0201,0.095483,-0.048176,-0.019136,8.8316
3.2589,2.0201,0.095482,-0.048184,-0.019089,8.836
3.259,2.0201,0.095481,-0.0482,-0.019061,8.8395
3.2591,2.0201,0.09548,-0.048228,-0.019022,8.8374
3.2591,2.0201,0.095479,-0.048267,-0.019017,8.8329
3.2592,2.0201,0.095478,-0.048312,-0.019025,8.8424
3.2592,2.0201,0.095477,-0.048355,-0.019068,8.8293
3.2593,2.0201,0.095476,-0.048395,-0.019161,8.8196
3.2593,2.0201,0.095475,-0.048426,-0.019262,8.8279
3.2594,2.0201,0.095474,-0.048454,-0.019365,8.8248
3.2594,2.0201,0.095473,-0.048475,-0.019457,8.8135
3.2595,2.0201,0.095472,-0.048495,-0.019522,8.818
3.2595,2.0201,0.095471,-0.048509,-0.019599,8.8318
3.2596,2.0201,0.09547,-0.048519,-0.019648,8.8258
3.2596,2.0201,0.095469,-0.048526,-0.019699,8.8203
3.2597,2.0201,0.095468,-0.04853,-0.019729,8.831
3.2597,2.0201,0.095466,-0.048536,-0.019728,8.8218
3.2598,2.0201,0.095465,-0.048549,-0.019714,8.8261
3.2598,2.0201,0.095464,-0.048571,-0.019635,8.8348
3.2599,2.0201,0.095463,-0.048604,-0.019527,8.8294
3.2599,2.0201,0.095462,-0.048635,-0.019443,8.817
3.26,2.0201,0.095461,-0.04866,-0.019339,8.8353
3.2601,2.0201,0.09546,-0.048684,-0.019245,8.8383
3.2601,2.0201,0.095459,-0.048698,-0.019134,8.8332
3.2602,2.0201,0.095458,-0.048707,-0.019038,8.8414
3.2602,2.0201,0.095457,-0.048713,-0.018953,8.8353
3.2603,2.0201,0.095456,-0.04872,-0.018776,8.8264
3.2603,2.0201,0.095455,-0.048732,-0.018584,8.8241
3.2604,2.0201,0.095454,-0.048741,-0.018423,8.828
3.2604,2.0201,0.095453,-0.048752,-0.018292,8.8229
3.2605,2.0201,0.095452,-0.048767,-0.0182,8.8182
3.2605,2.0201,0.095452,-0.048775,-0.018149,8.836
3.2606,2.0201,0.095451,-0.04878,-0.018134,8.8312
3.2606,2.0201,0.09545,-0.048777,-0.018146,8.8252
3.2607,2.0201,0.095449,-0.048772,-0.018123,8.8384
3.2607,2.02,0.095448,-0.048763,-0.018095,8.8308
3.2608,2.02,0.095447,-0.048756,-0.01806,8.8181
3.2608,2.02,0.095446,-0.048751,-0.018019,8.8248
3.2609,2.02,0.095445,-0.048749,-0.017973,8.8267
3.2609,2.02,0.095444,-0.048751,-0.017921,8.8191
3.261,2.02,0.095443,-0.048756,-0.017864,8.8225
3.2611,2.02,0.095442,-0.048765,-0.017801,8.8349
3.2611,2.02,0.095441,-0.04878,-0.017732,8.828
3.2612,2.02,0.09544,-0.048794,-0.017659,8.8289
3.2612,2.02,0.095439,-0.048813,-0.01758,8.8431
3.2613,2.02,0.095438,-0.048831,-0.017511,8.8329
3.2613,2.02,0.095437,-0.048846,-0.017413,8.8316
3.2614,2.02,0.095436,-0.048858,-0.017294,8.8388
3.2614,2.02,0.095436,-0.04887,-0.017162,8.8393
3.2615,2.02,0.095435,-0.048884,-0.017024,8.8321
3.2615,2.02,0.095434,-0.048898,-0.016887,8.8492
3.2616,2.02,0.095433,-0.048914,-0.016758,8.8477
3.2616,2.02,0.095432,-0.048933,-0.016642,8.8417
3.2617,2.02,0.095431,-0.048954,-0.016546,8.8557
3.2617,2.02,0.09543,-0.048972,-0.016431,8.8508
3.2618,2.02,0.095429,-0.04899,-0.016312,8.843
3.2618,2.02,0.095429,-0.049007,-0.01619,8.8392
3.2619,2.02,0.095428,-0.049025,-0.016063,8.8475
3.2619,2.02,0.095427,-0.049043,-0.015933,8.838
3.262,2.02,0.095426,-0.049061,-0.0158,8.8368
3.2621,2.02,0.095425,-0.049081,-0.015663,8.8514
3.2621,2.02,0.095424,-0.049103,-0.015526,8.8448
3.2622,2.02,0.095424,-0.049124,-0.015384,8.8385
3.2622,2.02,0.095423,-0.049147,-0.015233,8.8538
3.2623,2.02,0.095422,-0.049171,-0.015071,8.8473
3.2623,2.02,0.095421,-0.049197,-0.014896,8.8449
3.2624,2.02,0.09542,-0.049224,-0.014709,8.8541
3.2624,2.02,0.09542,-0.049251,-0.014509,8.8502
3.2625,2.02,0.095419,-0.049281,-0.014305,8.8489
3.2625,2.02,0.095418,-0.049311,-0.014109,8.8553
3.2626,2.02,0.095417,-0.04934,-0.013916,8.8649
3.2626,2.02,0.095417,-0.04937,-0.013724,8.8505
3.2627,2.02,0.095416,-0.0494,-0.013525,8.8587
3.2627,2.02,0.095415,-0.049429,-0.013323,8.8703
3.2628,2.0199,0.095415,-0.049459,-0.013118,8.8569
3.2628,2.0199,0.095414,-0.049489,-0.01291,8.8606
3.2629,2.0199,0.095413,-0.049519,-0.012706,8.8593
3.2629,2.0199,0.095413,-0.04955,-0.012514,8.8527
3.263,2.0199,0.095412,-0.04958,-0.012321,8.8438
3.2631,2.0199,0.095411,-0.04961,-0.012126,8.8534
3.2631,2.0199,0.095411,-0.04964,-0.011923,8.8548
3.2632,2.0199,0.09541,-0.04967,-0.011718,8.8466
3.2632,2.0199,0.09541,-0.0497,-0.011513,8.8533
3.2633,2.0199,0.095409,-0.04973,-0.011309,8.8484
3.2633,2.0199,0.095408,-0.04976,-0.011109,8.8419
3.2634,2.0199,0.095408,-0.04979,-0.010913,8.8504
3.2634,2.0199,0.095407,-0.04982,-0.010713,8.8473
3.2635,2.0199,0.095407,-0.049849,-0.010513,8.8408
3.2635,2.0199,0.095406,-0.04988,-0.010316,8.8363
3.2636,2.0199,0.095406,-0.049912,-0.010112,8.8459
3.2636,2.0199,0.095405,-0.049945,-0.0099047,8.8433
3.2637,2.0199,0.095405,-0.049978,-0.009711,8.8358
3.2637,2.0199,0.095404,-0.05001,-0.00949,8.8525
3.2638,2.0199,0.095404,-0.050041,-0.0092442,8.847
3.2638,2.0199,0.095403,-0.05007,-0.0089886,8.84
3.2639,2.0199,0.095403,-0.050099,-0.0087298,8.8505
3.2639,2.0199,0.095402,-0.050128,-0.0084751,8.8523
3.264,2.0199,0.095402,-0.050157,-0.0082232,8.8327
3.2641,2.0199,0.095401,-0.050185,-0.0079851,8.8379
3.2641,2.0199,0.095401,-0.050214,-0.0077702,8.8442
3.2642,2.0199,0.095401,-0.050242,-0.0075354,8.8447
3.2642,2.0199,0.0954,-0.05027,-0.0072937,8.8468
3.2643,2.0199,0.0954,-0.050297,-0.0070503,8.8562
3.2643,2.0199,0.095399,-0.050324,-0.0068108,8.8422
3.2644,2.0199,0.095399,-0.050351,-0.0065741,8.8386
3.2644,2.0199,0.095399,-0.050377,-0.0063391,8.8373
3.2645,2.0199,0.095398,-0.050403,-0.0061012,8.8239
3.2645,2.0199,0.095398,-0.05043,-0.0058676,8.8146
3.2646,2.0199,0.095398,-0.050457,-0.0056324,8.8211
3.2646,2.0199,0.095398,-0.050483,-0.005401,8.8159
3.2647,2.0199,0.095397,-0.050511,-0.0051692,8.8149
3.2647,2.0199,0.095397,-0.050538,-0.0049424,8.8154
3.2648,2.0198,0.095397,-0.050567,-0.0047146,8.8075
3.2648,2.0198,0.095397,-0.050594,-0.0044825,8.7969
3.2649,2.0198,0.095396,-0.050622,-0.0042396,8.7988
3.2649,2.0198,0.095396,-0.050649,-0.004001,8.7965
3.265,2.0198,0.095396,-0.050674,-0.0037608,8.7824
3.2651,2.0198,0.095396,-0.050699,-0.0035261,8.7762
3.2651,2.0198,0.095396,-0.050724,-0.0032927,8.7938
3.2652,2.0198,0.095395,-0.050749,-0.0030732,8.7869
3.2652,2.0198,0.095395,-0.050772,-0.0028283,8.7902
3.2653,2.0198,0.095395,-0.05079,-0.0025644,8.7979
3.2653,2.0198,0.095395,-0.050802,-0.0022842,8.7934
3.2654,2.0198,0.095395,-0.050808,-0.0020116,8.7904
3.2654,2.0198,0.095395,-0.05081,-0.0017493,8.8038
3.2655,2.0198,0.095395,-0.050807,-0.0015024,8.7954
3.2655,2.0198,0.095395,-0.050805,-0.0012757,8.7876
3.2656,2.0198,0.095395,-0.050806,-0.0010735,8.792
3.2656,2.0198,0.095395,-0.050809,-0.00085631,8.8002
3.2657,2.0198,0.095394,-0.050811,-0.00063716,8.7899
3.2657,2.0198,0.095394,-0.050815,-0.00041445,8.7952
3.2658,2.0198,0.095394,-0.050818,-0.00019659,8.8006
3.2658,2.0198,0.095394,-0.050821,1.9409e-05,8.792
3.2659,2.0198,0.095394,-0.050824,0.0002367,8.789
3.2659,2.0198,0.095394,-0.050827,0.00044674,8.7891
3.266,2.0198,0.095395,-0.05083,0.00065392,8.786
3.2661,2.0198,0.095395,-0.050834,0.00085099,8.7767
3.2661,2.0198,0.095395,-0.050839,0.0010405,8.779
3.2662,2.0198,0.095395,-0.050847,0.0012252,8.7771
3.2662,2.0198,0.095395,-0.050856,0.0014081,8.7704
3.2663,2.0198,0.095395,-0.050865,0.0015921,8.7781
3.2663,2.0198,0.095395,-0.050876,0.0017805,8.7752
3.2664,2.0198,0.095395,-0.050886,0.0019666,8.7667
3.2664,2.0198,0.095395,-0.050894,0.0021411,8.7743
3.2665,2.0198,0.095395,-0.050902,0.0023332,8.774
3.2665,2.0198,0.095395,-0.050911,0.0025382,8.771
3.2666,2.0198,0.095396,-0.050922,0.0027484,8.7712
3.2666,2.0198,0.095396,-0.050933,0.0029566,8.7833
3.2667,2.0198,0.095396,-0.050943,0.0031561,8.779
3.2667,2.0198,0.095396,-0.050952,0.0033402,8.7805
3.2668,2.0197,0.095396,-0.050961,0.003503,8.7969
3.2668,2.0197,0.095396,-0.050969,0.0036386,8.7892
3.2669,2.0197,0.095397,-0.050979,0.0037851,8.7866
3.2669,2.0197,0.095397,-0.050991,0.0039278,8.7979
3.267,2.0197,0.095397,-0.051002,0.0040667,8.797
3.2671,2.0197,0.095397,-0.051014,0.0042017,8.7827
3.2671,2.0197,0.095397,-0.05102,0.0043189,8.7901
3.2672,2.0197,0.095398,-0.05103,0.0044557,8.801
3.2672,2.0197,0.095398,-0.051054,0.0046042,8.7939
3.2673,2.0197,0.095398,-0.051086,0.0047568,8.7936
3.2673,2.0197,0.095398,-0.05112,0.0049064,8.8055
3.2674,2.0197,0.095399,-0.051161,0.0050459,8.7934
3.2674,2.0197,0.095399,-0.051211,0.005169,8.7893
3.2675,2.0197,0.095399,-0.051267,0.0052555,8.7995
3.2675,2.0197,0.0954,-0.051333,0.0053373,8.7912
3.2676,2.0197,0.0954,-0.051409,0.0054448,8.7823
3.2676,2.0197,0.0954,-0.051481,0.0055555,8.788
3.2677,2.0197,0.0954,-0.051544,0.0056625,8.7824
3.2677,2.0197,0.095401,-0.051587,0.0057589,8.7837
3.2678,2.0197,0.095401,-0.051627,0.0058382,8.7919
3.2678,2.0197,0.095401,-0.051673,0.0058943,8.7939
3.2679,2.0197,0.095402,-0.051713,0.0059215,8.7839
3.2679,2.0197,0.095402,-0.051761,0.0059578,8.7893
3.268,2.0197,0.095402,-0.051811,0.0059748,8.7924
3.2681,2.0197,0.095403,-0.051854,0.0060102,8.7847
3.2681,2.0197,0.095403,-0.051907,0.0060559,8.7847
3.2682,2.0197,0.095403,-0.051962,0.0061044,8.7973
3.2682,2.0197,0.095404,-0.052035,0.0061487,8.7963
3.2683,2.0197,0.095404,-0.052109,0.006168,8.7944
3.2683,2.0197,0.095404,-0.052176,0.0061936,8.81
3.2684,2.0197,0.095405,-0.052231,0.0062115,8.8071
3.2684,2.0197,0.095405,-0.052274,0.0062086,8.7937
3.2685,2.0197,0.095405,-0.0523,0.006202,8.8114
3.2685,2.0197,0.095406,-0.052303,0.006194,8.8075
3.2686,2.0197,0.095406,-0.052298,0.0062081,8.7997
3.2686,2.0197,0.095406,-0.052303,0.0062227,8.8036
3.2687,2.0196,0.095407,-0.052315,0.0062173,8.8039
3.2687,2.0196,0.095407,-0.052351,0.0062163,8.7961
3.2688,2.0196,0.095407,-0.052395,0.0061918,8.7983
3.2688,2.0196,0.095407,-0.052447,0.0061312,8.8045
3.2689,2.0196,0.095408,-0.052498,0.0060226,8.7947
3.2689,2.0196,0.095408,-0.052532,0.0058985,8.7915
3.269,2.0196,0.095408,-0.052544,0.0057678,8.8001
3.2691,2.0196,0.095409,-0.052548,0.0056395,8.7873
3.2691,2.0196,0.095409,-0.052539,0.0055313,8.7811
3.2692,2.0196,0.095409,-0.052523,0.0054412,8.7928
3.2692,2.0196,0.09541,-0.052506,0.0053984,8.7933
3.2693,2.0196,0.09541,-0.052496,0.0054316,8.7857
3.2693,2.0196,0.09541,-0.052496,0.0055167,8.7987
3.2694,2.0196,0.09541,-0.052504,0.0056092,8.8078
3.2694,2.0196,0.095411,-0.052513,0.0056954,8.7943
3.2695,2.0196,0.095411,-0.052535,0.0057918,8.8079
3.2695,2.0196,0.095411,-0.052551,0.0058946,8.8118
3.2696,2.0196,0.095412,-0.05257,0.0059933,8.8057
3.2696,2.0196,0.095412,-0.052585,0.0061291,8.8077
3.2697,2.0196,0.095412,-0.052588,0.0062907,8.8151
3.2697,2.0196,0.095413,-0.05257,0.0064299,8.8069
3.2698,2.0196,0.095413,-0.052535,0.0064981,8.8046
3.2698,2.0196,0.095413,-0.052481,0.0065429,8.8101
3.2699,2.0196,0.095414,-0.052418,0.0065604,8.8041
3.2699,2.0196,0.095414,-0.052355,0.0065545,8.797
3.27,2.0196,0.095414,-0.052296,0.0065348,8.8033
3.2701,2.0196,0.095415,-0.052243,0.006531,8.7958
3.2701,2.0196,0.095415,-0.052195,0.0064976,8.7808
3.2702,2.0196,0.095415,-0.052151,0.0064111,8.7767
3.2702,2.0196,0.095416,-0.05211,0.0062392,8.7794
3.2703,2.0196,0.095416,-0.052069,0.0060395,8.7623
3.2703,2.0196,0.095416,-0.052032,0.005821,8.765
3.2704,2.0196,0.095417,-0.051999,0.0055939,8.7691
3.2704,2.0196,0.095417,-0.05196,0.0054194,8.756
3.2705,2.0196,0.095417,-0.051931,0.0053116,8.7531
3.2705,2.0196,0.095418,-0.051908,0.0052539,8.7574
3.2706,2.0196,0.095418,-0.05189,0.0051854,8.749
3.2706,2.0195,0.095418,-0.051872,0.0050696,8.7409
3.2707,2.0195,0.095418,-0.051854,0.0049729,8.7494
3.2707,2.0195,0.095419,-0.051834,0.0048508,8.7493
3.2708,2.0195,0.095419,-0.051808,0.0047048,8.7438
3.2708,2.0195,0.095419,-0.051775,0.0045937,8.7589
3.2709,2.0195,0.095419,-0.051743,0.0044716,8.7668
3.2709,2.0195,0.09542,-0.051721,0.0043384,8.7631
3.271,2.0195,0.09542,-0.051707,0.0042016,8.7672
3.2711,2.0195,0.09542,-0.051696,0.0040753,8.771
3.2711,2.0195,0.09542,-0.05169,0.0040028,8.7628
3.2712,2.0195,0.09542,-0.051682,0.0039304,8.7618
3.2712,2.0195,0.095421,-0.051672,0.0038866,8.769
3.2713,2.0195,0.095421,-0.051649,0.0038327,8.7602
3.2713,2.0195,0.095421,-0.051628,0.00373,8.7558
3.2714,2.0195,0.095421,-0.05162,0.0035934,8.7685
3.2714,2.0195,0.095421,-0.051614,0.0034816,8.766
3.2715,2.0195,0.095422,-0.051609,0.0033488,8.7635
3.2715,2.0195,0.095422,-0.051603,0.0032102,8.7703
3.2716,2.0195,0.095422,-0.051594,0.0030944,8.763
3.2716,2.0195,0.095422,-0.05158,0.0029927,8.7527
3.2717,2.0195,0.095422,-0.05156,0.0028443,8.7508
3.2717,2.0195,0.095422,-0.051548,0.0026846,8.7497
3.2718,2.0195,0.095422,-0.051533,0.0025344,8.7438
3.2718,2.0195,0.095423,-0.051513,0.0024134,8.7491
3.2719,2.0195,0.095423,-0.051491,0.0022963,8.762
3.2719,2.0195,0.095423,-0.051462,0.0022104,8.7551
3.272,2.0195,0.095423,-0.051432,0.0021534,8.7559
3.2721,2.0195,0.095423,-0.051406,0.0021306,8.7676
3.2721,2.0195,0.095423,-0.051391,0.0021245,8.7584
3.2722,2.0195,0.095423,-0.051383,0.0021044,8.7582
3.2722,2.0195,0.095423,-0.051383,0.0020573,8.7724
3.2723,2.0195,0.095423,-0.051378,0.002008,8.7716
3.2723,2.0195,0.095424,-0.051375,0.0019731,8.7686
3.2724,2.0195,0.095424,-0.051379,0.0019622,8.7898
3.2724,2.0195,0.095424,-0.051396,0.0019773,8.7986
3.2725,2.0195,0.095424,-0.051425,0.0020575,8.7893
3.2725,2.0194,0.095424,-0.051465,0.0021961,8.7965
3.2726,2.0194,0.095424,-0.051509,0.0023133,8.8046
3.2726,2.0194,0.095424,-0.051551,0.0023979,8.7948
3.2727,2.0194,0.095424,-0.051581,0.0024322,8.792
3.2727,2.0194,0.095424,-0.051608,0.0023989,8.8006
3.2728,2.0194,0.095425,-0.051632,0.0022948,8.7994
3.2728,2.0194,0.095425,-0.051659,0.0021305,8.8022
3.2729,2.0194,0.095425,-0.051693,0.0019121,8.8092
3.2729,2.0194,0.095425,-0.051723,0.0017213,8.8053
3.273,2.0194,0.095425,-0.051746,0.0015349,8.7975
3.2731,2.0194,0.095425,-0.051767,0.0013994,8.814
3.2731,2.0194,0.095425,-0.051785,0.0013197,8.8103
3.2732,2.0194,0.095425,-0.051799,0.0012706,8.7991
3.2732,2.0194,0.095425,-0.051806,0.0012279,8.8076
3.2733,2.0194,0.095425,-0.051805,0.001155,8.8071
3.2733,2.0194,0.095425,-0.051794,0.0010542,8.7968
3.2734,2.0194,0.095425,-0.051775,0.00095722,8.8051
3.2734,2.0194,0.095425,-0.051762,0.00087064,8.8092
3.2735,2.0194,0.095426,-0.051752,0.00087318,8.8073
3.2735,2.0194,0.095426,-0.051742,0.00096084,8.8171
3.2736,2.0194,0.095426,-0.05174,0.0011031,8.827
3.2736,2.0194,0.095426,-0.051745,0.0012419,8.8195
3.2737,2.0194,0.095426,-0.051747,0.0013073,8.8107
3.2737,2.0194,0.095426,-0.051745,0.0013121,8.8193
3.2738,2.0194,0.095426,-0.051751,0.0012384,8.8221
3.2738,2.0194,0.095426,-0.051765,0.0011684,8.8114
3.2739,2.0194,0.095426,-0.051773,0.0011805,8.8233
3.2739,2.0194,0.095426,-0.051779,0.0012513,8.8282
3.274,2.0194,0.095426,-0.05179,0.0013759,8.8193
3.2741,2.0194,0.095426,-0.05179,0.0015068,8.8303
3.2741,2.0194,0.095426,-0.051784,0.0016046,8.8273
3.2742,2.0194,0.095426,-0.051774,0.0016678,8.8164
3.2742,2.0194,0.095427,-0.051762,0.0016822,8.8187
3.2743,2.0194,0.095427,-0.051751,0.0016875,8.8214
3.2743,2.0194,0.095427,-0.051743,0.0017128,8.8049
3.2744,2.0194,0.095427,-0.051741,0.001754,8.8096
3.2744,2.0194,0.095427,-0.051747,0.0017874,8.8247
3.2745,2.0193,0.095427,-0.051746,0.0017971,8.8151
3.2745,2.0193,0.095427,-0.051744,0.0017745,8.8094
3.2746,2.0193,0.095427,-0.051741,0.0017045,8.8214
3.2746,2.0193,0.095427,-0.051737,0.0016159,8.8202
3.2747,2.0193,0.095427,-0.051733,0.0015365,8.8087
3.2747,2.0193,0.095427,-0.051727,0.0014922,8.8145
3.2748,2.0193,0.095427,-0.05172,0.0015078,8.8203
3.2748,2.0193,0.095428,-0.051712,0.0015629,8.8009
3.2749,2.0193,0.095428,-0.051703,0.0016455,8.8122
3.2749,2.0193,0.095428,-0.051694,0.0017378,8.8229
3.275,2.0193,0.095428,-0.051683,0.0018162,8.812
3.2751,2.0193,0.095428,-0.051671,0.0018955,8.8128
3.2751,2.0193,0.095428,-0.051656,0.0019903,8.8269
3.2752,2.0193,0.095428,-0.051642,0.0020596,8.818
3.2752,2.0193,0.095428,-0.051631,0.0021173,8.8132
3.2753,2.0193,0.095428,-0.051624,0.0021678,8.8216
3.2753,2.0193,0.095428,-0.051623,0.0022156,8.8207
3.2754,2.0193,0.095429,-0.051632,0.002266,8.8073
3.2754,2.0193,0.095429,-0.051636,0.0023244,8.8216
3.2755,2.0193,0.095429,-0.051636,0.0023971,8.8219
3.2755,2.0193,0.095429,-0.051632,0.0024737,8.8124
3.2756,2.0193,0.095429,-0.051627,0.0025613,8.8214
3.2756,2.0193,0.095429,-0.05163,0.0026558,8.8259
3.2757,2.0193,0.095429,-0.051629,0.002791,8.8152
3.2757,2.0193,0.09543,-0.051629,0.0029483,8.8151
3.2758,2.0193,0.09543,-0.051635,0.0030932,8.8144
3.2758,2.0193,0.09543,-0.051635,0.0032553,8.8029
3.2759,2.0193,0.09543,-0.051638,0.0034091,8.8028
3.2759,2.0193,0.09543,-0.051646,0.0035308,8.8127
3.276,2.0193,0.09543,-0.05166,0.0036342,8.805
3.2761,2.0193,0.095431,-0.051684,0.0037324,8.8034
3.2761,2.0193,0.095431,-0.051703,0.0038379,8.8183
3.2762,2.0193,0.095431,-0.051722,0.0039623,8.8161
3.2762,2.0193,0.095431,-0.051742,0.0040802,8.8049
3.2763,2.0193,0.095432,-0.051762,0.0042211,8.8052
3.2763,2.0193,0.095432,-0.051783,0.0043504,8.8126
3.2764,2.0193,0.095432,-0.051804,0.0044674,8.8045
3.2764,2.0192,0.095432,-0.051826,0.0045189,8.8158
3.2765,2.0192,0.095432,-0.051849,0.0045331,8.8225
3.2765,2.0192,0.095433,-0.051872,0.0045342,8.8116
3.2766,2.0192,0.095433,-0.051896,0.0045711,8.8166
3.2766,2.0192,0.095433,-0.051921,0.0046269,8.8312
3.2767,2.0192,0.095433,-0.051946,0.0046879,8.8271
3.2767,2.0192,0.095434,-0.051972,0.0047944,8.821
3.2768,2.0192,0.095434,-0.051999,0.0049152,8.8226
3.2768,2.0192,0.095434,-0.052026,0.0050206,8.8147
3.2769,2.0192,0.095434,-0.052054,0.005124,8.8062
3.2769,2.0192,0.095435,-0.052083,0.0052842,8.8193
3.277,2.0192,0.095435,-0.052113,0.005459,8.8169
3.2771,2.0192,0.095435,-0.052149,0.0056373,8.8097
3.2771,2.0192,0.095436,-0.052182,0.0057561,8.8121
3.2772,2.0192,0.095436,-0.052202,0.0058275,8.815
3.2772,2.0192,0.095436,-0.052211,0.0058572,8.7999
3.2773,2.0192,0.095437,-0.05222,0.0058682,8.7993
3.2773,2.0192,0.095437,-0.052225,0.0058712,8.8065
3.2774,2.0192,0.095437,-0.052225,0.0058933,8.7903
3.2774,2.0192,0.095437,-0.05222,0.0059386,8.7944
3.2775,2.0192,0.095438,-0.05221,0.0059737,8.8056
3.2775,2.0192,0.095438,-0.052191,0.0059637,8.7994
3.2776,2.0192,0.095438,-0.052171,0.0059285,8.7998
3.2776,2.0192,0.095439,-0.052151,0.0059103,8.8119
3.2777,2.0192,0.095439,-0.052149,0.0058872,8.8057
3.2777,2.0192,0.095439,-0.052152,0.0058644,8.8044
3.2778,2.0192,0.09544,-0.052149,0.0058592,8.8069
3.2778,2.0192,0.09544,-0.052145,0.0058742,8.8085
3.2779,2.0192,0.09544,-0.05213,0.0058763,8.8026
3.2779,2.0192,0.095441,-0.052111,0.0059016,8.8112
3.278,2.0192,0.095441,-0.052091,0.0059078,8.8191
3.2781,2.0192,0.095441,-0.05206,0.0058964,8.8067
3.2781,2.0192,0.095442,-0.052028,0.0058713,8.8152
3.2782,2.0192,0.095442,-0.051983,0.0058312,8.8276
3.2782,2.0192,0.095442,-0.051941,0.005824,8.8151
3.2783,2.0192,0.095442,-0.051896,0.0058274,8.8159
3.2783,2.0191,0.095443,-0.051849,0.0058816,8.8301
3.2784,2.0191,0.095443,-0.051803,0.0059823,8.8258
3.2784,2.0191,0.095443,-0.051766,0.0060777,8.8199
3.2785,2.0191,0.095444,-0.051744,0.0061412,8.8255
3.2785,2.0191,0.095444,-0.051728,0.0061348,8.8302
3.2786,2.0191,0.095444,-0.051708,0.0060577,8.8207
3.2786,2.0191,0.095445,-0.05169,0.0059531,8.8294
3.2787,2.0191,0.095445,-0.051649,0.0058208,8.8355
3.2787,2.0191,0.095445,-0.051591,0.0057184,8.8211
3.2788,2.0191,0.095446,-0.051519,0.0056514,8.8263
3.2788,2.0191,0.095446,-0.051439,0.0056311,8.8287
3.2789,2.0191,0.095446,-0.051367,0.005625,8.8231
3.2789,2.0191,0.095446,-0.051308,0.0056152,8.8209
3.279,2.0191,0.095447,-0.051254,0.0056084,8.8377
3.2791,2.0191,0.095447,-0.051214,0.0055993,8.8342
3.2791,2.0191,0.095447,-0.05118,0.0056056,8.8284
3.2792,2.0191,0.095448,-0.051146,0.0056037,8.8413
3.2792,2.0191,0.095448,-0.051104,0.0055611,8.839
3.2793,2.0191,0.095448,-0.051045,0.0054897,8.8338
3.2793,2.0191,0.095448,-0.050978,0.0054164,8.8459
3.2794,2.0191,0.095449,-0.05091,0.0053311,8.8466
3.2794,2.0191,0.095449,-0.050831,0.0052296,8.8352
3.2795,2.0191,0.095449,-0.050751,0.0051149,8.8433
3.2795,2.0191,0.09545,-0.050668,0.0049967,8.8468
3.2796,2.0191,0.09545,-0.050596,0.004832,8.836
3.2796,2.0191,0.09545,-0.050545,0.0046435,8.8407
3.2797,2.0191,0.09545,-0.05052,0.0044554,8.8502
3.2797,2.0191,0.095451,-0.050526,0.0042853,8.8369
3.2798,2.0191,0.095451,-0.050545,0.0040983,8.837
3.2798,2.0191,0.095451,-0.050574,0.0039259,8.8351
3.2799,2.0191,0.095451,-0.050591,0.003755,8.834
3.2799,2.0191,0.095451,-0.050598,0.0035722,8.8179
3.28,2.0191,0.095452,-0.050596,0.0033483,8.8277
3.2801,2.0191,0.095452,-0.05057,0.0031381,8.8236
3.2801,2.0191,0.095452,-0.050533,0.0029382,8.8139
3.2802,2.0191,0.095452,-0.050493,0.0027529,8.8258
3.2802,2.0191,0.095452,-0.050455,0.00258,8.8319
3.2803,2.0191,0.095452,-0.05044,0.0024556,8.8203
3.2803,2.019,0.095452,-0.050431,0.0023722,8.8224
3.2804,2.019,0.095453,-0.050439,0.0022755,8.8277
3.2804,2.019,0.095453,-0.050438,0.0021335,8.8252
3.2805,2.019,0.095453,-0.050415,0.0019892,8.8178
3.2805,2.019,0.095453,-0.050381,0.0018793,8.8295
3.2806,2.019,0.095453,-0.050336,0.0018122,8.8221
3.2806,2.019,0.095453,-0.050305,0.0017288,8.8176
3.2807,2.019,0.095453,-0.050292,0.0016535,8.8336
3.2807,2.019,0.095453,-0.050291,0.0016194,8.8317
3.2808,2.019,0.095453,-0.050318,0.0015532,8.8273
3.2808,2.019,0.095453,-0.050354,0.0014869,8.8282
3.2809,2.019,0.095453,-0.050379,0.0014531,8.825
3.2809,2.019,0.095453,-0.050392,0.0014242,8.8131
3.281,2.019,0.095454,-0.050388,0.0013798,8.8153
3.2811,2.019,0.095454,-0.050378,0.0012675,8.814
3.2811,2.019,0.095454,-0.050374,0.0011326,8.8082
3.2812,2.019,0.095454,-0.050371,0.00099876,8.8146
3.2812,2.019,0.095454,-0.05038,0.00085064,8.8207
3.2813,2.019,0.095454,-0.050384,0.00073344,8.8084
3.2813,2.019,0.095454,-0.050371,0.0006412,8.8
3.2814,2.019,0.095454,-0.050345,0.00052159,8.8067
3.2814,2.019,0.095454,-0.050306,0.00042678,8.796
3.2815,2.019,0.095454,-0.05028,0.00035112,8.782
3.2815,2.019,0.095454,-0.050271,0.00027399,8.7898
3.2816,2.019,0.095454,-0.050269,0.00021262,8.7846
3.2816,2.019,0.095454,-0.050277,0.00019281,8.775
3.2817,2.019,0.095454,-0.050292,0.0001957,8.7831
3.2817,2.019,0.095454,-0.050317,0.00020137,8.7813
3.2818,2.019,0.095454,-0.050334,0.00018881,8.7754
3.2818,2.019,0.095454,-0.050348,0.00018193,8.7829
3.2819,2.019,0.095454,-0.050376,0.00015228,8.7827
3.2819,2.019,0.095454,-0.050407,9.9226e-05,8.78
3.282,2.019,0.095454,-0.050443,1.4491e-05,8.768
3.2821,2.019,0.095454,-0.050475,-8.6929e-05,8.7803
3.2821,2.019,0.095454,-0.050522,-0.00017458,8.7786
3.2822,2.019,0.095454,-0.050572,-0.00023313,8.7792
3.2822,2.019,0.095454,-0.050626,-0.00028549,8.7874
3.2823,2.0189,0.095454,-0.050679,-0.00034885,8.7866
3.2823,2.0189,0.095454,-0.050723,-0.00043437,8.7799
3.2824,2.0189,0.095454,-0.050751,-0.00054671,8.7842
3.2824,2.0189,0.095454,-0.050754,-0.00072977,8.7735
3.2825,2.0189,0.095454,-0.050748,-0.00098376,8.7657
3.2825,2.0189,0.095454,-0.050745,-0.0012314,8.77
3.2826,2.0189,0.095454,-0.050747,-0.0014596,8.772
3.2826,2.0189,0.095454,-0.050758,-0.0016469,8.7509
3.2827,2.0189,0.095453,-0.050769,-0.0017698,8.7559
3.2827,2.0189,0.095453,-0.050779,-0.0018179,8.764
3.2828,2.0189,0.095453,-0.050777,-0.0017941,8.7593
3.2828,2.0189,0.095453,-0.050758,-0.001698,8.7535
3.2829,2.0189,0.095453,-0.050742,-0.0016086,8.7553
3.2829,2.0189,0.095453,-0.05074,-0.0015031,8.7501
3.283,2.0189,0.095453,-0.050743,-0.0014301,8.7397
3.2831,2.0189,0.095453,-0.050747,-0.0013991,8.7515
3.2831,2.0189,0.095453,-0.050761,-0.0013887,8.7547
3.2832,2.0189,0.095453,-0.050786,-0.0013761,8.7436
3.2832,2.0189,0.095453,-0.050823,-0.0013229,8.7569
3.2833,2.0189,0.095453,-0.050871,-0.0012275,8.7651
3.2833,2.0189,0.095453,-0.050922,-0.0011198,8.7551
3.2834,2.0189,0.095453,-0.050971,-0.0010061,8.7666
3.2834,2.0189,0.095452,-0.05101,-0.00096994,8.7751
3.2835,2.0189,0.095452,-0.051038,-0.0010161,8.7669
3.2835,2.0189,0.095452,-0.051056,-0.0011216,8.7628
3.2836,2.0189,0.095452,-0.051064,-0.0012159,8.7744
3.2836,2.0189,0.095452,-0.051073,-0.0012641,8.7674
3.2837,2.0189,0.095452,-0.051089,-0.0012683,8.7641
3.2837,2.0189,0.095452,-0.051096,-0.0011984,8.779
3.2838,2.0189,0.095452,-0.051095,-0.0011267,8.7788
3.2838,2.0189,0.095452,-0.0511,-0.0011294,8.7697
3.2839,2.0189,0.095452,-0.051105,-0.0011825,8.7786
3.2839,2.0189,0.095452,-0.051105,-0.0012787,8.7729
3.284,2.0189,0.095452,-0.051113,-0.0013639,8.7678
3.2841,2.0189,0.095452,-0.051129,-0.001435,8.7689
3.2841,2.0189,0.095452,-0.051149,-0.0014741,8.7707
3.2842,2.0189,0.095452,-0.051171,-0.0014625,8.7629
3.2842,2.0189,0.095451,-0.051193,-0.0014366,8.7656
3.2843,2.0188,0.095451,-0.051212,-0.0014258,8.7769
3.2843,2.0188,0.095451,-0.051226,-0.0014277,8.7662
3.2844,2.0188,0.095451,-0.051231,-0.0014189,8.7656
3.2844,2.0188,0.095451,-0.051241,-0.0013815,8.7742
3.2845,2.0188,0.095451,-0.051252,-0.0013006,8.768
3.2845,2.0188,0.095451,-0.051262,-0.0011613,8.7529
3.2846,2.0188,0.095451,-0.051273,-0.00099499,8.7638
3.2846,2.0188,0.095451,-0.051284,-0.00082446,8.7705
3.2847,2.0188,0.095451,-0.051295,-0.00067394,8.7657
3.2847,2.0188,0.095451,-0.051306,-0.00056933,8.7801
3.2848,2.0188,0.095451,-0.051317,-0.00049228,8.7883
3.2848,2.0188,0.095451,-0.051328,-0.00043145,8.7781
3.2849,2.0188,0.095451,-0.05134,-0.00036828,8.7918
3.2849,2.0188,0.095451,-0.051351,-0.00028631,8.7941
3.285,2.0188,0.095451,-0.051363,-0.00020485,8.7885
3.2851,2.0188,0.095451,-0.051374,-0.00012082,8.7829
3.2851,2.0188,0.095451,-0.051386,-3.1063e-05,8.7874
3.2852,2.0188,0.095451,-0.051398,5.2774e-05,8.7821
3.2852,2.0188,0.095451,-0.051409,0.00014045,8.7828
3.2853,2.0188,0.095451,-0.051421,0.00024867,8.7932
3.2853,2.0188,0.095451,-0.051427,0.00033115,8.7961
3.2854,2.0188,0.095451,-0.05144,0.00039745,8.7842
3.2854,2.0188,0.095451,-0.051462,0.00045675,8.794
3.2855,2.0188,0.095451,-0.051492,0.00053569,8.7897
3.2855,2.0188,0.095451,-0.051525,0.00059918,8.7802
3.2856,2.0188,0.095451,-0.051552,0.00066173,8.7803
3.2856,2.0188,0.095451,-0.051584,0.00070481,8.7836
3.2857,2.0188,0.095451,-0.051615,0.00074876,8.7686
3.2857,2.0188,0.095451,-0.051638,0.00078524,8.7739
3.2858,2.0188,0.095451,-0.051664,0.00079832,8.7836
3.2858,2.0188,0.095451,-0.051693,0.00081036,8.7741
3.2859,2.0188,0.095451,-0.051718,0.00084347,8.7742
3.2859,2.0188,0.095451,-0.051737,0.00089267,8.7867
3.286,2.0188,0.095451,-0.051745,0.00094534,8.7788
3.2861,2.0188,0.095451,-0.051762,0.00099136,8.7781
3.2861,2.0188,0.095451,-0.051779,0.0010182,8.7893
3.2862,2.0188,0.095451,-0.051798,0.0010463,8.79
3.2862,2.0187,0.095452,-0.051823,0.0010557,8.7809
3.2863,2.0187,0.095452,-0.051851,0.0010736,8.7944
3.2863,2.0187,0.095452,-0.051878,0.0011111,8.7999
3.2864,2.0187,0.095452,-0.0519,0.0011875,8.7912
3.2864,2.0187,0.095452,-0.051918,0.001288,8.7921
3.2865,2.0187,0.095452,-0.051937,0.0014013,8.7896
3.2865,2.0187,0.095452,-0.051954,0.0014806,8.7772
3.2866,2.0187,0.095452,-0.051975,0.0015422,8.7695
3.2866,2.0187,0.095452,-0.052003,0.0016204,8.7717
3.2867,2.0187,0.095452,-0.05203,0.0016731,8.7606
3.2867,2.0187,0.095452,-0.052062,0.0017244,8.7605
3.2868,2.0187,0.095452,-0.052092,0.0017584,8.7701
3.2868,2.0187,0.095452,-0.052123,0.0017846,8.7659
3.2869,2.0187,0.095453,-0.052154,0.0017547,8.7514
3.2869,2.0187,0.095453,-0.052179,0.0017066,8.7601
3.287,2.0187,0.095453,-0.052201,0.0016673,8.7484
3.2871,2.0187,0.095453,-0.052209,0.0016635,8.7446
3.2871,2.0187,0.095453,-0.05222,0.0016905,8.7468
3.2872,2.0187,0.095453,-0.052236,0.0017391,8.7455
3.2872,2.0187,0.095453,-0.052252,0.0017927,8.7354
3.2873,2.0187,0.095453,-0.052265,0.001852,8.7351
3.2873,2.0187,0.095453,-0.05227,0.0018966,8.7468
3.2874,2.0187,0.095453,-0.052273,0.0019614,8.7416
3.2874,2.0187,0.095453,-0.05227,0.0020073,8.7357
3.2875,2.0187,0.095454,-0.052259,0.0020568,8.7483
3.2875,2.0187,0.095454,-0.052274,0.002093,8.7368
3.2876,2.0187,0.095454,-0.052298,0.0020708,8.7361
3.2876,2.0187,0.095454,-0.052318,0.0020037,8.7429
3.2877,2.0187,0.095454,-0.052333,0.0019396,8.7423
3.2877,2.0187,0.095454,-0.052341,0.0018629,8.7405
3.2878,2.0187,0.095454,-0.052355,0.0018321,8.7479
3.2878,2.0187,0.095454,-0.052363,0.0017903,8.7593
3.2879,2.0187,0.095454,-0.052374,0.0017771,8.7502
3.2879,2.0187,0.095454,-0.052403,0.0017842,8.757
3.288,2.0187,0.095455,-0.052434,0.0018078,8.7625
3.2881,2.0187,0.095455,-0.052458,0.0018481,8.7457
3.2881,2.0186,0.095455,-0.052478,0.0019386,8.7449
3.2882,2.0186,0.095455,-0.052494,0.0020186,8.7489
3.2882,2.0186,0.095455,-0.052509,0.0020957,8.7441
3.2883,2.0186,0.095455,-0.052525,0.0020991,8.7384
3.2883,2.0186,0.095455,-0.052547,0.0020521,8.7416
3.2884,2.0186,0.095455,-0.052566,0.0019944,8.7401
3.2884,2.0186,0.095455,-0.052574,0.0019443,8.7355
3.2885,2.0186,0.095456,-0.052571,0.0019295,8.7447
3.2885,2.0186,0.095456,-0.052565,0.0019765,8.7432
3.2886,2.0186,0.095456,-0.052561,0.0020623,8.7362
3.2886,2.0186,0.095456,-0.052563,0.0021604,8.746
3.2887,2.0186,0.095456,-0.052573,0.0022366,8.742
3.2887,2.0186,0.095456,-0.052601,0.0022939,8.7332
3.2888,2.0186,0.095456,-0.052625,0.0023419,8.7378
3.2888,2.0186,0.095456,-0.052643,0.0023766,8.755
3.2889,2.0186,0.095456,-0.052657,0.0023987,8.7515
3.2889,2.0186,0.095457,-0.052671,0.0024342,8.7562
3.289,2.0186,0.095457,-0.052679,0.0024472,8.7665
3.2891,2.0186,0.095457,-0.052686,0.0024426,8.7609
3.2891,2.0186,0.095457,-0.052691,0.002428,8.7689
3.2892,2.0186,0.095457,-0.052696,0.0024104,8.7723
3.2892,2.0186,0.095457,-0.052701,0.0023966,8.7727
3.2893,2.0186,0.095457,-0.052711,0.0023931,8.7675
3.2893,2.0186,0.095457,-0.052721,0.0024058,8.7814
3.2894,2.0186,0.095458,-0.052728,0.0024404,8.7868
3.2894,2.0186,0.095458,-0.052736,0.0024587,8.7807
3.2895,2.0186,0.095458,-0.052739,0.0024753,8.7907
3.2895,2.0186,0.095458,-0.052726,0.0024903,8.8003
3.2896,2.0186,0.095458,-0.052691,0.0025035,8.7861
3.2896,2.0186,0.095458,-0.052636,0.0025151,8.7853
3.2897,2.0186,0.095458,-0.052562,0.0025251,8.7868
3.2897,2.0186,0.095459,-0.05249,0.0025333,8.7778
3.2898,2.0186,0.095459,-0.052413,0.00254,8.7712
3.2898,2.0186,0.095459,-0.052351,0.002545,8.7873
3.2899,2.0186,0.095459,-0.052293,0.0025484,8.7835
3.2899,2.0186,0.095459,-0.052241,0.0025501,8.7845
3.29,2.0185,0.095459,-0.052206,0.0025502,8.7925
3.2901,2.0185,0.095459,-0.052176,0.0025488,8.797
3.2901,2.0185,0.095459,-0.052148,0.0025458,8.7902
3.2902,2.0185,0.09546,-0.05212,0.0025412,8.7947
3.2902,2.0185,0.09546,-0.052064,0.0025351,8.8002
3.2903,2.0185,0.09546,-0.052005,0.0025275,8.7916
3.2903,2.0185,0.09546,-0.051939,0.0025184,8.8
3.2904,2.0185,0.09546,-0.051879,0.0025363,8.8082
3.2904,2.0185,0.09546,-0.051837,0.0025054,8.8041
3.2905,2.0185,0.09546,-0.051803,0.0024392,8.807
3.2905,2.0185,0.095461,-0.051784,0.0023513,8.8191
3.2906,2.0185,0.095461,-0.051752,0.0022552,8.8147
3.2906,2.0185,0.095461,-0.051704,0.0021793,8.8118
3.2907,2.0185,0.095461,-0.05165,0.0020986,8.8181
3.2907,2.0185,0.095461,-0.051583,0.0020326,8.8145
3.2908,2.0185,0.095461,-0.051503,0.0020008,8.8034
3.2908,2.0185,0.095461,-0.051409,0.0019337,8.8155
3.2909,2.0185,0.095461,-0.051304,0.0018665,8.8182
3.2909,2.0185,0.095461,-0.051196,0.0018063,8.8107
3.291,2.0185,0.095461,-0.05108,0.0017607,8.8175
3.2911,2.0185,0.095462,-0.050949,0.0017374,8.8219
3.2911,2.0185,0.095462,-0.050819,0.0016989,8.8049
3.2912,2.0185,0.095462,-0.050694,0.001659,8.8072
3.2912,2.0185,0.095462,-0.050576,0.0016179,8.8092
3.2913,2.0185,0.095462,-0.050461,0.0015756,8.7944
3.2913,2.0185,0.095462,-0.050364,0.0015321,8.7917
3.2914,2.0185,0.095462,-0.050289,0.0014875,8.7975
3.2914,2.0185,0.095462,-0.050216,0.0014418,8.7958
3.2915,2.0185,0.095462,-0.050145,0.0013949,8.7902
3.2915,2.0185,0.095462,-0.050087,0.0013469,8.8024
3.2916,2.0185,0.095462,-0.050037,0.0012979,8.8063
3.2916,2.0185,0.095462,-0.04998,0.001248,8.7908
3.2917,2.0185,0.095462,-0.04992,0.0012111,8.799
3.2917,2.0185,0.095463,-0.049874,0.0011496,8.8064
3.2918,2.0185,0.095463,-0.049829,0.0010714,8.7975
3.2918,2.0185,0.095463,-0.049764,0.00098397,8.8027
3.2919,2.0185,0.095463,-0.049688,0.00089456,8.817
3.2919,2.0184,0.095463,-0.049594,0.00080986,8.807
3.292,2.0184,0.095463,-0.049495,0.00073628,8.8122
3.2921,2.0184,0.095463,-0.049372,0.00069373,8.8257
3.2921,2.0184,0.095463,-0.049247,0.0006502,8.819
3.2922,2.0184,0.095463,-0.049127,0.00057534,8.8155
3.2922,2.0184,0.095463,-0.049011,0.00049129,8.8183
3.2923,2.0184,0.095463,-0.048896,0.00040523,8.8166
3.2923,2.0184,0.095463,-0.04878,0.00032387,8.8026
3.2924,2.0184,0.095463,-0.048674,0.00025358,8.8143
3.2924,2.0184,0.095463,-0.048569,0.00021742,8.8153
3.2925,2.0184,0.095463,-0.048449,0.00019199,8.8019
3.2925,2.0184,0.095463,-0.048326,0.00010261,8.8102
3.2926,2.0184,0.095463,-0.048205,-2.5008e-07,8.8098
3.2926,2.0184,0.095463,-0.048091,-0.0001278,8.7983
3.2927,2.0184,0.095463,-0.047986,-0.00029956,8.797
3.2927,2.0184,0.095463,-0.047889,-0.00048067,8.8041
3.2928,2.0184,0.095463,-0.047806,-0.00063799,8.788
3.2928,2.0184,0.095463,-0.047732,-0.0007092,8.7801
3.2929,2.0184,0.095463,-0.047654,-0.00080179,8.7967
3.2929,2.0184,0.095463,-0.047569,-0.00091183,8.794
3.293,2.0184,0.095463,-0.047486,-0.0009903,8.7948
3.2931,2.0184,0.095463,-0.047401,-0.0010441,8.8025
3.2931,2.0184,0.095463,-0.047312,-0.0011333,8.8087
3.2932,2.0184,0.095463,-0.047221,-0.001216,8.8003
3.2932,2.0184,0.095462,-0.047132,-0.0012696,8.8102
3.2933,2.0184,0.095462,-0.047056,-0.0012727,8.8089
3.2933,2.0184,0.095462,-0.046979,-0.001302,8.8037
3.2934,2.0184,0.095462,-0.046907,-0.0013002,8.8043
3.2934,2.0184,0.095462,-0.046851,-0.001306,8.8139
3.2935,2.0184,0.095462,-0.046798,-0.0013031,8.8123
3.2935,2.0184,0.095462,-0.04675,-0.0013289,8.8183
3.2936,2.0184,0.095462,-0.046706,-0.0013569,8.828
3.2936,2.0184,0.095462,-0.046662,-0.0013787,8.8131
3.2937,2.0184,0.095462,-0.046619,-0.0013863,8.8069
3.2937,2.0184,0.095462,-0.046579,-0.0013721,8.8107
3.2938,2.0184,0.095462,-0.04654,-0.0013292,8.8024
3.2938,2.0184,0.095462,-0.046504,-0.0013042,8.7916
3.2939,2.0184,0.095462,-0.046469,-0.0012794,8.7999
3.2939,2.0184,0.095462,-0.046437,-0.0012548,8.7972
3.294,2.0184,0.095461,-0.046406,-0.0012134,8.7895
3.2941,2.0183,0.095461,-0.046377,-0.0012015,8.7886
3.2941,2.0183,0.095461,-0.046351,-0.0012093,8.7889
3.2942,2.0183,0.095461,-0.046326,-0.0012277,8.7767
3.2942,2.0183,0.095461,-0.046304,-0.001231,8.7776
3.2943,2.0183,0.095461,-0.046283,-0.0012399,8.7784
3.2943,2.0183,0.095461,-0.046265,-0.0012832,8.7815
3.2944,2.0183,0.095461,-0.046249,-0.0013176,8.7752
3.2944,2.0183,0.095461,-0.046234,-0.0013508,8.7828
3.2945,2.0183,0.095461,-0.046222,-0.0014268,8.7815
3.2945,2.0183,0.095461,-0.046212,-0.001532,8.7813
3.2946,2.0183,0.095461,-0.046204,-0.0016262,8.7928
3.2946,2.0183,0.095461,-0.046199,-0.0016548,8.7908
3.2947,2.0183,0.09546,-0.046195,-0.001665,8.7845
3.2947,2.0183,0.09546,-0.046194,-0.0016849,8.7913
3.2948,2.0183,0.09546,-0.046195,-0.001688,8.7974
3.2948,2.0183,0.09546,-0.046198,-0.0017288,8.7914
3.2949,2.0183,0.09546,-0.046203,-0.0017867,8.8007
3.2949,2.0183,0.09546,-0.046211,-0.0018375,8.8104
3.295,2.0183,0.09546,-0.046223,-0.0018717,8.8104
3.2951,2.0183,0.09546,-0.046233,-0.0018511,8.8094
3.2951,2.0183,0.09546,-0.046243,-0.0017863,8.8212
3.2952,2.0183,0.09546,-0.046257,-0.001671,8.8167
3.2952,2.0183,0.09546,-0.046268,-0.0016022,8.8128
3.2953,2.0183,0.095459,-0.046281,-0.0015645,8.8159
3.2953,2.0183,0.095459,-0.046298,-0.0015439,8.8238
3.2954,2.0183,0.095459,-0.046317,-0.0015283,8.8086
3.2954,2.0183,0.095459,-0.04634,-0.0015437,8.816
3.2955,2.0183,0.095459,-0.046363,-0.0015611,8.8191
3.2955,2.0183,0.095459,-0.046392,-0.0015495,8.8051
3.2956,2.0183,0.095459,-0.046424,-0.0014999,8.8204
3.2956,2.0183,0.095459,-0.046455,-0.0014842,8.83
3.2957,2.0183,0.095459,-0.046489,-0.0014457,8.8282
3.2957,2.0183,0.095459,-0.046529,-0.0014098,8.8284
3.2958,2.0183,0.095459,-0.046571,-0.0013678,8.8312
3.2958,2.0183,0.095459,-0.046616,-0.0013124,8.8266
3.2959,2.0183,0.095459,-0.046667,-0.0012467,8.8251
3.2959,2.0183,0.095459,-0.046726,-0.0011673,8.8367
3.296,2.0183,0.095458,-0.046782,-0.0010741,8.8342
3.2961,2.0183,0.095458,-0.04684,-0.00097525,8.8324
3.2961,2.0183,0.095458,-0.046897,-0.00086205,8.8454
3.2962,2.0183,0.095458,-0.04695,-0.000754,8.8472
3.2962,2.0182,0.095458,-0.047002,-0.00062503,8.838
3.2963,2.0182,0.095458,-0.047055,-0.00049817,8.8529
3.2963,2.0182,0.095458,-0.047114,-0.00041049,8.8518
3.2964,2.0182,0.095458,-0.047179,-0.0003305,8.8386
3.2964,2.0182,0.095458,-0.047244,-0.00027567,8.8401
3.2965,2.0182,0.095458,-0.047312,-0.00024656,8.846
3.2965,2.0182,0.095458,-0.047378,-0.0002508,8.8308
3.2966,2.0182,0.095458,-0.047438,-0.00024377,8.833
3.2966,2.0182,0.095458,-0.047498,-0.00023867,8.8448
3.2967,2.0182,0.095458,-0.047554,-0.0001895,8.8391
3.2967,2.0182,0.095458,-0.047611,-0.00010541,8.8365
3.2968,2.0182,0.095458,-0.047667,7.0638e-05,8.8338
3.2968,2.0182,0.095458,-0.047721,0.00034011,8.8236
3.2969,2.0182,0.095458,-0.047781,0.00063616,8.8172
3.2969,2.0182,0.095458,-0.047844,0.00087646,8.8173
3.297,2.0182,0.095458,-0.047921,0.0011,8.8184
3.2971,2.0182,0.095458,-0.047996,0.0012296,8.8107
3.2971,2.0182,0.095458,-0.048065,0.0013011,8.8115
3.2972,2.0182,0.095458,-0.048136,0.0013253,8.814
3.2972,2.0182,0.095459,-0.048208,0.0013643,8.7998
3.2973,2.0182,0.095459,-0.04829,0.0014563,8.8082
3.2973,2.0182,0.095459,-0.048373,0.0015942,8.8175
3.2974,2.0182,0.095459,-0.048465,0.0017925,8.8001
3.2974,2.0182,0.095459,-0.048565,0.0020514,8.7961
3.2975,2.0182,0.095459,-0.048641,0.0023487,8.8038
3.2975,2.0182,0.095459,-0.048706,0.0026717,8.8005
3.2976,2.0182,0.095459,-0.048774,0.0030115,8.7996
3.2976,2.0182,0.09546,-0.048845,0.0033417,8.8057
3.2977,2.0182,0.09546,-0.048922,0.0036492,8.8128
3.2977,2.0182,0.09546,-0.048991,0.003922,8.8078
3.2978,2.0182,0.09546,-0.049065,0.0041735,8.8137
3.2978,2.0182,0.09546,-0.049134,0.0043966,8.8061
3.2979,2.0182,0.095461,-0.049183,0.004613,8.7893
3.2979,2.0182,0.095461,-0.049225,0.0048211,8.7879
3.298,2.0182,0.095461,-0.049271,0.005032,8.7893
3.2981,2.0182,0.095461,-0.049315,0.0052415,8.7796
3.2981,2.0182,0.095462,-0.049351,0.0054525,8.7804
3.2982,2.0182,0.095462,-0.049388,0.0056174,8.7908
3.2982,2.0182,0.095462,-0.049424,0.0057727,8.7791
3.2983,2.0182,0.095463,-0.049456,0.0060087,8.7738
3.2983,2.0181,0.095463,-0.049488,0.0062607,8.7779
3.2984,2.0181,0.095463,-0.049528,0.0065139,8.7741
3.2984,2.0181,0.095464,-0.049583,0.0068181,8.7592
3.2985,2.0181,0.095464,-0.049639,0.0071779,8.76
3.2985,2.0181,0.095464,-0.04969,0.0075663,8.7588
3.2986,2.0181,0.095465,-0.049739,0.0079361,8.7488
3.2986,2.0181,0.095465,-0.049782,0.0083157,8.7588
3.2987,2.0181,0.095466,-0.049805,0.0087676,8.768
3.2987,2.0181,0.095466,-0.049826,0.0092052,8.7617
3.2988,2.0181,0.095467,-0.049851,0.0096093,8.7606
3.2988,2.0181,0.095467,-0.049886,0.0099969,8.7692
3.2989,2.0181,0.095468,-0.049924,0.01036,8.7591
3.2989,2.0181,0.095468,-0.049971,0.010714,8.757
3.299,2.0181,0.095469,-0.05002,0.011047,8.7664
3.2991,2.0181,0.09547,-0.05007,0.011395,8.766
3.2991,2.0181,0.09547,-0.050115,0.011734,8.7671
3.2992,2.0181,0.095471,-0.050156,0.012065,8.7768
3.2992,2.0181,0.095471,-0.05019,0.01234,8.7801
3.2993,2.0181,0.095472,-0.050222,0.012556,8.7748
3.2993,2.0181,0.095473,-0.050249,0.012767,8.7839
3.2994,2.0181,0.095473,-0.050278,0.013016,8.7715
3.2994,2.0181,0.095474,-0.050304,0.013305,8.7635
3.2995,2.0181,0.095475,-0.050324,0.013631,8.7636
3.2995,2.0181,0.095476,-0.050343,0.013973,8.763
3.2996,2.0181,0.095476,-0.050356,0.014316,8.7507
3.2996,2.0181,0.095477,-0.05036,0.014596,8.7567
3.2997,2.0181,0.095478,-0.050357,0.014808,8.7636
3.2997,2.0181,0.095479,-0.050351,0.014978,8.753
3.2998,2.0181,0.09548,-0.050345,0.015137,8.7517
3.2998,2.0181,0.09548,-0.050342,0.015294,8.7643
3.2999,2.0181,0.095481,-0.050338,0.015452,8.7526
3.2999,2.0181,0.095482,-0.05034,0.015619,8.7557
3.3,2.0181,0.095483,-0.050347,0.015815,8.7634
3.3001,2.0181,0.095484,-0.050351,0.016006,8.7598
3.3001,2.0181,0.095484,-0.050358,0.016215,8.75
3.3002,2.0181,0.095485,-0.050385,0.016418,8.7653
3.3002,2.0181,0.095486,-0.050418,0.016628,8.7672
3.3003,2.0181,0.095487,-0.050449,0.016858,8.7693
3.3003,2.018,0.095488,-0.05047,0.01707,8.776
3.3004,2.018,0.095489,-0.050476,0.01728,8.7791
3.3004,2.018,0.09549,-0.05047,0.017513,8.767
3.3005,2.018,0.095491,-0.050459,0.017732,8.772
3.3005,2.018,0.095492,-0.050451,0.01796,8.7826
3.3006,2.018,0.095493,-0.050447,0.018168,8.7733
3.3006,2.018,0.095494,-0.050442,0.018343,8.7641
3.3007,2.018,0.095495,-0.05043,0.018522,8.7817
3.3007,2.018,0.095496,-0.050418,0.01868,8.7811
3.3008,2.018,0.095497,-0.050413,0.018856,8.7779
3.3008,2.018,0.095498,-0.050428,0.019034,8.7818
3.3009,2.018,0.095499,-0.050474,0.019216,8.7811
3.3009,2.018,0.0955,-0.050526,0.019399,8.7747
3.301,2.018,0.095501,-0.050579,0.019572,8.7732
3.3011,2.018,0.095502,-0.050624,0.01977,8.7744
3.3011,2.018,0.095503,-0.050656,0.019973,8.7627
3.3012,2.018,0.095504,-0.050677,0.02021,8.7694
3.3012,2.018,0.095505,-0.050698,0.020451,8.7716
3.3013,2.018,0.095506,-0.050699,0.020708,8.7668
3.3013,2.018,0.095507,-0.050695,0.020981,8.7626
3.3014,2.018,0.095508,-0.05067,0.021267,8.773
3.3014,2.018,0.095509,-0.050628,0.021554,8.7646
3.3015,2.018,0.09551,-0.050561,0.021884,8.7629
3.3015,2.018,0.095512,-0.050482,0.022199,8.765
3.3016,2.018,0.095513,-0.050396,0.022504,8.7672
3.3016,2.018,0.095514,-0.050305,0.022724,8.7607
3.3017,2.018,0.095515,-0.050199,0.022947,8.7739
3.3017,2.018,0.095516,-0.05011,0.023166,8.7822
3.3018,2.018,0.095518,-0.050046,0.023378,8.775
3.3018,2.018,0.095519,-0.050008,0.023588,8.7801
3.3019,2.018,0.09552,-0.049995,0.023792,8.7944
3.3019,2.018,0.095521,-0.050004,0.023986,8.7838
3.302,2.018,0.095523,-0.050034,0.024156,8.7871
3.3021,2.018,0.095524,-0.050066,0.024336,8.7889
3.3021,2.018,0.095525,-0.050092,0.024595,8.7828
3.3022,2.018,0.095527,-0.050113,0.024901,8.7716
3.3022,2.018,0.095528,-0.05014,0.025231,8.7839
3.3023,2.0179,0.095529,-0.050177,0.02558,8.7878
3.3023,2.0179,0.095531,-0.05022,0.025891,8.7787
3.3024,2.0179,0.095532,-0.050261,0.026119,8.7893
3.3024,2.0179,0.095533,-0.050309,0.026298,8.7853
3.3025,2.0179,0.095535,-0.050361,0.026517,8.7725
3.3025,2.0179,0.095536,-0.05041,0.026742,8.7757
3.3026,2.0179,0.095538,-0.05045,0.027018,8.7687
3.3026,2.0179,0.095539,-0.050485,0.027342,8.7525
3.3027,2.0179,0.095541,-0.050524,0.027722,8.7573
3.3027,2.0179,0.095542,-0.050558,0.028075,8.7662
3.3028,2.0179,0.095543,-0.050583,0.028298,8.7617
3.3028,2.0179,0.095545,-0.050601,0.028511,8.7601
3.3029,2.0179,0.095546,-0.050624,0.028703,8.7757
3.3029,2.0179,0.095548,-0.05065,0.028872,8.7704
3.303,2.0179,0.09555,-0.050672,0.029035,8.7672
3.3031,2.0179,0.095551,-0.050693,0.029222,8.769
3.3031,2.0179,0.095553,-0.050713,0.029426,8.7669
3.3032,2.0179,0.095554,-0.05073,0.0296,8.7543
3.3032,2.0179,0.095556,-0.050739,0.029714,8.7637
3.3033,2.0179,0.095557,-0.050747,0.029821,8.7715
3.3033,2.0179,0.095559,-0.050756,0.029897,8.7594
3.3034,2.0179,0.09556,-0.050765,0.029993,8.763
3.3034,2.0179,0.095562,-0.050773,0.030101,8.7645
3.3035,2.0179,0.095564,-0.050781,0.030282,8.7515
3.3035,2.0179,0.095565,-0.050789,0.030487,8.7527
3.3036,2.0179,0.095567,-0.050796,0.030685,8.7588
3.3036,2.0179,0.095568,-0.050802,0.030845,8.7473
3.3037,2.0179,0.09557,-0.050808,0.030924,8.7423
3.3037,2.0179,0.095572,-0.050814,0.030959,8.7501
3.3038,2.0179,0.095573,-0.050819,0.031,8.7488
3.3038,2.0179,0.095575,-0.050823,0.031042,8.7381
3.3039,2.0179,0.095577,-0.050828,0.031113,8.749
3.3039,2.0179,0.095578,-0.050831,0.031197,8.7482
3.304,2.0179,0.09558,-0.050835,0.031312,8.7343
3.3041,2.0179,0.095582,-0.050837,0.031424,8.7388
3.3041,2.0179,0.095583,-0.05084,0.0315,8.74
3.3042,2.0179,0.095585,-0.050841,0.031519,8.7304
3.3042,2.0179,0.095587,-0.050843,0.03155,8.7297
3.3043,2.0178,0.095588,-0.050844,0.031591,8.7334
3.3043,2.0178,0.09559,-0.050846,0.031627,8.734
3.3044,2.0178,0.095592,-0.050847,0.031658,8.7323
3.3044,2.0178,0.095593,-0.050843,0.031751,8.7454
3.3045,2.0178,0.095595,-0.050832,0.031894,8.7471
3.3045,2.0178,0.095597,-0.050819,0.032034,8.7477
3.3046,2.0178,0.095598,-0.050803,0.032099,8.7537
3.3046,2.0178,0.0956,-0.050785,0.032165,8.7598
3.3047,2.0178,0.095602,-0.050766,0.032216,8.755
3.3047,2.0178,0.095603,-0.05075,0.032255,8.7645
3.3048,2.0178,0.095605,-0.050733,0.032317,8.7693
3.3048,2.0178,0.095607,-0.050714,0.032422,8.7599
3.3049,2.0178,0.095609,-0.050692,0.032528,8.7658
3.3049,2.0178,0.09561,-0.050665,0.032614,8.7727
3.305,2.0178,0.095612,-0.050652,0.032634,8.767
3.3051,2.0178,0.095614,-0.050642,0.032593,8.7623
3.3051,2.0178,0.095615,-0.050645,0.032459,8.7642
3.3052,2.0178,0.095617,-0.050659,0.032357,8.7511
3.3052,2.0178,0.095619,-0.050673,0.032315,8.7398
3.3053,2.0178,0.09562,-0.050692,0.032297,8.7578
3.3053,2.0178,0.095622,-0.050703,0.032332,8.752
3.3054,2.0178,0.095624,-0.050704,0.032439,8.7467
3.3054,2.0178,0.095626,-0.050716,0.032577,8.7533
3.3055,2.0178,0.095627,-0.05073,0.032712,8.757
3.3055,2.0178,0.095629,-0.050756,0.032798,8.7441
3.3056,2.0178,0.095631,-0.050782,0.032886,8.7511
3.3056,2.0178,0.095633,-0.050796,0.032948,8.75
3.3057,2.0178,0.095634,-0.050804,0.032985,8.7385
3.3057,2.0178,0.095636,-0.050794,0.033018,8.7482
3.3058,2.0178,0.095638,-0.050772,0.033077,8.7565
3.3058,2.0178,0.095639,-0.050746,0.033154,8.7519
3.3059,2.0178,0.095641,-0.05072,0.033242,8.7577
3.3059,2.0178,0.095643,-0.0507,0.033326,8.771
3.306,2.0178,0.095645,-0.050683,0.033404,8.7747
3.3061,2.0178,0.095646,-0.050669,0.033462,8.7783
3.3061,2.0178,0.095648,-0.050655,0.033503,8.7833
3.3062,2.0178,0.09565,-0.050641,0.033498,8.7801
3.3062,2.0177,0.095652,-0.050625,0.033504,8.7729
3.3063,2.0177,0.095654,-0.050607,0.033591,8.7847
3.3063,2.0177,0.095655,-0.050587,0.033716,8.7863
3.3064,2.0177,0.095657,-0.050569,0.033882,8.7818
3.3064,2.0177,0.095659,-0.050549,0.034088,8.7865
3.3065,2.0177,0.095661,-0.050532,0.034339,8.7871
3.3065,2.0177,0.095663,-0.050519,0.03457,8.7803
3.3066,2.0177,0.095664,-0.050514,0.034791,8.7712
3.3066,2.0177,0.095666,-0.050511,0.034946,8.7796
3.3067,2.0177,0.095668,-0.050514,0.035127,8.7691
3.3067,2.0177,0.09567,-0.050517,0.035281,8.7663
3.3068,2.0177,0.095672,-0.050516,0.035366,8.7792
3.3068,2.0177,0.095674,-0.050508,0.035421,8.7751
3.3069,2.0177,0.095675,-0.050495,0.035493,8.7733
3.3069,2.0177,0.095677,-0.050479,0.035573,8.7882
3.307,2.0177,0.095679,-0.050463,0.035718,8.7902
3.3071,2.0177,0.095681,-0.050444,0.035888,8.7858
3.3071,2.0177,0.095683,-0.050427,0.036111,8.7856
3.3072,2.0177,0.095685,-0.050411,0.036347,8.7957
3.3072,2.0177,0.095687,-0.050396,0.036527,8.7856
3.3073,2.0177,0.095689,-0.050381,0.036628,8.7873
3.3073,2.0177,0.095691,-0.050366,0.036666,8.7987
3.3074,2.0177,0.095693,-0.050351,0.036667,8.8015
3.3074,2.0177,0.095695,-0.050337,0.036652,8.8056
3.3075,2.0177,0.095697,-0.050323,0.036646,8.8141
3.3075,2.0177,0.095698,-0.05031,0.036679,8.8168
3.3076,2.0177,0.0957,-0.050296,0.03674,8.8191
3.3076,2.0177,0.095702,-0.050284,0.036854,8.8244
3.3077,2.0177,0.095704,-0.050271,0.036982,8.8223
3.3077,2.0177,0.095706,-0.050259,0.037166,8.8098
3.3078,2.0177,0.095708,-0.050247,0.037367,8.822
3.3078,2.0177,0.09571,-0.050235,0.03756,8.8216
3.3079,2.0177,0.095712,-0.050223,0.037788,8.8108
3.3079,2.0177,0.095714,-0.05021,0.038039,8.8166
3.308,2.0177,0.095716,-0.0502,0.038264,8.8271
3.3081,2.0177,0.095718,-0.050191,0.038509,8.8111
3.3081,2.0177,0.09572,-0.050185,0.03883,8.8146
3.3082,2.0177,0.095722,-0.050183,0.039191,8.8138
3.3082,2.0176,0.095724,-0.050188,0.03951,8.8013
3.3083,2.0176,0.095726,-0.050198,0.039806,8.793
3.3083,2.0176,0.095729,-0.050213,0.040113,8.8088
3.3084,2.0176,0.095731,-0.050228,0.040335,8.8031
3.3084,2.0176,0.095733,-0.050244,0.040415,8.7968
3.3085,2.0176,0.095735,-0.050258,0.040457,8.8172
3.3085,2.0176,0.095737,-0.050272,0.040523,8.8165
3.3086,2.0176,0.095739,-0.050289,0.040552,8.8022
3.3086,2.0176,0.095741,-0.050309,0.040525,8.8209
3.3087,2.0176,0.095743,-0.050332,0.040499,8.8199
3.3087,2.0176,0.095746,-0.050356,0.04049,8.8093
3.3088,2.0176,0.095748,-0.050374,0.040472,8.8146
3.3088,2.0176,0.09575,-0.050387,0.040403,8.8258
3.3089,2.0176,0.095752,-0.050395,0.040404,8.8197
3.3089,2.0176,0.095754,-0.050399,0.040459,8.8161
3.309,2.0176,0.095756,-0.050402,0.040511,8.8312
3.3091,2.0176,0.095758,-0.050407,0.040554,8.8299
3.3091,2.0176,0.095761,-0.050412,0.040606,8.82
3.3092,2.0176,0.095763,-0.050417,0.040705,8.8223
3.3092,2.0176,0.095765,-0.05042,0.040881,8.8175
3.3093,2.0176,0.095767,-0.050427,0.041019,8.8038
3.3093,2.0176,0.095769,-0.050434,0.041181,8.8068
3.3094,2.0176,0.095771,-0.050442,0.041287,8.7984
3.3094,2.0176,0.095774,-0.050459,0.041328,8.7883
3.3095,2.0176,0.095776,-0.050484,0.04131,8.7957
3.3095,2.0176,0.095778,-0.050521,0.041295,8.8052
3.3096,2.0176,0.09578,-0.050565,0.041335,8.789
3.3096,2.0176,0.095782,-0.050611,0.041425,8.7902
3.3097,2.0176,0.095784,-0.050661,0.041539,8.7967
3.3097,2.0176,0.095787,-0.050707,0.041686,8.7839
3.3098,2.0176,0.095789,-0.050747,0.041851,8.7792
3.3098,2.0176,0.095791,-0.050789,0.042024,8.7914
3.3099,2.0176,0.095793,-0.050829,0.042194,8.7895
3.3099,2.0176,0.095795,-0.050871,0.04234,8.7901
3.31,2.0176,0.095798,-0.050921,0.042455,8.8073
3.3101,2.0176,0.0958,-0.050968,0.042495,8.8083
3.3101,2.0176,0.095802,-0.051002,0.042508,8.7983
3.3102,2.0176,0.095804,-0.051025,0.042538,8.807
3.3102,2.0175,0.095807,-0.051044,0.042579,8.8106
3.3103,2.0175,0.095809,-0.051062,0.042623,8.803
3.3103,2.0175,0.095811,-0.051091,0.042694,8.8034
3.3104,2.0175,0.095813,-0.051126,0.042759,8.8126
3.3104,2.0175,0.095816,-0.051162,0.042837,8.8026
3.3105,2.0175,0.095818,-0.051192,0.042896,8.7998
3.3105,2.0175,0.09582,-0.051217,0.042957,8.8203
3.3106,2.0175,0.095822,-0.051238,0.04307,8.8149
3.3106,2.0175,0.095825,-0.051255,0.043172,8.809
3.3107,2.0175,0.095827,-0.051267,0.043274,8.8122
3.3107,2.0175,0.095829,-0.051278,0.04338,8.7999
3.3108,2.0175,0.095832,-0.051279,0.043493,8.7902
3.3108,2.0175,0.095834,-0.051258,0.043608,8.7893
3.3109,2.0175,0.095836,-0.05124,0.043723,8.7874
3.3109,2.0175,0.095838,-0.051226,0.043854,8.7725
3.311,2.0175,0.095841,-0.051219,0.043968,8.7811
3.3111,2.0175,0.095843,-0.051219,0.044086,8.792
3.3111,2.0175,0.095845,-0.051228,0.044174,8.7845
3.3112,2.0175,0.095848,-0.051241,0.044253,8.7966
3.3112,2.0175,0.09585,-0.051271,0.044319,8.8048
3.3113,2.0175,0.095852,-0.051303,0.044363,8.805
3.3113,2.0175,0.095855,-0.05135,0.044385,8.7985
3.3114,2.0175,0.095857,-0.0514,0.044395,8.8132
3.3114,2.0175,0.095859,-0.051464,0.044349,8.8095
3.3115,2.0175,0.095862,-0.051528,0.044301,8.8073
3.3115,2.0175,0.095864,-0.051594,0.044252,8.8239
3.3116,2.0175,0.095866,-0.051659,0.044255,8.8274
3.3116,2.0175,0.095869,-0.051739,0.044277,8.8311
3.3117,2.0175,0.095871,-0.051816,0.044323,8.8416
3.3117,2.0175,0.095873,-0.051891,0.044383,8.8385
3.3118,2.0175,0.095876,-0.051964,0.044465,8.8307
3.3118,2.0175,0.095878,-0.052037,0.044593,8.8277
3.3119,2.0175,0.09588,-0.052101,0.044745,8.8397
3.3119,2.0175,0.095883,-0.052148,0.044879,8.8198
3.312,2.0175,0.095885,-0.05218,0.045014,8.8246
3.3121,2.0175,0.095888,-0.052209,0.045096,8.8269
3.3121,2.0174,0.09589,-0.052228,0.045115,8.8299
3.3122,2.0174,0.095892,-0.052242,0.045064,8.8221
3.3122,2.0174,0.095895,-0.052236,0.044961,8.8294
3.3123,2.0174,0.095897,-0.052232,0.044875,8.8257
3.3123,2.0174,0.095899,-0.052223,0.044806,8.8163
3.3124,2.0174,0.095902,-0.052209,0.04474,8.8207
3.3124,2.0174,0.095904,-0.052195,0.044705,8.8209
3.3125,2.0174,0.095906,-0.052196,0.044677,8.8049
3.3125,2.0174,0.095909,-0.052202,0.044617,8.8169
3.3126,2.0174,0.095911,-0.052209,0.044559,8.8248
3.3126,2.0174,0.095913,-0.052198,0.044463,8.8158
3.3127,2.0174,0.095916,-0.052186,0.044383,8.824
3.3127,2.0174,0.095918,-0.05216,0.044334,8.8294
3.3128,2.0174,0.09592,-0.052131,0.044331,8.8185
3.3128,2.0174,0.095923,-0.052098,0.044404,8.8214
3.3129,2.0174,0.095925,-0.05208,0.044518,8.8347
3.3129,2.0174,0.095928,-0.052067,0.044638,8.8358
3.313,2.0174,0.09593,-0.052056,0.044764,8.8296
3.3131,2.0174,0.095932,-0.05205,0.044869,8.8421
3.3131,2.0174,0.095935,-0.052046,0.044974,8.848
3.3132,2.0174,0.095937,-0.052041,0.04507,8.8423
3.3132,2.0174,0.095939,-0.052032,0.045211,8.8533
3.3133,2.0174,0.095942,-0.052023,0.045395,8.8504
3.3133,2.0174,0.095944,-0.052017,0.045587,8.8337
3.3134,2.0174,0.095947,-0.05201,0.045729,8.8277
3.3134,2.0174,0.095949,-0.052,0.045765,8.8342
3.3135,2.0174,0.095951,-0.051995,0.045727,8.8207
3.3135,2.0174,0.095954,-0.051996,0.045643,8.8115
3.3136,2.0174,0.095956,-0.052004,0.045546,8.8211
3.3136,2.0174,0.095959,-0.052019,0.045493,8.8181
3.3137,2.0174,0.095961,-0.05204,0.045461,8.8164
3.3137,2.0174,0.095963,-0.052065,0.04542,8.8225
3.3138,2.0174,0.095966,-0.052092,0.045401,8.8151
3.3138,2.0174,0.095968,-0.052117,0.045354,8.805
3.3139,2.0174,0.09597,-0.052142,0.045253,8.8112
3.3139,2.0174,0.095973,-0.052168,0.045158,8.8124
3.314,2.0174,0.095975,-0.052194,0.045082,8.8057
3.3141,2.0173,0.095978,-0.05222,0.045027,8.8095
3.3141,2.0173,0.09598,-0.052247,0.045005,8.8189
3.3142,2.0173,0.095982,-0.052274,0.044986,8.8147
3.3142,2.0173,0.095985,-0.052303,0.045009,8.825
3.3143,2.0173,0.095987,-0.052327,0.045042,8.8241
3.3143,2.0173,0.095989,-0.05235,0.045065,8.8087
3.3144,2.0173,0.095992,-0.052378,0.045064,8.8028
3.3144,2.0173,0.095994,-0.052411,0.045039,8.8073
3.3145,2.0173,0.095997,-0.052445,0.045001,8.8038
3.3145,2.0173,0.095999,-0.05248,0.045011,8.7918
3.3146,2.0173,0.096001,-0.052512,0.045027,8.805
3.3146,2.0173,0.096004,-0.052548,0.045052,8.8033
3.3147,2.0173,0.096006,-0.052583,0.045068,8.7938
3.3147,2.0173,0.096008,-0.052624,0.04506,8.8019
3.3148,2.0173,0.096011,-0.052674,0.044978,8.7998
3.3148,2.0173,0.096013,-0.052726,0.044872,8.7847
3.3149,2.0173,0.096016,-0.052785,0.044767,8.782
3.3149,2.0173,0.096018,-0.052835,0.044694,8.7882
3.315,2.0173,0.09602,-0.052882,0.044644,8.7695
3.3151,2.0173,0.096023,-0.052917,0.044631,8.7624
3.3151,2.0173,0.096025,-0.052945,0.04461,8.776
3.3152,2.0173,0.096027,-0.052975,0.04459,8.7647
3.3152,2.0173,0.09603,-0.053002,0.044592,8.7614
3.3153,2.0173,0.096032,-0.053037,0.044573,8.7758
3.3153,2.0173,0.096034,-0.053086,0.044534,8.7679
3.3154,2.0173,0.096037,-0.05313,0.044478,8.7663
3.3154,2.0173,0.096039,-0.053168,0.044408,8.7628
3.3155,2.0173,0.096041,-0.053193,0.044336,8.7696
3.3155,2.0173,0.096044,-0.053217,0.044276,8.7671
3.3156,2.0173,0.096046,-0.053254,0.044239,8.7733
3.3156,2.0173,0.096048,-0.053292,0.044228,8.7845
3.3157,2.0173,0.096051,-0.053346,0.044257,8.7774
3.3157,2.0173,0.096053,-0.053408,0.044269,8.7811
3.3158,2.0173,0.096055,-0.053475,0.044284,8.7874
3.3158,2.0173,0.096058,-0.053539,0.044313,8.7765
3.3159,2.0173,0.09606,-0.053603,0.044368,8.7748
3.3159,2.0172,0.096062,-0.053666,0.044453,8.7805
3.316,2.0172,0.096065,-0.053731,0.044565,8.7748
3.3161,2.0172,0.096067,-0.053794,0.044696,8.765
3.3161,2.0172,0.096069,-0.053857,0.044876,8.774
3.3162,2.0172,0.096072,-0.053921,0.045039,8.7701
3.3162,2.0172,0.096074,-0.053988,0.045169,8.7654
3.3163,2.0172,0.096076,-0.05406,0.045274,8.773
3.3163,2.0172,0.096079,-0.054129,0.045375,8.7722
3.3164,2.0172,0.096081,-0.054201,0.045457,8.7575
3.3164,2.0172,0.096084,-0.054271,0.045511,8.7591
3.3165,2.0172,0.096086,-0.054338,0.045538,8.766
3.3165,2.0172,0.096088,-0.054396,0.045532,8.7532
3.3166,2.0172,0.096091,-0.054451,0.04555,8.7546
3.3166,2.0172,0.096093,-0.054499,0.045545,8.7634
3.3167,2.0172,0.096096,-0.054546,0.045519,8.7618
3.3167,2.0172,0.096098,-0.054595,0.045514,8.7597
3.3168,2.0172,0.0961,-0.054651,0.045538,8.7781
3.3168,2.0172,0.096103,-0.054711,0.045575,8.772
3.3169,2.0172,0.096105,-0.054775,0.0456,8.7647
3.3169,2.0172,0.096108,-0.054837,0.045597,8.7714
3.317,2.0172,0.09611,-0.0549,0.045599,8.7729
3.3171,2.0172,0.096112,-0.054959,0.045561,8.7601
3.3171,2.0172,0.096115,-0.05502,0.045491,8.7736
3.3172,2.0172,0.096117,-0.05508,0.045442,8.7854
3.3172,2.0172,0.09612,-0.055136,0.045449,8.7814
3.3173,2.0172,0.096122,-0.055193,0.045503,8.7784
3.3173,2.0172,0.096124,-0.055248,0.04559,8.7886
3.3174,2.0172,0.096127,-0.055299,0.045716,8.7778
3.3174,2.0172,0.096129,-0.055352,0.045837,8.771
3.3175,2.0172,0.096132,-0.055409,0.045916,8.7711
3.3175,2.0172,0.096134,-0.055467,0.045957,8.7659
3.3176,2.0172,0.096136,-0.055524,0.045961,8.759
3.3176,2.0172,0.096139,-0.055575,0.045931,8.7645
3.3177,2.0172,0.096141,-0.055623,0.04588,8.7639
3.3177,2.0172,0.096144,-0.055669,0.045826,8.7541
3.3178,2.0171,0.096146,-0.055717,0.045807,8.7655
3.3178,2.0171,0.096149,-0.055769,0.045772,8.7636
3.3179,2.0171,0.096151,-0.05582,0.04572,8.7545
3.3179,2.0171,0.096153,-0.055873,0.045675,8.7544
3.318,2.0171,0.096156,-0.055929,0.045617,8.7621
3.3181,2.0171,0.096158,-0.055979,0.045513,8.752
3.3181,2.0171,0.096161,-0.056031,0.045405,8.7518
3.3182,2.0171,0.096163,-0.056094,0.045271,8.7671
3.3182,2.0171,0.096165,-0.05616,0.045143,8.7637
3.3183,2.0171,0.096168,-0.056226,0.045009,8.7646
3.3183,2.0171,0.09617,-0.056288,0.0449,8.7864
3.3184,2.0171,0.096172,-0.056345,0.044865,8.7824
3.3184,2.0171,0.096175,-0.056398,0.044829,8.7797
3.3185,2.0171,0.096177,-0.056446,0.044779,8.7865
3.3185,2.0171,0.096179,-0.056498,0.044752,8.7866
3.3186,2.0171,0.096182,-0.056555,0.044704,8.7808
3.3186,2.0171,0.096184,-0.056615,0.044655,8.7911
3.3187,2.0171,0.096187,-0.056678,0.044617,8.7963
3.3187,2.0171,0.096189,-0.056742,0.044582,8.7892
3.3188,2.0171,0.096191,-0.056805,0.044607,8.79
3.3188,2.0171,0.096194,-0.056869,0.04463,8.8002
3.3189,2.0171,0.096196,-0.056935,0.044655,8.7863
3.3189,2.0171,0.096198,-0.056999,0.044683,8.7865
3.319,2.0171,0.096201,-0.057063,0.044711,8.7931
3.3191,2.0171,0.096203,-0.057123,0.044723,8.7831
3.3191,2.0171,0.096205,-0.057181,0.044742,8.7749
3.3192,2.0171,0.096208,-0.057236,0.044696,8.7853
3.3192,2.0171,0.09621,-0.057286,0.044678,8.7828
3.3193,2.0171,0.096212,-0.05733,0.04466,8.7795
3.3193,2.0171,0.096215,-0.05737,0.044653,8.7889
3.3194,2.0171,0.096217,-0.057407,0.044626,8.7969
3.3194,2.0171,0.096219,-0.057438,0.044607,8.782
3.3195,2.0171,0.096222,-0.057471,0.044543,8.7874
3.3195,2.017,0.096224,-0.057513,0.044491,8.7985
3.3196,2.017,0.096226,-0.057562,0.04441,8.7894
3.3196,2.017,0.096229,-0.057614,0.044351,8.7893
3.3197,2.017,0.096231,-0.057666,0.044303,8.7993
3.3197,2.017,0.096233,-0.057719,0.044265,8.7883
3.3198,2.017,0.096236,-0.057768,0.044195,8.7874
3.3198,2.017,0.096238,-0.057805,0.04413,8.7928
3.3199,2.017,0.09624,-0.057841,0.044045,8.7894
3.3199,2.017,0.096243,-0.057876,0.044007,8.7775
3.32,2.017,0.096245,-0.057914,0.044011,8.7795
3.3201,2.017,0.096247,-0.057951,0.044058,8.7723
3.3201,2.017,0.09625,-0.05799,0.044098,8.7613
3.3202,2.017,0.096252,-0.058034,0.044125,8.7618
3.3202,2.017,0.096254,-0.058077,0.044128,8.7617
3.3203,2.017,0.096257,-0.058117,0.044125,8.7506
3.3203,2.017,0.096259,-0.058155,0.044116,8.7523
3.3204,2.017,0.096261,-0.058191,0.044117,8.7653
3.3204,2.017,0.096264,-0.058225,0.044132,8.7457
3.3205,2.017,0.096266,-0.058258,0.044166,8.7478
3.3205,2.017,0.096268,-0.058291,0.044178,8.7463
3.3206,2.017,0.096271,-0.058319,0.044186,8.7365
3.3206,2.017,0.096273,-0.058345,0.044191,8.7283
3.3207,2.017,0.096275,-0.058366,0.044194,8.7306
3.3207,2.017,0.096278,-0.058381,0.044198,8.7314
3.3208,2.017,0.09628,-0.05839,0.044207,8.732
3.3208,2.017,0.096282,-0.058394,0.04423,8.7341
3.3209,2.017,0.096285,-0.058395,0.044253,8.7417
3.3209,2.017,0.096287,-0.058394,0.044273,8.7321
3.321,2.017,0.096289,-0.058389,0.044301,8.7395
3.3211,2.017,0.096292,-0.058385,0.044294,8.7463
3.3211,2.017,0.096294,-0.058383,0.044263,8.7463
3.3212,2.017,0.096296,-0.058376,0.04423,8.7468
3.3212,2.017,0.096299,-0.058365,0.044166,8.7578
3.3213,2.0169,0.096301,-0.058349,0.044095,8.7526
3.3213,2.0169,0.096303,-0.058333,0.04403,8.7516
3.3214,2.0169,0.096305,-0.058322,0.043984,8.7632
3.3214,2.0169,0.096308,-0.058313,0.043991,8.762
3.3215,2.0169,0.09631,-0.058308,0.043969,8.7549
3.3215,2.0169,0.096312,-0.058311,0.043954,8.7652
3.3216,2.0169,0.096315,-0.058314,0.043955,8.7658
3.3216,2.0169,0.096317,-0.058312,0.043933,8.7527
3.3217,2.0169,0.096319,-0.058296,0.043926,8.7568
3.3217,2.0169,0.096322,-0.058272,0.043941,8.7597
3.3218,2.0169,0.096324,-0.058236,0.043918,8.7464
3.3218,2.0169,0.096326,-0.058189,0.04385,8.7547
3.3219,2.0169,0.096329,-0.058144,0.04373,8.7616
3.3219,2.0169,0.096331,-0.058108,0.043578,8.7507
3.322,2.0169,0.096333,-0.058079,0.043419,8.7508
3.3221,2.0169,0.096335,-0.058062,0.043298,8.7562
3.3221,2.0169,0.096338,-0.058045,0.04323,8.7448
3.3222,2.0169,0.09634,-0.058043,0.043179,8.7403
3.3222,2.0169,0.096342,-0.058032,0.043101,8.758
3.3223,2.0169,0.096345,-0.058029,0.043015,8.7573
3.3223,2.0169,0.096347,-0.058027,0.042957,8.7513
3.3224,2.0169,0.096349,-0.058017,0.042916,8.7636
3.3224,2.0169,0.096351,-0.057988,0.042913,8.7727
3.3225,2.0169,0.096354,-0.057957,0.042964,8.7694
3.3225,2.0169,0.096356,-0.057924,0.043027,8.7788
3.3226,2.0169,0.096358,-0.057908,0.043071,8.7861
3.3226,2.0169,0.09636,-0.057899,0.0431,8.7831
3.3227,2.0169,0.096363,-0.057914,0.043155,8.7866
3.3227,2.0169,0.096365,-0.057939,0.043166,8.797
3.3228,2.0169,0.096367,-0.057969,0.043137,8.7914
3.3228,2.0169,0.096369,-0.057991,0.043022,8.8015
3.3229,2.0169,0.096372,-0.05801,0.042859,8.8077
3.3229,2.0169,0.096374,-0.058029,0.042693,8.8013
3.323,2.0168,0.096376,-0.058044,0.042531,8.7957
3.3231,2.0168,0.096378,-0.058056,0.042388,8.8039
3.3231,2.0168,0.096381,-0.058067,0.042296,8.7924
3.3232,2.0168,0.096383,-0.058081,0.042181,8.7804
3.3232,2.0168,0.096385,-0.058098,0.042035,8.7874
3.3233,2.0168,0.096387,-0.058115,0.041837,8.786
3.3233,2.0168,0.096389,-0.058135,0.041647,8.7721
3.3234,2.0168,0.096392,-0.05816,0.0415,8.7849
3.3234,2.0168,0.096394,-0.058183,0.041388,8.7943
3.3235,2.0168,0.096396,-0.058202,0.041309,8.7889
3.3235,2.0168,0.096398,-0.058215,0.041255,8.7861
3.3236,2.0168,0.0964,-0.058223,0.041211,8.7924
3.3236,2.0168,0.096403,-0.058223,0.041152,8.7867
3.3237,2.0168,0.096405,-0.058222,0.041107,8.7777
3.3237,2.0168,0.096407,-0.05822,0.041034,8.7915
3.3238,2.0168,0.096409,-0.058222,0.040949,8.7924
3.3238,2.0168,0.096411,-0.058227,0.040871,8.7858
3.3239,2.0168,0.096413,-0.058238,0.040769,8.8046
3.3239,2.0168,0.096415,-0.058249,0.040647,8.8184
3.324,2.0168,0.096418,-0.058261,0.040532,8.8068
3.3241,2.0168,0.09642,-0.058266,0.040415,8.8189
3.3241,2.0168,0.096422,-0.05827,0.040278,8.8221
3.3242,2.0168,0.096424,-0.058267,0.040117,8.8126
3.3242,2.0168,0.096426,-0.058267,0.039937,8.8095
3.3243,2.0168,0.096428,-0.058272,0.039764,8.8231
3.3243,2.0168,0.09643,-0.058279,0.039594,8.819
3.3244,2.0168,0.096432,-0.058288,0.039432,8.8161
3.3244,2.0168,0.096434,-0.058304,0.039285,8.8307
3.3245,2.0168,0.096436,-0.058321,0.039103,8.8195
3.3245,2.0168,0.096438,-0.058336,0.038889,8.8209
3.3246,2.0168,0.09644,-0.058337,0.038684,8.8277
3.3246,2.0168,0.096443,-0.058332,0.03847,8.823
3.3247,2.0167,0.096445,-0.058319,0.038283,8.8135
3.3247,2.0167,0.096447,-0.0583,0.038146,8.8135
3.3248,2.0167,0.096449,-0.058285,0.038036,8.8126
3.3248,2.0167,0.096451,-0.058274,0.037937,8.7974
3.3249,2.0167,0.096453,-0.05827,0.037825,8.811
3.3249,2.0167,0.096454,-0.058269,0.037716,8.8165
3.325,2.0167,0.096456,-0.058264,0.037607,8.8085
3.3251,2.0167,0.096458,-0.05826,0.037501,8.8154
3.3251,2.0167,0.09646,-0.05826,0.037396,8.8169
3.3252,2.0167,0.096462,-0.058261,0.037294,8.8127
3.3252,2.0167,0.096464,-0.058263,0.037194,8.8091
3.3253,2.0167,0.096466,-0.058255,0.037096,8.8171
3.3253,2.0167,0.096468,-0.058245,0.037,8.8173
3.3254,2.0167,0.09647,-0.058231,0.036907,8.8116
3.3254,2.0167,0.096472,-0.058214,0.036817,8.8278
3.3255,2.0167,0.096474,-0.058195,0.036729,8.8332
3.3255,2.0167,0.096476,-0.058175,0.036644,8.8246
3.3256,2.0167,0.096478,-0.058156,0.036577,8.8322
3.3256,2.0167,0.09648,-0.058136,0.036489,8.8321
3.3257,2.0167,0.096482,-0.058114,0.0364,8.8197
3.3257,2.0167,0.096484,-0.058094,0.036294,8.8231
3.3258,2.0167,0.096486,-0.058074,0.036159,8.831
3.3258,2.0167,0.096487,-0.058052,0.035989,8.8177
3.3259,2.0167,0.096489,-0.058026,0.035788,8.8161
3.3259,2.0167,0.096491,-0.057997,0.035562,8.8262
3.326,2.0167,0.096493,-0.057974,0.03533,8.8184
3.3261,2.0167,0.096495,-0.057958,0.035068,8.8108
3.3261,2.0167,0.096497,-0.057946,0.034816,8.8136
3.3262,2.0167,0.096499,-0.057934,0.034559,8.802
3.3262,2.0167,0.0965,-0.057917,0.034297,8.7966
3.3263,2.0167,0.096502,-0.057898,0.034015,8.7972
3.3263,2.0167,0.096504,-0.057872,0.033737,8.7967
3.3264,2.0167,0.096506,-0.057844,0.033481,8.7815
3.3264,2.0166,0.096507,-0.057814,0.03326,8.7889
3.3265,2.0166,0.096509,-0.057785,0.033092,8.799
3.3265,2.0166,0.096511,-0.057751,0.032954,8.7898
3.3266,2.0166,0.096513,-0.057718,0.032818,8.7913
3.3266,2.0166,0.096514,-0.057682,0.032658,8.8054
3.3267,2.0166,0.096516,-0.057652,0.032444,8.7988
3.3267,2.0166,0.096518,-0.057625,0.032175,8.7971
3.3268,2.0166,0.096519,-0.057598,0.031901,8.8058
3.3268,2.0166,0.096521,-0.057567,0.031614,8.8028
3.3269,2.0166,0.096523,-0.057535,0.031358,8.7971
3.3269,2.0166,0.096524,-0.057501,0.03113,8.8114
3.327,2.0166,0.096526,-0.057466,0.03095,8.8243
3.3271,2.0166,0.096528,-0.057427,0.030792,8.818
3.3271,2.0166,0.096529,-0.057391,0.030644,8.8272
3.3272,2.0166,0.096531,-0.057359,0.03044,8.8374
3.3272,2.0166,0.096532,-0.057327,0.030204,8.8217
3.3273,2.0166,0.096534,-0.057296,0.029908,8.8199
3.3273,2.0166,0.096536,-0.057271,0.029565,8.8222
3.3274,2.0166,0.096537,-0.057244,0.029224,8.8128
3.3274,2.0166,0.096539,-0.057213,0.028931,8.8166
3.3275,2.0166,0.09654,-0.057181,0.028691,8.8271
3.3275,2.0166,0.096542,-0.057155,0.028511,8.8202
3.3276,2.0166,0.096543,-0.057141,0.028361,8.8085
3.3276,2.0166,0.096545,-0.057139,0.028246,8.8179
3.3277,2.0166,0.096546,-0.057144,0.028148,8.8114
3.3277,2.0166,0.096548,-0.057148,0.028055,8.7996
3.3278,2.0166,0.096549,-0.057143,0.027943,8.8007
3.3278,2.0166,0.096551,-0.057132,0.027817,8.7948
3.3279,2.0166,0.096552,-0.057113,0.027698,8.7864
3.3279,2.0166,0.096553,-0.057088,0.027569,8.7933
3.328,2.0166,0.096555,-0.057069,0.027414,8.8057
3.3281,2.0166,0.096556,-0.057051,0.027251,8.7956
3.3281,2.0166,0.096558,-0.057023,0.027103,8.809
3.3282,2.0165,0.096559,-0.056991,0.027005,8.8218
3.3282,2.0165,0.096561,-0.056959,0.026904,8.8227
3.3283,2.0165,0.096562,-0.056932,0.026807,8.8228
3.3283,2.0165,0.096563,-0.056908,0.026697,8.8361
3.3284,2.0165,0.096565,-0.056891,0.026572,8.8444
3.3284,2.0165,0.096566,-0.056878,0.026432,8.8378
3.3285,2.0165,0.096568,-0.056863,0.026318,8.8491
3.3285,2.0165,0.096569,-0.056843,0.026271,8.8515
3.3286,2.0165,0.09657,-0.056821,0.026266,8.8469
3.3286,2.0165,0.096572,-0.056795,0.026282,8.8506
3.3287,2.0165,0.096573,-0.056768,0.026335,8.8527
3.3287,2.0165,0.096574,-0.056741,0.026352,8.8346
3.3288,2.0165,0.096576,-0.056712,0.02631,8.8356
3.3288,2.0165,0.096577,-0.056677,0.026227,8.8376
3.3289,2.0165,0.096579,-0.056646,0.026117,8.8282
3.3289,2.0165,0.09658,-0.056617,0.026019,8.8182
3.329,2.0165,0.096581,-0.056599,0.025886,8.8282
3.3291,2.0165,0.096583,-0.056583,0.025722,8.8192
3.3291,2.0165,0.096584,-0.056574,0.025623,8.8226
3.3292,2.0165,0.096585,-0.056568,0.025547,8.8231
3.3292,2.0165,0.096587,-0.056564,0.025466,8.8214
3.3293,2.0165,0.096588,-0.056561,0.025431,8.8095
3.3293,2.0165,0.096589,-0.056563,0.025479,8.8154
3.3294,2.0165,0.096591,-0.056573,0.025586,8.8216
3.3294,2.0165,0.096592,-0.056588,0.025737,8.8121
3.3295,2.0165,0.096593,-0.056594,0.025859,8.8169
3.3295,2.0165,0.096595,-0.056596,0.026023,8.8241
3.3296,2.0165,0.096596,-0.056591,0.026188,8.8242
3.3296,2.0165,0.096598,-0.056577,0.026316,8.8238
3.3297,2.0165,0.096599,-0.056554,0.026423,8.8424
3.3297,2.0165,0.0966,-0.056532,0.026508,8.8333
3.3298,2.0165,0.096602,-0.056524,0.026566,8.8377
3.3298,2.0165,0.096603,-0.056516,0.026594,8.8501
3.3299,2.0165,0.096605,-0.056505,0.026581,8.844
3.3299,2.0164,0.096606,-0.056494,0.026589,8.8393
3.33,2.0164,0.096607,-0.056482,0.026577,8.8473
3.3301,2.0164,0.096609,-0.056463,0.026575,8.8469
3.3301,2.0164,0.09661,-0.056443,0.026557,8.8458
3.3302,2.0164,0.096612,-0.056422,0.026528,8.8475
3.3302,2.0164,0.096613,-0.056405,0.026524,8.8485
3.3303,2.0164,0.096614,-0.056382,0.02652,8.8411
3.3303,2.0164,0.096616,-0.056365,0.026544,8.8369
3.3304,2.0164,0.096617,-0.056353,0.026609,8.8345
3.3304,2.0164,0.096619,-0.056345,0.026693,8.8172
3.3305,2.0164,0.09662,-0.056338,0.026772,8.8169
3.3305,2.0164,0.096621,-0.056329,0.026822,8.8214
3.3306,2.0164,0.096623,-0.056323,0.026844,8.8139
3.3306,2.0164,0.096624,-0.056317,0.026824,8.8065
3.3307,2.0164,0.096626,-0.05631,0.026757,8.819
3.3307,2.0164,0.096627,-0.056316,0.026629,8.8218
3.3308,2.0164,0.096628,-0.05632,0.026488,8.8119
3.3308,2.0164,0.09663,-0.056321,0.026399,8.8158
3.3309,2.0164,0.096631,-0.056314,0.026321,8.8106
3.3309,2.0164,0.096633,-0.056303,0.026265,8.8079
3.331,2.0164,0.096634,-0.056296,0.026251,8.8142
3.3311,2.0164,0.096635,-0.056291,0.026254,8.8198
3.3311,2.0164,0.096637,-0.05629,0.026226,8.8086
3.3312,2.0164,0.096638,-0.056293,0.026184,8.8149
3.3312,2.0164,0.096639,-0.056297,0.026152,8.8256
3.3313,2.0164,0.096641,-0.0563,0.026147,8.8183
3.3313,2.0164,0.096642,-0.056297,0.026137,8.8199
3.3314,2.0164,0.096644,-0.056293,0.026082,8.8247
3.3314,2.0164,0.096645,-0.056286,0.026066,8.8123
3.3315,2.0164,0.096646,-0.056273,0.026061,8.8019
3.3315,2.0164,0.096648,-0.056259,0.026045,8.812
3.3316,2.0164,0.096649,-0.056245,0.026055,8.8045
3.3316,2.0164,0.09665,-0.05624,0.026067,8.7922
3.3317,2.0163,0.096652,-0.056235,0.026048,8.7993
3.3317,2.0163,0.096653,-0.056232,0.026018,8.7948
3.3318,2.0163,0.096655,-0.056233,0.026005,8.7812
3.3318,2.0163,0.096656,-0.056231,0.026053,8.7775
3.3319,2.0163,0.096657,-0.056223,0.026128,8.7785
3.3319,2.0163,0.096659,-0.05621,0.02622,8.7613
3.332,2.0163,0.09666,-0.056195,0.026303,8.7588
3.3321,2.0163,0.096661,-0.056179,0.026387,8.7726
3.3321,2.0163,0.096663,-0.056159,0.026477,8.7629
3.3322,2.0163,0.096664,-0.056141,0.026595,8.7569
3.3322,2.0163,0.096666,-0.056121,0.026753,8.775
3.3323,2.0163,0.096667,-0.056102,0.026919,8.7776
3.3323,2.0163,0.096669,-0.056089,0.027062,8.7665
3.3324,2.0163,0.09667,-0.056079,0.027151,8.775
3.3324,2.0163,0.096671,-0.056073,0.027217,8.7722
3.3325,2.0163,0.096673,-0.056066,0.02728,8.768
3.3325,2.0163,0.096674,-0.05606,0.027366,8.7747
3.3326,2.0163,0.096676,-0.056049,0.027467,8.7801
3.3326,2.0163,0.096677,-0.056028,0.027559,8.7718
3.3327,2.0163,0.096679,-0.056001,0.027679,8.7868
3.3327,2.0163,0.09668,-0.055967,0.027796,8.7881
3.3328,2.0163,0.096682,-0.05593,0.027932,8.78
3.3328,2.0163,0.096683,-0.055893,0.028115,8.7796
3.3329,2.0163,0.096685,-0.055861,0.028311,8.7785
3.3329,2.0163,0.096686,-0.055838,0.028502,8.772
3.333,2.0163,0.096688,-0.05582,0.028666,8.7615
3.3331,2.0163,0.096689,-0.055806,0.028788,8.7713
3.3331,2.0163,0.096691,-0.055794,0.028912,8.77
3.3332,2.0163,0.096692,-0.055779,0.029016,8.7613
3.3332,2.0163,0.096694,-0.055764,0.029139,8.7682
3.3333,2.0163,0.096695,-0.05575,0.029271,8.7654
3.3333,2.0163,0.096697,-0.055735,0.029415,8.7546
3.3334,2.0163,0.096698,-0.05572,0.029563,8.7602
3.3334,2.0163,0.0967,-0.055706,0.029709,8.7621
3.3335,2.0162,0.096701,-0.055692,0.029858,8.7547
3.3335,2.0162,0.096703,-0.055677,0.030008,8.7499
3.3336,2.0162,0.096705,-0.055665,0.030159,8.7678
3.3336,2.0162,0.096706,-0.05565,0.03033,8.7627
3.3337,2.0162,0.096708,-0.055634,0.030489,8.7696
3.3337,2.0162,0.096709,-0.055615,0.030601,8.7875
3.3338,2.0162,0.096711,-0.055591,0.030684,8.7809
3.3338,2.0162,0.096713,-0.055559,0.030752,8.7804
3.3339,2.0162,0.096714,-0.055526,0.030832,8.7963
3.3339,2.0162,0.096716,-0.055489,0.030938,8.7943
3.334,2.0162,0.096718,-0.055456,0.031088,8.7801
3.3341,2.0162,0.096719,-0.055421,0.031285,8.7895
3.3341,2.0162,0.096721,-0.05539,0.03149,8.8003
3.3342,2.0162,0.096722,-0.055357,0.031674,8.7916
3.3342,2.0162,0.096724,-0.05532,0.031854,8.7885
3.3343,2.0162,0.096726,-0.055277,0.032031,8.8051
3.3343,2.0162,0.096728,-0.055232,0.032215,8.7924
3.3344,2.0162,0.096729,-0.055181,0.032403,8.7872
3.3344,2.0162,0.096731,-0.055129,0.0326,8.7941
3.3345,2.0162,0.096733,-0.055082,0.032792,8.7776
3.3345,2.0162,0.096734,-0.055049,0.032978,8.7714
3.3346,2.0162,0.096736,-0.055023,0.033157,8.7782
3.3346,2.0162,0.096738,-0.055002,0.033327,8.7761
3.3347,2.0162,0.09674,-0.054985,0.03349,8.7688
3.3347,2.0162,0.096741,-0.054966,0.033648,8.7784
3.3348,2.0162,0.096743,-0.054943,0.033802,8.7814
3.3348,2.0162,0.096745,-0.054914,0.033967,8.7718
3.3349,2.0162,0.096747,-0.054887,0.034136,8.7763
3.3349,2.0162,0.096749,-0.054866,0.034308,8.7765
3.335,2.0162,0.09675,-0.054846,0.034482,8.769
3.3351,2.0162,0.096752,-0.054822,0.034656,8.7731
3.3351,2.0162,0.096754,-0.054796,0.034828,8.7865
3.3352,2.0162,0.096756,-0.05477,0.034997,8.7836
3.3352,2.0162,0.096758,-0.054743,0.035158,8.7843
3.3353,2.0162,0.09676,-0.05471,0.035328,8.8011
3.3353,2.0161,0.096762,-0.054675,0.0355,8.8016
3.3354,2.0161,0.096763,-0.054641,0.035676,8.8
3.3354,2.0161,0.096765,-0.054611,0.035862,8.8074
3.3355,2.0161,0.096767,-0.054581,0.03605,8.8134
3.3355,2.0161,0.096769,-0.054556,0.03624,8.8016
3.3356,2.0161,0.096771,-0.054536,0.036431,8.7955
3.3356,2.0161,0.096773,-0.054519,0.03662,8.8018
3.3357,2.0161,0.096775,-0.0545,0.036818,8.7887
3.3357,2.0161,0.096777,-0.054482,0.037007,8.7954
3.3358,2.0161,0.096779,-0.054464,0.037195,8.8047
3.3358,2.0161,0.096781,-0.054449,0.037387,8.7906
3.3359,2.0161,0.096783,-0.054433,0.037568,8.7874
3.3359,2.0161,0.096785,-0.054414,0.037748,8.7923
3.336,2.0161,0.096787,-0.054386,0.03792,8.7856
3.3361,2.0161,0.096789,-0.054354,0.03809,8.776
3.3361,2.0161,0.096791,-0.05432,0.038261,8.7915
3.3362,2.0161,0.096793,-0.054289,0.03843,8.7833
3.3362,2.0161,0.096795,-0.054259,0.038601,8.7769
3.3363,2.0161,0.096797,-0.054235,0.038777,8.7863
3.3363,2.0161,0.096799,-0.054213,0.038951,8.7885
3.3364,2.0161,0.096801,-0.054193,0.039127,8.7821
3.3364,2.0161,0.096803,-0.054171,0.0393,8.7789
3.3365,2.0161,0.096805,-0.054154,0.039464,8.7837
3.3365,2.0161,0.096807,-0.054136,0.039622,8.7745
3.3366,2.0161,0.096809,-0.054122,0.039774,8.7714
3.3366,2.0161,0.096811,-0.054101,0.039922,8.7835
3.3367,2.0161,0.096813,-0.054077,0.040068,8.7738
3.3367,2.0161,0.096816,-0.054051,0.040213,8.7759
3.3368,2.0161,0.096818,-0.054028,0.040358,8.7849
3.3368,2.0161,0.09682,-0.054007,0.040505,8.7815
3.3369,2.0161,0.096822,-0.053992,0.040645,8.7744
3.3369,2.0161,0.096824,-0.053979,0.04078,8.7799
3.337,2.0161,0.096826,-0.053972,0.040912,8.7754
3.3371,2.0161,0.096828,-0.05396,0.041025,8.7645
3.3371,2.0161,0.096831,-0.053948,0.041158,8.7671
3.3372,2.016,0.096833,-0.053935,0.041307,8.7631
3.3372,2.016,0.096835,-0.053916,0.041458,8.7533
3.3373,2.016,0.096837,-0.053897,0.041606,8.7455
3.3373,2.016,0.096839,-0.053879,0.041746,8.7544
3.3374,2.016,0.096842,-0.05386,0.041873,8.7455
3.3374,2.016,0.096844,-0.053846,0.041981,8.7394
3.3375,2.016,0.096846,-0.053825,0.042066,8.7478
3.3375,2.016,0.096848,-0.053803,0.042158,8.7405
3.3376,2.016,0.09685,-0.053775,0.042247,8.736
3.3376,2.016,0.096853,-0.053745,0.042325,8.7454
3.3377,2.016,0.096855,-0.053722,0.042381,8.74
3.3377,2.016,0.096857,-0.053705,0.042456,8.7369
3.3378,2.016,0.096859,-0.053697,0.042544,8.7473
3.3378,2.016,0.096862,-0.053699,0.042628,8.7544
3.3379,2.016,0.096864,-0.053704,0.042726,8.7517
3.3379,2.016,0.096866,-0.053712,0.042855,8.7553
3.338,2.016,0.096868,-0.053717,0.043,8.7592
3.3381,2.016,0.096871,-0.053724,0.04314,8.7576
3.3381,2.016,0.096873,-0.053732,0.043236,8.7584
3.3382,2.016,0.096875,-0.053741,0.043342,8.7742
3.3382,2.016,0.096877,-0.05375,0.043451,8.7694
3.3383,2.016,0.09688,-0.053761,0.043579,8.7689
3.3383,2.016,0.096882,-0.053772,0.043735,8.7818
3.3384,2.016,0.096884,-0.053785,0.043918,8.7843
3.3384,2.016,0.096887,-0.053798,0.04409,8.7704
3.3385,2.016,0.096889,-0.053813,0.044206,8.773
3.3385,2.016,0.096891,-0.053828,0.044287,8.7736
3.3386,2.016,0.096894,-0.053844,0.044354,8.7709
3.3386,2.016,0.096896,-0.053864,0.044398,8.7607
3.3387,2.016,0.096898,-0.053881,0.044468,8.7607
3.3387,2.016,0.096901,-0.053899,0.044557,8.7459
3.3388,2.016,0.096903,-0.053915,0.044655,8.7506
3.3388,2.016,0.096905,-0.053931,0.04476,8.7696
3.3389,2.016,0.096908,-0.053942,0.044878,8.7602
3.3389,2.016,0.09691,-0.053943,0.045051,8.7605
3.339,2.0159,0.096913,-0.05394,0.045269,8.7654
3.3391,2.0159,0.096915,-0.053932,0.045469,8.762
3.3391,2.0159,0.096917,-0.053922,0.04566,8.7674
3.3392,2.0159,0.09692,-0.053914,0.045818,8.7735
3.3392,2.0159,0.096922,-0.053903,0.045922,8.7729
3.3393,2.0159,0.096925,-0.053903,0.045971,8.7657
3.3393,2.0159,0.096927,-0.053907,0.045979,8.7889
3.3394,2.0159,0.096929,-0.053909,0.045957,8.7997
3.3394,2.0159,0.096932,-0.053911,0.04593,8.7981
3.3395,2.0159,0.096934,-0.053905,0.045887,8.8071
3.3395,2.0159,0.096937,-0.053902,0.045834,8.8149
3.3396,2.0159,0.096939,-0.053915,0.045775,8.8094
3.3396,2.0159,0.096941,-0.053944,0.045702,8.8085
3.3397,2.0159,0.096944,-0.053993,0.045661,8.8229
3.3397,2.0159,0.096946,-0.05404,0.045621,8.8192
3.3398,2.0159,0.096949,-0.05408,0.045614,8.8127
3.3398,2.0159,0.096951,-0.054105,0.045624,8.8214
3.3399,2.0159,0.096953,-0.05411,0.045627,8.8263
3.3399,2.0159,0.096956,-0.054104,0.045644,8.8167
3.34,2.0159,0.096958,-0.0541,0.045648,8.8259
3.3401,2.0159,0.096961,-0.054099,0.045618,8.8199
3.3401,2.0159,0.096963,-0.054098,0.045597,8.8061
3.3402,2.0159,0.096965,-0.054095,0.045542,8.8036
3.3402,2.0159,0.096968,-0.054094,0.045483,8.8024
3.3403,2.0159,0.09697,-0.054097,0.045413,8.785
3.3403,2.0159,0.096973,-0.054099,0.045296,8.7904
3.3404,2.0159,0.096975,-0.0541,0.045142,8.8032
3.3404,2.0159,0.096977,-0.054098,0.044953,8.7899
3.3405,2.0159,0.09698,-0.054097,0.044762,8.7888
3.3405,2.0159,0.096982,-0.054084,0.044584,8.8019
3.3406,2.0159,0.096984,-0.054074,0.04442,8.7969
3.3406,2.0159,0.096987,-0.054063,0.044308,8.7897
3.3407,2.0159,0.096989,-0.054057,0.044297,8.7976
3.3407,2.0159,0.096991,-0.054058,0.044338,8.805
3.3408,2.0159,0.096994,-0.054064,0.04434,8.8005
3.3408,2.0158,0.096996,-0.054077,0.044316,8.8144
3.3409,2.0158,0.096998,-0.054097,0.044262,8.8261
3.3409,2.0158,0.097001,-0.0541,0.044165,8.8215
3.341,2.0158,0.097003,-0.054109,0.044029,8.83
3.3411,2.0158,0.097005,-0.054112,0.043902,8.8394
3.3411,2.0158,0.097008,-0.054118,0.043826,8.8325
3.3412,2.0158,0.09701,-0.054127,0.043784,8.8331
3.3412,2.0158,0.097012,-0.054133,0.04372,8.836
3.3413,2.0158,0.097015,-0.054141,0.043686,8.8297
3.3413,2.0158,0.097017,-0.054144,0.043677,8.8312
3.3414,2.0158,0.097019,-0.054145,0.043683,8.8398
3.3414,2.0158,0.097021,-0.054147,0.043697,8.8338
3.3415,2.0158,0.097024,-0.054151,0.043713,8.8244
3.3415,2.0158,0.097026,-0.054156,0.043711,8.8336
3.3416,2.0158,0.097028,-0.054171,0.043718,8.8278
3.3416,2.0158,0.097031,-0.054191,0.043713,8.822
3.3417,2.0158,0.097033,-0.054211,0.04377,8.8231
3.3417,2.0158,0.097035,-0.054226,0.043859,8.8203
3.3418,2.0158,0.097038,-0.05424,0.043961,8.8084
3.3418,2.0158,0.09704,-0.054246,0.044045,8.8096
3.3419,2.0158,0.097042,-0.054249,0.044135,8.8196
3.3419,2.0158,0.097045,-0.054244,0.044192,8.8142
3.342,2.0158,0.097047,-0.05424,0.044276,8.8125
3.3421,2.0158,0.097049,-0.054243,0.044343,8.8227
3.3421,2.0158,0.097052,-0.054256,0.044447,8.8093
3.3422,2.0158,0.097054,-0.054273,0.04457,8.8109
3.3422,2.0158,0.097056,-0.054297,0.044711,8.8239
3.3423,2.0158,0.097059,-0.054321,0.044866,8.8233
3.3423,2.0158,0.097061,-0.054343,0.045079,8.8124
3.3424,2.0158,0.097063,-0.05435,0.045275,8.8322
3.3424,2.0158,0.097066,-0.05435,0.045483,8.8381
3.3425,2.0158,0.097068,-0.054367,0.045665,8.8263
3.3425,2.0158,0.097071,-0.054395,0.045836,8.8326
3.3426,2.0158,0.097073,-0.054437,0.045995,8.8442
3.3426,2.0158,0.097075,-0.054508,0.046154,8.8326
3.3427,2.0157,0.097078,-0.054588,0.046322,8.8316
3.3427,2.0157,0.09708,-0.054667,0.04651,8.8327
3.3428,2.0157,0.097083,-0.054728,0.046677,8.8253
3.3428,2.0157,0.097085,-0.054785,0.046854,8.8193
3.3429,2.0157,0.097088,-0.054837,0.047006,8.8235
3.3429,2.0157,0.09709,-0.054879,0.047163,8.8163
3.343,2.0157,0.097093,-0.054923,0.04729,8.8085
3.3431,2.0157,0.097095,-0.054981,0.047416,8.8185
3.3431,2.0157,0.097098,-0.055034,0.047511,8.8099
3.3432,2.0157,0.0971,-0.055084,0.047596,8.8003
3.3432,2.0157,0.097103,-0.05513,0.047701,8.7988
3.3433,2.0157,0.097105,-0.055177,0.047803,8.7979
3.3433,2.0157,0.097108,-0.05522,0.047893,8.7874
3.3434,2.0157,0.09711,-0.055261,0.048008,8.7925
3.3434,2.0157,0.097113,-0.055297,0.048123,8.7991
3.3435,2.0157,0.097115,-0.055333,0.048276,8.7903
3.3435,2.0157,0.097118,-0.055352,0.048412,8.7979
3.3436,2.0157,0.09712,-0.055357,0.048519,8.8085
3.3436,2.0157,0.097123,-0.055346,0.048622,8.8061
3.3437,2.0157,0.097126,-0.055312,0.048708,8.8007
3.3437,2.0157,0.097128,-0.055276,0.048819,8.8106
3.3438,2.0157,0.097131,-0.055242,0.048931,8.8108
3.3438,2.0157,0.097133,-0.055216,0.049076,8.7998
3.3439,2.0157,0.097136,-0.055211,0.049244,8.8114
3.3439,2.0157,0.097139,-0.055216,0.049386,8.8169
3.344,2.0157,0.097141,-0.05523,0.049464,8.8092
3.3441,2.0157,0.097144,-0.055244,0.049525,8.8275
3.3441,2.0157,0.097146,-0.055245,0.049599,8.8308
3.3442,2.0157,0.097149,-0.055246,0.049722,8.8154
3.3442,2.0157,0.097152,-0.055242,0.049851,8.814
3.3443,2.0157,0.097154,-0.055232,0.049987,8.8105
3.3443,2.0157,0.097157,-0.055223,0.050116,8.7967
3.3444,2.0157,0.097159,-0.055212,0.05023,8.7943
3.3444,2.0157,0.097162,-0.0552,0.050348,8.7975
3.3445,2.0157,0.097165,-0.055186,0.050474,8.795
3.3445,2.0156,0.097167,-0.05517,0.050608,8.787
3.3446,2.0156,0.09717,-0.055153,0.050753,8.7992
3.3446,2.0156,0.097173,-0.055134,0.050877,8.7989
3.3447,2.0156,0.097175,-0.055113,0.050958,8.7881
3.3447,2.0156,0.097178,-0.055091,0.051024,8.7932
3.3448,2.0156,0.097181,-0.055067,0.051077,8.7973
3.3448,2.0156,0.097184,-0.055042,0.051131,8.7843
3.3449,2.0156,0.097186,-0.055015,0.051212,8.802
3.3449,2.0156,0.097189,-0.054987,0.051311,8.8157
3.345,2.0156,0.097192,-0.054958,0.051423,8.8198
3.3451,2.0156,0.097194,-0.054927,0.051543,8.8276
3.3451,2.0156,0.097197,-0.054892,0.051651,8.8415
3.3452,2.0156,0.0972,-0.054859,0.05177,8.838
3.3452,2.0156,0.097203,-0.054828,0.051906,8.8402
3.3453,2.0156,0.097205,-0.054797,0.052033,8.8529
3.3453,2.0156,0.097208,-0.054765,0.052193,8.8455
3.3454,2.0156,0.097211,-0.054732,0.052369,8.8429
3.3454,2.0156,0.097214,-0.054698,0.052576,8.8505
3.3455,2.0156,0.097216,-0.054657,0.052793,8.8544
3.3455,2.0156,0.097219,-0.054607,0.052932,8.8532
3.3456,2.0156,0.097222,-0.054561,0.053045,8.8577
3.3456,2.0156,0.097225,-0.054513,0.053171,8.8651
3.3457,2.0156,0.097228,-0.05447,0.053277,8.8443
3.3457,2.0156,0.09723,-0.054429,0.053382,8.8502
3.3458,2.0156,0.097233,-0.054393,0.053484,8.8492
3.3458,2.0156,0.097236,-0.05436,0.053597,8.8316
3.3459,2.0156,0.097239,-0.05432,0.053709,8.8255
3.3459,2.0156,0.097242,-0.054274,0.053788,8.8348
3.346,2.0156,0.097244,-0.054231,0.053891,8.8314
3.3461,2.0156,0.097247,-0.054184,0.054042,8.8341
3.3461,2.0156,0.09725,-0.054139,0.054222,8.8435
3.3462,2.0156,0.097253,-0.054092,0.054435,8.8404
3.3462,2.0156,0.097256,-0.05405,0.054618,8.8311
3.3463,2.0156,0.097259,-0.054007,0.054778,8.8406
3.3463,2.0155,0.097262,-0.053962,0.054893,8.8414
3.3464,2.0155,0.097265,-0.053917,0.054983,8.8375
3.3464,2.0155,0.097267,-0.053874,0.055068,8.8399
3.3465,2.0155,0.09727,-0.053827,0.055174,8.8503
3.3465,2.0155,0.097273,-0.053777,0.05529,8.8414
3.3466,2.0155,0.097276,-0.053726,0.055395,8.8529
3.3466,2.0155,0.097279,-0.053673,0.055471,8.8671
3.3467,2.0155,0.097282,-0.053617,0.055567,8.8517
3.3467,2.0155,0.097285,-0.053565,0.055631,8.8539
3.3468,2.0155,0.097288,-0.053502,0.055687,8.8567
3.3468,2.0155,0.097291,-0.053431,0.055711,8.8478
3.3469,2.0155,0.097294,-0.053356,0.055703,8.8367
3.3469,2.0155,0.097297,-0.053281,0.055681,8.8452
3.347,2.0155,0.0973,-0.053206,0.055634,8.8494
3.3471,2.0155,0.097303,-0.053124,0.055605,8.8357
3.3471,2.0155,0.097305,-0.053038,0.055578,8.8311
3.3472,2.0155,0.097308,-0.052952,0.055553,8.8312
3.3472,2.0155,0.097311,-0.05285,0.055551,8.8199
3.3473,2.0155,0.097314,-0.052742,0.055508,8.8217
3.3473,2.0155,0.097317,-0.052637,0.055422,8.8235
3.3474,2.0155,0.09732,-0.052537,0.055314,8.8084
3.3474,2.0155,0.097323,-0.052442,0.055196,8.8017
3.3475,2.0155,0.097326,-0.052342,0.055108,8.8105
3.3475,2.0155,0.097329,-0.052234,0.055006,8.8078
3.3476,2.0155,0.097332,-0.052123,0.054917,8.8003
3.3476,2.0155,0.097335,-0.052006,0.054833,8.813
3.3477,2.0155,0.097337,-0.051891,0.05475,8.8114
3.3477,2.0155,0.09734,-0.051782,0.054671,8.8055
3.3478,2.0155,0.097343,-0.05168,0.054608,8.8126
3.3478,2.0155,0.097346,-0.051585,0.054556,8.811
3.3479,2.0155,0.097349,-0.051493,0.054541,8.7998
3.3479,2.0155,0.097352,-0.0514,0.054527,8.8076
3.348,2.0155,0.097355,-0.051309,0.054536,8.815
3.3481,2.0155,0.097358,-0.051219,0.054579,8.8072
3.3481,2.0155,0.09736,-0.05113,0.054659,8.8082
3.3482,2.0155,0.097363,-0.051043,0.05475,8.8168
3.3482,2.0154,0.097366,-0.050957,0.054888,8.8089
3.3483,2.0154,0.097369,-0.050871,0.054997,8.8007
3.3483,2.0154,0.097372,-0.050787,0.055091,8.8041
3.3484,2.0154,0.097375,-0.05071,0.05518,8.7878
3.3484,2.0154,0.097378,-0.050637,0.055295,8.7811
3.3485,2.0154,0.097381,-0.050569,0.055395,8.7832
3.3485,2.0154,0.097384,-0.050503,0.055434,8.7707
3.3486,2.0154,0.097387,-0.050436,0.055444,8.7639
3.3486,2.0154,0.097389,-0.050376,0.055475,8.7692
3.3487,2.0154,0.097392,-0.050315,0.055458,8.7763
3.3487,2.0154,0.097395,-0.05026,0.055457,8.7656
3.3488,2.0154,0.097398,-0.050203,0.05548,8.7669
3.3488,2.0154,0.097401,-0.050141,0.055491,8.7677
3.3489,2.0154,0.097404,-0.050078,0.055439,8.7653
3.3489,2.0154,0.097407,-0.050015,0.05532,8.7592
3.349,2.0154,0.09741,-0.049959,0.055214,8.7665
3.3491,2.0154,0.097413,-0.049919,0.05513,8.7683
3.3491,2.0154,0.097416,-0.049893,0.05506,8.7662
3.3492,2.0154,0.097419,-0.049886,0.055047,8.7796
3.3492,2.0154,0.097421,-0.049867,0.055073,8.7847
3.3493,2.0154,0.097424,-0.04984,0.05512,8.7821
3.3493,2.0154,0.097427,-0.049803,0.055176,8.7901
3.3494,2.0154,0.09743,-0.049762,0.055223,8.791
3.3494,2.0154,0.097433,-0.049725,0.055272,8.7902
3.3495,2.0154,0.097436,-0.049691,0.055316,8.7911
3.3495,2.0154,0.097439,-0.049655,0.055345,8.7937
3.3496,2.0154,0.097442,-0.049607,0.055398,8.785
3.3496,2.0154,0.097445,-0.04954,0.055455,8.788
3.3497,2.0154,0.097448,-0.04947,0.055547,8.7939
3.3497,2.0154,0.097451,-0.049408,0.05566,8.7891
3.3498,2.0154,0.097454,-0.049365,0.055764,8.7869
3.3498,2.0154,0.097456,-0.04935,0.055875,8.7876
3.3499,2.0154,0.097459,-0.049356,0.055972,8.7759
3.3499,2.0154,0.097462,-0.049367,0.056035,8.768
3.35,2.0154,0.097465,-0.049373,0.056097,8.7768
3.3501,2.0154,0.097468,-0.04938,0.056144,8.7719
3.3501,2.0154,0.097471,-0.049385,0.056172,8.7614
3.3502,2.0154,0.097474,-0.049395,0.056168,8.7712
3.3502,2.0154,0.097477,-0.049399,0.056119,8.78
3.3503,2.0153,0.09748,-0.0494,0.056108,8.7621
3.3503,2.0153,0.097483,-0.049403,0.056104,8.7715
3.3504,2.0153,0.097486,-0.049406,0.056151,8.7814
3.3504,2.0153,0.097489,-0.049416,0.056233,8.7745
3.3505,2.0153,0.097492,-0.049437,0.056332,8.7724
3.3505,2.0153,0.097495,-0.049453,0.056437,8.7841
3.3506,2.0153,0.097498,-0.049469,0.05656,8.7819
3.3506,2.0153,0.097501,-0.049467,0.056641,8.7882
3.3507,2.0153,0.097504,-0.049462,0.056699,8.8065
3.3507,2.0153,0.097507,-0.049457,0.056734,8.8076
3.3508,2.0153,0.09751,-0.049457,0.056806,8.7975
3.3508,2.0153,0.097513,-0.049466,0.056899,8.8093
3.3509,2.0153,0.097516,-0.04949,0.05702,8.8084
3.3509,2.0153,0.097519,-0.049513,0.057213,8.799
3.351,2.0153,0.097522,-0.049544,0.057461,8.8053
3.3511,2.0153,0.097525,-0.049572,0.057724,8.8055
3.3511,2.0153,0.097528,-0.049606,0.057967,8.799
3.3512,2.0153,0.097531,-0.049645,0.058204,8.7954
3.3512,2.0153,0.097534,-0.049687,0.058375,8.8015
3.3513,2.0153,0.097537,-0.049736,0.058521,8.7874
3.3513,2.0153,0.09754,-0.049786,0.058645,8.7826
3.3514,2.0153,0.097543,-0.049835,0.058759,8.7938
3.3514,2.0153,0.097546,-0.049883,0.058866,8.7796
3.3515,2.0153,0.09755,-0.049933,0.059042,8.7694
3.3515,2.0153,0.097553,-0.049975,0.059214,8.7767
3.3516,2.0153,0.097556,-0.050016,0.059421,8.7714
3.3516,2.0153,0.097559,-0.050059,0.059594,8.7696
3.3517,2.0153,0.097562,-0.05011,0.0598,8.776
3.3517,2.0153,0.097565,-0.050164,0.060033,8.7812
3.3518,2.0153,0.097568,-0.050231,0.060309,8.778
3.3518,2.0153,0.097572,-0.050302,0.060585,8.7766
3.3519,2.0153,0.097575,-0.050388,0.060919,8.7852
3.3519,2.0153,0.097578,-0.050478,0.061209,8.7829
3.352,2.0153,0.097581,-0.050564,0.061517,8.7836
3.3521,2.0153,0.097584,-0.05064,0.061796,8.794
3.3521,2.0153,0.097588,-0.050707,0.062051,8.789
3.3522,2.0153,0.097591,-0.050773,0.062291,8.7923
3.3522,2.0153,0.097594,-0.050838,0.062528,8.8009
3.3523,2.0152,0.097598,-0.050905,0.062735,8.8091
3.3523,2.0152,0.097601,-0.05099,0.062943,8.8052
3.3524,2.0152,0.097604,-0.051083,0.063129,8.8148
3.3524,2.0152,0.097608,-0.051158,0.063329,8.8131
3.3525,2.0152,0.097611,-0.051225,0.063522,8.7983
3.3525,2.0152,0.097614,-0.051284,0.063694,8.8044
3.3526,2.0152,0.097618,-0.051327,0.063852,8.8043
3.3526,2.0152,0.097621,-0.05137,0.064,8.7827
3.3527,2.0152,0.097624,-0.051412,0.064143,8.7916
3.3527,2.0152,0.097628,-0.051466,0.064292,8.7952
3.3528,2.0152,0.097631,-0.051512,0.064396,8.7905
3.3528,2.0152,0.097635,-0.051552,0.0645,8.7844
3.3529,2.0152,0.097638,-0.051597,0.064584,8.7955
3.3529,2.0152,0.097641,-0.051632,0.06468,8.7814
3.353,2.0152,0.097645,-0.051652,0.064782,8.77
3.3531,2.0152,0.097648,-0.051673,0.064925,8.7778
3.3531,2.0152,0.097652,-0.051684,0.065099,8.7723
3.3532,2.0152,0.097655,-0.05169,0.065269,8.7576
3.3532,2.0152,0.097658,-0.051687,0.065413,8.7696
3.3533,2.0152,0.097662,-0.051677,0.065562,8.7732
3.3533,2.0152,0.097665,-0.051668,0.065678,8.769
3.3534,2.0152,0.097669,-0.051658,0.065785,8.7784
3.3534,2.0152,0.097672,-0.051644,0.065848,8.7808
3.3535,2.0152,0.097676,-0.051647,0.065917,8.7747
3.3535,2.0152,0.097679,-0.051663,0.065987,8.7742
3.3536,2.0152,0.097683,-0.051693,0.066069,8.787
3.3536,2.0152,0.097686,-0.051744,0.06622,8.7815
3.3537,2.0152,0.09769,-0.051795,0.066381,8.7797
3.3537,2.0152,0.097693,-0.051847,0.066568,8.7883
3.3538,2.0152,0.097697,-0.051888,0.066737,8.7933
3.3538,2.0152,0.0977,-0.051907,0.06687,8.7787
3.3539,2.0152,0.097704,-0.051919,0.066992,8.7812
3.3539,2.0152,0.097707,-0.051926,0.067132,8.7788
3.354,2.0152,0.097711,-0.051934,0.067287,8.7624
3.3541,2.0152,0.097714,-0.051951,0.06745,8.7641
3.3541,2.0152,0.097718,-0.051964,0.067558,8.7657
3.3542,2.0151,0.097722,-0.051975,0.067658,8.7434
3.3542,2.0151,0.097725,-0.051982,0.067747,8.7461
3.3543,2.0151,0.097729,-0.051982,0.067829,8.7534
3.3543,2.0151,0.097732,-0.05198,0.067903,8.7503
3.3544,2.0151,0.097736,-0.05198,0.067966,8.752
3.3544,2.0151,0.097739,-0.051979,0.068016,8.757
3.3545,2.0151,0.097743,-0.051978,0.068061,8.747
3.3545,2.0151,0.097747,-0.051976,0.068091,8.7476
3.3546,2.0151,0.09775,-0.051975,0.068145,8.7536
3.3546,2.0151,0.097754,-0.051972,0.068243,8.7512
3.3547,2.0151,0.097757,-0.051969,0.068365,8.7436
3.3547,2.0151,0.097761,-0.051966,0.06849,8.7579
3.3548,2.0151,0.097765,-0.051962,0.068617,8.7686
3.3548,2.0151,0.097768,-0.051958,0.068723,8.7654
3.3549,2.0151,0.097772,-0.051953,0.06882,8.775
3.3549,2.0151,0.097775,-0.051947,0.068898,8.7822
3.355,2.0151,0.097779,-0.051941,0.068971,8.7716
3.3551,2.0151,0.097783,-0.051935,0.069052,8.768
3.3551,2.0151,0.097786,-0.051928,0.069131,8.7765
3.3552,2.0151,0.09779,-0.051921,0.069183,8.7742
3.3552,2.0151,0.097794,-0.051913,0.069244,8.7698
3.3553,2.0151,0.097797,-0.051904,0.069267,8.782
3.3553,2.0151,0.097801,-0.051895,0.069265,8.7799
3.3554,2.0151,0.097805,-0.051881,0.069209,8.7704
3.3554,2.0151,0.097808,-0.051874,0.069122,8.7749
3.3555,2.0151,0.097812,-0.051873,0.069096,8.775
3.3555,2.0151,0.097815,-0.051871,0.069089,8.7671
3.3556,2.0151,0.097819,-0.051868,0.069053,8.7657
3.3556,2.0151,0.097823,-0.051859,0.069039,8.7685
3.3557,2.0151,0.097826,-0.051844,0.069024,8.7524
3.3557,2.0151,0.09783,-0.051816,0.069005,8.7573
3.3558,2.0151,0.097834,-0.051782,0.068973,8.7656
3.3558,2.0151,0.097837,-0.051757,0.068936,8.7559
3.3559,2.0151,0.097841,-0.051736,0.068935,8.757
3.3559,2.0151,0.097845,-0.051708,0.068903,8.7784
3.356,2.0151,0.097848,-0.05168,0.06881,8.7745
3.3561,2.0151,0.097852,-0.051649,0.06867,8.7686
3.3561,2.015,0.097855,-0.051616,0.068472,8.7795
3.3562,2.015,0.097859,-0.051574,0.068276,8.785
3.3562,2.015,0.097863,-0.05153,0.06809,8.7845
3.3563,2.015,0.097866,-0.051484,0.067934,8.7965
3.3563,2.015,0.09787,-0.051432,0.067799,8.8077
3.3564,2.015,0.097873,-0.051369,0.067664,8.8002
3.3564,2.015,0.097877,-0.051309,0.067507,8.8083
3.3565,2.015,0.09788,-0.051247,0.067328,8.8237
3.3565,2.015,0.097884,-0.051186,0.067147,8.8126
3.3566,2.015,0.097887,-0.051117,0.066984,8.8152
3.3566,2.015,0.097891,-0.051041,0.066788,8.8218
3.3567,2.015,0.097894,-0.05095,0.066609,8.8172
3.3567,2.015,0.097898,-0.050862,0.066422,8.8152
3.3568,2.015,0.097901,-0.050767,0.066263,8.8267
3.3568,2.015,0.097905,-0.050677,0.06613,8.8215
3.3569,2.015,0.097908,-0.05058,0.066008,8.8184
3.3569,2.015,0.097912,-0.050489,0.065912,8.8225
3.357,2.015,0.097915,-0.05041,0.065797,8.8227
3.3571,2.015,0.097919,-0.050341,0.065675,8.8179
3.3571,2.015,0.097922,-0.05027,0.065556,8.8156
3.3572,2.015,0.097926,-0.050221,0.065416,8.8162
3.3572,2.015,0.097929,-0.050175,0.06532,8.8067
3.3573,2.015,0.097932,-0.050135,0.065271,8.8159
3.3573,2.015,0.097936,-0.05009,0.065252,8.8191
3.3574,2.015,0.097939,-0.050059,0.065252,8.8167
3.3574,2.015,0.097943,-0.050051,0.065228,8.8192
3.3575,2.015,0.097946,-0.050058,0.065221,8.8328
3.3575,2.015,0.09795,-0.050074,0.065214,8.8263
3.3576,2.015,0.097953,-0.050104,0.065212,8.8226
3.3576,2.015,0.097957,-0.050131,0.065218,8.8336
3.3577,2.015,0.09796,-0.050143,0.06523,8.8326
3.3577,2.015,0.097963,-0.050147,0.065236,8.8283
3.3578,2.015,0.097967,-0.050149,0.06524,8.8378
3.3578,2.015,0.09797,-0.050144,0.065212,8.8493
3.3579,2.015,0.097974,-0.050126,0.065189,8.8414
3.3579,2.015,0.097977,-0.050102,0.065146,8.8528
3.358,2.015,0.097981,-0.05008,0.06507,8.8644
3.3581,2.015,0.097984,-0.050051,0.064953,8.8472
3.3581,2.0149,0.097987,-0.050019,0.06482,8.8405
3.3582,2.0149,0.097991,-0.05,0.064629,8.8459
3.3582,2.0149,0.097994,-0.049989,0.064457,8.8332
3.3583,2.0149,0.097998,-0.049975,0.064289,8.8227
3.3583,2.0149,0.098001,-0.04996,0.064117,8.8298
3.3584,2.0149,0.098004,-0.049942,0.063909,8.8232
3.3584,2.0149,0.098008,-0.049925,0.063707,8.8173
3.3585,2.0149,0.098011,-0.0499,0.063547,8.8192
3.3585,2.0149,0.098014,-0.049867,0.063411,8.8165
3.3586,2.0149,0.098018,-0.049827,0.063253,8.807
3.3586,2.0149,0.098021,-0.049784,0.063146,8.8077
3.3587,2.0149,0.098024,-0.049739,0.063038,8.8099
3.3587,2.0149,0.098028,-0.049714,0.06293,8.8041
3.3588,2.0149,0.098031,-0.049713,0.062836,8.8022
3.3588,2.0149,0.098034,-0.049727,0.062812,8.8108
3.3589,2.0149,0.098038,-0.049756,0.062857,8.8072
3.3589,2.0149,0.098041,-0.049786,0.062906,8.8085
3.359,2.0149,0.098044,-0.049807,0.06294,8.8219
3.3591,2.0149,0.098047,-0.049812,0.062971,8.8199
3.3591,2.0149,0.098051,-0.049797,0.062957,8.8174
3.3592,2.0149,0.098054,-0.04978,0.062917,8.8265
3.3592,2.0149,0.098057,-0.049766,0.062846,8.8214
3.3593,2.0149,0.098061,-0.049754,0.062757,8.8142
3.3593,2.0149,0.098064,-0.049752,0.062677,8.8261
3.3594,2.0149,0.098067,-0.049762,0.062598,8.8308
3.3594,2.0149,0.098071,-0.049775,0.062518,8.8261
3.3595,2.0149,0.098074,-0.049794,0.062456,8.8343
3.3595,2.0149,0.098077,-0.04982,0.06236,8.8455
3.3596,2.0149,0.09808,-0.04985,0.062262,8.8273
3.3596,2.0149,0.098084,-0.049887,0.06213,8.8288
3.3597,2.0149,0.098087,-0.049926,0.06197,8.8244
3.3597,2.0149,0.09809,-0.049963,0.061822,8.8194
3.3598,2.0149,0.098093,-0.049993,0.061662,8.8135
3.3598,2.0149,0.098097,-0.050014,0.061507,8.8208
3.3599,2.0149,0.0981,-0.050046,0.061366,8.8079
3.3599,2.0149,0.098103,-0.050088,0.061242,8.8018
3.36,2.0149,0.098106,-0.050135,0.061153,8.8111
3.3601,2.0149,0.09811,-0.050194,0.061102,8.8139
3.3601,2.0148,0.098113,-0.050258,0.061093,8.8056
3.3602,2.0148,0.098116,-0.050325,0.061124,8.8093
3.3602,2.0148,0.098119,-0.050388,0.06112,8.8108
3.3603,2.0148,0.098122,-0.050447,0.061124,8.801
3.3603,2.0148,0.098126,-0.050514,0.061114,8.8094
3.3604,2.0148,0.098129,-0.050581,0.0611,8.8256
3.3604,2.0148,0.098132,-0.050645,0.061092,8.8184
3.3605,2.0148,0.098135,-0.050717,0.061116,8.8222
3.3605,2.0148,0.098139,-0.050795,0.061128,8.8351
3.3606,2.0148,0.098142,-0.050881,0.061155,8.8287
3.3606,2.0148,0.098145,-0.050974,0.061175,8.8204
3.3607,2.0148,0.098148,-0.051076,0.061213,8.8329
3.3607,2.0148,0.098151,-0.051179,0.061242,8.8197
3.3608,2.0148,0.098155,-0.05128,0.061246,8.8201
3.3608,2.0148,0.098158,-0.051381,0.061256,8.8303
3.3609,2.0148,0.098161,-0.051478,0.061251,8.8352
3.3609,2.0148,0.098164,-0.051572,0.061223,8.8313
3.361,2.0148,0.098168,-0.051663,0.061195,8.8401
3.3611,2.0148,0.098171,-0.051753,0.061178,8.8513
3.3611,2.0148,0.098174,-0.051843,0.061189,8.8286
3.3612,2.0148,0.098177,-0.051931,0.061254,8.8237
3.3612,2.0148,0.09818,-0.05202,0.06134,8.8216
3.3613,2.0148,0.098184,-0.052114,0.061453,8.8117
3.3613,2.0148,0.098187,-0.052211,0.061589,8.7989
3.3614,2.0148,0.09819,-0.05231,0.061757,8.8072
3.3614,2.0148,0.098193,-0.05241,0.061896,8.7984
3.3615,2.0148,0.098197,-0.052513,0.062043,8.7996
3.3615,2.0148,0.0982,-0.052619,0.062188,8.8223
3.3616,2.0148,0.098203,-0.052724,0.062325,8.823
3.3616,2.0148,0.098207,-0.052828,0.062413,8.8201
3.3617,2.0148,0.09821,-0.052932,0.062471,8.8339
3.3617,2.0148,0.098213,-0.053032,0.062508,8.8377
3.3618,2.0148,0.098216,-0.05313,0.062554,8.837
3.3618,2.0148,0.09822,-0.053222,0.062583,8.84
3.3619,2.0148,0.098223,-0.053314,0.06263,8.8529
3.3619,2.0148,0.098226,-0.053406,0.06268,8.8537
3.362,2.0147,0.09823,-0.0535,0.062731,8.8527
3.3621,2.0147,0.098233,-0.0536,0.062786,8.8691
3.3621,2.0147,0.098236,-0.053697,0.062837,8.8638
3.3622,2.0147,0.098239,-0.053794,0.062879,8.8647
3.3622,2.0147,0.098243,-0.053893,0.062918,8.8688
3.3623,2.0147,0.098246,-0.053989,0.06295,8.8696
3.3623,2.0147,0.098249,-0.054089,0.062975,8.8607
3.3624,2.0147,0.098253,-0.054188,0.06299,8.8601
3.3624,2.0147,0.098256,-0.054286,0.062993,8.8678
3.3625,2.0147,0.098259,-0.054383,0.063034,8.8557
3.3625,2.0147,0.098263,-0.054471,0.063098,8.861
3.3626,2.0147,0.098266,-0.054551,0.063176,8.8697
3.3626,2.0147,0.098269,-0.05463,0.063254,8.85
3.3627,2.0147,0.098273,-0.054709,0.063313,8.8548
3.3627,2.0147,0.098276,-0.05479,0.063385,8.8561
3.3628,2.0147,0.098279,-0.054871,0.063458,8.8521
3.3628,2.0147,0.098283,-0.054949,0.063527,8.8463
3.3629,2.0147,0.098286,-0.055027,0.063634,8.8476
3.3629,2.0147,0.098289,-0.055103,0.063742,8.8414
3.363,2.0147,0.098293,-0.055176,0.063842,8.831
3.3631,2.0147,0.098296,-0.055255,0.063908,8.846
3.3631,2.0147,0.0983,-0.055337,0.063976,8.8465
3.3632,2.0147,0.098303,-0.055424,0.064076,8.8381
3.3632,2.0147,0.098306,-0.055514,0.064189,8.8497
3.3633,2.0147,0.09831,-0.055602,0.064309,8.853
3.3633,2.0147,0.098313,-0.055689,0.064431,8.8423
3.3634,2.0147,0.098316,-0.055775,0.064527,8.8527
3.3634,2.0147,0.09832,-0.055856,0.064632,8.8546
3.3635,2.0147,0.098323,-0.055934,0.064734,8.84
3.3635,2.0147,0.098327,-0.056012,0.064855,8.8485
3.3636,2.0147,0.09833,-0.05609,0.064962,8.8557
3.3636,2.0147,0.098333,-0.056171,0.06509,8.85
3.3637,2.0147,0.098337,-0.056251,0.065206,8.8405
3.3637,2.0147,0.09834,-0.056334,0.065315,8.8463
3.3638,2.0147,0.098344,-0.056419,0.065429,8.8436
3.3638,2.0146,0.098347,-0.056498,0.065586,8.8322
3.3639,2.0146,0.098351,-0.056568,0.065768,8.8419
3.3639,2.0146,0.098354,-0.056632,0.065956,8.8381
3.364,2.0146,0.098358,-0.056695,0.066136,8.8163
3.3641,2.0146,0.098361,-0.056754,0.066333,8.8303
3.3641,2.0146,0.098365,-0.056814,0.066503,8.8367
3.3642,2.0146,0.098368,-0.056879,0.06666,8.8152
3.3642,2.0146,0.098372,-0.056946,0.066808,8.8142
3.3643,2.0146,0.098375,-0.057014,0.066953,8.8182
3.3643,2.0146,0.098379,-0.057083,0.067095,8.8107
3.3644,2.0146,0.098382,-0.057152,0.067232,8.8049
3.3644,2.0146,0.098386,-0.05722,0.067358,8.8115
3.3645,2.0146,0.098389,-0.057282,0.067483,8.8058
3.3645,2.0146,0.098393,-0.057333,0.067599,8.8043
3.3646,2.0146,0.098396,-0.057378,0.067712,8.8144
3.3646,2.0146,0.0984,-0.057411,0.067817,8.8167
3.3647,2.0146,0.098404,-0.057442,0.067922,8.8069
3.3647,2.0146,0.098407,-0.057473,0.068018,8.8184
3.3648,2.0146,0.098411,-0.057499,0.068103,8.8165
3.3648,2.0146,0.098414,-0.057523,0.06817,8.8113
3.3649,2.0146,0.098418,-0.057546,0.068235,8.8106
3.3649,2.0146,0.098422,-0.057563,0.068291,8.8212
3.365,2.0146,0.098425,-0.057581,0.068347,8.8056
3.3651,2.0146,0.098429,-0.057591,0.068397,8.8115
3.3651,2.0146,0.098432,-0.057611,0.068455,8.8157
3.3652,2.0146,0.098436,-0.057636,0.06848,8.8109
3.3652,2.0146,0.09844,-0.057662,0.06848,8.797
3.3653,2.0146,0.098443,-0.057691,0.068456,8.8059
3.3653,2.0146,0.098447,-0.057725,0.068434,8.8
3.3654,2.0146,0.09845,-0.057756,0.068415,8.7951
3.3654,2.0146,0.098454,-0.057789,0.068406,8.8013
3.3655,2.0146,0.098458,-0.057826,0.068409,8.7992
3.3655,2.0146,0.098461,-0.057876,0.068431,8.7845
3.3656,2.0145,0.098465,-0.057935,0.06843,8.7934
3.3656,2.0145,0.098468,-0.058003,0.068421,8.8003
3.3657,2.0145,0.098472,-0.058076,0.068401,8.785
3.3657,2.0145,0.098476,-0.058144,0.06838,8.7872
3.3658,2.0145,0.098479,-0.058193,0.068353,8.7934
3.3658,2.0145,0.098483,-0.05823,0.068318,8.7875
3.3659,2.0145,0.098486,-0.058257,0.068284,8.7861
3.3659,2.0145,0.09849,-0.05828,0.068245,8.7963
3.366,2.0145,0.098494,-0.058299,0.06821,8.7869
3.3661,2.0145,0.098497,-0.05832,0.068176,8.7814
3.3661,2.0145,0.098501,-0.058337,0.06814,8.7968
3.3662,2.0145,0.098504,-0.058344,0.068098,8.8017
3.3662,2.0145,0.098508,-0.058346,0.068049,8.7914
3.3663,2.0145,0.098511,-0.058349,0.067987,8.7966
3.3663,2.0145,0.098515,-0.058357,0.067921,8.8056
3.3664,2.0145,0.098519,-0.058363,0.067859,8.7951
3.3664,2.0145,0.098522,-0.058369,0.067773,8.7937
3.3665,2.0145,0.098526,-0.05837,0.067667,8.7953
3.3665,2.0145,0.098529,-0.058371,0.067549,8.7851
3.3666,2.0145,0.098533,-0.058372,0.067426,8.7883
3.3666,2.0145,0.098536,-0.058379,0.067304,8.7979
3.3667,2.0145,0.09854,-0.058393,0.067191,8.7931
3.3667,2.0145,0.098543,-0.058422,0.067092,8.7817
3.3668,2.0145,0.098547,-0.05845,0.067014,8.7861
3.3668,2.0145,0.098551,-0.05848,0.066917,8.7815
3.3669,2.0145,0.098554,-0.05851,0.066818,8.7747
3.3669,2.0145,0.098558,-0.058533,0.066715,8.7732
3.367,2.0145,0.098561,-0.058554,0.066609,8.775
3.3671,2.0145,0.098565,-0.058583,0.066513,8.7698
3.3671,2.0145,0.098568,-0.058612,0.066392,8.779
3.3672,2.0145,0.098572,-0.058649,0.066251,8.785
3.3672,2.0145,0.098575,-0.058689,0.0661,8.7856
3.3673,2.0145,0.098578,-0.058727,0.065944,8.7915
3.3673,2.0144,0.098582,-0.058755,0.065792,8.7949
3.3674,2.0144,0.098585,-0.058759,0.065649,8.785
3.3674,2.0144,0.098589,-0.058755,0.065535,8.785
3.3675,2.0144,0.098592,-0.058746,0.065419,8.7989
3.3675,2.0144,0.098596,-0.058725,0.065271,8.7927
3.3676,2.0144,0.098599,-0.058709,0.065111,8.7866
3.3676,2.0144,0.098603,-0.058709,0.064948,8.8038
3.3677,2.0144,0.098606,-0.058708,0.064788,8.8124
3.3677,2.0144,0.098609,-0.058708,0.064638,8.8016
3.3678,2.0144,0.098613,-0.058714,0.064504,8.8057
3.3678,2.0144,0.098616,-0.058731,0.064391,8.8091
3.3679,2.0144,0.09862,-0.058756,0.064262,8.8014
3.3679,2.0144,0.098623,-0.058778,0.064146,8.8047
3.368,2.0144,0.098626,-0.058807,0.064003,8.8045
3.3681,2.0144,0.09863,-0.058838,0.063844,8.7895
3.3681,2.0144,0.098633,-0.058854,0.063674,8.7928
3.3682,2.0144,0.098636,-0.058867,0.063502,8.8034
3.3682,2.0144,0.09864,-0.058884,0.063347,8.798
3.3683,2.0144,0.098643,-0.058896,0.06318,8.7937
3.3683,2.0144,0.098646,-0.058915,0.063013,8.8006
3.3684,2.0144,0.09865,-0.058928,0.062857,8.7942
3.3684,2.0144,0.098653,-0.058958,0.062703,8.7894
3.3685,2.0144,0.098656,-0.059007,0.062548,8.7925
3.3685,2.0144,0.09866,-0.059069,0.062366,8.7932
3.3686,2.0144,0.098663,-0.059142,0.062178,8.7859
3.3686,2.0144,0.098666,-0.059222,0.062003,8.7966
3.3687,2.0144,0.098669,-0.059288,0.061811,8.808
3.3687,2.0144,0.098673,-0.059337,0.061637,8.8069
3.3688,2.0144,0.098676,-0.059374,0.061491,8.8143
3.3688,2.0144,0.098679,-0.059405,0.061391,8.8209
3.3689,2.0144,0.098682,-0.059439,0.061302,8.8142
3.3689,2.0144,0.098685,-0.05949,0.061197,8.8168
3.369,2.0143,0.098689,-0.059556,0.061089,8.8225
3.3691,2.0143,0.098692,-0.059649,0.060978,8.8152
3.3691,2.0143,0.098695,-0.059755,0.060871,8.8075
3.3692,2.0143,0.098698,-0.059864,0.06076,8.823
3.3692,2.0143,0.098701,-0.059977,0.060618,8.8234
3.3693,2.0143,0.098705,-0.060076,0.060458,8.8146
3.3693,2.0143,0.098708,-0.060164,0.060303,8.8268
3.3694,2.0143,0.098711,-0.060253,0.060146,8.8245
3.3694,2.0143,0.098714,-0.060331,0.059983,8.8155
3.3695,2.0143,0.098717,-0.060414,0.059823,8.8107
3.3695,2.0143,0.09872,-0.060494,0.059667,8.8141
3.3696,2.0143,0.098724,-0.060578,0.059474,8.8001
3.3696,2.0143,0.098727,-0.060679,0.059279,8.7943
3.3697,2.0143,0.09873,-0.060794,0.059094,8.8053
3.3697,2.0143,0.098733,-0.060912,0.058938,8.7914
3.3698,2.0143,0.098736,-0.06104,0.058776,8.7777
3.3698,2.0143,0.098739,-0.061165,0.058641,8.7864
3.3699,2.0143,0.098742,-0.061291,0.05852,8.7721
3.3699,2.0143,0.098745,-0.061413,0.058394,8.7624
3.37,2.0143,0.098748,-0.061529,0.058233,8.7736
3.3701,2.0143,0.098751,-0.061643,0.058098,8.7695
3.3701,2.0143,0.098754,-0.061746,0.057979,8.7635
3.3702,2.0143,0.098757,-0.061834,0.057889,8.7674
3.3702,2.0143,0.098761,-0.061916,0.057819,8.7723
3.3703,2.0143,0.098764,-0.061991,0.057802,8.7764
3.3703,2.0143,0.098767,-0.062068,0.057826,8.7788
3.3704,2.0143,0.09877,-0.062154,0.057835,8.7923
3.3704,2.0143,0.098773,-0.062231,0.057827,8.7806
3.3705,2.0143,0.098776,-0.062304,0.057788,8.7768
3.3705,2.0143,0.098779,-0.062376,0.057732,8.7774
3.3706,2.0143,0.098782,-0.062445,0.057687,8.7768
3.3706,2.0142,0.098785,-0.062514,0.05763,8.7691
3.3707,2.0142,0.098788,-0.062585,0.05758,8.7738
3.3707,2.0142,0.098791,-0.062663,0.057559,8.7742
3.3708,2.0142,0.098794,-0.06275,0.05754,8.7743
3.3708,2.0142,0.098797,-0.062839,0.057564,8.7771
3.3709,2.0142,0.0988,-0.062922,0.057577,8.7864
3.3709,2.0142,0.098803,-0.063003,0.057567,8.768
3.371,2.0142,0.098806,-0.063079,0.057557,8.7701
3.3711,2.0142,0.098809,-0.063155,0.057523,8.7715
3.3711,2.0142,0.098812,-0.063233,0.057493,8.7544
3.3712,2.0142,0.098815,-0.063315,0.057481,8.7585
3.3712,2.0142,0.098818,-0.063409,0.057499,8.7694
3.3713,2.0142,0.098821,-0.063503,0.057558,8.7674
3.3713,2.0142,0.098824,-0.063586,0.057623,8.7667
3.3714,2.0142,0.098827,-0.063667,0.057676,8.7792
3.3714,2.0142,0.09883,-0.063745,0.057735,8.7786
3.3715,2.0142,0.098833,-0.063822,0.057803,8.7665
3.3715,2.0142,0.098836,-0.063901,0.057882,8.7712
3.3716,2.0142,0.098839,-0.063988,0.057971,8.7808
3.3716,2.0142,0.098842,-0.064077,0.058068,8.7737
3.3717,2.0142,0.098846,-0.064163,0.058174,8.7841
3.3717,2.0142,0.098849,-0.064253,0.058273,8.7952
3.3718,2.0142,0.098852,-0.064346,0.058371,8.7939
3.3718,2.0142,0.098855,-0.064438,0.058483,8.7986
3.3719,2.0142,0.098858,-0.064532,0.058586,8.8002
3.3719,2.0142,0.098861,-0.064625,0.058666,8.7957
3.372,2.0142,0.098864,-0.064714,0.058716,8.7977
3.3721,2.0142,0.098867,-0.064791,0.058724,8.8042
3.3721,2.0142,0.09887,-0.064864,0.058719,8.7885
3.3722,2.0142,0.098873,-0.064929,0.058736,8.7761
3.3722,2.0141,0.098876,-0.064995,0.058779,8.794
3.3723,2.0141,0.098879,-0.065061,0.058858,8.7956
3.3723,2.0141,0.098883,-0.065132,0.058944,8.7859
3.3724,2.0141,0.098886,-0.0652,0.059038,8.7879
3.3724,2.0141,0.098889,-0.06527,0.05909,8.7884
3.3725,2.0141,0.098892,-0.065342,0.05908,8.7834
3.3725,2.0141,0.098895,-0.065417,0.059069,8.7888
3.3726,2.0141,0.098898,-0.065496,0.059105,8.7853
3.3726,2.0141,0.098901,-0.065578,0.059188,8.7751
3.3727,2.0141,0.098904,-0.06566,0.059325,8.7807
3.3727,2.0141,0.098907,-0.065744,0.05952,8.7925
3.3728,2.0141,0.098911,-0.065822,0.059769,8.7911
3.3728,2.0141,0.098914,-0.065895,0.060016,8.7897
3.3729,2.0141,0.098917,-0.06596,0.060251,8.8069
3.3729,2.0141,0.09892,-0.066025,0.060489,8.8056
3.373,2.0141,0.098923,-0.06609,0.060758,8.8049
3.3731,2.0141,0.098927,-0.066147,0.060984,8.8117
3.3731,2.0141,0.09893,-0.066206,0.061178,8.8116
3.3732,2.0141,0.098933,-0.066266,0.061356,8.8064
3.3732,2.0141,0.098936,-0.066329,0.061529,8.8107
3.3733,2.0141,0.098939,-0.066389,0.061727,8.8212
3.3733,2.0141,0.098943,-0.066444,0.061952,8.8151
3.3734,2.0141,0.098946,-0.066505,0.062165,8.8236
3.3734,2.0141,0.098949,-0.066571,0.062377,8.8341
3.3735,2.0141,0.098953,-0.066644,0.062516,8.8255
3.3735,2.0141,0.098956,-0.066724,0.062623,8.8282
3.3736,2.0141,0.098959,-0.066804,0.062717,8.8273
3.3736,2.0141,0.098963,-0.066882,0.062836,8.8241
3.3737,2.0141,0.098966,-0.06695,0.062984,8.8151
3.3737,2.014,0.098969,-0.067007,0.063138,8.8243
3.3738,2.014,0.098972,-0.067057,0.063246,8.8194
3.3738,2.014,0.098976,-0.067104,0.063319,8.8187
3.3739,2.014,0.098979,-0.06715,0.063359,8.8289
3.3739,2.014,0.098982,-0.067192,0.063376,8.828
3.374,2.014,0.098986,-0.067235,0.063388,8.8198
3.3741,2.014,0.098989,-0.067277,0.063417,8.8257
3.3741,2.014,0.098992,-0.067319,0.06345,8.8252
3.3742,2.014,0.098996,-0.067358,0.063487,8.8142
3.3742,2.014,0.098999,-0.067395,0.063527,8.8148
3.3743,2.014,0.099003,-0.067425,0.063571,8.83
3.3743,2.014,0.099006,-0.067452,0.063604,8.8283
3.3744,2.014,0.099009,-0.067476,0.063651,8.828
3.3744,2.014,0.099013,-0.067502,0.063726,8.8482
3.3745,2.014,0.099016,-0.067536,0.063839,8.8423
3.3745,2.014,0.099019,-0.067574,0.064005,8.836
3.3746,2.014,0.099023,-0.067621,0.064194,8.8486
3.3746,2.014,0.099026,-0.06767,0.064379,8.8554
3.3747,2.014,0.099029,-0.06772,0.064533,8.841
3.3747,2.014,0.099033,-0.067773,0.064632,8.8443
3.3748,2.014,0.099036,-0.067828,0.064696,8.8448
3.3748,2.014,0.09904,-0.067889,0.064736,8.8358
3.3749,2.014,0.099043,-0.067949,0.064771,8.8416
3.3749,2.014,0.099047,-0.068003,0.064824,8.8467
3.375,2.014,0.09905,-0.068067,0.064879,8.8428
3.3751,2.014,0.099053,-0.068114,0.064924,8.8393
3.3751,2.014,0.099057,-0.068157,0.064994,8.8357
3.3752,2.014,0.09906,-0.068198,0.065085,8.8324
3.3752,2.0139,0.099064,-0.068232,0.065191,8.8161
3.3753,2.0139,0.099067,-0.06826,0.065303,8.8296
3.3753,2.0139,0.09907,-0.068273,0.065417,8.8298
3.3754,2.0139,0.099074,-0.068277,0.065525,8.8208
3.3754,2.0139,0.099077,-0.068275,0.065618,8.8292
3.3755,2.0139,0.099081,-0.06825,0.06569,8.8328
3.3755,2.0139,0.099084,-0.06822,0.065778,8.8251
3.3756,2.0139,0.099088,-0.068181,0.065868,8.8312
3.3756,2.0139,0.099091,-0.068138,0.06596,8.8259
3.3757,2.0139,0.099095,-0.068097,0.066053,8.8213
3.3757,2.0139,0.099098,-0.068067,0.066149,8.8205
3.3758,2.0139,0.099102,-0.068046,0.066246,8.8359
3.3758,2.0139,0.099105,-0.068034,0.066346,8.8231
3.3759,2.0139,0.099109,-0.068028,0.066447,8.8246
3.3759,2.0139,0.099112,-0.068023,0.066549,8.8424
3.376,2.0139,0.099116,-0.068017,0.066653,8.8413
3.3761,2.0139,0.099119,-0.068015,0.066758,8.835
3.3761,2.0139,0.099123,-0.068021,0.066864,8.8429
3.3762,2.0139,0.099126,-0.068033,0.066971,8.838
3.3762,2.0139,0.09913,-0.068045,0.06708,8.8276
3.3763,2.0139,0.099133,-0.068059,0.067189,8.8313
3.3763,2.0139,0.099137,-0.068073,0.067285,8.8305
3.3764,2.0139,0.09914,-0.068085,0.067405,8.821
3.3764,2.0139,0.099144,-0.068101,0.067543,8.8247
3.3765,2.0139,0.099148,-0.068121,0.067694,8.8351
3.3765,2.0139,0.099151,-0.068149,0.067851,8.8194
3.3766,2.0139,0.099155,-0.068179,0.068008,8.8219
3.3766,2.0139,0.099158,-0.068208,0.068157,8.8213
3.3767,2.0138,0.099162,-0.068239,0.068291,8.8187
3.3767,2.0138,0.099165,-0.06827,0.068401,8.8106
3.3768,2.0138,0.099169,-0.068303,0.068526,8.8224
3.3768,2.0138,0.099173,-0.068336,0.068652,8.8145
3.3769,2.0138,0.099176,-0.068371,0.068778,8.8098
3.3769,2.0138,0.09918,-0.068407,0.068904,8.8224
3.377,2.0138,0.099184,-0.068443,0.069015,8.8269
3.3771,2.0138,0.099187,-0.06848,0.069151,8.8196
3.3771,2.0138,0.099191,-0.068518,0.069304,8.8317
3.3772,2.0138,0.099194,-0.068555,0.069468,8.8287
3.3772,2.0138,0.099198,-0.068596,0.069638,8.8205
3.3773,2.0138,0.099202,-0.068638,0.069806,8.8204
3.3773,2.0138,0.099206,-0.068686,0.069966,8.8233
3.3774,2.0138,0.099209,-0.068739,0.070094,8.8169
3.3774,2.0138,0.099213,-0.068793,0.070221,8.8206
3.3775,2.0138,0.099217,-0.068848,0.07038,8.8357
3.3775,2.0138,0.09922,-0.068901,0.07055,8.8346
3.3776,2.0138,0.099224,-0.068948,0.070724,8.8212
3.3776,2.0138,0.099228,-0.068996,0.070897,8.8287
3.3777,2.0138,0.099232,-0.06904,0.07106,8.8196
3.3777,2.0138,0.099235,-0.069085,0.071206,8.811
3.3778,2.0138,0.099239,-0.069133,0.071327,8.8067
3.3778,2.0138,0.099243,-0.069182,0.071461,8.8112
3.3779,2.0138,0.099247,-0.069235,0.07158,8.8013
3.3779,2.0138,0.09925,-0.069292,0.07172,8.8115
3.378,2.0138,0.099254,-0.069356,0.071878,8.8184
3.3781,2.0138,0.099258,-0.069425,0.072045,8.8132
3.3781,2.0137,0.099262,-0.069499,0.072217,8.8174
3.3782,2.0137,0.099266,-0.069569,0.072371,8.8262
3.3782,2.0137,0.099269,-0.06965,0.072538,8.8163
3.3783,2.0137,0.099273,-0.069738,0.072706,8.8124
3.3783,2.0137,0.099277,-0.069842,0.072859,8.8289
3.3784,2.0137,0.099281,-0.069939,0.073016,8.8307
3.3784,2.0137,0.099285,-0.070033,0.073177,8.8248
3.3785,2.0137,0.099289,-0.070121,0.07337,8.8408
3.3785,2.0137,0.099292,-0.070205,0.073574,8.8502
3.3786,2.0137,0.099296,-0.070283,0.07377,8.8472
3.3786,2.0137,0.0993,-0.070368,0.073982,8.8523
3.3787,2.0137,0.099304,-0.070461,0.074181,8.855
3.3787,2.0137,0.099308,-0.070567,0.074355,8.8481
3.3788,2.0137,0.099312,-0.07067,0.074486,8.8569
3.3788,2.0137,0.099316,-0.07077,0.074604,8.8674
3.3789,2.0137,0.09932,-0.070855,0.074734,8.854
3.3789,2.0137,0.099324,-0.070933,0.074862,8.856
3.379,2.0137,0.099328,-0.070996,0.074987,8.8616
3.3791,2.0137,0.099332,-0.071051,0.075094,8.8632
3.3791,2.0137,0.099336,-0.071105,0.075208,8.8549
3.3792,2.0137,0.09934,-0.071165,0.07536,8.8589
3.3792,2.0137,0.099344,-0.071242,0.075539,8.8566
3.3793,2.0137,0.099348,-0.071322,0.075718,8.8441
3.3793,2.0137,0.099352,-0.071401,0.075907,8.849
3.3794,2.0137,0.099356,-0.071484,0.076109,8.8527
3.3794,2.0137,0.09936,-0.071558,0.076323,8.8416
3.3795,2.0137,0.099364,-0.071636,0.076537,8.852
3.3795,2.0136,0.099368,-0.071712,0.076796,8.8561
3.3796,2.0136,0.099372,-0.071778,0.077076,8.8449
3.3796,2.0136,0.099376,-0.071837,0.077353,8.849
3.3797,2.0136,0.09938,-0.07189,0.077609,8.8604
3.3797,2.0136,0.099384,-0.071936,0.07788,8.8474
3.3798,2.0136,0.099388,-0.071965,0.078133,8.8493
3.3798,2.0136,0.099392,-0.071977,0.078382,8.8649
3.3799,2.0136,0.099396,-0.071994,0.07864,8.8576
3.3799,2.0136,0.0994,-0.072016,0.078936,8.8522
3.38,2.0136,0.099405,-0.07205,0.079215,8.8606
3.3801,2.0136,0.099409,-0.072101,0.079481,8.875
3.3801,2.0136,0.099413,-0.07218,0.079728,8.8652
3.3802,2.0136,0.099417,-0.07227,0.07996,8.8746
3.3802,2.0136,0.099421,-0.072356,0.080139,8.8709
3.3803,2.0136,0.099426,-0.072432,0.080274,8.866
3.3803,2.0136,0.09943,-0.072498,0.080417,8.8656
3.3804,2.0136,0.099434,-0.07256,0.080573,8.863
3.3804,2.0136,0.099438,-0.072619,0.08076,8.8499
3.3805,2.0136,0.099443,-0.07267,0.080965,8.8476
3.3805,2.0136,0.099447,-0.072719,0.081161,8.8545
3.3806,2.0136,0.099451,-0.072757,0.081372,8.8453
3.3806,2.0136,0.099455,-0.072796,0.081578,8.8392
3.3807,2.0136,0.09946,-0.072836,0.081758,8.845
3.3807,2.0136,0.099464,-0.072868,0.081936,8.8306
3.3808,2.0136,0.099468,-0.072901,0.082068,8.822
3.3808,2.0136,0.099473,-0.072938,0.082209,8.8274
3.3809,2.0135,0.099477,-0.072982,0.082369,8.8298
3.3809,2.0135,0.099481,-0.073031,0.08253,8.8094
3.381,2.0135,0.099486,-0.073088,0.082716,8.8113
3.3811,2.0135,0.09949,-0.073148,0.0829,8.8198
3.3811,2.0135,0.099495,-0.07321,0.083069,8.8182
3.3812,2.0135,0.099499,-0.073266,0.083206,8.8172
3.3812,2.0135,0.099503,-0.073332,0.083298,8.8216
3.3813,2.0135,0.099508,-0.073403,0.083374,8.8132
3.3813,2.0135,0.099512,-0.07348,0.083457,8.8108
3.3814,2.0135,0.099516,-0.073559,0.083534,8.8225
3.3814,2.0135,0.099521,-0.073624,0.083605,8.8202
3.3815,2.0135,0.099525,-0.073653,0.083669,8.8072
3.3815,2.0135,0.09953,-0.073658,0.083726,8.8177
3.3816,2.0135,0.099534,-0.073662,0.083777,8.8207
3.3816,2.0135,0.099538,-0.073687,0.083821,8.8125
3.3817,2.0135,0.099543,-0.073717,0.083858,8.8167
3.3817,2.0135,0.099547,-0.073747,0.083888,8.8184
3.3818,2.0135,0.099552,-0.073788,0.083896,8.801
3.3818,2.0135,0.099556,-0.07382,0.083907,8.8037
3.3819,2.0135,0.099561,-0.073831,0.083937,8.8136
3.3819,2.0135,0.099565,-0.073844,0.083998,8.7966
3.382,2.0135,0.099569,-0.07388,0.084111,8.7881
3.3821,2.0135,0.099574,-0.07392,0.08425,8.797
3.3821,2.0135,0.099578,-0.073959,0.084374,8.7924
3.3822,2.0135,0.099583,-0.073985,0.08448,8.7887
3.3822,2.0135,0.099587,-0.074013,0.084554,8.7943
3.3823,2.0134,0.099592,-0.074037,0.084626,8.7891
3.3823,2.0134,0.099596,-0.074056,0.084708,8.7823
3.3824,2.0134,0.099601,-0.074087,0.084815,8.7826
3.3824,2.0134,0.099605,-0.07412,0.084977,8.7801
3.3825,2.0134,0.09961,-0.074152,0.085141,8.7749
3.3825,2.0134,0.099614,-0.074186,0.085265,8.7798
3.3826,2.0134,0.099618,-0.074218,0.08535,8.7874
3.3826,2.0134,0.099623,-0.074248,0.085393,8.7824
3.3827,2.0134,0.099627,-0.074274,0.085392,8.7849
3.3827,2.0134,0.099632,-0.074299,0.085359,8.7959
3.3828,2.0134,0.099636,-0.074321,0.085307,8.7894
3.3828,2.0134,0.099641,-0.074345,0.085261,8.7862
3.3829,2.0134,0.099645,-0.074366,0.085207,8.7976
3.3829,2.0134,0.09965,-0.074375,0.08513,8.796
3.383,2.0134,0.099654,-0.074402,0.085069,8.785
3.3831,2.0134,0.099659,-0.07442,0.085018,8.8011
3.3831,2.0134,0.099663,-0.074437,0.08497,8.8044
3.3832,2.0134,0.099668,-0.074457,0.08492,8.7952
3.3832,2.0134,0.099672,-0.074489,0.084845,8.7994
3.3833,2.0134,0.099677,-0.07454,0.084763,8.8044
3.3833,2.0134,0.099681,-0.074587,0.084683,8.7885
3.3834,2.0134,0.099686,-0.074638,0.084611,8.7874
3.3834,2.0134,0.09969,-0.074695,0.084588,8.7872
3.3835,2.0134,0.099695,-0.074719,0.084614,8.7734
3.3835,2.0134,0.099699,-0.074731,0.084643,8.7702
3.3836,2.0134,0.099703,-0.074739,0.084664,8.7847
3.3836,2.0133,0.099708,-0.074744,0.08466,8.7801
3.3837,2.0133,0.099712,-0.074745,0.084651,8.7725
3.3837,2.0133,0.099717,-0.074748,0.084643,8.7822
3.3838,2.0133,0.099721,-0.074764,0.084644,8.7856
3.3838,2.0133,0.099726,-0.074775,0.084661,8.7787
3.3839,2.0133,0.09973,-0.074773,0.084702,8.7778
3.3839,2.0133,0.099735,-0.074765,0.08473,8.7811
3.384,2.0133,0.099739,-0.074755,0.084758,8.7719
3.3841,2.0133,0.099744,-0.074733,0.084786,8.7859
3.3841,2.0133,0.099748,-0.074694,0.084814,8.7929
3.3842,2.0133,0.099753,-0.07465,0.084842,8.7871
3.3842,2.0133,0.099757,-0.074611,0.08487,8.7959
3.3843,2.0133,0.099761,-0.07457,0.084914,8.8093
3.3843,2.0133,0.099766,-0.074527,0.084948,8.8032
3.3844,2.0133,0.09977,-0.074483,0.084957,8.8021
3.3844,2.0133,0.099775,-0.074437,0.084923,8.8121
3.3845,2.0133,0.099779,-0.07439,0.084834,8.808
3.3845,2.0133,0.099784,-0.074341,0.08472,8.8018
3.3846,2.0133,0.099788,-0.074291,0.084605,8.8057
3.3846,2.0133,0.099793,-0.074239,0.084512,8.8119
3.3847,2.0133,0.099797,-0.074185,0.084469,8.8065
3.3847,2.0133,0.099802,-0.074129,0.084455,8.8101
3.3848,2.0133,0.099806,-0.074066,0.084461,8.8157
3.3848,2.0133,0.09981,-0.07401,0.084467,8.8003
3.3849,2.0133,0.099815,-0.073959,0.084456,8.8044
3.3849,2.0132,0.099819,-0.073905,0.084449,8.8095
3.385,2.0132,0.099824,-0.073859,0.084442,8.7951
3.3851,2.0132,0.099828,-0.073813,0.084435,8.7876
3.3851,2.0132,0.099833,-0.073768,0.084428,8.7959
3.3852,2.0132,0.099837,-0.073728,0.084422,8.7927
3.3852,2.0132,0.099842,-0.073691,0.084399,8.7967
3.3853,2.0132,0.099846,-0.07367,0.084407,8.8066
3.3853,2.0132,0.09985,-0.073657,0.084434,8.7998
3.3854,2.0132,0.099855,-0.073645,0.084473,8.7962
3.3854,2.0132,0.099859,-0.073643,0.084513,8.8032
3.3855,2.0132,0.099864,-0.073637,0.084544,8.8027
3.3855,2.0132,0.099868,-0.073632,0.084566,8.7926
3.3856,2.0132,0.099873,-0.073629,0.084569,8.8017
3.3856,2.0132,0.099877,-0.073626,0.084546,8.8133
3.3857,2.0132,0.099882,-0.073624,0.084538,8.8156
3.3857,2.0132,0.099886,-0.073623,0.084532,8.8197
3.3858,2.0132,0.09989,-0.073623,0.084529,8.834
3.3858,2.0132,0.099895,-0.073624,0.08453,8.8212
3.3859,2.0132,0.099899,-0.073626,0.084534,8.8171
3.3859,2.0132,0.099904,-0.073631,0.084549,8.825
3.386,2.0132,0.099908,-0.073634,0.084569,8.8197
3.3861,2.0132,0.099913,-0.073637,0.084589,8.8097
3.3861,2.0132,0.099917,-0.073639,0.084608,8.8182
3.3862,2.0132,0.099922,-0.073636,0.08462,8.8157
3.3862,2.0132,0.099926,-0.073631,0.084627,8.8089
3.3863,2.0132,0.099931,-0.073627,0.084631,8.8147
3.3863,2.0131,0.099935,-0.073629,0.084637,8.8128
3.3864,2.0131,0.099939,-0.073637,0.084642,8.792
3.3864,2.0131,0.099944,-0.073644,0.084642,8.7897
3.3865,2.0131,0.099948,-0.073653,0.084637,8.7854
3.3865,2.0131,0.099953,-0.073659,0.084629,8.7686
3.3866,2.0131,0.099957,-0.07366,0.084605,8.7597
3.3866,2.0131,0.099962,-0.073659,0.084578,8.7651
3.3867,2.0131,0.099966,-0.073659,0.084557,8.7573
3.3867,2.0131,0.099971,-0.073663,0.084551,8.7566
3.3868,2.0131,0.099975,-0.073668,0.084552,8.7669
3.3868,2.0131,0.09998,-0.073674,0.084555,8.7658
3.3869,2.0131,0.099984,-0.073686,0.084555,8.7577
3.3869,2.0131,0.099988,-0.0737,0.084548,8.763
3.387,2.0131,0.099993,-0.073718,0.084529,8.7691
3.3871,2.0131,0.099997,-0.073742,0.084504,8.761
3.3871,2.0131,0.1,-0.073773,0.084478,8.7694
3.3872,2.0131,0.10001,-0.073808,0.084456,8.7699
3.3872,2.0131,0.10001,-0.073848,0.084435,8.7702
3.3873,2.0131,0.10002,-0.073889,0.084414,8.7731
3.3873,2.0131,0.10002,-0.073933,0.084377,8.7796
3.3874,2.0131,0.10002,-0.073977,0.084366,8.773
3.3874,2.0131,0.10003,-0.074023,0.084365,8.7728
3.3875,2.0131,0.10003,-0.074067,0.084391,8.7743
3.3875,2.0131,0.10004,-0.074109,0.084453,8.7705
3.3876,2.0131,0.10004,-0.074151,0.084567,8.7545
3.3876,2.0131,0.10005,-0.074194,0.084687,8.7651
3.3877,2.013,0.10005,-0.074238,0.084818,8.7617
3.3877,2.013,0.10006,-0.074284,0.084908,8.7523
3.3878,2.013,0.10006,-0.074334,0.085009,8.7575
3.3878,2.013,0.10006,-0.074387,0.085074,8.7633
3.3879,2.013,0.10007,-0.07444,0.085114,8.7484
3.3879,2.013,0.10007,-0.074493,0.085138,8.7593
3.388,2.013,0.10008,-0.074547,0.085147,8.7559
3.3881,2.013,0.10008,-0.074602,0.085117,8.7511
3.3881,2.013,0.10009,-0.074663,0.085081,8.7543
3.3882,2.013,0.10009,-0.074718,0.085021,8.7644
3.3882,2.013,0.1001,-0.074765,0.084977,8.7674
3.3883,2.013,0.1001,-0.074804,0.084939,8.768
3.3883,2.013,0.1001,-0.074841,0.0849,8.7821
3.3884,2.013,0.10011,-0.074872,0.084867,8.7798
3.3884,2.013,0.10011,-0.074902,0.084826,8.776
3.3885,2.013,0.10012,-0.07493,0.084776,8.7964
3.3885,2.013,0.10012,-0.074962,0.084722,8.7956
3.3886,2.013,0.10013,-0.074989,0.084668,8.7857
3.3886,2.013,0.10013,-0.075014,0.08462,8.7897
3.3887,2.013,0.10014,-0.075039,0.084582,8.8009
3.3887,2.013,0.10014,-0.075071,0.084547,8.7967
3.3888,2.013,0.10014,-0.075102,0.084522,8.8037
3.3888,2.013,0.10015,-0.075136,0.084499,8.8128
3.3889,2.013,0.10015,-0.075167,0.084459,8.8033
3.3889,2.013,0.10016,-0.075197,0.084444,8.8024
3.389,2.0129,0.10016,-0.075227,0.084444,8.8083
3.3891,2.0129,0.10017,-0.075257,0.084453,8.7958
3.3891,2.0129,0.10017,-0.075285,0.084463,8.7878
3.3892,2.0129,0.10018,-0.075311,0.084467,8.7892
3.3892,2.0129,0.10018,-0.075339,0.084459,8.7939
3.3893,2.0129,0.10018,-0.075368,0.084434,8.7855
3.3893,2.0129,0.10019,-0.075401,0.084384,8.7965
3.3894,2.0129,0.10019,-0.075437,0.084349,8.806
3.3894,2.0129,0.1002,-0.075474,0.084313,8.793
3.3895,2.0129,0.1002,-0.07551,0.084277,8.802
3.3895,2.0129,0.10021,-0.07554,0.084241,8.8036
3.3896,2.0129,0.10021,-0.075566,0.084205,8.7934
3.3896,2.0129,0.10022,-0.075595,0.084168,8.795
3.3897,2.0129,0.10022,-0.075625,0.08413,8.8071
3.3897,2.0129,0.10022,-0.075668,0.084092,8.802
3.3898,2.0129,0.10023,-0.075715,0.084054,8.8011
3.3898,2.0129,0.10023,-0.075756,0.084015,8.819
3.3899,2.0129,0.10024,-0.075788,0.083975,8.8198
3.3899,2.0129,0.10024,-0.075805,0.083935,8.819
3.39,2.0129,0.10025,-0.075811,0.083895,8.8298
3.3901,2.0129,0.10025,-0.075806,0.083854,8.8249
3.3901,2.0129,0.10026,-0.075798,0.083813,8.8142
3.3902,2.0129,0.10026,-0.075796,0.083771,8.8211
3.3902,2.0129,0.10026,-0.075792,0.083729,8.8272
3.3903,2.0129,0.10027,-0.07579,0.083686,8.8195
3.3903,2.0128,0.10027,-0.075797,0.08363,8.8187
3.3904,2.0128,0.10028,-0.075811,0.083597,8.8243
3.3904,2.0128,0.10028,-0.075835,0.083579,8.8186
3.3905,2.0128,0.10029,-0.075864,0.08357,8.8159
3.3905,2.0128,0.10029,-0.075904,0.083562,8.8187
3.3906,2.0128,0.10029,-0.07594,0.083549,8.8125
3.3906,2.0128,0.1003,-0.07597,0.083523,8.8072
3.3907,2.0128,0.1003,-0.075992,0.08348,8.8143
3.3907,2.0128,0.10031,-0.076018,0.083413,8.8107
3.3908,2.0128,0.10031,-0.076058,0.08336,8.8013
3.3908,2.0128,0.10032,-0.07611,0.083307,8.8163
3.3909,2.0128,0.10032,-0.076166,0.083255,8.8232
3.3909,2.0128,0.10033,-0.076226,0.083202,8.812
3.391,2.0128,0.10033,-0.076284,0.08315,8.823
3.3911,2.0128,0.10033,-0.076332,0.083097,8.8309
3.3911,2.0128,0.10034,-0.076361,0.083044,8.8223
3.3912,2.0128,0.10034,-0.076372,0.082991,8.82
3.3912,2.0128,0.10035,-0.076388,0.082938,8.8417
3.3913,2.0128,0.10035,-0.076392,0.082885,8.8422
3.3913,2.0128,0.10036,-0.076375,0.082831,8.8409
3.3914,2.0128,0.10036,-0.076357,0.082777,8.8526
3.3914,2.0128,0.10036,-0.076354,0.082724,8.8573
3.3915,2.0128,0.10037,-0.076355,0.08267,8.8447
3.3915,2.0128,0.10037,-0.076348,0.082616,8.8547
3.3916,2.0128,0.10038,-0.076321,0.082562,8.8557
3.3916,2.0127,0.10038,-0.07629,0.082508,8.8403
3.3917,2.0127,0.10039,-0.076261,0.082453,8.8452
3.3917,2.0127,0.10039,-0.076228,0.082398,8.8536
3.3918,2.0127,0.1004,-0.076213,0.082342,8.8369
3.3918,2.0127,0.1004,-0.076232,0.082287,8.8405
3.3919,2.0127,0.1004,-0.076263,0.082231,8.8439
3.3919,2.0127,0.10041,-0.076287,0.082175,8.8341
3.392,2.0127,0.10041,-0.076315,0.082104,8.8297
3.3921,2.0127,0.10042,-0.076348,0.082058,8.8347
3.3921,2.0127,0.10042,-0.0764,0.082028,8.8264
3.3922,2.0127,0.10043,-0.076455,0.082006,8.8244
3.3922,2.0127,0.10043,-0.076515,0.081985,8.8285
3.3923,2.0127,0.10043,-0.076577,0.08196,8.8274
3.3923,2.0127,0.10044,-0.076626,0.081922,8.8231
3.3924,2.0127,0.10044,-0.07666,0.08185,8.8322
3.3924,2.0127,0.10045,-0.076689,0.081768,8.8403
3.3925,2.0127,0.10045,-0.076709,0.081749,8.8303
3.3925,2.0127,0.10046,-0.07672,0.081744,8.8379
3.3926,2.0127,0.10046,-0.07673,0.081763,8.8444
3.3926,2.0127,0.10046,-0.076742,0.081828,8.8347
3.3927,2.0127,0.10047,-0.076754,0.081902,8.8332
3.3927,2.0127,0.10047,-0.076771,0.081952,8.8458
3.3928,2.0127,0.10048,-0.076787,0.08193,8.8356
3.3928,2.0127,0.10048,-0.076805,0.081905,8.8289
3.3929,2.0127,0.10049,-0.076826,0.081883,8.8403
3.3929,2.0126,0.10049,-0.076832,0.081822,8.8413
3.393,2.0126,0.10049,-0.076849,0.081735,8.8359
3.3931,2.0126,0.1005,-0.076871,0.08169,8.8445
3.3931,2.0126,0.1005,-0.076884,0.081651,8.8309
3.3932,2.0126,0.10051,-0.07689,0.081602,8.8215
3.3932,2.0126,0.10051,-0.076877,0.081527,8.8251
3.3933,2.0126,0.10052,-0.076854,0.081465,8.8269
3.3933,2.0126,0.10052,-0.076808,0.081372,8.8092
3.3934,2.0126,0.10052,-0.076736,0.081288,8.8137
3.3934,2.0126,0.10053,-0.076683,0.081196,8.8222
3.3935,2.0126,0.10053,-0.076631,0.081133,8.81
3.3935,2.0126,0.10054,-0.076575,0.081073,8.812
3.3936,2.0126,0.10054,-0.076527,0.081008,8.8208
3.3936,2.0126,0.10055,-0.076485,0.080929,8.8154
3.3937,2.0126,0.10055,-0.076443,0.08083,8.81
3.3937,2.0126,0.10055,-0.076383,0.080703,8.8204
3.3938,2.0126,0.10056,-0.076315,0.080595,8.8221
3.3938,2.0126,0.10056,-0.076254,0.08049,8.8158
3.3939,2.0126,0.10057,-0.07619,0.080385,8.8263
3.3939,2.0126,0.10057,-0.076124,0.080265,8.8327
3.394,2.0126,0.10058,-0.076062,0.080177,8.825
3.3941,2.0126,0.10058,-0.076012,0.08011,8.8307
3.3941,2.0126,0.10058,-0.075969,0.080055,8.8289
3.3942,2.0126,0.10059,-0.075924,0.079987,8.8183
3.3942,2.0126,0.10059,-0.075882,0.079926,8.8189
3.3943,2.0125,0.1006,-0.075839,0.079902,8.8262
3.3943,2.0125,0.1006,-0.075792,0.079871,8.8209
3.3944,2.0125,0.10061,-0.075741,0.079842,8.8193
3.3944,2.0125,0.10061,-0.075689,0.079857,8.8326
3.3945,2.0125,0.10061,-0.075641,0.079904,8.829
3.3945,2.0125,0.10062,-0.075593,0.079941,8.8254
3.3946,2.0125,0.10062,-0.075553,0.079913,8.83
3.3946,2.0125,0.10063,-0.075515,0.079869,8.8244
3.3947,2.0125,0.10063,-0.075476,0.079837,8.8147
3.3947,2.0125,0.10063,-0.075433,0.079789,8.8238
3.3948,2.0125,0.10064,-0.075388,0.079782,8.8265
3.3948,2.0125,0.10064,-0.075344,0.079794,8.8134
3.3949,2.0125,0.10065,-0.075294,0.079815,8.8216
3.3949,2.0125,0.10065,-0.07524,0.079797,8.8328
3.395,2.0125,0.10066,-0.075183,0.07971,8.8245
3.3951,2.0125,0.10066,-0.075123,0.079574,8.8287
3.3951,2.0125,0.10066,-0.075064,0.079397,8.8415
3.3952,2.0125,0.10067,-0.075004,0.079246,8.8353
3.3952,2.0125,0.10067,-0.074946,0.079121,8.8349
3.3953,2.0125,0.10068,-0.074889,0.079037,8.8445
3.3953,2.0125,0.10068,-0.074829,0.078972,8.847
3.3954,2.0125,0.10068,-0.074768,0.078907,8.8363
3.3954,2.0125,0.10069,-0.074705,0.078827,8.8527
3.3955,2.0125,0.10069,-0.074642,0.078707,8.86
3.3955,2.0125,0.1007,-0.074575,0.07854,8.8619
3.3956,2.0124,0.1007,-0.074504,0.078377,8.8695
3.3956,2.0124,0.10071,-0.07443,0.078191,8.8717
3.3957,2.0124,0.10071,-0.074356,0.078034,8.8679
3.3957,2.0124,0.10071,-0.074281,0.077881,8.8636
3.3958,2.0124,0.10072,-0.074202,0.077727,8.8634
3.3958,2.0124,0.10072,-0.07412,0.077571,8.8568
3.3959,2.0124,0.10073,-0.074029,0.0774,8.8488
3.3959,2.0124,0.10073,-0.073936,0.077218,8.8586
3.396,2.0124,0.10073,-0.073843,0.077036,8.8533
3.3961,2.0124,0.10074,-0.07376,0.07685,8.8432
3.3961,2.0124,0.10074,-0.073689,0.076659,8.8556
3.3962,2.0124,0.10075,-0.073624,0.076487,8.8493
3.3962,2.0124,0.10075,-0.073558,0.076353,8.8372
3.3963,2.0124,0.10075,-0.073483,0.076261,8.8501
3.3963,2.0124,0.10076,-0.073394,0.076217,8.8522
3.3964,2.0124,0.10076,-0.073304,0.076218,8.8339
3.3964,2.0124,0.10077,-0.073221,0.076249,8.8358
3.3965,2.0124,0.10077,-0.073146,0.076305,8.8525
3.3965,2.0124,0.10077,-0.073083,0.076323,8.8424
3.3966,2.0124,0.10078,-0.073031,0.076333,8.8432
3.3966,2.0124,0.10078,-0.072981,0.076316,8.8552
3.3967,2.0124,0.10079,-0.072929,0.076247,8.8519
3.3967,2.0124,0.10079,-0.072878,0.076132,8.8526
3.3968,2.0124,0.10079,-0.072829,0.07596,8.8503
3.3968,2.0124,0.1008,-0.072778,0.075781,8.8417
3.3969,2.0124,0.1008,-0.072726,0.075655,8.8389
3.3969,2.0123,0.10081,-0.072675,0.075526,8.8515
3.397,2.0123,0.10081,-0.072624,0.075447,8.8509
3.3971,2.0123,0.10081,-0.072568,0.075423,8.8438
3.3971,2.0123,0.10082,-0.07251,0.075412,8.8465
3.3972,2.0123,0.10082,-0.072453,0.075382,8.8547
3.3972,2.0123,0.10083,-0.072394,0.075303,8.8413
3.3973,2.0123,0.10083,-0.07233,0.0752,8.8429
3.3973,2.0123,0.10083,-0.07227,0.075071,8.8499
3.3974,2.0123,0.10084,-0.072204,0.074921,8.8283
3.3974,2.0123,0.10084,-0.072139,0.07478,8.829
3.3975,2.0123,0.10085,-0.072077,0.074665,8.8392
3.3975,2.0123,0.10085,-0.072015,0.074533,8.8338
3.3976,2.0123,0.10085,-0.071947,0.074411,8.8223
3.3976,2.0123,0.10086,-0.071878,0.074269,8.8324
3.3977,2.0123,0.10086,-0.07181,0.074133,8.8298
3.3977,2.0123,0.10087,-0.071744,0.073982,8.818
3.3978,2.0123,0.10087,-0.071669,0.073827,8.8194
3.3978,2.0123,0.10087,-0.071597,0.073667,8.8132
3.3979,2.0123,0.10088,-0.071525,0.073518,8.8003
3.3979,2.0123,0.10088,-0.071447,0.073348,8.81
3.398,2.0123,0.10088,-0.071368,0.073199,8.8178
3.3981,2.0123,0.10089,-0.07129,0.073054,8.8058
3.3981,2.0123,0.10089,-0.071217,0.07296,8.8075
3.3982,2.0123,0.1009,-0.07115,0.072867,8.8208
3.3982,2.0123,0.1009,-0.071086,0.072721,8.8103
3.3983,2.0123,0.1009,-0.071029,0.07258,8.8034
3.3983,2.0122,0.10091,-0.070981,0.072434,8.8058
3.3984,2.0122,0.10091,-0.070933,0.072255,8.802
3.3984,2.0122,0.10092,-0.070896,0.072052,8.7977
3.3985,2.0122,0.10092,-0.070865,0.071855,8.7999
3.3985,2.0122,0.10092,-0.070839,0.071707,8.8005
3.3986,2.0122,0.10093,-0.070815,0.071566,8.7898
3.3986,2.0122,0.10093,-0.070793,0.071395,8.7981
3.3987,2.0122,0.10093,-0.070773,0.071259,8.8033
3.3987,2.0122,0.10094,-0.070745,0.071104,8.7888
3.3988,2.0122,0.10094,-0.070703,0.070939,8.7863
3.3988,2.0122,0.10095,-0.070657,0.070782,8.7886
3.3989,2.0122,0.10095,-0.070605,0.070627,8.7777
3.3989,2.0122,0.10095,-0.070553,0.07051,8.7737
3.399,2.0122,0.10096,-0.070501,0.070374,8.7839
3.3991,2.0122,0.10096,-0.07045,0.070231,8.7836
3.3991,2.0122,0.10096,-0.070399,0.070077,8.7776
3.3992,2.0122,0.10097,-0.07034,0.06991,8.7886
3.3992,2.0122,0.10097,-0.070277,0.069743,8.7854
3.3993,2.0122,0.10097,-0.070213,0.069581,8.7827
3.3993,2.0122,0.10098,-0.070148,0.069377,8.7921
3.3994,2.0122,0.10098,-0.070084,0.06918,8.7937
3.3994,2.0122,0.10099,-0.070028,0.068978,8.7841
3.3995,2.0122,0.10099,-0.069982,0.068812,8.7872
3.3995,2.0122,0.10099,-0.069942,0.068665,8.7973
3.3996,2.0122,0.101,-0.069914,0.068567,8.7938
3.3996,2.0122,0.101,-0.069894,0.068494,8.7977
3.3997,2.0122,0.101,-0.069873,0.068427,8.8112
3.3997,2.0121,0.10101,-0.069858,0.068343,8.8056
3.3998,2.0121,0.10101,-0.069839,0.068256,8.8011
3.3998,2.0121,0.10101,-0.069828,0.068167,8.8105
3.3999,2.0121,0.10102,-0.069823,0.068076,8.8
3.3999,2.0121,0.10102,-0.069815,0.067982,8.7931
3.4,2.0121,0.10103,-0.069812,0.067887,8.799
3.4001,2.0121,0.10103,-0.069808,0.067789,8.7971
3.4001,2.0121,0.10103,-0.0698,0.067689,8.794
3.4002,2.0121,0.10104,-0.0698,0.067588,8.7995
3.4002,2.0121,0.10104,-0.069801,0.067484,8.8054
3.4003,2.0121,0.10104,-0.069802,0.067394,8.793
3.4003,2.0121,0.10105,-0.069806,0.067279,8.7963
3.4004,2.0121,0.10105,-0.069806,0.067145,8.8014
3.4004,2.0121,0.10105,-0.069799,0.066997,8.7893
3.4005,2.0121,0.10106,-0.069793,0.066843,8.7896
3.4005,2.0121,0.10106,-0.069785,0.066689,8.794
3.4006,2.0121,0.10106,-0.069777,0.066542,8.7947
3.4006,2.0121,0.10107,-0.069776,0.06641,8.7984
3.4007,2.0121,0.10107,-0.069769,0.066301,8.809
3.4007,2.0121,0.10107,-0.069752,0.066177,8.8114
3.4008,2.0121,0.10108,-0.069722,0.066051,8.8047
3.4008,2.0121,0.10108,-0.06968,0.065925,8.8041
3.4009,2.0121,0.10108,-0.069628,0.065798,8.8067
3.4009,2.0121,0.10109,-0.06957,0.065684,8.799
3.401,2.0121,0.10109,-0.069513,0.065545,8.801
3.4011,2.0121,0.1011,-0.069476,0.065403,8.8066
3.4011,2.0121,0.1011,-0.06945,0.065228,8.8017
3.4012,2.0121,0.1011,-0.069424,0.06505,8.8072
3.4012,2.012,0.10111,-0.069408,0.064858,8.8184
3.4013,2.012,0.10111,-0.069405,0.064651,8.8075
3.4013,2.012,0.10111,-0.069411,0.064431,8.8006
3.4014,2.012,0.10112,-0.069435,0.064211,8.8026
3.4014,2.012,0.10112,-0.06948,0.063949,8.7985
3.4015,2.012,0.10112,-0.06954,0.063702,8.786
3.4015,2.012,0.10113,-0.069609,0.063465,8.792
3.4016,2.012,0.10113,-0.069679,0.0633,8.7906
3.4016,2.012,0.10113,-0.069748,0.063154,8.7819
3.4017,2.012,0.10114,-0.069807,0.063031,8.7936
3.4017,2.012,0.10114,-0.069855,0.062927,8.8037
3.4018,2.012,0.10114,-0.069891,0.062831,8.7829
3.4018,2.012,0.10115,-0.069919,0.062739,8.7896
3.4019,2.012,0.10115,-0.069936,0.06265,8.7862
3.4019,2.012,0.10115,-0.069942,0.062568,8.7785
3.402,2.012,0.10116,-0.069942,0.062452,8.7797
3.4021,2.012,0.10116,-0.069933,0.062268,8.7886
3.4021,2.012,0.10116,-0.069915,0.062043,8.7933
3.4022,2.012,0.10117,-0.069889,0.061794,8.7857
3.4022,2.012,0.10117,-0.069859,0.061533,8.8026
3.4023,2.012,0.10117,-0.069822,0.061314,8.805
3.4023,2.012,0.10118,-0.069791,0.061177,8.7995
3.4024,2.012,0.10118,-0.069753,0.061087,8.8091
3.4024,2.012,0.10118,-0.069706,0.060951,8.8114
3.4025,2.012,0.10118,-0.069658,0.060801,8.8044
3.4025,2.012,0.10119,-0.06961,0.060596,8.811
3.4026,2.012,0.10119,-0.069558,0.060339,8.8212
3.4026,2.0119,0.10119,-0.069504,0.060026,8.8141
3.4027,2.0119,0.1012,-0.069454,0.059741,8.8178
3.4027,2.0119,0.1012,-0.069413,0.059568,8.8279
3.4028,2.0119,0.1012,-0.069378,0.059428,8.8205
3.4028,2.0119,0.10121,-0.069346,0.059326,8.8162
3.4029,2.0119,0.10121,-0.069318,0.059255,8.8157
3.4029,2.0119,0.10121,-0.069282,0.059196,8.8059
3.403,2.0119,0.10122,-0.069235,0.059108,8.7972
3.4031,2.0119,0.10122,-0.069187,0.058992,8.8007
3.4031,2.0119,0.10122,-0.06914,0.058888,8.7939
3.4032,2.0119,0.10123,-0.069092,0.058819,8.7789
3.4032,2.0119,0.10123,-0.069047,0.058767,8.7807
3.4033,2.0119,0.10123,-0.069004,0.058744,8.7829
3.4033,2.0119,0.10123,-0.068968,0.058682,8.7642
3.4034,2.0119,0.10124,-0.068924,0.058634,8.7717
3.4034,2.0119,0.10124,-0.068881,0.058531,8.7733
3.4035,2.0119,0.10124,-0.068844,0.058411,8.769
3.4035,2.0119,0.10125,-0.068807,0.058298,8.7659
3.4036,2.0119,0.10125,-0.068774,0.058214,8.7765
3.4036,2.0119,0.10125,-0.068733,0.058194,8.7749
3.4037,2.0119,0.10126,-0.068688,0.058192,8.7743
3.4037,2.0119,0.10126,-0.068647,0.058153,8.788
3.4038,2.0119,0.10126,-0.068604,0.058128,8.7874
3.4038,2.0119,0.10127,-0.068568,0.058071,8.7801
3.4039,2.0119,0.10127,-0.068533,0.057998,8.791
3.4039,2.0119,0.10127,-0.068505,0.05789,8.7874
3.404,2.0119,0.10127,-0.068472,0.057782,8.7778
3.4041,2.0118,0.10128,-0.068428,0.057707,8.779
3.4041,2.0118,0.10128,-0.068373,0.057685,8.7868
3.4042,2.0118,0.10128,-0.06831,0.057646,8.7758
3.4042,2.0118,0.10129,-0.068245,0.057594,8.7755
3.4043,2.0118,0.10129,-0.068183,0.057542,8.7906
3.4043,2.0118,0.10129,-0.068125,0.057493,8.7743
3.4044,2.0118,0.1013,-0.068073,0.057375,8.7665
3.4044,2.0118,0.1013,-0.068022,0.057203,8.7762
3.4045,2.0118,0.1013,-0.067971,0.057029,8.7655
3.4045,2.0118,0.1013,-0.067913,0.056926,8.752
3.4046,2.0118,0.10131,-0.067852,0.056817,8.7564
3.4046,2.0118,0.10131,-0.067788,0.056719,8.761
3.4047,2.0118,0.10131,-0.067726,0.056624,8.7514
3.4047,2.0118,0.10132,-0.067664,0.056506,8.7642
3.4048,2.0118,0.10132,-0.067607,0.056345,8.7724
3.4048,2.0118,0.10132,-0.067557,0.056165,8.761
3.4049,2.0118,0.10133,-0.067513,0.056024,8.762
3.4049,2.0118,0.10133,-0.067456,0.055962,8.7696
3.405,2.0118,0.10133,-0.067397,0.055965,8.7632
3.4051,2.0118,0.10133,-0.067324,0.056043,8.7631
3.4051,2.0118,0.10134,-0.067246,0.056101,8.779
3.4052,2.0118,0.10134,-0.067163,0.056107,8.7708
3.4052,2.0118,0.10134,-0.067074,0.056065,8.7689
3.4053,2.0118,0.10135,-0.066995,0.055954,8.7853
3.4053,2.0118,0.10135,-0.066921,0.055806,8.7933
3.4054,2.0118,0.10135,-0.066837,0.055651,8.7847
3.4054,2.0118,0.10135,-0.066746,0.055522,8.7972
3.4055,2.0118,0.10136,-0.066654,0.055455,8.7919
3.4055,2.0118,0.10136,-0.066565,0.05543,8.7825
3.4056,2.0117,0.10136,-0.066487,0.055444,8.7916
3.4056,2.0117,0.10137,-0.06641,0.055472,8.7981
3.4057,2.0117,0.10137,-0.066347,0.055508,8.7857
3.4057,2.0117,0.10137,-0.06629,0.055521,8.788
3.4058,2.0117,0.10138,-0.066234,0.055519,8.8012
3.4058,2.0117,0.10138,-0.066174,0.055508,8.7976
3.4059,2.0117,0.10138,-0.06612,0.055506,8.7937
3.4059,2.0117,0.10138,-0.066063,0.055513,8.8017
3.406,2.0117,0.10139,-0.065999,0.055543,8.7922
3.4061,2.0117,0.10139,-0.06593,0.055611,8.7878
3.4061,2.0117,0.10139,-0.065863,0.055701,8.7958
3.4062,2.0117,0.1014,-0.065802,0.055759,8.7976
3.4062,2.0117,0.1014,-0.065752,0.055743,8.7933
3.4063,2.0117,0.1014,-0.065718,0.055656,8.806
3.4063,2.0117,0.1014,-0.06569,0.055509,8.8102
3.4064,2.0117,0.10141,-0.065658,0.055322,8.8087
3.4064,2.0117,0.10141,-0.065618,0.055105,8.8185
3.4065,2.0117,0.10141,-0.065574,0.054942,8.823
3.4065,2.0117,0.10142,-0.065523,0.054803,8.8114
3.4066,2.0117,0.10142,-0.065471,0.054724,8.8158
3.4066,2.0117,0.10142,-0.065418,0.054645,8.8243
3.4067,2.0117,0.10142,-0.065363,0.054554,8.8223
3.4067,2.0117,0.10143,-0.06531,0.054487,8.8259
3.4068,2.0117,0.10143,-0.065254,0.054424,8.8371
3.4068,2.0117,0.10143,-0.065199,0.054342,8.8352
3.4069,2.0117,0.10144,-0.065142,0.05427,8.8262
3.4069,2.0117,0.10144,-0.065079,0.054176,8.8354
3.407,2.0117,0.10144,-0.065016,0.054068,8.8342
3.4071,2.0116,0.10144,-0.064949,0.053949,8.8258
3.4071,2.0116,0.10145,-0.06488,0.053831,8.8203
3.4072,2.0116,0.10145,-0.06481,0.053777,8.8182
3.4072,2.0116,0.10145,-0.064735,0.053791,8.8144
3.4073,2.0116,0.10146,-0.064652,0.053841,8.8141
3.4073,2.0116,0.10146,-0.064565,0.053893,8.8229
3.4074,2.0116,0.10146,-0.064473,0.053914,8.8227
3.4074,2.0116,0.10146,-0.064379,0.053868,8.8175
3.4075,2.0116,0.10147,-0.06429,0.053773,8.8241
3.4075,2.0116,0.10147,-0.064216,0.05364,8.8184
3.4076,2.0116,0.10147,-0.064152,0.05349,8.8158
3.4076,2.0116,0.10148,-0.06409,0.05335,8.8247
3.4077,2.0116,0.10148,-0.064031,0.053191,8.8224
3.4077,2.0116,0.10148,-0.063977,0.053049,8.8202
3.4078,2.0116,0.10148,-0.063923,0.052934,8.8338
3.4078,2.0116,0.10149,-0.063871,0.052786,8.8375
3.4079,2.0116,0.10149,-0.063822,0.052646,8.8381
3.4079,2.0116,0.10149,-0.063777,0.052523,8.8463
3.408,2.0116,0.1015,-0.063731,0.052386,8.8517
3.4081,2.0116,0.1015,-0.063674,0.052185,8.8399
3.4081,2.0116,0.1015,-0.063611,0.051967,8.8417
3.4082,2.0116,0.1015,-0.063546,0.051769,8.8497
3.4082,2.0116,0.10151,-0.063477,0.051573,8.8436
3.4083,2.0116,0.10151,-0.063409,0.051366,8.8367
3.4083,2.0116,0.10151,-0.063343,0.051227,8.8506
3.4084,2.0116,0.10151,-0.063279,0.051192,8.8446
3.4084,2.0116,0.10152,-0.063213,0.051156,8.8369
3.4085,2.0116,0.10152,-0.063141,0.051065,8.8475
3.4085,2.0116,0.10152,-0.063064,0.050983,8.8466
3.4086,2.0116,0.10153,-0.062983,0.050905,8.8357
3.4086,2.0115,0.10153,-0.062894,0.050797,8.8343
3.4087,2.0115,0.10153,-0.06281,0.050714,8.8347
3.4087,2.0115,0.10153,-0.062737,0.05066,8.8207
3.4088,2.0115,0.10154,-0.062669,0.050665,8.8213
3.4088,2.0115,0.10154,-0.062605,0.050598,8.8357
3.4089,2.0115,0.10154,-0.062541,0.050453,8.8311
3.4089,2.0115,0.10154,-0.062472,0.050298,8.8262
3.409,2.0115,0.10155,-0.0624,0.050156,8.8346
3.4091,2.0115,0.10155,-0.062331,0.050013,8.8263
3.4091,2.0115,0.10155,-0.062276,0.049873,8.8229
3.4092,2.0115,0.10155,-0.062234,0.049721,8.8318
3.4092,2.0115,0.10156,-0.062203,0.049605,8.8284
3.4093,2.0115,0.10156,-0.062178,0.049476,8.8196
3.4093,2.0115,0.10156,-0.062157,0.049362,8.8382
3.4094,2.0115,0.10156,-0.062128,0.049279,8.8401
3.4094,2.0115,0.10157,-0.062094,0.049196,8.8369
3.4095,2.0115,0.10157,-0.062056,0.049077,8.8431
3.4095,2.0115,0.10157,-0.062012,0.048901,8.8458
3.4096,2.0115,0.10157,-0.061964,0.048711,8.8347
3.4096,2.0115,0.10158,-0.061919,0.048534,8.8272
3.4097,2.0115,0.10158,-0.061872,0.048352,8.8387
3.4097,2.0115,0.10158,-0.061832,0.048165,8.8254
3.4098,2.0115,0.10159,-0.061791,0.047973,8.8231
3.4098,2.0115,0.10159,-0.061742,0.047782,8.8301
3.4099,2.0115,0.10159,-0.061694,0.047593,8.8254
3.4099,2.0115,0.10159,-0.061641,0.047442,8.8188
3.41,2.0115,0.1016,-0.061587,0.047349,8.8271
3.4101,2.0115,0.1016,-0.061537,0.047295,8.8274
3.4101,2.0115,0.1016,-0.061481,0.047218,8.8179
3.4102,2.0115,0.1016,-0.061424,0.047107,8.8159
3.4102,2.0115,0.10161,-0.06137,0.046982,8.8146
3.4103,2.0114,0.10161,-0.061312,0.046851,8.8042
3.4103,2.0114,0.10161,-0.061262,0.046722,8.8107
3.4104,2.0114,0.10161,-0.06122,0.046599,8.8168
3.4104,2.0114,0.10161,-0.06118,0.04649,8.8125
3.4105,2.0114,0.10162,-0.061141,0.046401,8.8157
3.4105,2.0114,0.10162,-0.061097,0.046292,8.8309
3.4106,2.0114,0.10162,-0.06105,0.046178,8.8148
3.4106,2.0114,0.10162,-0.061005,0.046061,8.8171
3.4107,2.0114,0.10163,-0.060959,0.045939,8.8304
3.4107,2.0114,0.10163,-0.060923,0.045813,8.8331
3.4108,2.0114,0.10163,-0.060898,0.045684,8.8281
3.4108,2.0114,0.10163,-0.060884,0.04555,8.8416
3.4109,2.0114,0.10164,-0.060873,0.045397,8.8456
3.4109,2.0114,0.10164,-0.060868,0.045264,8.8412
3.411,2.0114,0.10164,-0.060858,0.045131,8.8402
3.4111,2.0114,0.10164,-0.060839,0.045028,8.8503
3.4111,2.0114,0.10165,-0.060808,0.04493,8.8341
3.4112,2.0114,0.10165,-0.060768,0.044848,8.8349
3.4112,2.0114,0.10165,-0.060724,0.044786,8.835
3.4113,2.0114,0.10165,-0.060683,0.044742,8.823
3.4113,2.0114,0.10166,-0.060637,0.044706,8.8119
3.4114,2.0114,0.10166,-0.060586,0.044721,8.8243
3.4114,2.0114,0.10166,-0.060531,0.044735,8.8191
3.4115,2.0114,0.10166,-0.060477,0.044751,8.8221
3.4115,2.0114,0.10166,-0.060424,0.044705,8.8353
3.4116,2.0114,0.10167,-0.060371,0.044644,8.8342
3.4116,2.0114,0.10167,-0.060313,0.044563,8.8339
3.4117,2.0114,0.10167,-0.060254,0.044478,8.8409
3.4117,2.0114,0.10167,-0.060188,0.044376,8.8454
3.4118,2.0114,0.10168,-0.060114,0.04423,8.8384
3.4118,2.0114,0.10168,-0.060034,0.044056,8.8434
3.4119,2.0113,0.10168,-0.059969,0.043894,8.8584
3.4119,2.0113,0.10168,-0.059915,0.043725,8.8518
3.412,2.0113,0.10169,-0.059864,0.043611,8.8585
3.4121,2.0113,0.10169,-0.059817,0.043558,8.8716
3.4121,2.0113,0.10169,-0.059773,0.043576,8.8567
3.4122,2.0113,0.10169,-0.059748,0.043638,8.8612
3.4122,2.0113,0.1017,-0.05973,0.04368,8.8673
3.4123,2.0113,0.1017,-0.059727,0.043703,8.8688
3.4123,2.0113,0.1017,-0.05974,0.043725,8.8629
3.4124,2.0113,0.1017,-0.059761,0.043721,8.8696
3.4124,2.0113,0.1017,-0.059771,0.043718,8.8722
3.4125,2.0113,0.10171,-0.059777,0.043745,8.8679
3.4125,2.0113,0.10171,-0.059781,0.043779,8.8735
3.4126,2.0113,0.10171,-0.059802,0.043855,8.8822
3.4126,2.0113,0.10171,-0.059819,0.043925,8.8682
3.4127,2.0113,0.10172,-0.059845,0.043969,8.8652
3.4127,2.0113,0.10172,-0.059874,0.043972,8.8653
3.4128,2.0113,0.10172,-0.059901,0.043905,8.8524
3.4128,2.0113,0.10172,-0.059915,0.043793,8.8454
3.4129,2.0113,0.10173,-0.059923,0.043668,8.8472
3.4129,2.0113,0.10173,-0.059933,0.043538,8.8434
3.413,2.0113,0.10173,-0.059943,0.043432,8.8383
3.4131,2.0113,0.10173,-0.059945,0.04333,8.8452
3.4131,2.0113,0.10173,-0.05995,0.043237,8.8454
3.4132,2.0113,0.10174,-0.059963,0.043102,8.838
3.4132,2.0113,0.10174,-0.05998,0.042928,8.8427
3.4133,2.0113,0.10174,-0.059997,0.042761,8.8433
3.4133,2.0113,0.10174,-0.060014,0.042614,8.8344
3.4134,2.0113,0.10175,-0.060033,0.04255,8.8388
3.4134,2.0113,0.10175,-0.060043,0.042545,8.8489
3.4135,2.0113,0.10175,-0.060043,0.042579,8.8476
3.4135,2.0113,0.10175,-0.060033,0.042626,8.8566
3.4136,2.0112,0.10175,-0.060019,0.04264,8.869
3.4136,2.0112,0.10176,-0.060001,0.042651,8.8638
3.4137,2.0112,0.10176,-0.059978,0.042699,8.8569
3.4137,2.0112,0.10176,-0.059949,0.042712,8.8631
3.4138,2.0112,0.10176,-0.059913,0.042747,8.8635
3.4138,2.0112,0.10177,-0.05987,0.04283,8.8502
3.4139,2.0112,0.10177,-0.059824,0.042905,8.8535
3.4139,2.0112,0.10177,-0.059779,0.04296,8.851
3.414,2.0112,0.10177,-0.059739,0.042994,8.8425
3.4141,2.0112,0.10177,-0.059703,0.042998,8.8518
3.4141,2.0112,0.10178,-0.059671,0.043002,8.8497
3.4142,2.0112,0.10178,-0.059635,0.042968,8.8256
3.4142,2.0112,0.10178,-0.059603,0.042921,8.8252
3.4143,2.0112,0.10178,-0.05957,0.042883,8.8243
3.4143,2.0112,0.10179,-0.059536,0.042869,8.8147
3.4144,2.0112,0.10179,-0.059498,0.042878,8.8027
3.4144,2.0112,0.10179,-0.059462,0.0429,8.812
3.4145,2.0112,0.10179,-0.059427,0.042874,8.8032
3.4145,2.0112,0.1018,-0.059395,0.042842,8.7971
3.4146,2.0112,0.1018,-0.059365,0.042801,8.8073
3.4146,2.0112,0.1018,-0.059333,0.042772,8.8031
3.4147,2.0112,0.1018,-0.059296,0.042762,8.7934
3.4147,2.0112,0.1018,-0.059246,0.04282,8.8032
3.4148,2.0112,0.10181,-0.059194,0.0429,8.8061
3.4148,2.0112,0.10181,-0.059136,0.042976,8.8008
3.4149,2.0112,0.10181,-0.059096,0.043021,8.8024
3.4149,2.0112,0.10181,-0.059064,0.043045,8.8118
3.415,2.0112,0.10182,-0.059048,0.043035,8.8096
3.4151,2.0112,0.10182,-0.059035,0.043038,8.8149
3.4151,2.0112,0.10182,-0.059023,0.043036,8.8297
3.4152,2.0112,0.10182,-0.059012,0.043012,8.823
3.4152,2.0112,0.10182,-0.058998,0.04301,8.8211
3.4153,2.0111,0.10183,-0.058966,0.043027,8.8259
3.4153,2.0111,0.10183,-0.058942,0.043062,8.8152
3.4154,2.0111,0.10183,-0.058918,0.043111,8.8009
3.4154,2.0111,0.10183,-0.058903,0.043162,8.8127
3.4155,2.0111,0.10184,-0.058886,0.043203,8.8059
3.4155,2.0111,0.10184,-0.05886,0.043219,8.7942
3.4156,2.0111,0.10184,-0.058832,0.043208,8.8016
3.4156,2.0111,0.10184,-0.058795,0.043157,8.8047
3.4157,2.0111,0.10184,-0.058751,0.043123,8.7886
3.4157,2.0111,0.10185,-0.058705,0.043086,8.7847
3.4158,2.0111,0.10185,-0.058662,0.043034,8.7892
3.4158,2.0111,0.10185,-0.058622,0.042957,8.7793
3.4159,2.0111,0.10185,-0.058581,0.042849,8.7719
3.4159,2.0111,0.10186,-0.058537,0.042715,8.7804
3.416,2.0111,0.10186,-0.058494,0.042561,8.7765
3.4161,2.0111,0.10186,-0.058453,0.042359,8.7752
3.4161,2.0111,0.10186,-0.058413,0.042174,8.7838
3.4162,2.0111,0.10187,-0.05837,0.042021,8.7905
3.4162,2.0111,0.10187,-0.058316,0.041894,8.7809
3.4163,2.0111,0.10187,-0.058261,0.041772,8.7902
3.4163,2.0111,0.10187,-0.058202,0.041669,8.7901
3.4164,2.0111,0.10187,-0.058139,0.041594,8.7852
3.4164,2.0111,0.10188,-0.058072,0.041545,8.7916
3.4165,2.0111,0.10188,-0.058003,0.04153,8.799
3.4165,2.0111,0.10188,-0.057935,0.041491,8.7963
3.4166,2.0111,0.10188,-0.057864,0.041476,8.8061
3.4166,2.0111,0.10188,-0.05779,0.041482,8.8126
3.4167,2.0111,0.10189,-0.057719,0.041469,8.8055
3.4167,2.0111,0.10189,-0.057645,0.041427,8.8046
3.4168,2.0111,0.10189,-0.057574,0.041372,8.8096
3.4168,2.0111,0.10189,-0.057505,0.04133,8.8009
3.4169,2.0111,0.1019,-0.057445,0.041316,8.7911
3.4169,2.011,0.1019,-0.057394,0.041297,8.8025
3.417,2.011,0.1019,-0.057351,0.041318,8.7974
3.4171,2.011,0.1019,-0.057306,0.041372,8.787
3.4171,2.011,0.1019,-0.05726,0.041404,8.7969
3.4172,2.011,0.10191,-0.057213,0.041381,8.8009
3.4172,2.011,0.10191,-0.057165,0.041312,8.7847
3.4173,2.011,0.10191,-0.057119,0.041209,8.7851
3.4173,2.011,0.10191,-0.057083,0.041069,8.7918
3.4174,2.011,0.10192,-0.057044,0.040934,8.7864
3.4174,2.011,0.10192,-0.057008,0.040842,8.7763
3.4175,2.011,0.10192,-0.056966,0.040788,8.7855
3.4175,2.011,0.10192,-0.056919,0.040773,8.7855
3.4176,2.011,0.10192,-0.056874,0.040791,8.7868
3.4176,2.011,0.10193,-0.056832,0.040832,8.7967
3.4177,2.011,0.10193,-0.056793,0.040876,8.8046
3.4177,2.011,0.10193,-0.056761,0.040886,8.8046
3.4178,2.011,0.10193,-0.056719,0.040916,8.8149
3.4178,2.011,0.10193,-0.056686,0.040958,8.8159
3.4179,2.011,0.10194,-0.056649,0.040993,8.812
3.4179,2.011,0.10194,-0.056612,0.041037,8.8128
3.418,2.011,0.10194,-0.056584,0.041117,8.8163
3.4181,2.011,0.10194,-0.056556,0.041194,8.8095
3.4181,2.011,0.10195,-0.056522,0.041298,8.8112
3.4182,2.011,0.10195,-0.056484,0.041399,8.8236
3.4182,2.011,0.10195,-0.056431,0.041515,8.8172
3.4183,2.011,0.10195,-0.056381,0.041608,8.8126
3.4183,2.011,0.10195,-0.056324,0.041638,8.8188
3.4184,2.011,0.10196,-0.056274,0.041672,8.8072
3.4184,2.011,0.10196,-0.056225,0.041718,8.7949
3.4185,2.011,0.10196,-0.056175,0.041744,8.7995
3.4185,2.011,0.10196,-0.056121,0.041791,8.8022
3.4186,2.011,0.10197,-0.056064,0.041831,8.792
3.4186,2.011,0.10197,-0.056002,0.041856,8.8004
3.4187,2.011,0.10197,-0.055942,0.041871,8.8088
3.4187,2.0109,0.10197,-0.055887,0.041824,8.798
3.4188,2.0109,0.10197,-0.055835,0.041779,8.8015
3.4188,2.0109,0.10198,-0.055784,0.041727,8.8088
3.4189,2.0109,0.10198,-0.055746,0.041675,8.8051
3.4189,2.0109,0.10198,-0.05571,0.041625,8.7979
3.419,2.0109,0.10198,-0.055673,0.04159,8.8085
3.4191,2.0109,0.10198,-0.055637,0.041561,8.8059
3.4191,2.0109,0.10199,-0.055596,0.041595,8.8033
3.4192,2.0109,0.10199,-0.055554,0.041604,8.8153
3.4192,2.0109,0.10199,-0.055515,0.041616,8.817
3.4193,2.0109,0.10199,-0.05548,0.041612,8.8106
3.4193,2.0109,0.102,-0.055447,0.041628,8.8212
3.4194,2.0109,0.102,-0.055415,0.041639,8.8231
3.4194,2.0109,0.102,-0.055379,0.041699,8.8171
3.4195,2.0109,0.102,-0.055342,0.041754,8.8202
3.4195,2.0109,0.102,-0.055295,0.041837,8.826
3.4196,2.0109,0.10201,-0.055247,0.041895,8.813
3.4196,2.0109,0.10201,-0.055204,0.041943,8.8127
3.4197,2.0109,0.10201,-0.055158,0.041973,8.8216
3.4197,2.0109,0.10201,-0.055108,0.042035,8.8095
3.4198,2.0109,0.10202,-0.05507,0.042088,8.7975
3.4198,2.0109,0.10202,-0.055036,0.042157,8.7988
3.4199,2.0109,0.10202,-0.055003,0.042176,8.7853
3.4199,2.0109,0.10202,-0.054968,0.04215,8.7735
3.42,2.0109,0.10202,-0.054931,0.042073,8.7792
3.4201,2.0109,0.10203,-0.054892,0.041999,8.7721
3.4201,2.0109,0.10203,-0.054848,0.041937,8.7571
3.4202,2.0109,0.10203,-0.054801,0.041905,8.7631
3.4202,2.0109,0.10203,-0.05476,0.041882,8.7741
3.4203,2.0109,0.10204,-0.054717,0.041861,8.7695
3.4203,2.0109,0.10204,-0.054675,0.041835,8.7667
3.4204,2.0109,0.10204,-0.054635,0.041796,8.7752
3.4204,2.0109,0.10204,-0.054598,0.041737,8.7652
3.4205,2.0109,0.10204,-0.054569,0.041694,8.7676
3.4205,2.0108,0.10205,-0.054551,0.041654,8.773
3.4206,2.0108,0.10205,-0.054539,0.041621,8.7689
3.4206,2.0108,0.10205,-0.054536,0.041588,8.7706
3.4207,2.0108,0.10205,-0.054535,0.041551,8.7824
3.4207,2.0108,0.10206,-0.054537,0.041509,8.7873
3.4208,2.0108,0.10206,-0.054535,0.041457,8.7792
3.4208,2.0108,0.10206,-0.054534,0.041406,8.7896
3.4209,2.0108,0.10206,-0.054531,0.041356,8.7891
3.4209,2.0108,0.10206,-0.054526,0.041294,8.782
3.421,2.0108,0.10207,-0.05452,0.041264,8.7779
3.4211,2.0108,0.10207,-0.05452,0.041263,8.7818
3.4211,2.0108,0.10207,-0.054525,0.04126,8.7785
3.4212,2.0108,0.10207,-0.054536,0.04129,8.7738
3.4212,2.0108,0.10207,-0.054549,0.041331,8.781
3.4213,2.0108,0.10208,-0.054565,0.04137,8.7776
3.4213,2.0108,0.10208,-0.054577,0.041395,8.7709
3.4214,2.0108,0.10208,-0.054587,0.04137,8.7803
3.4214,2.0108,0.10208,-0.054593,0.041377,8.769
3.4215,2.0108,0.10209,-0.054594,0.041388,8.7607
3.4215,2.0108,0.10209,-0.054594,0.041382,8.7661
3.4216,2.0108,0.10209,-0.054604,0.041396,8.7685
3.4216,2.0108,0.10209,-0.054626,0.041387,8.7542
3.4217,2.0108,0.10209,-0.054652,0.041352,8.7636
3.4217,2.0108,0.1021,-0.054685,0.041355,8.7687
3.4218,2.0108,0.1021,-0.05473,0.041406,8.7632
3.4218,2.0108,0.1021,-0.054765,0.041517,8.7686
3.4219,2.0108,0.1021,-0.05479,0.041669,8.7818
3.4219,2.0108,0.10211,-0.054813,0.041832,8.7736
3.422,2.0108,0.10211,-0.05483,0.041956,8.7785
3.4221,2.0108,0.10211,-0.054846,0.042028,8.7824
3.4221,2.0108,0.10211,-0.054848,0.042086,8.7743
3.4222,2.0108,0.10211,-0.054848,0.042171,8.777
3.4222,2.0108,0.10212,-0.054836,0.042266,8.7972
3.4223,2.0108,0.10212,-0.054813,0.042334,8.8016
3.4223,2.0108,0.10212,-0.054796,0.042386,8.7864
3.4224,2.0107,0.10212,-0.054799,0.0424,8.8006
3.4224,2.0107,0.10213,-0.054804,0.042366,8.8068
3.4225,2.0107,0.10213,-0.054813,0.042318,8.7979
3.4225,2.0107,0.10213,-0.054806,0.042285,8.8021
3.4226,2.0107,0.10213,-0.054792,0.042257,8.8038
3.4226,2.0107,0.10213,-0.054757,0.042198,8.7986
3.4227,2.0107,0.10214,-0.054708,0.04218,8.7999
3.4227,2.0107,0.10214,-0.054661,0.042196,8.8076
3.4228,2.0107,0.10214,-0.054625,0.042301,8.7991
3.4228,2.0107,0.10214,-0.054596,0.04246,8.804
3.4229,2.0107,0.10215,-0.054567,0.042624,8.8161
3.4229,2.0107,0.10215,-0.054539,0.042781,8.8118
3.423,2.0107,0.10215,-0.054513,0.042912,8.8041
3.4231,2.0107,0.10215,-0.054481,0.042994,8.806
3.4231,2.0107,0.10215,-0.054439,0.043096,8.8102
3.4232,2.0107,0.10216,-0.054393,0.043222,8.8049
3.4232,2.0107,0.10216,-0.054342,0.043404,8.8124
3.4233,2.0107,0.10216,-0.054291,0.043577,8.8236
3.4233,2.0107,0.10216,-0.054235,0.043708,8.8245
3.4234,2.0107,0.10217,-0.054178,0.043834,8.8307
3.4234,2.0107,0.10217,-0.05412,0.043905,8.8446
3.4235,2.0107,0.10217,-0.054066,0.043892,8.8367
3.4235,2.0107,0.10217,-0.054015,0.043793,8.8395
3.4236,2.0107,0.10218,-0.05397,0.043628,8.8395
3.4236,2.0107,0.10218,-0.053927,0.043381,8.831
3.4237,2.0107,0.10218,-0.053892,0.043115,8.8303
3.4237,2.0107,0.10218,-0.053858,0.042865,8.8395
3.4238,2.0107,0.10218,-0.053828,0.042663,8.8402
3.4238,2.0107,0.10219,-0.0538,0.042504,8.8336
3.4239,2.0107,0.10219,-0.053774,0.042385,8.8447
3.4239,2.0107,0.10219,-0.053752,0.042275,8.8439
3.424,2.0107,0.10219,-0.053734,0.042182,8.8264
3.4241,2.0107,0.1022,-0.053717,0.042122,8.8363
3.4241,2.0107,0.1022,-0.053709,0.042098,8.8434
3.4242,2.0107,0.1022,-0.053699,0.042111,8.8286
3.4242,2.0106,0.1022,-0.053691,0.042134,8.8242
3.4243,2.0106,0.1022,-0.053683,0.042168,8.8363
3.4243,2.0106,0.10221,-0.053675,0.042211,8.8304
3.4244,2.0106,0.10221,-0.053664,0.042255,8.8289
3.4244,2.0106,0.10221,-0.053648,0.042348,8.8359
3.4245,2.0106,0.10221,-0.053629,0.042488,8.8346
3.4245,2.0106,0.10222,-0.053616,0.042634,8.8267
3.4246,2.0106,0.10222,-0.053607,0.042804,8.8338
3.4246,2.0106,0.10222,-0.053603,0.042962,8.8372
3.4247,2.0106,0.10222,-0.053605,0.043084,8.8279
3.4247,2.0106,0.10222,-0.0536,0.043194,8.8412
3.4248,2.0106,0.10223,-0.053592,0.043306,8.8481
3.4248,2.0106,0.10223,-0.05357,0.043445,8.8439
3.4249,2.0106,0.10223,-0.053542,0.043596,8.8539
3.4249,2.0106,0.10223,-0.053511,0.043758,8.8568
3.425,2.0106,0.10224,-0.05348,0.043933,8.8498
3.4251,2.0106,0.10224,-0.053448,0.044118,8.8464
3.4251,2.0106,0.10224,-0.053419,0.044315,8.8504
3.4252,2.0106,0.10224,-0.053383,0.044521,8.8433
3.4252,2.0106,0.10225,-0.053359,0.044738,8.8319
3.4253,2.0106,0.10225,-0.053336,0.044965,8.842
3.4253,2.0106,0.10225,-0.05332,0.045202,8.8364
3.4254,2.0106,0.10225,-0.053299,0.045447,8.8331
3.4254,2.0106,0.10225,-0.053282,0.045702,8.8382
3.4255,2.0106,0.10226,-0.053267,0.045966,8.8347
3.4255,2.0106,0.10226,-0.053251,0.046224,8.8242
3.4256,2.0106,0.10226,-0.053231,0.046513,8.8309
3.4256,2.0106,0.10226,-0.053215,0.046814,8.8283
3.4257,2.0106,0.10227,-0.053201,0.047143,8.8166
3.4257,2.0106,0.10227,-0.053194,0.047512,8.8192
3.4258,2.0106,0.10227,-0.053186,0.047926,8.8309
3.4258,2.0106,0.10227,-0.053184,0.048382,8.8253
3.4259,2.0106,0.10228,-0.053188,0.048872,8.8224
3.4259,2.0106,0.10228,-0.053192,0.049379,8.8416
3.426,2.0106,0.10228,-0.053192,0.049924,8.8294
3.4261,2.0106,0.10229,-0.053187,0.05047,8.8281
3.4261,2.0105,0.10229,-0.053179,0.05103,8.8292
3.4262,2.0105,0.10229,-0.053177,0.051604,8.8344
3.4262,2.0105,0.10229,-0.053172,0.052207,8.8264
3.4263,2.0105,0.1023,-0.053169,0.052814,8.8343
3.4263,2.0105,0.1023,-0.053173,0.053408,8.8461
3.4264,2.0105,0.1023,-0.053182,0.053976,8.8309
3.4264,2.0105,0.1023,-0.053195,0.054499,8.8431
3.4265,2.0105,0.10231,-0.053208,0.055,8.8559
3.4265,2.0105,0.10231,-0.053225,0.055507,8.8418
3.4266,2.0105,0.10231,-0.053248,0.056046,8.8419
3.4266,2.0105,0.10232,-0.05327,0.056646,8.8376
3.4267,2.0105,0.10232,-0.053296,0.057307,8.835
3.4267,2.0105,0.10232,-0.053322,0.057982,8.827
3.4268,2.0105,0.10233,-0.053347,0.058675,8.8357
3.4268,2.0105,0.10233,-0.053365,0.059345,8.8306
3.4269,2.0105,0.10233,-0.053375,0.059993,8.8235
3.4269,2.0105,0.10233,-0.053376,0.060614,8.825
3.427,2.0105,0.10234,-0.053376,0.061195,8.8267
3.4271,2.0105,0.10234,-0.053378,0.061756,8.8192
3.4271,2.0105,0.10234,-0.053384,0.06237,8.8253
3.4272,2.0105,0.10235,-0.053397,0.063019,8.8268
3.4272,2.0105,0.10235,-0.053415,0.06374,8.8135
3.4273,2.0105,0.10235,-0.053433,0.064523,8.8167
3.4273,2.0105,0.10236,-0.053459,0.065328,8.8249
3.4274,2.0105,0.10236,-0.053482,0.066113,8.8234
3.4274,2.0105,0.10237,-0.053506,0.066835,8.824
3.4275,2.0105,0.10237,-0.05353,0.067497,8.8388
3.4275,2.0105,0.10237,-0.053546,0.068139,8.8397
3.4276,2.0105,0.10238,-0.053556,0.068768,8.838
3.4276,2.0105,0.10238,-0.053559,0.069361,8.8483
3.4277,2.0105,0.10238,-0.053557,0.069937,8.8417
3.4277,2.0105,0.10239,-0.05356,0.070526,8.8345
3.4278,2.0105,0.10239,-0.053558,0.071141,8.8433
3.4278,2.0105,0.10239,-0.053558,0.071729,8.8434
3.4279,2.0105,0.1024,-0.053559,0.072322,8.8363
3.4279,2.0104,0.1024,-0.053558,0.072955,8.835
3.428,2.0104,0.10241,-0.05356,0.073619,8.844
3.4281,2.0104,0.10241,-0.053569,0.074262,8.8321
3.4281,2.0104,0.10241,-0.05358,0.074868,8.8329
3.4282,2.0104,0.10242,-0.0536,0.075497,8.8382
3.4282,2.0104,0.10242,-0.053617,0.076161,8.8325
3.4283,2.0104,0.10243,-0.053635,0.076813,8.8257
3.4283,2.0104,0.10243,-0.053644,0.077443,8.8413
3.4284,2.0104,0.10243,-0.053655,0.078063,8.831
3.4284,2.0104,0.10244,-0.053666,0.078661,8.8284
3.4285,2.0104,0.10244,-0.053681,0.079173,8.8423
3.4285,2.0104,0.10245,-0.0537,0.079642,8.8476
3.4286,2.0104,0.10245,-0.053723,0.080113,8.8406
3.4286,2.0104,0.10246,-0.053745,0.080584,8.8408
3.4287,2.0104,0.10246,-0.053765,0.081106,8.852
3.4287,2.0104,0.10246,-0.053783,0.081681,8.8465
3.4288,2.0104,0.10247,-0.053804,0.082329,8.8491
3.4288,2.0104,0.10247,-0.05382,0.083015,8.8625
3.4289,2.0104,0.10248,-0.053838,0.083634,8.8591
3.4289,2.0104,0.10248,-0.053859,0.084275,8.8618
3.429,2.0104,0.10249,-0.053877,0.084926,8.8767
3.4291,2.0104,0.10249,-0.053896,0.085485,8.8772
3.4291,2.0104,0.10249,-0.053912,0.086007,8.8714
3.4292,2.0104,0.1025,-0.053922,0.086525,8.8751
3.4292,2.0104,0.1025,-0.053929,0.087009,8.8734
3.4293,2.0104,0.10251,-0.053937,0.08739,8.868
3.4293,2.0104,0.10251,-0.053943,0.087722,8.8709
3.4294,2.0104,0.10252,-0.053953,0.088038,8.8719
3.4294,2.0104,0.10252,-0.053962,0.088422,8.8673
3.4295,2.0104,0.10253,-0.053978,0.088769,8.8676
3.4295,2.0104,0.10253,-0.053993,0.089139,8.8805
3.4296,2.0104,0.10254,-0.054004,0.089573,8.863
3.4296,2.0104,0.10254,-0.054018,0.090008,8.855
3.4297,2.0104,0.10255,-0.054034,0.090441,8.8599
3.4297,2.0104,0.10255,-0.054043,0.090928,8.8561
3.4298,2.0104,0.10256,-0.054048,0.091432,8.8516
3.4298,2.0103,0.10256,-0.054054,0.09196,8.8546
3.4299,2.0103,0.10257,-0.054063,0.092429,8.8531
3.4299,2.0103,0.10257,-0.054072,0.092939,8.8473
3.43,2.0103,0.10257,-0.054084,0.093451,8.8531
3.4301,2.0103,0.10258,-0.054103,0.093953,8.858
3.4301,2.0103,0.10258,-0.054123,0.094448,8.8517
3.4302,2.0103,0.10259,-0.054141,0.094916,8.8634
3.4302,2.0103,0.10259,-0.054165,0.095361,8.8649
3.4303,2.0103,0.1026,-0.05418,0.095737,8.856
3.4303,2.0103,0.1026,-0.05419,0.09606,8.8583
3.4304,2.0103,0.10261,-0.054197,0.096378,8.8678
3.4304,2.0103,0.10262,-0.054205,0.096697,8.8622
3.4305,2.0103,0.10262,-0.054218,0.097036,8.8644
3.4305,2.0103,0.10263,-0.054226,0.097394,8.8827
3.4306,2.0103,0.10263,-0.054232,0.097787,8.8726
3.4306,2.0103,0.10264,-0.054239,0.098222,8.8603
3.4307,2.0103,0.10264,-0.054236,0.098711,8.8707
3.4307,2.0103,0.10265,-0.054229,0.099217,8.865
3.4308,2.0103,0.10265,-0.054223,0.099656,8.8512
3.4308,2.0103,0.10266,-0.054223,0.1001,8.8424
3.4309,2.0103,0.10266,-0.054226,0.10055,8.8469
3.4309,2.0103,0.10267,-0.054226,0.10099,8.8338
3.431,2.0103,0.10267,-0.054224,0.10143,8.8374
3.4311,2.0103,0.10268,-0.054221,0.10192,8.843
3.4311,2.0103,0.10268,-0.054217,0.10241,8.8318
3.4312,2.0103,0.10269,-0.05421,0.10285,8.8307
3.4312,2.0103,0.10269,-0.054203,0.10321,8.8305
3.4313,2.0103,0.1027,-0.054201,0.10355,8.8207
3.4313,2.0103,0.10271,-0.0542,0.10392,8.8114
3.4314,2.0103,0.10271,-0.054201,0.10422,8.8179
3.4314,2.0103,0.10272,-0.054208,0.10452,8.8129
3.4315,2.0103,0.10272,-0.054217,0.10482,8.8048
3.4315,2.0103,0.10273,-0.054223,0.10509,8.817
3.4316,2.0103,0.10273,-0.054222,0.10535,8.8244
3.4316,2.0103,0.10274,-0.054219,0.10563,8.8127
3.4317,2.0102,0.10274,-0.054214,0.10591,8.8204
3.4317,2.0102,0.10275,-0.054206,0.10615,8.8164
3.4318,2.0102,0.10275,-0.054199,0.10632,8.8087
3.4318,2.0102,0.10276,-0.054199,0.10645,8.8132
3.4319,2.0102,0.10277,-0.054202,0.10656,8.8192
3.4319,2.0102,0.10277,-0.054208,0.10668,8.8128
3.432,2.0102,0.10278,-0.054215,0.10679,8.809
3.4321,2.0102,0.10278,-0.054224,0.10689,8.8273
3.4321,2.0102,0.10279,-0.054232,0.10695,8.8162
3.4322,2.0102,0.10279,-0.054242,0.10695,8.808
3.4322,2.0102,0.1028,-0.05425,0.10694,8.8112
3.4323,2.0102,0.10281,-0.054253,0.10693,8.8045
3.4323,2.0102,0.10281,-0.054251,0.10696,8.7902
3.4324,2.0102,0.10282,-0.054247,0.10699,8.793
3.4324,2.0102,0.10282,-0.054242,0.107,8.7897
3.4325,2.0102,0.10283,-0.054239,0.10697,8.7752
3.4325,2.0102,0.10283,-0.054239,0.10692,8.7845
3.4326,2.0102,0.10284,-0.054245,0.10687,8.7882
3.4326,2.0102,0.10284,-0.054252,0.1068,8.779
3.4327,2.0102,0.10285,-0.054257,0.10673,8.7842
3.4327,2.0102,0.10286,-0.054262,0.10662,8.7909
3.4328,2.0102,0.10286,-0.054267,0.10646,8.7742
3.4328,2.0102,0.10287,-0.054272,0.10627,8.7766
3.4329,2.0102,0.10287,-0.054277,0.10607,8.7886
3.4329,2.0102,0.10288,-0.054282,0.10587,8.7813
3.433,2.0102,0.10288,-0.054287,0.10569,8.7741
3.4331,2.0102,0.10289,-0.054292,0.10549,8.7901
3.4331,2.0102,0.1029,-0.054297,0.1053,8.7996
3.4332,2.0102,0.1029,-0.054301,0.10507,8.7861
3.4332,2.0102,0.10291,-0.054306,0.10483,8.7947
3.4333,2.0102,0.10291,-0.054311,0.10456,8.7996
3.4333,2.0102,0.10292,-0.054316,0.10424,8.7918
3.4334,2.0102,0.10292,-0.05432,0.10393,8.7925
3.4334,2.0102,0.10293,-0.054325,0.10365,8.8038
3.4335,2.0102,0.10293,-0.054329,0.10345,8.7961
3.4335,2.0101,0.10294,-0.054334,0.10332,8.8004
3.4336,2.0101,0.10294,-0.054338,0.10326,8.8112
3.4336,2.0101,0.10295,-0.054343,0.10327,8.81
3.4337,2.0101,0.10296,-0.054347,0.10329,8.8064
3.4337,2.0101,0.10296,-0.054351,0.10328,8.8147
3.4338,2.0101,0.10297,-0.054356,0.10328,8.8102
3.4338,2.0101,0.10297,-0.05436,0.10326,8.8012
3.4339,2.0101,0.10298,-0.054364,0.10324,8.7988
3.4339,2.0101,0.10298,-0.054369,0.10322,8.8063
3.434,2.0101,0.10299,-0.054373,0.1032,8.7862
3.4341,2.0101,0.10299,-0.054377,0.10317,8.8037
3.4341,2.0101,0.103,-0.054381,0.10314,8.8094
3.4342,2.0101,0.103,-0.054385,0.10312,8.7991
3.4342,2.0101,0.10301,-0.054389,0.1031,8.8103
3.4343,2.0101,0.10302,-0.054393,0.10308,8.82
3.4343,2.0101,0.10302,-0.054397,0.10306,8.8068
3.4344,2.0101,0.10303,-0.054403,0.10303,8.8044
3.4344,2.0101,0.10303,-0.054408,0.10301,8.8182
3.4345,2.0101,0.10304,-0.054406,0.10298,8.8138
3.4345,2.0101,0.10304,-0.0544,0.10295,8.8116
3.4346,2.0101,0.10305,-0.054391,0.10292,8.8212
3.4346,2.0101,0.10305,-0.054381,0.10289,8.825
3.4347,2.0101,0.10306,-0.054372,0.10286,8.8233
3.4347,2.0101,0.10306,-0.054367,0.10283,8.828
3.4348,2.0101,0.10307,-0.054369,0.1028,8.8236
3.4348,2.0101,0.10307,-0.054372,0.10278,8.8143
3.4349,2.0101,0.10308,-0.054373,0.10274,8.8174
3.4349,2.0101,0.10309,-0.054373,0.10267,8.8255
3.435,2.0101,0.10309,-0.054374,0.10259,8.8153
3.4351,2.0101,0.1031,-0.054375,0.10251,8.818
3.4351,2.0101,0.1031,-0.054373,0.10244,8.8239
3.4352,2.0101,0.10311,-0.054375,0.10237,8.8176
3.4352,2.0101,0.10311,-0.054379,0.10233,8.8163
3.4353,2.0101,0.10312,-0.054384,0.10232,8.8254
3.4353,2.0101,0.10312,-0.05439,0.10229,8.8168
3.4354,2.01,0.10313,-0.054394,0.10226,8.8055
3.4354,2.01,0.10313,-0.054397,0.10223,8.8037
3.4355,2.01,0.10314,-0.054397,0.1022,8.8039
3.4355,2.01,0.10314,-0.054394,0.10216,8.792
3.4356,2.01,0.10315,-0.054393,0.10213,8.804
3.4356,2.01,0.10316,-0.054392,0.10209,8.8153
3.4357,2.01,0.10316,-0.054391,0.10206,8.8113
3.4357,2.01,0.10317,-0.054389,0.10202,8.815
3.4358,2.01,0.10317,-0.054388,0.10198,8.8252
3.4358,2.01,0.10318,-0.054387,0.10194,8.8136
3.4359,2.01,0.10318,-0.054385,0.1019,8.815
3.4359,2.01,0.10319,-0.054384,0.10187,8.8208
3.436,2.01,0.10319,-0.054382,0.10183,8.8142
3.4361,2.01,0.1032,-0.05438,0.10178,8.8025
3.4361,2.01,0.1032,-0.054379,0.10174,8.8192
3.4362,2.01,0.10321,-0.054377,0.1017,8.8189
3.4362,2.01,0.10321,-0.054375,0.10166,8.8126
3.4363,2.01,0.10322,-0.054373,0.10162,8.8228
3.4363,2.01,0.10323,-0.054372,0.10157,8.8255
3.4364,2.01,0.10323,-0.05437,0.10153,8.8048
3.4364,2.01,0.10324,-0.054368,0.10149,8.7987
3.4365,2.01,0.10324,-0.054366,0.10144,8.7967
3.4365,2.01,0.10325,-0.054364,0.1014,8.7808
3.4366,2.01,0.10325,-0.054361,0.10135,8.7784
3.4366,2.01,0.10326,-0.054359,0.10132,8.7856
3.4367,2.01,0.10326,-0.054357,0.10128,8.7835
3.4367,2.01,0.10327,-0.054355,0.1012,8.7772
3.4368,2.01,0.10327,-0.054352,0.10109,8.7885
3.4368,2.01,0.10328,-0.05435,0.10098,8.7759
3.4369,2.01,0.10328,-0.054348,0.10085,8.7738
3.4369,2.01,0.10329,-0.054343,0.10077,8.7794
3.437,2.01,0.10329,-0.054342,0.10071,8.7792
3.4371,2.01,0.1033,-0.054341,0.10069,8.7714
3.4371,2.01,0.1033,-0.054343,0.10062,8.7747
3.4372,2.01,0.10331,-0.05435,0.10051,8.7904
3.4372,2.0099,0.10332,-0.054358,0.10039,8.7814
3.4373,2.0099,0.10332,-0.054368,0.10027,8.779
3.4373,2.0099,0.10333,-0.054379,0.10016,8.7968
3.4374,2.0099,0.10333,-0.054387,0.10013,8.7745
3.4374,2.0099,0.10334,-0.054397,0.10014,8.7814
3.4375,2.0099,0.10334,-0.054403,0.10015,8.7926
3.4375,2.0099,0.10335,-0.054406,0.10009,8.778
3.4376,2.0099,0.10335,-0.054408,0.10004,8.7809
3.4376,2.0099,0.10336,-0.054403,0.10001,8.7921
3.4377,2.0099,0.10336,-0.054394,0.099925,8.7913
3.4377,2.0099,0.10337,-0.054386,0.099808,8.7853
3.4378,2.0099,0.10337,-0.054374,0.099736,8.7919
3.4378,2.0099,0.10338,-0.054364,0.099717,8.7935
3.4379,2.0099,0.10338,-0.054355,0.099657,8.7823
3.4379,2.0099,0.10339,-0.054345,0.099555,8.7796
3.438,2.0099,0.10339,-0.054335,0.099497,8.7854
3.4381,2.0099,0.1034,-0.054326,0.099476,8.7816
3.4381,2.0099,0.1034,-0.054316,0.099417,8.7818
3.4382,2.0099,0.10341,-0.054306,0.09932,8.7932
3.4382,2.0099,0.10342,-0.054297,0.099231,8.7856
3.4383,2.0099,0.10342,-0.054287,0.099164,8.7888
3.4383,2.0099,0.10343,-0.054278,0.099069,8.7999
3.4384,2.0099,0.10343,-0.054268,0.098974,8.7906
3.4384,2.0099,0.10344,-0.054259,0.098952,8.7899
3.4385,2.0099,0.10344,-0.054249,0.098967,8.7939
3.4385,2.0099,0.10345,-0.05424,0.098981,8.8005
3.4386,2.0099,0.10345,-0.054228,0.09898,8.7893
3.4386,2.0099,0.10346,-0.05422,0.098937,8.7944
3.4387,2.0099,0.10346,-0.054213,0.098875,8.8071
3.4387,2.0099,0.10347,-0.05421,0.098771,8.7973
3.4388,2.0099,0.10347,-0.054207,0.098636,8.8069
3.4388,2.0099,0.10348,-0.054206,0.09854,8.818
3.4389,2.0099,0.10348,-0.054208,0.098409,8.8071
3.4389,2.0099,0.10349,-0.054211,0.098273,8.8089
3.439,2.0099,0.10349,-0.054214,0.09816,8.8131
3.4391,2.0098,0.1035,-0.054222,0.098058,8.8052
3.4391,2.0098,0.1035,-0.054228,0.098003,8.7944
3.4392,2.0098,0.10351,-0.054242,0.097962,8.807
3.4392,2.0098,0.10351,-0.054244,0.097982,8.8069
3.4393,2.0098,0.10352,-0.054239,0.098052,8.8035
3.4393,2.0098,0.10352,-0.05423,0.098125,8.8106
3.4394,2.0098,0.10353,-0.054222,0.098193,8.8173
3.4394,2.0098,0.10353,-0.054216,0.098233,8.8106
3.4395,2.0098,0.10354,-0.054209,0.098255,8.8118
3.4395,2.0098,0.10354,-0.054194,0.09827,8.814
3.4396,2.0098,0.10355,-0.054166,0.098301,8.7967
3.4396,2.0098,0.10356,-0.054122,0.098361,8.7998
3.4397,2.0098,0.10356,-0.054076,0.098412,8.8134
3.4397,2.0098,0.10357,-0.054039,0.098416,8.8144
3.4398,2.0098,0.10357,-0.054019,0.0984,8.8104
3.4398,2.0098,0.10358,-0.054017,0.098369,8.8282
3.4399,2.0098,0.10358,-0.054028,0.098266,8.8283
3.4399,2.0098,0.10359,-0.054039,0.098131,8.8209
3.44,2.0098,0.10359,-0.054043,0.098039,8.8308
3.4401,2.0098,0.1036,-0.054046,0.097977,8.8302
3.4401,2.0098,0.1036,-0.054049,0.097948,8.8215
3.4402,2.0098,0.10361,-0.05405,0.097949,8.8351
3.4402,2.0098,0.10361,-0.05405,0.098018,8.846
3.4403,2.0098,0.10362,-0.054049,0.098141,8.8399
3.4403,2.0098,0.10362,-0.054049,0.098322,8.846
3.4404,2.0098,0.10363,-0.05405,0.098561,8.8522
3.4404,2.0098,0.10363,-0.054045,0.098819,8.8425
3.4405,2.0098,0.10364,-0.054055,0.099073,8.8427
3.4405,2.0098,0.10364,-0.054062,0.099308,8.8489
3.4406,2.0098,0.10365,-0.054067,0.099488,8.8397
3.4406,2.0098,0.10365,-0.05407,0.099565,8.8314
3.4407,2.0098,0.10366,-0.05407,0.099571,8.8426
3.4407,2.0098,0.10366,-0.054069,0.099645,8.838
3.4408,2.0098,0.10367,-0.054065,0.099745,8.8352
3.4408,2.0098,0.10367,-0.054058,0.099837,8.8419
3.4409,2.0097,0.10368,-0.054064,0.099956,8.8507
3.4409,2.0097,0.10369,-0.054064,0.10008,8.8373
3.441,2.0097,0.10369,-0.054063,0.10019,8.8428
3.4411,2.0097,0.1037,-0.054062,0.10024,8.8532
3.4411,2.0097,0.1037,-0.054059,0.10028,8.8405
3.4412,2.0097,0.10371,-0.054056,0.10039,8.8403
3.4412,2.0097,0.10371,-0.054052,0.10047,8.8522
3.4413,2.0097,0.10372,-0.054047,0.10054,8.8504
3.4413,2.0097,0.10372,-0.054042,0.10061,8.847
3.4414,2.0097,0.10373,-0.054036,0.10068,8.8634
3.4414,2.0097,0.10373,-0.054029,0.10072,8.8669
3.4415,2.0097,0.10374,-0.054026,0.10079,8.8541
3.4415,2.0097,0.10374,-0.054014,0.10086,8.8571
3.4416,2.0097,0.10375,-0.053996,0.10098,8.8656
3.4416,2.0097,0.10375,-0.053974,0.10109,8.8532
3.4417,2.0097,0.10376,-0.05395,0.10121,8.8562
3.4417,2.0097,0.10376,-0.053928,0.10136,8.8613
3.4418,2.0097,0.10377,-0.05391,0.10157,8.8553
3.4418,2.0097,0.10378,-0.053897,0.10173,8.8572
3.4419,2.0097,0.10378,-0.053893,0.10193,8.8712
3.4419,2.0097,0.10379,-0.053888,0.10208,8.8576
3.442,2.0097,0.10379,-0.053873,0.10224,8.849
3.4421,2.0097,0.1038,-0.053852,0.10236,8.8538
3.4421,2.0097,0.1038,-0.053827,0.10245,8.8401
3.4422,2.0097,0.10381,-0.053801,0.10251,8.8335
3.4422,2.0097,0.10381,-0.053777,0.10256,8.8372
3.4423,2.0097,0.10382,-0.053756,0.10256,8.8288
3.4423,2.0097,0.10382,-0.053746,0.10258,8.8302
3.4424,2.0097,0.10383,-0.053741,0.1026,8.8378
3.4424,2.0097,0.10383,-0.053715,0.10266,8.8354
3.4425,2.0097,0.10384,-0.053685,0.1027,8.8258
3.4425,2.0097,0.10385,-0.053647,0.10272,8.8345
3.4426,2.0097,0.10385,-0.053596,0.10272,8.8372
3.4426,2.0097,0.10386,-0.053546,0.10271,8.8291
3.4427,2.0097,0.10386,-0.053499,0.10267,8.8278
3.4427,2.0096,0.10387,-0.053459,0.10261,8.8425
3.4428,2.0096,0.10387,-0.053416,0.10255,8.8379
3.4428,2.0096,0.10388,-0.053364,0.10251,8.8372
3.4429,2.0096,0.10388,-0.053316,0.10243,8.8478
3.4429,2.0096,0.10389,-0.053263,0.10237,8.8452
3.443,2.0096,0.10389,-0.053205,0.1023,8.8414
3.4431,2.0096,0.1039,-0.053154,0.10227,8.8505
3.4431,2.0096,0.1039,-0.053105,0.10221,8.8445
3.4432,2.0096,0.10391,-0.053059,0.10214,8.834
3.4432,2.0096,0.10392,-0.053015,0.10208,8.8419
3.4433,2.0096,0.10392,-0.052974,0.10205,8.8422
3.4433,2.0096,0.10393,-0.052934,0.10204,8.8375
3.4434,2.0096,0.10393,-0.052897,0.10204,8.8395
3.4434,2.0096,0.10394,-0.052858,0.10201,8.8487
3.4435,2.0096,0.10394,-0.052824,0.10202,8.8343
3.4435,2.0096,0.10395,-0.052801,0.10203,8.8386
3.4436,2.0096,0.10395,-0.052794,0.10205,8.8396
3.4436,2.0096,0.10396,-0.052807,0.10208,8.8295
3.4437,2.0096,0.10396,-0.05283,0.1021,8.8194
3.4437,2.0096,0.10397,-0.052852,0.10218,8.827
3.4438,2.0096,0.10397,-0.052864,0.10221,8.8232
3.4438,2.0096,0.10398,-0.052857,0.1022,8.812
3.4439,2.0096,0.10399,-0.052838,0.10221,8.823
3.4439,2.0096,0.10399,-0.052811,0.10225,8.8377
3.444,2.0096,0.104,-0.052783,0.10227,8.8297
3.4441,2.0096,0.104,-0.052763,0.10226,8.8341
3.4441,2.0096,0.10401,-0.052744,0.1022,8.8376
3.4442,2.0096,0.10401,-0.052728,0.10216,8.8272
3.4442,2.0096,0.10402,-0.052714,0.1021,8.8291
3.4443,2.0096,0.10402,-0.052702,0.10203,8.8369
3.4443,2.0096,0.10403,-0.052691,0.10197,8.8309
3.4444,2.0096,0.10403,-0.052683,0.10189,8.8395
3.4444,2.0096,0.10404,-0.052677,0.10181,8.8526
3.4445,2.0096,0.10404,-0.052673,0.10172,8.8544
3.4445,2.0096,0.10405,-0.052671,0.10166,8.8508
3.4446,2.0096,0.10406,-0.052671,0.10166,8.8534
3.4446,2.0095,0.10406,-0.052673,0.10173,8.8502
3.4447,2.0095,0.10407,-0.052677,0.10187,8.8347
3.4447,2.0095,0.10407,-0.052682,0.10201,8.8389
3.4448,2.0095,0.10408,-0.05269,0.1021,8.8444
3.4448,2.0095,0.10408,-0.052699,0.10221,8.8356
3.4449,2.0095,0.10409,-0.05271,0.10229,8.8453
3.4449,2.0095,0.10409,-0.052723,0.10238,8.8578
3.445,2.0095,0.1041,-0.052738,0.10248,8.8508
3.4451,2.0095,0.1041,-0.052756,0.1026,8.849
3.4451,2.0095,0.10411,-0.052773,0.10272,8.8562
3.4452,2.0095,0.10411,-0.05279,0.10279,8.8507
3.4452,2.0095,0.10412,-0.052806,0.10282,8.8425
3.4453,2.0095,0.10413,-0.052823,0.10283,8.8544
3.4453,2.0095,0.10413,-0.052842,0.10282,8.851
3.4454,2.0095,0.10414,-0.052862,0.10278,8.8463
3.4454,2.0095,0.10414,-0.052889,0.10268,8.8629
3.4455,2.0095,0.10415,-0.052924,0.10257,8.8718
3.4455,2.0095,0.10415,-0.052957,0.10242,8.8641
3.4456,2.0095,0.10416,-0.052995,0.10222,8.8699
3.4456,2.0095,0.10416,-0.053037,0.102,8.8737
3.4457,2.0095,0.10417,-0.053079,0.10185,8.8664
3.4457,2.0095,0.10417,-0.053121,0.10174,8.8639
3.4458,2.0095,0.10418,-0.05316,0.10162,8.8774
3.4458,2.0095,0.10418,-0.053201,0.10152,8.8665
3.4459,2.0095,0.10419,-0.053241,0.10142,8.8683
3.4459,2.0095,0.1042,-0.053279,0.10129,8.8825
3.446,2.0095,0.1042,-0.05332,0.10111,8.8803
3.4461,2.0095,0.10421,-0.053363,0.10093,8.8675
3.4461,2.0095,0.10421,-0.053408,0.10081,8.8761
3.4462,2.0095,0.10422,-0.053453,0.10071,8.8777
3.4462,2.0095,0.10422,-0.0535,0.10064,8.867
3.4463,2.0095,0.10423,-0.053549,0.10059,8.8701
3.4463,2.0095,0.10423,-0.053598,0.10053,8.8711
3.4464,2.0095,0.10424,-0.053649,0.10044,8.8587
3.4464,2.0095,0.10424,-0.053702,0.10035,8.8662
3.4465,2.0095,0.10425,-0.053755,0.10027,8.8744
3.4465,2.0094,0.10425,-0.05381,0.10018,8.8565
3.4466,2.0094,0.10426,-0.053866,0.10008,8.8572
3.4466,2.0094,0.10426,-0.053923,0.1,8.8651
3.4467,2.0094,0.10427,-0.053976,0.099957,8.8623
3.4467,2.0094,0.10427,-0.054039,0.099905,8.8559
3.4468,2.0094,0.10428,-0.054109,0.099894,8.8653
3.4468,2.0094,0.10429,-0.054184,0.09991,8.8568
3.4469,2.0094,0.10429,-0.054257,0.099935,8.8503
3.4469,2.0094,0.1043,-0.054329,0.099961,8.8677
3.447,2.0094,0.1043,-0.054407,0.099945,8.878
3.4471,2.0094,0.10431,-0.054489,0.099989,8.869
3.4471,2.0094,0.10431,-0.054571,0.10009,8.872
3.4472,2.0094,0.10432,-0.054668,0.10015,8.8771
3.4472,2.0094,0.10432,-0.05477,0.10023,8.8616
3.4473,2.0094,0.10433,-0.054869,0.10031,8.8603
3.4473,2.0094,0.10433,-0.054964,0.10038,8.8655
3.4474,2.0094,0.10434,-0.055052,0.10043,8.8534
3.4474,2.0094,0.10434,-0.055141,0.10044,8.854
3.4475,2.0094,0.10435,-0.05523,0.10051,8.8644
3.4475,2.0094,0.10435,-0.055317,0.10058,8.8585
3.4476,2.0094,0.10436,-0.055408,0.10068,8.8492
3.4476,2.0094,0.10436,-0.055499,0.10082,8.8538
3.4477,2.0094,0.10437,-0.055589,0.10093,8.8486
3.4477,2.0094,0.10437,-0.05568,0.10099,8.831
3.4478,2.0094,0.10438,-0.055768,0.10098,8.8306
3.4478,2.0094,0.10439,-0.055853,0.10094,8.8278
3.4479,2.0094,0.10439,-0.055937,0.10091,8.8195
3.4479,2.0094,0.1044,-0.056019,0.10085,8.8235
3.448,2.0094,0.1044,-0.056101,0.10082,8.8274
3.4481,2.0094,0.10441,-0.056178,0.10079,8.8164
3.4481,2.0094,0.10441,-0.05625,0.10071,8.8171
3.4482,2.0094,0.10442,-0.05632,0.1006,8.8301
3.4482,2.0094,0.10442,-0.056388,0.10051,8.8134
3.4483,2.0094,0.10443,-0.056454,0.10045,8.8076
3.4483,2.0093,0.10443,-0.056521,0.10041,8.8148
3.4484,2.0093,0.10444,-0.056588,0.10038,8.8108
3.4484,2.0093,0.10444,-0.056657,0.10037,8.8021
3.4485,2.0093,0.10445,-0.056722,0.10037,8.8135
3.4485,2.0093,0.10445,-0.056787,0.10036,8.8177
3.4486,2.0093,0.10446,-0.056847,0.10036,8.8148
3.4486,2.0093,0.10446,-0.056906,0.10034,8.8174
3.4487,2.0093,0.10447,-0.056957,0.1003,8.8193
3.4487,2.0093,0.10448,-0.057005,0.10026,8.8076
3.4488,2.0093,0.10448,-0.057049,0.10025,8.8083
3.4488,2.0093,0.10449,-0.057088,0.10025,8.8162
3.4489,2.0093,0.10449,-0.057122,0.10026,8.8043
3.4489,2.0093,0.1045,-0.057153,0.10028,8.7932
3.449,2.0093,0.1045,-0.057177,0.1003,8.805
3.4491,2.0093,0.10451,-0.057197,0.10028,8.8031
3.4491,2.0093,0.10451,-0.057206,0.10024,8.8021
3.4492,2.0093,0.10452,-0.057222,0.10019,8.8094
3.4492,2.0093,0.10452,-0.057243,0.10009,8.8064
3.4493,2.0093,0.10453,-0.057264,0.10001,8.7963
3.4493,2.0093,0.10453,-0.057283,0.099934,8.7956
3.4494,2.0093,0.10454,-0.057297,0.099902,8.797
3.4494,2.0093,0.10454,-0.057308,0.09988,8.7881
3.4495,2.0093,0.10455,-0.057325,0.099835,8.7941
3.4495,2.0093,0.10455,-0.057354,0.099795,8.7982
3.4496,2.0093,0.10456,-0.0574,0.099697,8.7971
3.4496,2.0093,0.10456,-0.057448,0.099545,8.8024
3.4497,2.0093,0.10457,-0.057489,0.099423,8.8123
3.4497,2.0093,0.10458,-0.057514,0.099322,8.8027
3.4498,2.0093,0.10458,-0.057517,0.09927,8.801
3.4498,2.0093,0.10459,-0.057506,0.099239,8.8087
3.4499,2.0093,0.10459,-0.057492,0.099192,8.8039
3.4499,2.0093,0.1046,-0.057478,0.099137,8.7984
3.45,2.0093,0.1046,-0.057459,0.09905,8.8183
3.4501,2.0092,0.10461,-0.057432,0.099009,8.8169
3.4501,2.0092,0.10461,-0.057391,0.099021,8.8083
3.4502,2.0092,0.10462,-0.057353,0.099092,8.8167
3.4502,2.0092,0.10462,-0.057315,0.099207,8.8178
3.4503,2.0092,0.10463,-0.057279,0.099321,8.8103
3.4503,2.0092,0.10463,-0.057246,0.099363,8.8073
3.4504,2.0092,0.10464,-0.057211,0.099366,8.8139
3.4504,2.0092,0.10464,-0.057165,0.099353,8.8027
3.4505,2.0092,0.10465,-0.057121,0.099338,8.7995
3.4505,2.0092,0.10465,-0.057073,0.099304,8.8166
3.4506,2.0092,0.10466,-0.057033,0.099305,8.8073
3.4506,2.0092,0.10466,-0.056993,0.099373,8.8014
3.4507,2.0092,0.10467,-0.056951,0.099457,8.817
3.4507,2.0092,0.10467,-0.056905,0.099505,8.8155
3.4508,2.0092,0.10468,-0.05685,0.099536,8.8023
3.4508,2.0092,0.10469,-0.056786,0.099539,8.8061
3.4509,2.0092,0.10469,-0.056725,0.099465,8.808
3.4509,2.0092,0.1047,-0.056662,0.099334,8.7994
3.451,2.0092,0.1047,-0.056598,0.099192,8.8006
3.4511,2.0092,0.10471,-0.056532,0.099077,8.8113
3.4511,2.0092,0.10471,-0.056464,0.098981,8.8111
3.4512,2.0092,0.10472,-0.056393,0.098963,8.8102
3.4512,2.0092,0.10472,-0.056321,0.098982,8.8247
3.4513,2.0092,0.10473,-0.056252,0.099023,8.811
3.4513,2.0092,0.10473,-0.056185,0.099051,8.8146
3.4514,2.0092,0.10474,-0.056122,0.099123,8.8177
3.4514,2.0092,0.10474,-0.056058,0.099138,8.8185
3.4515,2.0092,0.10475,-0.056002,0.099151,8.811
3.4515,2.0092,0.10475,-0.055947,0.099109,8.8234
3.4516,2.0092,0.10476,-0.055887,0.099072,8.8271
3.4516,2.0092,0.10476,-0.055822,0.098963,8.8234
3.4517,2.0092,0.10477,-0.055747,0.098788,8.8257
3.4517,2.0092,0.10477,-0.055661,0.098525,8.8296
3.4518,2.0092,0.10478,-0.055566,0.09828,8.8177
3.4518,2.0091,0.10478,-0.05546,0.097973,8.8118
3.4519,2.0091,0.10479,-0.05535,0.097705,8.8174
3.4519,2.0091,0.10479,-0.055247,0.097415,8.8094
3.452,2.0091,0.1048,-0.055152,0.097153,8.8062
3.4521,2.0091,0.1048,-0.055065,0.096911,8.8158
3.4521,2.0091,0.10481,-0.054974,0.096689,8.8125
3.4522,2.0091,0.10481,-0.054881,0.096472,8.8088
3.4522,2.0091,0.10482,-0.054786,0.096286,8.8205
3.4523,2.0091,0.10482,-0.054675,0.096093,8.8205
3.4523,2.0091,0.10483,-0.054559,0.095924,8.813
3.4524,2.0091,0.10483,-0.054462,0.095719,8.8183
3.4524,2.0091,0.10484,-0.054368,0.095537,8.822
3.4525,2.0091,0.10484,-0.05428,0.095376,8.8133
3.4525,2.0091,0.10485,-0.054199,0.095236,8.8191
3.4526,2.0091,0.10485,-0.054113,0.0951,8.8299
3.4526,2.0091,0.10486,-0.054025,0.094982,8.8194
3.4527,2.0091,0.10486,-0.053935,0.09488,8.8242
3.4527,2.0091,0.10487,-0.053854,0.094822,8.8337
3.4528,2.0091,0.10487,-0.053785,0.094754,8.8289
3.4528,2.0091,0.10488,-0.053713,0.094731,8.8268
3.4529,2.0091,0.10488,-0.053652,0.094697,8.8347
3.4529,2.0091,0.10489,-0.053599,0.094666,8.8286
3.453,2.0091,0.10489,-0.053543,0.09459,8.8155
3.4531,2.0091,0.1049,-0.053494,0.094525,8.821
3.4531,2.0091,0.1049,-0.053453,0.094462,8.8181
3.4532,2.0091,0.10491,-0.053417,0.094417,8.8057
3.4532,2.0091,0.10491,-0.053387,0.094349,8.8052
3.4533,2.0091,0.10492,-0.053356,0.094267,8.8056
3.4533,2.0091,0.10492,-0.053327,0.094182,8.7881
3.4534,2.0091,0.10493,-0.053303,0.094131,8.7894
3.4534,2.0091,0.10493,-0.053274,0.094049,8.7834
3.4535,2.0091,0.10494,-0.053234,0.093973,8.7744
3.4535,2.0091,0.10494,-0.053182,0.093889,8.7694
3.4536,2.0091,0.10495,-0.053113,0.093796,8.7806
3.4536,2.0091,0.10495,-0.053036,0.093707,8.7739
3.4537,2.009,0.10496,-0.052957,0.09357,8.7737
3.4537,2.009,0.10496,-0.052892,0.093473,8.7857
3.4538,2.009,0.10497,-0.052848,0.093425,8.7867
3.4538,2.009,0.10497,-0.052813,0.09335,8.7762
3.4539,2.009,0.10498,-0.052781,0.093255,8.7879
3.4539,2.009,0.10498,-0.052751,0.093169,8.7878
3.454,2.009,0.10499,-0.052716,0.093131,8.7706
3.4541,2.009,0.10499,-0.052685,0.093136,8.7734
3.4541,2.009,0.105,-0.05266,0.093134,8.7858
3.4542,2.009,0.105,-0.052644,0.093156,8.7816
3.4542,2.009,0.10501,-0.052634,0.093205,8.7861
3.4543,2.009,0.10501,-0.052626,0.093247,8.8015
3.4543,2.009,0.10502,-0.052617,0.093322,8.7916
3.4544,2.009,0.10502,-0.05261,0.093404,8.7963
3.4544,2.009,0.10503,-0.052604,0.093516,8.7987
3.4545,2.009,0.10503,-0.0526,0.093608,8.7892
3.4545,2.009,0.10504,-0.052597,0.093648,8.7826
3.4546,2.009,0.10504,-0.052596,0.093607,8.7911
3.4546,2.009,0.10505,-0.052596,0.093495,8.7881
3.4547,2.009,0.10505,-0.052598,0.093375,8.78
3.4547,2.009,0.10506,-0.052602,0.093267,8.7855
3.4548,2.009,0.10506,-0.052607,0.093168,8.79
3.4548,2.009,0.10507,-0.052614,0.093101,8.7812
3.4549,2.009,0.10507,-0.052622,0.093042,8.7817
3.4549,2.009,0.10508,-0.052632,0.092975,8.784
3.455,2.009,0.10508,-0.052644,0.092873,8.772
3.4551,2.009,0.10509,-0.052657,0.092744,8.7692
3.4551,2.009,0.10509,-0.052672,0.092649,8.7839
3.4552,2.009,0.1051,-0.052689,0.092541,8.7809
3.4552,2.009,0.1051,-0.052708,0.092469,8.7839
3.4553,2.009,0.10511,-0.052728,0.092408,8.7958
3.4553,2.009,0.10511,-0.052755,0.09238,8.7944
3.4554,2.009,0.10512,-0.052776,0.092408,8.7873
3.4554,2.009,0.10512,-0.052795,0.092449,8.7966
3.4555,2.009,0.10513,-0.052814,0.092535,8.7985
3.4555,2.009,0.10513,-0.052831,0.092694,8.7962
3.4556,2.0089,0.10514,-0.052849,0.092876,8.8024
3.4556,2.0089,0.10514,-0.052869,0.093016,8.8113
3.4557,2.0089,0.10515,-0.052898,0.093116,8.8055
3.4557,2.0089,0.10515,-0.052931,0.093228,8.812
3.4558,2.0089,0.10516,-0.052962,0.093342,8.8227
3.4558,2.0089,0.10516,-0.052996,0.093448,8.8129
3.4559,2.0089,0.10517,-0.053035,0.0936,8.8105
3.4559,2.0089,0.10517,-0.053076,0.093805,8.8167
3.456,2.0089,0.10517,-0.053118,0.09403,8.8101
3.4561,2.0089,0.10518,-0.053165,0.094208,8.806
3.4561,2.0089,0.10518,-0.053214,0.094369,8.8141
3.4562,2.0089,0.10519,-0.053259,0.094508,8.817
3.4562,2.0089,0.10519,-0.053301,0.094634,8.8125
3.4563,2.0089,0.1052,-0.053339,0.09477,8.8149
3.4563,2.0089,0.1052,-0.053383,0.094935,8.8175
3.4564,2.0089,0.10521,-0.053426,0.095109,8.8053
3.4564,2.0089,0.10521,-0.053469,0.095269,8.8086
3.4565,2.0089,0.10522,-0.053519,0.095447,8.8122
3.4565,2.0089,0.10522,-0.053581,0.09563,8.8052
3.4566,2.0089,0.10523,-0.053654,0.095804,8.8072
3.4566,2.0089,0.10523,-0.053744,0.095985,8.82
3.4567,2.0089,0.10524,-0.053828,0.096205,8.8148
3.4567,2.0089,0.10525,-0.053927,0.096417,8.82
3.4568,2.0089,0.10525,-0.054017,0.096603,8.8354
3.4568,2.0089,0.10526,-0.054109,0.096757,8.8437
3.4569,2.0089,0.10526,-0.0542,0.096919,8.837
3.4569,2.0089,0.10527,-0.054283,0.097089,8.8473
3.457,2.0089,0.10527,-0.054358,0.097232,8.8461
3.4571,2.0089,0.10528,-0.054439,0.097353,8.8424
3.4571,2.0089,0.10528,-0.054501,0.097522,8.8492
3.4572,2.0089,0.10529,-0.054564,0.097669,8.8535
3.4572,2.0089,0.10529,-0.054613,0.09779,8.8463
3.4573,2.0089,0.1053,-0.054666,0.097867,8.8544
3.4573,2.0089,0.1053,-0.054708,0.097926,8.8586
3.4574,2.0089,0.10531,-0.054732,0.098009,8.8503
3.4574,2.0089,0.10531,-0.05475,0.098074,8.8491
3.4575,2.0088,0.10532,-0.054766,0.09814,8.856
3.4575,2.0088,0.10532,-0.054772,0.098187,8.8508
3.4576,2.0088,0.10533,-0.054779,0.098235,8.8383
3.4576,2.0088,0.10533,-0.054789,0.098318,8.8482
3.4577,2.0088,0.10534,-0.054797,0.098437,8.8477
3.4577,2.0088,0.10534,-0.054806,0.09858,8.8358
3.4578,2.0088,0.10535,-0.054826,0.098754,8.8433
3.4578,2.0088,0.10535,-0.05486,0.098909,8.8582
3.4579,2.0088,0.10536,-0.054906,0.099065,8.8472
3.4579,2.0088,0.10536,-0.054955,0.099183,8.8492
3.458,2.0088,0.10537,-0.055016,0.099292,8.8565
3.4581,2.0088,0.10537,-0.055084,0.099457,8.853
3.4581,2.0088,0.10538,-0.055142,0.099658,8.8513
3.4582,2.0088,0.10538,-0.055201,0.099835,8.8585
3.4582,2.0088,0.10539,-0.055263,0.1,8.8609
3.4583,2.0088,0.1054,-0.055316,0.1002,8.8591
3.4583,2.0088,0.1054,-0.055359,0.10038,8.8676
3.4584,2.0088,0.10541,-0.055383,0.10057,8.8717
3.4584,2.0088,0.10541,-0.055408,0.10074,8.8659
3.4585,2.0088,0.10542,-0.055428,0.10094,8.8766
3.4585,2.0088,0.10542,-0.055448,0.10109,8.8683
3.4586,2.0088,0.10543,-0.055475,0.1012,8.8623
3.4586,2.0088,0.10543,-0.055516,0.10129,8.8632
3.4587,2.0088,0.10544,-0.055549,0.10134,8.8586
3.4587,2.0088,0.10544,-0.055566,0.10132,8.8461
3.4588,2.0088,0.10545,-0.055575,0.10131,8.8558
3.4588,2.0088,0.10545,-0.055573,0.10131,8.8592
3.4589,2.0088,0.10546,-0.055555,0.10133,8.8453
3.4589,2.0088,0.10546,-0.055534,0.10135,8.8421
3.459,2.0088,0.10547,-0.055516,0.10143,8.8476
3.4591,2.0088,0.10548,-0.055511,0.10156,8.8336
3.4591,2.0088,0.10548,-0.05551,0.10168,8.8223
3.4592,2.0088,0.10549,-0.055508,0.10181,8.8318
3.4592,2.0088,0.10549,-0.055512,0.10193,8.8313
3.4593,2.0087,0.1055,-0.05551,0.10205,8.8186
3.4593,2.0087,0.1055,-0.055503,0.10212,8.829
3.4594,2.0087,0.10551,-0.055491,0.10217,8.8324
3.4594,2.0087,0.10551,-0.055471,0.10222,8.8218
3.4595,2.0087,0.10552,-0.055439,0.10227,8.8289
3.4595,2.0087,0.10552,-0.055396,0.10231,8.8302
3.4596,2.0087,0.10553,-0.055341,0.10232,8.8261
3.4596,2.0087,0.10553,-0.055275,0.10232,8.8302
3.4597,2.0087,0.10554,-0.0552,0.10234,8.8372
3.4597,2.0087,0.10554,-0.055123,0.10241,8.8319
3.4598,2.0087,0.10555,-0.05504,0.10252,8.8308
3.4598,2.0087,0.10556,-0.054948,0.10271,8.8493
3.4599,2.0087,0.10556,-0.054847,0.10294,8.8539
3.4599,2.0087,0.10557,-0.05475,0.10317,8.8467
3.46,2.0087,0.10557,-0.054656,0.10334,8.8565
3.4601,2.0087,0.10558,-0.05457,0.10346,8.8521
3.4601,2.0087,0.10558,-0.054491,0.10355,8.8405
3.4602,2.0087,0.10559,-0.054422,0.10362,8.8444
3.4602,2.0087,0.10559,-0.054355,0.10362,8.8506
3.4603,2.0087,0.1056,-0.054283,0.10365,8.8376
3.4603,2.0087,0.1056,-0.054211,0.10366,8.836
3.4604,2.0087,0.10561,-0.054138,0.10367,8.8454
3.4604,2.0087,0.10562,-0.054064,0.10364,8.8343
3.4605,2.0087,0.10562,-0.05399,0.10364,8.8305
3.4605,2.0087,0.10563,-0.053918,0.10364,8.838
3.4606,2.0087,0.10563,-0.053841,0.10363,8.8274
3.4606,2.0087,0.10564,-0.053762,0.1036,8.8202
3.4607,2.0087,0.10564,-0.053681,0.10357,8.8215
3.4607,2.0087,0.10565,-0.053599,0.10356,8.8222
3.4608,2.0087,0.10565,-0.053517,0.10354,8.8154
3.4608,2.0087,0.10566,-0.053437,0.10352,8.8256
3.4609,2.0087,0.10566,-0.05336,0.10353,8.8356
3.4609,2.0087,0.10567,-0.053286,0.10353,8.8278
3.461,2.0087,0.10568,-0.053209,0.10352,8.8333
3.4611,2.0087,0.10568,-0.053132,0.10347,8.8438
3.4611,2.0086,0.10569,-0.053056,0.10336,8.8401
3.4612,2.0086,0.10569,-0.052979,0.10323,8.8399
3.4612,2.0086,0.1057,-0.052899,0.10308,8.8548
3.4613,2.0086,0.1057,-0.052812,0.10291,8.851
3.4613,2.0086,0.10571,-0.052717,0.1027,8.8468
3.4614,2.0086,0.10571,-0.052619,0.10252,8.872
3.4614,2.0086,0.10572,-0.052516,0.10233,8.8679
3.4615,2.0086,0.10572,-0.052411,0.10213,8.8634
3.4615,2.0086,0.10573,-0.052315,0.10192,8.8722
3.4616,2.0086,0.10574,-0.052222,0.10176,8.8711
3.4616,2.0086,0.10574,-0.052139,0.10162,8.8696
3.4617,2.0086,0.10575,-0.05206,0.1015,8.8653
3.4617,2.0086,0.10575,-0.051981,0.10137,8.8701
3.4618,2.0086,0.10576,-0.051907,0.10126,8.8514
3.4618,2.0086,0.10576,-0.051832,0.10112,8.8521
3.4619,2.0086,0.10577,-0.051753,0.10097,8.8585
3.4619,2.0086,0.10577,-0.051675,0.10082,8.8509
3.462,2.0086,0.10578,-0.051592,0.10066,8.8465
3.4621,2.0086,0.10578,-0.051512,0.10051,8.8547
3.4621,2.0086,0.10579,-0.051433,0.10035,8.8445
3.4622,2.0086,0.10579,-0.051352,0.10018,8.8444
3.4622,2.0086,0.1058,-0.051274,0.10002,8.8566
3.4623,2.0086,0.1058,-0.051194,0.099853,8.8552
3.4623,2.0086,0.10581,-0.051114,0.099692,8.8523
3.4624,2.0086,0.10581,-0.051036,0.099545,8.8708
3.4624,2.0086,0.10582,-0.05096,0.099369,8.8667
3.4625,2.0086,0.10582,-0.050893,0.099167,8.8642
3.4625,2.0086,0.10583,-0.050834,0.09894,8.8709
3.4626,2.0086,0.10584,-0.050776,0.098699,8.8782
3.4626,2.0086,0.10584,-0.050719,0.098477,8.8675
3.4627,2.0086,0.10585,-0.05066,0.098233,8.8711
3.4627,2.0086,0.10585,-0.050602,0.097993,8.8755
3.4628,2.0086,0.10586,-0.050548,0.097767,8.8696
3.4628,2.0086,0.10586,-0.050493,0.097525,8.8643
3.4629,2.0086,0.10587,-0.050441,0.097289,8.8797
3.4629,2.0086,0.10587,-0.050391,0.097063,8.8777
3.463,2.0086,0.10588,-0.050337,0.096866,8.8691
3.4631,2.0085,0.10588,-0.050279,0.096672,8.8797
3.4631,2.0085,0.10589,-0.050218,0.096444,8.871
3.4632,2.0085,0.10589,-0.050153,0.096205,8.8617
3.4632,2.0085,0.1059,-0.050091,0.095964,8.8713
3.4633,2.0085,0.1059,-0.050029,0.095726,8.867
3.4633,2.0085,0.10591,-0.04997,0.095512,8.85
3.4634,2.0085,0.10591,-0.049915,0.095291,8.8592
3.4634,2.0085,0.10592,-0.049863,0.095076,8.8584
3.4635,2.0085,0.10592,-0.049812,0.094836,8.8516
3.4635,2.0085,0.10593,-0.049761,0.094607,8.8469
3.4636,2.0085,0.10593,-0.049707,0.094373,8.8561
3.4636,2.0085,0.10594,-0.049654,0.094124,8.8534
3.4637,2.0085,0.10594,-0.049598,0.093857,8.8441
3.4637,2.0085,0.10595,-0.049541,0.093577,8.8462
3.4638,2.0085,0.10595,-0.04949,0.093251,8.8517
3.4638,2.0085,0.10596,-0.049448,0.092906,8.8441
3.4639,2.0085,0.10596,-0.049411,0.092559,8.8542
3.4639,2.0085,0.10597,-0.049376,0.092233,8.8565
3.464,2.0085,0.10597,-0.049345,0.091914,8.8485
3.4641,2.0085,0.10598,-0.049313,0.091603,8.8628
3.4641,2.0085,0.10598,-0.049276,0.091302,8.8729
3.4642,2.0085,0.10599,-0.049237,0.091006,8.8542
3.4642,2.0085,0.10599,-0.049197,0.090711,8.8517
3.4643,2.0085,0.10599,-0.049156,0.090415,8.8561
3.4643,2.0085,0.106,-0.049115,0.090114,8.8487
3.4644,2.0085,0.106,-0.049078,0.089819,8.8361
3.4644,2.0085,0.10601,-0.049042,0.089531,8.8368
3.4645,2.0085,0.10601,-0.049018,0.089251,8.8319
3.4645,2.0085,0.10602,-0.048997,0.088984,8.8235
3.4646,2.0085,0.10602,-0.048981,0.088725,8.8327
3.4646,2.0085,0.10603,-0.048965,0.088471,8.8241
3.4647,2.0085,0.10603,-0.04895,0.088222,8.8142
3.4647,2.0085,0.10604,-0.048941,0.087975,8.8162
3.4648,2.0085,0.10604,-0.048942,0.08774,8.8102
3.4648,2.0085,0.10605,-0.048944,0.087512,8.7969
3.4649,2.0085,0.10605,-0.048959,0.087293,8.8044
3.4649,2.0085,0.10606,-0.048974,0.087081,8.804
3.465,2.0085,0.10606,-0.048995,0.086877,8.799
3.4651,2.0084,0.10606,-0.049003,0.086681,8.8044
3.4651,2.0084,0.10607,-0.049008,0.086493,8.8114
3.4652,2.0084,0.10607,-0.049015,0.086309,8.8073
3.4652,2.0084,0.10608,-0.049023,0.086139,8.8046
3.4653,2.0084,0.10608,-0.049031,0.08598,8.8125
3.4653,2.0084,0.10609,-0.049047,0.085831,8.8077
3.4654,2.0084,0.10609,-0.049063,0.08569,8.803
3.4654,2.0084,0.1061,-0.049075,0.085555,8.8154
3.4655,2.0084,0.1061,-0.04907,0.085425,8.8202
3.4655,2.0084,0.10611,-0.049055,0.085298,8.8138
3.4656,2.0084,0.10611,-0.049029,0.085173,8.825
3.4656,2.0084,0.10611,-0.048996,0.085059,8.8348
3.4657,2.0084,0.10612,-0.048968,0.084952,8.8178
3.4657,2.0084,0.10612,-0.048957,0.084852,8.821
3.4658,2.0084,0.10613,-0.048956,0.08476,8.8235
3.4658,2.0084,0.10613,-0.048965,0.084675,8.8147
3.4659,2.0084,0.10614,-0.048976,0.084598,8.8018
3.4659,2.0084,0.10614,-0.048989,0.084527,8.8085
3.466,2.0084,0.10615,-0.048997,0.084464,8.8013
3.4661,2.0084,0.10615,-0.049009,0.084408,8.7928
3.4661,2.0084,0.10615,-0.049033,0.08436,8.7989
3.4662,2.0084,0.10616,-0.049067,0.084318,8.7905
3.4662,2.0084,0.10616,-0.049107,0.084284,8.7838
3.4663,2.0084,0.10617,-0.049145,0.084256,8.7843
3.4663,2.0084,0.10617,-0.049186,0.084235,8.7908
3.4664,2.0084,0.10618,-0.049229,0.084222,8.7813
3.4664,2.0084,0.10618,-0.049271,0.084214,8.7839
3.4665,2.0084,0.10619,-0.049308,0.084214,8.7926
3.4665,2.0084,0.10619,-0.049343,0.08422,8.795
3.4666,2.0084,0.10619,-0.049368,0.084233,8.8003
3.4666,2.0084,0.1062,-0.049389,0.084252,8.8092
3.4667,2.0084,0.1062,-0.049389,0.084275,8.8077
3.4667,2.0084,0.10621,-0.049392,0.08431,8.8079
3.4668,2.0084,0.10621,-0.049395,0.084355,8.8137
3.4668,2.0084,0.10622,-0.049398,0.08441,8.8121
3.4669,2.0084,0.10622,-0.049401,0.084473,8.8067
3.4669,2.0084,0.10623,-0.049405,0.084541,8.8127
3.467,2.0084,0.10623,-0.049394,0.084614,8.8208
3.4671,2.0084,0.10623,-0.049382,0.084689,8.811
3.4671,2.0083,0.10624,-0.049353,0.084764,8.8167
3.4672,2.0083,0.10624,-0.049329,0.084849,8.8204
3.4672,2.0083,0.10625,-0.049305,0.08494,8.809
3.4673,2.0083,0.10625,-0.049289,0.085037,8.8099
3.4673,2.0083,0.10626,-0.049293,0.085126,8.8103
3.4674,2.0083,0.10626,-0.049305,0.08523,8.7913
3.4674,2.0083,0.10627,-0.049318,0.085381,8.7865
3.4675,2.0083,0.10627,-0.049341,0.085561,8.8001
3.4675,2.0083,0.10627,-0.049357,0.085758,8.7904
3.4676,2.0083,0.10628,-0.049362,0.085957,8.788
3.4676,2.0083,0.10628,-0.049369,0.086144,8.795
3.4677,2.0083,0.10629,-0.049369,0.086305,8.7959
3.4677,2.0083,0.10629,-0.049356,0.086433,8.7904
3.4678,2.0083,0.1063,-0.049327,0.086568,8.7941
3.4678,2.0083,0.1063,-0.04928,0.086713,8.7942
3.4679,2.0083,0.10631,-0.049226,0.086895,8.7856
3.4679,2.0083,0.10631,-0.049157,0.08712,8.794
3.468,2.0083,0.10632,-0.04908,0.087344,8.8068
3.4681,2.0083,0.10632,-0.049017,0.087561,8.8033
3.4681,2.0083,0.10632,-0.04895,0.087769,8.8077
3.4682,2.0083,0.10633,-0.048872,0.087985,8.8269
3.4682,2.0083,0.10633,-0.0488,0.08816,8.8216
3.4683,2.0083,0.10634,-0.048726,0.088345,8.8238
3.4683,2.0083,0.10634,-0.048661,0.088528,8.8372
3.4684,2.0083,0.10635,-0.048592,0.088724,8.8265
3.4684,2.0083,0.10635,-0.048522,0.08892,8.8177
3.4685,2.0083,0.10636,-0.048448,0.089163,8.8253
3.4685,2.0083,0.10636,-0.04836,0.089444,8.8231
3.4686,2.0083,0.10637,-0.048251,0.089754,8.8157
3.4686,2.0083,0.10637,-0.048141,0.090059,8.8249
3.4687,2.0083,0.10638,-0.04804,0.09037,8.8247
3.4687,2.0083,0.10638,-0.047941,0.090579,8.8066
3.4688,2.0083,0.10639,-0.047847,0.090733,8.812
3.4688,2.0083,0.10639,-0.047763,0.09088,8.8128
3.4689,2.0083,0.1064,-0.047679,0.091033,8.8026
3.4689,2.0083,0.1064,-0.047587,0.091174,8.7999
3.469,2.0083,0.10641,-0.047477,0.091294,8.8098
3.4691,2.0083,0.10641,-0.047357,0.091432,8.8053
3.4691,2.0083,0.10641,-0.047232,0.091564,8.8046
3.4692,2.0082,0.10642,-0.047091,0.091699,8.8173
3.4692,2.0082,0.10642,-0.046949,0.091821,8.8182
3.4693,2.0082,0.10643,-0.046804,0.091986,8.8146
3.4693,2.0082,0.10643,-0.046656,0.092191,8.8295
3.4694,2.0082,0.10644,-0.046508,0.092433,8.8305
3.4694,2.0082,0.10644,-0.046365,0.092709,8.8268
3.4695,2.0082,0.10645,-0.046227,0.093006,8.8294
3.4695,2.0082,0.10645,-0.046096,0.093345,8.8431
3.4696,2.0082,0.10646,-0.045966,0.093692,8.8357
3.4696,2.0082,0.10646,-0.045845,0.093986,8.8344
3.4697,2.0082,0.10647,-0.045737,0.094252,8.8442
3.4697,2.0082,0.10647,-0.045642,0.09448,8.8327
3.4698,2.0082,0.10648,-0.045557,0.09468,8.825
3.4698,2.0082,0.10648,-0.045471,0.094867,8.8249
3.4699,2.0082,0.10649,-0.045384,0.095029,8.8163
3.4699,2.0082,0.10649,-0.045295,0.095209,8.8005
3.47,2.0082,0.1065,-0.045202,0.095387,8.8127
3.4701,2.0082,0.1065,-0.045115,0.095568,8.7996
3.4701,2.0082,0.10651,-0.045039,0.095742,8.7828
3.4702,2.0082,0.10651,-0.044969,0.095903,8.788
3.4702,2.0082,0.10652,-0.044901,0.096056,8.7888
3.4703,2.0082,0.10652,-0.044824,0.096199,8.7762
3.4703,2.0082,0.10653,-0.044745,0.096334,8.7746
3.4704,2.0082,0.10653,-0.044663,0.096459,8.7754
3.4704,2.0082,0.10654,-0.044578,0.096576,8.7624
3.4705,2.0082,0.10654,-0.044489,0.096684,8.761
3.4705,2.0082,0.10655,-0.0444,0.096782,8.7676
3.4706,2.0082,0.10655,-0.044312,0.096872,8.7623
3.4706,2.0082,0.10656,-0.044224,0.096952,8.7621
3.4707,2.0082,0.10656,-0.044134,0.097023,8.7814
3.4707,2.0082,0.10657,-0.044042,0.097085,8.7832
3.4708,2.0082,0.10657,-0.043946,0.097139,8.7779
3.4708,2.0082,0.10658,-0.043846,0.097183,8.7955
3.4709,2.0082,0.10658,-0.04374,0.097219,8.79
3.4709,2.0082,0.10659,-0.043634,0.097247,8.7877
3.471,2.0082,0.1066,-0.043527,0.097266,8.7927
3.4711,2.0082,0.1066,-0.043418,0.097277,8.7957
3.4711,2.0082,0.10661,-0.043307,0.09728,8.7901
3.4712,2.0082,0.10661,-0.043195,0.097275,8.7977
3.4712,2.0082,0.10662,-0.043081,0.097262,8.8089
3.4713,2.0082,0.10662,-0.042968,0.097244,8.797
3.4713,2.0082,0.10663,-0.042848,0.097217,8.7958
3.4714,2.0081,0.10663,-0.042728,0.097175,8.7994
3.4714,2.0081,0.10664,-0.042609,0.097116,8.7819
3.4715,2.0081,0.10664,-0.042487,0.097039,8.7713
3.4715,2.0081,0.10665,-0.042361,0.096944,8.7771
3.4716,2.0081,0.10665,-0.042236,0.096832,8.7722
3.4716,2.0081,0.10666,-0.042111,0.096705,8.7627
3.4717,2.0081,0.10666,-0.04199,0.096578,8.7717
3.4717,2.0081,0.10667,-0.041868,0.096445,8.7759
3.4718,2.0081,0.10667,-0.041754,0.096305,8.7657
3.4718,2.0081,0.10668,-0.041647,0.096157,8.771
3.4719,2.0081,0.10668,-0.04154,0.095999,8.7759
3.4719,2.0081,0.10669,-0.041431,0.09583,8.7687
3.472,2.0081,0.10669,-0.041325,0.095646,8.766
3.4721,2.0081,0.1067,-0.041215,0.095448,8.7845
3.4721,2.0081,0.1067,-0.041103,0.095243,8.7788
3.4722,2.0081,0.10671,-0.04099,0.095028,8.7764
3.4722,2.0081,0.10671,-0.040876,0.094803,8.8005
3.4723,2.0081,0.10672,-0.040761,0.094569,8.8106
3.4723,2.0081,0.10672,-0.040645,0.094311,8.801
3.4724,2.0081,0.10673,-0.040533,0.09407,8.8109
3.4724,2.0081,0.10673,-0.040416,0.093836,8.8156
3.4725,2.0081,0.10674,-0.040289,0.093594,8.8146
3.4725,2.0081,0.10674,-0.040149,0.093342,8.8131
3.4726,2.0081,0.10675,-0.03999,0.093081,8.822
3.4726,2.0081,0.10675,-0.039829,0.092797,8.8219
3.4727,2.0081,0.10676,-0.039665,0.092491,8.8251
3.4727,2.0081,0.10676,-0.0395,0.092155,8.8326
3.4728,2.0081,0.10677,-0.039351,0.091824,8.8236
3.4728,2.0081,0.10677,-0.039209,0.09148,8.8219
3.4729,2.0081,0.10678,-0.039064,0.091126,8.8324
3.4729,2.0081,0.10678,-0.038925,0.090752,8.8193
3.473,2.0081,0.10678,-0.038783,0.090394,8.8167
3.4731,2.0081,0.10679,-0.038649,0.09004,8.8196
3.4731,2.0081,0.10679,-0.038512,0.089685,8.8132
3.4732,2.0081,0.1068,-0.038363,0.089324,8.8019
3.4732,2.0081,0.1068,-0.038228,0.088949,8.8131
3.4733,2.0081,0.10681,-0.03809,0.088554,8.8188
3.4733,2.0081,0.10681,-0.037954,0.088168,8.8194
3.4734,2.0081,0.10682,-0.037828,0.087766,8.8215
3.4734,2.0081,0.10682,-0.037699,0.087381,8.8311
3.4735,2.0081,0.10683,-0.037566,0.086976,8.8257
3.4735,2.0081,0.10683,-0.03743,0.08657,8.8252
3.4736,2.0081,0.10684,-0.03729,0.08617,8.8276
3.4736,2.0081,0.10684,-0.037161,0.085789,8.8297
3.4737,2.0081,0.10685,-0.037034,0.085421,8.8372
3.4737,2.0081,0.10685,-0.036921,0.085101,8.85
3.4738,2.0081,0.10685,-0.036813,0.084795,8.846
3.4738,2.0081,0.10686,-0.036706,0.084496,8.8471
3.4739,2.008,0.10686,-0.036606,0.084185,8.8589
3.4739,2.008,0.10687,-0.036507,0.083881,8.861
3.474,2.008,0.10687,-0.036409,0.083581,8.8571
3.4741,2.008,0.10688,-0.036314,0.083283,8.857
3.4741,2.008,0.10688,-0.036222,0.082979,8.8677
3.4742,2.008,0.10688,-0.036135,0.082675,8.8536
3.4742,2.008,0.10689,-0.036055,0.082372,8.8527
3.4743,2.008,0.10689,-0.035982,0.082078,8.8607
3.4743,2.008,0.1069,-0.03591,0.081785,8.8571
3.4744,2.008,0.1069,-0.035842,0.081491,8.8473
3.4744,2.008,0.10691,-0.035767,0.081205,8.8522
3.4745,2.008,0.10691,-0.035694,0.080923,8.8391
3.4745,2.008,0.10691,-0.035619,0.080646,8.8297
3.4746,2.008,0.10692,-0.035548,0.08037,8.829
3.4746,2.008,0.10692,-0.03548,0.080105,8.8313
3.4747,2.008,0.10693,-0.035408,0.079844,8.8238
3.4747,2.008,0.10693,-0.035331,0.079573,8.8308
3.4748,2.008,0.10694,-0.035248,0.0793,8.8417
3.4748,2.008,0.10694,-0.035163,0.07903,8.8347
3.4749,2.008,0.10694,-0.035084,0.078776,8.8379
3.4749,2.008,0.10695,-0.034999,0.078529,8.8444
3.475,2.008,0.10695,-0.034935,0.078284,8.8403
3.4751,2.008,0.10696,-0.034875,0.078042,8.8383
3.4751,2.008,0.10696,-0.034816,0.077813,8.8467
3.4752,2.008,0.10696,-0.03476,0.077577,8.8444
3.4752,2.008,0.10697,-0.034706,0.077348,8.843
3.4753,2.008,0.10697,-0.034662,0.077115,8.8552
3.4753,2.008,0.10698,-0.034625,0.076893,8.8625
3.4754,2.008,0.10698,-0.034593,0.076673,8.8584
3.4754,2.008,0.10698,-0.034586,0.07645,8.8637
3.4755,2.008,0.10699,-0.034585,0.076232,8.8616
3.4755,2.008,0.10699,-0.034594,0.076023,8.8561
3.4756,2.008,0.107,-0.034609,0.075806,8.8545
3.4756,2.008,0.107,-0.034621,0.075594,8.8543
3.4757,2.008,0.107,-0.034623,0.075381,8.8401
3.4757,2.008,0.10701,-0.034617,0.075178,8.8407
3.4758,2.008,0.10701,-0.034604,0.074979,8.8506
3.4758,2.008,0.10702,-0.034584,0.074786,8.8399
3.4759,2.008,0.10702,-0.034564,0.074599,8.8285
3.4759,2.008,0.10702,-0.034546,0.074417,8.8383
3.476,2.008,0.10703,-0.034525,0.07424,8.8261
3.4761,2.008,0.10703,-0.034496,0.074069,8.8153
3.4761,2.008,0.10704,-0.034462,0.073904,8.8229
3.4762,2.008,0.10704,-0.034429,0.073744,8.8256
3.4762,2.008,0.10704,-0.034395,0.07359,8.8129
3.4763,2.008,0.10705,-0.034362,0.073442,8.826
3.4763,2.008,0.10705,-0.034331,0.0733,8.8256
3.4764,2.008,0.10706,-0.034297,0.073164,8.8265
3.4764,2.008,0.10706,-0.03426,0.073033,8.832
3.4765,2.008,0.10706,-0.034216,0.072908,8.8452
3.4765,2.008,0.10707,-0.03417,0.072789,8.8331
3.4766,2.008,0.10707,-0.034126,0.072675,8.8297
3.4766,2.008,0.10707,-0.034082,0.072568,8.8424
3.4767,2.008,0.10708,-0.034037,0.072467,8.8439
3.4767,2.0079,0.10708,-0.033993,0.072372,8.8376
3.4768,2.0079,0.10709,-0.033947,0.072284,8.8511
3.4768,2.0079,0.10709,-0.033902,0.072199,8.8484
3.4769,2.0079,0.10709,-0.033856,0.072127,8.8408
3.4769,2.0079,0.1071,-0.033811,0.072062,8.8526
3.477,2.0079,0.1071,-0.033765,0.072011,8.8534
3.4771,2.0079,0.10711,-0.03372,0.071972,8.8414
3.4771,2.0079,0.10711,-0.033676,0.07194,8.8406
3.4772,2.0079,0.10711,-0.033629,0.071912,8.8445
3.4772,2.0079,0.10712,-0.033582,0.071886,8.8345
3.4773,2.0079,0.10712,-0.033529,0.071872,8.8275
3.4773,2.0079,0.10712,-0.033473,0.071855,8.8338
3.4774,2.0079,0.10713,-0.033416,0.071799,8.8277
3.4774,2.0079,0.10713,-0.033357,0.071723,8.8323
3.4775,2.0079,0.10714,-0.033304,0.071638,8.8422
3.4775,2.0079,0.10714,-0.03326,0.071555,8.8268
3.4776,2.0079,0.10714,-0.033216,0.07149,8.8241
3.4776,2.0079,0.10715,-0.033179,0.071455,8.831
3.4777,2.0079,0.10715,-0.033145,0.071467,8.826
3.4777,2.0079,0.10715,-0.033113,0.071495,8.8143
3.4778,2.0079,0.10716,-0.033085,0.07153,8.8241
3.4778,2.0079,0.10716,-0.033057,0.071549,8.8287
3.4779,2.0079,0.10717,-0.033033,0.071557,8.8246
3.4779,2.0079,0.10717,-0.033004,0.07156,8.8373
3.478,2.0079,0.10717,-0.032967,0.071564,8.8451
3.4781,2.0079,0.10718,-0.032928,0.071591,8.8357
3.4781,2.0079,0.10718,-0.032886,0.07161,8.846
3.4782,2.0079,0.10718,-0.03284,0.071649,8.8494
3.4782,2.0079,0.10719,-0.032799,0.071683,8.8477
3.4783,2.0079,0.10719,-0.032759,0.071703,8.8518
3.4783,2.0079,0.1072,-0.032721,0.07171,8.8634
3.4784,2.0079,0.1072,-0.032682,0.0717,8.8675
3.4784,2.0079,0.1072,-0.032647,0.071662,8.8639
3.4785,2.0079,0.10721,-0.032618,0.071628,8.873
3.4785,2.0079,0.10721,-0.032591,0.071587,8.8732
3.4786,2.0079,0.10721,-0.032564,0.071581,8.8615
3.4786,2.0079,0.10722,-0.032541,0.071594,8.8655
3.4787,2.0079,0.10722,-0.032516,0.071675,8.8679
3.4787,2.0079,0.10723,-0.032487,0.071766,8.8511
3.4788,2.0079,0.10723,-0.032456,0.071856,8.8528
3.4788,2.0079,0.10723,-0.032423,0.071928,8.8631
3.4789,2.0079,0.10724,-0.032388,0.072001,8.8549
3.4789,2.0079,0.10724,-0.032356,0.072082,8.8537
3.479,2.0079,0.10724,-0.032328,0.072179,8.8607
3.4791,2.0079,0.10725,-0.032309,0.072313,8.8516
3.4791,2.0079,0.10725,-0.032299,0.072454,8.8484
3.4792,2.0079,0.10726,-0.032294,0.072586,8.8523
3.4792,2.0079,0.10726,-0.032294,0.072703,8.8578
3.4793,2.0079,0.10726,-0.032292,0.072796,8.8553
3.4793,2.0079,0.10727,-0.032288,0.072859,8.8611
3.4794,2.0079,0.10727,-0.032286,0.072879,8.8675
3.4794,2.0079,0.10728,-0.032287,0.072903,8.8661
3.4795,2.0079,0.10728,-0.032293,0.072941,8.8731
3.4795,2.0079,0.10728,-0.032311,0.072967,8.8805
3.4796,2.0079,0.10729,-0.032326,0.073011,8.8669
3.4796,2.0079,0.10729,-0.032332,0.073034,8.8658
3.4797,2.0079,0.10729,-0.032334,0.073077,8.8704
3.4797,2.0079,0.1073,-0.032338,0.073125,8.8636
3.4798,2.0078,0.1073,-0.032346,0.073163,8.8622
3.4798,2.0078,0.10731,-0.032351,0.07322,8.8721
3.4799,2.0078,0.10731,-0.032358,0.073275,8.8651
3.4799,2.0078,0.10731,-0.032364,0.073318,8.8612
3.48,2.0078,0.10732,-0.032358,0.07334,8.865
3.4801,2.0078,0.10732,-0.032331,0.073331,8.8664
3.4801,2.0078,0.10733,-0.032295,0.073339,8.8563
3.4802,2.0078,0.10733,-0.032255,0.073346,8.8628
3.4802,2.0078,0.10733,-0.032215,0.073352,8.8655
3.4803,2.0078,0.10734,-0.032171,0.073357,8.8534
3.4803,2.0078,0.10734,-0.032131,0.073361,8.8473
3.4804,2.0078,0.10734,-0.032092,0.073365,8.857
3.4804,2.0078,0.10735,-0.032057,0.073368,8.8502
3.4805,2.0078,0.10735,-0.03202,0.073371,8.8548
3.4805,2.0078,0.10736,-0.031981,0.073359,8.8589
3.4806,2.0078,0.10736,-0.031942,0.073358,8.8515
3.4806,2.0078,0.10736,-0.031902,0.073395,8.8384
3.4807,2.0078,0.10737,-0.031861,0.073456,8.8456
3.4807,2.0078,0.10737,-0.031815,0.073513,8.8528
3.4808,2.0078,0.10738,-0.031776,0.073576,8.8419
3.4808,2.0078,0.10738,-0.031743,0.07366,8.8464
3.4809,2.0078,0.10738,-0.031716,0.073725,8.8509
3.4809,2.0078,0.10739,-0.031681,0.073782,8.847
3.481,2.0078,0.10739,-0.031646,0.073841,8.8511
3.4811,2.0078,0.1074,-0.0316,0.073906,8.8553
3.4811,2.0078,0.1074,-0.031545,0.073942,8.8464
3.4812,2.0078,0.1074,-0.031479,0.073931,8.8456
3.4812,2.0078,0.10741,-0.031435,0.073899,8.8464
3.4813,2.0078,0.10741,-0.031399,0.07385,8.8351
3.4813,2.0078,0.10741,-0.031375,0.0738,8.8256
3.4814,2.0078,0.10742,-0.031355,0.073781,8.8279
3.4814,2.0078,0.10742,-0.031354,0.073755,8.8244
3.4815,2.0078,0.10743,-0.031349,0.073755,8.8207
3.4815,2.0078,0.10743,-0.031331,0.07375,8.8231
3.4816,2.0078,0.10743,-0.031291,0.073752,8.8237
3.4816,2.0078,0.10744,-0.031249,0.073763,8.8103
3.4817,2.0078,0.10744,-0.031195,0.073792,8.8162
3.4817,2.0078,0.10745,-0.031119,0.07385,8.8133
3.4818,2.0078,0.10745,-0.03104,0.073894,8.8027
3.4818,2.0078,0.10745,-0.030966,0.073884,8.8044
3.4819,2.0078,0.10746,-0.030886,0.073863,8.8126
3.4819,2.0078,0.10746,-0.030797,0.073829,8.8009
3.482,2.0078,0.10746,-0.030711,0.073778,8.8015
3.4821,2.0078,0.10747,-0.03064,0.073738,8.8211
3.4821,2.0078,0.10747,-0.030584,0.073748,8.8099
3.4822,2.0078,0.10748,-0.030521,0.073751,8.8044
3.4822,2.0078,0.10748,-0.030459,0.073744,8.8139
3.4823,2.0078,0.10748,-0.030389,0.073717,8.8088
3.4823,2.0078,0.10749,-0.030298,0.073695,8.801
3.4824,2.0078,0.10749,-0.030189,0.073696,8.8002
3.4824,2.0078,0.1075,-0.030074,0.073695,8.806
3.4825,2.0078,0.1075,-0.029964,0.073725,8.7975
3.4825,2.0078,0.1075,-0.029874,0.073761,8.8038
3.4826,2.0078,0.10751,-0.029791,0.073755,8.8047
3.4826,2.0078,0.10751,-0.029713,0.073705,8.7983
3.4827,2.0078,0.10752,-0.029655,0.073596,8.7934
3.4827,2.0078,0.10752,-0.029591,0.073475,8.79
3.4828,2.0078,0.10752,-0.029531,0.073348,8.7804
3.4828,2.0078,0.10753,-0.029479,0.073223,8.774
3.4829,2.0078,0.10753,-0.029431,0.073113,8.7825
3.4829,2.0078,0.10753,-0.029375,0.072997,8.7756
3.483,2.0077,0.10754,-0.029308,0.072876,8.7724
3.4831,2.0077,0.10754,-0.029229,0.072742,8.7856
3.4831,2.0077,0.10755,-0.029152,0.072591,8.7907
3.4832,2.0077,0.10755,-0.029044,0.072459,8.7761
3.4832,2.0077,0.10755,-0.02894,0.072306,8.7939
3.4833,2.0077,0.10756,-0.028832,0.072166,8.7973
3.4833,2.0077,0.10756,-0.028711,0.072044,8.7847
3.4834,2.0077,0.10757,-0.028601,0.071931,8.7916
3.4834,2.0077,0.10757,-0.028525,0.071808,8.8069
3.4835,2.0077,0.10757,-0.028471,0.071704,8.7978
3.4835,2.0077,0.10758,-0.028429,0.071608,8.7998
3.4836,2.0077,0.10758,-0.028386,0.071498,8.8206
3.4836,2.0077,0.10758,-0.028355,0.071365,8.8144
3.4837,2.0077,0.10759,-0.028314,0.071241,8.8036
3.4837,2.0077,0.10759,-0.028254,0.071118,8.8159
3.4838,2.0077,0.1076,-0.028202,0.07098,8.8143
3.4838,2.0077,0.1076,-0.028163,0.070804,8.8015
3.4839,2.0077,0.1076,-0.028131,0.070646,8.8143
3.4839,2.0077,0.10761,-0.028101,0.07051,8.8142
3.484,2.0077,0.10761,-0.028083,0.070402,8.8052
3.4841,2.0077,0.10761,-0.028083,0.070337,8.8097
3.4841,2.0077,0.10762,-0.028087,0.070324,8.8193
3.4842,2.0077,0.10762,-0.028087,0.070314,8.8105
3.4842,2.0077,0.10762,-0.028089,0.070297,8.8144
3.4843,2.0077,0.10763,-0.028093,0.070254,8.8204
3.4843,2.0077,0.10763,-0.028098,0.070223,8.8111
3.4844,2.0077,0.10764,-0.028105,0.070164,8.7975
3.4844,2.0077,0.10764,-0.028115,0.070101,8.8122
3.4845,2.0077,0.10764,-0.028126,0.070016,8.8046
3.4845,2.0077,0.10765,-0.028141,0.069947,8.8056
3.4846,2.0077,0.10765,-0.028154,0.069841,8.818
3.4846,2.0077,0.10765,-0.028168,0.069704,8.8172
3.4847,2.0077,0.10766,-0.028182,0.069584,8.8103
3.4847,2.0077,0.10766,-0.028204,0.069465,8.8137
3.4848,2.0077,0.10767,-0.02822,0.069348,8.8208
3.4848,2.0077,0.10767,-0.028233,0.069222,8.8123
3.4849,2.0077,0.10767,-0.028252,0.069084,8.8148
3.4849,2.0077,0.10768,-0.028266,0.06898,8.8218
3.485,2.0077,0.10768,-0.02828,0.06889,8.8136
3.4851,2.0077,0.10768,-0.028292,0.068797,8.8158
3.4851,2.0077,0.10769,-0.028299,0.068739,8.8323
3.4852,2.0077,0.10769,-0.028305,0.06867,8.8278
3.4852,2.0077,0.10769,-0.028295,0.068623,8.8235
3.4853,2.0077,0.1077,-0.028277,0.068548,8.829
3.4853,2.0077,0.1077,-0.028258,0.068482,8.8244
3.4854,2.0077,0.10771,-0.02823,0.068396,8.8094
3.4854,2.0077,0.10771,-0.028206,0.068292,8.8127
3.4855,2.0077,0.10771,-0.028182,0.068177,8.8131
3.4855,2.0077,0.10772,-0.028158,0.068064,8.7998
3.4856,2.0077,0.10772,-0.028133,0.067953,8.8098
3.4856,2.0077,0.10772,-0.028107,0.067856,8.8131
3.4857,2.0077,0.10773,-0.028082,0.067769,8.8028
3.4857,2.0077,0.10773,-0.028055,0.067702,8.8019
3.4858,2.0077,0.10773,-0.028029,0.067617,8.8068
3.4858,2.0077,0.10774,-0.028001,0.067542,8.8007
3.4859,2.0077,0.10774,-0.027974,0.067441,8.7991
3.4859,2.0077,0.10774,-0.027946,0.06732,8.8058
3.486,2.0077,0.10775,-0.027918,0.067187,8.8022
3.4861,2.0077,0.10775,-0.027889,0.06705,8.7979
3.4861,2.0077,0.10775,-0.027861,0.066915,8.8134
3.4862,2.0077,0.10776,-0.027831,0.066788,8.8203
3.4862,2.0077,0.10776,-0.027802,0.066676,8.8097
3.4863,2.0077,0.10777,-0.027772,0.066585,8.8194
3.4863,2.0077,0.10777,-0.027742,0.066476,8.8189
3.4864,2.0077,0.10777,-0.027714,0.066366,8.8061
3.4864,2.0077,0.10778,-0.027682,0.066252,8.8059
3.4865,2.0077,0.10778,-0.027648,0.066137,8.8057
3.4865,2.0077,0.10778,-0.027612,0.06602,8.7911
3.4866,2.0076,0.10779,-0.027576,0.065901,8.7945
3.4866,2.0076,0.10779,-0.02754,0.065779,8.8003
3.4867,2.0076,0.10779,-0.027506,0.065656,8.7981
3.4867,2.0076,0.1078,-0.027474,0.06553,8.7882
3.4868,2.0076,0.1078,-0.027446,0.065405,8.7932
3.4868,2.0076,0.1078,-0.027417,0.065272,8.7846
3.4869,2.0076,0.10781,-0.027387,0.065137,8.7752
3.4869,2.0076,0.10781,-0.027352,0.064991,8.779
3.487,2.0076,0.10781,-0.027311,0.064837,8.7782
3.4871,2.0076,0.10782,-0.027267,0.064679,8.7641
3.4871,2.0076,0.10782,-0.027223,0.06452,8.7725
3.4872,2.0076,0.10782,-0.027178,0.064365,8.7735
3.4872,2.0076,0.10783,-0.027136,0.064217,8.7638
3.4873,2.0076,0.10783,-0.0271,0.064069,8.7691
3.4873,2.0076,0.10783,-0.027068,0.063939,8.7758
3.4874,2.0076,0.10784,-0.027038,0.063795,8.7751
3.4874,2.0076,0.10784,-0.027009,0.06361,8.7686
3.4875,2.0076,0.10784,-0.026981,0.063399,8.7828
3.4875,2.0076,0.10785,-0.026951,0.063177,8.7853
3.4876,2.0076,0.10785,-0.026917,0.062959,8.7733
3.4876,2.0076,0.10785,-0.026881,0.062756,8.7903
3.4877,2.0076,0.10786,-0.02684,0.062582,8.7981
3.4877,2.0076,0.10786,-0.026799,0.062449,8.787
3.4878,2.0076,0.10786,-0.02676,0.062324,8.7994
3.4878,2.0076,0.10787,-0.02672,0.062184,8.8077
3.4879,2.0076,0.10787,-0.026683,0.062043,8.7998
3.4879,2.0076,0.10787,-0.02665,0.061902,8.798
3.488,2.0076,0.10788,-0.026623,0.06176,8.8061
3.4881,2.0076,0.10788,-0.026604,0.061618,8.793
3.4881,2.0076,0.10788,-0.026589,0.061475,8.7917
3.4882,2.0076,0.10789,-0.026578,0.061331,8.8024
3.4882,2.0076,0.10789,-0.026571,0.061187,8.8028
3.4883,2.0076,0.10789,-0.026561,0.061041,8.7905
3.4883,2.0076,0.1079,-0.026553,0.060895,8.7974
3.4884,2.0076,0.1079,-0.026544,0.060749,8.787
3.4884,2.0076,0.1079,-0.026534,0.060602,8.7792
3.4885,2.0076,0.10791,-0.026519,0.060454,8.7772
3.4885,2.0076,0.10791,-0.026503,0.060307,8.7739
3.4886,2.0076,0.10791,-0.026483,0.06016,8.7608
3.4886,2.0076,0.10792,-0.026469,0.060013,8.7639
3.4887,2.0076,0.10792,-0.026459,0.059866,8.7745
3.4887,2.0076,0.10792,-0.026462,0.059719,8.7668
3.4888,2.0076,0.10792,-0.026465,0.059573,8.7729
3.4888,2.0076,0.10793,-0.026475,0.059427,8.7811
3.4889,2.0076,0.10793,-0.026473,0.059282,8.7785
3.4889,2.0076,0.10793,-0.026465,0.059138,8.7825
3.489,2.0076,0.10794,-0.026455,0.058995,8.7926
3.4891,2.0076,0.10794,-0.026439,0.058853,8.7915
3.4891,2.0076,0.10794,-0.026421,0.058712,8.7929
3.4892,2.0076,0.10795,-0.0264,0.058574,8.8189
3.4892,2.0076,0.10795,-0.026371,0.058436,8.8246
3.4893,2.0076,0.10795,-0.026344,0.058301,8.8181
3.4893,2.0076,0.10796,-0.026307,0.058167,8.8256
3.4894,2.0076,0.10796,-0.026264,0.058035,8.834
3.4894,2.0076,0.10796,-0.026231,0.057905,8.8263
3.4895,2.0076,0.10797,-0.026207,0.057778,8.8256
3.4895,2.0076,0.10797,-0.026207,0.057653,8.8306
3.4896,2.0076,0.10797,-0.026214,0.05753,8.8197
3.4896,2.0076,0.10797,-0.026216,0.05741,8.8159
3.4897,2.0076,0.10798,-0.026211,0.057292,8.8306
3.4897,2.0076,0.10798,-0.026209,0.057177,8.8241
3.4898,2.0076,0.10798,-0.02621,0.057065,8.8242
3.4898,2.0076,0.10799,-0.02622,0.056956,8.8296
3.4899,2.0076,0.10799,-0.026242,0.056851,8.8202
3.4899,2.0076,0.10799,-0.026281,0.056748,8.8131
3.49,2.0076,0.108,-0.026324,0.056648,8.8183
3.4901,2.0076,0.108,-0.026358,0.056552,8.817
3.4901,2.0076,0.108,-0.026388,0.056459,8.8006
3.4902,2.0076,0.108,-0.026425,0.05637,8.8167
3.4902,2.0076,0.10801,-0.026467,0.056284,8.8214
3.4903,2.0076,0.10801,-0.026505,0.056201,8.8166
3.4903,2.0075,0.10801,-0.026545,0.056123,8.8249
3.4904,2.0075,0.10802,-0.026575,0.056047,8.8357
3.4904,2.0075,0.10802,-0.026598,0.055976,8.825
3.4905,2.0075,0.10802,-0.026617,0.055922,8.8292
3.4905,2.0075,0.10802,-0.026638,0.055864,8.8416
3.4906,2.0075,0.10803,-0.026655,0.055768,8.8382
3.4906,2.0075,0.10803,-0.026671,0.055647,8.8393
3.4907,2.0075,0.10803,-0.026696,0.055527,8.8559
3.4907,2.0075,0.10804,-0.026712,0.055398,8.8548
3.4908,2.0075,0.10804,-0.026714,0.055242,8.8515
3.4908,2.0075,0.10804,-0.026711,0.055099,8.8603
3.4909,2.0075,0.10805,-0.026722,0.05496,8.8667
3.4909,2.0075,0.10805,-0.026742,0.054812,8.8501
3.491,2.0075,0.10805,-0.026771,0.054654,8.8516
3.4911,2.0075,0.10805,-0.026806,0.054518,8.8549
3.4911,2.0075,0.10806,-0.026852,0.054428,8.8384
3.4912,2.0075,0.10806,-0.026876,0.054361,8.8368
3.4912,2.0075,0.10806,-0.026899,0.054315,8.8468
3.4913,2.0075,0.10807,-0.026924,0.054274,8.8388
3.4913,2.0075,0.10807,-0.026948,0.054206,8.8338
3.4914,2.0075,0.10807,-0.026945,0.054145,8.8424
3.4914,2.0075,0.10807,-0.026938,0.054061,8.8386
3.4915,2.0075,0.10808,-0.026927,0.053979,8.8316
3.4915,2.0075,0.10808,-0.026928,0.05389,8.8322
3.4916,2.0075,0.10808,-0.026935,0.05379,8.8389
3.4916,2.0075,0.10809,-0.026953,0.053667,8.8268
3.4917,2.0075,0.10809,-0.026999,0.053509,8.8374
3.4917,2.0075,0.10809,-0.027044,0.053356,8.8441
3.4918,2.0075,0.10809,-0.027078,0.053251,8.8346
3.4918,2.0075,0.1081,-0.027114,0.053154,8.8454
3.4919,2.0075,0.1081,-0.027158,0.053069,8.8533
3.4919,2.0075,0.1081,-0.027191,0.053001,8.8507
3.492,2.0075,0.1081,-0.027198,0.052922,8.8514
3.4921,2.0075,0.10811,-0.027164,0.052789,8.8556
3.4921,2.0075,0.10811,-0.027109,0.052656,8.852
3.4922,2.0075,0.10811,-0.027026,0.052527,8.8457
3.4922,2.0075,0.10812,-0.026938,0.052412,8.8573
3.4923,2.0075,0.10812,-0.026853,0.052284,8.8543
3.4923,2.0075,0.10812,-0.026792,0.052129,8.8553
3.4924,2.0075,0.10812,-0.026756,0.051976,8.864
3.4924,2.0075,0.10813,-0.02674,0.05179,8.8632
3.4925,2.0075,0.10813,-0.026732,0.051587,8.8494
3.4925,2.0075,0.10813,-0.026725,0.051421,8.8469
3.4926,2.0075,0.10813,-0.026709,0.051292,8.8494
3.4926,2.0075,0.10814,-0.026689,0.051218,8.8305
3.4927,2.0075,0.10814,-0.026654,0.051161,8.8315
3.4927,2.0075,0.10814,-0.026616,0.051117,8.8403
3.4928,2.0075,0.10815,-0.026588,0.051077,8.834
3.4928,2.0075,0.10815,-0.026564,0.051024,8.8314
3.4929,2.0075,0.10815,-0.026557,0.050977,8.8357
3.4929,2.0075,0.10815,-0.026548,0.050945,8.8337
3.493,2.0075,0.10816,-0.026537,0.050935,8.8284
3.4931,2.0075,0.10816,-0.02654,0.050955,8.8346
3.4931,2.0075,0.10816,-0.026549,0.050968,8.827
3.4932,2.0075,0.10816,-0.026565,0.051001,8.8195
3.4932,2.0075,0.10817,-0.026592,0.051018,8.8319
3.4933,2.0075,0.10817,-0.026644,0.051023,8.8403
3.4933,2.0075,0.10817,-0.026708,0.051024,8.8372
3.4934,2.0075,0.10818,-0.026751,0.051041,8.8437
3.4934,2.0075,0.10818,-0.02679,0.051042,8.8519
3.4935,2.0075,0.10818,-0.026833,0.051042,8.8408
3.4935,2.0075,0.10818,-0.026873,0.051053,8.8402
3.4936,2.0075,0.10819,-0.026902,0.051089,8.8466
3.4936,2.0075,0.10819,-0.026941,0.05112,8.8394
3.4937,2.0075,0.10819,-0.027007,0.051167,8.8274
3.4937,2.0075,0.10819,-0.027073,0.051237,8.84
3.4938,2.0075,0.1082,-0.027127,0.051354,8.8377
3.4938,2.0075,0.1082,-0.027179,0.051456,8.8295
3.4939,2.0075,0.1082,-0.027228,0.051538,8.8351
3.4939,2.0075,0.1082,-0.027269,0.05159,8.8348
3.494,2.0075,0.10821,-0.027289,0.051606,8.8201
3.4941,2.0074,0.10821,-0.027306,0.051572,8.8238
3.4941,2.0074,0.10821,-0.027327,0.051536,8.8243
3.4942,2.0074,0.10822,-0.027349,0.051507,8.8136
3.4942,2.0074,0.10822,-0.027378,0.051502,8.8164
3.4943,2.0074,0.10822,-0.027417,0.051488,8.8223
3.4943,2.0074,0.10822,-0.027458,0.051494,8.8158
3.4944,2.0074,0.10823,-0.027501,0.051495,8.8106
3.4944,2.0074,0.10823,-0.027534,0.051514,8.8226
3.4945,2.0074,0.10823,-0.027556,0.051518,8.8198
3.4945,2.0074,0.10823,-0.027572,0.051554,8.8154
3.4946,2.0074,0.10824,-0.027587,0.051628,8.8253
3.4946,2.0074,0.10824,-0.027607,0.051699,8.8268
3.4947,2.0074,0.10824,-0.027632,0.051779,8.82
3.4947,2.0074,0.10825,-0.027658,0.051863,8.8331
3.4948,2.0074,0.10825,-0.027683,0.05195,8.8395
3.4948,2.0074,0.10825,-0.027712,0.052049,8.8319
3.4949,2.0074,0.10825,-0.027742,0.052119,8.8447
3.4949,2.0074,0.10826,-0.027777,0.052177,8.8631
3.495,2.0074,0.10826,-0.027813,0.052232,8.858
3.4951,2.0074,0.10826,-0.027851,0.052255,8.8591
3.4951,2.0074,0.10826,-0.027889,0.052276,8.8699
3.4952,2.0074,0.10827,-0.027926,0.052275,8.8651
3.4952,2.0074,0.10827,-0.02796,0.052288,8.8574
3.4953,2.0074,0.10827,-0.027999,0.052287,8.8635
3.4953,2.0074,0.10828,-0.028037,0.05231,8.8601
3.4954,2.0074,0.10828,-0.028079,0.052351,8.8618
3.4954,2.0074,0.10828,-0.028124,0.052405,8.8671
3.4955,2.0074,0.10828,-0.028175,0.052464,8.8682
3.4955,2.0074,0.10829,-0.02823,0.052523,8.858
3.4956,2.0074,0.10829,-0.028287,0.052573,8.8642
3.4956,2.0074,0.10829,-0.028341,0.052608,8.8673
3.4957,2.0074,0.1083,-0.028395,0.052619,8.8579
3.4957,2.0074,0.1083,-0.02845,0.052644,8.8569
3.4958,2.0074,0.1083,-0.02851,0.052655,8.8665
3.4958,2.0074,0.1083,-0.028575,0.052689,8.8566
3.4959,2.0074,0.10831,-0.028645,0.052742,8.8615
3.4959,2.0074,0.10831,-0.028719,0.052807,8.8758
3.496,2.0074,0.10831,-0.028788,0.052877,8.8707
3.4961,2.0074,0.10831,-0.028852,0.052947,8.8725
3.4961,2.0074,0.10832,-0.028915,0.053009,8.8802
3.4962,2.0074,0.10832,-0.028979,0.053056,8.8853
3.4962,2.0074,0.10832,-0.029046,0.053079,8.871
3.4963,2.0074,0.10833,-0.029122,0.053117,8.88
3.4963,2.0074,0.10833,-0.029194,0.053156,8.8794
3.4964,2.0074,0.10833,-0.029264,0.053196,8.8642
3.4964,2.0074,0.10833,-0.029334,0.053236,8.8712
3.4965,2.0074,0.10834,-0.029407,0.053276,8.8811
3.4965,2.0074,0.10834,-0.029479,0.053317,8.8689
3.4966,2.0074,0.10834,-0.029551,0.053358,8.8656
3.4966,2.0074,0.10835,-0.029621,0.0534,8.8776
3.4967,2.0074,0.10835,-0.02969,0.053443,8.8671
3.4967,2.0074,0.10835,-0.029756,0.053487,8.8541
3.4968,2.0074,0.10835,-0.029815,0.053531,8.8572
3.4968,2.0074,0.10836,-0.029876,0.053577,8.8535
3.4969,2.0074,0.10836,-0.029941,0.053623,8.8474
3.4969,2.0074,0.10836,-0.030007,0.05367,8.85
3.497,2.0074,0.10837,-0.030076,0.053717,8.8514
3.4971,2.0074,0.10837,-0.03014,0.053765,8.8386
3.4971,2.0074,0.10837,-0.030206,0.053813,8.8413
3.4972,2.0074,0.10837,-0.030272,0.05386,8.8501
3.4972,2.0074,0.10838,-0.030334,0.053906,8.8434
3.4973,2.0074,0.10838,-0.030391,0.053937,8.839
3.4973,2.0074,0.10838,-0.03045,0.053977,8.8446
3.4974,2.0074,0.10838,-0.030509,0.054057,8.8393
3.4974,2.0074,0.10839,-0.030569,0.054166,8.843
3.4975,2.0074,0.10839,-0.030636,0.054292,8.8547
3.4975,2.0073,0.10839,-0.030712,0.054422,8.849
3.4976,2.0073,0.1084,-0.030795,0.054541,8.841
3.4976,2.0073,0.1084,-0.030886,0.054636,8.8466
3.4977,2.0073,0.1084,-0.030974,0.05469,8.8397
3.4977,2.0073,0.1084,-0.031067,0.054733,8.8277
3.4978,2.0073,0.10841,-0.031163,0.05479,8.8321
3.4978,2.0073,0.10841,-0.03126,0.054847,8.8375
3.4979,2.0073,0.10841,-0.03136,0.054903,8.825
3.4979,2.0073,0.10842,-0.031459,0.054959,8.8275
3.498,2.0073,0.10842,-0.031553,0.055014,8.8299
3.4981,2.0073,0.10842,-0.031645,0.055082,8.8235
3.4981,2.0073,0.10843,-0.031723,0.055126,8.8214
3.4982,2.0073,0.10843,-0.031801,0.055168,8.8197
3.4982,2.0073,0.10843,-0.031876,0.055176,8.8073
3.4983,2.0073,0.10843,-0.031942,0.055167,8.7974
3.4983,2.0073,0.10844,-0.032002,0.055155,8.8024
3.4984,2.0073,0.10844,-0.032057,0.055152,8.7989
3.4984,2.0073,0.10844,-0.032108,0.055172,8.7902
3.4985,2.0073,0.10845,-0.032163,0.055227,8.8034
3.4985,2.0073,0.10845,-0.032215,0.055285,8.808
3.4986,2.0073,0.10845,-0.032268,0.055366,8.7927
3.4986,2.0073,0.10845,-0.03231,0.055431,8.7981
3.4987,2.0073,0.10846,-0.032342,0.055497,8.8017
3.4987,2.0073,0.10846,-0.032378,0.055561,8.7927
3.4988,2.0073,0.10846,-0.032408,0.055626,8.7961
3.4988,2.0073,0.10847,-0.032451,0.055689,8.8038
3.4989,2.0073,0.10847,-0.032501,0.055753,8.7965
3.4989,2.0073,0.10847,-0.032549,0.055815,8.7976
3.499,2.0073,0.10847,-0.0326,0.055877,8.8104
3.4991,2.0073,0.10848,-0.032654,0.055937,8.8102
3.4991,2.0073,0.10848,-0.032719,0.055997,8.8088
3.4992,2.0073,0.10848,-0.032802,0.056056,8.8154
3.4992,2.0073,0.10849,-0.032895,0.056113,8.8083
3.4993,2.0073,0.10849,-0.033005,0.05617,8.8009
3.4993,2.0073,0.10849,-0.033122,0.056226,8.8031
3.4994,2.0073,0.1085,-0.033232,0.056281,8.801
3.4994,2.0073,0.1085,-0.033333,0.056335,8.7888
3.4995,2.0073,0.1085,-0.033415,0.056389,8.7965
3.4995,2.0073,0.1085,-0.033485,0.056441,8.8029
3.4996,2.0073,0.10851,-0.033555,0.056491,8.7855
3.4996,2.0073,0.10851,-0.033629,0.056541,8.7859
3.4997,2.0073,0.10851,-0.033696,0.056589,8.7928
3.4997,2.0073,0.10852,-0.033764,0.056636,8.7831
3.4998,2.0073,0.10852,-0.033821,0.056682,8.7775
3.4998,2.0073,0.10852,-0.03386,0.056727,8.7846
3.4999,2.0073,0.10853,-0.033882,0.056771,8.7778
3.4999,2.0073,0.10853,-0.033896,0.056813,8.7646
3.5,2.0073,0.10853,-0.033915,0.056855,8.7872
3.5001,2.0073,0.10853,-0.033941,0.056895,8.7916
3.5001,2.0073,0.10854,-0.033964,0.056935,8.7833
3.5002,2.0073,0.10854,-0.03399,0.056973,8.8005
3.5002,2.0073,0.10854,-0.03402,0.05701,8.8008
3.5003,2.0073,0.10855,-0.034038,0.057046,8.7973
3.5003,2.0073,0.10855,-0.03406,0.057081,8.7951
3.5004,2.0073,0.10855,-0.03409,0.057115,8.8079
3.5004,2.0073,0.10856,-0.034125,0.057148,8.8073
3.5005,2.0073,0.10856,-0.034159,0.05718,8.8045
3.5005,2.0073,0.10856,-0.034203,0.057212,8.8156
3.5006,2.0072,0.10856,-0.034255,0.057242,8.8228
3.5006,2.0072,0.10857,-0.03431,0.057271,8.8142
3.5007,2.0072,0.10857,-0.034365,0.057298,8.8216
3.5007,2.0072,0.10857,-0.034428,0.057325,8.82
3.5008,2.0072,0.10858,-0.034491,0.05735,8.8142
3.5008,2.0072,0.10858,-0.034545,0.057374,8.8131
3.5009,2.0072,0.10858,-0.034584,0.057396,8.8105
3.5009,2.0072,0.10859,-0.034619,0.057418,8.8003
3.501,2.0072,0.10859,-0.03465,0.057438,8.8085
3.5011,2.0072,0.10859,-0.034673,0.057458,8.8144
3.5011,2.0072,0.10859,-0.034692,0.057477,8.8052
3.5012,2.0072,0.1086,-0.034696,0.057495,8.8048
3.5012,2.0072,0.1086,-0.034687,0.057512,8.8134
3.5013,2.0072,0.1086,-0.034669,0.057528,8.7985
3.5013,2.0072,0.10861,-0.034653,0.057543,8.7927
3.5014,2.0072,0.10861,-0.034635,0.057557,8.7989
3.5014,2.0072,0.10861,-0.034622,0.05757,8.7942
3.5015,2.0072,0.10862,-0.034607,0.057583,8.7924
3.5015,2.0072,0.10862,-0.034577,0.057595,8.8032
3.5016,2.0072,0.10862,-0.034536,0.057605,8.809
3.5016,2.0072,0.10862,-0.034486,0.057615,8.8042
3.5017,2.0072,0.10863,-0.03443,0.057624,8.8134
3.5017,2.0072,0.10863,-0.034376,0.057632,8.8206
3.5018,2.0072,0.10863,-0.034318,0.057639,8.8139
3.5018,2.0072,0.10864,-0.034248,0.057646,8.8123
3.5019,2.0072,0.10864,-0.034173,0.057651,8.8216
3.5019,2.0072,0.10864,-0.034096,0.057655,8.8105
3.502,2.0072,0.10865,-0.034032,0.057658,8.811
3.5021,2.0072,0.10865,-0.033985,0.057661,8.8227
3.5021,2.0072,0.10865,-0.033959,0.057662,8.8217
3.5022,2.0072,0.10866,-0.033945,0.057662,8.8171
3.5022,2.0072,0.10866,-0.033943,0.057661,8.8297
3.5023,2.0072,0.10866,-0.033943,0.057659,8.8186
3.5023,2.0072,0.10866,-0.033942,0.057655,8.8018
3.5024,2.0072,0.10867,-0.033939,0.057651,8.8059
3.5024,2.0072,0.10867,-0.033934,0.057645,8.8109
3.5025,2.0072,0.10867,-0.033934,0.057638,8.7927
3.5025,2.0072,0.10868,-0.033945,0.05763,8.8019
3.5026,2.0072,0.10868,-0.033949,0.057622,8.8047
3.5026,2.0072,0.10868,-0.033956,0.057613,8.8013
3.5027,2.0072,0.10869,-0.033954,0.057603,8.8015
3.5027,2.0072,0.10869,-0.033936,0.057592,8.8089
3.5028,2.0072,0.10869,-0.033904,0.057581,8.7984
3.5028,2.0072,0.10869,-0.033858,0.057569,8.796
3.5029,2.0072,0.1087,-0.033823,0.057557,8.7989
3.5029,2.0072,0.1087,-0.033812,0.057545,8.799
3.503,2.0072,0.1087,-0.033803,0.057532,8.7868
3.5031,2.0072,0.10871,-0.033805,0.057519,8.7969
3.5031,2.0072,0.10871,-0.033807,0.057506,8.7998
3.5032,2.0072,0.10871,-0.033811,0.057493,8.7903
3.5032,2.0072,0.10872,-0.033807,0.057479,8.7959
3.5033,2.0072,0.10872,-0.033788,0.057465,8.8044
3.5033,2.0072,0.10872,-0.033777,0.057451,8.7914
3.5034,2.0072,0.10872,-0.033762,0.057437,8.7906
3.5034,2.0072,0.10873,-0.033737,0.057422,8.7971
3.5035,2.0071,0.10873,-0.033701,0.057407,8.7846
3.5035,2.0071,0.10873,-0.033667,0.057392,8.7841
3.5036,2.0071,0.10874,-0.033632,0.057376,8.7969
3.5036,2.0071,0.10874,-0.033596,0.05736,8.7877
3.5037,2.0071,0.10874,-0.033559,0.057344,8.7836
3.5037,2.0071,0.10875,-0.033532,0.057328,8.7906
3.5038,2.0071,0.10875,-0.033501,0.057311,8.7822
3.5038,2.0071,0.10875,-0.033476,0.057293,8.7733
3.5039,2.0071,0.10875,-0.033445,0.057275,8.7707
3.5039,2.0071,0.10876,-0.033425,0.057257,8.7676
3.504,2.0071,0.10876,-0.033409,0.057238,8.7535
3.5041,2.0071,0.10876,-0.033402,0.057219,8.7656
3.5041,2.0071,0.10877,-0.033403,0.0572,8.7708
3.5042,2.0071,0.10877,-0.033395,0.05718,8.7637
3.5042,2.0071,0.10877,-0.033376,0.057161,8.772
3.5043,2.0071,0.10878,-0.033359,0.057142,8.7799
3.5043,2.0071,0.10878,-0.03334,0.057123,8.7715
3.5044,2.0071,0.10878,-0.033321,0.057105,8.77
3.5044,2.0071,0.10879,-0.03331,0.057086,8.7733
3.5045,2.0071,0.10879,-0.033308,0.057068,8.7796
3.5045,2.0071,0.10879,-0.033313,0.05705,8.7677
3.5046,2.0071,0.10879,-0.03332,0.057033,8.7838
3.5046,2.0071,0.1088,-0.033323,0.057015,8.7922
3.5047,2.0071,0.1088,-0.033328,0.056998,8.7846
3.5047,2.0071,0.1088,-0.033328,0.05698,8.7957
3.5048,2.0071,0.10881,-0.033317,0.056963,8.8006
3.5048,2.0071,0.10881,-0.033301,0.056946,8.7907
3.5049,2.0071,0.10881,-0.033282,0.056928,8.785
3.5049,2.0071,0.10882,-0.033263,0.056911,8.7836
3.505,2.0071,0.10882,-0.033245,0.056893,8.7833
3.5051,2.0071,0.10882,-0.033232,0.056875,8.7798
3.5051,2.0071,0.10882,-0.033227,0.056857,8.7887
3.5052,2.0071,0.10883,-0.033219,0.056839,8.7862
3.5052,2.0071,0.10883,-0.0332,0.05682,8.7802
3.5053,2.0071,0.10883,-0.033174,0.056802,8.7843
3.5053,2.0071,0.10884,-0.033133,0.056784,8.7815
3.5054,2.0071,0.10884,-0.033088,0.056766,8.7726
3.5054,2.0071,0.10884,-0.033036,0.056748,8.7722
3.5055,2.0071,0.10884,-0.032999,0.05673,8.7737
3.5055,2.0071,0.10885,-0.032976,0.056712,8.7592
3.5056,2.0071,0.10885,-0.032973,0.056694,8.7605
3.5056,2.0071,0.10885,-0.032986,0.056677,8.7716
3.5057,2.0071,0.10886,-0.033011,0.056661,8.7713
3.5057,2.0071,0.10886,-0.033039,0.056644,8.7772
3.5058,2.0071,0.10886,-0.033064,0.056629,8.7922
3.5058,2.0071,0.10887,-0.03308,0.056614,8.7856
3.5059,2.0071,0.10887,-0.033084,0.0566,8.7932
3.5059,2.0071,0.10887,-0.033079,0.056586,8.802
3.506,2.0071,0.10887,-0.033063,0.056573,8.8035
3.5061,2.0071,0.10888,-0.033035,0.05656,8.8004
3.5061,2.0071,0.10888,-0.033004,0.056548,8.8218
3.5062,2.0071,0.10888,-0.032979,0.056536,8.8209
3.5062,2.0071,0.10889,-0.032955,0.056524,8.812
3.5063,2.0071,0.10889,-0.032942,0.056512,8.8215
3.5063,2.0071,0.10889,-0.032933,0.056501,8.8283
3.5064,2.0071,0.1089,-0.03292,0.05649,8.8194
3.5064,2.0071,0.1089,-0.03289,0.056479,8.8211
3.5065,2.0071,0.1089,-0.032857,0.056468,8.829
3.5065,2.007,0.1089,-0.032828,0.056457,8.8157
3.5066,2.007,0.10891,-0.032815,0.056446,8.8087
3.5066,2.007,0.10891,-0.032815,0.056435,8.8264
3.5067,2.007,0.10891,-0.032815,0.056424,8.8209
3.5067,2.007,0.10892,-0.032808,0.056414,8.8196
3.5068,2.007,0.10892,-0.032795,0.056402,8.833
3.5068,2.007,0.10892,-0.032777,0.056391,8.832
3.5069,2.007,0.10893,-0.032759,0.05638,8.8225
3.5069,2.007,0.10893,-0.032749,0.056368,8.8299
3.507,2.007,0.10893,-0.032761,0.056356,8.8298
3.5071,2.007,0.10893,-0.032784,0.056344,8.8185
3.5071,2.007,0.10894,-0.032823,0.056332,8.8264
3.5072,2.007,0.10894,-0.032861,0.05632,8.8341
3.5072,2.007,0.10894,-0.03292,0.056308,8.8293
3.5073,2.007,0.10895,-0.032971,0.056297,8.839
3.5073,2.007,0.10895,-0.033017,0.056286,8.8512
3.5074,2.007,0.10895,-0.033063,0.056275,8.851
3.5074,2.007,0.10895,-0.033105,0.056265,8.8481
3.5075,2.007,0.10896,-0.033145,0.056255,8.8573
3.5075,2.007,0.10896,-0.033189,0.056246,8.8621
3.5076,2.007,0.10896,-0.033223,0.056238,8.8512
3.5076,2.007,0.10897,-0.033264,0.05623,8.8595
3.5077,2.007,0.10897,-0.033292,0.056222,8.8649
3.5077,2.007,0.10897,-0.033317,0.056215,8.8568
3.5078,2.007,0.10898,-0.033338,0.056208,8.8568
3.5078,2.007,0.10898,-0.033363,0.056202,8.859
3.5079,2.007,0.10898,-0.033372,0.056195,8.8511
3.5079,2.007,0.10898,-0.033376,0.056189,8.8519
3.508,2.007,0.10899,-0.033387,0.056169,8.8496
3.5081,2.007,0.10899,-0.0334,0.056173,8.836
3.5081,2.007,0.10899,-0.033397,0.056181,8.8269
3.5082,2.007,0.109,-0.033384,0.056224,8.8345
3.5082,2.007,0.109,-0.033376,0.056292,8.8339
3.5083,2.007,0.109,-0.033374,0.05637,8.831
3.5083,2.007,0.10901,-0.033358,0.056446,8.8328
3.5084,2.007,0.10901,-0.033344,0.056505,8.8344
3.5084,2.007,0.10901,-0.033333,0.056533,8.8314
3.5085,2.007,0.10901,-0.033319,0.056559,8.8323
3.5085,2.007,0.10902,-0.033294,0.056561,8.8314
3.5086,2.007,0.10902,-0.033275,0.056578,8.8221
3.5086,2.007,0.10902,-0.033267,0.056595,8.8258
3.5087,2.007,0.10903,-0.033262,0.056613,8.8311
3.5087,2.007,0.10903,-0.033267,0.056631,8.8234
3.5088,2.007,0.10903,-0.033275,0.05665,8.8354
3.5088,2.007,0.10904,-0.03329,0.056669,8.8479
3.5089,2.007,0.10904,-0.033316,0.056688,8.8363
3.5089,2.007,0.10904,-0.033346,0.056708,8.8394
3.509,2.007,0.10904,-0.033376,0.056729,8.8448
3.5091,2.007,0.10905,-0.033397,0.05675,8.833
3.5091,2.007,0.10905,-0.033409,0.056772,8.8222
3.5092,2.007,0.10905,-0.033414,0.056794,8.8327
3.5092,2.007,0.10906,-0.033416,0.056817,8.8293
3.5093,2.007,0.10906,-0.033423,0.056841,8.8233
3.5093,2.007,0.10906,-0.033436,0.056865,8.821
3.5094,2.007,0.10906,-0.033452,0.056889,8.8288
3.5094,2.007,0.10907,-0.033467,0.056915,8.8184
3.5095,2.007,0.10907,-0.033484,0.05694,8.8144
3.5095,2.0069,0.10907,-0.033499,0.056967,8.8161
3.5096,2.0069,0.10908,-0.03351,0.056994,8.8068
3.5096,2.0069,0.10908,-0.03353,0.057023,8.8088
3.5097,2.0069,0.10908,-0.033551,0.057051,8.8142
3.5097,2.0069,0.10909,-0.033575,0.057081,8.8114
3.5098,2.0069,0.10909,-0.033612,0.057111,8.8116
3.5098,2.0069,0.10909,-0.033654,0.057142,8.8264
3.5099,2.0069,0.10909,-0.033704,0.057173,8.8308
3.5099,2.0069,0.1091,-0.033758,0.057205,8.8266
3.51,2.0069,0.1091,-0.033806,0.057237,8.8355
3.5101,2.0069,0.1091,-0.033858,0.05727,8.8344
3.5101,2.0069,0.10911,-0.033906,0.057304,8.837
3.5102,2.0069,0.10911,-0.033948,0.057338,8.8352
3.5102,2.0069,0.10911,-0.033997,0.057372,8.8495
3.5103,2.0069,0.10912,-0.034046,0.057407,8.8432
3.5103,2.0069,0.10912,-0.034095,0.057442,8.8512
3.5104,2.0069,0.10912,-0.034147,0.057477,8.8613
3.5104,2.0069,0.10913,-0.034199,0.057512,8.8493
3.5105,2.0069,0.10913,-0.034255,0.057548,8.848
3.5105,2.0069,0.10913,-0.034308,0.057583,8.8521
3.5106,2.0069,0.10913,-0.034358,0.057619,8.8441
3.5106,2.0069,0.10914,-0.034409,0.057655,8.8362
3.5107,2.0069,0.10914,-0.034454,0.057692,8.8432
3.5107,2.0069,0.10914,-0.03449,0.05773,8.8431
3.5108,2.0069,0.10915,-0.034516,0.057769,8.8301
3.5108,2.0069,0.10915,-0.034541,0.057809,8.8331
3.5109,2.0069,0.10915,-0.034567,0.057849,8.8393
3.5109,2.0069,0.10916,-0.034593,0.057889,8.8279
3.511,2.0069,0.10916,-0.034626,0.05793,8.8324
3.5111,2.0069,0.10916,-0.034672,0.057971,8.8406
3.5111,2.0069,0.10916,-0.034728,0.058012,8.8309
3.5112,2.0069,0.10917,-0.034786,0.058053,8.8277
3.5112,2.0069,0.10917,-0.03484,0.058094,8.8375
3.5113,2.0069,0.10917,-0.034897,0.058135,8.8262
3.5113,2.0069,0.10918,-0.034957,0.058177,8.8237
3.5114,2.0069,0.10918,-0.035018,0.058218,8.8421
3.5114,2.0069,0.10918,-0.035082,0.05826,8.8432
3.5115,2.0069,0.10919,-0.03515,0.058315,8.8372
3.5115,2.0069,0.10919,-0.035222,0.058347,8.8545
3.5116,2.0069,0.10919,-0.03529,0.058362,8.852
3.5116,2.0069,0.1092,-0.035357,0.058369,8.8491
3.5117,2.0069,0.1092,-0.035418,0.058375,8.8552
3.5117,2.0069,0.1092,-0.035482,0.058385,8.8594
3.5118,2.0069,0.1092,-0.03555,0.058408,8.8483
3.5118,2.0069,0.10921,-0.035623,0.058462,8.8605
3.5119,2.0069,0.10921,-0.035701,0.058529,8.8696
3.5119,2.0069,0.10921,-0.035787,0.058542,8.8652
3.512,2.0069,0.10922,-0.035875,0.05853,8.8549
3.5121,2.0069,0.10922,-0.035961,0.058522,8.8641
3.5121,2.0069,0.10922,-0.036043,0.058495,8.8608
3.5122,2.0069,0.10923,-0.036118,0.058469,8.8441
3.5122,2.0069,0.10923,-0.036185,0.058465,8.8545
3.5123,2.0069,0.10923,-0.036243,0.058501,8.8481
3.5123,2.0069,0.10924,-0.036294,0.058551,8.8354
3.5124,2.0069,0.10924,-0.036343,0.058599,8.8542
3.5124,2.0068,0.10924,-0.036388,0.058665,8.8544
3.5125,2.0068,0.10924,-0.036432,0.058754,8.8472
3.5125,2.0068,0.10925,-0.036474,0.058828,8.8519
3.5126,2.0068,0.10925,-0.036523,0.058903,8.8515
3.5126,2.0068,0.10925,-0.036579,0.058977,8.8416
3.5127,2.0068,0.10926,-0.036635,0.059052,8.8394
3.5127,2.0068,0.10926,-0.036697,0.05914,8.8532
3.5128,2.0068,0.10926,-0.03676,0.059205,8.8475
3.5128,2.0068,0.10927,-0.036822,0.059254,8.8479
3.5129,2.0068,0.10927,-0.036877,0.059294,8.8713
3.5129,2.0068,0.10927,-0.036927,0.059332,8.8699
3.513,2.0068,0.10928,-0.036982,0.059376,8.8618
3.5131,2.0068,0.10928,-0.037037,0.059431,8.8788
3.5131,2.0068,0.10928,-0.037086,0.059503,8.8769
3.5132,2.0068,0.10929,-0.037131,0.059598,8.8559
3.5132,2.0068,0.10929,-0.037178,0.059678,8.8617
3.5133,2.0068,0.10929,-0.03722,0.059771,8.8677
3.5133,2.0068,0.10929,-0.037259,0.059854,8.8562
3.5134,2.0068,0.1093,-0.037304,0.059909,8.8596
3.5134,2.0068,0.1093,-0.037362,0.059929,8.8695
3.5135,2.0068,0.1093,-0.037423,0.059912,8.8596
3.5135,2.0068,0.10931,-0.037481,0.059864,8.8571
3.5136,2.0068,0.10931,-0.037534,0.059796,8.8616
3.5136,2.0068,0.10931,-0.037585,0.059725,8.8552
3.5137,2.0068,0.10932,-0.037633,0.059676,8.849
3.5137,2.0068,0.10932,-0.037684,0.059634,8.8514
3.5138,2.0068,0.10932,-0.037739,0.059599,8.8441
3.5138,2.0068,0.10933,-0.037799,0.05957,8.8323
3.5139,2.0068,0.10933,-0.037858,0.059548,8.8457
3.5139,2.0068,0.10933,-0.037915,0.059533,8.8543
3.514,2.0068,0.10934,-0.037967,0.059524,8.8366
3.5141,2.0068,0.10934,-0.038008,0.059521,8.8409
3.5141,2.0068,0.10934,-0.038054,0.059524,8.8445
3.5142,2.0068,0.10934,-0.038099,0.059534,8.8344
3.5142,2.0068,0.10935,-0.038138,0.059549,8.8315
3.5143,2.0068,0.10935,-0.038173,0.05957,8.8396
3.5143,2.0068,0.10935,-0.038212,0.059597,8.8297
3.5144,2.0068,0.10936,-0.038249,0.059629,8.8245
3.5144,2.0068,0.10936,-0.038286,0.059666,8.8438
3.5145,2.0068,0.10936,-0.03832,0.059709,8.8393
3.5145,2.0068,0.10937,-0.038348,0.059743,8.8294
3.5146,2.0068,0.10937,-0.038376,0.059793,8.8421
3.5146,2.0068,0.10937,-0.038398,0.059887,8.8377
3.5147,2.0068,0.10938,-0.038428,0.060011,8.8251
3.5147,2.0068,0.10938,-0.038461,0.060149,8.8235
3.5148,2.0068,0.10938,-0.038494,0.060289,8.8307
3.5148,2.0068,0.10939,-0.038522,0.060416,8.8099
3.5149,2.0068,0.10939,-0.038548,0.060519,8.8139
3.5149,2.0068,0.10939,-0.038569,0.060585,8.8191
3.515,2.0068,0.1094,-0.038587,0.060647,8.8071
3.5151,2.0067,0.1094,-0.038599,0.060729,8.8053
3.5151,2.0067,0.1094,-0.038619,0.060815,8.8077
3.5152,2.0067,0.1094,-0.038641,0.060906,8.7975
3.5152,2.0067,0.10941,-0.038677,0.061001,8.7878
3.5153,2.0067,0.10941,-0.038725,0.061101,8.7977
3.5153,2.0067,0.10941,-0.038784,0.061191,8.7934
3.5154,2.0067,0.10942,-0.038844,0.061309,8.7868
3.5154,2.0067,0.10942,-0.038896,0.061447,8.7986
3.5155,2.0067,0.10942,-0.038934,0.061598,8.8023
3.5155,2.0067,0.10943,-0.038959,0.06174,8.7941
3.5156,2.0067,0.10943,-0.038967,0.061904,8.802
3.5156,2.0067,0.10943,-0.038967,0.062076,8.8038
3.5157,2.0067,0.10944,-0.038959,0.062243,8.7975
3.5157,2.0067,0.10944,-0.038951,0.062391,8.796
3.5158,2.0067,0.10944,-0.038939,0.062552,8.8006
3.5158,2.0067,0.10945,-0.038935,0.062705,8.7945
3.5159,2.0067,0.10945,-0.038942,0.062844,8.7973
3.5159,2.0067,0.10945,-0.038967,0.062962,8.8126
3.516,2.0067,0.10946,-0.038999,0.063084,8.8056
3.5161,2.0067,0.10946,-0.039029,0.06322,8.8006
3.5161,2.0067,0.10946,-0.03905,0.063384,8.8087
3.5162,2.0067,0.10947,-0.039066,0.063587,8.8023
3.5162,2.0067,0.10947,-0.039069,0.063841,8.7892
3.5163,2.0067,0.10947,-0.039072,0.064106,8.7946
3.5163,2.0067,0.10948,-0.039089,0.064389,8.7982
3.5164,2.0067,0.10948,-0.039126,0.064645,8.7838
3.5164,2.0067,0.10948,-0.039173,0.064863,8.7933
3.5165,2.0067,0.10949,-0.039214,0.065086,8.7994
3.5165,2.0067,0.10949,-0.039245,0.065305,8.7827
3.5166,2.0067,0.10949,-0.039266,0.065516,8.7826
3.5166,2.0067,0.1095,-0.039282,0.065722,8.798
3.5167,2.0067,0.1095,-0.039312,0.06589,8.7892
3.5167,2.0067,0.1095,-0.039347,0.066045,8.7834
3.5168,2.0067,0.10951,-0.039385,0.066162,8.7879
3.5168,2.0067,0.10951,-0.039427,0.066273,8.7913
3.5169,2.0067,0.10952,-0.039458,0.066401,8.7812
3.5169,2.0067,0.10952,-0.03947,0.066531,8.8001
3.517,2.0067,0.10952,-0.039478,0.06665,8.8055
3.5171,2.0067,0.10953,-0.039462,0.066796,8.8018
3.5171,2.0067,0.10953,-0.039451,0.06696,8.8073
3.5172,2.0067,0.10953,-0.039424,0.067135,8.8128
3.5172,2.0067,0.10954,-0.039403,0.067314,8.8086
3.5173,2.0067,0.10954,-0.039392,0.067489,8.8056
3.5173,2.0067,0.10954,-0.039385,0.067654,8.8076
3.5174,2.0067,0.10955,-0.039376,0.067803,8.8022
3.5174,2.0067,0.10955,-0.039368,0.067931,8.8009
3.5175,2.0067,0.10955,-0.039343,0.068074,8.8062
3.5175,2.0067,0.10956,-0.03932,0.068219,8.8053
3.5176,2.0067,0.10956,-0.039286,0.068365,8.8065
3.5176,2.0066,0.10957,-0.039253,0.068513,8.8137
3.5177,2.0066,0.10957,-0.039209,0.068662,8.814
3.5177,2.0066,0.10957,-0.039168,0.068813,8.7976
3.5178,2.0066,0.10958,-0.039112,0.068964,8.8031
3.5178,2.0066,0.10958,-0.039062,0.069104,8.8107
3.5179,2.0066,0.10958,-0.039014,0.069268,8.7973
3.5179,2.0066,0.10959,-0.038957,0.069436,8.8007
3.518,2.0066,0.10959,-0.038903,0.069637,8.8071
3.5181,2.0066,0.10959,-0.038858,0.069856,8.8087
3.5181,2.0066,0.1096,-0.038823,0.070079,8.8062
3.5182,2.0066,0.1096,-0.038797,0.070292,8.8163
3.5182,2.0066,0.10961,-0.038768,0.070483,8.8079
3.5183,2.0066,0.10961,-0.038756,0.070639,8.8035
3.5183,2.0066,0.10961,-0.038742,0.070792,8.8148
3.5184,2.0066,0.10962,-0.038725,0.070922,8.8124
3.5184,2.0066,0.10962,-0.038714,0.071067,8.802
3.5185,2.0066,0.10962,-0.038714,0.071199,8.8155
3.5185,2.0066,0.10963,-0.038719,0.071355,8.8202
3.5186,2.0066,0.10963,-0.038721,0.071527,8.814
3.5186,2.0066,0.10964,-0.038721,0.071707,8.8221
3.5187,2.0066,0.10964,-0.038717,0.07189,8.8359
3.5187,2.0066,0.10964,-0.038708,0.072067,8.8213
3.5188,2.0066,0.10965,-0.038697,0.072233,8.824
3.5188,2.0066,0.10965,-0.038675,0.072381,8.8301
3.5189,2.0066,0.10965,-0.038651,0.072492,8.8165
3.5189,2.0066,0.10966,-0.03863,0.072641,8.8108
3.519,2.0066,0.10966,-0.038612,0.072807,8.8195
3.5191,2.0066,0.10967,-0.038606,0.072981,8.8231
3.5191,2.0066,0.10967,-0.038608,0.073156,8.8189
3.5192,2.0066,0.10967,-0.038613,0.073312,8.8287
3.5192,2.0066,0.10968,-0.038617,0.07348,8.8248
3.5193,2.0066,0.10968,-0.03862,0.073646,8.8169
3.5193,2.0066,0.10969,-0.038623,0.073797,8.8198
3.5194,2.0066,0.10969,-0.038628,0.073964,8.8188
3.5194,2.0066,0.10969,-0.038631,0.074125,8.8082
3.5195,2.0066,0.1097,-0.038639,0.074274,8.8115
3.5195,2.0066,0.1097,-0.038644,0.074404,8.8165
3.5196,2.0066,0.1097,-0.03864,0.074511,8.8079
3.5196,2.0066,0.10971,-0.038636,0.074632,8.8088
3.5197,2.0066,0.10971,-0.038634,0.074752,8.817
3.5197,2.0066,0.10972,-0.038634,0.074872,8.8071
3.5198,2.0066,0.10972,-0.038624,0.074991,8.8023
3.5198,2.0066,0.10972,-0.038609,0.075109,8.804
3.5199,2.0066,0.10973,-0.038596,0.075226,8.7948
3.5199,2.0066,0.10973,-0.03859,0.075343,8.7852
3.52,2.0066,0.10974,-0.038579,0.075444,8.7933
3.5201,2.0066,0.10974,-0.038576,0.075554,8.7929
3.5201,2.0066,0.10974,-0.038569,0.075703,8.783
3.5202,2.0066,0.10975,-0.038562,0.075875,8.7922
3.5202,2.0065,0.10975,-0.038552,0.076056,8.7968
3.5203,2.0065,0.10976,-0.038547,0.076218,8.7837
3.5203,2.0065,0.10976,-0.03855,0.076385,8.7804
3.5204,2.0065,0.10976,-0.038564,0.076537,8.7837
3.5204,2.0065,0.10977,-0.038572,0.076655,8.7715
3.5205,2.0065,0.10977,-0.038588,0.076751,8.7692
3.5205,2.0065,0.10978,-0.038585,0.076878,8.7699
3.5206,2.0065,0.10978,-0.038577,0.077007,8.7616
3.5206,2.0065,0.10978,-0.038566,0.077126,8.7578
3.5207,2.0065,0.10979,-0.038549,0.07722,8.7685
3.5207,2.0065,0.10979,-0.038529,0.077322,8.7704
3.5208,2.0065,0.1098,-0.038504,0.077411,8.7616
3.5208,2.0065,0.1098,-0.038477,0.077479,8.7761
3.5209,2.0065,0.1098,-0.038458,0.077523,8.7825
3.5209,2.0065,0.10981,-0.038428,0.077579,8.7725
3.521,2.0065,0.10981,-0.038406,0.077633,8.7763
3.5211,2.0065,0.10982,-0.038395,0.077671,8.7864
3.5211,2.0065,0.10982,-0.038388,0.077731,8.7823
3.5212,2.0065,0.10983,-0.038387,0.077804,8.787
3.5212,2.0065,0.10983,-0.038384,0.077884,8.8
3.5213,2.0065,0.10983,-0.038378,0.077962,8.7874
3.5213,2.0065,0.10984,-0.038361,0.078033,8.7886
3.5214,2.0065,0.10984,-0.03834,0.07809,8.8007
3.5214,2.0065,0.10985,-0.038333,0.078112,8.794
3.5215,2.0065,0.10985,-0.038348,0.078132,8.7921
3.5215,2.0065,0.10985,-0.038367,0.078182,8.8039
3.5216,2.0065,0.10986,-0.038401,0.078241,8.7916
3.5216,2.0065,0.10986,-0.03843,0.078303,8.7856
3.5217,2.0065,0.10987,-0.038453,0.078361,8.7944
3.5217,2.0065,0.10987,-0.03847,0.078408,8.8038
3.5218,2.0065,0.10987,-0.038488,0.078421,8.7911
3.5218,2.0065,0.10988,-0.038504,0.078417,8.7943
3.5219,2.0065,0.10988,-0.038517,0.078465,8.7982
3.5219,2.0065,0.10989,-0.038519,0.078539,8.7879
3.522,2.0065,0.10989,-0.038521,0.078613,8.7809
3.5221,2.0065,0.1099,-0.038516,0.078711,8.796
3.5221,2.0065,0.1099,-0.038516,0.078813,8.7891
3.5222,2.0065,0.1099,-0.038526,0.078899,8.788
3.5222,2.0065,0.10991,-0.038552,0.078948,8.7992
3.5223,2.0065,0.10991,-0.038588,0.078981,8.8076
3.5223,2.0065,0.10992,-0.038628,0.079016,8.8016
3.5224,2.0065,0.10992,-0.038666,0.079031,8.8114
3.5224,2.0065,0.10992,-0.038711,0.079018,8.8071
3.5225,2.0065,0.10993,-0.038768,0.079016,8.7967
3.5225,2.0065,0.10993,-0.038825,0.079009,8.8098
3.5226,2.0065,0.10994,-0.038876,0.078998,8.8213
3.5226,2.0065,0.10994,-0.038933,0.078969,8.8111
3.5227,2.0065,0.10995,-0.038984,0.078945,8.8133
3.5227,2.0065,0.10995,-0.039028,0.078955,8.8308
3.5228,2.0064,0.10995,-0.039054,0.078987,8.8279
3.5228,2.0064,0.10996,-0.039087,0.079027,8.8217
3.5229,2.0064,0.10996,-0.039133,0.079048,8.8267
3.5229,2.0064,0.10997,-0.039178,0.079074,8.8264
3.523,2.0064,0.10997,-0.039231,0.079086,8.8128
3.5231,2.0064,0.10997,-0.039296,0.079061,8.8184
3.5231,2.0064,0.10998,-0.03937,0.079023,8.8185
3.5232,2.0064,0.10998,-0.039454,0.078988,8.8145
3.5232,2.0064,0.10999,-0.03954,0.078922,8.8193
3.5233,2.0064,0.10999,-0.039636,0.078842,8.8289
3.5233,2.0064,0.11,-0.039735,0.078729,8.8129
3.5234,2.0064,0.11,-0.039831,0.078686,8.815
3.5234,2.0064,0.11,-0.039928,0.07874,8.8197
3.5235,2.0064,0.11001,-0.040026,0.078909,8.8078
3.5235,2.0064,0.11001,-0.040124,0.079187,8.8097
3.5236,2.0064,0.11002,-0.040225,0.079547,8.8226
3.5236,2.0064,0.11002,-0.040323,0.079938,8.8166
3.5237,2.0064,0.11002,-0.040421,0.080333,8.8095
3.5237,2.0064,0.11003,-0.040514,0.080681,8.8272
3.5238,2.0064,0.11003,-0.040607,0.081013,8.834
3.5238,2.0064,0.11004,-0.040696,0.081331,8.8275
3.5239,2.0064,0.11004,-0.040783,0.081633,8.8382
3.5239,2.0064,0.11005,-0.040866,0.081921,8.8407
3.524,2.0064,0.11005,-0.040949,0.082194,8.8386
3.5241,2.0064,0.11005,-0.041025,0.082452,8.8393
3.5241,2.0064,0.11006,-0.0411,0.082697,8.8486
3.5242,2.0064,0.11006,-0.041171,0.082928,8.843
3.5242,2.0064,0.11007,-0.041242,0.083131,8.8551
3.5243,2.0064,0.11007,-0.041313,0.083344,8.872
3.5243,2.0064,0.11008,-0.041383,0.083546,8.8629
3.5244,2.0064,0.11008,-0.041452,0.083767,8.8623
3.5244,2.0064,0.11009,-0.041519,0.083993,8.8653
3.5245,2.0064,0.11009,-0.041586,0.084223,8.8585
3.5245,2.0064,0.11009,-0.041652,0.084421,8.8527
3.5246,2.0064,0.1101,-0.041716,0.084542,8.8634
3.5246,2.0064,0.1101,-0.041778,0.084586,8.8571
3.5247,2.0064,0.11011,-0.041841,0.084597,8.8441
3.5247,2.0064,0.11011,-0.041904,0.084569,8.8553
3.5248,2.0064,0.11012,-0.041972,0.084552,8.8589
3.5248,2.0064,0.11012,-0.04204,0.084549,8.8437
3.5249,2.0064,0.11013,-0.042111,0.084573,8.8487
3.5249,2.0064,0.11013,-0.042182,0.084595,8.8564
3.525,2.0064,0.11013,-0.042252,0.084593,8.838
3.5251,2.0064,0.11014,-0.04232,0.084578,8.8408
3.5251,2.0064,0.11014,-0.042395,0.084553,8.8513
3.5252,2.0064,0.11015,-0.042467,0.084517,8.8375
3.5252,2.0063,0.11015,-0.042541,0.08447,8.8416
3.5253,2.0063,0.11016,-0.042614,0.084427,8.857
3.5253,2.0063,0.11016,-0.042691,0.08435,8.858
3.5254,2.0063,0.11017,-0.042763,0.084245,8.8483
3.5254,2.0063,0.11017,-0.042836,0.084119,8.8597
3.5255,2.0063,0.11017,-0.042905,0.083991,8.8645
3.5255,2.0063,0.11018,-0.042977,0.083833,8.8519
3.5256,2.0063,0.11018,-0.043043,0.083655,8.8498
3.5256,2.0063,0.11019,-0.043105,0.083472,8.8578
3.5257,2.0063,0.11019,-0.043161,0.083297,8.8516
3.5257,2.0063,0.1102,-0.04322,0.083101,8.8507
3.5258,2.0063,0.1102,-0.043274,0.082905,8.8602
3.5258,2.0063,0.1102,-0.043326,0.082714,8.8578
3.5259,2.0063,0.11021,-0.043374,0.082539,8.8448
3.5259,2.0063,0.11021,-0.043428,0.082355,8.8486
3.526,2.0063,0.11022,-0.043486,0.082154,8.8369
3.5261,2.0063,0.11022,-0.043547,0.081918,8.8273
3.5261,2.0063,0.11023,-0.043602,0.081634,8.834
3.5262,2.0063,0.11023,-0.04366,0.081285,8.8296
3.5262,2.0063,0.11023,-0.043719,0.080908,8.8139
3.5263,2.0063,0.11024,-0.043764,0.080492,8.8259
3.5263,2.0063,0.11024,-0.043801,0.080086,8.8342
3.5264,2.0063,0.11025,-0.043833,0.079701,8.8252
3.5264,2.0063,0.11025,-0.043863,0.079296,8.8271
3.5265,2.0063,0.11026,-0.043891,0.078882,8.8302
3.5265,2.0063,0.11026,-0.043915,0.078462,8.8284
3.5266,2.0063,0.11026,-0.043943,0.078033,8.8263
3.5266,2.0063,0.11027,-0.043973,0.077631,8.8367
3.5267,2.0063,0.11027,-0.043999,0.077234,8.8271
3.5267,2.0063,0.11028,-0.044027,0.07687,8.8278
3.5268,2.0063,0.11028,-0.04406,0.07651,8.8358
3.5268,2.0063,0.11028,-0.044097,0.076131,8.8408
3.5269,2.0063,0.11029,-0.044141,0.075732,8.8372
3.5269,2.0063,0.11029,-0.044182,0.075365,8.8461
3.527,2.0063,0.1103,-0.044228,0.074986,8.8541
3.5271,2.0063,0.1103,-0.044272,0.074591,8.8452
3.5271,2.0063,0.1103,-0.044312,0.074181,8.8463
3.5272,2.0063,0.11031,-0.044347,0.073756,8.8483
3.5272,2.0063,0.11031,-0.044375,0.073315,8.8404
3.5273,2.0063,0.11032,-0.044393,0.07286,8.8453
3.5273,2.0063,0.11032,-0.04441,0.072393,8.8537
3.5274,2.0063,0.11032,-0.044419,0.071962,8.8426
3.5274,2.0063,0.11033,-0.04443,0.071512,8.8401
3.5275,2.0063,0.11033,-0.044441,0.071059,8.8425
3.5275,2.0062,0.11033,-0.044454,0.07059,8.8299
3.5276,2.0062,0.11034,-0.044469,0.070141,8.8196
3.5276,2.0062,0.11034,-0.044489,0.069705,8.8238
3.5277,2.0062,0.11035,-0.044506,0.069276,8.8204
3.5277,2.0062,0.11035,-0.044525,0.068831,8.8192
3.5278,2.0062,0.11035,-0.044543,0.068418,8.825
3.5278,2.0062,0.11036,-0.044564,0.067982,8.8322
3.5279,2.0062,0.11036,-0.044579,0.067533,8.8263
3.5279,2.0062,0.11036,-0.044574,0.067024,8.8332
3.528,2.0062,0.11037,-0.044558,0.0665,8.8475
3.5281,2.0062,0.11037,-0.044543,0.065953,8.842
3.5281,2.0062,0.11037,-0.044514,0.065391,8.8458
3.5282,2.0062,0.11038,-0.044481,0.064808,8.8494
3.5282,2.0062,0.11038,-0.044442,0.064282,8.8499
3.5283,2.0062,0.11038,-0.044409,0.063799,8.85
3.5283,2.0062,0.11039,-0.044364,0.063363,8.8669
3.5284,2.0062,0.11039,-0.044306,0.062911,8.8689
3.5284,2.0062,0.11039,-0.044247,0.062495,8.871
3.5285,2.0062,0.1104,-0.044194,0.062055,8.8778
3.5285,2.0062,0.1104,-0.044142,0.061577,8.8763
3.5286,2.0062,0.1104,-0.044095,0.06105,8.8653
3.5286,2.0062,0.11041,-0.044051,0.060505,8.8683
3.5287,2.0062,0.11041,-0.044012,0.059966,8.8718
3.5287,2.0062,0.11041,-0.043976,0.059407,8.8574
3.5288,2.0062,0.11042,-0.043944,0.058853,8.8603
3.5288,2.0062,0.11042,-0.043909,0.058394,8.8676
3.5289,2.0062,0.11042,-0.04388,0.057899,8.8621
3.5289,2.0062,0.11043,-0.043858,0.057432,8.857
3.529,2.0062,0.11043,-0.043834,0.056995,8.8661
3.5291,2.0062,0.11043,-0.043808,0.056582,8.8578
3.5291,2.0062,0.11043,-0.043781,0.056197,8.8515
3.5292,2.0062,0.11044,-0.043751,0.055785,8.8532
3.5292,2.0062,0.11044,-0.043711,0.055388,8.8526
3.5293,2.0062,0.11044,-0.043663,0.054981,8.8431
3.5293,2.0062,0.11045,-0.04362,0.054512,8.8482
3.5294,2.0062,0.11045,-0.04358,0.054024,8.8577
3.5294,2.0062,0.11045,-0.043538,0.053539,8.8591
3.5295,2.0062,0.11045,-0.043505,0.053054,8.8656
3.5295,2.0062,0.11046,-0.04348,0.052562,8.8777
3.5296,2.0062,0.11046,-0.043458,0.052068,8.8706
3.5296,2.0062,0.11046,-0.043438,0.051574,8.8686
3.5297,2.0062,0.11047,-0.043415,0.05107,8.879
3.5297,2.0062,0.11047,-0.043402,0.050598,8.8716
3.5298,2.0061,0.11047,-0.043394,0.050152,8.8628
3.5298,2.0061,0.11047,-0.043388,0.049744,8.8808
3.5299,2.0061,0.11048,-0.04338,0.049316,8.8833
3.5299,2.0061,0.11048,-0.043377,0.048882,8.8732
3.53,2.0061,0.11048,-0.04337,0.048454,8.8856
3.5301,2.0061,0.11048,-0.043372,0.047975,8.8829
3.5301,2.0061,0.11049,-0.043374,0.047484,8.8703
3.5302,2.0061,0.11049,-0.043385,0.047008,8.875
3.5302,2.0061,0.11049,-0.043395,0.046585,8.8739
3.5303,2.0061,0.11049,-0.043399,0.046159,8.8588
3.5303,2.0061,0.1105,-0.043391,0.045727,8.8616
3.5304,2.0061,0.1105,-0.043383,0.045326,8.8704
3.5304,2.0061,0.1105,-0.04336,0.044947,8.8553
3.5305,2.0061,0.1105,-0.043351,0.044535,8.8486
3.5305,2.0061,0.1105,-0.043343,0.044117,8.8611
3.5306,2.0061,0.11051,-0.043343,0.043707,8.8552
3.5306,2.0061,0.11051,-0.043354,0.043319,8.8439
3.5307,2.0061,0.11051,-0.043379,0.042923,8.8551
3.5307,2.0061,0.11051,-0.043416,0.042554,8.8569
3.5308,2.0061,0.11052,-0.043464,0.042195,8.8498
3.5308,2.0061,0.11052,-0.043514,0.041826,8.8568
3.5309,2.0061,0.11052,-0.043582,0.041437,8.8589
3.5309,2.0061,0.11052,-0.043642,0.04102,8.8534
3.531,2.0061,0.11052,-0.043693,0.040612,8.8589
3.5311,2.0061,0.11053,-0.043738,0.040195,8.8643
3.5311,2.0061,0.11053,-0.043781,0.039795,8.8503
3.5312,2.0061,0.11053,-0.043826,0.039436,8.8516
3.5312,2.0061,0.11053,-0.043878,0.0391,8.8515
3.5313,2.0061,0.11054,-0.043945,0.038776,8.8452
3.5313,2.0061,0.11054,-0.044023,0.03849,8.8406
3.5314,2.0061,0.11054,-0.044095,0.038214,8.8467
3.5314,2.0061,0.11054,-0.044147,0.037969,8.8405
3.5315,2.0061,0.11054,-0.044194,0.037718,8.8305
3.5315,2.0061,0.11055,-0.044228,0.037476,8.8371
3.5316,2.0061,0.11055,-0.044266,0.037243,8.8322
3.5316,2.0061,0.11055,-0.044308,0.037018,8.8174
3.5317,2.0061,0.11055,-0.044353,0.036802,8.8157
3.5317,2.0061,0.11055,-0.044399,0.036597,8.8162
3.5318,2.0061,0.11055,-0.044449,0.036401,8.8014
3.5318,2.0061,0.11056,-0.0445,0.036215,8.8018
3.5319,2.0061,0.11056,-0.044565,0.036039,8.8019
3.5319,2.0061,0.11056,-0.044637,0.035875,8.7919
3.532,2.0061,0.11056,-0.044726,0.035722,8.7958
3.5321,2.006,0.11056,-0.04482,0.035579,8.8053
3.5321,2.006,0.11057,-0.044917,0.035449,8.7946
3.5322,2.006,0.11057,-0.045008,0.035331,8.7917
3.5322,2.006,0.11057,-0.045094,0.035224,8.805
3.5323,2.006,0.11057,-0.045179,0.03513,8.8001
3.5323,2.006,0.11057,-0.045268,0.035049,8.7959
3.5324,2.006,0.11058,-0.045355,0.03498,8.8068
3.5324,2.006,0.11058,-0.045436,0.034925,8.8124
3.5325,2.006,0.11058,-0.045516,0.034883,8.8119
3.5325,2.006,0.11058,-0.045602,0.034855,8.8164
3.5326,2.006,0.11058,-0.045685,0.034855,8.8247
3.5326,2.006,0.11058,-0.045772,0.034847,8.8151
3.5327,2.006,0.11059,-0.04587,0.034834,8.8089
3.5327,2.006,0.11059,-0.045986,0.034825,8.8102
3.5328,2.006,0.11059,-0.046098,0.034812,8.8044
3.5328,2.006,0.11059,-0.046205,0.03484,8.7959
3.5329,2.006,0.11059,-0.046315,0.034895,8.8033
3.5329,2.006,0.1106,-0.046424,0.034997,8.8048
3.533,2.006,0.1106,-0.046528,0.035163,8.8012
3.5331,2.006,0.1106,-0.046628,0.035371,8.8066
3.5331,2.006,0.1106,-0.046723,0.035604,8.7995
3.5332,2.006,0.1106,-0.046816,0.035837,8.7956
3.5332,2.006,0.11061,-0.0469,0.036046,8.7951
3.5333,2.006,0.11061,-0.046981,0.036284,8.7918
3.5333,2.006,0.11061,-0.047066,0.036467,8.7857
3.5334,2.006,0.11061,-0.04715,0.036581,8.7904
3.5334,2.006,0.11061,-0.047234,0.036616,8.7986
3.5335,2.006,0.11061,-0.047318,0.036584,8.7955
3.5335,2.006,0.11062,-0.047402,0.036474,8.7978
3.5336,2.006,0.11062,-0.047485,0.036305,8.8117
3.5336,2.006,0.11062,-0.047569,0.036113,8.8025
3.5337,2.006,0.11062,-0.047651,0.035952,8.8091
3.5337,2.006,0.11062,-0.047734,0.03579,8.8167
3.5338,2.006,0.11063,-0.047816,0.035628,8.8114
3.5338,2.006,0.11063,-0.047898,0.035466,8.8088
3.5339,2.006,0.11063,-0.047979,0.035304,8.8227
3.5339,2.006,0.11063,-0.04806,0.035142,8.8281
3.534,2.006,0.11063,-0.04814,0.03498,8.8206
3.5341,2.006,0.11064,-0.04822,0.034818,8.8288
3.5341,2.006,0.11064,-0.048299,0.034656,8.8388
3.5342,2.006,0.11064,-0.048377,0.034508,8.8324
3.5342,2.0059,0.11064,-0.048455,0.034338,8.8283
3.5343,2.0059,0.11064,-0.048532,0.034164,8.8323
3.5343,2.0059,0.11064,-0.048609,0.033955,8.8235
3.5344,2.0059,0.11065,-0.048685,0.033723,8.8131
3.5344,2.0059,0.11065,-0.04876,0.033481,8.8208
3.5345,2.0059,0.11065,-0.048834,0.033242,8.8189
3.5345,2.0059,0.11065,-0.048907,0.033021,8.8125
3.5346,2.0059,0.11065,-0.048979,0.032833,8.818
3.5346,2.0059,0.11065,-0.049051,0.032647,8.8183
3.5347,2.0059,0.11066,-0.049121,0.032485,8.8022
3.5347,2.0059,0.11066,-0.049191,0.03231,8.8109
3.5348,2.0059,0.11066,-0.04926,0.032119,8.8126
3.5348,2.0059,0.11066,-0.049327,0.031958,8.8018
3.5349,2.0059,0.11066,-0.049394,0.031818,8.8008
3.5349,2.0059,0.11066,-0.049459,0.031689,8.8127
3.535,2.0059,0.11067,-0.049524,0.031564,8.8116
3.5351,2.0059,0.11067,-0.049587,0.031432,8.8095
3.5351,2.0059,0.11067,-0.049649,0.031287,8.8257
3.5352,2.0059,0.11067,-0.049709,0.031122,8.8272
3.5352,2.0059,0.11067,-0.049769,0.030927,8.8255
3.5353,2.0059,0.11067,-0.049827,0.030753,8.8323
3.5353,2.0059,0.11068,-0.049884,0.030567,8.8264
3.5354,2.0059,0.11068,-0.049939,0.030405,8.821
3.5354,2.0059,0.11068,-0.049993,0.030261,8.8317
3.5355,2.0059,0.11068,-0.050046,0.030127,8.8304
3.5355,2.0059,0.11068,-0.050097,0.029983,8.8253
3.5356,2.0059,0.11068,-0.050147,0.029858,8.8305
3.5356,2.0059,0.11069,-0.050195,0.02974,8.8407
3.5357,2.0059,0.11069,-0.050242,0.029615,8.8314
3.5357,2.0059,0.11069,-0.050287,0.02947,8.8338
3.5358,2.0059,0.11069,-0.050331,0.029336,8.8403
3.5358,2.0059,0.11069,-0.050373,0.029193,8.8339
3.5359,2.0059,0.11069,-0.050413,0.029036,8.8276
3.5359,2.0059,0.1107,-0.050451,0.028857,8.8345
3.536,2.0059,0.1107,-0.050488,0.028682,8.8241
3.5361,2.0059,0.1107,-0.050523,0.028534,8.8183
3.5361,2.0059,0.1107,-0.050556,0.028405,8.8287
3.5362,2.0059,0.1107,-0.050584,0.028288,8.8302
3.5362,2.0058,0.1107,-0.050616,0.028175,8.8194
3.5363,2.0058,0.1107,-0.050649,0.02806,8.8282
3.5363,2.0058,0.11071,-0.050684,0.027937,8.8157
3.5364,2.0058,0.11071,-0.050717,0.0278,8.806
3.5364,2.0058,0.11071,-0.050749,0.027643,8.8058
3.5365,2.0058,0.11071,-0.050776,0.027504,8.8085
3.5365,2.0058,0.11071,-0.050798,0.027369,8.7956
3.5366,2.0058,0.11071,-0.050812,0.027224,8.7993
3.5366,2.0058,0.11071,-0.050828,0.027093,8.8107
3.5367,2.0058,0.11072,-0.050841,0.027006,8.8095
3.5367,2.0058,0.11072,-0.050852,0.026943,8.806
3.5368,2.0058,0.11072,-0.050861,0.026901,8.8093
3.5368,2.0058,0.11072,-0.050867,0.026875,8.804
3.5369,2.0058,0.11072,-0.050872,0.026803,8.7976
3.5369,2.0058,0.11072,-0.050874,0.026722,8.8058
3.537,2.0058,0.11072,-0.050873,0.026597,8.8027
3.5371,2.0058,0.11073,-0.050871,0.0265,8.7916
3.5371,2.0058,0.11073,-0.050866,0.026441,8.7957
3.5372,2.0058,0.11073,-0.050858,0.02639,8.803
3.5372,2.0058,0.11073,-0.050848,0.026347,8.7876
3.5373,2.0058,0.11073,-0.050836,0.026298,8.7826
3.5373,2.0058,0.11073,-0.050821,0.0262,8.7871
3.5374,2.0058,0.11073,-0.050803,0.02609,8.7782
3.5374,2.0058,0.11074,-0.050783,0.025967,8.7718
3.5375,2.0058,0.11074,-0.05076,0.025922,8.782
3.5375,2.0058,0.11074,-0.050735,0.02587,8.7769
3.5376,2.0058,0.11074,-0.050707,0.025827,8.7777
3.5376,2.0058,0.11074,-0.050676,0.025814,8.7867
3.5377,2.0058,0.11074,-0.050643,0.025824,8.789
3.5377,2.0058,0.11074,-0.050606,0.025799,8.778
3.5378,2.0058,0.11074,-0.050562,0.025712,8.7871
3.5378,2.0058,0.11075,-0.050518,0.025635,8.7837
3.5379,2.0058,0.11075,-0.050486,0.025585,8.7789
3.5379,2.0058,0.11075,-0.050463,0.025497,8.7798
3.538,2.0058,0.11075,-0.050437,0.025417,8.7913
3.5381,2.0058,0.11075,-0.050413,0.025366,8.782
3.5381,2.0058,0.11075,-0.050393,0.025353,8.793
3.5382,2.0058,0.11075,-0.050374,0.025313,8.8091
3.5382,2.0057,0.11076,-0.050355,0.025224,8.8093
3.5383,2.0057,0.11076,-0.050344,0.025138,8.7988
3.5383,2.0057,0.11076,-0.050348,0.025065,8.8049
3.5384,2.0057,0.11076,-0.050356,0.024976,8.8044
3.5384,2.0057,0.11076,-0.050358,0.024889,8.8009
3.5385,2.0057,0.11076,-0.050361,0.024816,8.8065
3.5385,2.0057,0.11076,-0.050363,0.024784,8.809
3.5386,2.0057,0.11076,-0.050366,0.024769,8.7979
3.5386,2.0057,0.11077,-0.050369,0.024759,8.8044
3.5387,2.0057,0.11077,-0.050372,0.024779,8.8081
3.5387,2.0057,0.11077,-0.050374,0.024821,8.8019
3.5388,2.0057,0.11077,-0.050383,0.02481,8.8036
3.5388,2.0057,0.11077,-0.050382,0.024794,8.8056
3.5389,2.0057,0.11077,-0.050375,0.024717,8.798
3.5389,2.0057,0.11077,-0.050364,0.024622,8.7883
3.539,2.0057,0.11077,-0.050351,0.024515,8.8027
3.5391,2.0057,0.11078,-0.050338,0.024395,8.8012
3.5391,2.0057,0.11078,-0.050328,0.024309,8.7934
3.5392,2.0057,0.11078,-0.050325,0.024207,8.8095
3.5392,2.0057,0.11078,-0.05033,0.024128,8.8173
3.5393,2.0057,0.11078,-0.050329,0.024108,8.8139
3.5393,2.0057,0.11078,-0.050329,0.024091,8.8276
3.5394,2.0057,0.11078,-0.050329,0.024117,8.8357
3.5394,2.0057,0.11079,-0.050329,0.024156,8.8298
3.5395,2.0057,0.11079,-0.050329,0.024201,8.8316
3.5395,2.0057,0.11079,-0.050329,0.024232,8.8425
3.5396,2.0057,0.11079,-0.050329,0.024204,8.8325
3.5396,2.0057,0.11079,-0.050329,0.024181,8.8402
3.5397,2.0057,0.11079,-0.050329,0.024157,8.8446
3.5397,2.0057,0.11079,-0.050329,0.024123,8.8427
3.5398,2.0057,0.11079,-0.050329,0.024109,8.8376
3.5398,2.0057,0.1108,-0.050329,0.024152,8.846
3.5399,2.0057,0.1108,-0.050328,0.024246,8.8438
3.5399,2.0057,0.1108,-0.050328,0.02434,8.8354
3.54,2.0057,0.1108,-0.050328,0.024426,8.839
3.5401,2.0057,0.1108,-0.050328,0.024498,8.8407
3.5401,2.0057,0.1108,-0.050328,0.024535,8.8324
3.5402,2.0057,0.1108,-0.050328,0.024516,8.841
3.5402,2.0056,0.1108,-0.050328,0.024487,8.8418
3.5403,2.0056,0.11081,-0.050328,0.024439,8.8308
3.5403,2.0056,0.11081,-0.050328,0.024369,8.8308
3.5404,2.0056,0.11081,-0.050328,0.024288,8.8389
3.5404,2.0056,0.11081,-0.050328,0.024207,8.8328
3.5405,2.0056,0.11081,-0.050328,0.024135,8.826
3.5405,2.0056,0.11081,-0.050327,0.024071,8.8343
3.5406,2.0056,0.11081,-0.050327,0.024014,8.8334
3.5406,2.0056,0.11081,-0.050327,0.023974,8.8345
3.5407,2.0056,0.11082,-0.050327,0.023903,8.8485
3.5407,2.0056,0.11082,-0.050327,0.023828,8.8513
3.5408,2.0056,0.11082,-0.050327,0.023788,8.8509
3.5408,2.0056,0.11082,-0.050325,0.023753,8.8588
3.5409,2.0056,0.11082,-0.050326,0.023742,8.8609
3.5409,2.0056,0.11082,-0.05033,0.023743,8.856
3.541,2.0056,0.11082,-0.050335,0.023741,8.8604
3.5411,2.0056,0.11082,-0.050339,0.023721,8.8629
3.5411,2.0056,0.11083,-0.050344,0.023665,8.8591
3.5412,2.0056,0.11083,-0.050346,0.02359,8.8661
3.5412,2.0056,0.11083,-0.050346,0.023518,8.8745
3.5413,2.0056,0.11083,-0.050343,0.023424,8.8668
3.5413,2.0056,0.11083,-0.050342,0.02333,8.8617
3.5414,2.0056,0.11083,-0.050341,0.023242,8.8769
3.5414,2.0056,0.11083,-0.05034,0.023137,8.8615
3.5415,2.0056,0.11083,-0.050338,0.023002,8.8522
3.5415,2.0056,0.11084,-0.050337,0.022831,8.8571
3.5416,2.0056,0.11084,-0.050336,0.022622,8.8575
3.5416,2.0056,0.11084,-0.050335,0.022384,8.8426
3.5417,2.0056,0.11084,-0.050334,0.022133,8.8524
3.5417,2.0056,0.11084,-0.050333,0.021868,8.864
3.5418,2.0056,0.11084,-0.050332,0.021618,8.8528
3.5418,2.0056,0.11084,-0.050331,0.021371,8.8551
3.5419,2.0056,0.11084,-0.05033,0.021128,8.8643
3.5419,2.0056,0.11084,-0.050329,0.02089,8.8582
3.542,2.0056,0.11085,-0.050328,0.020661,8.8523
3.5421,2.0056,0.11085,-0.050327,0.02044,8.8611
3.5421,2.0056,0.11085,-0.050326,0.02023,8.8616
3.5422,2.0055,0.11085,-0.050325,0.02002,8.852
3.5422,2.0055,0.11085,-0.050324,0.019815,8.8685
3.5423,2.0055,0.11085,-0.050323,0.019615,8.8717
3.5423,2.0055,0.11085,-0.050322,0.019419,8.8692
3.5424,2.0055,0.11085,-0.050321,0.019213,8.8744
3.5424,2.0055,0.11085,-0.05032,0.019037,8.8749
3.5425,2.0055,0.11086,-0.050319,0.01888,8.8673
3.5425,2.0055,0.11086,-0.050323,0.018738,8.8644
3.5426,2.0055,0.11086,-0.050324,0.018573,8.8639
3.5426,2.0055,0.11086,-0.050315,0.018428,8.8469
3.5427,2.0055,0.11086,-0.050293,0.018356,8.8546
3.5427,2.0055,0.11086,-0.050258,0.018321,8.8595
3.5428,2.0055,0.11086,-0.050212,0.018288,8.8517
3.5428,2.0055,0.11086,-0.050154,0.018266,8.8433
3.5429,2.0055,0.11086,-0.050105,0.018196,8.8544
3.5429,2.0055,0.11086,-0.05007,0.018074,8.8428
3.543,2.0055,0.11086,-0.05004,0.017888,8.8345
3.5431,2.0055,0.11087,-0.050014,0.017721,8.8333
3.5431,2.0055,0.11087,-0.049989,0.017584,8.8321
3.5432,2.0055,0.11087,-0.049963,0.017468,8.8216
3.5432,2.0055,0.11087,-0.049932,0.01735,8.8309
3.5433,2.0055,0.11087,-0.049896,0.017193,8.8356
3.5433,2.0055,0.11087,-0.049868,0.017013,8.8281
3.5434,2.0055,0.11087,-0.049842,0.016825,8.8313
3.5434,2.0055,0.11087,-0.049819,0.016618,8.8408
3.5435,2.0055,0.11087,-0.049799,0.016425,8.8365
3.5435,2.0055,0.11087,-0.049781,0.016236,8.8346
3.5436,2.0055,0.11087,-0.049766,0.016105,8.8433
3.5436,2.0055,0.11088,-0.049754,0.015988,8.8362
3.5437,2.0055,0.11088,-0.049744,0.015844,8.8309
3.5437,2.0055,0.11088,-0.049736,0.015731,8.8449
3.5438,2.0055,0.11088,-0.049731,0.015604,8.8498
3.5438,2.0055,0.11088,-0.049729,0.015427,8.8421
3.5439,2.0055,0.11088,-0.049723,0.01524,8.8544
3.5439,2.0055,0.11088,-0.049729,0.015073,8.8548
3.544,2.0055,0.11088,-0.049738,0.014963,8.8439
3.5441,2.0055,0.11088,-0.049761,0.014854,8.8431
3.5441,2.0055,0.11088,-0.049792,0.014744,8.8463
3.5442,2.0054,0.11088,-0.049822,0.014666,8.8298
3.5442,2.0054,0.11088,-0.049854,0.014594,8.8295
3.5443,2.0054,0.11088,-0.049889,0.014512,8.8392
3.5443,2.0054,0.11089,-0.049931,0.014454,8.8388
3.5444,2.0054,0.11089,-0.049983,0.01439,8.8429
3.5444,2.0054,0.11089,-0.050031,0.014346,8.8524
3.5445,2.0054,0.11089,-0.05008,0.014269,8.8451
3.5445,2.0054,0.11089,-0.050119,0.014164,8.8382
3.5446,2.0054,0.11089,-0.05014,0.01403,8.8375
3.5446,2.0054,0.11089,-0.050153,0.013871,8.8378
3.5447,2.0054,0.11089,-0.050165,0.013699,8.8236
3.5447,2.0054,0.11089,-0.050184,0.01355,8.8379
3.5448,2.0054,0.11089,-0.050206,0.013357,8.8519
3.5448,2.0054,0.11089,-0.050224,0.013164,8.848
3.5449,2.0054,0.11089,-0.050253,0.012964,8.8652
3.5449,2.0054,0.11089,-0.05029,0.012765,8.8746
3.545,2.0054,0.1109,-0.050331,0.012576,8.8704
3.5451,2.0054,0.1109,-0.050375,0.012406,8.8699
3.5451,2.0054,0.1109,-0.050419,0.012265,8.8841
3.5452,2.0054,0.1109,-0.050461,0.01216,8.8741
3.5452,2.0054,0.1109,-0.050497,0.012047,8.8732
3.5453,2.0054,0.1109,-0.050527,0.011943,8.8926
3.5453,2.0054,0.1109,-0.050558,0.011833,8.8914
3.5454,2.0054,0.1109,-0.0506,0.01174,8.8919
3.5454,2.0054,0.1109,-0.050645,0.011678,8.8935
3.5455,2.0054,0.1109,-0.050697,0.011668,8.8982
3.5455,2.0054,0.1109,-0.050762,0.01169,8.8921
3.5456,2.0054,0.1109,-0.050843,0.011719,8.8911
3.5456,2.0054,0.1109,-0.050927,0.011721,8.8929
3.5457,2.0054,0.1109,-0.051015,0.011704,8.8752
3.5457,2.0054,0.1109,-0.051092,0.011678,8.8773
3.5458,2.0054,0.1109,-0.051174,0.011642,8.8828
3.5458,2.0054,0.11091,-0.051245,0.011623,8.8795
3.5459,2.0054,0.11091,-0.051308,0.011664,8.8793
3.5459,2.0054,0.11091,-0.051366,0.011737,8.8792
3.546,2.0054,0.11091,-0.051422,0.011775,8.8736
3.5461,2.0054,0.11091,-0.051467,0.011759,8.8713
3.5461,2.0054,0.11091,-0.051512,0.011715,8.8708
3.5462,2.0053,0.11091,-0.051549,0.011645,8.8704
3.5462,2.0053,0.11091,-0.051588,0.011569,8.8573
3.5463,2.0053,0.11091,-0.051637,0.011517,8.8707
3.5463,2.0053,0.11091,-0.051694,0.011514,8.8781
3.5464,2.0053,0.11091,-0.051754,0.011545,8.8773
3.5464,2.0053,0.11091,-0.051817,0.011552,8.8789
3.5465,2.0053,0.11091,-0.051878,0.011581,8.8881
3.5465,2.0053,0.11091,-0.051937,0.011632,8.8773
3.5466,2.0053,0.11091,-0.05199,0.011669,8.8784
3.5466,2.0053,0.11091,-0.05203,0.011675,8.883
3.5467,2.0053,0.11091,-0.052086,0.011684,8.8783
3.5467,2.0053,0.11092,-0.052148,0.011682,8.8736
3.5468,2.0053,0.11092,-0.052215,0.011676,8.8799
3.5468,2.0053,0.11092,-0.052278,0.011676,8.8732
3.5469,2.0053,0.11092,-0.052344,0.011684,8.8707
3.5469,2.0053,0.11092,-0.052416,0.011723,8.8746
3.547,2.0053,0.11092,-0.052495,0.011719,8.8754
3.5471,2.0053,0.11092,-0.052579,0.011662,8.8619
3.5471,2.0053,0.11092,-0.052681,0.011624,8.8606
3.5472,2.0053,0.11092,-0.05279,0.0116,8.8618
3.5472,2.0053,0.11092,-0.052901,0.011613,8.8503
3.5473,2.0053,0.11092,-0.053004,0.011672,8.8469
3.5473,2.0053,0.11092,-0.05311,0.011757,8.8545
3.5474,2.0053,0.11092,-0.053205,0.011872,8.854
3.5474,2.0053,0.11092,-0.053297,0.011923,8.848
3.5475,2.0053,0.11092,-0.053381,0.011993,8.855
3.5475,2.0053,0.11092,-0.053447,0.012047,8.8525
3.5476,2.0053,0.11093,-0.053504,0.012083,8.8432
3.5476,2.0053,0.11093,-0.053559,0.01215,8.8503
3.5477,2.0053,0.11093,-0.053624,0.012251,8.8478
3.5477,2.0053,0.11093,-0.053698,0.012409,8.8411
3.5478,2.0053,0.11093,-0.053768,0.01255,8.8449
3.5478,2.0053,0.11093,-0.053847,0.012637,8.8474
3.5479,2.0053,0.11093,-0.05392,0.01277,8.8457
3.5479,2.0053,0.11093,-0.053986,0.012889,8.8509
3.548,2.0053,0.11093,-0.054047,0.012994,8.8594
3.5481,2.0052,0.11093,-0.054113,0.013153,8.8516
3.5481,2.0052,0.11093,-0.054181,0.01334,8.8488
3.5482,2.0052,0.11093,-0.054242,0.013546,8.8523
3.5482,2.0052,0.11093,-0.054291,0.013718,8.8403
3.5483,2.0052,0.11093,-0.054331,0.013859,8.8308
3.5483,2.0052,0.11093,-0.054354,0.013988,8.8335
3.5484,2.0052,0.11094,-0.054382,0.014113,8.8309
3.5484,2.0052,0.11094,-0.05441,0.014263,8.821
3.5485,2.0052,0.11094,-0.054447,0.014458,8.828
3.5485,2.0052,0.11094,-0.05448,0.014656,8.827
3.5486,2.0052,0.11094,-0.05452,0.014875,8.81
3.5486,2.0052,0.11094,-0.054562,0.015105,8.8141
3.5487,2.0052,0.11094,-0.054601,0.01532,8.8168
3.5487,2.0052,0.11094,-0.054632,0.015507,8.7987
3.5488,2.0052,0.11094,-0.054668,0.015698,8.7993
3.5488,2.0052,0.11094,-0.054699,0.015918,8.8134
3.5489,2.0052,0.11094,-0.054725,0.016106,8.8033
3.5489,2.0052,0.11094,-0.054741,0.016255,8.8017
3.549,2.0052,0.11095,-0.054759,0.01642,8.8138
3.5491,2.0052,0.11095,-0.054781,0.016559,8.8141
3.5491,2.0052,0.11095,-0.054812,0.016692,8.81
3.5492,2.0052,0.11095,-0.054856,0.016816,8.8163
3.5492,2.0052,0.11095,-0.054914,0.01692,8.817
3.5493,2.0052,0.11095,-0.054983,0.01704,8.809
3.5493,2.0052,0.11095,-0.055059,0.017121,8.8125
3.5494,2.0052,0.11095,-0.055135,0.017202,8.8163
3.5494,2.0052,0.11095,-0.055204,0.017311,8.8119
3.5495,2.0052,0.11095,-0.055269,0.017414,8.8204
3.5495,2.0052,0.11095,-0.055332,0.017608,8.8271
3.5496,2.0052,0.11096,-0.055391,0.017838,8.8204
3.5496,2.0052,0.11096,-0.055448,0.01806,8.8214
3.5497,2.0052,0.11096,-0.055502,0.018262,8.8224
3.5497,2.0052,0.11096,-0.055554,0.018415,8.8154
3.5498,2.0052,0.11096,-0.055602,0.01854,8.8097
3.5498,2.0052,0.11096,-0.055646,0.018668,8.8108
3.5499,2.0051,0.11096,-0.055688,0.018783,8.8068
3.5499,2.0051,0.11096,-0.055731,0.018934,8.8019
3.55,2.0051,0.11096,-0.055776,0.019049,8.8107
3.5501,2.0051,0.11096,-0.055823,0.019151,8.805
3.5501,2.0051,0.11097,-0.055872,0.019219,8.7947
3.5502,2.0051,0.11097,-0.05592,0.019255,8.7998
3.5502,2.0051,0.11097,-0.055966,0.019301,8.8011
3.5503,2.0051,0.11097,-0.056006,0.019376,8.795
3.5503,2.0051,0.11097,-0.056042,0.019444,8.7984
3.5504,2.0051,0.11097,-0.056073,0.019491,8.8104
3.5504,2.0051,0.11097,-0.056101,0.019485,8.8054
3.5505,2.0051,0.11097,-0.056126,0.019502,8.8133
3.5505,2.0051,0.11097,-0.056146,0.019506,8.8262
3.5506,2.0051,0.11097,-0.056162,0.019515,8.8261
3.5506,2.0051,0.11098,-0.056175,0.019534,8.8202
3.5507,2.0051,0.11098,-0.056183,0.019568,8.8349
3.5507,2.0051,0.11098,-0.056188,0.019629,8.8393
3.5508,2.0051,0.11098,-0.056191,0.019693,8.8255
3.5508,2.0051,0.11098,-0.056187,0.019725,8.83
3.5509,2.0051,0.11098,-0.056177,0.019777,8.8366
3.5509,2.0051,0.11098,-0.056161,0.019789,8.8256
3.551,2.0051,0.11098,-0.056141,0.019797,8.8262
3.5511,2.0051,0.11098,-0.056117,0.019792,8.8348
3.5511,2.0051,0.11098,-0.056092,0.019772,8.8228
3.5512,2.0051,0.11099,-0.056065,0.019763,8.8274
3.5512,2.0051,0.11099,-0.056034,0.019758,8.8278
3.5513,2.0051,0.11099,-0.055992,0.019757,8.8192
3.5513,2.0051,0.11099,-0.055941,0.019765,8.8081
3.5514,2.0051,0.11099,-0.05588,0.019768,8.8143
3.5514,2.0051,0.11099,-0.055815,0.019801,8.8132
3.5515,2.0051,0.11099,-0.055749,0.019875,8.809
3.5515,2.0051,0.11099,-0.055688,0.019953,8.8179
3.5516,2.0051,0.11099,-0.055629,0.020055,8.8202
3.5516,2.005,0.111,-0.055572,0.020173,8.8087
3.5517,2.005,0.111,-0.055515,0.020306,8.8193
3.5517,2.005,0.111,-0.055456,0.020426,8.8172
3.5518,2.005,0.111,-0.055391,0.020545,8.807
3.5518,2.005,0.111,-0.055322,0.020662,8.8093
3.5519,2.005,0.111,-0.055249,0.020789,8.818
3.5519,2.005,0.111,-0.055173,0.020901,8.8091
3.552,2.005,0.111,-0.055094,0.020979,8.8194
3.5521,2.005,0.111,-0.05501,0.021015,8.8335
3.5521,2.005,0.11101,-0.054923,0.020998,8.8281
3.5522,2.005,0.11101,-0.054833,0.020961,8.8218
3.5522,2.005,0.11101,-0.054739,0.020939,8.8359
3.5523,2.005,0.11101,-0.054641,0.020952,8.8281
3.5523,2.005,0.11101,-0.05454,0.021044,8.8251
3.5524,2.005,0.11101,-0.054436,0.021152,8.8299
3.5524,2.005,0.11101,-0.054328,0.021278,8.8336
3.5525,2.005,0.11101,-0.054211,0.021382,8.8291
3.5525,2.005,0.11101,-0.054094,0.021456,8.8353
3.5526,2.005,0.11102,-0.053988,0.021467,8.8442
3.5526,2.005,0.11102,-0.053889,0.021357,8.8388
3.5527,2.005,0.11102,-0.053789,0.021191,8.8321
3.5527,2.005,0.11102,-0.053692,0.021019,8.8358
3.5528,2.005,0.11102,-0.053605,0.020837,8.8256
3.5528,2.005,0.11102,-0.053515,0.020728,8.8185
3.5529,2.005,0.11102,-0.05342,0.020635,8.8268
3.5529,2.005,0.11102,-0.05333,0.020549,8.8195
3.553,2.005,0.11102,-0.053254,0.020402,8.8029
3.5531,2.005,0.11102,-0.053181,0.020202,8.8158
3.5531,2.005,0.11103,-0.053106,0.020005,8.8122
3.5532,2.005,0.11103,-0.053037,0.019837,8.7979
3.5532,2.005,0.11103,-0.052976,0.019747,8.801
3.5533,2.005,0.11103,-0.05291,0.019721,8.8021
3.5533,2.005,0.11103,-0.052844,0.019696,8.7931
3.5534,2.005,0.11103,-0.052779,0.019674,8.7907
3.5534,2.005,0.11103,-0.052713,0.019636,8.8007
3.5535,2.005,0.11103,-0.052648,0.019592,8.7972
3.5535,2.0049,0.11103,-0.052582,0.019486,8.8003
3.5536,2.0049,0.11104,-0.052517,0.019358,8.8168
3.5536,2.0049,0.11104,-0.052453,0.019249,8.8117
3.5537,2.0049,0.11104,-0.052388,0.019103,8.8059
3.5537,2.0049,0.11104,-0.052324,0.018963,8.8177
3.5538,2.0049,0.11104,-0.052261,0.01887,8.8074
3.5538,2.0049,0.11104,-0.052203,0.018785,8.802
3.5539,2.0049,0.11104,-0.052137,0.018683,8.7975
3.5539,2.0049,0.11104,-0.052076,0.018518,8.799
3.554,2.0049,0.11104,-0.051998,0.018347,8.7884
3.5541,2.0049,0.11104,-0.051903,0.018171,8.7876
3.5541,2.0049,0.11105,-0.051798,0.017957,8.8001
3.5542,2.0049,0.11105,-0.051678,0.017729,8.7941
3.5542,2.0049,0.11105,-0.051544,0.017502,8.7877
3.5543,2.0049,0.11105,-0.051396,0.017243,8.7987
3.5543,2.0049,0.11105,-0.051237,0.016982,8.7887
3.5544,2.0049,0.11105,-0.051089,0.016691,8.7841
3.5544,2.0049,0.11105,-0.050937,0.016424,8.7915
3.5545,2.0049,0.11105,-0.050806,0.016181,8.786
3.5545,2.0049,0.11105,-0.050703,0.015965,8.7816
3.5546,2.0049,0.11105,-0.050617,0.015775,8.7953
3.5546,2.0049,0.11105,-0.050538,0.015603,8.7955
3.5547,2.0049,0.11105,-0.050456,0.015431,8.7911
3.5547,2.0049,0.11106,-0.050373,0.015283,8.7978
3.5548,2.0049,0.11106,-0.050293,0.01512,8.7993
3.5548,2.0049,0.11106,-0.050199,0.014956,8.7942
3.5549,2.0049,0.11106,-0.050108,0.014791,8.8028
3.5549,2.0049,0.11106,-0.050017,0.014626,8.8029
3.555,2.0049,0.11106,-0.049927,0.014461,8.7945
3.5551,2.0049,0.11106,-0.049842,0.014296,8.7957
3.5551,2.0049,0.11106,-0.049763,0.014132,8.8156
3.5552,2.0049,0.11106,-0.049695,0.013968,8.8133
3.5552,2.0049,0.11106,-0.049639,0.01382,8.8101
3.5553,2.0049,0.11106,-0.049587,0.013663,8.8227
3.5553,2.0049,0.11106,-0.04953,0.013481,8.8119
3.5554,2.0049,0.11106,-0.049476,0.013261,8.8037
3.5554,2.0049,0.11107,-0.049418,0.012998,8.8062
3.5555,2.0048,0.11107,-0.049352,0.012679,8.8087
3.5555,2.0048,0.11107,-0.049272,0.012336,8.7956
3.5556,2.0048,0.11107,-0.04919,0.012017,8.7998
3.5556,2.0048,0.11107,-0.049104,0.011736,8.8125
3.5557,2.0048,0.11107,-0.049031,0.01145,8.8008
3.5557,2.0048,0.11107,-0.048953,0.011185,8.8034
3.5558,2.0048,0.11107,-0.048889,0.010922,8.8093
3.5558,2.0048,0.11107,-0.048833,0.010625,8.8017
3.5559,2.0048,0.11107,-0.048787,0.010297,8.8041
3.5559,2.0048,0.11107,-0.048745,0.0099774,8.8178
3.556,2.0048,0.11107,-0.048717,0.009696,8.8143
3.5561,2.0048,0.11107,-0.048696,0.0094366,8.8057
3.5561,2.0048,0.11107,-0.048691,0.0092045,8.8234
3.5562,2.0048,0.11107,-0.048695,0.0089909,8.827
3.5562,2.0048,0.11107,-0.048703,0.0087718,8.8204
3.5563,2.0048,0.11107,-0.048709,0.0085294,8.8342
3.5563,2.0048,0.11107,-0.048716,0.0082839,8.8392
3.5564,2.0048,0.11107,-0.048725,0.0080568,8.8275
3.5564,2.0048,0.11108,-0.048733,0.007817,8.8298
3.5565,2.0048,0.11108,-0.048742,0.0075779,8.8416
3.5565,2.0048,0.11108,-0.048759,0.0073535,8.8308
3.5566,2.0048,0.11108,-0.04879,0.0071273,8.8316
3.5566,2.0048,0.11108,-0.048815,0.0068819,8.8428
3.5567,2.0048,0.11108,-0.048831,0.0066267,8.8444
3.5567,2.0048,0.11108,-0.04885,0.0063849,8.8463
3.5568,2.0048,0.11108,-0.048879,0.0061687,8.8595
3.5568,2.0048,0.11108,-0.048908,0.0059455,8.8556
3.5569,2.0048,0.11108,-0.048928,0.0057344,8.849
3.5569,2.0048,0.11108,-0.048943,0.0055412,8.8453
3.557,2.0048,0.11108,-0.048948,0.0053724,8.8492
3.5571,2.0048,0.11108,-0.048937,0.0051887,8.8354
3.5571,2.0048,0.11108,-0.048911,0.0050027,8.8415
3.5572,2.0048,0.11108,-0.048889,0.0048242,8.8495
3.5572,2.0048,0.11108,-0.048873,0.0046494,8.8438
3.5573,2.0048,0.11108,-0.048856,0.0044785,8.846
3.5573,2.0048,0.11108,-0.048852,0.0043116,8.8559
3.5574,2.0048,0.11108,-0.048856,0.0041633,8.8457
3.5574,2.0048,0.11108,-0.048872,0.0039954,8.8446
3.5575,2.0048,0.11108,-0.048908,0.0038285,8.855
3.5575,2.0047,0.11108,-0.048954,0.0036451,8.8488
3.5576,2.0047,0.11108,-0.049007,0.0034192,8.8482
3.5576,2.0047,0.11108,-0.049054,0.0031694,8.8636
3.5577,2.0047,0.11108,-0.049086,0.0029118,8.8622
3.5577,2.0047,0.11108,-0.049116,0.002673,8.8564
3.5578,2.0047,0.11108,-0.049128,0.002497,8.866
3.5578,2.0047,0.11108,-0.04914,0.0023153,8.8704
3.5579,2.0047,0.11108,-0.049154,0.0021652,8.8636
3.5579,2.0047,0.11108,-0.049172,0.0020521,8.8619
3.558,2.0047,0.11108,-0.049187,0.0018818,8.8699
3.5581,2.0047,0.11108,-0.049205,0.0016858,8.8557
3.5581,2.0047,0.11108,-0.049228,0.0014942,8.8511
3.5582,2.0047,0.11108,-0.049266,0.0013097,8.8623
3.5582,2.0047,0.11108,-0.049312,0.0011253,8.86
3.5583,2.0047,0.11108,-0.049381,0.0009546,8.8482
3.5583,2.0047,0.11108,-0.049456,0.00077253,8.8582
3.5584,2.0047,0.11108,-0.049537,0.00058397,8.8596
3.5584,2.0047,0.11108,-0.049618,0.00034752,8.8496
3.5585,2.0047,0.11108,-0.049708,0.00014002,8.8491
3.5585,2.0047,0.11108,-0.049792,-4.3227e-05,8.8525
3.5586,2.0047,0.11108,-0.049872,-0.00020699,8.8456
3.5586,2.0047,0.11108,-0.04995,-0.00033269,8.8426
3.5587,2.0047,0.11108,-0.050036,-0.00040061,8.8524
3.5587,2.0047,0.11108,-0.050121,-0.00049745,8.8484
3.5588,2.0047,0.11108,-0.050209,-0.00064379,8.8513
3.5588,2.0047,0.11108,-0.050309,-0.00078198,8.8649
3.5589,2.0047,0.11108,-0.050428,-0.00090657,8.8524
3.5589,2.0047,0.11108,-0.050547,-0.0010508,8.8559
3.559,2.0047,0.11108,-0.050658,-0.0012041,8.8556
3.5591,2.0047,0.11108,-0.050752,-0.0013258,8.8519
3.5591,2.0047,0.11108,-0.050816,-0.0014075,8.8434
3.5592,2.0047,0.11108,-0.050862,-0.0014705,8.855
3.5592,2.0047,0.11108,-0.050886,-0.0015491,8.8577
3.5593,2.0047,0.11108,-0.050901,-0.0015954,8.8479
3.5593,2.0047,0.11108,-0.050934,-0.0016212,8.8596
3.5594,2.0047,0.11108,-0.050982,-0.0016304,8.8616
3.5594,2.0047,0.11108,-0.051037,-0.0016188,8.8536
3.5595,2.0047,0.11108,-0.051101,-0.0015972,8.853
3.5595,2.0046,0.11108,-0.051177,-0.0015341,8.8502
3.5596,2.0046,0.11108,-0.051263,-0.0014797,8.8446
3.5596,2.0046,0.11108,-0.051349,-0.0014522,8.8405
3.5597,2.0046,0.11108,-0.051446,-0.001476,8.8495
3.5597,2.0046,0.11108,-0.051564,-0.0015219,8.8425
3.5598,2.0046,0.11108,-0.051686,-0.001621,8.8421
3.5598,2.0046,0.11108,-0.051793,-0.0017414,8.8556
3.5599,2.0046,0.11108,-0.051897,-0.0018895,8.8516
3.5599,2.0046,0.11108,-0.051991,-0.001998,8.8413
3.56,2.0046,0.11108,-0.052073,-0.0021031,8.8451
3.5601,2.0046,0.11108,-0.052143,-0.0021808,8.8452
3.5601,2.0046,0.11108,-0.052215,-0.0022511,8.8354
3.5602,2.0046,0.11108,-0.052296,-0.0022836,8.8415
3.5602,2.0046,0.11108,-0.052374,-0.0023192,8.8504
3.5603,2.0046,0.11108,-0.052448,-0.0023335,8.8434
3.5603,2.0046,0.11108,-0.052536,-0.002319,8.8457
3.5604,2.0046,0.11108,-0.052615,-0.0022533,8.8534
3.5604,2.0046,0.11108,-0.052699,-0.0022121,8.8437
3.5605,2.0046,0.11108,-0.052784,-0.0021614,8.8431
3.5605,2.0046,0.11108,-0.052871,-0.0021333,8.8484
3.5606,2.0046,0.11108,-0.052951,-0.002101,8.8505
3.5606,2.0046,0.11108,-0.053018,-0.0020752,8.8399
3.5607,2.0046,0.11108,-0.053075,-0.0020749,8.8483
3.5607,2.0046,0.11108,-0.053127,-0.0020739,8.8413
3.5608,2.0046,0.11108,-0.053165,-0.0020304,8.8423
3.5608,2.0046,0.11108,-0.0532,-0.0019995,8.8469
3.5609,2.0046,0.11108,-0.053241,-0.0019253,8.8511
3.5609,2.0046,0.11108,-0.053283,-0.0018484,8.8401
3.561,2.0046,0.11108,-0.053325,-0.0017657,8.8425
3.5611,2.0046,0.11108,-0.053365,-0.00167,8.8465
3.5611,2.0046,0.11108,-0.053407,-0.0015952,8.8322
3.5612,2.0046,0.11108,-0.053453,-0.0015328,8.8261
3.5612,2.0046,0.11108,-0.053504,-0.0014699,8.8341
3.5613,2.0046,0.11108,-0.053564,-0.0014317,8.8288
3.5613,2.0046,0.11108,-0.053629,-0.0013845,8.8255
3.5614,2.0046,0.11108,-0.053695,-0.0013462,8.8375
3.5614,2.0045,0.11108,-0.053761,-0.0013209,8.8371
3.5615,2.0045,0.11108,-0.053817,-0.0012673,8.8374
3.5615,2.0045,0.11108,-0.053866,-0.0012066,8.8446
3.5616,2.0045,0.11108,-0.053912,-0.0011452,8.8557
3.5616,2.0045,0.11108,-0.053955,-0.0010795,8.8453
3.5617,2.0045,0.11108,-0.054001,-0.0010095,8.8578
3.5617,2.0045,0.11108,-0.054049,-0.00093537,8.8643
3.5618,2.0045,0.11108,-0.054099,-0.00085712,8.8663
3.5618,2.0045,0.11108,-0.054151,-0.0007894,8.8708
3.5619,2.0045,0.11108,-0.054201,-0.00070875,8.8818
3.5619,2.0045,0.11108,-0.054251,-0.00059746,8.8759
3.562,2.0045,0.11108,-0.054301,-0.00044388,8.8732
3.5621,2.0045,0.11108,-0.054349,-0.00022445,8.8784
3.5621,2.0045,0.11108,-0.054398,2.9889e-05,8.8731
3.5622,2.0045,0.11108,-0.054445,0.00028453,8.8646
3.5622,2.0045,0.11108,-0.054492,0.0005184,8.8767
3.5623,2.0045,0.11108,-0.054538,0.00069583,8.8757
3.5623,2.0045,0.11108,-0.054584,0.00083684,8.8672
3.5624,2.0045,0.11108,-0.054628,0.00094045,8.8747
3.5624,2.0045,0.11108,-0.054672,0.0010515,8.8821
3.5625,2.0045,0.11108,-0.054715,0.0012174,8.8663
3.5625,2.0045,0.11108,-0.054751,0.0014339,8.8735
3.5626,2.0045,0.11108,-0.05479,0.0017074,8.8784
3.5626,2.0045,0.11108,-0.054842,0.0020235,8.8628
3.5627,2.0045,0.11108,-0.054905,0.0023418,8.8638
3.5627,2.0045,0.11108,-0.054972,0.0026351,8.8695
3.5628,2.0045,0.11108,-0.05504,0.0028582,8.8671
3.5628,2.0045,0.11108,-0.055104,0.0030647,8.8633
3.5629,2.0045,0.11108,-0.055156,0.0032596,8.8752
3.5629,2.0045,0.11108,-0.055193,0.0034567,8.8771
3.563,2.0045,0.11108,-0.055225,0.0036681,8.8684
3.5631,2.0045,0.11108,-0.055261,0.0038825,8.8738
3.5631,2.0045,0.11108,-0.055295,0.0040895,8.8675
3.5632,2.0045,0.11108,-0.055327,0.0042815,8.8562
3.5632,2.0045,0.11108,-0.055358,0.0044508,8.8599
3.5633,2.0044,0.11108,-0.055388,0.004635,8.8684
3.5633,2.0044,0.11108,-0.055415,0.0048203,8.8673
3.5634,2.0044,0.11108,-0.055441,0.0050068,8.8761
3.5634,2.0044,0.11108,-0.055465,0.0051944,8.8831
3.5635,2.0044,0.11108,-0.055488,0.0053832,8.8702
3.5635,2.0044,0.11108,-0.055508,0.0055731,8.8707
3.5636,2.0044,0.11108,-0.055526,0.005764,8.8829
3.5636,2.0044,0.11108,-0.055543,0.0059559,8.8714
3.5637,2.0044,0.11108,-0.055557,0.0061486,8.8578
3.5637,2.0044,0.11108,-0.05557,0.0063421,8.8663
3.5638,2.0044,0.11108,-0.05558,0.0065365,8.8571
3.5638,2.0044,0.11108,-0.055588,0.0067319,8.847
3.5639,2.0044,0.11108,-0.055589,0.0069281,8.8565
3.5639,2.0044,0.11108,-0.05559,0.0071252,8.8557
3.564,2.0044,0.11108,-0.055599,0.007323,8.8394
3.5641,2.0044,0.11109,-0.05562,0.0075179,8.8463
3.5641,2.0044,0.11109,-0.055655,0.0077155,8.8489
3.5642,2.0044,0.11109,-0.055703,0.0079196,8.8417
3.5642,2.0044,0.11109,-0.055761,0.0081322,8.8356
3.5643,2.0044,0.11109,-0.055823,0.0083571,8.8446
3.5643,2.0044,0.11109,-0.055878,0.0085834,8.8391
3.5644,2.0044,0.11109,-0.055943,0.00881,8.8339
3.5644,2.0044,0.11109,-0.056,0.0090346,8.8486
3.5645,2.0044,0.11109,-0.056054,0.0092529,8.8455
3.5645,2.0044,0.11109,-0.056109,0.0094705,8.8348
3.5646,2.0044,0.11109,-0.056165,0.0096891,8.8453
3.5646,2.0044,0.11109,-0.056223,0.0099104,8.8401
3.5647,2.0044,0.11109,-0.05628,0.010136,8.827
3.5647,2.0044,0.11109,-0.056338,0.010356,8.8331
3.5648,2.0044,0.11109,-0.056403,0.010574,8.8428
3.5648,2.0044,0.11109,-0.056458,0.010791,8.826
3.5649,2.0044,0.11109,-0.056512,0.011005,8.8329
3.5649,2.0044,0.11109,-0.056568,0.011218,8.8424
3.565,2.0044,0.11109,-0.056624,0.011429,8.8317
3.5651,2.0043,0.1111,-0.056681,0.011638,8.8289
3.5651,2.0043,0.1111,-0.056738,0.011848,8.8289
3.5652,2.0043,0.1111,-0.056795,0.01205,8.8178
3.5652,2.0043,0.1111,-0.056852,0.012245,8.8061
3.5653,2.0043,0.1111,-0.05691,0.012436,8.8143
3.5653,2.0043,0.1111,-0.056967,0.012625,8.8104
3.5654,2.0043,0.1111,-0.05703,0.012813,8.8021
3.5654,2.0043,0.1111,-0.05709,0.013002,8.8042
3.5655,2.0043,0.1111,-0.05714,0.013193,8.8113
3.5655,2.0043,0.1111,-0.057178,0.013388,8.8056
3.5656,2.0043,0.1111,-0.057202,0.013577,8.806
3.5656,2.0043,0.1111,-0.057215,0.013764,8.809
3.5657,2.0043,0.1111,-0.057222,0.013948,8.802
3.5657,2.0043,0.1111,-0.057228,0.014129,8.8039
3.5658,2.0043,0.1111,-0.057243,0.014308,8.8141
3.5658,2.0043,0.11111,-0.05726,0.014483,8.8081
3.5659,2.0043,0.11111,-0.05728,0.014656,8.8154
3.5659,2.0043,0.11111,-0.057306,0.014825,8.8257
3.566,2.0043,0.11111,-0.057332,0.014992,8.8212
3.5661,2.0043,0.11111,-0.057358,0.015155,8.8147
3.5661,2.0043,0.11111,-0.057379,0.015316,8.8238
3.5662,2.0043,0.11111,-0.057394,0.015473,8.8208
3.5662,2.0043,0.11111,-0.057408,0.015628,8.8057
3.5663,2.0043,0.11111,-0.057422,0.015779,8.8125
3.5663,2.0043,0.11111,-0.057436,0.015927,8.8118
3.5664,2.0043,0.11111,-0.057454,0.016072,8.7976
3.5664,2.0043,0.11111,-0.05748,0.016214,8.807
3.5665,2.0043,0.11112,-0.057508,0.016352,8.8176
3.5665,2.0043,0.11112,-0.057541,0.016487,8.8061
3.5666,2.0043,0.11112,-0.057572,0.01662,8.8045
3.5666,2.0043,0.11112,-0.05761,0.016752,8.8121
3.5667,2.0043,0.11112,-0.057646,0.016875,8.7999
3.5667,2.0043,0.11112,-0.05768,0.01699,8.792
3.5668,2.0042,0.11112,-0.057716,0.017099,8.7937
3.5668,2.0042,0.11112,-0.057758,0.017203,8.788
3.5669,2.0042,0.11112,-0.057803,0.017303,8.7751
3.5669,2.0042,0.11112,-0.057854,0.017402,8.7926
3.567,2.0042,0.11112,-0.057908,0.017501,8.798
3.5671,2.0042,0.11113,-0.057969,0.017603,8.7931
3.5671,2.0042,0.11113,-0.058025,0.017697,8.8005
3.5672,2.0042,0.11113,-0.058083,0.017788,8.8084
3.5672,2.0042,0.11113,-0.058139,0.017875,8.8054
3.5673,2.0042,0.11113,-0.058191,0.017972,8.806
3.5673,2.0042,0.11113,-0.058238,0.018056,8.8161
3.5674,2.0042,0.11113,-0.058282,0.018095,8.8114
3.5674,2.0042,0.11113,-0.05832,0.018106,8.8166
3.5675,2.0042,0.11113,-0.058361,0.018103,8.8267
3.5675,2.0042,0.11113,-0.0584,0.0181,8.8311
3.5676,2.0042,0.11113,-0.058436,0.018109,8.8254
3.5676,2.0042,0.11114,-0.058478,0.018147,8.8377
3.5677,2.0042,0.11114,-0.058529,0.018219,8.8248
3.5677,2.0042,0.11114,-0.058591,0.018285,8.8187
3.5678,2.0042,0.11114,-0.058663,0.018342,8.8229
3.5678,2.0042,0.11114,-0.058741,0.018364,8.8266
3.5679,2.0042,0.11114,-0.058828,0.018343,8.8168
3.5679,2.0042,0.11114,-0.058914,0.018324,8.8172
3.568,2.0042,0.11114,-0.058993,0.018312,8.8263
3.5681,2.0042,0.11114,-0.059073,0.018311,8.8229
3.5681,2.0042,0.11114,-0.059153,0.0183,8.8155
3.5682,2.0042,0.11115,-0.059234,0.018332,8.8241
3.5682,2.0042,0.11115,-0.059313,0.018354,8.8142
3.5683,2.0042,0.11115,-0.059384,0.018381,8.8018
3.5683,2.0042,0.11115,-0.059452,0.01839,8.8137
3.5684,2.0042,0.11115,-0.059512,0.018395,8.8144
3.5684,2.0042,0.11115,-0.059569,0.018349,8.8061
3.5685,2.0041,0.11115,-0.059624,0.018264,8.82
3.5685,2.0041,0.11115,-0.059682,0.018149,8.8235
3.5686,2.0041,0.11115,-0.059746,0.018045,8.8183
3.5686,2.0041,0.11115,-0.059811,0.017931,8.8316
3.5687,2.0041,0.11115,-0.059876,0.017921,8.8433
3.5687,2.0041,0.11116,-0.059943,0.017958,8.837
3.5688,2.0041,0.11116,-0.060007,0.018,8.832
3.5688,2.0041,0.11116,-0.060064,0.018036,8.8433
3.5689,2.0041,0.11116,-0.060124,0.018084,8.8361
3.5689,2.0041,0.11116,-0.060192,0.018155,8.8318
3.569,2.0041,0.11116,-0.060271,0.018217,8.8456
3.5691,2.0041,0.11116,-0.060372,0.018277,8.8456
3.5691,2.0041,0.11116,-0.060482,0.018323,8.8394
3.5692,2.0041,0.11116,-0.060607,0.018374,8.8474
3.5692,2.0041,0.11116,-0.060739,0.018378,8.8382
3.5693,2.0041,0.11117,-0.060854,0.018339,8.8279
3.5693,2.0041,0.11117,-0.060963,0.018256,8.8224
3.5694,2.0041,0.11117,-0.06107,0.018131,8.821
3.5694,2.0041,0.11117,-0.061171,0.017984,8.8077
3.5695,2.0041,0.11117,-0.061262,0.017795,8.8138
3.5695,2.0041,0.11117,-0.061344,0.01759,8.8186
3.5696,2.0041,0.11117,-0.061426,0.01744,8.8132
3.5696,2.0041,0.11117,-0.061499,0.01732,8.8062
3.5697,2.0041,0.11117,-0.061548,0.017238,8.815
3.5697,2.0041,0.11117,-0.061594,0.017181,8.7962
3.5698,2.0041,0.11117,-0.06165,0.017133,8.7857
3.5698,2.0041,0.11118,-0.061705,0.017114,8.7883
3.5699,2.0041,0.11118,-0.061763,0.017081,8.78
3.5699,2.0041,0.11118,-0.061826,0.01705,8.7744
3.57,2.0041,0.11118,-0.061895,0.017019,8.7854
3.5701,2.0041,0.11118,-0.061958,0.016989,8.7911
3.5701,2.0041,0.11118,-0.062008,0.016971,8.7864
3.5702,2.004,0.11118,-0.06206,0.016959,8.7923
3.5702,2.004,0.11118,-0.062114,0.016954,8.7968
3.5703,2.004,0.11118,-0.062152,0.016956,8.7892
3.5703,2.004,0.11118,-0.062195,0.016964,8.7912
3.5704,2.004,0.11118,-0.06223,0.016979,8.799
3.5704,2.004,0.11119,-0.062261,0.017001,8.79
3.5705,2.004,0.11119,-0.062284,0.017028,8.7897
3.5705,2.004,0.11119,-0.062311,0.017062,8.8017
3.5706,2.004,0.11119,-0.062349,0.017102,8.7932
3.5706,2.004,0.11119,-0.062393,0.017147,8.7881
3.5707,2.004,0.11119,-0.062441,0.017197,8.7942
3.5707,2.004,0.11119,-0.062503,0.017253,8.788
3.5708,2.004,0.11119,-0.062568,0.017315,8.7849
3.5708,2.004,0.11119,-0.062627,0.017381,8.7798
3.5709,2.004,0.11119,-0.062691,0.017452,8.7812
3.5709,2.004,0.11119,-0.062745,0.017529,8.7692
3.571,2.004,0.1112,-0.062793,0.017611,8.7781
3.5711,2.004,0.1112,-0.062837,0.017698,8.7845
3.5711,2.004,0.1112,-0.06288,0.017789,8.777
3.5712,2.004,0.1112,-0.062924,0.017886,8.7838
3.5712,2.004,0.1112,-0.062969,0.017987,8.7977
3.5713,2.004,0.1112,-0.063029,0.018092,8.7834
3.5713,2.004,0.1112,-0.063098,0.018203,8.7801
3.5714,2.004,0.1112,-0.063141,0.018317,8.7939
3.5714,2.004,0.1112,-0.063182,0.018436,8.79
3.5715,2.004,0.1112,-0.063217,0.01856,8.7884
3.5715,2.004,0.1112,-0.063235,0.018688,8.8028
3.5716,2.004,0.11121,-0.063246,0.01882,8.8043
3.5716,2.004,0.11121,-0.063262,0.018956,8.797
3.5717,2.004,0.11121,-0.063299,0.019097,8.8066
3.5717,2.0039,0.11121,-0.063336,0.019241,8.8116
3.5718,2.0039,0.11121,-0.063371,0.01939,8.8027
3.5718,2.0039,0.11121,-0.063418,0.019542,8.8048
3.5719,2.0039,0.11121,-0.063464,0.019699,8.8101
3.5719,2.0039,0.11121,-0.06349,0.019859,8.8024
3.572,2.0039,0.11121,-0.063505,0.020023,8.794
3.5721,2.0039,0.11122,-0.063513,0.020191,8.8
3.5721,2.0039,0.11122,-0.063513,0.020363,8.8017
3.5722,2.0039,0.11122,-0.063501,0.020539,8.7965
3.5722,2.0039,0.11122,-0.063488,0.020718,8.8019
3.5723,2.0039,0.11122,-0.063485,0.020901,8.7966
3.5723,2.0039,0.11122,-0.063488,0.021083,8.7872
3.5724,2.0039,0.11122,-0.063501,0.021272,8.7989
3.5724,2.0039,0.11122,-0.063526,0.021474,8.7939
3.5725,2.0039,0.11122,-0.063564,0.021685,8.7784
3.5725,2.0039,0.11123,-0.063619,0.021898,8.7855
3.5726,2.0039,0.11123,-0.063672,0.02212,8.7981
3.5726,2.0039,0.11123,-0.06372,0.022341,8.8037
3.5727,2.0039,0.11123,-0.063778,0.022562,8.8068
3.5727,2.0039,0.11123,-0.06382,0.022786,8.8173
3.5728,2.0039,0.11123,-0.063858,0.023016,8.8165
3.5728,2.0039,0.11123,-0.063902,0.023249,8.8194
3.5729,2.0039,0.11123,-0.063942,0.023482,8.8268
3.5729,2.0039,0.11123,-0.063986,0.023714,8.8248
3.573,2.0039,0.11124,-0.064024,0.023954,8.8128
3.5731,2.0039,0.11124,-0.064068,0.0242,8.8267
3.5731,2.0039,0.11124,-0.064127,0.024451,8.8279
3.5732,2.0039,0.11124,-0.064175,0.024707,8.8277
3.5732,2.0039,0.11124,-0.064228,0.024954,8.8359
3.5733,2.0039,0.11124,-0.064276,0.025192,8.8416
3.5733,2.0038,0.11124,-0.064311,0.025432,8.8393
3.5734,2.0038,0.11125,-0.064344,0.025675,8.8376
3.5734,2.0038,0.11125,-0.06438,0.02592,8.8435
3.5735,2.0038,0.11125,-0.064423,0.026167,8.8329
3.5735,2.0038,0.11125,-0.064478,0.026418,8.8275
3.5736,2.0038,0.11125,-0.064532,0.026665,8.8373
3.5736,2.0038,0.11125,-0.064594,0.026912,8.8339
3.5737,2.0038,0.11125,-0.064649,0.02716,8.8319
3.5737,2.0038,0.11126,-0.064702,0.027421,8.8415
3.5738,2.0038,0.11126,-0.064754,0.027686,8.8315
3.5738,2.0038,0.11126,-0.064804,0.027949,8.8265
3.5739,2.0038,0.11126,-0.064853,0.028206,8.8384
3.5739,2.0038,0.11126,-0.0649,0.02846,8.8352
3.574,2.0038,0.11126,-0.064946,0.028713,8.8235
3.5741,2.0038,0.11126,-0.06499,0.028972,8.8324
3.5741,2.0038,0.11127,-0.065032,0.029233,8.8456
3.5742,2.0038,0.11127,-0.065072,0.029493,8.8389
3.5742,2.0038,0.11127,-0.065111,0.029744,8.8437
3.5743,2.0038,0.11127,-0.06515,0.029995,8.8598
3.5743,2.0038,0.11127,-0.065183,0.030248,8.8518
3.5744,2.0038,0.11127,-0.065215,0.030494,8.8581
3.5744,2.0038,0.11128,-0.065241,0.030735,8.8609
3.5745,2.0038,0.11128,-0.065259,0.030972,8.8605
3.5745,2.0038,0.11128,-0.065271,0.031208,8.8532
3.5746,2.0038,0.11128,-0.06528,0.031435,8.8632
3.5746,2.0038,0.11128,-0.065289,0.031657,8.8686
3.5747,2.0038,0.11128,-0.0653,0.031892,8.8588
3.5747,2.0038,0.11129,-0.06531,0.032128,8.862
3.5748,2.0038,0.11129,-0.065324,0.032364,8.8713
3.5748,2.0037,0.11129,-0.065337,0.032584,8.8525
3.5749,2.0037,0.11129,-0.065346,0.032796,8.8492
3.5749,2.0037,0.11129,-0.065352,0.033009,8.8493
3.575,2.0037,0.11129,-0.065356,0.033218,8.8414
3.5751,2.0037,0.1113,-0.065358,0.033417,8.8341
3.5751,2.0037,0.1113,-0.065357,0.033624,8.8472
3.5752,2.0037,0.1113,-0.065354,0.033824,8.8384
3.5752,2.0037,0.1113,-0.065349,0.03403,8.8386
3.5753,2.0037,0.1113,-0.065341,0.034227,8.8415
3.5753,2.0037,0.1113,-0.065325,0.034422,8.8399
3.5754,2.0037,0.11131,-0.06531,0.034621,8.8287
3.5754,2.0037,0.11131,-0.065302,0.034816,8.8342
3.5755,2.0037,0.11131,-0.065306,0.035004,8.8354
3.5755,2.0037,0.11131,-0.065323,0.035199,8.8288
3.5756,2.0037,0.11131,-0.065353,0.035392,8.8323
3.5756,2.0037,0.11132,-0.065393,0.035585,8.8398
3.5757,2.0037,0.11132,-0.065438,0.035771,8.8361
3.5757,2.0037,0.11132,-0.065477,0.035952,8.8438
3.5758,2.0037,0.11132,-0.065517,0.036129,8.859
3.5758,2.0037,0.11132,-0.065557,0.036301,8.8469
3.5759,2.0037,0.11132,-0.065598,0.036468,8.8452
3.5759,2.0037,0.11133,-0.065639,0.036631,8.8563
3.576,2.0037,0.11133,-0.06568,0.036789,8.8506
3.5761,2.0037,0.11133,-0.065722,0.036942,8.8398
3.5761,2.0037,0.11133,-0.065764,0.037089,8.8481
3.5762,2.0037,0.11133,-0.065806,0.037232,8.8499
3.5762,2.0037,0.11134,-0.065849,0.037369,8.8348
3.5763,2.0037,0.11134,-0.065892,0.037502,8.8424
3.5763,2.0037,0.11134,-0.065936,0.037629,8.8457
3.5764,2.0036,0.11134,-0.065979,0.037751,8.8276
3.5764,2.0036,0.11134,-0.066024,0.037867,8.8377
3.5765,2.0036,0.11135,-0.066068,0.037978,8.8434
3.5765,2.0036,0.11135,-0.066113,0.038082,8.8289
3.5766,2.0036,0.11135,-0.066158,0.038181,8.8209
3.5766,2.0036,0.11135,-0.066204,0.038274,8.834
3.5767,2.0036,0.11135,-0.06625,0.03836,8.8328
3.5767,2.0036,0.11136,-0.066296,0.03844,8.83
3.5768,2.0036,0.11136,-0.066342,0.038518,8.8407
3.5768,2.0036,0.11136,-0.066389,0.038583,8.8456
3.5769,2.0036,0.11136,-0.066436,0.038642,8.8309
3.5769,2.0036,0.11136,-0.066484,0.038685,8.8432
3.577,2.0036,0.11137,-0.066532,0.038718,8.8442
3.5771,2.0036,0.11137,-0.06658,0.038743,8.8359
3.5771,2.0036,0.11137,-0.066629,0.038763,8.8367
3.5772,2.0036,0.11137,-0.066677,0.038783,8.8416
3.5772,2.0036,0.11137,-0.066727,0.038789,8.8323
3.5773,2.0036,0.11138,-0.066776,0.038798,8.8382
3.5773,2.0036,0.11138,-0.066826,0.038847,8.8536
3.5774,2.0036,0.11138,-0.066878,0.038914,8.8429
3.5774,2.0036,0.11138,-0.066927,0.038991,8.8417
3.5775,2.0036,0.11139,-0.066974,0.039065,8.8536
3.5775,2.0036,0.11139,-0.067022,0.039122,8.8448
3.5776,2.0036,0.11139,-0.067068,0.039147,8.8319
3.5776,2.0036,0.11139,-0.067111,0.039126,8.8384
3.5777,2.0036,0.11139,-0.06715,0.039088,8.8429
3.5777,2.0036,0.1114,-0.067185,0.039042,8.8331
3.5778,2.0036,0.1114,-0.067218,0.039012,8.8402
3.5778,2.0035,0.1114,-0.067243,0.038992,8.8487
3.5779,2.0035,0.1114,-0.067268,0.038977,8.8327
3.5779,2.0035,0.1114,-0.067297,0.03896,8.829
3.578,2.0035,0.11141,-0.067324,0.03892,8.8298
3.5781,2.0035,0.11141,-0.067354,0.038887,8.8163
3.5781,2.0035,0.11141,-0.067384,0.038834,8.8131
3.5782,2.0035,0.11141,-0.067411,0.038786,8.8283
3.5782,2.0035,0.11141,-0.067438,0.038752,8.8257
3.5783,2.0035,0.11142,-0.067462,0.038731,8.8301
3.5783,2.0035,0.11142,-0.067487,0.038725,8.8519
3.5784,2.0035,0.11142,-0.067508,0.038748,8.8539
3.5784,2.0035,0.11142,-0.067524,0.038766,8.8529
3.5785,2.0035,0.11142,-0.067538,0.038793,8.8656
3.5785,2.0035,0.11143,-0.067557,0.038779,8.8642
3.5786,2.0035,0.11143,-0.067563,0.038742,8.8576
3.5786,2.0035,0.11143,-0.067572,0.038633,8.8575
3.5787,2.0035,0.11143,-0.067576,0.038514,8.8772
3.5787,2.0035,0.11143,-0.067574,0.038397,8.8638
3.5788,2.0035,0.11144,-0.067558,0.038301,8.8721
3.5788,2.0035,0.11144,-0.067539,0.038208,8.8836
3.5789,2.0035,0.11144,-0.067527,0.038112,8.8768
3.5789,2.0035,0.11144,-0.067524,0.037997,8.8765
3.579,2.0035,0.11144,-0.067504,0.037843,8.8775
3.5791,2.0035,0.11145,-0.067485,0.037682,8.87
3.5791,2.0035,0.11145,-0.067468,0.03753,8.8664
3.5792,2.0035,0.11145,-0.067453,0.037391,8.8637
3.5792,2.0035,0.11145,-0.067447,0.037277,8.8696
3.5793,2.0035,0.11145,-0.067456,0.037192,8.8566
3.5793,2.0035,0.11146,-0.067472,0.03715,8.8646
3.5794,2.0034,0.11146,-0.067477,0.037103,8.8699
3.5794,2.0034,0.11146,-0.067451,0.03704,8.8595
3.5795,2.0034,0.11146,-0.067412,0.036991,8.8568
3.5795,2.0034,0.11146,-0.067369,0.036922,8.8588
3.5796,2.0034,0.11147,-0.067325,0.036873,8.8498
3.5796,2.0034,0.11147,-0.067286,0.036804,8.849
3.5797,2.0034,0.11147,-0.067251,0.036729,8.8642
3.5797,2.0034,0.11147,-0.067218,0.036663,8.8597
3.5798,2.0034,0.11147,-0.067181,0.036577,8.8598
3.5798,2.0034,0.11148,-0.067134,0.036493,8.875
3.5799,2.0034,0.11148,-0.067092,0.03642,8.8744
3.5799,2.0034,0.11148,-0.067053,0.036368,8.864
3.58,2.0034,0.11148,-0.067018,0.036346,8.8825
3.5801,2.0034,0.11148,-0.066978,0.03631,8.8858
3.5801,2.0034,0.11149,-0.06694,0.036269,8.8761
3.5802,2.0034,0.11149,-0.066907,0.036228,8.8746
3.5802,2.0034,0.11149,-0.066875,0.036179,8.879
3.5803,2.0034,0.11149,-0.066843,0.03613,8.8631
3.5803,2.0034,0.11149,-0.066815,0.036074,8.8636
3.5804,2.0034,0.11149,-0.066788,0.036017,8.8771
3.5804,2.0034,0.1115,-0.066765,0.035965,8.863
3.5805,2.0034,0.1115,-0.066739,0.035936,8.8519
3.5805,2.0034,0.1115,-0.066713,0.035899,8.856
3.5806,2.0034,0.1115,-0.066687,0.035833,8.8443
3.5806,2.0034,0.1115,-0.06666,0.035744,8.8393
3.5807,2.0034,0.11151,-0.066633,0.035665,8.8492
3.5807,2.0034,0.11151,-0.066606,0.035578,8.8392
3.5808,2.0034,0.11151,-0.066578,0.035469,8.8227
3.5808,2.0033,0.11151,-0.066541,0.03538,8.8263
3.5809,2.0033,0.11151,-0.06652,0.0353,8.8303
3.5809,2.0033,0.11152,-0.066501,0.035218,8.8204
3.581,2.0033,0.11152,-0.066494,0.03513,8.8223
3.5811,2.0033,0.11152,-0.06649,0.035072,8.8258
3.5811,2.0033,0.11152,-0.066482,0.035061,8.8145
3.5812,2.0033,0.11152,-0.066461,0.035071,8.8072
3.5812,2.0033,0.11152,-0.06642,0.0351,8.8141
3.5813,2.0033,0.11153,-0.066364,0.035129,8.8107
3.5813,2.0033,0.11153,-0.066336,0.035128,8.8129
3.5814,2.0033,0.11153,-0.066316,0.035134,8.8306
3.5814,2.0033,0.11153,-0.066312,0.035119,8.8265
3.5815,2.0033,0.11153,-0.066329,0.035102,8.8221
3.5815,2.0033,0.11154,-0.066357,0.035079,8.8313
3.5816,2.0033,0.11154,-0.066374,0.035042,8.8301
3.5816,2.0033,0.11154,-0.066376,0.034977,8.8188
3.5817,2.0033,0.11154,-0.066388,0.034883,8.8207
3.5817,2.0033,0.11154,-0.066404,0.034801,8.826
3.5818,2.0033,0.11154,-0.066421,0.034771,8.8069
3.5818,2.0033,0.11155,-0.066443,0.034755,8.8116
3.5819,2.0033,0.11155,-0.066483,0.034748,8.8225
3.5819,2.0033,0.11155,-0.066522,0.03476,8.8151
3.582,2.0033,0.11155,-0.066557,0.03476,8.8041
3.5821,2.0033,0.11155,-0.066591,0.034706,8.8088
3.5821,2.0033,0.11156,-0.066643,0.034666,8.7994
3.5822,2.0033,0.11156,-0.066707,0.034638,8.7927
3.5822,2.0033,0.11156,-0.066783,0.034632,8.7934
3.5823,2.0033,0.11156,-0.066877,0.034624,8.7895
3.5823,2.0033,0.11156,-0.066982,0.034595,8.7862
3.5824,2.0032,0.11156,-0.067073,0.03457,8.7929
3.5824,2.0032,0.11157,-0.06715,0.034517,8.7961
3.5825,2.0032,0.11157,-0.067205,0.03446,8.7854
3.5825,2.0032,0.11157,-0.06726,0.034447,8.7972
3.5826,2.0032,0.11157,-0.067324,0.03448,8.7991
3.5826,2.0032,0.11157,-0.067374,0.034574,8.7939
3.5827,2.0032,0.11158,-0.067445,0.034679,8.7909
3.5827,2.0032,0.11158,-0.067515,0.034796,8.8039
3.5828,2.0032,0.11158,-0.067571,0.034922,8.794
3.5828,2.0032,0.11158,-0.067629,0.035042,8.7896
3.5829,2.0032,0.11158,-0.067686,0.035173,8.8065
3.5829,2.0032,0.11158,-0.067755,0.03531,8.8095
3.583,2.0032,0.11159,-0.067827,0.035458,8.8043
3.5831,2.0032,0.11159,-0.067887,0.035617,8.8129
3.5831,2.0032,0.11159,-0.067965,0.035747,8.812
3.5832,2.0032,0.11159,-0.06803,0.0359,8.7941
3.5832,2.0032,0.11159,-0.0681,0.036045,8.8021
3.5833,2.0032,0.1116,-0.068184,0.036175,8.8034
3.5833,2.0032,0.1116,-0.068268,0.036297,8.7858
3.5834,2.0032,0.1116,-0.068345,0.036431,8.7928
3.5834,2.0032,0.1116,-0.068409,0.036548,8.7962
3.5835,2.0032,0.1116,-0.068456,0.03666,8.7948
3.5835,2.0032,0.11161,-0.068498,0.036787,8.7866
3.5836,2.0032,0.11161,-0.068529,0.036939,8.7925
3.5836,2.0032,0.11161,-0.068566,0.037084,8.7928
3.5837,2.0032,0.11161,-0.068607,0.03723,8.7827
3.5837,2.0032,0.11161,-0.068647,0.037391,8.7854
3.5838,2.0032,0.11162,-0.068686,0.037591,8.7878
3.5838,2.0031,0.11162,-0.068724,0.037776,8.7805
3.5839,2.0031,0.11162,-0.068762,0.037939,8.796
3.5839,2.0031,0.11162,-0.068799,0.038076,8.8001
3.584,2.0031,0.11162,-0.068837,0.038171,8.7952
3.5841,2.0031,0.11163,-0.068874,0.038216,8.8037
3.5841,2.0031,0.11163,-0.068912,0.038257,8.8102
3.5842,2.0031,0.11163,-0.068951,0.038309,8.8008
3.5842,2.0031,0.11163,-0.068989,0.038386,8.8039
3.5843,2.0031,0.11163,-0.069027,0.038453,8.8072
3.5843,2.0031,0.11164,-0.069064,0.03855,8.7993
3.5844,2.0031,0.11164,-0.069101,0.038652,8.7952
3.5844,2.0031,0.11164,-0.069138,0.038779,8.8151
3.5845,2.0031,0.11164,-0.069172,0.038889,8.8147
3.5845,2.0031,0.11164,-0.069209,0.039038,8.811
3.5846,2.0031,0.11165,-0.069249,0.039219,8.8157
3.5846,2.0031,0.11165,-0.069289,0.039384,8.8228
3.5847,2.0031,0.11165,-0.069329,0.039548,8.8132
3.5847,2.0031,0.11165,-0.069367,0.039711,8.8085
3.5848,2.0031,0.11165,-0.069404,0.039884,8.8119
3.5848,2.0031,0.11166,-0.069438,0.04007,8.797
3.5849,2.0031,0.11166,-0.069468,0.040222,8.8031
3.5849,2.0031,0.11166,-0.069499,0.040362,8.8109
3.585,2.0031,0.11166,-0.069531,0.040504,8.8083
3.5851,2.0031,0.11166,-0.069561,0.040612,8.8013
3.5851,2.0031,0.11167,-0.069592,0.040732,8.8119
3.5852,2.0031,0.11167,-0.069621,0.040829,8.8048
3.5852,2.0031,0.11167,-0.06965,0.040955,8.8071
3.5853,2.003,0.11167,-0.069679,0.041072,8.8189
3.5853,2.003,0.11168,-0.069707,0.04121,8.8147
3.5854,2.003,0.11168,-0.069733,0.041364,8.801
3.5854,2.003,0.11168,-0.069761,0.041531,8.8129
3.5855,2.003,0.11168,-0.069792,0.041695,8.8179
3.5855,2.003,0.11168,-0.069823,0.041857,8.814
3.5856,2.003,0.11169,-0.069854,0.042005,8.8249
3.5856,2.003,0.11169,-0.069883,0.042142,8.8335
3.5857,2.003,0.11169,-0.06991,0.04226,8.8233
3.5857,2.003,0.11169,-0.069934,0.042395,8.8247
3.5858,2.003,0.1117,-0.069953,0.04252,8.8256
3.5858,2.003,0.1117,-0.069974,0.042672,8.8164
3.5859,2.003,0.1117,-0.069993,0.042843,8.8061
3.5859,2.003,0.1117,-0.070011,0.043026,8.8186
3.586,2.003,0.1117,-0.070028,0.043212,8.8195
3.5861,2.003,0.11171,-0.070045,0.043396,8.8112
3.5861,2.003,0.11171,-0.070061,0.043571,8.8233
3.5862,2.003,0.11171,-0.070078,0.043731,8.8215
3.5862,2.003,0.11171,-0.070094,0.043869,8.8093
3.5863,2.003,0.11172,-0.070109,0.044025,8.8068
3.5863,2.003,0.11172,-0.070122,0.044182,8.8055
3.5864,2.003,0.11172,-0.070137,0.044341,8.7875
3.5864,2.003,0.11172,-0.070153,0.044502,8.785
3.5865,2.003,0.11173,-0.07017,0.044665,8.7839
3.5865,2.003,0.11173,-0.070184,0.04483,8.7811
3.5866,2.003,0.11173,-0.0702,0.044997,8.7736
3.5866,2.003,0.11173,-0.070215,0.045166,8.7779
3.5867,2.0029,0.11174,-0.070227,0.045336,8.7727
3.5867,2.0029,0.11174,-0.070233,0.045504,8.772
3.5868,2.0029,0.11174,-0.070237,0.04568,8.7762
3.5868,2.0029,0.11174,-0.070237,0.045858,8.769
3.5869,2.0029,0.11174,-0.070242,0.046047,8.7665
3.5869,2.0029,0.11175,-0.070254,0.046243,8.7692
3.587,2.0029,0.11175,-0.070274,0.046442,8.7791
3.5871,2.0029,0.11175,-0.070293,0.046642,8.7665
3.5871,2.0029,0.11175,-0.070312,0.046838,8.7753
3.5872,2.0029,0.11176,-0.070323,0.047027,8.784
3.5872,2.0029,0.11176,-0.070325,0.047215,8.7712
3.5873,2.0029,0.11176,-0.070317,0.047385,8.775
3.5873,2.0029,0.11176,-0.070309,0.047569,8.771
3.5874,2.0029,0.11177,-0.070299,0.047793,8.7682
3.5874,2.0029,0.11177,-0.070285,0.048042,8.7578
3.5875,2.0029,0.11177,-0.070276,0.048301,8.768
3.5875,2.0029,0.11177,-0.070273,0.048557,8.7644
3.5876,2.0029,0.11178,-0.070271,0.048796,8.7569
3.5876,2.0029,0.11178,-0.070274,0.049006,8.7691
3.5877,2.0029,0.11178,-0.070274,0.049175,8.7696
3.5877,2.0029,0.11178,-0.07027,0.049335,8.7613
3.5878,2.0029,0.11179,-0.070262,0.04951,8.769
3.5878,2.0029,0.11179,-0.07025,0.049685,8.7734
3.5879,2.0029,0.11179,-0.070238,0.04986,8.7632
3.5879,2.0029,0.1118,-0.070218,0.050034,8.7674
3.588,2.0029,0.1118,-0.070189,0.050209,8.7772
3.5881,2.0029,0.1118,-0.070153,0.050383,8.7725
3.5881,2.0028,0.1118,-0.070109,0.050557,8.7741
3.5882,2.0028,0.11181,-0.070058,0.050731,8.787
3.5882,2.0028,0.11181,-0.070008,0.050904,8.7886
3.5883,2.0028,0.11181,-0.069956,0.051077,8.786
3.5883,2.0028,0.11181,-0.069904,0.051249,8.7945
3.5884,2.0028,0.11182,-0.069853,0.05142,8.7943
3.5884,2.0028,0.11182,-0.069813,0.051587,8.7862
3.5885,2.0028,0.11182,-0.069768,0.051758,8.7934
3.5885,2.0028,0.11182,-0.069739,0.051933,8.7925
3.5886,2.0028,0.11183,-0.069707,0.05211,8.7889
3.5886,2.0028,0.11183,-0.069677,0.052286,8.798
3.5887,2.0028,0.11183,-0.069639,0.052461,8.799
3.5887,2.0028,0.11184,-0.069618,0.052631,8.7989
3.5888,2.0028,0.11184,-0.069594,0.052796,8.7953
3.5888,2.0028,0.11184,-0.069582,0.052953,8.7968
3.5889,2.0028,0.11184,-0.069566,0.053112,8.7913
3.5889,2.0028,0.11185,-0.069563,0.053268,8.7858
3.589,2.0028,0.11185,-0.069556,0.053422,8.799
3.5891,2.0028,0.11185,-0.069545,0.053573,8.7869
3.5891,2.0028,0.11186,-0.069524,0.053722,8.7838
3.5892,2.0028,0.11186,-0.069506,0.053869,8.7974
3.5892,2.0028,0.11186,-0.06947,0.054013,8.8009
3.5893,2.0028,0.11186,-0.069438,0.054154,8.7944
3.5893,2.0028,0.11187,-0.069421,0.054292,8.8099
3.5894,2.0028,0.11187,-0.06942,0.054428,8.8142
3.5894,2.0028,0.11187,-0.069421,0.054561,8.8001
3.5895,2.0028,0.11188,-0.069409,0.05469,8.8035
3.5895,2.0027,0.11188,-0.069386,0.054816,8.8161
3.5896,2.0027,0.11188,-0.069361,0.054939,8.8158
3.5896,2.0027,0.11188,-0.069335,0.055058,8.8204
3.5897,2.0027,0.11189,-0.069307,0.055174,8.8319
3.5897,2.0027,0.11189,-0.06929,0.055286,8.8266
3.5898,2.0027,0.11189,-0.06928,0.055395,8.8239
3.5898,2.0027,0.1119,-0.069258,0.055499,8.8359
3.5899,2.0027,0.1119,-0.06922,0.0556,8.8294
3.5899,2.0027,0.1119,-0.069179,0.055696,8.8185
3.59,2.0027,0.1119,-0.069149,0.055785,8.8261
3.5901,2.0027,0.11191,-0.069119,0.055875,8.8263
3.5901,2.0027,0.11191,-0.069086,0.055962,8.8142
3.5902,2.0027,0.11191,-0.069052,0.056053,8.8203
3.5902,2.0027,0.11192,-0.06902,0.056142,8.8282
3.5903,2.0027,0.11192,-0.068982,0.056234,8.8148
3.5903,2.0027,0.11192,-0.06895,0.056326,8.8148
3.5904,2.0027,0.11193,-0.068925,0.056411,8.816
3.5904,2.0027,0.11193,-0.068909,0.05647,8.8083
3.5905,2.0027,0.11193,-0.068891,0.056532,8.8049
3.5905,2.0027,0.11193,-0.06888,0.056622,8.8149
3.5906,2.0027,0.11194,-0.068871,0.056736,8.8025
3.5906,2.0027,0.11194,-0.06886,0.056841,8.8071
3.5907,2.0027,0.11194,-0.06885,0.056957,8.8173
3.5907,2.0027,0.11195,-0.068847,0.057098,8.824
3.5908,2.0027,0.11195,-0.068857,0.057225,8.8152
3.5908,2.0027,0.11195,-0.068857,0.057348,8.8294
3.5909,2.0027,0.11196,-0.068855,0.057476,8.8304
3.5909,2.0027,0.11196,-0.068852,0.057614,8.829
3.591,2.0026,0.11196,-0.068853,0.057728,8.8356
3.5911,2.0026,0.11196,-0.068857,0.057794,8.8469
3.5911,2.0026,0.11197,-0.068868,0.057836,8.8382
3.5912,2.0026,0.11197,-0.068878,0.057855,8.8402
3.5912,2.0026,0.11197,-0.068887,0.057868,8.8554
3.5913,2.0026,0.11198,-0.06888,0.057906,8.8562
3.5913,2.0026,0.11198,-0.068883,0.057935,8.8498
3.5914,2.0026,0.11198,-0.068888,0.057982,8.8568
3.5914,2.0026,0.11199,-0.068902,0.05803,8.8507
3.5915,2.0026,0.11199,-0.06892,0.058085,8.8369
3.5915,2.0026,0.11199,-0.068935,0.058155,8.8378
3.5916,2.0026,0.11199,-0.06894,0.058257,8.8417
3.5916,2.0026,0.112,-0.068919,0.058397,8.8275
3.5917,2.0026,0.112,-0.068887,0.058534,8.831
3.5917,2.0026,0.112,-0.068844,0.058625,8.8392
3.5918,2.0026,0.11201,-0.068798,0.058708,8.8303
3.5918,2.0026,0.11201,-0.068748,0.058785,8.8284
3.5919,2.0026,0.11201,-0.068715,0.058844,8.8308
3.5919,2.0026,0.11202,-0.068704,0.058919,8.8274
3.592,2.0026,0.11202,-0.06872,0.059054,8.82
3.5921,2.0026,0.11202,-0.068753,0.059185,8.8306
3.5921,2.0026,0.11203,-0.068801,0.059314,8.8269
3.5922,2.0026,0.11203,-0.068843,0.059427,8.8269
3.5922,2.0026,0.11203,-0.068876,0.059555,8.8386
3.5923,2.0026,0.11204,-0.068893,0.05971,8.8427
3.5923,2.0026,0.11204,-0.068903,0.059863,8.8376
3.5924,2.0026,0.11204,-0.068904,0.060048,8.8471
3.5924,2.0026,0.11204,-0.068904,0.060252,8.8417
3.5925,2.0025,0.11205,-0.068903,0.060417,8.8351
3.5925,2.0025,0.11205,-0.0689,0.060546,8.8354
3.5926,2.0025,0.11205,-0.068892,0.06062,8.848
3.5926,2.0025,0.11206,-0.068881,0.060682,8.8385
3.5927,2.0025,0.11206,-0.068872,0.060727,8.8403
3.5927,2.0025,0.11206,-0.068856,0.060758,8.8523
3.5928,2.0025,0.11207,-0.068836,0.060795,8.8456
3.5928,2.0025,0.11207,-0.068809,0.06082,8.8358
3.5929,2.0025,0.11207,-0.068779,0.06083,8.848
3.5929,2.0025,0.11208,-0.068749,0.06082,8.8394
3.593,2.0025,0.11208,-0.068718,0.060786,8.8258
3.5931,2.0025,0.11208,-0.068688,0.06077,8.825
3.5931,2.0025,0.11209,-0.068665,0.060736,8.8191
3.5932,2.0025,0.11209,-0.068641,0.060714,8.8122
3.5932,2.0025,0.11209,-0.068606,0.060706,8.8145
3.5933,2.0025,0.1121,-0.068568,0.060697,8.8194
3.5933,2.0025,0.1121,-0.068529,0.060672,8.8147
3.5934,2.0025,0.1121,-0.068489,0.060656,8.8112
3.5934,2.0025,0.11211,-0.068451,0.060635,8.8169
3.5935,2.0025,0.11211,-0.068411,0.060596,8.8096
3.5935,2.0025,0.11211,-0.068379,0.060524,8.8102
3.5936,2.0025,0.11212,-0.068339,0.060455,8.8195
3.5936,2.0025,0.11212,-0.068289,0.060367,8.8105
3.5937,2.0025,0.11212,-0.068243,0.060258,8.809
3.5937,2.0025,0.11212,-0.068201,0.060109,8.8219
3.5938,2.0025,0.11213,-0.068164,0.059985,8.8237
3.5938,2.0025,0.11213,-0.06813,0.059887,8.8172
3.5939,2.0024,0.11213,-0.0681,0.059819,8.8321
3.5939,2.0024,0.11214,-0.068076,0.059789,8.8334
3.594,2.0024,0.11214,-0.068047,0.05981,8.8296
3.5941,2.0024,0.11214,-0.068014,0.059837,8.8377
3.5941,2.0024,0.11215,-0.067975,0.059869,8.8404
3.5942,2.0024,0.11215,-0.067928,0.059877,8.8246
3.5942,2.0024,0.11215,-0.067876,0.059899,8.8253
3.5943,2.0024,0.11216,-0.067822,0.059889,8.8319
3.5943,2.0024,0.11216,-0.067769,0.059877,8.8225
3.5944,2.0024,0.11216,-0.067718,0.059838,8.821
3.5944,2.0024,0.11217,-0.067676,0.059815,8.8265
3.5945,2.0024,0.11217,-0.067633,0.05977,8.8156
3.5945,2.0024,0.11217,-0.067588,0.059696,8.8061
3.5946,2.0024,0.11217,-0.067537,0.059626,8.8127
3.5946,2.0024,0.11218,-0.067484,0.059544,8.8127
3.5947,2.0024,0.11218,-0.067431,0.059448,8.7989
3.5947,2.0024,0.11218,-0.067377,0.059344,8.8095
3.5948,2.0024,0.11219,-0.067324,0.059222,8.8174
3.5948,2.0024,0.11219,-0.067273,0.059134,8.8123
3.5949,2.0024,0.11219,-0.06722,0.059073,8.8284
3.5949,2.0024,0.1122,-0.067165,0.059026,8.8374
3.595,2.0024,0.1122,-0.06711,0.059024,8.8322
3.5951,2.0024,0.1122,-0.067053,0.059027,8.8332
3.5951,2.0024,0.11221,-0.066995,0.059049,8.8455
3.5952,2.0024,0.11221,-0.066937,0.059043,8.8379
3.5952,2.0024,0.11221,-0.066878,0.059042,8.839
3.5953,2.0024,0.11222,-0.066819,0.059005,8.8507
3.5953,2.0024,0.11222,-0.06676,0.05895,8.8571
3.5954,2.0023,0.11222,-0.066693,0.058883,8.8534
3.5954,2.0023,0.11222,-0.066622,0.058824,8.8628
3.5955,2.0023,0.11223,-0.066548,0.058769,8.8642
3.5955,2.0023,0.11223,-0.066473,0.058726,8.8576
3.5956,2.0023,0.11223,-0.0664,0.058705,8.8651
3.5956,2.0023,0.11224,-0.066329,0.058711,8.8689
3.5957,2.0023,0.11224,-0.066264,0.058709,8.8565
3.5957,2.0023,0.11224,-0.0662,0.058727,8.8585
3.5958,2.0023,0.11225,-0.066135,0.058715,8.8655
3.5958,2.0023,0.11225,-0.066071,0.058682,8.8614
3.5959,2.0023,0.11225,-0.066004,0.05862,8.8521
3.5959,2.0023,0.11226,-0.065935,0.058546,8.8555
3.596,2.0023,0.11226,-0.065864,0.058478,8.8459
3.5961,2.0023,0.11226,-0.065793,0.058425,8.8431
3.5961,2.0023,0.11226,-0.065722,0.058395,8.8424
3.5962,2.0023,0.11227,-0.065651,0.058389,8.8428
3.5962,2.0023,0.11227,-0.065583,0.058366,8.8347
3.5963,2.0023,0.11227,-0.06552,0.058337,8.8361
3.5963,2.0023,0.11228,-0.065454,0.058295,8.8455
3.5964,2.0023,0.11228,-0.065384,0.058258,8.8391
3.5964,2.0023,0.11228,-0.065307,0.05823,8.8441
3.5965,2.0023,0.11229,-0.065228,0.058206,8.8508
3.5965,2.0023,0.11229,-0.065145,0.058183,8.8423
3.5966,2.0023,0.11229,-0.065063,0.058161,8.849
3.5966,2.0023,0.1123,-0.064982,0.058136,8.8592
3.5967,2.0023,0.1123,-0.064908,0.058108,8.8565
3.5967,2.0023,0.1123,-0.064841,0.058074,8.852
3.5968,2.0023,0.1123,-0.064778,0.058046,8.8688
3.5968,2.0023,0.11231,-0.064708,0.058018,8.8668
3.5969,2.0022,0.11231,-0.064631,0.057987,8.8608
3.5969,2.0022,0.11231,-0.064548,0.05796,8.8707
3.597,2.0022,0.11232,-0.064466,0.057944,8.8697
3.5971,2.0022,0.11232,-0.064379,0.057933,8.8662
3.5971,2.0022,0.11232,-0.064297,0.057932,8.8598
3.5972,2.0022,0.11233,-0.064223,0.057932,8.8541
3.5972,2.0022,0.11233,-0.064157,0.057948,8.8455
3.5973,2.0022,0.11233,-0.064091,0.057957,8.849
3.5973,2.0022,0.11234,-0.064029,0.057923,8.8516
3.5974,2.0022,0.11234,-0.063967,0.057865,8.844
3.5974,2.0022,0.11234,-0.063897,0.057802,8.8334
3.5975,2.0022,0.11234,-0.063822,0.057729,8.8457
3.5975,2.0022,0.11235,-0.063742,0.057668,8.8358
3.5976,2.0022,0.11235,-0.06365,0.057627,8.8215
3.5976,2.0022,0.11235,-0.06356,0.05762,8.8197
3.5977,2.0022,0.11236,-0.06347,0.057622,8.819
3.5977,2.0022,0.11236,-0.063383,0.057608,8.8
3.5978,2.0022,0.11236,-0.063293,0.057588,8.8069
3.5978,2.0022,0.11237,-0.063202,0.057571,8.8079
3.5979,2.0022,0.11237,-0.063117,0.057548,8.805
3.5979,2.0022,0.11237,-0.063038,0.057519,8.8094
3.598,2.0022,0.11237,-0.062961,0.057484,8.8154
3.5981,2.0022,0.11238,-0.062898,0.057471,8.8078
3.5981,2.0022,0.11238,-0.06284,0.057464,8.8069
3.5982,2.0022,0.11238,-0.062783,0.057487,8.8152
3.5982,2.0022,0.11239,-0.062732,0.057521,8.8054
3.5983,2.0022,0.11239,-0.062686,0.057561,8.8022
3.5983,2.0022,0.11239,-0.062639,0.057587,8.8142
3.5984,2.0022,0.1124,-0.062584,0.057586,8.8187
3.5984,2.0022,0.1124,-0.062519,0.057554,8.8003
3.5985,2.0021,0.1124,-0.06245,0.057522,8.8031
3.5985,2.0021,0.1124,-0.062377,0.057467,8.81
3.5986,2.0021,0.11241,-0.062309,0.057424,8.8025
3.5986,2.0021,0.11241,-0.062262,0.05739,8.7974
3.5987,2.0021,0.11241,-0.062217,0.057361,8.7932
3.5987,2.0021,0.11242,-0.062181,0.057332,8.7805
3.5988,2.0021,0.11242,-0.062129,0.057311,8.7792
3.5988,2.0021,0.11242,-0.062068,0.057291,8.7864
3.5989,2.0021,0.11243,-0.062008,0.057278,8.7807
3.5989,2.0021,0.11243,-0.06195,0.057263,8.7703
3.599,2.0021,0.11243,-0.061893,0.057251,8.7893
3.5991,2.0021,0.11244,-0.061841,0.057242,8.784
3.5991,2.0021,0.11244,-0.061777,0.057234,8.7746
3.5992,2.0021,0.11244,-0.061712,0.057225,8.7829
3.5992,2.0021,0.11244,-0.061628,0.057224,8.7823
3.5993,2.0021,0.11245,-0.061534,0.057225,8.7648
3.5993,2.0021,0.11245,-0.061448,0.057234,8.7759
3.5994,2.0021,0.11245,-0.061371,0.057243,8.7891
3.5994,2.0021,0.11246,-0.061314,0.057258,8.7794
3.5995,2.0021,0.11246,-0.061266,0.057269,8.7837
3.5995,2.0021,0.11246,-0.061215,0.05728,8.7967
3.5996,2.0021,0.11247,-0.061164,0.057289,8.789
3.5996,2.0021,0.11247,-0.061113,0.057299,8.7943
3.5997,2.0021,0.11247,-0.061057,0.057308,8.7968
3.5997,2.0021,0.11247,-0.061009,0.057316,8.7927
3.5998,2.0021,0.11248,-0.060973,0.057324,8.7897
3.5998,2.0021,0.11248,-0.060956,0.057334,8.8006
3.5999,2.0021,0.11248,-0.060945,0.057338,8.803
3.5999,2.0021,0.11249,-0.06093,0.057338,8.7948
3.6,2.0021,0.11249,-0.060915,0.057335,8.8004
3.6001,2.0021,0.11249,-0.060898,0.057334,8.7988
3.6001,2.002,0.1125,-0.060877,0.057328,8.787
3.6002,2.002,0.1125,-0.060857,0.05732,8.7929
3.6002,2.002,0.1125,-0.060845,0.057314,8.7916
3.6003,2.002,0.1125,-0.060836,0.057314,8.7792
3.6003,2.002,0.11251,-0.060827,0.05731,8.7825
3.6004,2.002,0.11251,-0.060815,0.057308,8.7983
3.6004,2.002,0.11251,-0.060806,0.05731,8.7904
3.6005,2.002,0.11252,-0.06079,0.057317,8.792
3.6005,2.002,0.11252,-0.060765,0.057324,8.8014
3.6006,2.002,0.11252,-0.060744,0.057324,8.8013
3.6006,2.002,0.11253,-0.060723,0.057322,8.7945
3.6007,2.002,0.11253,-0.060699,0.057316,8.8013
3.6007,2.002,0.11253,-0.060668,0.057302,8.8031
3.6008,2.002,0.11253,-0.060641,0.05728,8.7859
3.6008,2.002,0.11254,-0.060621,0.057251,8.8008
3.6009,2.002,0.11254,-0.060596,0.057215,8.8088
3.6009,2.002,0.11254,-0.060565,0.057183,8.7954
3.601,2.002,0.11255,-0.060534,0.057155,8.7997
3.6011,2.002,0.11255,-0.060502,0.057139,8.8109
3.6011,2.002,0.11255,-0.060485,0.057126,8.8027
3.6012,2.002,0.11256,-0.06048,0.057111,8.803
3.6012,2.002,0.11256,-0.060497,0.057095,8.8028
3.6013,2.002,0.11256,-0.060509,0.057082,8.7925
3.6013,2.002,0.11256,-0.06052,0.057067,8.7873
3.6014,2.002,0.11257,-0.06052,0.057054,8.7972
3.6014,2.002,0.11257,-0.060517,0.057044,8.7981
3.6015,2.002,0.11257,-0.06052,0.057031,8.7881
3.6015,2.002,0.11258,-0.060534,0.057011,8.7964
3.6016,2.002,0.11258,-0.060563,0.056981,8.8048
3.6016,2.002,0.11258,-0.060601,0.056951,8.7944
3.6017,2.002,0.11259,-0.060635,0.056925,8.7972
3.6017,2.002,0.11259,-0.060673,0.0569,8.8017
3.6018,2.0019,0.11259,-0.06072,0.056877,8.7847
3.6018,2.0019,0.11259,-0.060774,0.056854,8.7818
3.6019,2.0019,0.1126,-0.060834,0.056828,8.7961
3.6019,2.0019,0.1126,-0.060887,0.056809,8.7892
3.602,2.0019,0.1126,-0.060931,0.056795,8.7899
3.6021,2.0019,0.11261,-0.06096,0.056785,8.8004
3.6021,2.0019,0.11261,-0.060974,0.056775,8.7989
3.6022,2.0019,0.11261,-0.060978,0.056765,8.799
3.6022,2.0019,0.11262,-0.060976,0.056753,8.8039
3.6023,2.0019,0.11262,-0.06098,0.056737,8.8076
3.6023,2.0019,0.11262,-0.060991,0.056712,8.7989
3.6024,2.0019,0.11262,-0.061005,0.056697,8.8106
3.6024,2.0019,0.11263,-0.061021,0.056688,8.8151
3.6025,2.0019,0.11263,-0.061031,0.056677,8.8113
3.6025,2.0019,0.11263,-0.061045,0.056674,8.8133
3.6026,2.0019,0.11264,-0.061055,0.056673,8.8237
3.6026,2.0019,0.11264,-0.061067,0.056673,8.8144
3.6027,2.0019,0.11264,-0.061092,0.056668,8.8097
3.6027,2.0019,0.11265,-0.061124,0.056656,8.8138
3.6028,2.0019,0.11265,-0.061163,0.056641,8.8068
3.6028,2.0019,0.11265,-0.061197,0.056628,8.8003
3.6029,2.0019,0.11265,-0.061218,0.05661,8.8098
3.6029,2.0019,0.11266,-0.061236,0.056604,8.799
3.603,2.0019,0.11266,-0.061241,0.056602,8.7923
3.6031,2.0019,0.11266,-0.061244,0.056601,8.8025
3.6031,2.0019,0.11267,-0.061242,0.056597,8.7957
3.6032,2.0019,0.11267,-0.061245,0.056583,8.7849
3.6032,2.0019,0.11267,-0.061254,0.056567,8.7869
3.6033,2.0019,0.11268,-0.061261,0.05655,8.7833
3.6033,2.0019,0.11268,-0.06127,0.056532,8.773
3.6034,2.0019,0.11268,-0.061283,0.056526,8.7665
3.6034,2.0018,0.11268,-0.061304,0.056529,8.7713
3.6035,2.0018,0.11269,-0.061319,0.056541,8.7668
3.6035,2.0018,0.11269,-0.061341,0.05656,8.7662
3.6036,2.0018,0.11269,-0.061368,0.056584,8.7863
3.6036,2.0018,0.1127,-0.061389,0.05661,8.7823
3.6037,2.0018,0.1127,-0.061404,0.056633,8.7768
3.6037,2.0018,0.1127,-0.061413,0.05665,8.787
3.6038,2.0018,0.1127,-0.061415,0.056662,8.7791
3.6038,2.0018,0.11271,-0.061414,0.056677,8.7688
3.6039,2.0018,0.11271,-0.061406,0.056692,8.7759
3.6039,2.0018,0.11271,-0.061406,0.056707,8.7709
3.604,2.0018,0.11272,-0.061406,0.056721,8.7665
3.6041,2.0018,0.11272,-0.061405,0.056723,8.7734
3.6041,2.0018,0.11272,-0.061415,0.056724,8.7796
3.6042,2.0018,0.11273,-0.061427,0.056721,8.7666
3.6042,2.0018,0.11273,-0.061437,0.056728,8.773
3.6043,2.0018,0.11273,-0.061446,0.056744,8.774
3.6043,2.0018,0.11273,-0.061459,0.056769,8.758
3.6044,2.0018,0.11274,-0.061465,0.056796,8.7473
3.6044,2.0018,0.11274,-0.061471,0.056816,8.7609
3.6045,2.0018,0.11274,-0.061474,0.056826,8.7508
3.6045,2.0018,0.11275,-0.061478,0.056836,8.7473
3.6046,2.0018,0.11275,-0.06148,0.05685,8.7637
3.6046,2.0018,0.11275,-0.06148,0.056874,8.7642
3.6047,2.0018,0.11276,-0.061482,0.056906,8.7636
3.6047,2.0018,0.11276,-0.061488,0.056948,8.7662
3.6048,2.0018,0.11276,-0.061497,0.056986,8.7673
3.6048,2.0018,0.11276,-0.061509,0.057013,8.757
3.6049,2.0018,0.11277,-0.061523,0.05703,8.7639
3.6049,2.0018,0.11277,-0.061537,0.057034,8.7739
3.605,2.0018,0.11277,-0.061543,0.057029,8.7639
3.6051,2.0017,0.11278,-0.06155,0.05703,8.7663
3.6051,2.0017,0.11278,-0.061563,0.057051,8.7929
3.6052,2.0017,0.11278,-0.061583,0.057091,8.7874
3.6052,2.0017,0.11279,-0.06161,0.057158,8.778
3.6053,2.0017,0.11279,-0.061653,0.057233,8.7882
3.6053,2.0017,0.11279,-0.061699,0.057308,8.7803
3.6054,2.0017,0.11279,-0.06174,0.05736,8.7803
3.6054,2.0017,0.1128,-0.061765,0.057399,8.7823
3.6055,2.0017,0.1128,-0.061777,0.057435,8.7871
3.6055,2.0017,0.1128,-0.061776,0.057461,8.7703
3.6056,2.0017,0.11281,-0.061761,0.05749,8.7776
3.6056,2.0017,0.11281,-0.061739,0.057516,8.79
3.6057,2.0017,0.11281,-0.061715,0.057539,8.7812
3.6057,2.0017,0.11282,-0.061692,0.057565,8.7795
3.6058,2.0017,0.11282,-0.06167,0.057583,8.7877
3.6058,2.0017,0.11282,-0.06166,0.057614,8.7805
3.6059,2.0017,0.11283,-0.061665,0.057651,8.7788
3.6059,2.0017,0.11283,-0.061685,0.057675,8.7909
3.606,2.0017,0.11283,-0.061713,0.057695,8.7886
3.6061,2.0017,0.11283,-0.061737,0.057701,8.7841
3.6061,2.0017,0.11284,-0.061746,0.057712,8.7993
3.6062,2.0017,0.11284,-0.061736,0.057726,8.8072
3.6062,2.0017,0.11284,-0.06171,0.057748,8.7959
3.6063,2.0017,0.11285,-0.061682,0.057785,8.8029
3.6063,2.0017,0.11285,-0.061665,0.05782,8.8072
3.6064,2.0017,0.11285,-0.06167,0.057848,8.8046
3.6064,2.0017,0.11286,-0.061686,0.057874,8.8102
3.6065,2.0017,0.11286,-0.061698,0.0579,8.8121
3.6065,2.0017,0.11286,-0.061694,0.057928,8.8073
3.6066,2.0017,0.11286,-0.061678,0.057959,8.8105
3.6066,2.0016,0.11287,-0.061662,0.057996,8.8254
3.6067,2.0016,0.11287,-0.061654,0.05804,8.8212
3.6067,2.0016,0.11287,-0.061652,0.058082,8.8187
3.6068,2.0016,0.11288,-0.061658,0.058125,8.8331
3.6068,2.0016,0.11288,-0.06167,0.058174,8.8252
3.6069,2.0016,0.11288,-0.061673,0.058222,8.8181
3.6069,2.0016,0.11289,-0.061659,0.058261,8.8228
3.607,2.0016,0.11289,-0.061637,0.058297,8.8222
3.6071,2.0016,0.11289,-0.061598,0.058325,8.8132
3.6071,2.0016,0.1129,-0.061567,0.058352,8.8207
3.6072,2.0016,0.1129,-0.061524,0.058377,8.8227
3.6072,2.0016,0.1129,-0.061492,0.058402,8.8167
3.6073,2.0016,0.1129,-0.06147,0.058429,8.8151
3.6073,2.0016,0.11291,-0.061453,0.05845,8.8266
3.6074,2.0016,0.11291,-0.061433,0.058458,8.8134
3.6074,2.0016,0.11291,-0.061402,0.058471,8.8099
3.6075,2.0016,0.11292,-0.061358,0.058482,8.8216
3.6075,2.0016,0.11292,-0.06132,0.058494,8.8189
3.6076,2.0016,0.11292,-0.061277,0.058513,8.8158
3.6076,2.0016,0.11293,-0.061242,0.058531,8.8299
3.6077,2.0016,0.11293,-0.061212,0.058551,8.8373
3.6077,2.0016,0.11293,-0.061189,0.058579,8.8335
3.6078,2.0016,0.11294,-0.061159,0.058603,8.8409
3.6078,2.0016,0.11294,-0.061136,0.058634,8.8479
3.6079,2.0016,0.11294,-0.061116,0.058672,8.841
3.6079,2.0016,0.11294,-0.061097,0.058719,8.842
3.608,2.0016,0.11295,-0.061078,0.058744,8.8485
3.6081,2.0016,0.11295,-0.061073,0.058764,8.839
3.6081,2.0016,0.11295,-0.061079,0.058751,8.8412
3.6082,2.0016,0.11296,-0.061078,0.058723,8.8451
3.6082,2.0016,0.11296,-0.06107,0.058684,8.844
3.6083,2.0015,0.11296,-0.061074,0.058653,8.8381
3.6083,2.0015,0.11297,-0.061081,0.058646,8.8498
3.6084,2.0015,0.11297,-0.061093,0.058668,8.8464
3.6084,2.0015,0.11297,-0.061113,0.058689,8.8279
3.6085,2.0015,0.11298,-0.061145,0.058742,8.8356
3.6085,2.0015,0.11298,-0.061177,0.058785,8.8315
3.6086,2.0015,0.11298,-0.061196,0.058832,8.823
3.6086,2.0015,0.11298,-0.061206,0.058875,8.8246
3.6087,2.0015,0.11299,-0.061208,0.058924,8.8323
3.6087,2.0015,0.11299,-0.061205,0.058969,8.8274
3.6088,2.0015,0.11299,-0.061201,0.059022,8.8287
3.6088,2.0015,0.113,-0.061197,0.059061,8.8355
3.6089,2.0015,0.113,-0.061192,0.05911,8.8245
3.6089,2.0015,0.113,-0.061188,0.059151,8.8212
3.609,2.0015,0.11301,-0.061185,0.059182,8.8267
3.6091,2.0015,0.11301,-0.061179,0.059205,8.8172
3.6091,2.0015,0.11301,-0.06117,0.059225,8.8172
3.6092,2.0015,0.11302,-0.061159,0.059233,8.8319
3.6092,2.0015,0.11302,-0.061145,0.059239,8.831
3.6093,2.0015,0.11302,-0.061129,0.059227,8.8196
3.6093,2.0015,0.11303,-0.06111,0.059214,8.8311
3.6094,2.0015,0.11303,-0.061087,0.059188,8.8358
3.6094,2.0015,0.11303,-0.061065,0.059155,8.8236
3.6095,2.0015,0.11303,-0.061044,0.059126,8.8174
3.6095,2.0015,0.11304,-0.061023,0.059106,8.8227
3.6096,2.0015,0.11304,-0.061,0.059091,8.8181
3.6096,2.0015,0.11304,-0.060976,0.059077,8.8186
3.6097,2.0015,0.11305,-0.060949,0.05906,8.8241
3.6097,2.0015,0.11305,-0.060917,0.059033,8.819
3.6098,2.0015,0.11305,-0.06088,0.058996,8.8084
3.6098,2.0015,0.11306,-0.060843,0.058959,8.8244
3.6099,2.0014,0.11306,-0.060806,0.058935,8.8176
3.6099,2.0014,0.11306,-0.060773,0.05892,8.8073
3.61,2.0014,0.11307,-0.060744,0.058904,8.8116
3.6101,2.0014,0.11307,-0.060723,0.058899,8.8086
3.6101,2.0014,0.11307,-0.060704,0.058892,8.7963
3.6102,2.0014,0.11307,-0.060685,0.058871,8.807
3.6102,2.0014,0.11308,-0.060658,0.058835,8.8149
3.6103,2.0014,0.11308,-0.060624,0.058796,8.8053
3.6103,2.0014,0.11308,-0.060588,0.058748,8.804
3.6104,2.0014,0.11309,-0.060551,0.058685,8.8162
3.6104,2.0014,0.11309,-0.060517,0.058612,8.8079
3.6105,2.0014,0.11309,-0.06049,0.058541,8.8088
3.6105,2.0014,0.1131,-0.060465,0.058471,8.8203
3.6106,2.0014,0.1131,-0.060441,0.058406,8.8178
3.6106,2.0014,0.1131,-0.060415,0.058348,8.8146
3.6107,2.0014,0.11311,-0.060388,0.058299,8.8253
3.6107,2.0014,0.11311,-0.060362,0.058258,8.8237
3.6108,2.0014,0.11311,-0.060335,0.058223,8.817
3.6108,2.0014,0.11311,-0.060307,0.058193,8.8267
3.6109,2.0014,0.11312,-0.060278,0.058157,8.8279
3.6109,2.0014,0.11312,-0.060248,0.058111,8.8151
3.611,2.0014,0.11312,-0.060221,0.058059,8.8193
3.6111,2.0014,0.11313,-0.060191,0.058003,8.8244
3.6111,2.0014,0.11313,-0.060158,0.057949,8.8096
3.6112,2.0014,0.11313,-0.060119,0.057897,8.8059
3.6112,2.0014,0.11314,-0.060079,0.05784,8.8193
3.6113,2.0014,0.11314,-0.060033,0.057786,8.8182
3.6113,2.0014,0.11314,-0.059987,0.05773,8.815
3.6114,2.0014,0.11315,-0.059941,0.05767,8.8249
3.6114,2.0014,0.11315,-0.059898,0.0576,8.8188
3.6115,2.0014,0.11315,-0.059855,0.057559,8.8177
3.6115,2.0014,0.11315,-0.059815,0.057545,8.8283
3.6116,2.0013,0.11316,-0.059775,0.057543,8.8247
3.6116,2.0013,0.11316,-0.059742,0.057538,8.8202
3.6117,2.0013,0.11316,-0.059709,0.057529,8.8292
3.6117,2.0013,0.11317,-0.059675,0.057508,8.8338
3.6118,2.0013,0.11317,-0.059634,0.057456,8.8317
3.6118,2.0013,0.11317,-0.059587,0.057396,8.8411
3.6119,2.0013,0.11318,-0.059535,0.057383,8.8535
3.6119,2.0013,0.11318,-0.059478,0.057388,8.8449
3.612,2.0013,0.11318,-0.059419,0.057391,8.8501
3.6121,2.0013,0.11318,-0.059361,0.057414,8.8525
3.6121,2.0013,0.11319,-0.059303,0.057441,8.8534
3.6122,2.0013,0.11319,-0.059244,0.05746,8.8471
3.6122,2.0013,0.11319,-0.059184,0.057445,8.8589
3.6123,2.0013,0.1132,-0.059123,0.057429,8.8611
3.6123,2.0013,0.1132,-0.059062,0.05741,8.8552
3.6124,2.0013,0.1132,-0.059,0.057362,8.8607
3.6124,2.0013,0.11321,-0.058937,0.057293,8.8599
3.6125,2.0013,0.11321,-0.058874,0.05723,8.8505
3.6125,2.0013,0.11321,-0.058811,0.057163,8.8539
3.6126,2.0013,0.11321,-0.058746,0.057094,8.8448
3.6126,2.0013,0.11322,-0.058682,0.057016,8.8349
3.6127,2.0013,0.11322,-0.058617,0.056921,8.8364
3.6127,2.0013,0.11322,-0.058549,0.056852,8.8379
3.6128,2.0013,0.11323,-0.058485,0.056796,8.836
3.6128,2.0013,0.11323,-0.058421,0.056756,8.8336
3.6129,2.0013,0.11323,-0.058357,0.056717,8.8418
3.6129,2.0013,0.11324,-0.058292,0.05667,8.8386
3.613,2.0013,0.11324,-0.058225,0.056608,8.8307
3.6131,2.0013,0.11324,-0.05816,0.056522,8.8299
3.6131,2.0013,0.11324,-0.058095,0.056406,8.831
3.6132,2.0013,0.11325,-0.058028,0.056309,8.8209
3.6132,2.0013,0.11325,-0.057968,0.056198,8.8253
3.6133,2.0012,0.11325,-0.05791,0.056099,8.8364
3.6133,2.0012,0.11326,-0.057852,0.056024,8.8342
3.6134,2.0012,0.11326,-0.057791,0.05599,8.8408
3.6134,2.0012,0.11326,-0.057731,0.055997,8.846
3.6135,2.0012,0.11327,-0.057672,0.056038,8.836
3.6135,2.0012,0.11327,-0.057613,0.0561,8.8314
3.6136,2.0012,0.11327,-0.057557,0.056163,8.8377
3.6136,2.0012,0.11327,-0.057505,0.056202,8.8309
3.6137,2.0012,0.11328,-0.057455,0.05623,8.8199
3.6137,2.0012,0.11328,-0.057409,0.056246,8.8268
3.6138,2.0012,0.11328,-0.057363,0.05626,8.8247
3.6138,2.0012,0.11329,-0.057316,0.056267,8.8184
3.6139,2.0012,0.11329,-0.057266,0.056268,8.8282
3.6139,2.0012,0.11329,-0.057216,0.056264,8.8313
3.614,2.0012,0.1133,-0.057173,0.056254,8.8162
3.6141,2.0012,0.1133,-0.057127,0.056239,8.8168
3.6141,2.0012,0.1133,-0.057083,0.056217,8.8214
3.6142,2.0012,0.1133,-0.057047,0.056191,8.8082
3.6142,2.0012,0.11331,-0.057011,0.056159,8.8078
3.6143,2.0012,0.11331,-0.05697,0.056122,8.8128
3.6143,2.0012,0.11331,-0.056929,0.05608,8.8063
3.6144,2.0012,0.11332,-0.056886,0.056032,8.8015
3.6144,2.0012,0.11332,-0.056845,0.05598,8.8121
3.6145,2.0012,0.11332,-0.056806,0.055937,8.7998
3.6145,2.0012,0.11332,-0.05677,0.055878,8.7973
3.6146,2.0012,0.11333,-0.056737,0.055776,8.8063
3.6146,2.0012,0.11333,-0.056703,0.055645,8.8048
3.6147,2.0012,0.11333,-0.056665,0.055499,8.797
3.6147,2.0012,0.11334,-0.056626,0.055352,8.7984
3.6148,2.0012,0.11334,-0.056583,0.055219,8.8063
3.6148,2.0012,0.11334,-0.056538,0.05511,8.8004
3.6149,2.0012,0.11334,-0.056494,0.055038,8.804
3.6149,2.0012,0.11335,-0.056456,0.054974,8.8178
3.615,2.0011,0.11335,-0.056418,0.054889,8.8036
3.6151,2.0011,0.11335,-0.056375,0.054794,8.8029
3.6151,2.0011,0.11336,-0.056323,0.054684,8.804
3.6152,2.0011,0.11336,-0.056261,0.054556,8.7957
3.6152,2.0011,0.11336,-0.056182,0.054415,8.7814
3.6153,2.0011,0.11337,-0.056099,0.054282,8.7968
3.6153,2.0011,0.11337,-0.056019,0.054131,8.7952
3.6154,2.0011,0.11337,-0.055951,0.053971,8.7836
3.6154,2.0011,0.11337,-0.055896,0.053797,8.7852
3.6155,2.0011,0.11338,-0.055852,0.053635,8.7889
3.6155,2.0011,0.11338,-0.055819,0.053444,8.7774
3.6156,2.0011,0.11338,-0.055793,0.05324,8.7746
3.6156,2.0011,0.11338,-0.055772,0.053036,8.7816
3.6157,2.0011,0.11339,-0.055752,0.052851,8.772
3.6157,2.0011,0.11339,-0.055732,0.052662,8.764
3.6158,2.0011,0.11339,-0.055704,0.052484,8.7716
3.6158,2.0011,0.1134,-0.055664,0.052322,8.7702
3.6159,2.0011,0.1134,-0.05561,0.052188,8.7684
3.6159,2.0011,0.1134,-0.055545,0.052052,8.7797
3.616,2.0011,0.1134,-0.055481,0.051909,8.7751
3.6161,2.0011,0.11341,-0.05543,0.051734,8.7682
3.6161,2.0011,0.11341,-0.055394,0.051523,8.7796
3.6162,2.0011,0.11341,-0.055373,0.051259,8.768
3.6162,2.0011,0.11341,-0.055354,0.050987,8.7618
3.6163,2.0011,0.11342,-0.055327,0.050696,8.7648
3.6163,2.0011,0.11342,-0.055284,0.050434,8.7753
3.6164,2.0011,0.11342,-0.055233,0.05021,8.7646
3.6164,2.0011,0.11343,-0.055186,0.04998,8.7749
3.6165,2.0011,0.11343,-0.055153,0.049757,8.7875
3.6165,2.0011,0.11343,-0.055134,0.049542,8.7717
3.6166,2.0011,0.11343,-0.055116,0.049333,8.778
3.6166,2.0011,0.11344,-0.055085,0.049162,8.784
3.6167,2.0011,0.11344,-0.055048,0.049004,8.7687
3.6167,2.0011,0.11344,-0.055003,0.048886,8.7604
3.6168,2.0011,0.11344,-0.05495,0.048775,8.771
3.6168,2.001,0.11345,-0.054903,0.048647,8.7714
3.6169,2.001,0.11345,-0.054868,0.048518,8.7647
3.6169,2.001,0.11345,-0.054838,0.048402,8.7748
3.617,2.001,0.11345,-0.054833,0.048259,8.7763
3.6171,2.001,0.11346,-0.05483,0.048099,8.7617
3.6171,2.001,0.11346,-0.054843,0.04793,8.7709
3.6172,2.001,0.11346,-0.054848,0.047757,8.7693
3.6172,2.001,0.11346,-0.05484,0.047588,8.7644
3.6173,2.001,0.11347,-0.054826,0.04743,8.757
3.6173,2.001,0.11347,-0.054811,0.047288,8.7691
3.6174,2.001,0.11347,-0.054798,0.047169,8.7666
3.6174,2.001,0.11347,-0.054809,0.047034,8.7653
3.6175,2.001,0.11348,-0.054822,0.046898,8.7809
3.6175,2.001,0.11348,-0.054845,0.046761,8.7827
3.6176,2.001,0.11348,-0.054864,0.046624,8.7807
3.6176,2.001,0.11348,-0.054885,0.046485,8.7877
3.6177,2.001,0.11349,-0.054905,0.046346,8.7843
3.6177,2.001,0.11349,-0.054935,0.046207,8.7813
3.6178,2.001,0.11349,-0.054962,0.04608,8.7817
3.6178,2.001,0.11349,-0.054988,0.045929,8.7839
3.6179,2.001,0.1135,-0.055021,0.045776,8.7736
3.6179,2.001,0.1135,-0.055052,0.04559,8.7824
3.618,2.001,0.1135,-0.055074,0.045387,8.7935
3.6181,2.001,0.1135,-0.055086,0.04518,8.7856
3.6181,2.001,0.11351,-0.055101,0.044983,8.7823
3.6182,2.001,0.11351,-0.055123,0.04481,8.7924
3.6182,2.001,0.11351,-0.055135,0.044671,8.773
3.6183,2.001,0.11351,-0.055147,0.044537,8.7691
3.6183,2.001,0.11351,-0.05516,0.044425,8.7814
3.6184,2.001,0.11352,-0.055168,0.044303,8.776
3.6184,2.001,0.11352,-0.055164,0.044189,8.7676
3.6185,2.001,0.11352,-0.055155,0.044051,8.7826
3.6185,2.001,0.11352,-0.055149,0.043888,8.7846
3.6186,2.001,0.11353,-0.055147,0.043715,8.7745
3.6186,2.0009,0.11353,-0.055147,0.043537,8.7792
3.6187,2.0009,0.11353,-0.055148,0.043357,8.7845
3.6187,2.0009,0.11353,-0.055151,0.043181,8.7759
3.6188,2.0009,0.11354,-0.055154,0.043027,8.7777
3.6188,2.0009,0.11354,-0.055154,0.0429,8.7872
3.6189,2.0009,0.11354,-0.055154,0.042739,8.7779
3.6189,2.0009,0.11354,-0.055149,0.042567,8.7772
3.619,2.0009,0.11354,-0.055146,0.042391,8.795
3.6191,2.0009,0.11355,-0.055143,0.042218,8.7962
3.6191,2.0009,0.11355,-0.055141,0.042067,8.7957
3.6192,2.0009,0.11355,-0.05514,0.041903,8.8023
3.6192,2.0009,0.11355,-0.055139,0.041749,8.8008
3.6193,2.0009,0.11356,-0.055139,0.04161,8.7942
3.6193,2.0009,0.11356,-0.05514,0.04146,8.7982
3.6194,2.0009,0.11356,-0.05514,0.041326,8.7951
3.6194,2.0009,0.11356,-0.055139,0.0412,8.7904
3.6195,2.0009,0.11356,-0.055142,0.041082,8.7931
3.6195,2.0009,0.11357,-0.055147,0.04098,8.8044
3.6196,2.0009,0.11357,-0.055152,0.040861,8.7908
3.6196,2.0009,0.11357,-0.055161,0.040743,8.7888
3.6197,2.0009,0.11357,-0.055167,0.040632,8.7871
3.6197,2.0009,0.11357,-0.055181,0.040527,8.7726
3.6198,2.0009,0.11358,-0.055198,0.040427,8.7689
3.6198,2.0009,0.11358,-0.055213,0.040317,8.7656
3.6199,2.0009,0.11358,-0.055222,0.0402,8.7651
3.6199,2.0009,0.11358,-0.055235,0.040091,8.7519
3.62,2.0009,0.11359,-0.05524,0.039966,8.756
3.6201,2.0009,0.11359,-0.055252,0.039801,8.7583
3.6201,2.0009,0.11359,-0.055262,0.039622,8.7524
3.6202,2.0009,0.11359,-0.055279,0.039441,8.7568
3.6202,2.0009,0.11359,-0.055292,0.039284,8.7578
3.6203,2.0009,0.1136,-0.055296,0.039125,8.7436
3.6203,2.0009,0.1136,-0.055288,0.038992,8.7422
3.6204,2.0009,0.1136,-0.055279,0.038896,8.7511
3.6204,2.0009,0.1136,-0.055256,0.038819,8.7416
3.6205,2.0008,0.1136,-0.055247,0.038715,8.7413
3.6205,2.0008,0.11361,-0.055239,0.038603,8.7519
3.6206,2.0008,0.11361,-0.055238,0.038498,8.7473
3.6206,2.0008,0.11361,-0.055248,0.038415,8.7466
3.6207,2.0008,0.11361,-0.055268,0.038323,8.7528
3.6207,2.0008,0.11361,-0.055296,0.038245,8.7465
3.6208,2.0008,0.11362,-0.055331,0.03819,8.7411
3.6208,2.0008,0.11362,-0.055364,0.038165,8.7392
3.6209,2.0008,0.11362,-0.055409,0.038133,8.7433
3.6209,2.0008,0.11362,-0.05544,0.038101,8.7313
3.621,2.0008,0.11362,-0.055457,0.038084,8.7344
3.6211,2.0008,0.11363,-0.055464,0.038047,8.7385
3.6211,2.0008,0.11363,-0.055467,0.037996,8.7348
3.6212,2.0008,0.11363,-0.055468,0.03794,8.7337
3.6212,2.0008,0.11363,-0.055473,0.037885,8.7404
3.6213,2.0008,0.11363,-0.05549,0.037838,8.7272
3.6213,2.0008,0.11364,-0.055512,0.037806,8.7255
3.6214,2.0008,0.11364,-0.055523,0.037809,8.7307
3.6214,2.0008,0.11364,-0.055508,0.037815,8.7276
3.6215,2.0008,0.11364,-0.055488,0.037792,8.7248
3.6215,2.0008,0.11364,-0.055454,0.03776,8.7344
3.6216,2.0008,0.11365,-0.055423,0.037726,8.7398
3.6216,2.0008,0.11365,-0.055396,0.037697,8.7324
3.6217,2.0008,0.11365,-0.055369,0.03768,8.7446
3.6217,2.0008,0.11365,-0.055343,0.037696,8.7507
3.6218,2.0008,0.11365,-0.055319,0.037731,8.7467
3.6218,2.0008,0.11366,-0.055295,0.037714,8.7479
3.6219,2.0008,0.11366,-0.055282,0.037675,8.7641
3.6219,2.0008,0.11366,-0.055273,0.037631,8.7527
3.622,2.0008,0.11366,-0.055277,0.037563,8.754
3.6221,2.0008,0.11366,-0.055281,0.037485,8.7736
3.6221,2.0008,0.11367,-0.055281,0.037412,8.7704
3.6222,2.0008,0.11367,-0.055271,0.037373,8.7753
3.6222,2.0008,0.11367,-0.055254,0.037346,8.7801
3.6223,2.0007,0.11367,-0.055234,0.037309,8.7757
3.6223,2.0007,0.11367,-0.055216,0.037298,8.771
3.6224,2.0007,0.11368,-0.055194,0.03731,8.7742
3.6224,2.0007,0.11368,-0.055163,0.037311,8.7765
3.6225,2.0007,0.11368,-0.055129,0.037314,8.7694
3.6225,2.0007,0.11368,-0.0551,0.037321,8.7731
3.6226,2.0007,0.11368,-0.055064,0.037354,8.7801
3.6226,2.0007,0.11369,-0.055033,0.037393,8.7675
3.6227,2.0007,0.11369,-0.055008,0.037397,8.7632
3.6227,2.0007,0.11369,-0.054997,0.03738,8.775
3.6228,2.0007,0.11369,-0.05498,0.037353,8.7682
3.6228,2.0007,0.11369,-0.054956,0.037331,8.7664
3.6229,2.0007,0.1137,-0.054932,0.037298,8.7684
3.6229,2.0007,0.1137,-0.054904,0.03728,8.7623
3.623,2.0007,0.1137,-0.05487,0.037303,8.7584
3.6231,2.0007,0.1137,-0.054829,0.03735,8.7767
3.6231,2.0007,0.1137,-0.054781,0.037398,8.7823
3.6232,2.0007,0.11371,-0.054729,0.037478,8.7803
3.6232,2.0007,0.11371,-0.054666,0.037579,8.7936
3.6233,2.0007,0.11371,-0.054602,0.037682,8.7972
3.6233,2.0007,0.11371,-0.054541,0.037732,8.792
3.6234,2.0007,0.11371,-0.05448,0.037738,8.7961
3.6234,2.0007,0.11372,-0.054419,0.037705,8.7987
3.6235,2.0007,0.11372,-0.054358,0.037642,8.7911
3.6235,2.0007,0.11372,-0.054297,0.037566,8.7914
3.6236,2.0007,0.11372,-0.054237,0.037504,8.8041
3.6236,2.0007,0.11372,-0.054177,0.037443,8.7993
3.6237,2.0007,0.11372,-0.054117,0.037386,8.7919
3.6237,2.0007,0.11373,-0.054057,0.037323,8.8038
3.6238,2.0007,0.11373,-0.053998,0.037258,8.7968
3.6238,2.0007,0.11373,-0.053939,0.03719,8.7852
3.6239,2.0007,0.11373,-0.05388,0.03712,8.7818
3.6239,2.0007,0.11373,-0.053822,0.037048,8.7871
3.624,2.0007,0.11374,-0.053764,0.036973,8.7745
3.6241,2.0007,0.11374,-0.053706,0.036896,8.7802
3.6241,2.0006,0.11374,-0.053649,0.036817,8.7858
3.6242,2.0006,0.11374,-0.053591,0.036749,8.7787
3.6242,2.0006,0.11374,-0.053534,0.036655,8.7778
3.6243,2.0006,0.11375,-0.053476,0.036558,8.788
3.6243,2.0006,0.11375,-0.053419,0.036425,8.7846
3.6244,2.0006,0.11375,-0.053363,0.036274,8.7805
3.6244,2.0006,0.11375,-0.053307,0.036102,8.783
3.6245,2.0006,0.11375,-0.053252,0.035948,8.7873
3.6245,2.0006,0.11376,-0.053199,0.035856,8.7816
3.6246,2.0006,0.11376,-0.053145,0.035827,8.7976
3.6246,2.0006,0.11376,-0.053093,0.035815,8.8036
3.6247,2.0006,0.11376,-0.053041,0.035829,8.7973
3.6247,2.0006,0.11376,-0.052989,0.035817,8.8077
3.6248,2.0006,0.11377,-0.052937,0.035779,8.8153
3.6248,2.0006,0.11377,-0.052884,0.0357,8.8065
3.6249,2.0006,0.11377,-0.05283,0.035609,8.8121
3.6249,2.0006,0.11377,-0.052775,0.03553,8.8147
3.625,2.0006,0.11377,-0.052721,0.03545,8.8015
3.6251,2.0006,0.11377,-0.052667,0.035367,8.803
3.6251,2.0006,0.11378,-0.052614,0.035284,8.8126
3.6252,2.0006,0.11378,-0.052562,0.035198,8.8051
3.6252,2.0006,0.11378,-0.052511,0.035097,8.8068
3.6253,2.0006,0.11378,-0.052462,0.035017,8.8107
3.6253,2.0006,0.11378,-0.052413,0.034954,8.8057
3.6254,2.0006,0.11379,-0.052364,0.0349,8.7976
3.6254,2.0006,0.11379,-0.052317,0.034836,8.8028
3.6255,2.0006,0.11379,-0.05227,0.034792,8.8029
3.6255,2.0006,0.11379,-0.052225,0.034755,8.7855
3.6256,2.0006,0.11379,-0.052182,0.034713,8.7941
3.6256,2.0006,0.11379,-0.052141,0.034652,8.8004
3.6257,2.0006,0.1138,-0.052101,0.034601,8.7942
3.6257,2.0006,0.1138,-0.052062,0.034542,8.7982
3.6258,2.0006,0.1138,-0.052024,0.034465,8.8082
3.6258,2.0006,0.1138,-0.051986,0.034364,8.8039
3.6259,2.0006,0.1138,-0.05195,0.034262,8.8012
3.6259,2.0006,0.11381,-0.051914,0.034168,8.8116
3.626,2.0005,0.11381,-0.051881,0.034099,8.8081
3.6261,2.0005,0.11381,-0.051848,0.034068,8.8005
3.6261,2.0005,0.11381,-0.051815,0.034095,8.8146
3.6262,2.0005,0.11381,-0.051781,0.034139,8.82
3.6262,2.0005,0.11381,-0.051753,0.034214,8.8172
3.6263,2.0005,0.11382,-0.05173,0.03427,8.8218
3.6263,2.0005,0.11382,-0.05171,0.034298,8.823
3.6264,2.0005,0.11382,-0.05169,0.034337,8.8139
3.6264,2.0005,0.11382,-0.05167,0.034379,8.8093
3.6265,2.0005,0.11382,-0.051647,0.034418,8.8122
3.6265,2.0005,0.11383,-0.051622,0.034458,8.8036
3.6266,2.0005,0.11383,-0.051593,0.034464,8.7916
3.6266,2.0005,0.11383,-0.05157,0.034459,8.7967
3.6267,2.0005,0.11383,-0.051548,0.034414,8.794
3.6267,2.0005,0.11383,-0.051525,0.034358,8.7859
3.6268,2.0005,0.11383,-0.051503,0.034315,8.7995
3.6268,2.0005,0.11384,-0.051479,0.034271,8.7906
3.6269,2.0005,0.11384,-0.051463,0.034213,8.7757
3.6269,2.0005,0.11384,-0.051438,0.034177,8.7721
3.627,2.0005,0.11384,-0.051408,0.034159,8.7741
3.6271,2.0005,0.11384,-0.051375,0.034152,8.7609
3.6271,2.0005,0.11385,-0.051342,0.034151,8.7679
3.6272,2.0005,0.11385,-0.051311,0.034147,8.7729
3.6272,2.0005,0.11385,-0.051286,0.034135,8.7745
3.6273,2.0005,0.11385,-0.05127,0.034107,8.7723
3.6273,2.0005,0.11385,-0.051263,0.034054,8.7826
3.6274,2.0005,0.11385,-0.051252,0.034015,8.7751
3.6274,2.0005,0.11386,-0.051242,0.033975,8.7726
3.6275,2.0005,0.11386,-0.051233,0.033935,8.789
3.6275,2.0005,0.11386,-0.051226,0.033894,8.7895
3.6276,2.0005,0.11386,-0.051221,0.033852,8.7799
3.6276,2.0005,0.11386,-0.051217,0.03381,8.7901
3.6277,2.0005,0.11387,-0.051213,0.033767,8.7947
3.6277,2.0005,0.11387,-0.051209,0.033709,8.7892
3.6278,2.0005,0.11387,-0.051199,0.033674,8.7969
3.6278,2.0005,0.11387,-0.051194,0.033642,8.8013
3.6279,2.0005,0.11387,-0.051205,0.033645,8.7841
3.6279,2.0004,0.11387,-0.051227,0.03367,8.7844
3.628,2.0004,0.11388,-0.051249,0.033705,8.7837
3.6281,2.0004,0.11388,-0.051275,0.033736,8.7747
3.6281,2.0004,0.11388,-0.051306,0.033749,8.7678
3.6282,2.0004,0.11388,-0.051341,0.033729,8.78
3.6282,2.0004,0.11388,-0.051375,0.033706,8.7826
3.6283,2.0004,0.11388,-0.051419,0.033658,8.775
3.6283,2.0004,0.11389,-0.051476,0.033624,8.7906
3.6284,2.0004,0.11389,-0.051533,0.033573,8.7946
3.6284,2.0004,0.11389,-0.051583,0.033545,8.7939
3.6285,2.0004,0.11389,-0.051631,0.033534,8.8007
3.6285,2.0004,0.11389,-0.05168,0.033533,8.7993
3.6286,2.0004,0.1139,-0.051727,0.033537,8.7935
3.6286,2.0004,0.1139,-0.051773,0.033538,8.7949
3.6287,2.0004,0.1139,-0.051817,0.03353,8.8057
3.6287,2.0004,0.1139,-0.051859,0.033508,8.8023
3.6288,2.0004,0.1139,-0.051905,0.033441,8.8121
3.6288,2.0004,0.1139,-0.051941,0.033419,8.8298
3.6289,2.0004,0.11391,-0.05197,0.033388,8.8255
3.6289,2.0004,0.11391,-0.051996,0.033351,8.8243
3.629,2.0004,0.11391,-0.05202,0.033315,8.8351
3.6291,2.0004,0.11391,-0.052045,0.033261,8.8343
3.6291,2.0004,0.11391,-0.052073,0.03322,8.8276
3.6292,2.0004,0.11391,-0.052108,0.033191,8.8364
3.6292,2.0004,0.11392,-0.05215,0.033161,8.8395
3.6293,2.0004,0.11392,-0.052186,0.033172,8.8319
3.6293,2.0004,0.11392,-0.052221,0.033171,8.8417
3.6294,2.0004,0.11392,-0.052258,0.033167,8.8429
3.6294,2.0004,0.11392,-0.052291,0.033157,8.8299
3.6295,2.0004,0.11392,-0.052321,0.033125,8.8298
3.6295,2.0004,0.11393,-0.052351,0.0331,8.8212
3.6296,2.0004,0.11393,-0.052376,0.033088,8.8091
3.6296,2.0004,0.11393,-0.052404,0.033051,8.8026
3.6297,2.0004,0.11393,-0.052422,0.032996,8.8079
3.6297,2.0004,0.11393,-0.052435,0.032931,8.8016
3.6298,2.0004,0.11394,-0.052447,0.032864,8.8024
3.6298,2.0003,0.11394,-0.052461,0.032799,8.812
3.6299,2.0003,0.11394,-0.052468,0.032734,8.8056
3.6299,2.0003,0.11394,-0.052481,0.032692,8.7972
3.63,2.0003,0.11394,-0.052484,0.032705,8.8083
3.6301,2.0003,0.11394,-0.052488,0.032722,8.8105
3.6301,2.0003,0.11395,-0.052482,0.032745,8.8042
3.6302,2.0003,0.11395,-0.052477,0.032745,8.809
3.6302,2.0003,0.11395,-0.05248,0.032757,8.8153
3.6303,2.0003,0.11395,-0.052495,0.032762,8.8056
3.6303,2.0003,0.11395,-0.05251,0.032748,8.8119
3.6304,2.0003,0.11395,-0.05254,0.032722,8.8255
3.6304,2.0003,0.11396,-0.052555,0.032739,8.8224
3.6305,2.0003,0.11396,-0.052568,0.032773,8.8139
3.6305,2.0003,0.11396,-0.052573,0.032806,8.8214
3.6306,2.0003,0.11396,-0.052567,0.032819,8.811
3.6306,2.0003,0.11396,-0.052548,0.032849,8.8001
3.6307,2.0003,0.11396,-0.052515,0.032866,8.8041
3.6307,2.0003,0.11397,-0.052473,0.032864,8.7989
3.6308,2.0003,0.11397,-0.052428,0.032837,8.79
3.6308,2.0003,0.11397,-0.052365,0.032822,8.8026
3.6309,2.0003,0.11397,-0.05231,0.032805,8.7999
3.6309,2.0003,0.11397,-0.052265,0.032772,8.7786
3.631,2.0003,0.11398,-0.052225,0.03276,8.779
3.6311,2.0003,0.11398,-0.052187,0.032764,8.7767
3.6311,2.0003,0.11398,-0.052147,0.032778,8.7609
3.6312,2.0003,0.11398,-0.052101,0.0328,8.7579
3.6312,2.0003,0.11398,-0.052038,0.032811,8.7603
3.6313,2.0003,0.11398,-0.051965,0.032813,8.75
3.6313,2.0003,0.11399,-0.051898,0.032788,8.7527
3.6314,2.0003,0.11399,-0.051851,0.032733,8.7652
3.6314,2.0003,0.11399,-0.051809,0.032689,8.7683
3.6315,2.0003,0.11399,-0.051779,0.032651,8.7595
3.6315,2.0003,0.11399,-0.051745,0.03261,8.7703
3.6316,2.0003,0.11399,-0.051708,0.032572,8.7707
3.6316,2.0003,0.114,-0.051669,0.032531,8.761
3.6317,2.0003,0.114,-0.051628,0.032494,8.7626
3.6317,2.0003,0.114,-0.051584,0.032453,8.7633
3.6318,2.0002,0.114,-0.051539,0.032416,8.7546
3.6318,2.0002,0.114,-0.05148,0.03238,8.7581
3.6319,2.0002,0.114,-0.051415,0.032338,8.7682
3.6319,2.0002,0.11401,-0.051333,0.032283,8.7552
3.632,2.0002,0.11401,-0.051248,0.032224,8.751
3.6321,2.0002,0.11401,-0.05116,0.032168,8.7563
3.6321,2.0002,0.11401,-0.051078,0.032108,8.7492
3.6322,2.0002,0.11401,-0.051,0.032049,8.7354
3.6322,2.0002,0.11401,-0.050922,0.032001,8.738
3.6323,2.0002,0.11402,-0.050839,0.031951,8.7402
3.6323,2.0002,0.11402,-0.050756,0.031889,8.7315
3.6324,2.0002,0.11402,-0.05068,0.031816,8.7409
3.6324,2.0002,0.11402,-0.050606,0.031739,8.743
3.6325,2.0002,0.11402,-0.050526,0.031669,8.7397
3.6325,2.0002,0.11402,-0.05045,0.031576,8.7395
3.6326,2.0002,0.11403,-0.050369,0.031514,8.7343
3.6326,2.0002,0.11403,-0.050278,0.031477,8.7312
3.6327,2.0002,0.11403,-0.050168,0.031449,8.7261
3.6327,2.0002,0.11403,-0.050059,0.031433,8.736
3.6328,2.0002,0.11403,-0.049956,0.031377,8.7277
3.6328,2.0002,0.11403,-0.049848,0.031307,8.7288
3.6329,2.0002,0.11404,-0.049743,0.031211,8.7461
3.6329,2.0002,0.11404,-0.049641,0.031071,8.7427
3.633,2.0002,0.11404,-0.049545,0.030921,8.7394
3.6331,2.0002,0.11404,-0.049453,0.030769,8.7547
3.6331,2.0002,0.11404,-0.049365,0.030642,8.7512
3.6332,2.0002,0.11404,-0.049285,0.030552,8.7427
3.6332,2.0002,0.11405,-0.049208,0.030472,8.749
3.6333,2.0002,0.11405,-0.049126,0.030441,8.7598
3.6333,2.0002,0.11405,-0.049045,0.030434,8.7418
3.6334,2.0002,0.11405,-0.048962,0.030441,8.7503
3.6334,2.0002,0.11405,-0.04888,0.030432,8.7565
3.6335,2.0002,0.11405,-0.048797,0.03042,8.7484
3.6335,2.0002,0.11406,-0.048716,0.030405,8.7433
3.6336,2.0002,0.11406,-0.048635,0.030375,8.7502
3.6336,2.0002,0.11406,-0.048555,0.030332,8.7345
3.6337,2.0002,0.11406,-0.048475,0.030286,8.7263
3.6337,2.0002,0.11406,-0.048395,0.030246,8.7332
3.6338,2.0001,0.11406,-0.048315,0.030219,8.735
3.6338,2.0001,0.11406,-0.048234,0.030203,8.7245
3.6339,2.0001,0.11407,-0.048153,0.030196,8.7373
3.6339,2.0001,0.11407,-0.048073,0.030198,8.7459
3.634,2.0001,0.11407,-0.047993,0.030195,8.7415
3.6341,2.0001,0.11407,-0.047913,0.030183,8.7464
3.6341,2.0001,0.11407,-0.047835,0.030154,8.751
3.6342,2.0001,0.11407,-0.047757,0.030146,8.7491
3.6342,2.0001,0.11408,-0.047681,0.030143,8.7422
3.6343,2.0001,0.11408,-0.047605,0.030176,8.749
3.6343,2.0001,0.11408,-0.04753,0.030237,8.7514
3.6344,2.0001,0.11408,-0.047455,0.030317,8.7468
3.6344,2.0001,0.11408,-0.04738,0.030383,8.7596
3.6345,2.0001,0.11408,-0.047305,0.030431,8.76
3.6345,2.0001,0.11409,-0.047231,0.030438,8.7538
3.6346,2.0001,0.11409,-0.047157,0.030442,8.7716
3.6346,2.0001,0.11409,-0.047084,0.030417,8.7681
3.6347,2.0001,0.11409,-0.047012,0.030402,8.7567
3.6347,2.0001,0.11409,-0.046942,0.030384,8.7593
3.6348,2.0001,0.11409,-0.046874,0.030364,8.7596
3.6348,2.0001,0.1141,-0.046808,0.030337,8.7522
3.6349,2.0001,0.1141,-0.046745,0.030311,8.7523
3.6349,2.0001,0.1141,-0.046685,0.030281,8.7598
3.635,2.0001,0.1141,-0.046626,0.030255,8.7532
3.6351,2.0001,0.1141,-0.046567,0.030231,8.747
3.6351,2.0001,0.1141,-0.04651,0.030209,8.7573
3.6352,2.0001,0.1141,-0.046454,0.030188,8.7503
3.6352,2.0001,0.11411,-0.0464,0.030169,8.7405
3.6353,2.0001,0.11411,-0.046347,0.030165,8.7464
3.6353,2.0001,0.11411,-0.046296,0.03014,8.7481
3.6354,2.0001,0.11411,-0.046246,0.0301,8.7423
3.6354,2.0001,0.11411,-0.046198,0.030053,8.7514
3.6355,2.0001,0.11411,-0.046151,0.03002,8.7591
3.6355,2.0001,0.11412,-0.046104,0.029971,8.7508
3.6356,2.0001,0.11412,-0.046058,0.029919,8.764
3.6356,2.0001,0.11412,-0.046013,0.029877,8.7709
3.6357,2.0001,0.11412,-0.045969,0.029859,8.7576
3.6357,2.0001,0.11412,-0.045927,0.029833,8.7579
3.6358,2.0001,0.11412,-0.045887,0.02982,8.7675
3.6358,2.0001,0.11413,-0.045848,0.029825,8.7604
3.6359,2,0.11413,-0.045811,0.029855,8.7605
3.6359,2,0.11413,-0.045774,0.029885,8.7664
3.636,2,0.11413,-0.045739,0.029889,8.7669
3.6361,2,0.11413,-0.045707,0.029881,8.76
3.6361,2,0.11413,-0.045679,0.029875,8.7749
3.6362,2,0.11413,-0.045647,0.029876,8.7664
3.6362,2,0.11414,-0.045613,0.029885,8.7561
3.6363,2,0.11414,-0.045577,0.029906,8.7551
3.6363,2,0.11414,-0.045543,0.029941,8.7521
3.6364,2,0.11414,-0.045511,0.029988,8.7353
3.6364,2,0.11414,-0.045484,0.030014,8.7324
3.6365,2,0.11414,-0.045463,0.030049,8.7384
3.6365,2,0.11415,-0.045449,0.030091,8.7249
3.6366,2,0.11415,-0.045433,0.030142,8.7172
3.6366,2,0.11415,-0.04542,0.030198,8.7227
3.6367,2,0.11415,-0.045409,0.030252,8.7139
3.6367,2,0.11415,-0.045401,0.030299,8.7067
3.6368,2,0.11415,-0.045397,0.030335,8.715
3.6368,2,0.11416,-0.045394,0.030367,8.709
3.6369,2,0.11416,-0.045395,0.030398,8.7035
3.6369,2,0.11416,-0.045398,0.030419,8.7155
3.637,2,0.11416,-0.045404,0.030448,8.7269
3.6371,2,0.11416,-0.045412,0.030487,8.7205
3.6371,2,0.11416,-0.045422,0.030534,8.7225
3.6372,2,0.11416,-0.045432,0.030579,8.7327
3.6372,2,0.11417,-0.045443,0.03063,8.7222
3.6373,2,0.11417,-0.045457,0.030681,8.7203
3.6373,2,0.11417,-0.045473,0.030727,8.7292
3.6374,2,0.11417,-0.045492,0.030763,8.7205
3.6374,2,0.11417,-0.045514,0.030795,8.7182
3.6375,2,0.11417,-0.045537,0.030828,8.7306
3.6375,2,0.11418,-0.045563,0.030856,8.7219
3.6376,2,0.11418,-0.04559,0.030879,8.7211
3.6376,2,0.11418,-0.045621,0.030906,8.7264
3.6377,2,0.11418,-0.045656,0.030932,8.7204
3.6377,2,0.11418,-0.045701,0.030958,8.7122
3.6378,2,0.11418,-0.045746,0.030983,8.7104
3.6378,2,0.11419,-0.045779,0.031008,8.7127
3.6379,2,0.11419,-0.045802,0.031033,8.7008
3.6379,2,0.11419,-0.045828,0.031057,8.7057
3.638,2,0.11419,-0.045852,0.03108,8.714
3.6381,2,0.11419,-0.045871,0.031104,8.7137
3.6381,1.9999,0.11419,-0.045888,0.031127,8.7115
3.6382,1.9999,0.1142,-0.045906,0.031149,8.7248
3.6382,1.9999,0.1142,-0.045915,0.031171,8.7108
3.6383,1.9999,0.1142,-0.045909,0.031193,8.7094
3.6383,1.9999,0.1142,-0.045901,0.031214,8.7194
3.6384,1.9999,0.1142,-0.045899,0.031235,8.7169
3.6384,1.9999,0.1142,-0.045896,0.031255,8.7133
3.6385,1.9999,0.11421,-0.045893,0.031275,8.7222
3.6385,1.9999,0.11421,-0.045889,0.031295,8.7284
3.6386,1.9999,0.11421,-0.045885,0.031313,8.7267
3.6386,1.9999,0.11421,-0.045882,0.031331,8.7308
3.6387,1.9999,0.11421,-0.045879,0.031345,8.7452
3.6387,1.9999,0.11421,-0.045872,0.031364,8.7369
3.6388,1.9999,0.11422,-0.045872,0.03137,8.744
3.6388,1.9999,0.11422,-0.04588,0.031407,8.7457
3.6389,1.9999,0.11422,-0.045891,0.031467,8.74
3.6389,1.9999,0.11422,-0.045905,0.031536,8.7306
3.639,1.9999,0.11422,-0.045918,0.03161,8.7446
3.6391,1.9999,0.11422,-0.045928,0.031688,8.7437
3.6391,1.9999,0.11423,-0.045933,0.031768,8.7388
3.6392,1.9999,0.11423,-0.045928,0.031812,8.7485
3.6392,1.9999,0.11423,-0.045929,0.031811,8.7482
3.6393,1.9999,0.11423,-0.045929,0.031816,8.7393
3.6393,1.9999,0.11423,-0.04593,0.031812,8.7418
3.6394,1.9999,0.11423,-0.04593,0.031803,8.7407
3.6394,1.9999,0.11424,-0.045931,0.031802,8.7315
3.6395,1.9999,0.11424,-0.045932,0.031822,8.7427
3.6395,1.9999,0.11424,-0.045932,0.031849,8.7515
3.6396,1.9999,0.11424,-0.045933,0.031885,8.7435
3.6396,1.9999,0.11424,-0.045934,0.031937,8.7402
3.6397,1.9999,0.11424,-0.045934,0.031999,8.7521
3.6397,1.9999,0.11425,-0.045935,0.032066,8.7522
3.6398,1.9999,0.11425,-0.045936,0.032129,8.751
3.6398,1.9999,0.11425,-0.045937,0.03218,8.7555
3.6399,1.9999,0.11425,-0.045938,0.032216,8.7536
3.6399,1.9999,0.11425,-0.045938,0.032234,8.7459
3.64,1.9999,0.11425,-0.045939,0.032274,8.7695
3.6401,1.9999,0.11426,-0.045941,0.032325,8.765
3.6401,1.9999,0.11426,-0.045941,0.03239,8.7666
3.6402,1.9999,0.11426,-0.045941,0.032456,8.7771
3.6402,1.9999,0.11426,-0.04594,0.032524,8.7864
3.6403,1.9998,0.11426,-0.04594,0.032584,8.7748
3.6403,1.9998,0.11426,-0.045939,0.032637,8.7771
3.6404,1.9998,0.11427,-0.045939,0.03268,8.783
3.6404,1.9998,0.11427,-0.045939,0.032715,8.7723
3.6405,1.9998,0.11427,-0.04594,0.032744,8.7674
3.6405,1.9998,0.11427,-0.045941,0.032771,8.7738
3.6406,1.9998,0.11427,-0.045941,0.032791,8.7733
3.6406,1.9998,0.11427,-0.045942,0.032812,8.7657
3.6407,1.9998,0.11428,-0.045943,0.032832,8.7764
3.6407,1.9998,0.11428,-0.045943,0.032851,8.777
3.6408,1.9998,0.11428,-0.045946,0.032869,8.7634
3.6408,1.9998,0.11428,-0.045945,0.032884,8.7691
3.6409,1.9998,0.11428,-0.045943,0.032898,8.7664
3.6409,1.9998,0.11429,-0.045939,0.03291,8.7572
3.641,1.9998,0.11429,-0.045934,0.032921,8.7629
3.6411,1.9998,0.11429,-0.045931,0.032929,8.7737
3.6411,1.9998,0.11429,-0.045929,0.032932,8.7674
3.6412,1.9998,0.11429,-0.04593,0.032939,8.7707
3.6412,1.9998,0.11429,-0.045934,0.032944,8.7828
3.6413,1.9998,0.1143,-0.045936,0.032956,8.7706
3.6413,1.9998,0.1143,-0.045938,0.032973,8.771
3.6414,1.9998,0.1143,-0.04594,0.03299,8.7771
3.6414,1.9998,0.1143,-0.045941,0.033,8.769
3.6415,1.9998,0.1143,-0.045943,0.033009,8.7656
3.6415,1.9998,0.1143,-0.045945,0.033013,8.7805
3.6416,1.9998,0.11431,-0.045947,0.033016,8.7824
3.6416,1.9998,0.11431,-0.045949,0.033013,8.7761
3.6417,1.9998,0.11431,-0.045951,0.03301,8.7878
3.6417,1.9998,0.11431,-0.045953,0.032999,8.789
3.6418,1.9998,0.11431,-0.045957,0.032984,8.7717
3.6418,1.9998,0.11431,-0.045959,0.032972,8.7768
3.6419,1.9998,0.11432,-0.045956,0.032968,8.7771
3.6419,1.9998,0.11432,-0.045951,0.032963,8.7669
3.642,1.9998,0.11432,-0.045945,0.032959,8.7565
3.6421,1.9998,0.11432,-0.045941,0.032961,8.7704
3.6421,1.9998,0.11432,-0.045938,0.032961,8.7639
3.6422,1.9998,0.11433,-0.045939,0.032948,8.7566
3.6422,1.9998,0.11433,-0.045944,0.032933,8.7682
3.6423,1.9998,0.11433,-0.04595,0.032922,8.7639
3.6423,1.9998,0.11433,-0.045953,0.032917,8.7512
3.6424,1.9998,0.11433,-0.045956,0.032908,8.7599
3.6424,1.9998,0.11433,-0.045957,0.032894,8.7618
3.6425,1.9997,0.11434,-0.045953,0.032887,8.7516
3.6425,1.9997,0.11434,-0.045952,0.032885,8.7537
3.6426,1.9997,0.11434,-0.045961,0.032863,8.7658
3.6426,1.9997,0.11434,-0.045983,0.032801,8.7622
3.6427,1.9997,0.11434,-0.046019,0.032705,8.7598
3.6427,1.9997,0.11434,-0.046067,0.032621,8.7736
3.6428,1.9997,0.11435,-0.046127,0.032571,8.7675
3.6428,1.9997,0.11435,-0.046179,0.032582,8.7649
3.6429,1.9997,0.11435,-0.046217,0.032653,8.7738
3.6429,1.9997,0.11435,-0.046248,0.032767,8.768
3.643,1.9997,0.11435,-0.046274,0.032878,8.7563
3.6431,1.9997,0.11435,-0.0463,0.032944,8.7652
3.6431,1.9997,0.11436,-0.046327,0.032971,8.7659
3.6432,1.9997,0.11436,-0.046358,0.032984,8.7604
3.6432,1.9997,0.11436,-0.046395,0.032994,8.7694
3.6433,1.9997,0.11436,-0.046424,0.033017,8.7767
3.6433,1.9997,0.11436,-0.046452,0.033032,8.7591
3.6434,1.9997,0.11436,-0.046476,0.033043,8.764
3.6434,1.9997,0.11437,-0.046498,0.033054,8.7701
3.6435,1.9997,0.11437,-0.046517,0.033066,8.7533
3.6435,1.9997,0.11437,-0.046532,0.033089,8.7513
3.6436,1.9997,0.11437,-0.046545,0.033125,8.7567
3.6436,1.9997,0.11437,-0.046555,0.033164,8.7462
3.6437,1.9997,0.11438,-0.046562,0.033198,8.7448
3.6437,1.9997,0.11438,-0.046567,0.033218,8.7572
3.6438,1.9997,0.11438,-0.04657,0.033225,8.7562
3.6438,1.9997,0.11438,-0.046577,0.033219,8.7473
3.6439,1.9997,0.11438,-0.046573,0.033201,8.7599
3.6439,1.9997,0.11438,-0.046566,0.033182,8.7576
3.644,1.9997,0.11439,-0.046545,0.033169,8.7443
3.6441,1.9997,0.11439,-0.046516,0.033156,8.7433
3.6441,1.9997,0.11439,-0.046488,0.033141,8.758
3.6442,1.9997,0.11439,-0.046457,0.033123,8.749
3.6442,1.9997,0.11439,-0.046423,0.033099,8.7523
3.6443,1.9997,0.11439,-0.046381,0.033069,8.7676
3.6443,1.9997,0.1144,-0.046329,0.033025,8.7639
3.6444,1.9997,0.1144,-0.046282,0.032988,8.7578
3.6444,1.9997,0.1144,-0.046233,0.032949,8.7692
3.6445,1.9997,0.1144,-0.046195,0.032917,8.7624
3.6445,1.9997,0.1144,-0.046174,0.032883,8.7493
3.6446,1.9997,0.1144,-0.046161,0.032851,8.7536
3.6446,1.9996,0.11441,-0.04615,0.032823,8.7498
3.6447,1.9996,0.11441,-0.046131,0.032796,8.7476
3.6447,1.9996,0.11441,-0.046112,0.03277,8.7553
3.6448,1.9996,0.11441,-0.046094,0.032751,8.7758
3.6448,1.9996,0.11441,-0.046061,0.032731,8.7567
3.6449,1.9996,0.11442,-0.046017,0.032717,8.7626
3.6449,1.9996,0.11442,-0.045967,0.032698,8.7698
3.645,1.9996,0.11442,-0.045916,0.032678,8.7614
3.6451,1.9996,0.11442,-0.045866,0.032656,8.7601
3.6451,1.9996,0.11442,-0.045822,0.032634,8.7725
3.6452,1.9996,0.11442,-0.045789,0.03261,8.7707
3.6452,1.9996,0.11443,-0.045763,0.032571,8.7712
3.6453,1.9996,0.11443,-0.045734,0.032554,8.7891
3.6453,1.9996,0.11443,-0.045696,0.032554,8.7921
3.6454,1.9996,0.11443,-0.045652,0.032564,8.783
3.6454,1.9996,0.11443,-0.045597,0.032564,8.7981
3.6455,1.9996,0.11443,-0.045529,0.032585,8.7962
3.6455,1.9996,0.11444,-0.045445,0.032615,8.7916
3.6456,1.9996,0.11444,-0.045359,0.032639,8.7917
3.6456,1.9996,0.11444,-0.045266,0.032644,8.7997
3.6457,1.9996,0.11444,-0.045185,0.03266,8.7882
3.6457,1.9996,0.11444,-0.045096,0.032667,8.8021
3.6458,1.9996,0.11444,-0.045014,0.032657,8.8086
3.6458,1.9996,0.11445,-0.044936,0.032623,8.8012
3.6459,1.9996,0.11445,-0.044863,0.032587,8.803
3.6459,1.9996,0.11445,-0.044795,0.032577,8.8062
3.646,1.9996,0.11445,-0.04474,0.032581,8.8005
3.6461,1.9996,0.11445,-0.044685,0.032586,8.789
3.6461,1.9996,0.11445,-0.044639,0.032587,8.7914
3.6462,1.9996,0.11446,-0.044591,0.032582,8.7896
3.6462,1.9996,0.11446,-0.044533,0.032566,8.7788
3.6463,1.9996,0.11446,-0.04447,0.032537,8.7847
3.6463,1.9996,0.11446,-0.044406,0.032493,8.8014
3.6464,1.9996,0.11446,-0.044347,0.03247,8.7848
3.6464,1.9996,0.11447,-0.044292,0.032438,8.79
3.6465,1.9996,0.11447,-0.044243,0.032398,8.7917
3.6465,1.9996,0.11447,-0.044201,0.032346,8.7746
3.6466,1.9996,0.11447,-0.04417,0.032289,8.7728
3.6466,1.9996,0.11447,-0.044117,0.03223,8.779
3.6467,1.9996,0.11447,-0.044054,0.032175,8.7716
3.6467,1.9996,0.11448,-0.043986,0.03213,8.7807
3.6468,1.9996,0.11448,-0.043921,0.03209,8.7935
3.6468,1.9995,0.11448,-0.043852,0.032049,8.7914
3.6469,1.9995,0.11448,-0.043779,0.032018,8.7819
3.6469,1.9995,0.11448,-0.043701,0.03198,8.7931
3.647,1.9995,0.11448,-0.043617,0.031931,8.7935
3.6471,1.9995,0.11449,-0.043516,0.031873,8.7848
3.6471,1.9995,0.11449,-0.043405,0.031814,8.7824
3.6472,1.9995,0.11449,-0.043294,0.031748,8.7825
3.6472,1.9995,0.11449,-0.04319,0.031679,8.7771
3.6473,1.9995,0.11449,-0.043084,0.031612,8.777
3.6473,1.9995,0.11449,-0.042991,0.031555,8.7904
3.6474,1.9995,0.1145,-0.0429,0.031513,8.7779
3.6474,1.9995,0.1145,-0.042823,0.031446,8.7629
3.6475,1.9995,0.1145,-0.042768,0.031367,8.7694
3.6475,1.9995,0.1145,-0.042727,0.031286,8.7631
3.6476,1.9995,0.1145,-0.042697,0.031199,8.75
3.6476,1.9995,0.1145,-0.042659,0.031118,8.7494
3.6477,1.9995,0.11451,-0.042606,0.031049,8.7412
3.6477,1.9995,0.11451,-0.042558,0.030997,8.7325
3.6478,1.9995,0.11451,-0.042493,0.030969,8.7311
3.6478,1.9995,0.11451,-0.042429,0.030928,8.7386
3.6479,1.9995,0.11451,-0.042371,0.030886,8.7328
3.6479,1.9995,0.11451,-0.042324,0.030859,8.7304
3.648,1.9995,0.11451,-0.042276,0.030809,8.7378
3.6481,1.9995,0.11452,-0.042226,0.030743,8.7312
3.6481,1.9995,0.11452,-0.042179,0.03067,8.7277
3.6482,1.9995,0.11452,-0.042145,0.030596,8.7353
3.6482,1.9995,0.11452,-0.042115,0.030528,8.7343
3.6483,1.9995,0.11452,-0.042098,0.030472,8.7302
3.6483,1.9995,0.11452,-0.042076,0.030435,8.746
3.6484,1.9995,0.11453,-0.042058,0.030423,8.745
3.6484,1.9995,0.11453,-0.042031,0.030396,8.7384
3.6485,1.9995,0.11453,-0.042009,0.030371,8.7426
3.6485,1.9995,0.11453,-0.041977,0.030346,8.7449
3.6486,1.9995,0.11453,-0.041949,0.030322,8.7419
3.6486,1.9995,0.11453,-0.041927,0.030299,8.7401
3.6487,1.9995,0.11454,-0.041916,0.030277,8.7431
3.6487,1.9995,0.11454,-0.041901,0.03026,8.7273
3.6488,1.9995,0.11454,-0.041889,0.030238,8.7286
3.6488,1.9995,0.11454,-0.04188,0.030211,8.7399
3.6489,1.9995,0.11454,-0.041875,0.030183,8.7288
3.6489,1.9995,0.11454,-0.041868,0.030154,8.7284
3.649,1.9995,0.11455,-0.041862,0.030127,8.7344
3.6491,1.9995,0.11455,-0.041848,0.030087,8.719
3.6491,1.9995,0.11455,-0.041823,0.030076,8.7118
3.6492,1.9995,0.11455,-0.041786,0.030089,8.7224
3.6492,1.9994,0.11455,-0.041738,0.030111,8.7174
3.6493,1.9994,0.11455,-0.041681,0.030139,8.7092
3.6493,1.9994,0.11455,-0.041625,0.030166,8.7138
3.6494,1.9994,0.11456,-0.041576,0.030184,8.7278
3.6494,1.9994,0.11456,-0.041531,0.030201,8.7228
3.6495,1.9994,0.11456,-0.04149,0.030172,8.7226
3.6495,1.9994,0.11456,-0.041452,0.030141,8.7279
3.6496,1.9994,0.11456,-0.041418,0.030103,8.7238
3.6496,1.9994,0.11456,-0.041386,0.030064,8.7246
3.6497,1.9994,0.11457,-0.041355,0.030033,8.729
3.6497,1.9994,0.11457,-0.041327,0.030014,8.7234
3.6498,1.9994,0.11457,-0.041302,0.030014,8.7215
3.6498,1.9994,0.11457,-0.04128,0.030038,8.7316
3.6499,1.9994,0.11457,-0.041261,0.030049,8.7321
3.6499,1.9994,0.11457,-0.041244,0.030074,8.7246
3.65,1.9994,0.11458,-0.04123,0.030077,8.7364
3.6501,1.9994,0.11458,-0.041219,0.030065,8.7335
3.6501,1.9994,0.11458,-0.041212,0.030045,8.7271
3.6502,1.9994,0.11458,-0.041209,0.030025,8.7294
3.6502,1.9994,0.11458,-0.041209,0.030012,8.7242
3.6503,1.9994,0.11458,-0.041212,0.030011,8.715
3.6503,1.9994,0.11458,-0.041217,0.03003,8.7187
3.6504,1.9994,0.11459,-0.041226,0.030086,8.722
3.6504,1.9994,0.11459,-0.041236,0.030105,8.7151
3.6505,1.9994,0.11459,-0.041251,0.030124,8.7102
3.6505,1.9994,0.11459,-0.041268,0.03011,8.7187
3.6506,1.9994,0.11459,-0.041289,0.030094,8.7045
3.6506,1.9994,0.11459,-0.041313,0.030065,8.7008
3.6507,1.9994,0.1146,-0.041339,0.030007,8.7043
3.6507,1.9994,0.1146,-0.041367,0.029949,8.6972
3.6508,1.9994,0.1146,-0.041402,0.02993,8.6875
3.6508,1.9994,0.1146,-0.041442,0.029894,8.7023
3.6509,1.9994,0.1146,-0.041486,0.029898,8.7087
3.6509,1.9994,0.1146,-0.041535,0.029899,8.7097
3.651,1.9994,0.11461,-0.041586,0.0299,8.7154
3.6511,1.9994,0.11461,-0.041639,0.029905,8.7276
3.6511,1.9994,0.11461,-0.041693,0.029888,8.7212
3.6512,1.9994,0.11461,-0.041746,0.029868,8.7221
3.6512,1.9994,0.11461,-0.041805,0.029854,8.7286
3.6513,1.9994,0.11461,-0.041866,0.02982,8.7283
3.6513,1.9994,0.11461,-0.041931,0.029796,8.7294
3.6514,1.9994,0.11462,-0.041998,0.029763,8.7338
3.6514,1.9994,0.11462,-0.042069,0.029715,8.7328
3.6515,1.9994,0.11462,-0.042142,0.029689,8.7272
3.6515,1.9994,0.11462,-0.042218,0.029671,8.7432
3.6516,1.9993,0.11462,-0.042297,0.029661,8.7456
3.6516,1.9993,0.11462,-0.042379,0.029659,8.7298
3.6517,1.9993,0.11463,-0.042464,0.029665,8.7356
3.6517,1.9993,0.11463,-0.04255,0.029677,8.7295
3.6518,1.9993,0.11463,-0.04264,0.029701,8.7145
3.6518,1.9993,0.11463,-0.042738,0.029715,8.7164
3.6519,1.9993,0.11463,-0.042842,0.029743,8.725
3.6519,1.9993,0.11463,-0.04295,0.029788,8.7211
3.652,1.9993,0.11464,-0.043061,0.02986,8.7198
3.6521,1.9993,0.11464,-0.043173,0.029976,8.732
3.6521,1.9993,0.11464,-0.043285,0.030112,8.7252
3.6522,1.9993,0.11464,-0.043395,0.030243,8.7135
3.6522,1.9993,0.11464,-0.043508,0.030361,8.7233
3.6523,1.9993,0.11464,-0.043625,0.030437,8.7251
3.6523,1.9993,0.11464,-0.043745,0.03049,8.7189
3.6524,1.9993,0.11465,-0.043868,0.030508,8.7312
3.6524,1.9993,0.11465,-0.043999,0.030532,8.7404
3.6525,1.9993,0.11465,-0.044129,0.030587,8.7414
3.6525,1.9993,0.11465,-0.044247,0.030688,8.7494
3.6526,1.9993,0.11465,-0.044357,0.030881,8.7545
3.6526,1.9993,0.11465,-0.044468,0.031135,8.7468
3.6527,1.9993,0.11466,-0.044574,0.031406,8.7495
3.6527,1.9993,0.11466,-0.044669,0.031655,8.7563
3.6528,1.9993,0.11466,-0.044767,0.031815,8.7504
3.6528,1.9993,0.11466,-0.04487,0.031951,8.7465
3.6529,1.9993,0.11466,-0.044966,0.032086,8.7566
3.6529,1.9993,0.11466,-0.045048,0.032246,8.7449
3.653,1.9993,0.11467,-0.045125,0.03246,8.7354
3.6531,1.9993,0.11467,-0.045204,0.03268,8.7405
3.6531,1.9993,0.11467,-0.045276,0.032884,8.7303
3.6532,1.9993,0.11467,-0.045339,0.033054,8.7138
3.6532,1.9993,0.11467,-0.045406,0.033167,8.7087
3.6533,1.9993,0.11467,-0.045472,0.033291,8.7103
3.6533,1.9993,0.11468,-0.045537,0.033436,8.687
3.6534,1.9993,0.11468,-0.045601,0.033587,8.6898
3.6534,1.9993,0.11468,-0.045665,0.033744,8.6952
3.6535,1.9993,0.11468,-0.045727,0.033907,8.6834
3.6535,1.9993,0.11468,-0.045788,0.034076,8.6878
3.6536,1.9993,0.11469,-0.045848,0.03425,8.6946
3.6536,1.9993,0.11469,-0.045906,0.034431,8.693
3.6537,1.9993,0.11469,-0.045964,0.034616,8.6837
3.6537,1.9993,0.11469,-0.04602,0.034807,8.693
3.6538,1.9993,0.11469,-0.04607,0.035004,8.6867
3.6538,1.9992,0.11469,-0.046127,0.035206,8.676
3.6539,1.9992,0.1147,-0.046177,0.035412,8.6933
3.6539,1.9992,0.1147,-0.046243,0.035624,8.6946
3.654,1.9992,0.1147,-0.046324,0.03584,8.6941
3.6541,1.9992,0.1147,-0.046416,0.03606,8.697
3.6541,1.9992,0.1147,-0.046521,0.036284,8.7059
3.6542,1.9992,0.11471,-0.046641,0.036511,8.6947
3.6542,1.9992,0.11471,-0.046774,0.036741,8.6982
3.6543,1.9992,0.11471,-0.046917,0.036973,8.7022
3.6543,1.9992,0.11471,-0.047048,0.037209,8.6952
3.6544,1.9992,0.11471,-0.047182,0.037446,8.6884
3.6544,1.9992,0.11472,-0.047294,0.037687,8.7002
3.6545,1.9992,0.11472,-0.047377,0.037929,8.6902
3.6545,1.9992,0.11472,-0.047443,0.038174,8.6891
3.6546,1.9992,0.11472,-0.0475,0.038421,8.6968
3.6546,1.9992,0.11472,-0.04756,0.03867,8.6941
3.6547,1.9992,0.11473,-0.047618,0.038921,8.6813
3.6547,1.9992,0.11473,-0.047673,0.039174,8.6849
3.6548,1.9992,0.11473,-0.047746,0.039428,8.6869
3.6548,1.9992,0.11473,-0.047819,0.039684,8.6745
3.6549,1.9992,0.11473,-0.047893,0.03994,8.6749
3.6549,1.9992,0.11474,-0.047966,0.040198,8.684
3.655,1.9992,0.11474,-0.048032,0.040457,8.6809
3.6551,1.9992,0.11474,-0.048087,0.040717,8.6797
3.6551,1.9992,0.11474,-0.048127,0.040977,8.6935
3.6552,1.9992,0.11475,-0.048152,0.041238,8.696
3.6552,1.9992,0.11475,-0.048173,0.041499,8.6972
3.6553,1.9992,0.11475,-0.048197,0.041761,8.705
3.6553,1.9992,0.11475,-0.04822,0.042023,8.7032
3.6554,1.9992,0.11475,-0.048249,0.042285,8.6952
3.6554,1.9992,0.11476,-0.048287,0.042548,8.7155
3.6555,1.9992,0.11476,-0.048338,0.04281,8.7205
3.6555,1.9992,0.11476,-0.04839,0.043073,8.7205
3.6556,1.9992,0.11476,-0.048448,0.043334,8.7249
3.6556,1.9992,0.11477,-0.048494,0.043596,8.7367
3.6557,1.9992,0.11477,-0.048545,0.043857,8.7278
3.6557,1.9992,0.11477,-0.04859,0.044117,8.7356
3.6558,1.9992,0.11477,-0.048628,0.044376,8.7341
3.6558,1.9992,0.11477,-0.04866,0.044634,8.7269
3.6559,1.9992,0.11478,-0.048684,0.044891,8.7233
3.6559,1.9991,0.11478,-0.048693,0.045147,8.7365
3.656,1.9991,0.11478,-0.048697,0.045401,8.7322
3.6561,1.9991,0.11478,-0.048689,0.045655,8.7224
3.6561,1.9991,0.11479,-0.048677,0.045907,8.7321
3.6562,1.9991,0.11479,-0.048672,0.046157,8.7368
3.6562,1.9991,0.11479,-0.048668,0.046406,8.726
3.6563,1.9991,0.11479,-0.048662,0.046653,8.7316
3.6563,1.9991,0.1148,-0.048648,0.046898,8.7284
3.6564,1.9991,0.1148,-0.048627,0.047141,8.7194
3.6564,1.9991,0.1148,-0.048594,0.047383,8.7191
3.6565,1.9991,0.1148,-0.048551,0.047623,8.7331
3.6565,1.9991,0.11481,-0.048491,0.04786,8.7267
3.6566,1.9991,0.11481,-0.048446,0.048095,8.7344
3.6566,1.9991,0.11481,-0.048407,0.048328,8.7535
3.6567,1.9991,0.11481,-0.048371,0.048559,8.7511
3.6567,1.9991,0.11482,-0.048331,0.048788,8.7549
3.6568,1.9991,0.11482,-0.048291,0.049014,8.7613
3.6568,1.9991,0.11482,-0.048248,0.049237,8.763
3.6569,1.9991,0.11482,-0.048204,0.049458,8.7522
3.6569,1.9991,0.11483,-0.048158,0.049677,8.7592
3.657,1.9991,0.11483,-0.048125,0.049893,8.7686
3.6571,1.9991,0.11483,-0.048099,0.050106,8.7588
3.6571,1.9991,0.11483,-0.048077,0.050316,8.769
3.6572,1.9991,0.11484,-0.048059,0.050524,8.7738
3.6572,1.9991,0.11484,-0.048053,0.050728,8.7622
3.6573,1.9991,0.11484,-0.048044,0.05093,8.7599
3.6573,1.9991,0.11485,-0.04804,0.051114,8.7576
3.6574,1.9991,0.11485,-0.048032,0.051318,8.7472
3.6574,1.9991,0.11485,-0.047999,0.051537,8.7456
3.6575,1.9991,0.11485,-0.047945,0.051765,8.7492
3.6575,1.9991,0.11486,-0.047877,0.051995,8.74
3.6576,1.9991,0.11486,-0.047811,0.05222,8.7352
3.6576,1.9991,0.11486,-0.047762,0.052433,8.7516
3.6577,1.9991,0.11486,-0.047711,0.052627,8.7594
3.6577,1.9991,0.11487,-0.047683,0.052794,8.7417
3.6578,1.9991,0.11487,-0.047657,0.052971,8.7564
3.6578,1.9991,0.11487,-0.047619,0.053144,8.7518
3.6579,1.9991,0.11488,-0.047562,0.053299,8.7396
3.6579,1.9991,0.11488,-0.047497,0.053474,8.7443
3.658,1.999,0.11488,-0.047428,0.053662,8.7591
3.6581,1.999,0.11488,-0.047353,0.053858,8.7498
3.6581,1.999,0.11489,-0.047268,0.054054,8.7558
3.6582,1.999,0.11489,-0.047175,0.054245,8.772
3.6582,1.999,0.11489,-0.047065,0.054427,8.7723
3.6583,1.999,0.1149,-0.046956,0.054585,8.7712
3.6583,1.999,0.1149,-0.04684,0.054705,8.7804
3.6584,1.999,0.1149,-0.046741,0.054828,8.7829
3.6584,1.999,0.1149,-0.046639,0.054946,8.7697
3.6585,1.999,0.11491,-0.046542,0.055059,8.7756
3.6585,1.999,0.11491,-0.046435,0.055164,8.7829
3.6586,1.999,0.11491,-0.046303,0.055262,8.7665
3.6586,1.999,0.11492,-0.046146,0.055353,8.7722
3.6587,1.999,0.11492,-0.045981,0.05544,8.7745
3.6587,1.999,0.11492,-0.045809,0.055516,8.7607
3.6588,1.999,0.11492,-0.045638,0.055589,8.7543
3.6588,1.999,0.11493,-0.045461,0.055663,8.7525
3.6589,1.999,0.11493,-0.045301,0.055732,8.7419
3.6589,1.999,0.11493,-0.045168,0.055794,8.7326
3.659,1.999,0.11494,-0.045059,0.055848,8.736
3.6591,1.999,0.11494,-0.044994,0.055892,8.7288
3.6591,1.999,0.11494,-0.04495,0.055937,8.7297
3.6592,1.999,0.11495,-0.044919,0.055978,8.739
3.6592,1.999,0.11495,-0.04489,0.056017,8.7436
3.6593,1.999,0.11495,-0.044843,0.056052,8.7347
3.6593,1.999,0.11495,-0.044783,0.056083,8.7416
3.6594,1.999,0.11496,-0.044729,0.056097,8.7442
3.6594,1.999,0.11496,-0.04466,0.05613,8.7371
3.6595,1.999,0.11496,-0.044601,0.056174,8.7376
3.6595,1.999,0.11497,-0.044542,0.056231,8.7518
3.6596,1.999,0.11497,-0.044486,0.056294,8.7506
3.6596,1.999,0.11497,-0.044433,0.056353,8.7596
3.6597,1.999,0.11497,-0.044355,0.056399,8.7642
3.6597,1.999,0.11498,-0.044284,0.056421,8.7617
3.6598,1.999,0.11498,-0.044231,0.056414,8.7623
3.6598,1.999,0.11498,-0.044173,0.056421,8.7734
3.6599,1.999,0.11499,-0.044122,0.05641,8.7677
3.6599,1.999,0.11499,-0.044087,0.056424,8.7553
3.66,1.999,0.11499,-0.044062,0.05645,8.7567
3.6601,1.999,0.115,-0.044029,0.056479,8.7564
3.6601,1.999,0.115,-0.043977,0.056499,8.7434
3.6602,1.999,0.115,-0.043934,0.056499,8.7472
3.6602,1.9989,0.115,-0.043893,0.056488,8.751
3.6603,1.9989,0.11501,-0.043832,0.056464,8.7409
3.6603,1.9989,0.11501,-0.043773,0.056395,8.7375
3.6604,1.9989,0.11501,-0.043715,0.056364,8.7401
3.6604,1.9989,0.11502,-0.043659,0.056329,8.7291
3.6605,1.9989,0.11502,-0.043604,0.056329,8.7286
3.6605,1.9989,0.11502,-0.043559,0.056332,8.74
3.6606,1.9989,0.11503,-0.043529,0.056342,8.731
3.6606,1.9989,0.11503,-0.043508,0.056384,8.7221
3.6607,1.9989,0.11503,-0.043491,0.056423,8.7393
3.6607,1.9989,0.11503,-0.043486,0.056423,8.7398
3.6608,1.9989,0.11504,-0.043482,0.056446,8.7321
3.6608,1.9989,0.11504,-0.043474,0.056427,8.7416
3.6609,1.9989,0.11504,-0.043467,0.056417,8.7445
3.6609,1.9989,0.11505,-0.04346,0.056405,8.7469
3.661,1.9989,0.11505,-0.043453,0.056387,8.7457
3.6611,1.9989,0.11505,-0.043447,0.05639,8.756
3.6611,1.9989,0.11506,-0.043442,0.056394,8.7491
3.6612,1.9989,0.11506,-0.043436,0.0564,8.7511
3.6612,1.9989,0.11506,-0.043432,0.056432,8.767
3.6613,1.9989,0.11506,-0.043428,0.05646,8.7677
3.6613,1.9989,0.11507,-0.043424,0.056505,8.7577
3.6614,1.9989,0.11507,-0.043421,0.056574,8.7731
3.6614,1.9989,0.11507,-0.043418,0.056631,8.7634
3.6615,1.9989,0.11508,-0.043417,0.056688,8.7576
3.6615,1.9989,0.11508,-0.043416,0.056746,8.761
3.6616,1.9989,0.11508,-0.043415,0.056805,8.7612
3.6616,1.9989,0.11508,-0.043415,0.056865,8.7519
3.6617,1.9989,0.11509,-0.043417,0.056925,8.7566
3.6617,1.9989,0.11509,-0.043418,0.056982,8.7668
3.6618,1.9989,0.11509,-0.043421,0.057057,8.753
3.6618,1.9989,0.1151,-0.043425,0.05713,8.7574
3.6619,1.9989,0.1151,-0.043429,0.057187,8.7603
3.6619,1.9989,0.1151,-0.043435,0.057217,8.758
3.662,1.9989,0.11511,-0.043441,0.057201,8.7556
3.6621,1.9989,0.11511,-0.043448,0.057161,8.7601
3.6621,1.9989,0.11511,-0.043456,0.057122,8.7604
3.6622,1.9989,0.11511,-0.043466,0.057096,8.7588
3.6622,1.9989,0.11512,-0.043476,0.057117,8.7819
3.6623,1.9989,0.11512,-0.043488,0.057171,8.778
3.6623,1.9989,0.11512,-0.0435,0.057266,8.7693
3.6624,1.9989,0.11513,-0.043514,0.057365,8.7817
3.6624,1.9989,0.11513,-0.043529,0.057428,8.7829
3.6625,1.9989,0.11513,-0.043551,0.057459,8.7711
3.6625,1.9988,0.11514,-0.04357,0.057439,8.772
3.6626,1.9988,0.11514,-0.043576,0.057385,8.782
3.6626,1.9988,0.11514,-0.043572,0.057324,8.7715
3.6627,1.9988,0.11515,-0.043563,0.057286,8.7731
3.6627,1.9988,0.11515,-0.043553,0.057313,8.792
3.6628,1.9988,0.11515,-0.043549,0.057352,8.787
3.6628,1.9988,0.11515,-0.043555,0.057402,8.7813
3.6629,1.9988,0.11516,-0.043578,0.057451,8.7841
3.6629,1.9988,0.11516,-0.043605,0.057482,8.7782
3.663,1.9988,0.11516,-0.043628,0.057515,8.7767
3.6631,1.9988,0.11517,-0.043654,0.057558,8.7674
3.6631,1.9988,0.11517,-0.043681,0.057618,8.7633
3.6632,1.9988,0.11517,-0.043709,0.057702,8.752
3.6632,1.9988,0.11518,-0.043737,0.057772,8.7626
3.6633,1.9988,0.11518,-0.043768,0.057843,8.7669
3.6633,1.9988,0.11518,-0.0438,0.057914,8.756
3.6634,1.9988,0.11518,-0.043832,0.057986,8.755
3.6634,1.9988,0.11519,-0.043867,0.058058,8.764
3.6635,1.9988,0.11519,-0.043903,0.05813,8.7533
3.6635,1.9988,0.11519,-0.043944,0.058202,8.7496
3.6636,1.9988,0.1152,-0.043985,0.058274,8.757
3.6636,1.9988,0.1152,-0.044027,0.058346,8.7539
3.6637,1.9988,0.1152,-0.044072,0.058417,8.7498
3.6637,1.9988,0.11521,-0.044118,0.058486,8.7647
3.6638,1.9988,0.11521,-0.044164,0.058555,8.7668
3.6638,1.9988,0.11521,-0.044217,0.058622,8.7687
3.6639,1.9988,0.11522,-0.04427,0.058688,8.7807
3.6639,1.9988,0.11522,-0.044315,0.058754,8.7742
3.664,1.9988,0.11522,-0.044347,0.058818,8.7643
3.6641,1.9988,0.11522,-0.044366,0.058883,8.7653
3.6641,1.9988,0.11523,-0.044373,0.058947,8.7663
3.6642,1.9988,0.11523,-0.04437,0.059011,8.7535
3.6642,1.9988,0.11523,-0.044364,0.059074,8.7509
3.6643,1.9988,0.11524,-0.044362,0.059137,8.7552
3.6643,1.9988,0.11524,-0.044354,0.0592,8.7516
3.6644,1.9988,0.11524,-0.044353,0.059262,8.7423
3.6644,1.9988,0.11525,-0.044356,0.059323,8.7444
3.6645,1.9988,0.11525,-0.044357,0.059383,8.7377
3.6645,1.9988,0.11525,-0.044355,0.059442,8.7296
3.6646,1.9988,0.11526,-0.044353,0.0595,8.7303
3.6646,1.9988,0.11526,-0.044348,0.059557,8.725
3.6647,1.9988,0.11526,-0.044336,0.059613,8.7088
3.6647,1.9988,0.11527,-0.044309,0.059667,8.7142
3.6648,1.9987,0.11527,-0.04429,0.05972,8.7193
3.6648,1.9987,0.11527,-0.044269,0.059772,8.7129
3.6649,1.9987,0.11527,-0.044241,0.059823,8.7181
3.6649,1.9987,0.11528,-0.044213,0.059872,8.7257
3.665,1.9987,0.11528,-0.044188,0.05992,8.7157
3.6651,1.9987,0.11528,-0.04416,0.059967,8.712
3.6651,1.9987,0.11529,-0.044131,0.060013,8.7213
3.6652,1.9987,0.11529,-0.044103,0.060058,8.7191
3.6652,1.9987,0.11529,-0.044082,0.0601,8.7073
3.6653,1.9987,0.1153,-0.044067,0.060141,8.7238
3.6653,1.9987,0.1153,-0.044052,0.060181,8.727
3.6654,1.9987,0.1153,-0.044044,0.060218,8.7205
3.6654,1.9987,0.11531,-0.044047,0.060254,8.7294
3.6655,1.9987,0.11531,-0.044059,0.060288,8.727
3.6655,1.9987,0.11531,-0.044084,0.060319,8.723
3.6656,1.9987,0.11532,-0.04412,0.06035,8.7218
3.6656,1.9987,0.11532,-0.04416,0.060378,8.7156
3.6657,1.9987,0.11532,-0.044196,0.060405,8.7058
3.6657,1.9987,0.11533,-0.044217,0.060431,8.7081
3.6658,1.9987,0.11533,-0.044231,0.060455,8.7148
3.6658,1.9987,0.11533,-0.04423,0.060477,8.705
3.6659,1.9987,0.11533,-0.044217,0.060498,8.7018
3.6659,1.9987,0.11534,-0.044203,0.060518,8.7156
3.666,1.9987,0.11534,-0.044187,0.060535,8.7036
3.6661,1.9987,0.11534,-0.044168,0.060551,8.6925
3.6661,1.9987,0.11535,-0.044145,0.060566,8.6996
3.6662,1.9987,0.11535,-0.044125,0.060578,8.6977
3.6662,1.9987,0.11535,-0.044106,0.060589,8.684
3.6663,1.9987,0.11536,-0.044086,0.060599,8.6919
3.6663,1.9987,0.11536,-0.044065,0.060606,8.705
3.6664,1.9987,0.11536,-0.044048,0.060612,8.6949
3.6664,1.9987,0.11537,-0.044025,0.060616,8.6995
3.6665,1.9987,0.11537,-0.043994,0.060619,8.7102
3.6665,1.9987,0.11537,-0.04396,0.060619,8.7042
3.6666,1.9987,0.11538,-0.043924,0.060617,8.7058
3.6666,1.9987,0.11538,-0.043883,0.060614,8.7067
3.6667,1.9987,0.11538,-0.04384,0.060609,8.707
3.6667,1.9987,0.11539,-0.043795,0.060601,8.6995
3.6668,1.9987,0.11539,-0.04375,0.060593,8.7144
3.6668,1.9987,0.11539,-0.043708,0.060582,8.713
3.6669,1.9987,0.1154,-0.043668,0.06057,8.7074
3.6669,1.9987,0.1154,-0.043637,0.060556,8.7152
3.667,1.9987,0.1154,-0.043611,0.06054,8.7218
3.6671,1.9986,0.1154,-0.043586,0.060522,8.7068
3.6671,1.9986,0.11541,-0.043552,0.060502,8.708
3.6672,1.9986,0.11541,-0.043511,0.06048,8.7111
3.6672,1.9986,0.11541,-0.043463,0.060456,8.6976
3.6673,1.9986,0.11542,-0.043407,0.060431,8.6978
3.6673,1.9986,0.11542,-0.043341,0.060403,8.7043
3.6674,1.9986,0.11542,-0.043274,0.060374,8.6994
3.6674,1.9986,0.11543,-0.043211,0.060343,8.6962
3.6675,1.9986,0.11543,-0.043147,0.060311,8.707
3.6675,1.9986,0.11543,-0.04309,0.060276,8.7042
3.6676,1.9986,0.11544,-0.043024,0.06024,8.6975
3.6676,1.9986,0.11544,-0.042938,0.060202,8.7101
3.6677,1.9986,0.11544,-0.042839,0.060163,8.7031
3.6677,1.9986,0.11545,-0.042728,0.060121,8.693
3.6678,1.9986,0.11545,-0.042608,0.060078,8.6991
3.6678,1.9986,0.11545,-0.042497,0.060033,8.7152
3.6679,1.9986,0.11546,-0.04239,0.059986,8.7092
3.6679,1.9986,0.11546,-0.042306,0.059938,8.7164
3.668,1.9986,0.11546,-0.042221,0.059888,8.7291
3.6681,1.9986,0.11547,-0.042133,0.059837,8.7209
3.6681,1.9986,0.11547,-0.042067,0.059784,8.7169
3.6682,1.9986,0.11547,-0.042008,0.059726,8.7291
3.6682,1.9986,0.11547,-0.041945,0.059669,8.725
3.6683,1.9986,0.11548,-0.041886,0.059621,8.7105
3.6683,1.9986,0.11548,-0.041804,0.05958,8.7183
3.6684,1.9986,0.11548,-0.041715,0.059538,8.7139
3.6684,1.9986,0.11549,-0.041619,0.059499,8.7094
3.6685,1.9986,0.11549,-0.04153,0.059462,8.7161
3.6685,1.9986,0.11549,-0.041468,0.059428,8.7241
3.6686,1.9986,0.1155,-0.041427,0.059398,8.7127
3.6686,1.9986,0.1155,-0.041403,0.059368,8.7127
3.6687,1.9986,0.1155,-0.041392,0.059346,8.7162
3.6687,1.9986,0.11551,-0.041386,0.059325,8.7117
3.6688,1.9986,0.11551,-0.041387,0.059299,8.7118
3.6688,1.9986,0.11551,-0.041381,0.059275,8.7222
3.6689,1.9986,0.11552,-0.041352,0.059254,8.7155
3.6689,1.9986,0.11552,-0.041308,0.059239,8.7158
3.669,1.9986,0.11552,-0.041233,0.059231,8.7268
3.6691,1.9986,0.11552,-0.041148,0.059221,8.7226
3.6691,1.9986,0.11553,-0.041062,0.059212,8.7192
3.6692,1.9986,0.11553,-0.040983,0.059203,8.7299
3.6692,1.9986,0.11553,-0.040927,0.059196,8.7266
3.6693,1.9986,0.11554,-0.040882,0.05919,8.7198
3.6693,1.9986,0.11554,-0.040833,0.059185,8.7329
3.6694,1.9986,0.11554,-0.040802,0.059181,8.7416
3.6694,1.9985,0.11555,-0.040763,0.059182,8.7348
3.6695,1.9985,0.11555,-0.040727,0.059177,8.7395
3.6695,1.9985,0.11555,-0.040692,0.059169,8.749
3.6696,1.9985,0.11556,-0.040659,0.05916,8.7364
3.6696,1.9985,0.11556,-0.040654,0.059149,8.7326
3.6697,1.9985,0.11556,-0.040649,0.059144,8.733
3.6697,1.9985,0.11557,-0.04063,0.05914,8.7233
3.6698,1.9985,0.11557,-0.04062,0.059134,8.7107
3.6698,1.9985,0.11557,-0.040607,0.059121,8.7078
3.6699,1.9985,0.11557,-0.040582,0.059096,8.7091
3.6699,1.9985,0.11558,-0.040548,0.059069,8.6909
3.67,1.9985,0.11558,-0.040525,0.059045,8.6943
3.6701,1.9985,0.11558,-0.040521,0.05903,8.7033
3.6701,1.9985,0.11559,-0.040512,0.059034,8.6866
3.6702,1.9985,0.11559,-0.040505,0.059039,8.6875
3.6702,1.9985,0.11559,-0.040522,0.059043,8.6851
3.6703,1.9985,0.1156,-0.040543,0.059045,8.6812
3.6703,1.9985,0.1156,-0.04057,0.059041,8.67
3.6704,1.9985,0.1156,-0.040599,0.059036,8.6751
3.6704,1.9985,0.11561,-0.040634,0.059026,8.6688
3.6705,1.9985,0.11561,-0.040664,0.059016,8.664
3.6705,1.9985,0.11561,-0.040683,0.05901,8.6796
3.6706,1.9985,0.11561,-0.040697,0.059002,8.6755
3.6706,1.9985,0.11562,-0.040709,0.059005,8.6719
3.6707,1.9985,0.11562,-0.040711,0.059011,8.6833
3.6707,1.9985,0.11562,-0.040713,0.059015,8.6795
3.6708,1.9985,0.11563,-0.040721,0.059023,8.6753
3.6708,1.9985,0.11563,-0.040724,0.059027,8.6805
3.6709,1.9985,0.11563,-0.040737,0.059033,8.689
3.6709,1.9985,0.11564,-0.040758,0.059042,8.685
3.671,1.9985,0.11564,-0.040783,0.059055,8.6909
3.6711,1.9985,0.11564,-0.040809,0.059076,8.7021
3.6711,1.9985,0.11565,-0.040835,0.059094,8.6909
3.6712,1.9985,0.11565,-0.040858,0.059112,8.6921
3.6712,1.9985,0.11565,-0.04087,0.059132,8.6925
3.6713,1.9985,0.11566,-0.040876,0.059152,8.6864
3.6713,1.9985,0.11566,-0.040907,0.059173,8.6754
3.6714,1.9985,0.11566,-0.040946,0.059194,8.6787
3.6714,1.9985,0.11566,-0.040993,0.059217,8.6739
3.6715,1.9985,0.11567,-0.041058,0.059243,8.6676
3.6715,1.9985,0.11567,-0.041128,0.059264,8.6725
3.6716,1.9985,0.11567,-0.041189,0.059282,8.6799
3.6716,1.9985,0.11568,-0.041232,0.059301,8.6679
3.6717,1.9985,0.11568,-0.041272,0.059317,8.6727
3.6717,1.9985,0.11568,-0.04131,0.059325,8.678
3.6718,1.9985,0.11569,-0.04134,0.05933,8.6708
3.6718,1.9985,0.11569,-0.041369,0.059337,8.6723
3.6719,1.9984,0.11569,-0.041418,0.059352,8.6777
3.6719,1.9984,0.1157,-0.041477,0.059368,8.6735
3.672,1.9984,0.1157,-0.041544,0.059392,8.682
3.6721,1.9984,0.1157,-0.041618,0.059427,8.6901
3.6721,1.9984,0.11571,-0.041705,0.059465,8.6929
3.6722,1.9984,0.11571,-0.041793,0.059499,8.6908
3.6722,1.9984,0.11571,-0.041872,0.059537,8.7066
3.6723,1.9984,0.11571,-0.041939,0.059568,8.7055
3.6723,1.9984,0.11572,-0.042,0.059599,8.6975
3.6724,1.9984,0.11572,-0.042058,0.059625,8.7051
3.6724,1.9984,0.11572,-0.042114,0.059639,8.7105
3.6725,1.9984,0.11573,-0.042173,0.059652,8.7129
3.6725,1.9984,0.11573,-0.042234,0.059659,8.7199
3.6726,1.9984,0.11573,-0.042303,0.059671,8.7252
3.6726,1.9984,0.11574,-0.042362,0.059688,8.7137
3.6727,1.9984,0.11574,-0.042418,0.059701,8.7165
3.6727,1.9984,0.11574,-0.042471,0.059713,8.7217
3.6728,1.9984,0.11575,-0.042521,0.059722,8.7158
3.6728,1.9984,0.11575,-0.042569,0.05973,8.7083
3.6729,1.9984,0.11575,-0.042614,0.059746,8.7105
3.6729,1.9984,0.11576,-0.042658,0.059771,8.7113
3.673,1.9984,0.11576,-0.0427,0.059802,8.7066
3.6731,1.9984,0.11576,-0.042738,0.059835,8.7179
3.6731,1.9984,0.11576,-0.042775,0.059867,8.7214
3.6732,1.9984,0.11577,-0.042809,0.059894,8.7151
3.6732,1.9984,0.11577,-0.04284,0.059921,8.7305
3.6733,1.9984,0.11577,-0.042869,0.05995,8.7291
3.6733,1.9984,0.11578,-0.042897,0.059983,8.7268
3.6734,1.9984,0.11578,-0.042924,0.060021,8.7265
3.6734,1.9984,0.11578,-0.042948,0.060053,8.7358
3.6735,1.9984,0.11579,-0.04297,0.060084,8.7285
3.6735,1.9984,0.11579,-0.042989,0.060113,8.7369
3.6736,1.9984,0.11579,-0.043007,0.060141,8.7513
3.6736,1.9984,0.1158,-0.043022,0.060168,8.748
3.6737,1.9984,0.1158,-0.043037,0.060193,8.7405
3.6737,1.9984,0.1158,-0.043051,0.060217,8.7539
3.6738,1.9984,0.11581,-0.043064,0.060243,8.752
3.6738,1.9984,0.11581,-0.043074,0.060261,8.7437
3.6739,1.9984,0.11581,-0.043083,0.060274,8.7514
3.6739,1.9984,0.11582,-0.04309,0.060282,8.7544
3.674,1.9984,0.11582,-0.043096,0.060288,8.7469
3.6741,1.9984,0.11582,-0.043098,0.060294,8.7509
3.6741,1.9984,0.11582,-0.043098,0.0603,8.7588
3.6742,1.9984,0.11583,-0.043095,0.060309,8.7542
3.6742,1.9984,0.11583,-0.043089,0.060323,8.7536
3.6743,1.9983,0.11583,-0.043082,0.060331,8.7566
3.6743,1.9983,0.11584,-0.043078,0.060337,8.7427
3.6744,1.9983,0.11584,-0.043066,0.060342,8.7362
3.6744,1.9983,0.11584,-0.043052,0.060344,8.7417
3.6745,1.9983,0.11585,-0.043039,0.060344,8.7365
3.6745,1.9983,0.11585,-0.043023,0.060343,8.7321
3.6746,1.9983,0.11585,-0.043007,0.060339,8.7426
3.6746,1.9983,0.11586,-0.043002,0.060334,8.746
3.6747,1.9983,0.11586,-0.043003,0.06033,8.7364
3.6747,1.9983,0.11586,-0.043001,0.060322,8.7508
3.6748,1.9983,0.11587,-0.042982,0.060305,8.7512
3.6748,1.9983,0.11587,-0.042956,0.060274,8.7412
3.6749,1.9983,0.11587,-0.042918,0.060234,8.7508
3.6749,1.9983,0.11588,-0.042872,0.06019,8.7573
3.675,1.9983,0.11588,-0.042828,0.060149,8.7504
3.6751,1.9983,0.11588,-0.042792,0.060116,8.7553
3.6751,1.9983,0.11589,-0.04276,0.060095,8.767
3.6752,1.9983,0.11589,-0.042723,0.060079,8.7573
3.6752,1.9983,0.11589,-0.042682,0.060064,8.752
3.6753,1.9983,0.11589,-0.042643,0.060043,8.7616
3.6753,1.9983,0.1159,-0.042598,0.060021,8.7555
3.6754,1.9983,0.1159,-0.042543,0.059998,8.7449
3.6754,1.9983,0.1159,-0.042476,0.059973,8.7488
3.6755,1.9983,0.11591,-0.042396,0.059947,8.748
3.6755,1.9983,0.11591,-0.042299,0.05992,8.7327
3.6756,1.9983,0.11591,-0.042193,0.059891,8.7391
3.6756,1.9983,0.11592,-0.042086,0.059861,8.7483
3.6757,1.9983,0.11592,-0.041988,0.059829,8.738
3.6757,1.9983,0.11592,-0.041893,0.059797,8.7345
3.6758,1.9983,0.11593,-0.041809,0.059763,8.745
3.6758,1.9983,0.11593,-0.041735,0.059728,8.7387
3.6759,1.9983,0.11593,-0.04166,0.059691,8.7304
3.6759,1.9983,0.11594,-0.041585,0.059658,8.7324
3.676,1.9983,0.11594,-0.04151,0.059617,8.7346
3.6761,1.9983,0.11594,-0.041438,0.059571,8.7249
3.6761,1.9983,0.11595,-0.041361,0.059521,8.7371
3.6762,1.9983,0.11595,-0.041279,0.059471,8.7411
3.6762,1.9983,0.11595,-0.041197,0.059421,8.7305
3.6763,1.9983,0.11595,-0.041112,0.059374,8.7429
3.6763,1.9983,0.11596,-0.04102,0.059331,8.7508
3.6764,1.9983,0.11596,-0.04093,0.059293,8.7333
3.6764,1.9983,0.11596,-0.040843,0.059251,8.7294
3.6765,1.9983,0.11597,-0.040755,0.05921,8.7411
3.6765,1.9983,0.11597,-0.040665,0.059168,8.7332
3.6766,1.9983,0.11597,-0.040576,0.059126,8.736
3.6766,1.9982,0.11598,-0.040483,0.059084,8.7485
3.6767,1.9982,0.11598,-0.040391,0.059042,8.7386
3.6767,1.9982,0.11598,-0.040301,0.059,8.734
3.6768,1.9982,0.11599,-0.040211,0.058958,8.7395
3.6768,1.9982,0.11599,-0.040124,0.058919,8.7343
3.6769,1.9982,0.11599,-0.040033,0.058874,8.7254
3.6769,1.9982,0.11599,-0.03994,0.058825,8.728
3.677,1.9982,0.116,-0.039847,0.058778,8.728
3.6771,1.9982,0.116,-0.039754,0.058725,8.7121
3.6771,1.9982,0.116,-0.039661,0.05867,8.7222
3.6772,1.9982,0.11601,-0.039568,0.058617,8.7356
3.6772,1.9982,0.11601,-0.039476,0.058569,8.7359
3.6773,1.9982,0.11601,-0.039384,0.058529,8.7324
3.6773,1.9982,0.11602,-0.039292,0.058493,8.738
3.6774,1.9982,0.11602,-0.039199,0.05846,8.7265
3.6774,1.9982,0.11602,-0.039106,0.058427,8.7256
3.6775,1.9982,0.11603,-0.039005,0.058382,8.7284
3.6775,1.9982,0.11603,-0.038907,0.058329,8.727
3.6776,1.9982,0.11603,-0.038822,0.058268,8.7153
3.6776,1.9982,0.11603,-0.038744,0.0582,8.7275
3.6777,1.9982,0.11604,-0.038674,0.058136,8.7307
3.6777,1.9982,0.11604,-0.038621,0.058085,8.7217
3.6778,1.9982,0.11604,-0.038568,0.058047,8.7328
3.6778,1.9982,0.11605,-0.038522,0.058022,8.7338
3.6779,1.9982,0.11605,-0.038464,0.058007,8.7272
3.6779,1.9982,0.11605,-0.038417,0.058001,8.731
3.678,1.9982,0.11606,-0.03837,0.058003,8.7376
3.6781,1.9982,0.11606,-0.038292,0.057995,8.732
3.6781,1.9982,0.11606,-0.038207,0.057984,8.7368
3.6782,1.9982,0.11607,-0.038122,0.057971,8.7524
3.6782,1.9982,0.11607,-0.038031,0.057964,8.7498
3.6783,1.9982,0.11607,-0.037952,0.057956,8.7488
3.6783,1.9982,0.11607,-0.037878,0.057942,8.763
3.6784,1.9982,0.11608,-0.037826,0.057928,8.7584
3.6784,1.9982,0.11608,-0.037776,0.057914,8.7494
3.6785,1.9982,0.11608,-0.037713,0.057906,8.7513
3.6785,1.9982,0.11609,-0.037669,0.057907,8.755
3.6786,1.9982,0.11609,-0.037631,0.05792,8.7407
3.6786,1.9982,0.11609,-0.037605,0.057945,8.7487
3.6787,1.9982,0.1161,-0.037596,0.057973,8.7528
3.6787,1.9982,0.1161,-0.037607,0.057994,8.7502
3.6788,1.9982,0.1161,-0.037626,0.058012,8.7595
3.6788,1.9982,0.11611,-0.03764,0.058025,8.7673
3.6789,1.9982,0.11611,-0.037649,0.058043,8.7602
3.6789,1.9982,0.11611,-0.037671,0.058063,8.7601
3.679,1.9982,0.11611,-0.037687,0.058084,8.7703
3.6791,1.9982,0.11612,-0.037703,0.058106,8.7708
3.6791,1.9982,0.11612,-0.03772,0.058129,8.7628
3.6792,1.9982,0.11612,-0.037736,0.058154,8.7787
3.6792,1.9981,0.11613,-0.037749,0.05818,8.7831
3.6793,1.9981,0.11613,-0.037762,0.058207,8.7681
3.6793,1.9981,0.11613,-0.037788,0.058235,8.7778
3.6794,1.9981,0.11614,-0.037843,0.058265,8.7783
3.6794,1.9981,0.11614,-0.037905,0.058296,8.7662
3.6795,1.9981,0.11614,-0.037971,0.058328,8.7644
3.6795,1.9981,0.11614,-0.03804,0.058362,8.7684
3.6796,1.9981,0.11615,-0.038105,0.058396,8.759
3.6796,1.9981,0.11615,-0.038175,0.058432,8.7568
3.6797,1.9981,0.11615,-0.038252,0.05847,8.7661
3.6797,1.9981,0.11616,-0.038338,0.058504,8.76
3.6798,1.9981,0.11616,-0.038436,0.05855,8.7501
3.6798,1.9981,0.11616,-0.03853,0.058599,8.7652
3.6799,1.9981,0.11617,-0.038624,0.058644,8.7602
3.6799,1.9981,0.11617,-0.038721,0.05868,8.7572
3.68,1.9981,0.11617,-0.038821,0.058708,8.7608
3.6801,1.9981,0.11618,-0.038923,0.058734,8.7573
3.6801,1.9981,0.11618,-0.039027,0.058758,8.7484
3.6802,1.9981,0.11618,-0.039134,0.058791,8.7514
3.6802,1.9981,0.11618,-0.039244,0.058844,8.7578
3.6803,1.9981,0.11619,-0.039355,0.058914,8.7517
3.6803,1.9981,0.11619,-0.039466,0.058991,8.7541
3.6804,1.9981,0.11619,-0.039581,0.059065,8.7665
3.6804,1.9981,0.1162,-0.039698,0.059138,8.7568
3.6805,1.9981,0.1162,-0.039817,0.059204,8.7489
3.6805,1.9981,0.1162,-0.039938,0.059266,8.7516
3.6806,1.9981,0.11621,-0.040063,0.059324,8.7527
3.6806,1.9981,0.11621,-0.040184,0.059365,8.7467
3.6807,1.9981,0.11621,-0.040312,0.059404,8.7537
3.6807,1.9981,0.11622,-0.040442,0.05944,8.7473
3.6808,1.9981,0.11622,-0.040579,0.059481,8.7437
3.6808,1.9981,0.11622,-0.04071,0.05952,8.7549
3.6809,1.9981,0.11623,-0.040836,0.059562,8.7517
3.6809,1.9981,0.11623,-0.040962,0.059613,8.7325
3.681,1.9981,0.11623,-0.041085,0.059665,8.7325
3.6811,1.9981,0.11623,-0.041205,0.059715,8.7326
3.6811,1.9981,0.11624,-0.041336,0.05977,8.72
3.6812,1.9981,0.11624,-0.041473,0.059824,8.7129
3.6812,1.9981,0.11624,-0.041621,0.059882,8.7263
3.6813,1.9981,0.11625,-0.041745,0.059928,8.7191
3.6813,1.9981,0.11625,-0.04186,0.059968,8.7176
3.6814,1.9981,0.11625,-0.041971,0.060007,8.7242
3.6814,1.9981,0.11626,-0.042062,0.060048,8.7215
3.6815,1.9981,0.11626,-0.042147,0.06009,8.7179
3.6815,1.9981,0.11626,-0.04224,0.060145,8.7198
3.6816,1.9981,0.11627,-0.04235,0.060211,8.7167
3.6816,1.9981,0.11627,-0.042465,0.060282,8.7022
3.6817,1.9981,0.11627,-0.04258,0.060361,8.7038
3.6817,1.998,0.11628,-0.042704,0.060451,8.7113
3.6818,1.998,0.11628,-0.042829,0.06055,8.6959
3.6818,1.998,0.11628,-0.042936,0.060652,8.7006
3.6819,1.998,0.11629,-0.043037,0.060754,8.7143
3.6819,1.998,0.11629,-0.043133,0.060854,8.7062
3.682,1.998,0.11629,-0.043221,0.060945,8.6993
3.6821,1.998,0.1163,-0.043295,0.061013,8.7076
3.6821,1.998,0.1163,-0.043361,0.061069,8.7038
3.6822,1.998,0.1163,-0.043428,0.061116,8.6978
3.6822,1.998,0.1163,-0.043497,0.06116,8.7034
3.6823,1.998,0.11631,-0.043568,0.061207,8.7041
3.6823,1.998,0.11631,-0.043642,0.06127,8.6974
3.6824,1.998,0.11631,-0.043715,0.06135,8.7051
3.6824,1.998,0.11632,-0.043784,0.06144,8.708
3.6825,1.998,0.11632,-0.043848,0.061539,8.6908
3.6825,1.998,0.11632,-0.0439,0.061634,8.6924
3.6826,1.998,0.11633,-0.043957,0.061728,8.692
3.6826,1.998,0.11633,-0.044013,0.061823,8.6764
3.6827,1.998,0.11633,-0.044066,0.06192,8.679
3.6827,1.998,0.11634,-0.044119,0.062,8.6869
3.6828,1.998,0.11634,-0.04417,0.062074,8.6779
3.6828,1.998,0.11634,-0.044218,0.062129,8.6716
3.6829,1.998,0.11635,-0.044267,0.062163,8.6911
3.6829,1.998,0.11635,-0.044315,0.062191,8.6935
3.683,1.998,0.11635,-0.044358,0.062215,8.6837
3.6831,1.998,0.11636,-0.044401,0.062251,8.6986
3.6831,1.998,0.11636,-0.044441,0.062297,8.7023
3.6832,1.998,0.11636,-0.044478,0.062331,8.6916
3.6832,1.998,0.11637,-0.044512,0.062361,8.6971
3.6833,1.998,0.11637,-0.044538,0.062383,8.7059
3.6833,1.998,0.11637,-0.044563,0.062384,8.696
3.6834,1.998,0.11638,-0.044584,0.062379,8.7059
3.6834,1.998,0.11638,-0.044607,0.062353,8.7158
3.6835,1.998,0.11638,-0.044636,0.062322,8.7078
3.6835,1.998,0.11639,-0.044668,0.062284,8.7048
3.6836,1.998,0.11639,-0.044701,0.062254,8.704
3.6836,1.998,0.11639,-0.04473,0.062236,8.7042
3.6837,1.998,0.1164,-0.044752,0.062237,8.6927
3.6837,1.998,0.1164,-0.044769,0.062236,8.7018
3.6838,1.998,0.1164,-0.04478,0.062235,8.7055
3.6838,1.998,0.11641,-0.044789,0.062217,8.6949
3.6839,1.998,0.11641,-0.044795,0.062193,8.7059
3.6839,1.998,0.11641,-0.044798,0.062155,8.7156
3.684,1.9979,0.11642,-0.044797,0.062115,8.7017
3.6841,1.9979,0.11642,-0.044791,0.062089,8.7034
3.6841,1.9979,0.11642,-0.04478,0.062064,8.6989
3.6842,1.9979,0.11643,-0.044767,0.062044,8.6916
3.6842,1.9979,0.11643,-0.04475,0.06203,8.6956
3.6843,1.9979,0.11643,-0.044726,0.062022,8.7041
3.6843,1.9979,0.11644,-0.044707,0.062018,8.6981
3.6844,1.9979,0.11644,-0.04469,0.062018,8.6995
3.6844,1.9979,0.11644,-0.044675,0.062006,8.7188
3.6845,1.9979,0.11645,-0.044657,0.062001,8.7175
3.6845,1.9979,0.11645,-0.044633,0.061985,8.7062
3.6846,1.9979,0.11645,-0.044598,0.061967,8.718
3.6846,1.9979,0.11646,-0.044556,0.061936,8.7147
3.6847,1.9979,0.11646,-0.044511,0.061907,8.7045
3.6847,1.9979,0.11646,-0.044483,0.06188,8.7067
3.6848,1.9979,0.11646,-0.04447,0.061872,8.7081
3.6848,1.9979,0.11647,-0.044461,0.061858,8.6926
3.6849,1.9979,0.11647,-0.044459,0.061854,8.7095
3.6849,1.9979,0.11647,-0.044451,0.061855,8.72
3.685,1.9979,0.11648,-0.044427,0.061858,8.7086
3.6851,1.9979,0.11648,-0.044389,0.061857,8.7037
3.6851,1.9979,0.11648,-0.044344,0.061857,8.7158
3.6852,1.9979,0.11649,-0.044296,0.061859,8.7091
3.6852,1.9979,0.11649,-0.04425,0.061864,8.7049
3.6853,1.9979,0.11649,-0.044198,0.061866,8.7113
3.6853,1.9979,0.1165,-0.044154,0.061867,8.7068
3.6854,1.9979,0.1165,-0.044107,0.061849,8.6928
3.6854,1.9979,0.1165,-0.044056,0.061821,8.7091
3.6855,1.9979,0.11651,-0.044003,0.061783,8.7124
3.6855,1.9979,0.11651,-0.043953,0.061737,8.6943
3.6856,1.9979,0.11651,-0.043906,0.061686,8.7036
3.6856,1.9979,0.11652,-0.043857,0.061638,8.7081
3.6857,1.9979,0.11652,-0.043822,0.061593,8.7028
3.6857,1.9979,0.11652,-0.043792,0.061543,8.6966
3.6858,1.9979,0.11653,-0.04377,0.061471,8.7076
3.6858,1.9979,0.11653,-0.043759,0.061395,8.7
3.6859,1.9979,0.11653,-0.043761,0.061316,8.7063
3.6859,1.9979,0.11654,-0.043774,0.06125,8.722
3.686,1.9979,0.11654,-0.043792,0.061197,8.718
3.6861,1.9979,0.11654,-0.04381,0.06115,8.7165
3.6861,1.9979,0.11655,-0.043839,0.061107,8.727
3.6862,1.9979,0.11655,-0.043857,0.061063,8.7262
3.6862,1.9979,0.11655,-0.043864,0.061014,8.7175
3.6863,1.9978,0.11656,-0.043852,0.060966,8.7156
3.6863,1.9978,0.11656,-0.043834,0.060921,8.7216
3.6864,1.9978,0.11656,-0.04381,0.06089,8.7065
3.6864,1.9978,0.11657,-0.043777,0.060862,8.7039
3.6865,1.9978,0.11657,-0.043754,0.060835,8.7123
3.6865,1.9978,0.11657,-0.043741,0.060801,8.702
3.6866,1.9978,0.11657,-0.043727,0.060763,8.6954
3.6866,1.9978,0.11658,-0.043709,0.060724,8.7038
3.6867,1.9978,0.11658,-0.043684,0.060685,8.6885
3.6867,1.9978,0.11658,-0.043662,0.060648,8.6819
3.6868,1.9978,0.11659,-0.04364,0.060611,8.6794
3.6868,1.9978,0.11659,-0.043608,0.06059,8.6757
3.6869,1.9978,0.11659,-0.04358,0.060577,8.6683
3.6869,1.9978,0.1166,-0.043552,0.06055,8.674
3.687,1.9978,0.1166,-0.043527,0.060524,8.6806
3.6871,1.9978,0.1166,-0.043501,0.060501,8.6677
3.6871,1.9978,0.11661,-0.043484,0.06048,8.675
3.6872,1.9978,0.11661,-0.043472,0.060462,8.677
3.6872,1.9978,0.11661,-0.043464,0.060445,8.6646
3.6873,1.9978,0.11662,-0.043454,0.060438,8.6622
3.6873,1.9978,0.11662,-0.043441,0.060432,8.6687
3.6874,1.9978,0.11662,-0.043432,0.060423,8.6644
3.6874,1.9978,0.11663,-0.043419,0.060429,8.6633
3.6875,1.9978,0.11663,-0.0434,0.060447,8.6809
3.6875,1.9978,0.11663,-0.043384,0.060477,8.6853
3.6876,1.9978,0.11664,-0.043369,0.060521,8.6769
3.6876,1.9978,0.11664,-0.043356,0.060572,8.6884
3.6877,1.9978,0.11664,-0.043346,0.060609,8.6786
3.6877,1.9978,0.11664,-0.043341,0.060638,8.6706
3.6878,1.9978,0.11665,-0.043332,0.060649,8.6723
3.6878,1.9978,0.11665,-0.043324,0.060648,8.6764
3.6879,1.9978,0.11665,-0.043322,0.06064,8.6696
3.6879,1.9978,0.11666,-0.043337,0.060629,8.6729
3.688,1.9978,0.11666,-0.043381,0.060635,8.6857
3.6881,1.9978,0.11666,-0.04345,0.060656,8.6823
3.6881,1.9978,0.11667,-0.043537,0.060682,8.6712
3.6882,1.9978,0.11667,-0.043627,0.060713,8.6774
3.6882,1.9978,0.11667,-0.043704,0.060743,8.6678
3.6883,1.9978,0.11668,-0.04377,0.060782,8.6695
3.6883,1.9978,0.11668,-0.043826,0.060826,8.6742
3.6884,1.9978,0.11668,-0.043887,0.060873,8.669
3.6884,1.9978,0.11669,-0.043977,0.060919,8.6561
3.6885,1.9978,0.11669,-0.044068,0.06096,8.6668
3.6885,1.9977,0.11669,-0.044161,0.060991,8.6723
3.6886,1.9977,0.1167,-0.044244,0.061012,8.6627
3.6886,1.9977,0.1167,-0.04431,0.061031,8.6748
3.6887,1.9977,0.1167,-0.044345,0.061058,8.6798
3.6887,1.9977,0.11671,-0.044364,0.061089,8.6726
3.6888,1.9977,0.11671,-0.044392,0.061128,8.6676
3.6888,1.9977,0.11671,-0.044436,0.061165,8.6847
3.6889,1.9977,0.11672,-0.044483,0.061202,8.6847
3.6889,1.9977,0.11672,-0.044548,0.06124,8.6887
3.689,1.9977,0.11672,-0.044624,0.061279,8.7009
3.6891,1.9977,0.11673,-0.044702,0.06132,8.7042
3.6891,1.9977,0.11673,-0.044788,0.06136,8.7051
3.6892,1.9977,0.11673,-0.044879,0.061402,8.7179
3.6892,1.9977,0.11673,-0.044977,0.061444,8.7153
3.6893,1.9977,0.11674,-0.04506,0.061487,8.7101
3.6893,1.9977,0.11674,-0.045122,0.061531,8.7197
3.6894,1.9977,0.11674,-0.045179,0.061576,8.725
3.6894,1.9977,0.11675,-0.045227,0.061621,8.7149
3.6895,1.9977,0.11675,-0.045268,0.061668,8.7161
3.6895,1.9977,0.11675,-0.045326,0.061715,8.7242
3.6896,1.9977,0.11676,-0.045387,0.061762,8.7153
3.6896,1.9977,0.11676,-0.045449,0.061811,8.7157
3.6897,1.9977,0.11676,-0.045511,0.061859,8.7235
3.6897,1.9977,0.11677,-0.04556,0.061905,8.7136
3.6898,1.9977,0.11677,-0.045615,0.061954,8.711
3.6898,1.9977,0.11677,-0.045663,0.062011,8.717
3.6899,1.9977,0.11678,-0.04571,0.062082,8.7108
3.6899,1.9977,0.11678,-0.045753,0.062164,8.7089
3.69,1.9977,0.11678,-0.045792,0.062249,8.7154
3.6901,1.9977,0.11679,-0.04583,0.062342,8.7208
3.6901,1.9977,0.11679,-0.045867,0.062416,8.7124
3.6902,1.9977,0.11679,-0.045912,0.062471,8.7224
3.6902,1.9977,0.1168,-0.045959,0.062508,8.7385
3.6903,1.9977,0.1168,-0.046015,0.062536,8.7267
3.6903,1.9977,0.1168,-0.046076,0.062566,8.7274
3.6904,1.9977,0.11681,-0.046134,0.062601,8.7327
3.6904,1.9977,0.11681,-0.046183,0.062644,8.7266
3.6905,1.9977,0.11681,-0.046222,0.062698,8.7319
3.6905,1.9977,0.11682,-0.046249,0.062751,8.7423
3.6906,1.9977,0.11682,-0.046282,0.06282,8.74
3.6906,1.9977,0.11682,-0.046301,0.062894,8.7358
3.6907,1.9977,0.11683,-0.046328,0.062972,8.751
3.6907,1.9976,0.11683,-0.046351,0.063047,8.7499
3.6908,1.9976,0.11683,-0.046369,0.063126,8.7376
3.6908,1.9976,0.11684,-0.046386,0.063203,8.7456
3.6909,1.9976,0.11684,-0.0464,0.063272,8.744
3.6909,1.9976,0.11684,-0.046418,0.063341,8.7323
3.691,1.9976,0.11685,-0.046444,0.063417,8.7324
3.6911,1.9976,0.11685,-0.046467,0.063482,8.7417
3.6911,1.9976,0.11685,-0.046502,0.063544,8.7328
3.6912,1.9976,0.11686,-0.046535,0.063599,8.7312
3.6912,1.9976,0.11686,-0.046572,0.063668,8.7429
3.6913,1.9976,0.11686,-0.04661,0.063743,8.7331
3.6913,1.9976,0.11687,-0.046644,0.063825,8.7262
3.6914,1.9976,0.11687,-0.046678,0.063907,8.7348
3.6914,1.9976,0.11687,-0.046711,0.064,8.7365
3.6915,1.9976,0.11688,-0.046747,0.064086,8.7217
3.6915,1.9976,0.11688,-0.046788,0.064154,8.7391
3.6916,1.9976,0.11688,-0.046829,0.064214,8.7452
3.6916,1.9976,0.11689,-0.046877,0.064273,8.7353
3.6917,1.9976,0.11689,-0.046925,0.064324,8.7456
3.6917,1.9976,0.11689,-0.046976,0.06437,8.7532
3.6918,1.9976,0.1169,-0.047028,0.064399,8.7402
3.6918,1.9976,0.1169,-0.047078,0.064426,8.7363
3.6919,1.9976,0.1169,-0.047124,0.064447,8.7434
3.6919,1.9976,0.11691,-0.047167,0.064456,8.7399
3.692,1.9976,0.11691,-0.047205,0.064484,8.7299
3.6921,1.9976,0.11691,-0.047245,0.064522,8.7479
3.6921,1.9976,0.11692,-0.047288,0.064563,8.7473
3.6922,1.9976,0.11692,-0.047339,0.064613,8.738
3.6922,1.9976,0.11692,-0.047391,0.064659,8.748
3.6923,1.9976,0.11693,-0.047442,0.064687,8.7449
3.6923,1.9976,0.11693,-0.047492,0.064706,8.7365
3.6924,1.9976,0.11693,-0.04754,0.064712,8.7391
3.6924,1.9976,0.11694,-0.047584,0.064711,8.7287
3.6925,1.9976,0.11694,-0.047629,0.064702,8.7204
3.6925,1.9976,0.11694,-0.047673,0.064686,8.7269
3.6926,1.9976,0.11695,-0.047719,0.064673,8.738
3.6926,1.9976,0.11695,-0.047762,0.064665,8.7268
3.6927,1.9976,0.11695,-0.047808,0.064671,8.7271
3.6927,1.9976,0.11696,-0.047856,0.064689,8.7328
3.6928,1.9976,0.11696,-0.047905,0.064709,8.725
3.6928,1.9975,0.11696,-0.047949,0.06474,8.7224
3.6929,1.9975,0.11697,-0.04799,0.064769,8.7277
3.6929,1.9975,0.11697,-0.048031,0.064797,8.73
3.693,1.9975,0.11698,-0.048068,0.064808,8.7161
3.6931,1.9975,0.11698,-0.048101,0.064812,8.7339
3.6931,1.9975,0.11698,-0.048136,0.064822,8.7322
3.6932,1.9975,0.11699,-0.048172,0.064825,8.7267
3.6932,1.9975,0.11699,-0.048213,0.064835,8.7376
3.6933,1.9975,0.11699,-0.048251,0.064856,8.7453
3.6933,1.9975,0.117,-0.04829,0.064889,8.7358
3.6934,1.9975,0.117,-0.048324,0.064949,8.7315
3.6934,1.9975,0.117,-0.048347,0.065022,8.7336
3.6935,1.9975,0.11701,-0.048363,0.065109,8.727
3.6935,1.9975,0.11701,-0.048374,0.065192,8.7228
3.6936,1.9975,0.11701,-0.048381,0.065265,8.7289
3.6936,1.9975,0.11702,-0.048391,0.065316,8.7276
3.6937,1.9975,0.11702,-0.048404,0.065353,8.7174
3.6937,1.9975,0.11702,-0.048418,0.065384,8.7253
3.6938,1.9975,0.11703,-0.048428,0.065428,8.7168
3.6938,1.9975,0.11703,-0.048433,0.065481,8.7057
3.6939,1.9975,0.11703,-0.048438,0.065548,8.7129
3.6939,1.9975,0.11704,-0.04844,0.065616,8.7106
3.694,1.9975,0.11704,-0.048441,0.065668,8.6982
3.6941,1.9975,0.11704,-0.048447,0.065699,8.7101
3.6941,1.9975,0.11705,-0.048457,0.065717,8.7206
3.6942,1.9975,0.11705,-0.048468,0.065727,8.715
3.6942,1.9975,0.11705,-0.048473,0.06574,8.7174
3.6943,1.9975,0.11706,-0.04847,0.065752,8.7298
3.6943,1.9975,0.11706,-0.048463,0.065765,8.7216
3.6944,1.9975,0.11706,-0.048444,0.065786,8.7238
3.6944,1.9975,0.11707,-0.048419,0.065786,8.7376
3.6945,1.9975,0.11707,-0.04839,0.065784,8.7357
3.6945,1.9975,0.11707,-0.04836,0.06578,8.728
3.6946,1.9975,0.11708,-0.048329,0.065789,8.7351
3.6946,1.9975,0.11708,-0.048295,0.065799,8.7396
3.6947,1.9975,0.11709,-0.048261,0.065815,8.7348
3.6947,1.9975,0.11709,-0.04822,0.065829,8.7429
3.6948,1.9975,0.11709,-0.048187,0.065854,8.7546
3.6948,1.9975,0.1171,-0.048154,0.065852,8.744
3.6949,1.9975,0.1171,-0.048128,0.065834,8.7501
3.6949,1.9974,0.1171,-0.048111,0.065788,8.7544
3.695,1.9974,0.11711,-0.048109,0.065727,8.7551
3.6951,1.9974,0.11711,-0.048114,0.065655,8.7514
3.6951,1.9974,0.11711,-0.048124,0.065589,8.7562
3.6952,1.9974,0.11712,-0.048133,0.065534,8.7561
3.6952,1.9974,0.11712,-0.048151,0.065501,8.7518
3.6953,1.9974,0.11712,-0.048161,0.065458,8.7675
3.6953,1.9974,0.11713,-0.048176,0.065432,8.7649
3.6954,1.9974,0.11713,-0.048197,0.065392,8.7638
3.6954,1.9974,0.11713,-0.048224,0.06536,8.7681
3.6955,1.9974,0.11714,-0.04825,0.065324,8.7722
3.6955,1.9974,0.11714,-0.048277,0.065286,8.7654
3.6956,1.9974,0.11714,-0.048308,0.065242,8.766
3.6956,1.9974,0.11715,-0.04833,0.065195,8.7741
3.6957,1.9974,0.11715,-0.048348,0.065143,8.7688
3.6957,1.9974,0.11715,-0.048362,0.065124,8.7696
3.6958,1.9974,0.11716,-0.048364,0.065118,8.7843
3.6958,1.9974,0.11716,-0.048354,0.06514,8.7756
3.6959,1.9974,0.11716,-0.04833,0.065157,8.7746
3.6959,1.9974,0.11717,-0.048298,0.065165,8.7838
3.696,1.9974,0.11717,-0.048262,0.065164,8.7783
3.6961,1.9974,0.11717,-0.04821,0.065159,8.7691
3.6961,1.9974,0.11718,-0.048167,0.065148,8.7756
3.6962,1.9974,0.11718,-0.04813,0.065147,8.7747
3.6962,1.9974,0.11719,-0.048111,0.065135,8.7673
3.6963,1.9974,0.11719,-0.048098,0.06512,8.7758
3.6963,1.9974,0.11719,-0.048091,0.065093,8.7753
3.6964,1.9974,0.1172,-0.048096,0.065042,8.7556
3.6964,1.9974,0.1172,-0.048095,0.064986,8.7603
3.6965,1.9974,0.1172,-0.048087,0.064946,8.7554
3.6965,1.9974,0.11721,-0.048083,0.064908,8.7385
3.6966,1.9974,0.11721,-0.048085,0.064886,8.7362
3.6966,1.9974,0.11721,-0.048096,0.064868,8.7445
3.6967,1.9974,0.11722,-0.048105,0.064857,8.7396
3.6967,1.9974,0.11722,-0.048116,0.064847,8.7305
3.6968,1.9974,0.11722,-0.048139,0.064828,8.7413
3.6968,1.9974,0.11723,-0.048159,0.064799,8.7387
3.6969,1.9974,0.11723,-0.048183,0.064779,8.7289
3.6969,1.9974,0.11723,-0.048207,0.064749,8.7423
3.697,1.9973,0.11724,-0.048232,0.064723,8.7463
3.6971,1.9973,0.11724,-0.048249,0.064696,8.7318
3.6971,1.9973,0.11724,-0.048265,0.064668,8.7307
3.6972,1.9973,0.11725,-0.048279,0.064641,8.7381
3.6972,1.9973,0.11725,-0.048299,0.064615,8.7372
3.6973,1.9973,0.11725,-0.048323,0.06458,8.7444
3.6973,1.9973,0.11726,-0.048344,0.064544,8.7483
3.6974,1.9973,0.11726,-0.04837,0.064495,8.7459
3.6974,1.9973,0.11726,-0.048401,0.064451,8.7442
3.6975,1.9973,0.11727,-0.048428,0.064411,8.7518
3.6975,1.9973,0.11727,-0.04846,0.064367,8.744
3.6976,1.9973,0.11727,-0.048492,0.064322,8.7295
3.6976,1.9973,0.11728,-0.048522,0.064289,8.7376
3.6977,1.9973,0.11728,-0.048547,0.064246,8.7355
3.6977,1.9973,0.11728,-0.048576,0.064213,8.7238
3.6978,1.9973,0.11729,-0.048606,0.06418,8.7226
3.6978,1.9973,0.11729,-0.048626,0.064161,8.7249
3.6979,1.9973,0.11729,-0.048632,0.064157,8.7188
3.6979,1.9973,0.1173,-0.048624,0.064143,8.7169
3.698,1.9973,0.1173,-0.048593,0.064132,8.7139
3.6981,1.9973,0.1173,-0.048551,0.064129,8.7042
3.6981,1.9973,0.11731,-0.04851,0.064115,8.6994
3.6982,1.9973,0.11731,-0.048491,0.064111,8.7028
3.6982,1.9973,0.11731,-0.048491,0.064105,8.6962
3.6983,1.9973,0.11732,-0.048502,0.064102,8.6967
3.6983,1.9973,0.11732,-0.048519,0.064105,8.7064
3.6984,1.9973,0.11732,-0.048522,0.064103,8.7087
3.6984,1.9973,0.11733,-0.04851,0.0641,8.701
3.6985,1.9973,0.11733,-0.048495,0.064096,8.7083
3.6985,1.9973,0.11733,-0.048481,0.064094,8.7038
3.6986,1.9973,0.11734,-0.048473,0.064084,8.7072
3.6986,1.9973,0.11734,-0.048481,0.064069,8.7055
3.6987,1.9973,0.11734,-0.048501,0.064055,8.7209
3.6987,1.9973,0.11735,-0.048522,0.064033,8.7128
3.6988,1.9973,0.11735,-0.04854,0.064014,8.7211
3.6988,1.9973,0.11735,-0.048547,0.063983,8.731
3.6989,1.9973,0.11736,-0.048545,0.063954,8.7221
3.6989,1.9973,0.11736,-0.048537,0.063918,8.7184
3.699,1.9973,0.11736,-0.04853,0.063873,8.727
3.6991,1.9972,0.11737,-0.048521,0.06382,8.7179
3.6991,1.9972,0.11737,-0.048515,0.063761,8.7014
3.6992,1.9972,0.11737,-0.048508,0.063692,8.7023
3.6992,1.9972,0.11738,-0.04851,0.063619,8.7021
3.6993,1.9972,0.11738,-0.048508,0.063537,8.6869
3.6993,1.9972,0.11738,-0.048508,0.063468,8.689
3.6994,1.9972,0.11739,-0.048516,0.063405,8.6958
3.6994,1.9972,0.11739,-0.048532,0.063363,8.6771
3.6995,1.9972,0.11739,-0.048539,0.063329,8.6787
3.6995,1.9972,0.1174,-0.048542,0.063296,8.6779
3.6996,1.9972,0.1174,-0.048538,0.063257,8.673
3.6996,1.9972,0.1174,-0.048529,0.063201,8.6661
3.6997,1.9972,0.11741,-0.04852,0.063141,8.6712
3.6997,1.9972,0.11741,-0.048509,0.063088,8.6731
3.6998,1.9972,0.11741,-0.048507,0.063033,8.6689
3.6998,1.9972,0.11742,-0.048505,0.062997,8.685
3.6999,1.9972,0.11742,-0.048506,0.062978,8.6867
3.6999,1.9972,0.11742,-0.048511,0.062966,8.6817
3.7,1.9972,0.11743,-0.048516,0.062948,8.6984
3.7001,1.9972,0.11743,-0.04852,0.062926,8.6977
3.7001,1.9972,0.11743,-0.048515,0.062901,8.6974
3.7002,1.9972,0.11744,-0.048507,0.062873,8.7031
3.7002,1.9972,0.11744,-0.04849,0.062833,8.7093
3.7003,1.9972,0.11744,-0.048464,0.062797,8.7082
3.7003,1.9972,0.11745,-0.048438,0.062766,8.7104
3.7004,1.9972,0.11745,-0.048418,0.062734,8.7143
3.7004,1.9972,0.11745,-0.048407,0.062698,8.7119
3.7005,1.9972,0.11746,-0.048404,0.062665,8.7154
3.7005,1.9972,0.11746,-0.048402,0.062642,8.7241
3.7006,1.9972,0.11746,-0.048408,0.062623,8.7106
3.7006,1.9972,0.11747,-0.048408,0.062611,8.7002
3.7007,1.9972,0.11747,-0.048412,0.06261,8.7044
3.7007,1.9972,0.11747,-0.04842,0.062619,8.6984
3.7008,1.9972,0.11748,-0.048431,0.062638,8.6807
3.7008,1.9972,0.11748,-0.048444,0.062666,8.6919
3.7009,1.9972,0.11748,-0.048456,0.062689,8.6976
3.7009,1.9972,0.11749,-0.048468,0.06271,8.6833
3.701,1.9972,0.11749,-0.048477,0.062732,8.6876
3.7011,1.9972,0.11749,-0.048483,0.062758,8.6919
3.7011,1.9972,0.1175,-0.04849,0.062793,8.6861
3.7012,1.9971,0.1175,-0.048495,0.062826,8.683
3.7012,1.9971,0.1175,-0.048502,0.062856,8.6954
3.7013,1.9971,0.11751,-0.048514,0.062895,8.6895
3.7013,1.9971,0.11751,-0.048528,0.062925,8.6909
3.7014,1.9971,0.11751,-0.048544,0.062957,8.7046
3.7014,1.9971,0.11752,-0.048561,0.062999,8.7093
3.7015,1.9971,0.11752,-0.048577,0.063063,8.7053
3.7015,1.9971,0.11752,-0.04859,0.06314,8.7223
3.7016,1.9971,0.11753,-0.048598,0.063218,8.7234
3.7016,1.9971,0.11753,-0.048613,0.063293,8.7152
3.7017,1.9971,0.11753,-0.048627,0.063364,8.7169
3.7017,1.9971,0.11754,-0.048643,0.063415,8.7217
3.7018,1.9971,0.11754,-0.048663,0.063458,8.7124
3.7018,1.9971,0.11754,-0.048684,0.0635,8.7162
3.7019,1.9971,0.11755,-0.048707,0.06355,8.7271
3.7019,1.9971,0.11755,-0.048731,0.0636,8.7177
3.702,1.9971,0.11755,-0.048756,0.063662,8.7114
3.7021,1.9971,0.11756,-0.048784,0.063733,8.718
3.7021,1.9971,0.11756,-0.048808,0.063801,8.7045
3.7022,1.9971,0.11756,-0.048833,0.06386,8.7003
3.7022,1.9971,0.11757,-0.04886,0.063931,8.7016
3.7023,1.9971,0.11757,-0.048884,0.064009,8.6994
3.7023,1.9971,0.11757,-0.04891,0.064081,8.6904
3.7024,1.9971,0.11758,-0.048932,0.064146,8.6978
3.7024,1.9971,0.11758,-0.048953,0.06421,8.7021
3.7025,1.9971,0.11758,-0.04897,0.064262,8.6925
3.7025,1.9971,0.11759,-0.048982,0.064298,8.6976
3.7026,1.9971,0.11759,-0.048991,0.064324,8.7045
3.7026,1.9971,0.11759,-0.048993,0.064358,8.6979
3.7027,1.9971,0.1176,-0.04899,0.064395,8.7012
3.7027,1.9971,0.1176,-0.048984,0.064439,8.7122
3.7028,1.9971,0.1176,-0.048975,0.064483,8.7106
3.7028,1.9971,0.11761,-0.048974,0.064533,8.7117
3.7029,1.9971,0.11761,-0.048975,0.064572,8.7264
3.7029,1.9971,0.11761,-0.048984,0.064606,8.7272
3.703,1.9971,0.11762,-0.048995,0.06464,8.7198
3.7031,1.9971,0.11762,-0.049005,0.064677,8.7253
3.7031,1.9971,0.11763,-0.049017,0.064725,8.7193
3.7032,1.997,0.11763,-0.049025,0.064773,8.7108
3.7032,1.997,0.11763,-0.04903,0.064824,8.7051
3.7033,1.997,0.11764,-0.049037,0.064891,8.7116
3.7033,1.997,0.11764,-0.049042,0.064946,8.6952
3.7034,1.997,0.11764,-0.049052,0.06499,8.6913
3.7034,1.997,0.11765,-0.04906,0.065022,8.6945
3.7035,1.997,0.11765,-0.049066,0.065043,8.6856
3.7035,1.997,0.11765,-0.049076,0.065051,8.6829
3.7036,1.997,0.11766,-0.049082,0.065049,8.6902
3.7036,1.997,0.11766,-0.049079,0.065052,8.6758
3.7037,1.997,0.11766,-0.04907,0.06507,8.6696
3.7037,1.997,0.11767,-0.049059,0.065095,8.6702
3.7038,1.997,0.11767,-0.049049,0.065122,8.6703
3.7038,1.997,0.11767,-0.049036,0.065154,8.6547
3.7039,1.997,0.11768,-0.049027,0.065177,8.6702
3.7039,1.997,0.11768,-0.049024,0.065198,8.6716
3.704,1.997,0.11768,-0.049015,0.06524,8.6688
3.7041,1.997,0.11769,-0.048997,0.065279,8.6756
3.7041,1.997,0.11769,-0.048972,0.065315,8.6863
3.7042,1.997,0.11769,-0.048942,0.065343,8.6806
3.7042,1.997,0.1177,-0.048906,0.065363,8.681
3.7043,1.997,0.1177,-0.048875,0.065372,8.6905
3.7043,1.997,0.1177,-0.048856,0.065366,8.6818
3.7044,1.997,0.11771,-0.048841,0.065371,8.6781
3.7044,1.997,0.11771,-0.048831,0.065395,8.6941
3.7045,1.997,0.11771,-0.048821,0.065416,8.6965
3.7045,1.997,0.11772,-0.048812,0.065428,8.6909
3.7046,1.997,0.11772,-0.048804,0.065436,8.705
3.7046,1.997,0.11772,-0.048796,0.065443,8.6981
3.7047,1.997,0.11773,-0.048792,0.065437,8.6779
3.7047,1.997,0.11773,-0.04879,0.065427,8.6804
3.7048,1.997,0.11773,-0.048787,0.065432,8.6818
3.7048,1.997,0.11774,-0.048785,0.065446,8.6639
3.7049,1.997,0.11774,-0.048781,0.065479,8.671
3.7049,1.997,0.11775,-0.048775,0.065524,8.6752
3.705,1.997,0.11775,-0.048767,0.065574,8.6664
3.7051,1.997,0.11775,-0.048759,0.065608,8.6689
3.7051,1.997,0.11776,-0.048749,0.065613,8.6764
3.7052,1.997,0.11776,-0.048732,0.065577,8.6673
3.7052,1.9969,0.11776,-0.048715,0.065542,8.6594
3.7053,1.9969,0.11777,-0.048695,0.065497,8.6772
3.7053,1.9969,0.11777,-0.048672,0.065475,8.6724
3.7054,1.9969,0.11777,-0.048647,0.065464,8.6623
3.7054,1.9969,0.11778,-0.048624,0.065468,8.6759
3.7055,1.9969,0.11778,-0.048606,0.065493,8.6847
3.7055,1.9969,0.11778,-0.048587,0.065531,8.687
3.7056,1.9969,0.11779,-0.048563,0.065575,8.6958
3.7056,1.9969,0.11779,-0.048545,0.065626,8.6994
3.7057,1.9969,0.11779,-0.048529,0.065665,8.6937
3.7057,1.9969,0.1178,-0.048512,0.065694,8.7032
3.7058,1.9969,0.1178,-0.048496,0.065695,8.7086
3.7058,1.9969,0.1178,-0.048488,0.065686,8.7052
3.7059,1.9969,0.11781,-0.048481,0.065685,8.6958
3.7059,1.9969,0.11781,-0.048477,0.065688,8.7085
3.706,1.9969,0.11781,-0.04847,0.065699,8.7195
3.7061,1.9969,0.11782,-0.048464,0.065702,8.7141
3.7061,1.9969,0.11782,-0.048455,0.065686,8.7215
3.7062,1.9969,0.11782,-0.04844,0.065681,8.7227
3.7062,1.9969,0.11783,-0.048423,0.065665,8.7151
3.7063,1.9969,0.11783,-0.048407,0.065648,8.7216
3.7063,1.9969,0.11784,-0.048388,0.065652,8.7216
3.7064,1.9969,0.11784,-0.048368,0.065665,8.7058
3.7064,1.9969,0.11784,-0.048351,0.065684,8.708
3.7065,1.9969,0.11785,-0.048335,0.065709,8.72
3.7065,1.9969,0.11785,-0.048321,0.065719,8.7097
3.7066,1.9969,0.11785,-0.04831,0.065734,8.716
3.7066,1.9969,0.11786,-0.048305,0.065735,8.7305
3.7067,1.9969,0.11786,-0.048304,0.065725,8.7238
3.7067,1.9969,0.11786,-0.048305,0.065709,8.7251
3.7068,1.9969,0.11787,-0.048306,0.065689,8.7264
3.7068,1.9969,0.11787,-0.048312,0.065677,8.7298
3.7069,1.9969,0.11787,-0.048314,0.065682,8.724
3.7069,1.9969,0.11788,-0.048311,0.065686,8.7368
3.707,1.9969,0.11788,-0.048304,0.065689,8.7491
3.7071,1.9969,0.11788,-0.048288,0.065693,8.7405
3.7071,1.9969,0.11789,-0.048262,0.0657,8.7544
3.7072,1.9969,0.11789,-0.048233,0.065701,8.7622
3.7072,1.9969,0.11789,-0.048207,0.065709,8.7531
3.7073,1.9969,0.1179,-0.048187,0.06572,8.7571
3.7073,1.9968,0.1179,-0.048168,0.065735,8.7612
3.7074,1.9968,0.1179,-0.048152,0.06574,8.7512
3.7074,1.9968,0.11791,-0.048141,0.065737,8.7417
3.7075,1.9968,0.11791,-0.048127,0.065753,8.7494
3.7075,1.9968,0.11791,-0.048113,0.065773,8.745
3.7076,1.9968,0.11792,-0.048102,0.065776,8.7413
3.7076,1.9968,0.11792,-0.048095,0.06578,8.7446
3.7077,1.9968,0.11792,-0.048087,0.065781,8.7458
3.7077,1.9968,0.11793,-0.04808,0.065783,8.7366
3.7078,1.9968,0.11793,-0.048076,0.065783,8.7358
3.7078,1.9968,0.11794,-0.048075,0.065782,8.738
3.7079,1.9968,0.11794,-0.048075,0.065805,8.7293
3.7079,1.9968,0.11794,-0.048075,0.065817,8.7304
3.708,1.9968,0.11795,-0.048074,0.065809,8.7391
3.7081,1.9968,0.11795,-0.048073,0.065805,8.738
3.7081,1.9968,0.11795,-0.048064,0.065787,8.7355
3.7082,1.9968,0.11796,-0.048054,0.06576,8.7504
3.7082,1.9968,0.11796,-0.048042,0.06571,8.7456
3.7083,1.9968,0.11796,-0.048029,0.065647,8.7406
3.7083,1.9968,0.11797,-0.048016,0.065579,8.7513
3.7084,1.9968,0.11797,-0.048003,0.065508,8.7541
3.7084,1.9968,0.11797,-0.047992,0.065426,8.7486
3.7085,1.9968,0.11798,-0.047984,0.06534,8.751
3.7085,1.9968,0.11798,-0.047971,0.065246,8.755
3.7086,1.9968,0.11798,-0.047962,0.065148,8.753
3.7086,1.9968,0.11799,-0.047954,0.065038,8.7539
3.7087,1.9968,0.11799,-0.047946,0.064933,8.7634
3.7087,1.9968,0.11799,-0.047938,0.064815,8.7547
3.7088,1.9968,0.118,-0.047928,0.064714,8.758
3.7088,1.9968,0.118,-0.047915,0.064603,8.7549
3.7089,1.9968,0.118,-0.0479,0.064504,8.7403
3.7089,1.9968,0.11801,-0.047881,0.064418,8.7337
3.709,1.9968,0.11801,-0.047865,0.064351,8.7424
3.7091,1.9968,0.11801,-0.047849,0.064302,8.7367
3.7091,1.9968,0.11802,-0.047832,0.064279,8.7306
3.7092,1.9968,0.11802,-0.047817,0.064274,8.7355
3.7092,1.9968,0.11802,-0.047801,0.064298,8.7365
3.7093,1.9968,0.11803,-0.047786,0.064323,8.7263
3.7093,1.9968,0.11803,-0.047771,0.064347,8.7316
3.7094,1.9967,0.11803,-0.047756,0.064348,8.7369
3.7094,1.9967,0.11804,-0.04774,0.064333,8.7251
3.7095,1.9967,0.11804,-0.047725,0.064297,8.7245
3.7095,1.9967,0.11804,-0.047709,0.064241,8.7348
3.7096,1.9967,0.11805,-0.047693,0.06419,8.7296
3.7096,1.9967,0.11805,-0.047677,0.064149,8.7341
3.7097,1.9967,0.11805,-0.047662,0.064126,8.7476
3.7097,1.9967,0.11806,-0.047645,0.06413,8.7417
3.7098,1.9967,0.11806,-0.047627,0.064121,8.7379
3.7098,1.9967,0.11807,-0.047608,0.064101,8.7506
3.7099,1.9967,0.11807,-0.047586,0.064064,8.7505
3.7099,1.9967,0.11807,-0.047564,0.064008,8.7447
3.71,1.9967,0.11808,-0.047541,0.063945,8.748
3.7101,1.9967,0.11808,-0.047519,0.063893,8.7507
3.7101,1.9967,0.11808,-0.047499,0.063871,8.747
3.7102,1.9967,0.11809,-0.047478,0.063885,8.7534
3.7102,1.9967,0.11809,-0.047458,0.063907,8.76
3.7103,1.9967,0.11809,-0.047439,0.063938,8.7439
3.7103,1.9967,0.1181,-0.04742,0.063976,8.7384
3.7104,1.9967,0.1181,-0.047396,0.064018,8.7423
3.7104,1.9967,0.1181,-0.047369,0.064053,8.7252
3.7105,1.9967,0.11811,-0.047343,0.064086,8.7158
3.7105,1.9967,0.11811,-0.047315,0.064113,8.727
3.7106,1.9967,0.11811,-0.047289,0.064121,8.7131
3.7106,1.9967,0.11812,-0.047264,0.064124,8.7114
3.7107,1.9967,0.11812,-0.047243,0.064121,8.7208
3.7107,1.9967,0.11812,-0.047218,0.064119,8.7201
3.7108,1.9967,0.11813,-0.047187,0.06412,8.7083
3.7108,1.9967,0.11813,-0.047157,0.064139,8.7106
3.7109,1.9967,0.11813,-0.04713,0.064163,8.712
3.7109,1.9967,0.11814,-0.047106,0.064201,8.7086
3.711,1.9967,0.11814,-0.047092,0.064197,8.7151
3.7111,1.9967,0.11814,-0.047085,0.064161,8.7203
3.7111,1.9967,0.11815,-0.04708,0.064113,8.7177
3.7112,1.9967,0.11815,-0.047073,0.064067,8.7248
3.7112,1.9967,0.11815,-0.04706,0.064012,8.7381
3.7113,1.9967,0.11816,-0.047041,0.063981,8.7314
3.7113,1.9967,0.11816,-0.047021,0.063967,8.7346
3.7114,1.9967,0.11816,-0.047002,0.063968,8.7445
3.7114,1.9967,0.11817,-0.046986,0.063939,8.7385
3.7115,1.9966,0.11817,-0.046974,0.063906,8.7307
3.7115,1.9966,0.11817,-0.046965,0.063872,8.748
3.7116,1.9966,0.11818,-0.046954,0.063842,8.7552
3.7116,1.9966,0.11818,-0.046941,0.063808,8.7529
3.7117,1.9966,0.11818,-0.046924,0.063792,8.7596
3.7117,1.9966,0.11819,-0.046904,0.063781,8.7671
3.7118,1.9966,0.11819,-0.046883,0.063766,8.754
3.7118,1.9966,0.11819,-0.046862,0.063764,8.7551
3.7119,1.9966,0.1182,-0.046839,0.063723,8.7622
3.7119,1.9966,0.1182,-0.046819,0.063653,8.7537
3.712,1.9966,0.1182,-0.046796,0.063582,8.7424
3.7121,1.9966,0.11821,-0.046776,0.063477,8.7528
3.7121,1.9966,0.11821,-0.046759,0.063359,8.7444
3.7122,1.9966,0.11821,-0.046742,0.063237,8.74
3.7122,1.9966,0.11822,-0.046734,0.063129,8.7538
3.7123,1.9966,0.11822,-0.046725,0.063061,8.7574
3.7123,1.9966,0.11822,-0.046716,0.063004,8.7565
3.7124,1.9966,0.11823,-0.046705,0.062991,8.7649
3.7124,1.9966,0.11823,-0.04669,0.06305,8.7646
3.7125,1.9966,0.11823,-0.046673,0.063078,8.7588
3.7125,1.9966,0.11824,-0.046659,0.063084,8.7638
3.7126,1.9966,0.11824,-0.046646,0.06307,8.775
3.7126,1.9966,0.11824,-0.04664,0.063047,8.7685
3.7127,1.9966,0.11825,-0.046636,0.063019,8.7795
3.7127,1.9966,0.11825,-0.046636,0.063001,8.7919
3.7128,1.9966,0.11825,-0.046631,0.062998,8.7874
3.7128,1.9966,0.11826,-0.046626,0.063043,8.7875
3.7129,1.9966,0.11826,-0.046619,0.063049,8.7966
3.7129,1.9966,0.11826,-0.046612,0.063044,8.7885
3.713,1.9966,0.11827,-0.046604,0.063034,8.7724
3.7131,1.9966,0.11827,-0.046591,0.063034,8.78
3.7131,1.9966,0.11827,-0.046585,0.06305,8.7694
3.7132,1.9966,0.11828,-0.04658,0.063083,8.757
3.7132,1.9966,0.11828,-0.046576,0.063121,8.7665
3.7133,1.9966,0.11828,-0.046577,0.063183,8.7702
3.7133,1.9966,0.11829,-0.046577,0.063237,8.7614
3.7134,1.9966,0.11829,-0.046581,0.06325,8.7615
3.7134,1.9966,0.11829,-0.046588,0.063235,8.763
3.7135,1.9966,0.1183,-0.046592,0.063211,8.7492
3.7135,1.9966,0.1183,-0.0466,0.0632,8.7398
3.7136,1.9966,0.1183,-0.046612,0.063197,8.7498
3.7136,1.9965,0.11831,-0.046627,0.063208,8.7484
3.7137,1.9965,0.11831,-0.046644,0.063245,8.7415
3.7137,1.9965,0.11831,-0.046663,0.063303,8.7526
3.7138,1.9965,0.11832,-0.046683,0.063335,8.7496
3.7138,1.9965,0.11832,-0.046699,0.063375,8.7422
3.7139,1.9965,0.11832,-0.04671,0.063419,8.7523
3.7139,1.9965,0.11833,-0.046718,0.063452,8.7527
3.714,1.9965,0.11833,-0.046728,0.06349,8.7421
3.7141,1.9965,0.11833,-0.04674,0.063533,8.739
3.7141,1.9965,0.11834,-0.046755,0.063573,8.75
3.7142,1.9965,0.11834,-0.046779,0.063612,8.7431
3.7142,1.9965,0.11834,-0.046803,0.063651,8.7421
3.7143,1.9965,0.11835,-0.046821,0.063701,8.7462
3.7143,1.9965,0.11835,-0.046837,0.06375,8.743
3.7144,1.9965,0.11835,-0.04685,0.063789,8.7366
3.7144,1.9965,0.11836,-0.046863,0.063831,8.7422
3.7145,1.9965,0.11836,-0.046875,0.063873,8.7301
3.7145,1.9965,0.11836,-0.046887,0.063932,8.7184
3.7146,1.9965,0.11837,-0.0469,0.063974,8.7224
3.7146,1.9965,0.11837,-0.046911,0.063969,8.7199
3.7147,1.9965,0.11837,-0.046918,0.063943,8.7039
3.7147,1.9965,0.11838,-0.046922,0.063912,8.7081
3.7148,1.9965,0.11838,-0.046924,0.06389,8.711
3.7148,1.9965,0.11838,-0.046927,0.063888,8.7013
3.7149,1.9965,0.11839,-0.04693,0.063916,8.7001
3.7149,1.9965,0.11839,-0.046933,0.063991,8.7043
3.715,1.9965,0.11839,-0.046935,0.064072,8.6905
3.7151,1.9965,0.1184,-0.046939,0.064142,8.6869
3.7151,1.9965,0.1184,-0.046949,0.064232,8.6929
3.7152,1.9965,0.1184,-0.046962,0.064322,8.6874
3.7152,1.9965,0.11841,-0.046977,0.064426,8.6856
3.7153,1.9965,0.11841,-0.046996,0.064533,8.6995
3.7153,1.9965,0.11841,-0.047019,0.064632,8.7094
3.7154,1.9965,0.11842,-0.047041,0.064727,8.6958
3.7154,1.9965,0.11842,-0.04706,0.064802,8.7147
3.7155,1.9965,0.11842,-0.047082,0.06487,8.7153
3.7155,1.9965,0.11843,-0.047109,0.064944,8.707
3.7156,1.9965,0.11843,-0.047128,0.065009,8.7033
3.7156,1.9965,0.11843,-0.047138,0.06503,8.7149
3.7157,1.9965,0.11844,-0.047146,0.065025,8.7084
3.7157,1.9964,0.11844,-0.047153,0.065013,8.7124
3.7158,1.9964,0.11844,-0.047155,0.065034,8.7219
3.7158,1.9964,0.11845,-0.047162,0.065055,8.7228
3.7159,1.9964,0.11845,-0.047173,0.065075,8.7139
3.7159,1.9964,0.11845,-0.04719,0.065089,8.7153
3.716,1.9964,0.11846,-0.04721,0.065082,8.711
3.7161,1.9964,0.11846,-0.047229,0.065024,8.6957
3.7161,1.9964,0.11846,-0.047248,0.064942,8.6953
3.7162,1.9964,0.11847,-0.047267,0.064852,8.6925
3.7162,1.9964,0.11847,-0.047286,0.064832,8.6856
3.7163,1.9964,0.11848,-0.04731,0.064823,8.6872
3.7163,1.9964,0.11848,-0.047337,0.064839,8.6922
3.7164,1.9964,0.11848,-0.047365,0.064898,8.6874
3.7164,1.9964,0.11849,-0.047397,0.064966,8.6898
3.7165,1.9964,0.11849,-0.047428,0.06507,8.6949
3.7165,1.9964,0.11849,-0.047453,0.065145,8.6866
3.7166,1.9964,0.1185,-0.047473,0.06522,8.6839
3.7166,1.9964,0.1185,-0.047488,0.065289,8.6894
3.7167,1.9964,0.1185,-0.047498,0.065333,8.6897
3.7167,1.9964,0.11851,-0.047508,0.065415,8.6886
3.7168,1.9964,0.11851,-0.04751,0.065503,8.7016
3.7168,1.9964,0.11851,-0.047513,0.065578,8.7103
3.7169,1.9964,0.11852,-0.04752,0.065682,8.7065
3.7169,1.9964,0.11852,-0.047531,0.065789,8.7139
3.717,1.9964,0.11852,-0.047548,0.065926,8.717
3.7171,1.9964,0.11853,-0.047574,0.066044,8.7073
3.7171,1.9964,0.11853,-0.047601,0.066176,8.7101
3.7172,1.9964,0.11853,-0.047618,0.066327,8.7175
3.7172,1.9964,0.11854,-0.047629,0.066448,8.6976
3.7173,1.9964,0.11854,-0.047636,0.066561,8.7007
3.7173,1.9964,0.11854,-0.04764,0.066666,8.7121
3.7174,1.9964,0.11855,-0.047639,0.066762,8.7085
3.7174,1.9964,0.11855,-0.047635,0.066847,8.7002
3.7175,1.9964,0.11855,-0.047634,0.066907,8.7116
3.7175,1.9964,0.11856,-0.047629,0.066959,8.7073
3.7176,1.9964,0.11856,-0.047617,0.066957,8.6959
3.7176,1.9964,0.11857,-0.04761,0.066931,8.6984
3.7177,1.9964,0.11857,-0.047603,0.066924,8.6938
3.7177,1.9964,0.11857,-0.047592,0.066919,8.6815
3.7178,1.9964,0.11858,-0.04758,0.066911,8.6904
3.7178,1.9963,0.11858,-0.047571,0.066898,8.6942
3.7179,1.9963,0.11858,-0.047563,0.066866,8.6897
3.7179,1.9963,0.11859,-0.047558,0.066814,8.695
3.718,1.9963,0.11859,-0.047558,0.066706,8.7037
3.7181,1.9963,0.11859,-0.047564,0.066593,8.6939
3.7181,1.9963,0.1186,-0.047569,0.066512,8.6928
3.7182,1.9963,0.1186,-0.047573,0.066442,8.7069
3.7182,1.9963,0.1186,-0.047579,0.066377,8.7006
3.7183,1.9963,0.11861,-0.047589,0.066319,8.7046
3.7183,1.9963,0.11861,-0.047592,0.066267,8.7231
3.7184,1.9963,0.11861,-0.047593,0.066228,8.7262
3.7184,1.9963,0.11862,-0.047591,0.066195,8.722
3.7185,1.9963,0.11862,-0.047592,0.066188,8.7325
3.7185,1.9963,0.11862,-0.047587,0.066193,8.7327
3.7186,1.9963,0.11863,-0.047577,0.066205,8.7262
3.7186,1.9963,0.11863,-0.047567,0.066223,8.7306
3.7187,1.9963,0.11864,-0.04756,0.066242,8.7319
3.7187,1.9963,0.11864,-0.047552,0.066287,8.7196
3.7188,1.9963,0.11864,-0.04754,0.066369,8.7171
3.7188,1.9963,0.11865,-0.047531,0.066461,8.729
3.7189,1.9963,0.11865,-0.047522,0.06656,8.7209
3.7189,1.9963,0.11865,-0.047509,0.066644,8.7174
3.719,1.9963,0.11866,-0.047494,0.066715,8.7321
3.7191,1.9963,0.11866,-0.047479,0.066755,8.7215
3.7191,1.9963,0.11866,-0.047463,0.066765,8.7167
3.7192,1.9963,0.11867,-0.047443,0.066777,8.7207
3.7192,1.9963,0.11867,-0.047419,0.066788,8.7169
3.7193,1.9963,0.11867,-0.047398,0.066793,8.6995
3.7193,1.9963,0.11868,-0.047379,0.066808,8.7087
3.7194,1.9963,0.11868,-0.047361,0.066835,8.7157
3.7194,1.9963,0.11868,-0.047344,0.066891,8.7104
3.7195,1.9963,0.11869,-0.047328,0.066976,8.7199
3.7195,1.9963,0.11869,-0.047312,0.067079,8.7273
3.7196,1.9963,0.1187,-0.047296,0.067188,8.7173
3.7196,1.9963,0.1187,-0.047283,0.067283,8.7167
3.7197,1.9963,0.1187,-0.047274,0.067358,8.7261
3.7197,1.9963,0.11871,-0.047266,0.067435,8.7114
3.7198,1.9963,0.11871,-0.047256,0.067508,8.7051
3.7198,1.9963,0.11871,-0.047247,0.067595,8.7121
3.7199,1.9963,0.11872,-0.047239,0.067706,8.7114
3.7199,1.9963,0.11872,-0.04723,0.067841,8.7037
3.72,1.9962,0.11872,-0.047221,0.067983,8.7057
3.7201,1.9962,0.11873,-0.047211,0.068109,8.7112
3.7201,1.9962,0.11873,-0.0472,0.068222,8.6927
3.7202,1.9962,0.11873,-0.047187,0.06833,8.6982
3.7202,1.9962,0.11874,-0.047173,0.068429,8.6945
3.7203,1.9962,0.11874,-0.047158,0.068523,8.6773
3.7203,1.9962,0.11875,-0.047148,0.068616,8.6774
3.7204,1.9962,0.11875,-0.047144,0.068721,8.6796
3.7204,1.9962,0.11875,-0.047137,0.068825,8.6759
3.7205,1.9962,0.11876,-0.04713,0.068938,8.671
3.7205,1.9962,0.11876,-0.047117,0.069068,8.6782
3.7206,1.9962,0.11876,-0.047095,0.069199,8.6709
3.7206,1.9962,0.11877,-0.047068,0.069334,8.6618
3.7207,1.9962,0.11877,-0.047047,0.069456,8.6687
3.7207,1.9962,0.11877,-0.04704,0.069563,8.6649
3.7208,1.9962,0.11878,-0.04704,0.069655,8.6636
3.7208,1.9962,0.11878,-0.047037,0.069738,8.6695
3.7209,1.9962,0.11879,-0.047034,0.069813,8.6781
3.7209,1.9962,0.11879,-0.047022,0.069933,8.6685
3.721,1.9962,0.11879,-0.047002,0.07009,8.6795
3.7211,1.9962,0.1188,-0.046984,0.070273,8.6903
3.7211,1.9962,0.1188,-0.046973,0.070462,8.6836
3.7212,1.9962,0.1188,-0.046974,0.070656,8.6866
3.7212,1.9962,0.11881,-0.046983,0.070836,8.6854
3.7213,1.9962,0.11881,-0.046992,0.070997,8.6851
3.7213,1.9962,0.11881,-0.047003,0.071133,8.6721
3.7214,1.9962,0.11882,-0.047011,0.071281,8.6855
3.7214,1.9962,0.11882,-0.047011,0.071425,8.6868
3.7215,1.9962,0.11883,-0.047009,0.07157,8.6855
3.7215,1.9962,0.11883,-0.047007,0.071707,8.6905
3.7216,1.9962,0.11883,-0.047006,0.071841,8.6907
3.7216,1.9962,0.11884,-0.04701,0.071976,8.6752
3.7217,1.9962,0.11884,-0.047015,0.072118,8.6844
3.7217,1.9962,0.11885,-0.047026,0.072259,8.6852
3.7218,1.9962,0.11885,-0.047039,0.072382,8.6793
3.7218,1.9962,0.11885,-0.047057,0.072542,8.6814
3.7219,1.9962,0.11886,-0.047073,0.072734,8.6861
3.7219,1.9962,0.11886,-0.047088,0.072917,8.6786
3.722,1.9962,0.11886,-0.047098,0.073141,8.6798
3.7221,1.9962,0.11887,-0.047102,0.073404,8.6968
3.7221,1.9961,0.11887,-0.047104,0.073674,8.6931
3.7222,1.9961,0.11888,-0.047098,0.073921,8.686
3.7222,1.9961,0.11888,-0.047089,0.074141,8.6953
3.7223,1.9961,0.11888,-0.047083,0.074363,8.6999
3.7223,1.9961,0.11889,-0.047073,0.074547,8.697
3.7224,1.9961,0.11889,-0.047064,0.074668,8.7014
3.7224,1.9961,0.1189,-0.047058,0.074832,8.7122
3.7225,1.9961,0.1189,-0.047056,0.075029,8.7118
3.7225,1.9961,0.1189,-0.047059,0.075239,8.7182
3.7226,1.9961,0.11891,-0.047061,0.075459,8.7336
3.7226,1.9961,0.11891,-0.047066,0.075692,8.7212
3.7227,1.9961,0.11892,-0.047072,0.075922,8.7251
3.7227,1.9961,0.11892,-0.047079,0.076125,8.7354
3.7228,1.9961,0.11892,-0.047085,0.076291,8.7306
3.7228,1.9961,0.11893,-0.047091,0.076502,8.7209
3.7229,1.9961,0.11893,-0.047099,0.076731,8.7252
3.7229,1.9961,0.11894,-0.047108,0.076972,8.7228
3.723,1.9961,0.11894,-0.047121,0.077209,8.7232
3.7231,1.9961,0.11894,-0.047134,0.077433,8.7261
3.7231,1.9961,0.11895,-0.047148,0.077634,8.7272
3.7232,1.9961,0.11895,-0.047162,0.077806,8.719
3.7232,1.9961,0.11896,-0.047172,0.077952,8.7209
3.7233,1.9961,0.11896,-0.047179,0.078101,8.7229
3.7233,1.9961,0.11896,-0.047184,0.078289,8.7082
3.7234,1.9961,0.11897,-0.047187,0.078511,8.7054
3.7234,1.9961,0.11897,-0.047189,0.07875,8.7237
3.7235,1.9961,0.11898,-0.047189,0.078989,8.7214
3.7235,1.9961,0.11898,-0.047191,0.079222,8.7236
3.7236,1.9961,0.11898,-0.047193,0.079438,8.7347
3.7236,1.9961,0.11899,-0.047196,0.079625,8.738
3.7237,1.9961,0.11899,-0.047199,0.079783,8.7316
3.7237,1.9961,0.119,-0.047202,0.079955,8.7451
3.7238,1.9961,0.119,-0.047206,0.080126,8.7404
3.7238,1.9961,0.11901,-0.04721,0.080293,8.7299
3.7239,1.9961,0.11901,-0.047214,0.080461,8.7418
3.7239,1.9961,0.11901,-0.047218,0.080619,8.7456
3.724,1.9961,0.11902,-0.047223,0.080774,8.7415
3.7241,1.9961,0.11902,-0.047229,0.080921,8.7488
3.7241,1.9961,0.11903,-0.047236,0.081053,8.7628
3.7242,1.9961,0.11903,-0.047242,0.08118,8.7521
3.7242,1.996,0.11904,-0.047251,0.081298,8.7502
3.7243,1.996,0.11904,-0.047264,0.081414,8.7544
3.7243,1.996,0.11904,-0.047278,0.081534,8.7483
3.7244,1.996,0.11905,-0.047292,0.081654,8.7418
3.7244,1.996,0.11905,-0.047306,0.081783,8.7484
3.7245,1.996,0.11906,-0.047319,0.081895,8.7404
3.7245,1.996,0.11906,-0.047329,0.082016,8.7369
3.7246,1.996,0.11907,-0.047336,0.082194,8.7493
3.7246,1.996,0.11907,-0.047344,0.082399,8.7492
3.7247,1.996,0.11907,-0.047353,0.082611,8.7391
3.7247,1.996,0.11908,-0.047362,0.082815,8.7464
3.7248,1.996,0.11908,-0.047374,0.083,8.7442
3.7248,1.996,0.11909,-0.047386,0.083149,8.7412
3.7249,1.996,0.11909,-0.0474,0.083247,8.7342
3.7249,1.996,0.1191,-0.047414,0.083335,8.7468
3.725,1.996,0.1191,-0.047429,0.083447,8.743
3.7251,1.996,0.11911,-0.047442,0.083557,8.7421
3.7251,1.996,0.11911,-0.047456,0.083663,8.7541
3.7252,1.996,0.11911,-0.047469,0.083757,8.7499
3.7252,1.996,0.11912,-0.047482,0.083841,8.7484
3.7253,1.996,0.11912,-0.047495,0.083917,8.7549
3.7253,1.996,0.11913,-0.047507,0.083989,8.7491
3.7254,1.996,0.11913,-0.047519,0.084055,8.7485
3.7254,1.996,0.11914,-0.04753,0.084106,8.7554
3.7255,1.996,0.11914,-0.047541,0.084135,8.757
3.7255,1.996,0.11915,-0.047553,0.084165,8.7481
3.7256,1.996,0.11915,-0.047572,0.084241,8.7538
3.7256,1.996,0.11915,-0.047596,0.08434,8.7644
3.7257,1.996,0.11916,-0.04762,0.084449,8.7536
3.7257,1.996,0.11916,-0.047645,0.084533,8.7494
3.7258,1.996,0.11917,-0.047666,0.084605,8.7565
3.7258,1.996,0.11917,-0.047679,0.084675,8.7473
3.7259,1.996,0.11918,-0.04769,0.084745,8.7347
3.7259,1.996,0.11918,-0.047695,0.084854,8.7436
3.726,1.996,0.11919,-0.047703,0.085036,8.7341
3.7261,1.996,0.11919,-0.047718,0.085246,8.7245
3.7261,1.996,0.11919,-0.047736,0.085482,8.734
3.7262,1.996,0.1192,-0.047755,0.085663,8.7416
3.7262,1.996,0.1192,-0.047775,0.085838,8.7282
3.7263,1.996,0.11921,-0.047793,0.085994,8.7354
3.7263,1.9959,0.11921,-0.047809,0.086092,8.7363
3.7264,1.9959,0.11922,-0.047819,0.086174,8.7296
3.7264,1.9959,0.11922,-0.047828,0.086218,8.7337
3.7265,1.9959,0.11923,-0.047838,0.086275,8.7453
3.7265,1.9959,0.11923,-0.047847,0.08633,8.7391
3.7266,1.9959,0.11923,-0.047855,0.08639,8.7393
3.7266,1.9959,0.11924,-0.047862,0.086477,8.7525
3.7267,1.9959,0.11924,-0.047871,0.08653,8.7505
3.7267,1.9959,0.11925,-0.04788,0.086569,8.7448
3.7268,1.9959,0.11925,-0.04789,0.086618,8.7577
3.7268,1.9959,0.11926,-0.047898,0.086631,8.7527
3.7269,1.9959,0.11926,-0.047909,0.08664,8.7386
3.7269,1.9959,0.11927,-0.047922,0.086607,8.7429
3.727,1.9959,0.11927,-0.047934,0.086572,8.7412
3.7271,1.9959,0.11928,-0.047946,0.086503,8.7281
3.7271,1.9959,0.11928,-0.047961,0.086397,8.7414
3.7272,1.9959,0.11929,-0.047975,0.086306,8.7487
3.7272,1.9959,0.11929,-0.047988,0.086215,8.7366
3.7273,1.9959,0.11929,-0.048003,0.086126,8.7328
3.7273,1.9959,0.1193,-0.04802,0.086039,8.7313
3.7274,1.9959,0.1193,-0.048044,0.085935,8.721
3.7274,1.9959,0.11931,-0.04807,0.085835,8.7112
3.7275,1.9959,0.11931,-0.0481,0.085746,8.7235
3.7275,1.9959,0.11932,-0.048131,0.085712,8.7191
3.7276,1.9959,0.11932,-0.048162,0.085706,8.7107
3.7276,1.9959,0.11933,-0.048195,0.085685,8.7256
3.7277,1.9959,0.11933,-0.048234,0.085653,8.7274
3.7277,1.9959,0.11933,-0.048273,0.085609,8.7192
3.7278,1.9959,0.11934,-0.04831,0.085544,8.7255
3.7278,1.9959,0.11934,-0.048344,0.085486,8.7323
3.7279,1.9959,0.11935,-0.048371,0.085452,8.7342
3.7279,1.9959,0.11935,-0.04839,0.085472,8.7331
3.728,1.9959,0.11936,-0.048404,0.085504,8.7457
3.7281,1.9959,0.11936,-0.048413,0.085517,8.7406
3.7281,1.9959,0.11937,-0.048423,0.085534,8.7417
3.7282,1.9959,0.11937,-0.048432,0.085548,8.763
3.7282,1.9959,0.11938,-0.048433,0.085552,8.7631
3.7283,1.9959,0.11938,-0.048441,0.085554,8.7622
3.7283,1.9959,0.11938,-0.048451,0.085547,8.7724
3.7284,1.9959,0.11939,-0.048463,0.085537,8.7659
3.7284,1.9958,0.11939,-0.048473,0.085529,8.7561
3.7285,1.9958,0.1194,-0.048485,0.085528,8.7663
3.7285,1.9958,0.1194,-0.048498,0.085539,8.7637
3.7286,1.9958,0.11941,-0.048509,0.085557,8.7535
3.7286,1.9958,0.11941,-0.048515,0.08559,8.7585
3.7287,1.9958,0.11942,-0.048523,0.085602,8.7682
3.7287,1.9958,0.11942,-0.048536,0.0856,8.7628
3.7288,1.9958,0.11942,-0.048548,0.08559,8.7573
3.7288,1.9958,0.11943,-0.048562,0.08558,8.7766
3.7289,1.9958,0.11943,-0.048579,0.085566,8.765
3.7289,1.9958,0.11944,-0.048597,0.085547,8.7586
3.729,1.9958,0.11944,-0.048615,0.085551,8.7636
3.7291,1.9958,0.11945,-0.048633,0.085583,8.7584
3.7291,1.9958,0.11945,-0.048655,0.085602,8.7553
3.7292,1.9958,0.11946,-0.048681,0.085628,8.7646
3.7292,1.9958,0.11946,-0.048702,0.085661,8.7687
3.7293,1.9958,0.11947,-0.048723,0.085687,8.7648
3.7293,1.9958,0.11947,-0.048742,0.085699,8.7731
3.7294,1.9958,0.11947,-0.048759,0.085693,8.7751
3.7294,1.9958,0.11948,-0.048775,0.085686,8.7693
3.7295,1.9958,0.11948,-0.048789,0.08567,8.7697
3.7295,1.9958,0.11949,-0.048803,0.085647,8.7828
3.7296,1.9958,0.11949,-0.048813,0.08562,8.7722
3.7296,1.9958,0.1195,-0.048817,0.085594,8.7728
3.7297,1.9958,0.1195,-0.048819,0.085559,8.791
3.7297,1.9958,0.11951,-0.048822,0.085532,8.7879
3.7298,1.9958,0.11951,-0.048825,0.085517,8.7844
3.7298,1.9958,0.11951,-0.048826,0.085503,8.7963
3.7299,1.9958,0.11952,-0.048827,0.085502,8.7877
3.7299,1.9958,0.11952,-0.048827,0.085509,8.7761
3.73,1.9958,0.11953,-0.048827,0.085531,8.784
3.7301,1.9958,0.11953,-0.048826,0.085561,8.7841
3.7301,1.9958,0.11954,-0.048823,0.085593,8.7638
3.7302,1.9958,0.11954,-0.048818,0.08562,8.7624
3.7302,1.9958,0.11955,-0.048814,0.085646,8.762
3.7303,1.9958,0.11955,-0.048812,0.085653,8.7585
3.7303,1.9958,0.11956,-0.048809,0.08565,8.7585
3.7304,1.9958,0.11956,-0.048806,0.085629,8.764
3.7304,1.9958,0.11956,-0.048804,0.085607,8.7452
3.7305,1.9957,0.11957,-0.048808,0.085587,8.7402
3.7305,1.9957,0.11957,-0.048821,0.085582,8.7522
3.7306,1.9957,0.11958,-0.048838,0.085571,8.746
3.7306,1.9957,0.11958,-0.048858,0.085575,8.7396
3.7307,1.9957,0.11959,-0.048871,0.085589,8.7593
3.7307,1.9957,0.11959,-0.048878,0.085607,8.7577
3.7308,1.9957,0.1196,-0.048881,0.085626,8.7508
3.7308,1.9957,0.1196,-0.048883,0.085645,8.7583
3.7309,1.9957,0.1196,-0.048886,0.085655,8.7626
3.7309,1.9957,0.11961,-0.048893,0.08566,8.7517
3.731,1.9957,0.11961,-0.048897,0.08565,8.7512
3.7311,1.9957,0.11962,-0.048893,0.085648,8.7506
3.7311,1.9957,0.11962,-0.048878,0.085644,8.7376
3.7312,1.9957,0.11963,-0.048861,0.085642,8.7311
3.7312,1.9957,0.11963,-0.048842,0.085648,8.7385
3.7313,1.9957,0.11964,-0.048821,0.085659,8.7363
3.7313,1.9957,0.11964,-0.048801,0.085664,8.7337
3.7314,1.9957,0.11965,-0.048786,0.085665,8.7419
3.7314,1.9957,0.11965,-0.048774,0.085652,8.7261
3.7315,1.9957,0.11965,-0.048762,0.085647,8.7161
3.7315,1.9957,0.11966,-0.048753,0.085639,8.7142
3.7316,1.9957,0.11966,-0.048742,0.08563,8.7106
3.7316,1.9957,0.11967,-0.048729,0.085618,8.6978
3.7317,1.9957,0.11967,-0.048711,0.085616,8.6987
3.7317,1.9957,0.11968,-0.048689,0.08561,8.7003
3.7318,1.9957,0.11968,-0.048665,0.085598,8.6888
3.7318,1.9957,0.11969,-0.048638,0.08559,8.6972
3.7319,1.9957,0.11969,-0.048613,0.085604,8.7047
3.7319,1.9957,0.1197,-0.048591,0.085629,8.694
3.732,1.9957,0.1197,-0.04857,0.085656,8.6888
3.7321,1.9957,0.1197,-0.048547,0.085688,8.6987
3.7321,1.9957,0.11971,-0.048523,0.08573,8.7007
3.7322,1.9957,0.11971,-0.0485,0.085755,8.6885
3.7322,1.9957,0.11972,-0.048477,0.085773,8.7029
3.7323,1.9957,0.11972,-0.048458,0.085801,8.7076
3.7323,1.9957,0.11973,-0.048447,0.085833,8.7016
3.7324,1.9957,0.11973,-0.048438,0.085868,8.7102
3.7324,1.9957,0.11974,-0.048429,0.085893,8.7174
3.7325,1.9957,0.11974,-0.048419,0.085921,8.7113
3.7325,1.9956,0.11974,-0.048408,0.085939,8.7125
3.7326,1.9956,0.11975,-0.048398,0.085933,8.7103
3.7326,1.9956,0.11975,-0.048389,0.085928,8.7056
3.7327,1.9956,0.11976,-0.048382,0.085935,8.6992
3.7327,1.9956,0.11976,-0.048375,0.085954,8.716
3.7328,1.9956,0.11977,-0.048369,0.085981,8.7066
3.7328,1.9956,0.11977,-0.048362,0.086,8.7015
3.7329,1.9956,0.11978,-0.048356,0.08601,8.7143
3.7329,1.9956,0.11978,-0.04835,0.086007,8.706
3.733,1.9956,0.11979,-0.048343,0.085994,8.6954
3.7331,1.9956,0.11979,-0.048337,0.085976,8.7003
3.7331,1.9956,0.11979,-0.04833,0.08596,8.7006
3.7332,1.9956,0.1198,-0.048324,0.085959,8.69
3.7332,1.9956,0.1198,-0.048318,0.085963,8.6972
3.7333,1.9956,0.11981,-0.048313,0.085966,8.7064
3.7333,1.9956,0.11981,-0.04831,0.085958,8.6974
3.7334,1.9956,0.11982,-0.048306,0.085954,8.7009
3.7334,1.9956,0.11982,-0.048303,0.085951,8.7152
3.7335,1.9956,0.11983,-0.048299,0.085942,8.7083
3.7335,1.9956,0.11983,-0.048295,0.085946,8.7056
3.7336,1.9956,0.11984,-0.048291,0.085977,8.7112
3.7336,1.9956,0.11984,-0.048287,0.086014,8.71
3.7337,1.9956,0.11984,-0.048283,0.086052,8.7068
3.7337,1.9956,0.11985,-0.048279,0.086085,8.7204
3.7338,1.9956,0.11985,-0.048278,0.086105,8.7264
3.7338,1.9956,0.11986,-0.048281,0.08611,8.7179
3.7339,1.9956,0.11986,-0.048284,0.086106,8.7251
3.7339,1.9956,0.11987,-0.048287,0.08611,8.7361
3.734,1.9956,0.11987,-0.04829,0.08614,8.724
3.7341,1.9956,0.11988,-0.048297,0.08618,8.7173
3.7341,1.9956,0.11988,-0.048303,0.086221,8.721
3.7342,1.9956,0.11989,-0.048309,0.086265,8.7109
3.7342,1.9956,0.11989,-0.04832,0.086293,8.7124
3.7343,1.9956,0.11989,-0.04833,0.086302,8.7185
3.7343,1.9956,0.1199,-0.048336,0.086293,8.7168
3.7344,1.9956,0.1199,-0.048337,0.086283,8.7163
3.7344,1.9956,0.11991,-0.048336,0.086273,8.7222
3.7345,1.9956,0.11991,-0.048335,0.086273,8.7171
3.7345,1.9956,0.11992,-0.048329,0.086269,8.7056
3.7346,1.9955,0.11992,-0.048329,0.086269,8.7114
3.7346,1.9955,0.11993,-0.048331,0.086281,8.7148
3.7347,1.9955,0.11993,-0.048332,0.086303,8.7053
3.7347,1.9955,0.11994,-0.048336,0.086328,8.7114
3.7348,1.9955,0.11994,-0.048337,0.086364,8.7175
3.7348,1.9955,0.11994,-0.048341,0.086399,8.7131
3.7349,1.9955,0.11995,-0.048341,0.086438,8.7208
3.7349,1.9955,0.11995,-0.04834,0.086467,8.7335
3.735,1.9955,0.11996,-0.048343,0.086488,8.7254
3.7351,1.9955,0.11996,-0.04835,0.086512,8.7207
3.7351,1.9955,0.11997,-0.048356,0.086535,8.7275
3.7352,1.9955,0.11997,-0.048362,0.086557,8.7265
3.7352,1.9955,0.11998,-0.048363,0.086578,8.7174
3.7353,1.9955,0.11998,-0.048361,0.086594,8.7321
3.7353,1.9955,0.11999,-0.048352,0.086615,8.729
3.7354,1.9955,0.11999,-0.048339,0.08664,8.7252
3.7354,1.9955,0.11999,-0.048325,0.086667,8.7327
3.7355,1.9955,0.12,-0.048315,0.086694,8.7366
3.7355,1.9955,0.12,-0.048306,0.086716,8.7257
3.7356,1.9955,0.12001,-0.048295,0.086742,8.7368
3.7356,1.9955,0.12001,-0.048287,0.086767,8.7345
3.7357,1.9955,0.12002,-0.048284,0.086787,8.7221
3.7357,1.9955,0.12002,-0.048285,0.086813,8.7184
3.7358,1.9955,0.12003,-0.048287,0.086837,8.7258
3.7358,1.9955,0.12003,-0.048289,0.086858,8.7239
3.7359,1.9955,0.12004,-0.048289,0.086873,8.7269
3.7359,1.9955,0.12004,-0.048287,0.086885,8.7301
3.736,1.9955,0.12004,-0.04828,0.086898,8.7325
3.7361,1.9955,0.12005,-0.048276,0.086898,8.725
3.7361,1.9955,0.12005,-0.048277,0.086891,8.7311
3.7362,1.9955,0.12006,-0.048285,0.08688,8.7333
3.7362,1.9955,0.12006,-0.048296,0.086868,8.7196
3.7363,1.9955,0.12007,-0.048304,0.086861,8.7251
3.7363,1.9955,0.12007,-0.048307,0.086864,8.7185
3.7364,1.9955,0.12008,-0.048307,0.086874,8.7122
3.7364,1.9955,0.12008,-0.048298,0.086875,8.714
3.7365,1.9955,0.12009,-0.048287,0.086867,8.7214
3.7365,1.9955,0.12009,-0.048282,0.086849,8.7093
3.7366,1.9955,0.12009,-0.04828,0.086827,8.703
3.7366,1.9954,0.1201,-0.048282,0.086806,8.703
3.7367,1.9954,0.1201,-0.048286,0.086791,8.6947
3.7367,1.9954,0.12011,-0.048288,0.086788,8.6829
3.7368,1.9954,0.12011,-0.048288,0.086789,8.69
3.7368,1.9954,0.12012,-0.048278,0.086789,8.6923
3.7369,1.9954,0.12012,-0.048261,0.086798,8.6795
3.7369,1.9954,0.12013,-0.048244,0.086799,8.6916
3.737,1.9954,0.12013,-0.048228,0.086787,8.6886
3.7371,1.9954,0.12014,-0.048218,0.086767,8.6773
3.7371,1.9954,0.12014,-0.048213,0.086747,8.6796
3.7372,1.9954,0.12015,-0.048216,0.08672,8.6813
3.7372,1.9954,0.12015,-0.048224,0.086692,8.6741
3.7373,1.9954,0.12015,-0.048234,0.086668,8.6707
3.7373,1.9954,0.12016,-0.048239,0.086654,8.6819
3.7374,1.9954,0.12016,-0.048243,0.086642,8.6745
3.7374,1.9954,0.12017,-0.048249,0.086627,8.6767
3.7375,1.9954,0.12017,-0.048255,0.086616,8.6817
3.7375,1.9954,0.12018,-0.048257,0.08661,8.6812
3.7376,1.9954,0.12018,-0.048259,0.086598,8.6749
3.7376,1.9954,0.12019,-0.048255,0.086585,8.6854
3.7377,1.9954,0.12019,-0.048249,0.086571,8.6827
3.7377,1.9954,0.1202,-0.048239,0.086554,8.6757
3.7378,1.9954,0.1202,-0.048229,0.086537,8.6827
3.7378,1.9954,0.1202,-0.048221,0.086518,8.6924
3.7379,1.9954,0.12021,-0.048217,0.086497,8.6872
3.7379,1.9954,0.12021,-0.048213,0.086475,8.6948
3.738,1.9954,0.12022,-0.048212,0.086447,8.7111
3.7381,1.9954,0.12022,-0.048209,0.086421,8.6998
3.7381,1.9954,0.12023,-0.048206,0.086401,8.6991
3.7382,1.9954,0.12023,-0.048202,0.086393,8.7071
3.7382,1.9954,0.12024,-0.048198,0.08639,8.6977
3.7383,1.9954,0.12024,-0.048191,0.086396,8.6898
3.7383,1.9954,0.12025,-0.048184,0.086403,8.7042
3.7384,1.9954,0.12025,-0.048176,0.086402,8.7017
3.7384,1.9954,0.12025,-0.048168,0.086394,8.6931
3.7385,1.9954,0.12026,-0.048161,0.086382,8.702
3.7385,1.9954,0.12026,-0.048154,0.086367,8.7062
3.7386,1.9954,0.12027,-0.048142,0.086351,8.7017
3.7386,1.9954,0.12027,-0.048123,0.086331,8.7019
3.7387,1.9954,0.12028,-0.0481,0.086301,8.7032
3.7387,1.9953,0.12028,-0.048076,0.08627,8.6942
3.7388,1.9953,0.12029,-0.048055,0.086224,8.6887
3.7388,1.9953,0.12029,-0.048034,0.086183,8.7016
3.7389,1.9953,0.1203,-0.048018,0.086149,8.7018
3.7389,1.9953,0.1203,-0.048005,0.086113,8.7028
3.739,1.9953,0.1203,-0.047992,0.086075,8.7148
3.7391,1.9953,0.12031,-0.047974,0.086038,8.7151
3.7391,1.9953,0.12031,-0.047952,0.085991,8.7169
3.7392,1.9953,0.12032,-0.047925,0.085944,8.73
3.7392,1.9953,0.12032,-0.047898,0.085895,8.7264
3.7393,1.9953,0.12033,-0.047872,0.085853,8.7218
3.7393,1.9953,0.12033,-0.047847,0.085822,8.7293
3.7394,1.9953,0.12034,-0.047829,0.085795,8.7331
3.7394,1.9953,0.12034,-0.047811,0.085777,8.728
3.7395,1.9953,0.12034,-0.047794,0.085767,8.7349
3.7395,1.9953,0.12035,-0.047778,0.085763,8.7432
3.7396,1.9953,0.12035,-0.04776,0.08576,8.7344
3.7396,1.9953,0.12036,-0.047747,0.085769,8.7334
3.7397,1.9953,0.12036,-0.047738,0.085773,8.7406
3.7397,1.9953,0.12037,-0.047723,0.085767,8.7344
3.7398,1.9953,0.12037,-0.047707,0.085762,8.7217
3.7398,1.9953,0.12038,-0.04769,0.085744,8.7304
3.7399,1.9953,0.12038,-0.047669,0.085719,8.7308
3.7399,1.9953,0.12039,-0.047648,0.085677,8.7227
3.74,1.9953,0.12039,-0.04763,0.085624,8.7333
3.7401,1.9953,0.12039,-0.047619,0.085566,8.7318
3.7401,1.9953,0.1204,-0.047609,0.085509,8.7228
3.7402,1.9953,0.1204,-0.047594,0.08545,8.7303
3.7402,1.9953,0.12041,-0.047577,0.085408,8.7386
3.7403,1.9953,0.12041,-0.047561,0.085375,8.7275
3.7403,1.9953,0.12042,-0.047543,0.085361,8.724
3.7404,1.9953,0.12042,-0.047529,0.085349,8.7299
3.7404,1.9953,0.12043,-0.047516,0.085336,8.7261
3.7405,1.9953,0.12043,-0.047498,0.08531,8.7286
3.7405,1.9953,0.12044,-0.047473,0.085286,8.7482
3.7406,1.9953,0.12044,-0.047439,0.085253,8.7482
3.7406,1.9953,0.12044,-0.047402,0.085215,8.7444
3.7407,1.9953,0.12045,-0.04736,0.085174,8.7641
3.7407,1.9953,0.12045,-0.04732,0.085132,8.7596
3.7408,1.9953,0.12046,-0.047284,0.085089,8.7485
3.7408,1.9952,0.12046,-0.047247,0.085052,8.7581
3.7409,1.9952,0.12047,-0.047207,0.085015,8.7605
3.7409,1.9952,0.12047,-0.047169,0.084986,8.754
3.741,1.9952,0.12048,-0.047134,0.084954,8.7584
3.7411,1.9952,0.12048,-0.047104,0.084924,8.7678
3.7411,1.9952,0.12048,-0.047076,0.084891,8.7558
3.7412,1.9952,0.12049,-0.047051,0.08485,8.7575
3.7412,1.9952,0.12049,-0.047025,0.084803,8.7678
3.7413,1.9952,0.1205,-0.047,0.084761,8.754
3.7413,1.9952,0.1205,-0.046976,0.084724,8.7506
3.7414,1.9952,0.12051,-0.046953,0.084696,8.7577
3.7414,1.9952,0.12051,-0.04693,0.084666,8.7525
3.7415,1.9952,0.12052,-0.046909,0.084647,8.7438
3.7415,1.9952,0.12052,-0.046888,0.084633,8.7505
3.7416,1.9952,0.12052,-0.046868,0.084621,8.7593
3.7416,1.9952,0.12053,-0.046849,0.084609,8.7562
3.7417,1.9952,0.12053,-0.046831,0.084604,8.7622
3.7417,1.9952,0.12054,-0.046811,0.084607,8.7662
3.7418,1.9952,0.12054,-0.046794,0.084604,8.7575
3.7418,1.9952,0.12055,-0.046783,0.084585,8.7504
3.7419,1.9952,0.12055,-0.046775,0.084555,8.7559
3.7419,1.9952,0.12056,-0.046769,0.084508,8.7592
3.742,1.9952,0.12056,-0.046762,0.08445,8.7634
3.7421,1.9952,0.12056,-0.046755,0.084384,8.7679
3.7421,1.9952,0.12057,-0.046744,0.084337,8.7764
3.7422,1.9952,0.12057,-0.04673,0.084295,8.7697
3.7422,1.9952,0.12058,-0.046716,0.084251,8.7776
3.7423,1.9952,0.12058,-0.046706,0.08421,8.7726
3.7423,1.9952,0.12059,-0.046696,0.08417,8.7607
3.7424,1.9952,0.12059,-0.046688,0.08413,8.7664
3.7424,1.9952,0.1206,-0.046683,0.084089,8.76
3.7425,1.9952,0.1206,-0.046678,0.084056,8.7506
3.7425,1.9952,0.1206,-0.046674,0.084039,8.7566
3.7426,1.9952,0.12061,-0.046671,0.084021,8.7651
3.7426,1.9952,0.12061,-0.046667,0.084003,8.752
3.7427,1.9952,0.12062,-0.046667,0.083976,8.7461
3.7427,1.9952,0.12062,-0.046661,0.083943,8.7607
3.7428,1.9952,0.12063,-0.046658,0.083917,8.7482
3.7428,1.9952,0.12063,-0.046648,0.083899,8.7393
3.7429,1.9952,0.12064,-0.046632,0.083891,8.7437
3.7429,1.9951,0.12064,-0.046605,0.083889,8.7467
3.743,1.9951,0.12064,-0.046576,0.083898,8.7318
3.7431,1.9951,0.12065,-0.046553,0.083908,8.7442
3.7431,1.9951,0.12065,-0.04654,0.083906,8.7446
3.7432,1.9951,0.12066,-0.046536,0.083901,8.7336
3.7432,1.9951,0.12066,-0.046552,0.083898,8.7402
3.7433,1.9951,0.12067,-0.046564,0.083907,8.7465
3.7433,1.9951,0.12067,-0.046573,0.083915,8.7375
3.7434,1.9951,0.12068,-0.04658,0.083925,8.7339
3.7434,1.9951,0.12068,-0.046586,0.083942,8.743
3.7435,1.9951,0.12068,-0.04658,0.08395,8.7311
3.7435,1.9951,0.12069,-0.046575,0.08393,8.7306
3.7436,1.9951,0.12069,-0.046571,0.083903,8.7433
3.7436,1.9951,0.1207,-0.046568,0.083873,8.7513
3.7437,1.9951,0.1207,-0.046551,0.083845,8.7389
3.7437,1.9951,0.12071,-0.046537,0.083828,8.7553
3.7438,1.9951,0.12071,-0.046528,0.083823,8.7601
3.7438,1.9951,0.12071,-0.046517,0.083834,8.7457
3.7439,1.9951,0.12072,-0.046512,0.083842,8.7492
3.7439,1.9951,0.12072,-0.046518,0.083825,8.7493
3.744,1.9951,0.12073,-0.046525,0.083805,8.7365
3.7441,1.9951,0.12073,-0.046532,0.083785,8.7407
3.7441,1.9951,0.12074,-0.046524,0.083769,8.7465
3.7442,1.9951,0.12074,-0.046523,0.083773,8.7417
3.7442,1.9951,0.12075,-0.046521,0.083797,8.7427
3.7443,1.9951,0.12075,-0.046519,0.083846,8.7542
3.7443,1.9951,0.12075,-0.04653,0.083896,8.7394
3.7444,1.9951,0.12076,-0.046542,0.083941,8.7347
3.7444,1.9951,0.12076,-0.046555,0.083979,8.7355
3.7445,1.9951,0.12077,-0.04657,0.084018,8.7365
3.7445,1.9951,0.12077,-0.046574,0.084054,8.7301
3.7446,1.9951,0.12078,-0.046585,0.084087,8.7413
3.7446,1.9951,0.12078,-0.046599,0.084117,8.7479
3.7447,1.9951,0.12079,-0.046611,0.084147,8.7445
3.7447,1.9951,0.12079,-0.046627,0.084169,8.7616
3.7448,1.9951,0.12079,-0.046648,0.084191,8.766
3.7448,1.9951,0.1208,-0.046675,0.084208,8.7587
3.7449,1.9951,0.1208,-0.046707,0.084232,8.7631
3.7449,1.9951,0.12081,-0.046736,0.084255,8.7758
3.745,1.9951,0.12081,-0.046761,0.084271,8.7687
3.7451,1.9951,0.12082,-0.046784,0.084279,8.7715
3.7451,1.995,0.12082,-0.046803,0.084278,8.7901
3.7452,1.995,0.12083,-0.046829,0.084269,8.794
3.7452,1.995,0.12083,-0.046861,0.084256,8.7856
3.7453,1.995,0.12083,-0.046902,0.084243,8.8006
3.7453,1.995,0.12084,-0.046952,0.084238,8.7963
3.7454,1.995,0.12084,-0.047008,0.084235,8.7841
3.7454,1.995,0.12085,-0.047067,0.084235,8.792
3.7455,1.995,0.12085,-0.047127,0.084238,8.7898
3.7455,1.995,0.12086,-0.047192,0.084244,8.7779
3.7456,1.995,0.12086,-0.04726,0.084252,8.7894
3.7456,1.995,0.12087,-0.047326,0.084263,8.788
3.7457,1.995,0.12087,-0.047391,0.084277,8.7804
3.7457,1.995,0.12087,-0.047463,0.084293,8.7831
3.7458,1.995,0.12088,-0.047538,0.084311,8.794
3.7458,1.995,0.12088,-0.047619,0.084332,8.7832
3.7459,1.995,0.12089,-0.047699,0.084351,8.7758
3.7459,1.995,0.12089,-0.047785,0.084375,8.7857
3.746,1.995,0.1209,-0.047872,0.084412,8.7807
3.7461,1.995,0.1209,-0.047954,0.084456,8.7733
3.7461,1.995,0.12091,-0.04803,0.084514,8.7849
3.7462,1.995,0.12091,-0.048108,0.08458,8.7883
3.7462,1.995,0.12091,-0.048185,0.084648,8.7766
3.7463,1.995,0.12092,-0.048263,0.084708,8.7811
3.7463,1.995,0.12092,-0.048337,0.084761,8.7841
3.7464,1.995,0.12093,-0.048419,0.084821,8.7776
3.7464,1.995,0.12093,-0.0485,0.084886,8.7779
3.7465,1.995,0.12094,-0.048579,0.084957,8.7801
3.7465,1.995,0.12094,-0.048657,0.085037,8.772
3.7466,1.995,0.12095,-0.048739,0.085126,8.769
3.7466,1.995,0.12095,-0.048824,0.085216,8.7794
3.7467,1.995,0.12095,-0.048911,0.085298,8.7744
3.7467,1.995,0.12096,-0.049,0.085378,8.7795
3.7468,1.995,0.12096,-0.049098,0.085458,8.7861
3.7468,1.995,0.12097,-0.049199,0.085526,8.7827
3.7469,1.995,0.12097,-0.0493,0.085597,8.7726
3.7469,1.995,0.12098,-0.049399,0.085675,8.7731
3.747,1.995,0.12098,-0.049497,0.085767,8.7735
3.7471,1.995,0.12099,-0.049594,0.085861,8.7627
3.7471,1.995,0.12099,-0.049688,0.085964,8.7673
3.7472,1.9949,0.12099,-0.04978,0.086071,8.7714
3.7472,1.9949,0.121,-0.049871,0.086176,8.7687
3.7473,1.9949,0.121,-0.049961,0.086274,8.7609
3.7473,1.9949,0.12101,-0.050049,0.086369,8.7759
3.7474,1.9949,0.12101,-0.050131,0.086467,8.7645
3.7474,1.9949,0.12102,-0.05021,0.086562,8.7609
3.7475,1.9949,0.12102,-0.050285,0.086652,8.7606
3.7475,1.9949,0.12103,-0.050353,0.086747,8.7591
3.7476,1.9949,0.12103,-0.050419,0.086842,8.7494
3.7476,1.9949,0.12104,-0.050489,0.086939,8.7554
3.7477,1.9949,0.12104,-0.05056,0.087037,8.7542
3.7477,1.9949,0.12105,-0.050636,0.087136,8.7464
3.7478,1.9949,0.12105,-0.050717,0.087236,8.7538
3.7478,1.9949,0.12105,-0.050798,0.087336,8.7516
3.7479,1.9949,0.12106,-0.050876,0.087437,8.736
3.7479,1.9949,0.12106,-0.050952,0.087539,8.7482
3.748,1.9949,0.12107,-0.051029,0.087641,8.7503
3.7481,1.9949,0.12107,-0.051109,0.087743,8.7359
3.7481,1.9949,0.12108,-0.051188,0.087845,8.7296
3.7482,1.9949,0.12108,-0.05127,0.087948,8.7376
3.7482,1.9949,0.12109,-0.051354,0.088052,8.7281
3.7483,1.9949,0.12109,-0.051435,0.088156,8.7246
3.7483,1.9949,0.1211,-0.051514,0.088261,8.7336
3.7484,1.9949,0.1211,-0.051592,0.088366,8.7318
3.7484,1.9949,0.12111,-0.051666,0.088471,8.7199
3.7485,1.9949,0.12111,-0.051742,0.088576,8.7258
3.7485,1.9949,0.12111,-0.051816,0.088682,8.7308
3.7486,1.9949,0.12112,-0.051895,0.088787,8.7159
3.7486,1.9949,0.12112,-0.051976,0.088892,8.7157
3.7487,1.9949,0.12113,-0.05206,0.088993,8.7263
3.7487,1.9949,0.12113,-0.052142,0.0891,8.7216
3.7488,1.9949,0.12114,-0.052227,0.089211,8.7261
3.7488,1.9949,0.12114,-0.052308,0.089326,8.7296
3.7489,1.9949,0.12115,-0.052388,0.089441,8.7266
3.7489,1.9949,0.12115,-0.052463,0.089556,8.7249
3.749,1.9949,0.12116,-0.052538,0.089669,8.7261
3.7491,1.9949,0.12116,-0.052611,0.089776,8.7238
3.7491,1.9948,0.12117,-0.052684,0.089877,8.7158
3.7492,1.9948,0.12117,-0.052756,0.089981,8.7246
3.7492,1.9948,0.12118,-0.052829,0.090084,8.7226
3.7493,1.9948,0.12118,-0.052902,0.090187,8.7124
3.7493,1.9948,0.12119,-0.052969,0.090289,8.7279
3.7494,1.9948,0.12119,-0.053038,0.090391,8.7322
3.7494,1.9948,0.12119,-0.053102,0.090492,8.7175
3.7495,1.9948,0.1212,-0.053163,0.090592,8.7156
3.7495,1.9948,0.1212,-0.053223,0.090691,8.7214
3.7496,1.9948,0.12121,-0.053279,0.09079,8.713
3.7496,1.9948,0.12121,-0.053331,0.090887,8.7045
3.7497,1.9948,0.12122,-0.053389,0.090984,8.7218
3.7497,1.9948,0.12122,-0.053447,0.091079,8.7205
3.7498,1.9948,0.12123,-0.053506,0.091174,8.7101
3.7498,1.9948,0.12123,-0.053572,0.091268,8.726
3.7499,1.9948,0.12124,-0.053628,0.091361,8.7302
3.7499,1.9948,0.12124,-0.053674,0.091453,8.72
3.75,1.9948,0.12125,-0.053707,0.091544,8.7245
3.7501,1.9948,0.12125,-0.053738,0.091634,8.7226
3.7501,1.9948,0.12126,-0.05377,0.091723,8.7112
3.7502,1.9948,0.12126,-0.053804,0.091811,8.7139
3.7502,1.9948,0.12127,-0.053841,0.091899,8.7261
3.7503,1.9948,0.12127,-0.053887,0.091985,8.7198
3.7503,1.9948,0.12128,-0.05392,0.09207,8.7232
3.7504,1.9948,0.12128,-0.053949,0.092155,8.7375
3.7504,1.9948,0.12129,-0.053974,0.092238,8.7299
3.7505,1.9948,0.12129,-0.054004,0.092321,8.7214
3.7505,1.9948,0.1213,-0.054043,0.092403,8.7308
3.7506,1.9948,0.1213,-0.054079,0.092484,8.7284
3.7506,1.9948,0.12131,-0.054111,0.092564,8.7275
3.7507,1.9948,0.12131,-0.054142,0.092644,8.7321
3.7507,1.9948,0.12132,-0.054164,0.092723,8.7312
3.7508,1.9948,0.12132,-0.054189,0.092801,8.7295
3.7508,1.9948,0.12133,-0.054215,0.092878,8.7384
3.7509,1.9948,0.12133,-0.054236,0.092954,8.7405
3.7509,1.9948,0.12133,-0.054251,0.09303,8.7259
3.751,1.9947,0.12134,-0.054245,0.093104,8.7299
3.7511,1.9947,0.12134,-0.054223,0.093178,8.7333
3.7511,1.9947,0.12135,-0.054187,0.093251,8.721
3.7512,1.9947,0.12135,-0.054152,0.093323,8.7116
3.7512,1.9947,0.12136,-0.054131,0.093394,8.7279
3.7513,1.9947,0.12136,-0.054111,0.093465,8.7175
3.7513,1.9947,0.12137,-0.054097,0.093534,8.7182
3.7514,1.9947,0.12137,-0.054097,0.093603,8.726
3.7514,1.9947,0.12138,-0.054104,0.093671,8.7262
3.7515,1.9947,0.12138,-0.054113,0.093738,8.718
3.7515,1.9947,0.12139,-0.054118,0.093804,8.7309
3.7516,1.9947,0.12139,-0.05413,0.093869,8.7315
3.7516,1.9947,0.1214,-0.054136,0.093934,8.7192
3.7517,1.9947,0.1214,-0.054128,0.093997,8.7275
3.7517,1.9947,0.12141,-0.054114,0.094056,8.733
3.7518,1.9947,0.12141,-0.054094,0.094117,8.7281
3.7518,1.9947,0.12142,-0.054068,0.094181,8.7339
3.7519,1.9947,0.12142,-0.054039,0.09426,8.7477
3.7519,1.9947,0.12143,-0.054009,0.094353,8.737
3.752,1.9947,0.12143,-0.053985,0.094456,8.7354
3.7521,1.9947,0.12144,-0.053964,0.094565,8.7366
3.7521,1.9947,0.12144,-0.053949,0.094677,8.7311
3.7522,1.9947,0.12145,-0.053935,0.094773,8.7272
3.7522,1.9947,0.12145,-0.05392,0.094858,8.7392
3.7523,1.9947,0.12146,-0.05391,0.09493,8.7363
3.7523,1.9947,0.12146,-0.053904,0.095004,8.7289
3.7524,1.9947,0.12147,-0.053906,0.095076,8.7361
3.7524,1.9947,0.12147,-0.05391,0.095148,8.7402
3.7525,1.9947,0.12148,-0.053916,0.095223,8.7314
3.7525,1.9947,0.12148,-0.053921,0.095301,8.7307
3.7526,1.9947,0.12149,-0.053918,0.095372,8.7323
3.7526,1.9947,0.12149,-0.053911,0.09544,8.723
3.7527,1.9947,0.1215,-0.053908,0.095505,8.7232
3.7527,1.9947,0.1215,-0.053902,0.095568,8.7355
3.7528,1.9947,0.12151,-0.053906,0.095628,8.7323
3.7528,1.9946,0.12151,-0.053919,0.095685,8.7335
3.7529,1.9946,0.12152,-0.053947,0.09574,8.7423
3.7529,1.9946,0.12152,-0.053979,0.095791,8.7414
3.753,1.9946,0.12153,-0.05401,0.095841,8.729
3.7531,1.9946,0.12153,-0.054036,0.095887,8.7352
3.7531,1.9946,0.12154,-0.054056,0.095931,8.7322
3.7532,1.9946,0.12154,-0.054053,0.095972,8.7154
3.7532,1.9946,0.12155,-0.054056,0.09601,8.7119
3.7533,1.9946,0.12155,-0.05406,0.096046,8.7252
3.7533,1.9946,0.12156,-0.054065,0.096079,8.7125
3.7534,1.9946,0.12156,-0.054076,0.09611,8.7155
3.7534,1.9946,0.12157,-0.054107,0.096138,8.7215
3.7535,1.9946,0.12157,-0.054147,0.096164,8.7102
3.7535,1.9946,0.12158,-0.054192,0.096188,8.7082
3.7536,1.9946,0.12158,-0.054238,0.096209,8.7164
3.7536,1.9946,0.12159,-0.054297,0.096227,8.7078
3.7537,1.9946,0.12159,-0.054348,0.096243,8.6955
3.7537,1.9946,0.1216,-0.054394,0.096257,8.7017
3.7538,1.9946,0.1216,-0.054447,0.096269,8.6985
3.7538,1.9946,0.12161,-0.0545,0.09626,8.6882
3.7539,1.9946,0.12161,-0.054546,0.09628,8.7031
3.7539,1.9946,0.12162,-0.054588,0.096318,8.704
3.754,1.9946,0.12163,-0.054629,0.096367,8.691
3.7541,1.9946,0.12163,-0.05468,0.096416,8.6999
3.7541,1.9946,0.12164,-0.054723,0.096458,8.7006
3.7542,1.9946,0.12164,-0.054772,0.09647,8.6922
3.7542,1.9946,0.12165,-0.054828,0.096483,8.6924
3.7543,1.9946,0.12165,-0.054879,0.096479,8.6952
3.7543,1.9946,0.12166,-0.05494,0.0965,8.691
3.7544,1.9946,0.12166,-0.055005,0.096521,8.6909
3.7544,1.9946,0.12167,-0.055083,0.096535,8.7026
3.7545,1.9946,0.12167,-0.055176,0.096535,8.7055
3.7545,1.9946,0.12168,-0.055264,0.096516,8.6991
3.7546,1.9946,0.12168,-0.055356,0.096472,8.7121
3.7546,1.9946,0.12169,-0.055451,0.09644,8.7118
3.7547,1.9945,0.12169,-0.055542,0.096407,8.7008
3.7547,1.9945,0.1217,-0.055631,0.096373,8.6998
3.7548,1.9945,0.1217,-0.055713,0.096337,8.712
3.7548,1.9945,0.12171,-0.055796,0.096296,8.7004
3.7549,1.9945,0.12171,-0.055878,0.096255,8.702
3.7549,1.9945,0.12172,-0.055961,0.096221,8.7185
3.755,1.9945,0.12172,-0.056056,0.096196,8.7126
3.7551,1.9945,0.12173,-0.056154,0.096182,8.7023
3.7551,1.9945,0.12173,-0.05624,0.096164,8.7105
3.7552,1.9945,0.12174,-0.056317,0.096181,8.6986
3.7552,1.9945,0.12174,-0.056393,0.096215,8.6959
3.7553,1.9945,0.12175,-0.056469,0.096247,8.7101
3.7553,1.9945,0.12175,-0.056556,0.096268,8.6988
3.7554,1.9945,0.12176,-0.056646,0.096282,8.685
3.7554,1.9945,0.12176,-0.056751,0.096263,8.6986
3.7555,1.9945,0.12177,-0.05685,0.096237,8.7114
3.7555,1.9945,0.12177,-0.056927,0.096236,8.71
3.7556,1.9945,0.12178,-0.056996,0.096289,8.7128
3.7556,1.9945,0.12178,-0.057072,0.096362,8.7173
3.7557,1.9945,0.12179,-0.057141,0.096441,8.7102
3.7557,1.9945,0.12179,-0.057221,0.096498,8.7193
3.7558,1.9945,0.1218,-0.057305,0.096529,8.7296
3.7558,1.9945,0.1218,-0.057407,0.096514,8.7224
3.7559,1.9945,0.12181,-0.057516,0.09649,8.7205
3.7559,1.9945,0.12181,-0.057613,0.096483,8.7401
3.756,1.9945,0.12182,-0.057709,0.096485,8.7472
3.7561,1.9945,0.12182,-0.057815,0.096485,8.7368
3.7561,1.9945,0.12183,-0.057909,0.096473,8.7459
3.7562,1.9945,0.12183,-0.057993,0.096482,8.7485
3.7562,1.9945,0.12184,-0.058084,0.096499,8.7426
3.7563,1.9945,0.12184,-0.058184,0.096524,8.7448
3.7563,1.9945,0.12185,-0.058284,0.096549,8.7518
3.7564,1.9945,0.12185,-0.058382,0.096562,8.7321
3.7564,1.9944,0.12186,-0.058479,0.096551,8.748
3.7565,1.9944,0.12186,-0.058586,0.096535,8.7563
3.7565,1.9944,0.12187,-0.058687,0.096525,8.7521
3.7566,1.9944,0.12187,-0.058778,0.096581,8.7507
3.7566,1.9944,0.12188,-0.058873,0.09664,8.7581
3.7567,1.9944,0.12188,-0.058964,0.096735,8.7529
3.7567,1.9944,0.12189,-0.059046,0.096825,8.7495
3.7568,1.9944,0.12189,-0.059142,0.096869,8.7566
3.7568,1.9944,0.1219,-0.059244,0.09688,8.7494
3.7569,1.9944,0.1219,-0.059356,0.096913,8.7402
3.7569,1.9944,0.12191,-0.059481,0.09696,8.7538
3.757,1.9944,0.12191,-0.059609,0.097005,8.7641
3.7571,1.9944,0.12192,-0.059743,0.097049,8.7596
3.7571,1.9944,0.12192,-0.059869,0.097099,8.7597
3.7572,1.9944,0.12193,-0.059985,0.097139,8.7742
3.7572,1.9944,0.12193,-0.060098,0.097159,8.7652
3.7573,1.9944,0.12194,-0.0602,0.097213,8.7623
3.7573,1.9944,0.12195,-0.060292,0.097287,8.7727
3.7574,1.9944,0.12195,-0.060391,0.097348,8.7677
3.7574,1.9944,0.12196,-0.060496,0.097367,8.7634
3.7575,1.9944,0.12196,-0.060614,0.097359,8.7728
3.7575,1.9944,0.12197,-0.060738,0.097302,8.7737
3.7576,1.9944,0.12197,-0.060859,0.097221,8.7632
3.7576,1.9944,0.12198,-0.06098,0.097129,8.7787
3.7577,1.9944,0.12198,-0.061092,0.097061,8.7743
3.7577,1.9944,0.12199,-0.061198,0.096985,8.7642
3.7578,1.9944,0.12199,-0.061312,0.096932,8.7671
3.7578,1.9944,0.122,-0.061433,0.096915,8.7741
3.7579,1.9944,0.122,-0.061564,0.096928,8.7577
3.7579,1.9944,0.12201,-0.0617,0.096994,8.7684
3.758,1.9944,0.12201,-0.061836,0.097074,8.7732
3.7581,1.9944,0.12202,-0.061969,0.097134,8.7621
3.7581,1.9943,0.12202,-0.062107,0.097174,8.7658
3.7582,1.9943,0.12203,-0.062246,0.097185,8.7808
3.7582,1.9943,0.12203,-0.062391,0.097211,8.7659
3.7583,1.9943,0.12204,-0.062538,0.097235,8.76
3.7583,1.9943,0.12204,-0.062672,0.097258,8.7729
3.7584,1.9943,0.12205,-0.062801,0.097296,8.765
3.7584,1.9943,0.12205,-0.062929,0.097328,8.7518
3.7585,1.9943,0.12206,-0.06306,0.097351,8.7663
3.7585,1.9943,0.12206,-0.06321,0.097374,8.7726
3.7586,1.9943,0.12207,-0.06337,0.097402,8.7662
3.7586,1.9943,0.12207,-0.063534,0.097421,8.7752
3.7587,1.9943,0.12208,-0.063694,0.097379,8.7879
3.7587,1.9943,0.12208,-0.063839,0.097311,8.776
3.7588,1.9943,0.12209,-0.063971,0.097248,8.7762
3.7588,1.9943,0.12209,-0.064087,0.097178,8.7809
3.7589,1.9943,0.1221,-0.064179,0.097142,8.7771
3.7589,1.9943,0.1221,-0.064269,0.097138,8.7656
3.759,1.9943,0.12211,-0.06435,0.097165,8.7803
3.7591,1.9943,0.12211,-0.06443,0.097196,8.7797
3.7591,1.9943,0.12212,-0.064519,0.097217,8.7661
3.7592,1.9943,0.12212,-0.064617,0.097246,8.778
3.7592,1.9943,0.12213,-0.064716,0.097289,8.7707
3.7593,1.9943,0.12213,-0.064816,0.097304,8.7663
3.7593,1.9943,0.12214,-0.064915,0.097331,8.7628
3.7594,1.9943,0.12214,-0.065032,0.097343,8.7628
3.7594,1.9943,0.12215,-0.06514,0.097315,8.7462
3.7595,1.9943,0.12216,-0.06525,0.09725,8.7484
3.7595,1.9943,0.12216,-0.065362,0.09718,8.7637
3.7596,1.9943,0.12217,-0.065462,0.097083,8.7491
3.7596,1.9942,0.12217,-0.065551,0.096981,8.7507
3.7597,1.9942,0.12218,-0.065621,0.096902,8.7614
3.7597,1.9942,0.12218,-0.065677,0.096857,8.7596
3.7598,1.9942,0.12219,-0.065718,0.096816,8.75
3.7598,1.9942,0.12219,-0.065757,0.096767,8.7585
3.7599,1.9942,0.1222,-0.065795,0.096725,8.7516
3.7599,1.9942,0.1222,-0.06584,0.096702,8.7438
3.76,1.9942,0.12221,-0.065885,0.096665,8.7623
3.7601,1.9942,0.12221,-0.065935,0.096632,8.7632
3.7601,1.9942,0.12222,-0.065976,0.09661,8.7546
3.7602,1.9942,0.12222,-0.06601,0.096579,8.7596
3.7602,1.9942,0.12223,-0.066031,0.096536,8.7677
3.7603,1.9942,0.12223,-0.066062,0.09649,8.7536
3.7603,1.9942,0.12224,-0.066088,0.096433,8.7572
3.7604,1.9942,0.12224,-0.066106,0.096373,8.7572
3.7604,1.9942,0.12225,-0.066115,0.096305,8.7571
3.7605,1.9942,0.12225,-0.066116,0.096229,8.7441
3.7605,1.9942,0.12226,-0.066116,0.096162,8.7565
3.7606,1.9942,0.12226,-0.066123,0.096094,8.7515
3.7606,1.9942,0.12227,-0.066137,0.096036,8.7495
3.7607,1.9942,0.12227,-0.06616,0.095977,8.7652
3.7607,1.9942,0.12228,-0.066169,0.095911,8.7589
3.7608,1.9942,0.12228,-0.066167,0.095842,8.7457
3.7608,1.9942,0.12229,-0.066166,0.095762,8.7469
3.7609,1.9942,0.12229,-0.066166,0.095673,8.754
3.7609,1.9942,0.1223,-0.066187,0.095589,8.7424
3.761,1.9942,0.1223,-0.06623,0.095507,8.7448
3.7611,1.9942,0.12231,-0.066301,0.09543,8.7551
3.7611,1.9942,0.12231,-0.066375,0.095346,8.7489
3.7612,1.9941,0.12232,-0.066432,0.09526,8.7467
3.7612,1.9941,0.12232,-0.06649,0.095171,8.7608
3.7613,1.9941,0.12233,-0.066538,0.095081,8.7544
3.7613,1.9941,0.12233,-0.066557,0.094989,8.7573
3.7614,1.9941,0.12234,-0.06656,0.094895,8.7656
3.7614,1.9941,0.12234,-0.066555,0.094799,8.767
3.7615,1.9941,0.12235,-0.066558,0.094702,8.7629
3.7615,1.9941,0.12235,-0.066565,0.094604,8.7726
3.7616,1.9941,0.12236,-0.066581,0.094504,8.7784
3.7616,1.9941,0.12236,-0.066612,0.094403,8.7795
3.7617,1.9941,0.12237,-0.066638,0.094304,8.7828
3.7617,1.9941,0.12237,-0.066642,0.094203,8.7935
3.7618,1.9941,0.12238,-0.066645,0.094093,8.78
3.7618,1.9941,0.12238,-0.066648,0.093971,8.7825
3.7619,1.9941,0.12239,-0.066656,0.093838,8.7864
3.7619,1.9941,0.12239,-0.066667,0.093692,8.7784
3.762,1.9941,0.1224,-0.066679,0.093537,8.7746
3.7621,1.9941,0.1224,-0.066688,0.093373,8.7833
3.7621,1.9941,0.12241,-0.066697,0.093218,8.7853
3.7622,1.9941,0.12241,-0.066696,0.093065,8.782
3.7622,1.9941,0.12242,-0.066699,0.092914,8.7999
3.7623,1.9941,0.12242,-0.066708,0.092761,8.7956
3.7623,1.9941,0.12243,-0.066711,0.092607,8.7876
3.7624,1.9941,0.12243,-0.066724,0.092448,8.7978
3.7624,1.9941,0.12244,-0.066739,0.092284,8.7881
3.7625,1.9941,0.12244,-0.066755,0.092111,8.7798
3.7625,1.9941,0.12245,-0.066771,0.091941,8.7818
3.7626,1.9941,0.12245,-0.066777,0.091769,8.7922
3.7626,1.9941,0.12246,-0.066779,0.091596,8.7915
3.7627,1.994,0.12246,-0.066781,0.091422,8.7912
3.7627,1.994,0.12246,-0.066772,0.091246,8.7962
3.7628,1.994,0.12247,-0.06677,0.09107,8.7943
3.7628,1.994,0.12247,-0.066766,0.090893,8.7888
3.7629,1.994,0.12248,-0.066766,0.090715,8.7912
3.7629,1.994,0.12248,-0.066764,0.090536,8.7835
3.763,1.994,0.12249,-0.066764,0.090358,8.7781
3.7631,1.994,0.12249,-0.06677,0.090179,8.7876
3.7631,1.994,0.1225,-0.06678,0.090001,8.7837
3.7632,1.994,0.1225,-0.066791,0.089824,8.7709
3.7632,1.994,0.12251,-0.0668,0.089647,8.7838
3.7633,1.994,0.12251,-0.066814,0.089471,8.7917
3.7633,1.994,0.12252,-0.066828,0.089295,8.7798
3.7634,1.994,0.12252,-0.066832,0.08912,8.7863
3.7634,1.994,0.12253,-0.066832,0.088946,8.7879
3.7635,1.994,0.12253,-0.066826,0.088773,8.774
3.7635,1.994,0.12254,-0.066818,0.088602,8.7672
3.7636,1.994,0.12254,-0.066814,0.088432,8.7759
3.7636,1.994,0.12254,-0.066808,0.088263,8.7815
3.7637,1.994,0.12255,-0.066803,0.088097,8.7738
3.7637,1.994,0.12255,-0.066798,0.087933,8.7761
3.7638,1.994,0.12256,-0.066793,0.087785,8.7771
3.7638,1.994,0.12256,-0.066781,0.087616,8.7676
3.7639,1.994,0.12257,-0.066779,0.087432,8.7763
3.7639,1.994,0.12257,-0.066786,0.087237,8.7771
3.764,1.994,0.12258,-0.066806,0.08704,8.7641
3.7641,1.994,0.12258,-0.066823,0.086845,8.7659
3.7641,1.994,0.12259,-0.066836,0.086676,8.7798
3.7642,1.9939,0.12259,-0.066846,0.086501,8.7685
3.7642,1.9939,0.1226,-0.066853,0.086335,8.7663
3.7643,1.9939,0.1226,-0.066851,0.086147,8.7775
3.7643,1.9939,0.1226,-0.066852,0.085955,8.7705
3.7644,1.9939,0.12261,-0.066849,0.085768,8.7644
3.7644,1.9939,0.12261,-0.066849,0.085593,8.7689
3.7645,1.9939,0.12262,-0.066852,0.085437,8.7633
3.7645,1.9939,0.12262,-0.06685,0.085308,8.7556
3.7646,1.9939,0.12263,-0.066848,0.085169,8.7598
3.7646,1.9939,0.12263,-0.066849,0.085034,8.7568
3.7647,1.9939,0.12264,-0.066853,0.084902,8.7442
3.7647,1.9939,0.12264,-0.066858,0.084774,8.751
3.7648,1.9939,0.12264,-0.066863,0.084649,8.755
3.7648,1.9939,0.12265,-0.066875,0.084528,8.7393
3.7649,1.9939,0.12265,-0.06689,0.084411,8.7421
3.7649,1.9939,0.12266,-0.066893,0.084297,8.7439
3.765,1.9939,0.12266,-0.066901,0.084186,8.7369
3.7651,1.9939,0.12267,-0.066923,0.084094,8.7314
3.7651,1.9939,0.12267,-0.066955,0.083979,8.7356
3.7652,1.9939,0.12268,-0.066984,0.083852,8.7309
3.7652,1.9939,0.12268,-0.067007,0.083725,8.7254
3.7653,1.9939,0.12268,-0.067014,0.08361,8.7383
3.7653,1.9939,0.12269,-0.067014,0.083507,8.7406
3.7654,1.9939,0.12269,-0.067001,0.083442,8.7334
3.7654,1.9939,0.1227,-0.066995,0.083391,8.742
3.7655,1.9939,0.1227,-0.067014,0.083322,8.7394
3.7655,1.9939,0.12271,-0.067041,0.083203,8.7296
3.7656,1.9939,0.12271,-0.067066,0.083063,8.7257
3.7656,1.9939,0.12272,-0.067099,0.082914,8.7324
3.7657,1.9938,0.12272,-0.067128,0.082786,8.7236
3.7657,1.9938,0.12272,-0.067156,0.082684,8.7284
3.7658,1.9938,0.12273,-0.067182,0.082632,8.7368
3.7658,1.9938,0.12273,-0.06721,0.082597,8.7286
3.7659,1.9938,0.12274,-0.067245,0.082551,8.7263
3.7659,1.9938,0.12274,-0.067282,0.082508,8.7333
3.766,1.9938,0.12275,-0.067308,0.082465,8.722
3.7661,1.9938,0.12275,-0.067343,0.082435,8.7118
3.7661,1.9938,0.12275,-0.067384,0.082387,8.7173
3.7662,1.9938,0.12276,-0.067419,0.082332,8.7125
3.7662,1.9938,0.12276,-0.067452,0.082272,8.6989
3.7663,1.9938,0.12277,-0.06749,0.082218,8.7141
3.7663,1.9938,0.12277,-0.067528,0.082183,8.7183
3.7664,1.9938,0.12278,-0.067575,0.082183,8.6999
3.7664,1.9938,0.12278,-0.067617,0.082198,8.7088
3.7665,1.9938,0.12278,-0.067663,0.082208,8.712
3.7665,1.9938,0.12279,-0.067714,0.08215,8.7026
3.7666,1.9938,0.12279,-0.067766,0.082085,8.6943
3.7666,1.9938,0.1228,-0.067824,0.08198,8.7131
3.7667,1.9938,0.1228,-0.06789,0.081875,8.7055
3.7667,1.9938,0.12281,-0.06795,0.081814,8.7065
3.7668,1.9938,0.12281,-0.068001,0.081792,8.7249
3.7668,1.9938,0.12281,-0.068043,0.081756,8.7218
3.7669,1.9938,0.12282,-0.068069,0.081703,8.7154
3.7669,1.9938,0.12282,-0.068089,0.08165,8.7271
3.767,1.9938,0.12283,-0.068105,0.081598,8.729
3.7671,1.9938,0.12283,-0.068132,0.081538,8.7164
3.7671,1.9938,0.12284,-0.068168,0.081486,8.7171
3.7672,1.9937,0.12284,-0.068212,0.081454,8.7319
3.7672,1.9937,0.12284,-0.06827,0.081387,8.7229
3.7673,1.9937,0.12285,-0.068336,0.081295,8.7224
3.7673,1.9937,0.12285,-0.068397,0.081211,8.7369
3.7674,1.9937,0.12286,-0.068457,0.081166,8.7324
3.7674,1.9937,0.12286,-0.068513,0.08115,8.7299
3.7675,1.9937,0.12287,-0.068565,0.081186,8.7449
3.7675,1.9937,0.12287,-0.068625,0.081257,8.7315
3.7676,1.9937,0.12287,-0.068708,0.081349,8.7313
3.7676,1.9937,0.12288,-0.068806,0.081428,8.7343
3.7677,1.9937,0.12288,-0.06891,0.081525,8.7351
3.7677,1.9937,0.12289,-0.069018,0.081608,8.7223
3.7678,1.9937,0.12289,-0.069117,0.081662,8.7309
3.7678,1.9937,0.1229,-0.069214,0.08169,8.74
3.7679,1.9937,0.1229,-0.069284,0.081664,8.7325
3.7679,1.9937,0.1229,-0.069347,0.081618,8.738
3.768,1.9937,0.12291,-0.069414,0.081587,8.7386
3.7681,1.9937,0.12291,-0.069445,0.081574,8.7328
3.7681,1.9937,0.12292,-0.069462,0.081587,8.7335
3.7682,1.9937,0.12292,-0.069477,0.081584,8.7358
3.7682,1.9937,0.12293,-0.069493,0.081583,8.7317
3.7683,1.9937,0.12293,-0.069538,0.08158,8.7303
3.7683,1.9937,0.12294,-0.06959,0.081559,8.7453
3.7684,1.9937,0.12294,-0.069654,0.08154,8.7549
3.7684,1.9937,0.12294,-0.069723,0.081526,8.7464
3.7685,1.9937,0.12295,-0.069763,0.08151,8.7546
3.7685,1.9937,0.12295,-0.069785,0.081485,8.7532
3.7686,1.9936,0.12296,-0.06979,0.081466,8.7445
3.7686,1.9936,0.12296,-0.069784,0.081505,8.7499
3.7687,1.9936,0.12297,-0.069774,0.081576,8.7608
3.7687,1.9936,0.12297,-0.069762,0.081647,8.7445
3.7688,1.9936,0.12297,-0.069753,0.08173,8.7488
3.7688,1.9936,0.12298,-0.069762,0.081782,8.755
3.7689,1.9936,0.12298,-0.069777,0.081804,8.7495
3.7689,1.9936,0.12299,-0.069805,0.081792,8.7421
3.769,1.9936,0.12299,-0.069835,0.081769,8.7509
3.7691,1.9936,0.123,-0.069855,0.081751,8.7493
3.7691,1.9936,0.123,-0.069864,0.081719,8.733
3.7692,1.9936,0.123,-0.069866,0.081667,8.7336
3.7692,1.9936,0.12301,-0.069862,0.081634,8.7296
3.7693,1.9936,0.12301,-0.069851,0.081582,8.7226
3.7693,1.9936,0.12302,-0.069823,0.081538,8.7294
3.7694,1.9936,0.12302,-0.069794,0.08153,8.7392
3.7694,1.9936,0.12303,-0.069749,0.081557,8.7309
3.7695,1.9936,0.12303,-0.069678,0.08159,8.7337
3.7695,1.9936,0.12303,-0.069597,0.081654,8.7446
3.7696,1.9936,0.12304,-0.069507,0.081726,8.7311
3.7696,1.9936,0.12304,-0.069419,0.08178,8.7192
3.7697,1.9936,0.12305,-0.069339,0.0818,8.7256
3.7697,1.9936,0.12305,-0.069272,0.081811,8.7141
3.7698,1.9936,0.12306,-0.069214,0.081835,8.7103
3.7698,1.9936,0.12306,-0.069162,0.081856,8.7234
3.7699,1.9936,0.12306,-0.069109,0.081856,8.7218
3.7699,1.9936,0.12307,-0.069058,0.081867,8.7126
3.77,1.9935,0.12307,-0.069001,0.081869,8.7216
3.7701,1.9935,0.12308,-0.068946,0.081853,8.7189
3.7701,1.9935,0.12308,-0.068892,0.081835,8.7112
3.7702,1.9935,0.12309,-0.068838,0.081819,8.7092
3.7702,1.9935,0.12309,-0.068777,0.081806,8.7126
3.7703,1.9935,0.12309,-0.06872,0.0818,8.6969
3.7703,1.9935,0.1231,-0.068671,0.081795,8.6952
3.7704,1.9935,0.1231,-0.068628,0.081796,8.7035
3.7704,1.9935,0.12311,-0.068587,0.081804,8.7018
3.7705,1.9935,0.12311,-0.068549,0.081801,8.694
3.7705,1.9935,0.12312,-0.068511,0.081795,8.6971
3.7706,1.9935,0.12312,-0.068464,0.081778,8.6915
3.7706,1.9935,0.12312,-0.068413,0.081757,8.6847
3.7707,1.9935,0.12313,-0.068369,0.081741,8.6908
3.7707,1.9935,0.12313,-0.068333,0.081723,8.6936
3.7708,1.9935,0.12314,-0.068298,0.081716,8.682
3.7708,1.9935,0.12314,-0.068266,0.081716,8.6917
3.7709,1.9935,0.12315,-0.068232,0.081709,8.7014
3.7709,1.9935,0.12315,-0.068194,0.081699,8.6943
3.771,1.9935,0.12315,-0.068144,0.081683,8.6997
3.7711,1.9935,0.12316,-0.068089,0.081671,8.7143
3.7711,1.9935,0.12316,-0.06804,0.081659,8.7085
3.7712,1.9935,0.12317,-0.067989,0.081648,8.7038
3.7712,1.9935,0.12317,-0.067939,0.081638,8.7122
3.7713,1.9935,0.12318,-0.067907,0.081628,8.7031
3.7713,1.9935,0.12318,-0.067882,0.081619,8.7036
3.7714,1.9935,0.12318,-0.067864,0.081611,8.7212
3.7714,1.9935,0.12319,-0.067841,0.0816,8.723
3.7715,1.9934,0.12319,-0.067806,0.081596,8.7156
3.7715,1.9934,0.1232,-0.067766,0.081597,8.7266
3.7716,1.9934,0.1232,-0.067724,0.081597,8.7198
3.7716,1.9934,0.12321,-0.067693,0.081602,8.7077
3.7717,1.9934,0.12321,-0.067685,0.081617,8.7125
3.7717,1.9934,0.12321,-0.067685,0.081637,8.7179
3.7718,1.9934,0.12322,-0.067692,0.081655,8.7098
3.7718,1.9934,0.12322,-0.067699,0.081667,8.7094
3.7719,1.9934,0.12323,-0.067704,0.081679,8.7225
3.7719,1.9934,0.12323,-0.067712,0.081683,8.7121
3.772,1.9934,0.12324,-0.067724,0.081677,8.7076
3.7721,1.9934,0.12324,-0.067741,0.081669,8.7186
3.7721,1.9934,0.12324,-0.067768,0.081667,8.7161
3.7722,1.9934,0.12325,-0.067792,0.081661,8.7143
3.7722,1.9934,0.12325,-0.067808,0.081664,8.7141
3.7723,1.9934,0.12326,-0.067825,0.081668,8.7146
3.7723,1.9934,0.12326,-0.067832,0.081679,8.7077
3.7724,1.9934,0.12327,-0.067833,0.081702,8.7157
3.7724,1.9934,0.12327,-0.067834,0.081728,8.7242
3.7725,1.9934,0.12327,-0.067841,0.081762,8.723
3.7725,1.9934,0.12328,-0.067859,0.081791,8.7248
3.7726,1.9934,0.12328,-0.067885,0.081816,8.7398
3.7726,1.9934,0.12329,-0.067917,0.081846,8.7328
3.7727,1.9934,0.12329,-0.067959,0.081878,8.7366
3.7727,1.9934,0.1233,-0.067999,0.081914,8.7487
3.7728,1.9934,0.1233,-0.06804,0.081952,8.743
3.7728,1.9934,0.1233,-0.068083,0.081981,8.7347
3.7729,1.9934,0.12331,-0.06813,0.082003,8.7475
3.7729,1.9933,0.12331,-0.068173,0.082019,8.752
3.773,1.9933,0.12332,-0.068214,0.082033,8.7484
3.7731,1.9933,0.12332,-0.068254,0.082049,8.7587
3.7731,1.9933,0.12333,-0.068295,0.08207,8.7628
3.7732,1.9933,0.12333,-0.068342,0.082092,8.7533
3.7732,1.9933,0.12334,-0.068386,0.082111,8.7528
3.7733,1.9933,0.12334,-0.068431,0.082127,8.7562
3.7733,1.9933,0.12334,-0.06848,0.082138,8.7431
3.7734,1.9933,0.12335,-0.068525,0.082155,8.7461
3.7734,1.9933,0.12335,-0.068574,0.082173,8.7544
3.7735,1.9933,0.12336,-0.068626,0.082193,8.7494
3.7735,1.9933,0.12336,-0.068681,0.082215,8.7482
3.7736,1.9933,0.12337,-0.068746,0.082238,8.7525
3.7736,1.9933,0.12337,-0.068811,0.082263,8.7443
3.7737,1.9933,0.12337,-0.068878,0.082289,8.7474
3.7737,1.9933,0.12338,-0.068946,0.082312,8.7559
3.7738,1.9933,0.12338,-0.06902,0.082344,8.7516
3.7738,1.9933,0.12339,-0.069088,0.082381,8.7407
3.7739,1.9933,0.12339,-0.069152,0.082422,8.7586
3.7739,1.9933,0.1234,-0.069211,0.082465,8.7639
3.774,1.9933,0.1234,-0.069273,0.082507,8.7552
3.7741,1.9933,0.1234,-0.069338,0.082548,8.7609
3.7741,1.9933,0.12341,-0.069407,0.082586,8.7789
3.7742,1.9933,0.12341,-0.069483,0.082618,8.769
3.7742,1.9933,0.12342,-0.069564,0.082656,8.7709
3.7743,1.9933,0.12342,-0.06964,0.082695,8.7743
3.7743,1.9933,0.12343,-0.069724,0.082735,8.7676
3.7744,1.9933,0.12343,-0.069809,0.082776,8.7665
3.7744,1.9932,0.12343,-0.069893,0.082818,8.7769
3.7745,1.9932,0.12344,-0.069981,0.082861,8.7771
3.7745,1.9932,0.12344,-0.070067,0.082904,8.7733
3.7746,1.9932,0.12345,-0.070143,0.082947,8.7814
3.7746,1.9932,0.12345,-0.070212,0.082987,8.7769
3.7747,1.9932,0.12346,-0.070286,0.083029,8.7687
3.7747,1.9932,0.12346,-0.070375,0.083079,8.7728
3.7748,1.9932,0.12347,-0.070473,0.083142,8.7689
3.7748,1.9932,0.12347,-0.070581,0.083213,8.7588
3.7749,1.9932,0.12347,-0.070698,0.083285,8.7647
3.7749,1.9932,0.12348,-0.070813,0.083353,8.7688
3.775,1.9932,0.12348,-0.07092,0.083412,8.761
3.7751,1.9932,0.12349,-0.071024,0.083455,8.7616
3.7751,1.9932,0.12349,-0.071132,0.083492,8.7728
3.7752,1.9932,0.1235,-0.071244,0.083525,8.7606
3.7752,1.9932,0.1235,-0.07136,0.083563,8.7607
3.7753,1.9932,0.1235,-0.071479,0.0836,8.7717
3.7753,1.9932,0.12351,-0.071598,0.083637,8.7654
3.7754,1.9932,0.12351,-0.071715,0.083674,8.7595
3.7754,1.9932,0.12352,-0.071829,0.083711,8.7717
3.7755,1.9932,0.12352,-0.071945,0.083747,8.7723
3.7755,1.9932,0.12353,-0.072057,0.083783,8.7647
3.7756,1.9932,0.12353,-0.072164,0.083818,8.7802
3.7756,1.9932,0.12354,-0.072263,0.083853,8.792
3.7757,1.9932,0.12354,-0.072358,0.083887,8.7759
3.7757,1.9932,0.12354,-0.072438,0.083921,8.7755
3.7758,1.9932,0.12355,-0.072505,0.083954,8.7787
3.7758,1.9931,0.12355,-0.072571,0.083986,8.7735
3.7759,1.9931,0.12356,-0.072633,0.084014,8.7595
3.7759,1.9931,0.12356,-0.072692,0.084047,8.7748
3.776,1.9931,0.12357,-0.072746,0.084084,8.774
3.7761,1.9931,0.12357,-0.072802,0.084122,8.7662
3.7761,1.9931,0.12358,-0.072859,0.084159,8.7769
3.7762,1.9931,0.12358,-0.072914,0.084194,8.7761
3.7762,1.9931,0.12358,-0.072969,0.084224,8.7675
3.7763,1.9931,0.12359,-0.073028,0.084248,8.7715
3.7763,1.9931,0.12359,-0.073082,0.084264,8.7747
3.7764,1.9931,0.1236,-0.07313,0.084283,8.7609
3.7764,1.9931,0.1236,-0.073175,0.084301,8.7628
3.7765,1.9931,0.12361,-0.07322,0.084318,8.7703
3.7765,1.9931,0.12361,-0.07326,0.084333,8.7609
3.7766,1.9931,0.12362,-0.073299,0.084346,8.7635
3.7766,1.9931,0.12362,-0.073338,0.084358,8.7736
3.7767,1.9931,0.12362,-0.073373,0.084369,8.7625
3.7767,1.9931,0.12363,-0.073409,0.084379,8.7559
3.7768,1.9931,0.12363,-0.073444,0.084383,8.7676
3.7768,1.9931,0.12364,-0.073481,0.084392,8.7614
3.7769,1.9931,0.12364,-0.073516,0.084405,8.7584
3.7769,1.9931,0.12365,-0.073545,0.084415,8.7617
3.777,1.9931,0.12365,-0.073566,0.08443,8.7633
3.7771,1.9931,0.12366,-0.073584,0.084447,8.7599
3.7771,1.9931,0.12366,-0.073595,0.084462,8.7694
3.7772,1.9931,0.12366,-0.073599,0.084471,8.7796
3.7772,1.993,0.12367,-0.073607,0.08447,8.766
3.7773,1.993,0.12367,-0.073618,0.084465,8.769
3.7773,1.993,0.12368,-0.073629,0.084456,8.7719
3.7774,1.993,0.12368,-0.07364,0.084446,8.7583
3.7774,1.993,0.12369,-0.073654,0.084448,8.7492
3.7775,1.993,0.12369,-0.07366,0.084459,8.7584
3.7775,1.993,0.1237,-0.073642,0.084477,8.7499
3.7776,1.993,0.1237,-0.073611,0.084502,8.754
3.7776,1.993,0.1237,-0.073573,0.084523,8.759
3.7777,1.993,0.12371,-0.07352,0.084529,8.7646
3.7777,1.993,0.12371,-0.073465,0.084523,8.756
3.7778,1.993,0.12372,-0.0734,0.084502,8.7614
3.7778,1.993,0.12372,-0.073347,0.084469,8.7567
3.7779,1.993,0.12373,-0.073279,0.084428,8.7479
3.7779,1.993,0.12373,-0.073206,0.084378,8.7439
3.778,1.993,0.12374,-0.073171,0.084338,8.7527
3.7781,1.993,0.12374,-0.073146,0.0843,8.746
3.7781,1.993,0.12374,-0.073128,0.084264,8.7506
3.7782,1.993,0.12375,-0.073119,0.084222,8.767
3.7782,1.993,0.12375,-0.073096,0.084181,8.7705
3.7783,1.993,0.12376,-0.073067,0.084145,8.7614
3.7783,1.993,0.12376,-0.073011,0.08411,8.7748
3.7784,1.993,0.12377,-0.072947,0.08407,8.7806
3.7784,1.993,0.12377,-0.072889,0.084031,8.7702
3.7785,1.993,0.12378,-0.07282,0.083986,8.7802
3.7785,1.9929,0.12378,-0.072747,0.083931,8.7875
3.7786,1.9929,0.12378,-0.072672,0.083863,8.786
3.7786,1.9929,0.12379,-0.072593,0.083791,8.7914
3.7787,1.9929,0.12379,-0.072514,0.083722,8.7983
3.7787,1.9929,0.1238,-0.072433,0.083652,8.7937
3.7788,1.9929,0.1238,-0.072349,0.083581,8.7924
3.7788,1.9929,0.12381,-0.072257,0.083508,8.8027
3.7789,1.9929,0.12381,-0.07216,0.083434,8.7931
3.7789,1.9929,0.12382,-0.072057,0.083359,8.7885
3.779,1.9929,0.12382,-0.071947,0.083282,8.7987
3.7791,1.9929,0.12382,-0.07183,0.083204,8.7943
3.7791,1.9929,0.12383,-0.071707,0.083125,8.7903
3.7792,1.9929,0.12383,-0.07158,0.083044,8.7946
3.7792,1.9929,0.12384,-0.071445,0.082962,8.7988
3.7793,1.9929,0.12384,-0.071299,0.08288,8.7885
3.7793,1.9929,0.12385,-0.071151,0.082796,8.789
3.7794,1.9929,0.12385,-0.071009,0.082712,8.793
3.7794,1.9929,0.12385,-0.070876,0.082627,8.7823
3.7795,1.9929,0.12386,-0.070756,0.082541,8.7816
3.7795,1.9929,0.12386,-0.070649,0.082454,8.7988
3.7796,1.9929,0.12387,-0.070554,0.082366,8.7947
3.7796,1.9929,0.12387,-0.070453,0.082277,8.7963
3.7797,1.9929,0.12388,-0.070346,0.082192,8.8078
3.7797,1.9929,0.12388,-0.070229,0.082095,8.8073
3.7798,1.9929,0.12388,-0.070106,0.081996,8.7972
3.7798,1.9929,0.12389,-0.069977,0.0819,8.8083
3.7799,1.9929,0.12389,-0.069843,0.081816,8.8064
3.7799,1.9928,0.1239,-0.069704,0.081736,8.7974
3.78,1.9928,0.1239,-0.069569,0.081665,8.8018
3.7801,1.9928,0.12391,-0.069434,0.081599,8.8015
3.7801,1.9928,0.12391,-0.069303,0.081533,8.7919
3.7802,1.9928,0.12391,-0.06917,0.081447,8.7915
3.7802,1.9928,0.12392,-0.069041,0.081353,8.8017
3.7803,1.9928,0.12392,-0.068914,0.081254,8.7898
3.7803,1.9928,0.12393,-0.068786,0.081153,8.7828
3.7804,1.9928,0.12393,-0.068651,0.081047,8.7861
3.7804,1.9928,0.12394,-0.06852,0.080945,8.7746
3.7805,1.9928,0.12394,-0.068389,0.080839,8.7639
3.7805,1.9928,0.12394,-0.068251,0.080737,8.7743
3.7806,1.9928,0.12395,-0.068119,0.080647,8.7682
3.7806,1.9928,0.12395,-0.067981,0.080563,8.7571
3.7807,1.9928,0.12396,-0.067843,0.080483,8.7624
3.7807,1.9928,0.12396,-0.067707,0.080399,8.7715
3.7808,1.9928,0.12397,-0.067573,0.080318,8.7599
3.7808,1.9928,0.12397,-0.067446,0.080233,8.7671
3.7809,1.9928,0.12397,-0.067322,0.08014,8.7606
3.7809,1.9928,0.12398,-0.067206,0.080046,8.747
3.781,1.9928,0.12398,-0.067094,0.079955,8.7553
3.7811,1.9928,0.12399,-0.066972,0.079859,8.7634
3.7811,1.9928,0.12399,-0.06685,0.079765,8.7493
3.7812,1.9928,0.124,-0.066725,0.079666,8.7558
3.7812,1.9928,0.124,-0.0666,0.079582,8.769
3.7813,1.9928,0.124,-0.06648,0.079504,8.7658
3.7813,1.9928,0.12401,-0.066364,0.079423,8.7617
3.7814,1.9928,0.12401,-0.066251,0.079348,8.7689
3.7814,1.9927,0.12402,-0.066135,0.079271,8.7649
3.7815,1.9927,0.12402,-0.06602,0.079188,8.7536
3.7815,1.9927,0.12402,-0.065909,0.079105,8.7569
3.7816,1.9927,0.12403,-0.06579,0.079018,8.7562
3.7816,1.9927,0.12403,-0.065671,0.078925,8.7422
3.7817,1.9927,0.12404,-0.065549,0.078821,8.7477
3.7817,1.9927,0.12404,-0.065425,0.078707,8.7509
3.7818,1.9927,0.12405,-0.065297,0.078596,8.7368
3.7818,1.9927,0.12405,-0.065169,0.078482,8.7362
3.7819,1.9927,0.12405,-0.065044,0.078375,8.7438
3.7819,1.9927,0.12406,-0.064921,0.07828,8.7308
3.782,1.9927,0.12406,-0.064793,0.078203,8.7231
3.7821,1.9927,0.12407,-0.064663,0.078138,8.7277
3.7821,1.9927,0.12407,-0.064532,0.07808,8.7286
3.7822,1.9927,0.12407,-0.064405,0.078022,8.7165
3.7822,1.9927,0.12408,-0.064282,0.07796,8.7334
3.7823,1.9927,0.12408,-0.064162,0.07788,8.7328
3.7823,1.9927,0.12409,-0.064042,0.077778,8.7284
3.7824,1.9927,0.12409,-0.063912,0.077665,8.7383
3.7824,1.9927,0.12409,-0.06378,0.07754,8.7363
3.7825,1.9927,0.1241,-0.063647,0.077417,8.7286
3.7825,1.9927,0.1241,-0.063513,0.077294,8.7295
3.7826,1.9927,0.12411,-0.063376,0.07717,8.7372
3.7826,1.9927,0.12411,-0.063248,0.077041,8.7256
3.7827,1.9927,0.12411,-0.063125,0.076915,8.724
3.7827,1.9927,0.12412,-0.063007,0.076788,8.7379
3.7828,1.9927,0.12412,-0.062894,0.076675,8.7374
3.7828,1.9927,0.12413,-0.062788,0.076582,8.725
3.7829,1.9927,0.12413,-0.062686,0.0765,8.7329
3.7829,1.9927,0.12413,-0.062586,0.076428,8.7351
3.783,1.9926,0.12414,-0.062482,0.076351,8.7236
3.7831,1.9926,0.12414,-0.062382,0.076266,8.7265
3.7831,1.9926,0.12415,-0.062283,0.076186,8.7303
3.7832,1.9926,0.12415,-0.06219,0.076108,8.715
3.7832,1.9926,0.12415,-0.0621,0.076037,8.719
3.7833,1.9926,0.12416,-0.062009,0.075986,8.7248
3.7833,1.9926,0.12416,-0.061929,0.075939,8.7173
3.7834,1.9926,0.12417,-0.061849,0.075912,8.72
3.7834,1.9926,0.12417,-0.061768,0.075888,8.7271
3.7835,1.9926,0.12417,-0.061688,0.07587,8.7193
3.7835,1.9926,0.12418,-0.061609,0.07584,8.7156
3.7836,1.9926,0.12418,-0.061535,0.075797,8.7238
3.7836,1.9926,0.12419,-0.061455,0.075733,8.7287
3.7837,1.9926,0.12419,-0.061378,0.075668,8.7177
3.7837,1.9926,0.12419,-0.061317,0.075602,8.7289
3.7838,1.9926,0.1242,-0.061259,0.075553,8.7378
3.7838,1.9926,0.1242,-0.061212,0.075509,8.7359
3.7839,1.9926,0.12421,-0.061168,0.075478,8.7421
3.7839,1.9926,0.12421,-0.061122,0.075448,8.746
3.784,1.9926,0.12421,-0.061082,0.075402,8.7398
3.7841,1.9926,0.12422,-0.061039,0.075352,8.743
3.7841,1.9926,0.12422,-0.060995,0.075296,8.7527
3.7842,1.9926,0.12423,-0.060953,0.075231,8.742
3.7842,1.9926,0.12423,-0.060915,0.075158,8.7455
3.7843,1.9926,0.12423,-0.060865,0.07508,8.7566
3.7843,1.9926,0.12424,-0.060806,0.074996,8.7475
3.7844,1.9926,0.12424,-0.060746,0.074923,8.7427
3.7844,1.9926,0.12425,-0.060698,0.074841,8.7571
3.7845,1.9926,0.12425,-0.06066,0.07477,8.7495
3.7845,1.9926,0.12425,-0.06064,0.074701,8.7399
3.7846,1.9926,0.12426,-0.06063,0.074644,8.7392
3.7846,1.9925,0.12426,-0.060622,0.074583,8.7391
3.7847,1.9925,0.12427,-0.060597,0.074521,8.7254
3.7847,1.9925,0.12427,-0.060556,0.074439,8.7294
3.7848,1.9925,0.12427,-0.060509,0.074361,8.7421
3.7848,1.9925,0.12428,-0.060455,0.074273,8.7308
3.7849,1.9925,0.12428,-0.060403,0.074178,8.7378
3.7849,1.9925,0.12429,-0.060364,0.074081,8.7496
3.785,1.9925,0.12429,-0.060335,0.073988,8.7347
3.7851,1.9925,0.12429,-0.060308,0.073893,8.7309
3.7851,1.9925,0.1243,-0.060284,0.073796,8.7368
3.7852,1.9925,0.1243,-0.060258,0.073695,8.7361
3.7852,1.9925,0.1243,-0.060237,0.073596,8.7369
3.7853,1.9925,0.12431,-0.060212,0.073499,8.7493
3.7853,1.9925,0.12431,-0.060187,0.073423,8.7561
3.7854,1.9925,0.12432,-0.060165,0.073356,8.7512
3.7854,1.9925,0.12432,-0.060145,0.073299,8.7622
3.7855,1.9925,0.12432,-0.060122,0.073251,8.7615
3.7855,1.9925,0.12433,-0.060099,0.073209,8.751
3.7856,1.9925,0.12433,-0.060081,0.073163,8.7586
3.7856,1.9925,0.12434,-0.060053,0.073115,8.7598
3.7857,1.9925,0.12434,-0.060024,0.073071,8.753
3.7857,1.9925,0.12434,-0.059988,0.073052,8.7554
3.7858,1.9925,0.12435,-0.059941,0.073037,8.7642
3.7858,1.9925,0.12435,-0.059884,0.073026,8.7586
3.7859,1.9925,0.12436,-0.059817,0.073001,8.7469
3.7859,1.9925,0.12436,-0.059745,0.072964,8.7596
3.786,1.9925,0.12436,-0.059675,0.07292,8.7474
3.7861,1.9925,0.12437,-0.059595,0.072875,8.7389
3.7861,1.9925,0.12437,-0.059526,0.07283,8.7403
3.7862,1.9925,0.12437,-0.059469,0.072791,8.7411
3.7862,1.9925,0.12438,-0.059434,0.072752,8.73
3.7863,1.9924,0.12438,-0.059407,0.072712,8.7307
3.7863,1.9924,0.12439,-0.059386,0.072656,8.737
3.7864,1.9924,0.12439,-0.059376,0.072599,8.7232
3.7864,1.9924,0.12439,-0.059359,0.072542,8.7193
3.7865,1.9924,0.1244,-0.059331,0.072492,8.7292
3.7865,1.9924,0.1244,-0.059303,0.072448,8.721
3.7866,1.9924,0.1244,-0.05928,0.072406,8.7182
3.7866,1.9924,0.12441,-0.059269,0.072365,8.7253
3.7867,1.9924,0.12441,-0.059257,0.072324,8.7199
3.7867,1.9924,0.12442,-0.059251,0.072283,8.7094
3.7868,1.9924,0.12442,-0.059255,0.072228,8.7217
3.7868,1.9924,0.12442,-0.059254,0.072164,8.7273
3.7869,1.9924,0.12443,-0.059251,0.072117,8.7155
3.7869,1.9924,0.12443,-0.059245,0.072069,8.7262
3.787,1.9924,0.12444,-0.059242,0.072019,8.7291
3.7871,1.9924,0.12444,-0.059235,0.071968,8.7154
3.7871,1.9924,0.12444,-0.059228,0.071915,8.7127
3.7872,1.9924,0.12445,-0.059222,0.071862,8.7161
3.7872,1.9924,0.12445,-0.059219,0.0718,8.7077
3.7873,1.9924,0.12445,-0.05922,0.071738,8.7062
3.7873,1.9924,0.12446,-0.059221,0.071679,8.7172
3.7874,1.9924,0.12446,-0.059223,0.071607,8.7074
3.7874,1.9924,0.12447,-0.059231,0.071522,8.7052
3.7875,1.9924,0.12447,-0.059236,0.071426,8.7118
3.7875,1.9924,0.12447,-0.059243,0.071317,8.705
3.7876,1.9924,0.12448,-0.059251,0.071201,8.7003
3.7876,1.9924,0.12448,-0.059259,0.071101,8.7028
3.7877,1.9924,0.12448,-0.059265,0.071011,8.7039
3.7877,1.9924,0.12449,-0.059278,0.070939,8.6983
3.7878,1.9924,0.12449,-0.059293,0.070883,8.7064
3.7878,1.9924,0.1245,-0.059311,0.070835,8.7166
3.7879,1.9924,0.1245,-0.05932,0.070791,8.7136
3.7879,1.9923,0.1245,-0.059304,0.070731,8.7191
3.788,1.9923,0.12451,-0.059268,0.070656,8.734
3.7881,1.9923,0.12451,-0.059215,0.070577,8.7279
3.7881,1.9923,0.12451,-0.059156,0.070494,8.7213
3.7882,1.9923,0.12452,-0.059107,0.070414,8.7278
3.7882,1.9923,0.12452,-0.059071,0.070325,8.7331
3.7883,1.9923,0.12453,-0.059047,0.070233,8.728
3.7883,1.9923,0.12453,-0.059014,0.070143,8.7415
3.7884,1.9923,0.12453,-0.058958,0.070048,8.7495
3.7884,1.9923,0.12454,-0.058891,0.069957,8.7433
3.7885,1.9923,0.12454,-0.058821,0.069873,8.7461
3.7885,1.9923,0.12454,-0.058756,0.069801,8.749
3.7886,1.9923,0.12455,-0.058704,0.069732,8.7444
3.7886,1.9923,0.12455,-0.058671,0.06966,8.7452
3.7887,1.9923,0.12455,-0.05865,0.069588,8.7449
3.7887,1.9923,0.12456,-0.058623,0.069517,8.7284
3.7888,1.9923,0.12456,-0.058589,0.069447,8.7302
3.7888,1.9923,0.12457,-0.058543,0.069378,8.737
3.7889,1.9923,0.12457,-0.058489,0.06931,8.732
3.7889,1.9923,0.12457,-0.058434,0.069242,8.7282
3.789,1.9923,0.12458,-0.058389,0.069176,8.7376
3.7891,1.9923,0.12458,-0.058344,0.069111,8.7343
3.7891,1.9923,0.12458,-0.058302,0.069047,8.7321
3.7892,1.9923,0.12459,-0.058262,0.068984,8.7385
3.7892,1.9923,0.12459,-0.058229,0.068922,8.7334
3.7893,1.9923,0.12459,-0.058193,0.068861,8.7289
3.7893,1.9923,0.1246,-0.058157,0.068801,8.741
3.7894,1.9923,0.1246,-0.058128,0.068743,8.7481
3.7894,1.9923,0.12461,-0.058103,0.068685,8.7435
3.7895,1.9923,0.12461,-0.058065,0.068628,8.7443
3.7895,1.9923,0.12461,-0.058017,0.068573,8.759
3.7896,1.9923,0.12462,-0.05797,0.068519,8.7438
3.7896,1.9923,0.12462,-0.057916,0.068466,8.7509
3.7897,1.9922,0.12462,-0.05787,0.068419,8.7608
3.7897,1.9922,0.12463,-0.057828,0.06837,8.7505
3.7898,1.9922,0.12463,-0.057799,0.068316,8.7452
3.7898,1.9922,0.12463,-0.057775,0.068247,8.7606
3.7899,1.9922,0.12464,-0.057758,0.068175,8.7576
3.7899,1.9922,0.12464,-0.057743,0.068093,8.7607
3.79,1.9922,0.12464,-0.057728,0.068004,8.7699
3.7901,1.9922,0.12465,-0.05771,0.067942,8.7767
3.7901,1.9922,0.12465,-0.057685,0.067874,8.7599
3.7902,1.9922,0.12466,-0.057655,0.067802,8.7639
3.7902,1.9922,0.12466,-0.057613,0.067728,8.7669
3.7903,1.9922,0.12466,-0.057565,0.067654,8.752
3.7903,1.9922,0.12467,-0.057525,0.067591,8.7505
3.7904,1.9922,0.12467,-0.057491,0.067531,8.7558
3.7904,1.9922,0.12467,-0.057466,0.067489,8.7531
3.7905,1.9922,0.12468,-0.057457,0.067474,8.7526
3.7905,1.9922,0.12468,-0.057442,0.067434,8.7622
3.7906,1.9922,0.12468,-0.057442,0.067387,8.7647
3.7906,1.9922,0.12469,-0.057436,0.067338,8.7614
3.7907,1.9922,0.12469,-0.05743,0.067293,8.766
3.7907,1.9922,0.12469,-0.057424,0.067246,8.7662
3.7908,1.9922,0.1247,-0.05741,0.067202,8.7617
3.7908,1.9922,0.1247,-0.057393,0.067167,8.7701
3.7909,1.9922,0.12471,-0.057367,0.067135,8.7802
3.7909,1.9922,0.12471,-0.057331,0.067097,8.7732
3.791,1.9922,0.12471,-0.057309,0.067073,8.786
3.7911,1.9922,0.12472,-0.057287,0.067052,8.7989
3.7911,1.9922,0.12472,-0.057269,0.06704,8.7885
3.7912,1.9922,0.12472,-0.05725,0.067017,8.7906
3.7912,1.9922,0.12473,-0.057224,0.067,8.7997
3.7913,1.9922,0.12473,-0.05719,0.06696,8.7927
3.7913,1.9922,0.12473,-0.057151,0.066898,8.7793
3.7914,1.9922,0.12474,-0.057111,0.066817,8.7904
3.7914,1.9921,0.12474,-0.057073,0.066737,8.7876
3.7915,1.9921,0.12474,-0.057028,0.066684,8.7821
3.7915,1.9921,0.12475,-0.056988,0.066625,8.7928
3.7916,1.9921,0.12475,-0.056946,0.066565,8.7967
3.7916,1.9921,0.12475,-0.056905,0.066526,8.7844
3.7917,1.9921,0.12476,-0.056859,0.066477,8.7914
3.7917,1.9921,0.12476,-0.056817,0.066456,8.7976
3.7918,1.9921,0.12477,-0.056773,0.066441,8.7853
3.7918,1.9921,0.12477,-0.056726,0.066418,8.7766
3.7919,1.9921,0.12477,-0.056682,0.066389,8.7892
3.7919,1.9921,0.12478,-0.05665,0.066293,8.7804
3.792,1.9921,0.12478,-0.056622,0.066155,8.7765
3.7921,1.9921,0.12478,-0.056597,0.065996,8.7886
3.7921,1.9921,0.12479,-0.056566,0.065824,8.786
3.7922,1.9921,0.12479,-0.056525,0.065665,8.777
3.7922,1.9921,0.12479,-0.056475,0.065542,8.7823
3.7923,1.9921,0.1248,-0.056425,0.06546,8.7834
3.7923,1.9921,0.1248,-0.056388,0.065433,8.7763
3.7924,1.9921,0.1248,-0.056358,0.065455,8.7737
3.7924,1.9921,0.12481,-0.056332,0.065537,8.7859
3.7925,1.9921,0.12481,-0.05631,0.065627,8.7761
3.7925,1.9921,0.12481,-0.056294,0.065702,8.7825
3.7926,1.9921,0.12482,-0.056274,0.065763,8.7887
3.7926,1.9921,0.12482,-0.056245,0.065808,8.7817
3.7927,1.9921,0.12482,-0.056214,0.065813,8.7835
3.7927,1.9921,0.12483,-0.056185,0.065806,8.7903
3.7928,1.9921,0.12483,-0.056157,0.06581,8.7784
3.7928,1.9921,0.12483,-0.056135,0.065829,8.7693
3.7929,1.9921,0.12484,-0.056121,0.065803,8.7795
3.7929,1.9921,0.12484,-0.056117,0.065787,8.7693
3.793,1.9921,0.12484,-0.056115,0.065807,8.7686
3.7931,1.9921,0.12485,-0.05611,0.065834,8.7716
3.7931,1.9921,0.12485,-0.056099,0.065866,8.7745
3.7932,1.992,0.12486,-0.056087,0.065939,8.7645
3.7932,1.992,0.12486,-0.056077,0.066031,8.7691
3.7933,1.992,0.12486,-0.056059,0.066096,8.7673
3.7933,1.992,0.12487,-0.056043,0.066091,8.7557
3.7934,1.992,0.12487,-0.05603,0.066029,8.7514
3.7934,1.992,0.12487,-0.056019,0.065937,8.7589
3.7935,1.992,0.12488,-0.05601,0.065858,8.7524
3.7935,1.992,0.12488,-0.056,0.065837,8.7562
3.7936,1.992,0.12488,-0.055996,0.065884,8.7651
3.7936,1.992,0.12489,-0.055991,0.065947,8.7617
3.7937,1.992,0.12489,-0.055973,0.065997,8.7517
3.7937,1.992,0.12489,-0.055954,0.065997,8.7635
3.7938,1.992,0.1249,-0.05593,0.065941,8.765
3.7938,1.992,0.1249,-0.055898,0.065847,8.7593
3.7939,1.992,0.1249,-0.055869,0.065746,8.7671
3.7939,1.992,0.12491,-0.055834,0.065681,8.7669
3.794,1.992,0.12491,-0.055802,0.065628,8.7593
3.7941,1.992,0.12491,-0.055768,0.065593,8.7657
3.7941,1.992,0.12492,-0.055732,0.065568,8.7745
3.7942,1.992,0.12492,-0.055701,0.065557,8.767
3.7942,1.992,0.12492,-0.055679,0.06556,8.7629
3.7943,1.992,0.12493,-0.055661,0.065575,8.7736
3.7943,1.992,0.12493,-0.055651,0.065588,8.7628
3.7944,1.992,0.12493,-0.055639,0.065617,8.7588
3.7944,1.992,0.12494,-0.055625,0.065642,8.7705
3.7945,1.992,0.12494,-0.055608,0.065673,8.7699
3.7945,1.992,0.12495,-0.055588,0.065699,8.7684
3.7946,1.992,0.12495,-0.055569,0.065738,8.7731
3.7946,1.992,0.12495,-0.055551,0.065782,8.7749
3.7947,1.992,0.12496,-0.055536,0.065839,8.7643
3.7947,1.992,0.12496,-0.055517,0.065883,8.7743
3.7948,1.992,0.12496,-0.055498,0.065944,8.7846
3.7948,1.992,0.12497,-0.055473,0.066014,8.7818
3.7949,1.992,0.12497,-0.055443,0.066105,8.778
3.7949,1.9919,0.12497,-0.055402,0.06621,8.7865
3.795,1.9919,0.12498,-0.055358,0.066338,8.787
3.7951,1.9919,0.12498,-0.055313,0.066476,8.7869
3.7951,1.9919,0.12498,-0.055268,0.066618,8.8056
3.7952,1.9919,0.12499,-0.055218,0.066753,8.8066
3.7952,1.9919,0.12499,-0.055173,0.066902,8.8012
3.7953,1.9919,0.12499,-0.055126,0.067037,8.8175
3.7953,1.9919,0.125,-0.055076,0.067176,8.8137
3.7954,1.9919,0.125,-0.055023,0.067307,8.8086
3.7954,1.9919,0.125,-0.054972,0.06744,8.8106
3.7955,1.9919,0.12501,-0.05492,0.067573,8.814
3.7955,1.9919,0.12501,-0.054863,0.067711,8.7986
3.7956,1.9919,0.12502,-0.054813,0.06785,8.8049
3.7956,1.9919,0.12502,-0.054764,0.067991,8.8152
3.7957,1.9919,0.12502,-0.054722,0.068107,8.8049
3.7957,1.9919,0.12503,-0.05469,0.068217,8.8065
3.7958,1.9919,0.12503,-0.054669,0.068319,8.8149
3.7958,1.9919,0.12503,-0.054665,0.068435,8.8058
3.7959,1.9919,0.12504,-0.054674,0.068558,8.7972
3.7959,1.9919,0.12504,-0.054685,0.068688,8.7939
3.796,1.9919,0.12504,-0.054717,0.068815,8.7998
3.7961,1.9919,0.12505,-0.054744,0.068951,8.7883
3.7961,1.9919,0.12505,-0.054761,0.069082,8.7915
3.7962,1.9919,0.12506,-0.05476,0.069234,8.8028
3.7962,1.9919,0.12506,-0.054754,0.069406,8.7937
3.7963,1.9919,0.12506,-0.054747,0.069587,8.8003
3.7963,1.9919,0.12507,-0.054731,0.069784,8.8034
3.7964,1.9919,0.12507,-0.054723,0.069986,8.7901
3.7964,1.9919,0.12507,-0.054729,0.070171,8.7939
3.7965,1.9919,0.12508,-0.054735,0.070355,8.8044
3.7965,1.9919,0.12508,-0.054731,0.070527,8.7937
3.7966,1.9919,0.12508,-0.054717,0.070699,8.7972
3.7966,1.9919,0.12509,-0.054702,0.070871,8.8064
3.7967,1.9919,0.12509,-0.054681,0.071038,8.8086
3.7967,1.9919,0.1251,-0.054651,0.071214,8.8064
3.7968,1.9918,0.1251,-0.05462,0.071406,8.8087
3.7968,1.9918,0.1251,-0.05459,0.071585,8.8084
3.7969,1.9918,0.12511,-0.054559,0.071763,8.7934
3.7969,1.9918,0.12511,-0.054519,0.071934,8.8006
3.797,1.9918,0.12511,-0.054483,0.072096,8.7994
3.7971,1.9918,0.12512,-0.054443,0.072261,8.7831
3.7971,1.9918,0.12512,-0.0544,0.072424,8.7869
3.7972,1.9918,0.12513,-0.054354,0.072586,8.793
3.7972,1.9918,0.12513,-0.054299,0.072761,8.7857
3.7973,1.9918,0.12513,-0.054247,0.072933,8.7829
3.7973,1.9918,0.12514,-0.054191,0.073107,8.7913
3.7974,1.9918,0.12514,-0.05413,0.073282,8.7795
3.7974,1.9918,0.12515,-0.054078,0.073454,8.7816
3.7975,1.9918,0.12515,-0.054022,0.073634,8.7828
3.7975,1.9918,0.12515,-0.053966,0.073823,8.7753
3.7976,1.9918,0.12516,-0.053913,0.074001,8.7637
3.7976,1.9918,0.12516,-0.053861,0.074192,8.7714
3.7977,1.9918,0.12516,-0.053805,0.074382,8.7717
3.7977,1.9918,0.12517,-0.053754,0.074567,8.7629
3.7978,1.9918,0.12517,-0.053713,0.074746,8.7685
3.7978,1.9918,0.12518,-0.053687,0.074916,8.7657
3.7979,1.9918,0.12518,-0.053675,0.075088,8.7541
3.7979,1.9918,0.12518,-0.053684,0.075261,8.7595
3.798,1.9918,0.12519,-0.053702,0.075421,8.7628
3.7981,1.9918,0.12519,-0.053718,0.075596,8.7516
3.7981,1.9918,0.1252,-0.053715,0.075768,8.7553
3.7982,1.9918,0.1252,-0.053691,0.07594,8.7649
3.7982,1.9918,0.1252,-0.053659,0.076112,8.763
3.7983,1.9918,0.12521,-0.053628,0.076284,8.757
3.7983,1.9918,0.12521,-0.053612,0.076456,8.7652
3.7984,1.9918,0.12522,-0.053619,0.076628,8.7586
3.7984,1.9918,0.12522,-0.053637,0.076799,8.7511
3.7985,1.9918,0.12522,-0.053655,0.076971,8.7529
3.7985,1.9918,0.12523,-0.053667,0.077141,8.7518
3.7986,1.9918,0.12523,-0.053663,0.077312,8.7403
3.7986,1.9917,0.12524,-0.053643,0.077481,8.7421
3.7987,1.9917,0.12524,-0.053627,0.07765,8.7448
3.7987,1.9917,0.12524,-0.053614,0.077815,8.7456
3.7988,1.9917,0.12525,-0.05362,0.077985,8.7432
3.7988,1.9917,0.12525,-0.053636,0.078154,8.7514
3.7989,1.9917,0.12526,-0.05366,0.078328,8.7367
3.7989,1.9917,0.12526,-0.053678,0.078507,8.7371
3.799,1.9917,0.12527,-0.053696,0.078694,8.7399
3.7991,1.9917,0.12527,-0.053705,0.078885,8.7333
3.7991,1.9917,0.12527,-0.053719,0.079079,8.725
3.7992,1.9917,0.12528,-0.053722,0.079273,8.741
3.7992,1.9917,0.12528,-0.053727,0.079467,8.7447
3.7993,1.9917,0.12529,-0.053725,0.079645,8.7316
3.7993,1.9917,0.12529,-0.053714,0.07981,8.7402
3.7994,1.9917,0.12529,-0.053684,0.079956,8.7439
3.7994,1.9917,0.1253,-0.053661,0.080093,8.7324
3.7995,1.9917,0.1253,-0.053649,0.080227,8.7348
3.7995,1.9917,0.12531,-0.053648,0.080366,8.7427
3.7996,1.9917,0.12531,-0.053657,0.08052,8.7287
3.7996,1.9917,0.12532,-0.053666,0.080679,8.7233
3.7997,1.9917,0.12532,-0.053675,0.080829,8.7434
3.7997,1.9917,0.12532,-0.053671,0.080974,8.7328
3.7998,1.9917,0.12533,-0.053662,0.081104,8.7331
3.7998,1.9917,0.12533,-0.053657,0.08122,8.741
3.7999,1.9917,0.12534,-0.053651,0.081328,8.7371
3.7999,1.9917,0.12534,-0.053649,0.081437,8.73
3.8,1.9917,0.12535,-0.053651,0.081539,8.7288
3.8001,1.9917,0.12535,-0.053667,0.081666,8.7317
3.8001,1.9917,0.12535,-0.053684,0.081809,8.7212
3.8002,1.9917,0.12536,-0.053708,0.081968,8.7243
3.8002,1.9917,0.12536,-0.053743,0.082128,8.7303
3.8003,1.9917,0.12537,-0.05378,0.082276,8.7277
3.8003,1.9917,0.12537,-0.053805,0.082409,8.7209
3.8004,1.9917,0.12538,-0.053817,0.082521,8.7375
3.8004,1.9917,0.12538,-0.053817,0.082604,8.7366
3.8005,1.9917,0.12538,-0.053815,0.082694,8.7323
3.8005,1.9916,0.12539,-0.053797,0.082778,8.7389
3.8006,1.9916,0.12539,-0.053786,0.082856,8.7356
3.8006,1.9916,0.1254,-0.05378,0.082927,8.729
3.8007,1.9916,0.1254,-0.053775,0.082993,8.7402
3.8007,1.9916,0.12541,-0.05377,0.083052,8.7411
3.8008,1.9916,0.12541,-0.053765,0.083105,8.7406
3.8008,1.9916,0.12542,-0.053756,0.083156,8.7506
3.8009,1.9916,0.12542,-0.053749,0.083199,8.7542
3.8009,1.9916,0.12542,-0.053739,0.083224,8.7424
3.801,1.9916,0.12543,-0.053737,0.083236,8.7454
3.8011,1.9916,0.12543,-0.053735,0.083238,8.7506
3.8011,1.9916,0.12544,-0.053737,0.083237,8.7392
3.8012,1.9916,0.12544,-0.053739,0.083217,8.7334
3.8012,1.9916,0.12545,-0.053741,0.08321,8.7387
3.8013,1.9916,0.12545,-0.053739,0.083222,8.7413
3.8013,1.9916,0.12545,-0.053739,0.083236,8.7358
3.8014,1.9916,0.12546,-0.053738,0.083242,8.7462
3.8014,1.9916,0.12546,-0.053742,0.083211,8.7453
3.8015,1.9916,0.12547,-0.053747,0.083188,8.7327
3.8015,1.9916,0.12547,-0.053757,0.08316,8.7395
3.8016,1.9916,0.12548,-0.053763,0.083115,8.7362
3.8016,1.9916,0.12548,-0.053772,0.083086,8.7243
3.8017,1.9916,0.12549,-0.053778,0.083055,8.7316
3.8017,1.9916,0.12549,-0.05378,0.083027,8.7423
3.8018,1.9916,0.12549,-0.053781,0.083008,8.7371
3.8018,1.9916,0.1255,-0.053774,0.082981,8.739
3.8019,1.9916,0.1255,-0.053761,0.083001,8.7592
3.8019,1.9916,0.12551,-0.053747,0.083041,8.7547
3.802,1.9916,0.12551,-0.053727,0.083112,8.752
3.8021,1.9916,0.12552,-0.053705,0.083188,8.7568
3.8021,1.9916,0.12552,-0.053684,0.083241,8.7547
3.8022,1.9916,0.12552,-0.053662,0.083253,8.7488
3.8022,1.9916,0.12553,-0.053644,0.083234,8.7609
3.8023,1.9916,0.12553,-0.053623,0.083178,8.7637
3.8023,1.9916,0.12554,-0.053609,0.083097,8.7597
3.8024,1.9915,0.12554,-0.053604,0.082994,8.7695
3.8024,1.9915,0.12555,-0.053605,0.082927,8.7736
3.8025,1.9915,0.12555,-0.053611,0.082884,8.7642
3.8025,1.9915,0.12556,-0.053623,0.082855,8.7578
3.8026,1.9915,0.12556,-0.053642,0.082805,8.7584
3.8026,1.9915,0.12556,-0.053665,0.082777,8.7497
3.8027,1.9915,0.12557,-0.053687,0.082762,8.7464
3.8027,1.9915,0.12557,-0.053705,0.082715,8.7586
3.8028,1.9915,0.12558,-0.053708,0.082628,8.7555
3.8028,1.9915,0.12558,-0.053701,0.082542,8.7591
3.8029,1.9915,0.12559,-0.053683,0.082444,8.7633
3.8029,1.9915,0.12559,-0.053659,0.082347,8.7608
3.803,1.9915,0.12559,-0.053635,0.082228,8.7445
3.8031,1.9915,0.1256,-0.05361,0.082113,8.7432
3.8031,1.9915,0.1256,-0.053587,0.081973,8.7396
3.8032,1.9915,0.12561,-0.053567,0.081768,8.7224
3.8032,1.9915,0.12561,-0.053543,0.081557,8.7271
3.8033,1.9915,0.12562,-0.05352,0.081373,8.7239
3.8033,1.9915,0.12562,-0.053491,0.081232,8.7195
3.8034,1.9915,0.12562,-0.053461,0.081154,8.7225
3.8034,1.9915,0.12563,-0.053431,0.081107,8.7351
3.8035,1.9915,0.12563,-0.053395,0.081053,8.7269
3.8035,1.9915,0.12564,-0.053366,0.080984,8.7229
3.8036,1.9915,0.12564,-0.053339,0.080924,8.734
3.8036,1.9915,0.12565,-0.053314,0.080891,8.7231
3.8037,1.9915,0.12565,-0.053289,0.080863,8.7127
3.8037,1.9915,0.12565,-0.05326,0.080829,8.7172
3.8038,1.9915,0.12566,-0.053238,0.080777,8.7184
3.8038,1.9915,0.12566,-0.053216,0.080713,8.7109
3.8039,1.9915,0.12567,-0.053192,0.08062,8.7138
3.8039,1.9915,0.12567,-0.053176,0.080515,8.7225
3.804,1.9915,0.12568,-0.053162,0.080436,8.7054
3.8041,1.9915,0.12568,-0.053153,0.080371,8.708
3.8041,1.9915,0.12568,-0.053149,0.080309,8.7086
3.8042,1.9915,0.12569,-0.053152,0.080253,8.6998
3.8042,1.9915,0.12569,-0.05316,0.080205,8.6942
3.8043,1.9914,0.1257,-0.053162,0.080175,8.7057
3.8043,1.9914,0.1257,-0.053164,0.080148,8.7003
3.8044,1.9914,0.12571,-0.053162,0.080117,8.6968
3.8044,1.9914,0.12571,-0.053159,0.080095,8.7103
3.8045,1.9914,0.12571,-0.053153,0.080084,8.7144
3.8045,1.9914,0.12572,-0.053147,0.080073,8.7036
3.8046,1.9914,0.12572,-0.053142,0.080058,8.7201
3.8046,1.9914,0.12573,-0.053132,0.080053,8.7185
3.8047,1.9914,0.12573,-0.05312,0.08006,8.7049
3.8047,1.9914,0.12573,-0.05311,0.080056,8.7081
3.8048,1.9914,0.12574,-0.053098,0.08007,8.7249
3.8048,1.9914,0.12574,-0.053088,0.080121,8.7217
3.8049,1.9914,0.12575,-0.05308,0.0802,8.7215
3.8049,1.9914,0.12575,-0.053073,0.080281,8.7384
3.805,1.9914,0.12576,-0.053064,0.080359,8.7279
3.8051,1.9914,0.12576,-0.053057,0.080434,8.7316
3.8051,1.9914,0.12576,-0.053056,0.080499,8.7431
3.8052,1.9914,0.12577,-0.053056,0.080519,8.7399
3.8052,1.9914,0.12577,-0.053058,0.080544,8.7336
3.8053,1.9914,0.12578,-0.053065,0.08059,8.7403
3.8053,1.9914,0.12578,-0.053076,0.080644,8.7437
3.8054,1.9914,0.12579,-0.053085,0.080691,8.732
3.8054,1.9914,0.12579,-0.05309,0.080728,8.7452
3.8055,1.9914,0.12579,-0.053096,0.080755,8.7563
3.8055,1.9914,0.1258,-0.05311,0.08078,8.7441
3.8056,1.9914,0.1258,-0.053114,0.080807,8.7391
3.8056,1.9914,0.12581,-0.053117,0.080848,8.7432
3.8057,1.9914,0.12581,-0.053119,0.08091,8.7307
3.8057,1.9914,0.12582,-0.053118,0.080992,8.7301
3.8058,1.9914,0.12582,-0.053105,0.081081,8.7446
3.8058,1.9914,0.12582,-0.053085,0.08118,8.7448
3.8059,1.9914,0.12583,-0.053067,0.081282,8.7508
3.8059,1.9914,0.12583,-0.053051,0.081393,8.7675
3.806,1.9914,0.12584,-0.053028,0.081512,8.7638
3.8061,1.9914,0.12584,-0.053013,0.08165,8.7554
3.8061,1.9913,0.12585,-0.053008,0.081772,8.7676
3.8062,1.9913,0.12585,-0.053002,0.081892,8.7695
3.8062,1.9913,0.12585,-0.052996,0.082018,8.757
3.8063,1.9913,0.12586,-0.052985,0.082133,8.7612
3.8063,1.9913,0.12586,-0.052978,0.082244,8.7628
3.8064,1.9913,0.12587,-0.052961,0.082352,8.7547
3.8064,1.9913,0.12587,-0.052933,0.082454,8.7593
3.8065,1.9913,0.12588,-0.052906,0.082572,8.7759
3.8065,1.9913,0.12588,-0.052875,0.082681,8.7653
3.8066,1.9913,0.12588,-0.052837,0.0828,8.7713
3.8066,1.9913,0.12589,-0.052798,0.082935,8.7747
3.8067,1.9913,0.12589,-0.052755,0.083078,8.7689
3.8067,1.9913,0.1259,-0.052726,0.083221,8.7631
3.8068,1.9913,0.1259,-0.052693,0.08336,8.7668
3.8068,1.9913,0.12591,-0.052662,0.083495,8.771
3.8069,1.9913,0.12591,-0.052641,0.083634,8.7508
3.8069,1.9913,0.12592,-0.052615,0.083788,8.7672
3.807,1.9913,0.12592,-0.052596,0.083944,8.7718
3.8071,1.9913,0.12592,-0.052589,0.0841,8.7574
3.8071,1.9913,0.12593,-0.052592,0.084265,8.7598
3.8072,1.9913,0.12593,-0.052605,0.084423,8.7682
3.8072,1.9913,0.12594,-0.052613,0.084585,8.7595
3.8073,1.9913,0.12594,-0.052622,0.084758,8.758
3.8073,1.9913,0.12595,-0.052627,0.08494,8.7703
3.8074,1.9913,0.12595,-0.052619,0.085133,8.7657
3.8074,1.9913,0.12596,-0.05261,0.085307,8.7684
3.8075,1.9913,0.12596,-0.052602,0.08547,8.7772
3.8075,1.9913,0.12596,-0.052591,0.085655,8.7843
3.8076,1.9913,0.12597,-0.052577,0.085837,8.7782
3.8076,1.9913,0.12597,-0.052567,0.086016,8.792
3.8077,1.9913,0.12598,-0.052566,0.086199,8.7907
3.8077,1.9913,0.12598,-0.052571,0.086378,8.7871
3.8078,1.9913,0.12599,-0.052584,0.086553,8.7869
3.8078,1.9913,0.12599,-0.052601,0.086709,8.7922
3.8079,1.9913,0.126,-0.052622,0.086875,8.7801
3.8079,1.9913,0.126,-0.05264,0.087066,8.7838
3.808,1.9912,0.12601,-0.05266,0.087249,8.7946
3.8081,1.9912,0.12601,-0.052682,0.08744,8.7914
3.8081,1.9912,0.12601,-0.052702,0.087642,8.7897
3.8082,1.9912,0.12602,-0.052722,0.087861,8.79
3.8082,1.9912,0.12602,-0.052738,0.088088,8.7817
3.8083,1.9912,0.12603,-0.052758,0.088323,8.7795
3.8083,1.9912,0.12603,-0.052771,0.088565,8.7834
3.8084,1.9912,0.12604,-0.052782,0.08881,8.7796
3.8084,1.9912,0.12604,-0.052797,0.089054,8.7711
3.8085,1.9912,0.12605,-0.052813,0.089302,8.7848
3.8085,1.9912,0.12605,-0.052829,0.089557,8.7816
3.8086,1.9912,0.12606,-0.052855,0.08982,8.7753
3.8086,1.9912,0.12606,-0.052879,0.09008,8.7806
3.8087,1.9912,0.12607,-0.052906,0.090344,8.7823
3.8087,1.9912,0.12607,-0.052926,0.090603,8.7733
3.8088,1.9912,0.12608,-0.052939,0.090862,8.7704
3.8088,1.9912,0.12608,-0.052948,0.091116,8.7816
3.8089,1.9912,0.12609,-0.05295,0.091366,8.7773
3.8089,1.9912,0.12609,-0.052952,0.091602,8.7743
3.809,1.9912,0.12609,-0.05296,0.091822,8.7896
3.8091,1.9912,0.1261,-0.052964,0.092026,8.7963
3.8091,1.9912,0.1261,-0.052973,0.092212,8.7805
3.8092,1.9912,0.12611,-0.05299,0.092384,8.793
3.8092,1.9912,0.12611,-0.05301,0.092556,8.7915
3.8093,1.9912,0.12612,-0.053037,0.092739,8.7814
3.8093,1.9912,0.12612,-0.053072,0.092954,8.7838
3.8094,1.9912,0.12613,-0.053112,0.093178,8.7842
3.8094,1.9912,0.12613,-0.053147,0.093412,8.7716
3.8095,1.9912,0.12614,-0.053169,0.093662,8.7709
3.8095,1.9912,0.12614,-0.053187,0.093901,8.7811
3.8096,1.9912,0.12615,-0.053202,0.094131,8.7663
3.8096,1.9912,0.12615,-0.053215,0.09435,8.7718
3.8097,1.9912,0.12616,-0.053231,0.09455,8.7796
3.8097,1.9912,0.12616,-0.053255,0.094762,8.7677
3.8098,1.9912,0.12617,-0.05328,0.094966,8.7627
3.8098,1.9912,0.12617,-0.053301,0.095178,8.7668
3.8099,1.9911,0.12618,-0.053316,0.095408,8.7627
3.8099,1.9911,0.12618,-0.053329,0.09563,8.7519
3.81,1.9911,0.12619,-0.053332,0.095841,8.7618
3.8101,1.9911,0.12619,-0.053336,0.096031,8.7711
3.8101,1.9911,0.1262,-0.053347,0.096197,8.767
3.8102,1.9911,0.1262,-0.053361,0.096357,8.7691
3.8102,1.9911,0.12621,-0.053374,0.096512,8.7752
3.8103,1.9911,0.12621,-0.053395,0.096674,8.7714
3.8103,1.9911,0.12622,-0.053423,0.09684,8.7707
3.8104,1.9911,0.12622,-0.053454,0.097006,8.7816
3.8104,1.9911,0.12623,-0.053482,0.097171,8.7776
3.8105,1.9911,0.12623,-0.053521,0.097333,8.7723
3.8105,1.9911,0.12624,-0.05356,0.097502,8.7882
3.8106,1.9911,0.12624,-0.053592,0.097663,8.786
3.8106,1.9911,0.12625,-0.053625,0.097817,8.7752
3.8107,1.9911,0.12625,-0.053665,0.097959,8.7907
3.8107,1.9911,0.12626,-0.053716,0.098089,8.7879
3.8108,1.9911,0.12627,-0.053772,0.098201,8.7751
3.8108,1.9911,0.12627,-0.053827,0.098314,8.7761
3.8109,1.9911,0.12628,-0.053878,0.098416,8.7778
3.8109,1.9911,0.12628,-0.053908,0.098561,8.7629
3.811,1.9911,0.12629,-0.053928,0.098732,8.766
3.8111,1.9911,0.12629,-0.053945,0.098908,8.7795
3.8111,1.9911,0.1263,-0.053966,0.099082,8.7698
3.8112,1.9911,0.1263,-0.053996,0.099257,8.7648
3.8112,1.9911,0.12631,-0.054036,0.099404,8.7722
3.8113,1.9911,0.12631,-0.054074,0.099534,8.764
3.8113,1.9911,0.12632,-0.054109,0.099654,8.7636
3.8114,1.9911,0.12632,-0.054138,0.099782,8.7718
3.8114,1.9911,0.12633,-0.054171,0.099858,8.772
3.8115,1.9911,0.12633,-0.054203,0.099902,8.7648
3.8115,1.9911,0.12634,-0.054245,0.099929,8.7821
3.8116,1.9911,0.12634,-0.054292,0.099959,8.794
3.8116,1.9911,0.12635,-0.054344,0.09998,8.7903
3.8117,1.9911,0.12635,-0.054396,0.10002,8.7959
3.8117,1.9911,0.12636,-0.054447,0.10009,8.811
3.8118,1.991,0.12636,-0.054498,0.10016,8.7967
3.8118,1.991,0.12637,-0.054551,0.10027,8.7993
3.8119,1.991,0.12638,-0.054597,0.10037,8.8002
3.8119,1.991,0.12638,-0.054647,0.10044,8.7989
3.812,1.991,0.12639,-0.054699,0.10054,8.7947
3.8121,1.991,0.12639,-0.054751,0.10066,8.8092
3.8121,1.991,0.1264,-0.054808,0.10081,8.8053
3.8122,1.991,0.1264,-0.054859,0.10095,8.7996
3.8122,1.991,0.12641,-0.054911,0.10109,8.809
3.8123,1.991,0.12641,-0.054958,0.10122,8.8071
3.8123,1.991,0.12642,-0.055,0.10124,8.7989
3.8124,1.991,0.12642,-0.055043,0.1011,8.8005
3.8124,1.991,0.12643,-0.055086,0.10095,8.7946
3.8125,1.991,0.12643,-0.055123,0.10081,8.7803
3.8125,1.991,0.12644,-0.055158,0.10073,8.7846
3.8126,1.991,0.12644,-0.055188,0.10071,8.7844
3.8126,1.991,0.12645,-0.055213,0.10073,8.7835
3.8127,1.991,0.12645,-0.055234,0.10078,8.7868
3.8127,1.991,0.12646,-0.05526,0.10085,8.793
3.8128,1.991,0.12647,-0.055287,0.10086,8.7853
3.8128,1.991,0.12647,-0.055317,0.10093,8.7876
3.8129,1.991,0.12648,-0.055345,0.10096,8.7883
3.8129,1.991,0.12648,-0.055374,0.10099,8.785
3.813,1.991,0.12649,-0.055405,0.10097,8.779
3.8131,1.991,0.12649,-0.055428,0.1009,8.7948
3.8131,1.991,0.1265,-0.055448,0.10085,8.8013
3.8132,1.991,0.1265,-0.055466,0.10081,8.7939
3.8132,1.991,0.12651,-0.05548,0.10075,8.807
3.8133,1.991,0.12651,-0.055492,0.10071,8.8109
3.8133,1.991,0.12652,-0.055495,0.1007,8.7997
3.8134,1.991,0.12652,-0.055486,0.10069,8.8078
3.8134,1.991,0.12653,-0.055475,0.10064,8.8065
3.8135,1.991,0.12653,-0.055457,0.10058,8.8006
3.8135,1.991,0.12654,-0.055441,0.10051,8.7911
3.8136,1.9909,0.12655,-0.055428,0.10043,8.8057
3.8136,1.9909,0.12655,-0.055424,0.10035,8.8022
3.8137,1.9909,0.12656,-0.055422,0.10031,8.7917
3.8137,1.9909,0.12656,-0.055419,0.10036,8.8019
3.8138,1.9909,0.12657,-0.055415,0.10045,8.7991
3.8138,1.9909,0.12657,-0.055413,0.10055,8.7939
3.8139,1.9909,0.12658,-0.055407,0.10067,8.7901
3.8139,1.9909,0.12658,-0.055404,0.10076,8.7896
3.814,1.9909,0.12659,-0.055402,0.10083,8.78
3.8141,1.9909,0.12659,-0.055396,0.10087,8.7784
3.8141,1.9909,0.1266,-0.055383,0.10091,8.7869
3.8142,1.9909,0.1266,-0.055368,0.10093,8.7715
3.8142,1.9909,0.12661,-0.055357,0.10092,8.7699
3.8143,1.9909,0.12661,-0.055344,0.1009,8.7788
3.8143,1.9909,0.12662,-0.055329,0.10088,8.7701
3.8144,1.9909,0.12662,-0.055319,0.10084,8.7649
3.8144,1.9909,0.12663,-0.055305,0.1008,8.771
3.8145,1.9909,0.12664,-0.055287,0.10072,8.773
3.8145,1.9909,0.12664,-0.055265,0.10068,8.7589
3.8146,1.9909,0.12665,-0.055247,0.10069,8.7805
3.8146,1.9909,0.12665,-0.055232,0.10073,8.7854
3.8147,1.9909,0.12666,-0.055213,0.10079,8.7784
3.8147,1.9909,0.12666,-0.055196,0.10084,8.7755
3.8148,1.9909,0.12667,-0.055181,0.10083,8.7888
3.8148,1.9909,0.12667,-0.05516,0.10076,8.7704
3.8149,1.9909,0.12668,-0.055139,0.10064,8.7717
3.8149,1.9909,0.12668,-0.055123,0.10052,8.7722
3.815,1.9909,0.12669,-0.055112,0.10043,8.7609
3.8151,1.9909,0.12669,-0.055098,0.10037,8.7508
3.8151,1.9909,0.1267,-0.05508,0.10036,8.753
3.8152,1.9909,0.1267,-0.055062,0.10035,8.7534
3.8152,1.9909,0.12671,-0.055043,0.10032,8.7402
3.8153,1.9909,0.12671,-0.055015,0.10028,8.7458
3.8153,1.9909,0.12672,-0.054987,0.10025,8.7457
3.8154,1.9908,0.12673,-0.054962,0.10029,8.7328
3.8154,1.9908,0.12673,-0.054932,0.10036,8.7371
3.8155,1.9908,0.12674,-0.054897,0.10046,8.729
3.8155,1.9908,0.12674,-0.054869,0.1006,8.7233
3.8156,1.9908,0.12675,-0.054846,0.10078,8.7222
3.8156,1.9908,0.12675,-0.054826,0.10094,8.725
3.8157,1.9908,0.12676,-0.054812,0.10107,8.7172
3.8157,1.9908,0.12676,-0.054804,0.10115,8.7235
3.8158,1.9908,0.12677,-0.054798,0.10122,8.7321
3.8158,1.9908,0.12677,-0.054789,0.10127,8.7252
3.8159,1.9908,0.12678,-0.054772,0.10133,8.7229
3.8159,1.9908,0.12678,-0.054752,0.10143,8.729
3.816,1.9908,0.12679,-0.054729,0.10158,8.7278
3.8161,1.9908,0.12679,-0.054701,0.10175,8.7173
3.8161,1.9908,0.1268,-0.054678,0.10194,8.7363
3.8162,1.9908,0.12681,-0.054651,0.10206,8.7383
3.8162,1.9908,0.12681,-0.054625,0.10217,8.7276
3.8163,1.9908,0.12682,-0.054594,0.10226,8.7439
3.8163,1.9908,0.12682,-0.054562,0.10231,8.7482
3.8164,1.9908,0.12683,-0.05453,0.10235,8.7372
3.8164,1.9908,0.12683,-0.054495,0.10235,8.7384
3.8165,1.9908,0.12684,-0.054466,0.1024,8.7383
3.8165,1.9908,0.12684,-0.054444,0.10244,8.7302
3.8166,1.9908,0.12685,-0.054423,0.10249,8.7186
3.8166,1.9908,0.12685,-0.054407,0.10257,8.731
3.8167,1.9908,0.12686,-0.054384,0.10261,8.7256
3.8167,1.9908,0.12686,-0.054372,0.10265,8.7131
3.8168,1.9908,0.12687,-0.054355,0.1027,8.736
3.8168,1.9908,0.12688,-0.054335,0.10273,8.7353
3.8169,1.9908,0.12688,-0.054319,0.10275,8.7211
3.8169,1.9908,0.12689,-0.054298,0.10275,8.7317
3.817,1.9908,0.12689,-0.054263,0.10277,8.7328
3.8171,1.9908,0.1269,-0.054217,0.10277,8.7208
3.8171,1.9908,0.1269,-0.054169,0.10276,8.7283
3.8172,1.9908,0.12691,-0.054129,0.10279,8.7356
3.8172,1.9907,0.12691,-0.054094,0.10282,8.735
3.8173,1.9907,0.12692,-0.05407,0.10286,8.7303
3.8173,1.9907,0.12692,-0.054064,0.10291,8.7535
3.8174,1.9907,0.12693,-0.054068,0.10297,8.7522
3.8174,1.9907,0.12693,-0.054073,0.10307,8.7502
3.8175,1.9907,0.12694,-0.054083,0.10317,8.7592
3.8175,1.9907,0.12695,-0.054094,0.10332,8.7587
3.8176,1.9907,0.12695,-0.054106,0.1035,8.7541
3.8176,1.9907,0.12696,-0.054109,0.10366,8.7584
3.8177,1.9907,0.12696,-0.054107,0.10382,8.7614
3.8177,1.9907,0.12697,-0.054107,0.10399,8.7548
3.8178,1.9907,0.12697,-0.054099,0.10416,8.763
3.8178,1.9907,0.12698,-0.054089,0.10435,8.768
3.8179,1.9907,0.12698,-0.054081,0.10456,8.7538
3.8179,1.9907,0.12699,-0.054063,0.10483,8.7546
3.818,1.9907,0.12699,-0.054048,0.10511,8.7573
3.8181,1.9907,0.127,-0.054037,0.10535,8.7421
3.8181,1.9907,0.12701,-0.054022,0.10558,8.7367
3.8182,1.9907,0.12701,-0.054009,0.10581,8.7401
3.8182,1.9907,0.12702,-0.053991,0.10603,8.7364
3.8183,1.9907,0.12702,-0.053981,0.10624,8.7319
3.8183,1.9907,0.12703,-0.053977,0.10644,8.7488
3.8184,1.9907,0.12703,-0.053972,0.10664,8.7463
3.8184,1.9907,0.12704,-0.053971,0.10682,8.7355
3.8185,1.9907,0.12705,-0.053978,0.10699,8.7381
3.8185,1.9907,0.12705,-0.053975,0.10716,8.7419
3.8186,1.9907,0.12706,-0.053977,0.10733,8.7377
3.8186,1.9907,0.12706,-0.053976,0.10751,8.7382
3.8187,1.9907,0.12707,-0.053976,0.10765,8.7513
3.8187,1.9907,0.12707,-0.053987,0.10777,8.7443
3.8188,1.9907,0.12708,-0.053996,0.10788,8.7522
3.8188,1.9907,0.12708,-0.054006,0.10797,8.7649
3.8189,1.9907,0.12709,-0.054011,0.10807,8.7636
3.8189,1.9907,0.1271,-0.054012,0.10819,8.7696
3.819,1.9907,0.1271,-0.054012,0.10833,8.7752
3.8191,1.9906,0.12711,-0.054011,0.1085,8.772
3.8191,1.9906,0.12711,-0.054014,0.10866,8.7625
3.8192,1.9906,0.12712,-0.054029,0.10883,8.7711
3.8192,1.9906,0.12712,-0.054037,0.10899,8.7724
3.8193,1.9906,0.12713,-0.054044,0.10913,8.7612
3.8193,1.9906,0.12714,-0.054035,0.10926,8.7658
3.8194,1.9906,0.12714,-0.054022,0.10938,8.7752
3.8194,1.9906,0.12715,-0.054013,0.10947,8.7627
3.8195,1.9906,0.12715,-0.054006,0.10954,8.7635
3.8195,1.9906,0.12716,-0.054009,0.10961,8.7699
3.8196,1.9906,0.12717,-0.054021,0.10969,8.7475
3.8196,1.9906,0.12717,-0.054039,0.10978,8.7366
3.8197,1.9906,0.12718,-0.054056,0.10986,8.7346
3.8197,1.9906,0.12718,-0.054071,0.10996,8.7244
3.8198,1.9906,0.12719,-0.054088,0.11004,8.714
3.8198,1.9906,0.12719,-0.054108,0.11011,8.724
3.8199,1.9906,0.1272,-0.054131,0.11016,8.7226
3.8199,1.9906,0.12721,-0.054157,0.11021,8.7099
3.82,1.9906,0.12721,-0.054181,0.11025,8.7162
3.8201,1.9906,0.12722,-0.054198,0.11031,8.7186
3.8201,1.9906,0.12722,-0.054204,0.11036,8.7094
3.8202,1.9906,0.12723,-0.054206,0.11041,8.7098
3.8202,1.9906,0.12723,-0.054204,0.11046,8.7225
3.8203,1.9906,0.12724,-0.0542,0.1105,8.7133
3.8203,1.9906,0.12725,-0.054198,0.11053,8.7244
3.8204,1.9906,0.12725,-0.054207,0.11055,8.7341
3.8204,1.9906,0.12726,-0.05422,0.11057,8.7327
3.8205,1.9906,0.12726,-0.054238,0.11057,8.7243
3.8205,1.9906,0.12727,-0.054269,0.11057,8.731
3.8206,1.9906,0.12728,-0.054303,0.11056,8.7221
3.8206,1.9906,0.12728,-0.054331,0.11056,8.7115
3.8207,1.9906,0.12729,-0.054344,0.11058,8.7198
3.8207,1.9906,0.12729,-0.054351,0.1106,8.7149
3.8208,1.9906,0.1273,-0.054361,0.11062,8.7029
3.8208,1.9906,0.1273,-0.054376,0.11065,8.7096
3.8209,1.9906,0.12731,-0.054404,0.11062,8.7136
3.8209,1.9905,0.12732,-0.054444,0.11056,8.7027
3.821,1.9905,0.12732,-0.054483,0.11046,8.7044
3.8211,1.9905,0.12733,-0.054517,0.11036,8.7072
3.8211,1.9905,0.12733,-0.05454,0.11024,8.6954
3.8212,1.9905,0.12734,-0.054556,0.11014,8.6969
3.8212,1.9905,0.12735,-0.054578,0.11005,8.7023
3.8213,1.9905,0.12735,-0.054598,0.10996,8.6953
3.8213,1.9905,0.12736,-0.054621,0.10987,8.6916
3.8214,1.9905,0.12736,-0.054645,0.10982,8.7067
3.8214,1.9905,0.12737,-0.054667,0.10979,8.7092
3.8215,1.9905,0.12737,-0.054684,0.10978,8.7112
3.8215,1.9905,0.12738,-0.054693,0.10977,8.7219
3.8216,1.9905,0.12739,-0.0547,0.10975,8.7205
3.8216,1.9905,0.12739,-0.054712,0.10971,8.7116
3.8217,1.9905,0.1274,-0.054727,0.10961,8.7194
3.8217,1.9905,0.1274,-0.054741,0.10949,8.7299
3.8218,1.9905,0.12741,-0.054755,0.10929,8.7164
3.8218,1.9905,0.12741,-0.054771,0.10904,8.7229
3.8219,1.9905,0.12742,-0.05479,0.10877,8.7384
3.8219,1.9905,0.12743,-0.054813,0.10846,8.7413
3.822,1.9905,0.12743,-0.054843,0.10817,8.7283
3.8221,1.9905,0.12744,-0.054876,0.10791,8.7445
3.8221,1.9905,0.12744,-0.054918,0.10767,8.7371
3.8222,1.9905,0.12745,-0.054959,0.10745,8.7256
3.8222,1.9905,0.12745,-0.054996,0.10722,8.7321
3.8223,1.9905,0.12746,-0.055034,0.10704,8.7383
3.8223,1.9905,0.12747,-0.05507,0.10695,8.7285
3.8224,1.9905,0.12747,-0.055103,0.10684,8.7357
3.8224,1.9905,0.12748,-0.055131,0.10671,8.7402
3.8225,1.9905,0.12748,-0.055155,0.10655,8.731
3.8225,1.9905,0.12749,-0.055177,0.10631,8.7355
3.8226,1.9905,0.12749,-0.055192,0.10603,8.7439
3.8226,1.9905,0.1275,-0.055198,0.10572,8.7353
3.8227,1.9905,0.1275,-0.055199,0.10542,8.7426
3.8227,1.9904,0.12751,-0.055194,0.10521,8.7519
3.8228,1.9904,0.12752,-0.055187,0.10497,8.7451
3.8228,1.9904,0.12752,-0.055182,0.10473,8.742
3.8229,1.9904,0.12753,-0.055182,0.1045,8.7648
3.8229,1.9904,0.12753,-0.055183,0.10432,8.7675
3.823,1.9904,0.12754,-0.055189,0.10415,8.7621
3.8231,1.9904,0.12754,-0.055191,0.10402,8.7709
3.8231,1.9904,0.12755,-0.055195,0.10391,8.7682
3.8232,1.9904,0.12755,-0.055185,0.10385,8.7672
3.8232,1.9904,0.12756,-0.055174,0.1038,8.7698
3.8233,1.9904,0.12757,-0.05517,0.10371,8.7777
3.8233,1.9904,0.12757,-0.055174,0.1036,8.7688
3.8234,1.9904,0.12758,-0.055183,0.1035,8.7697
3.8234,1.9904,0.12758,-0.055197,0.10338,8.7811
3.8235,1.9904,0.12759,-0.055212,0.10325,8.7706
3.8235,1.9904,0.12759,-0.055223,0.1031,8.7683
3.8236,1.9904,0.1276,-0.055223,0.10296,8.7784
3.8236,1.9904,0.1276,-0.055223,0.10284,8.7702
3.8237,1.9904,0.12761,-0.055234,0.10266,8.7544
3.8237,1.9904,0.12761,-0.055244,0.10248,8.761
3.8238,1.9904,0.12762,-0.055254,0.10231,8.759
3.8238,1.9904,0.12762,-0.055261,0.10212,8.7491
3.8239,1.9904,0.12763,-0.055271,0.10196,8.7568
3.8239,1.9904,0.12764,-0.055278,0.10181,8.7635
3.824,1.9904,0.12764,-0.055285,0.10169,8.7624
3.8241,1.9904,0.12765,-0.055292,0.1016,8.7614
3.8241,1.9904,0.12765,-0.055304,0.10153,8.7685
3.8242,1.9904,0.12766,-0.055312,0.10149,8.7672
3.8242,1.9904,0.12766,-0.055315,0.10146,8.7686
3.8243,1.9904,0.12767,-0.055312,0.10144,8.7714
3.8243,1.9904,0.12767,-0.055299,0.10146,8.773
3.8244,1.9904,0.12768,-0.055277,0.10147,8.7709
3.8244,1.9904,0.12768,-0.055252,0.10153,8.7828
3.8245,1.9904,0.12769,-0.055223,0.10157,8.7899
3.8245,1.9904,0.12769,-0.055194,0.10156,8.7879
3.8246,1.9903,0.1277,-0.055166,0.10152,8.8003
3.8246,1.9903,0.1277,-0.055144,0.10148,8.79
3.8247,1.9903,0.12771,-0.055129,0.10146,8.7816
3.8247,1.9903,0.12772,-0.055113,0.10145,8.7881
3.8248,1.9903,0.12772,-0.055104,0.10149,8.7917
3.8248,1.9903,0.12773,-0.055102,0.10158,8.7825
3.8249,1.9903,0.12773,-0.055099,0.10168,8.7835
3.8249,1.9903,0.12774,-0.055094,0.10177,8.7937
3.825,1.9903,0.12774,-0.055087,0.10186,8.7851
3.8251,1.9903,0.12775,-0.055078,0.10195,8.7875
3.8251,1.9903,0.12775,-0.055064,0.10206,8.791
3.8252,1.9903,0.12776,-0.055044,0.10219,8.778
3.8252,1.9903,0.12776,-0.055026,0.10234,8.7748
3.8253,1.9903,0.12777,-0.055009,0.10249,8.7771
3.8253,1.9903,0.12777,-0.054994,0.1026,8.7789
3.8254,1.9903,0.12778,-0.054983,0.10272,8.7641
3.8254,1.9903,0.12779,-0.054974,0.10283,8.7761
3.8255,1.9903,0.12779,-0.05496,0.10291,8.7796
3.8255,1.9903,0.1278,-0.054939,0.10295,8.7692
3.8256,1.9903,0.1278,-0.054914,0.10298,8.7725
3.8256,1.9903,0.12781,-0.054888,0.10305,8.7811
3.8257,1.9903,0.12781,-0.054863,0.10317,8.7721
3.8257,1.9903,0.12782,-0.054841,0.1033,8.7755
3.8258,1.9903,0.12782,-0.054824,0.10345,8.7802
3.8258,1.9903,0.12783,-0.054815,0.1036,8.7706
3.8259,1.9903,0.12783,-0.054809,0.1037,8.7654
3.8259,1.9903,0.12784,-0.0548,0.10374,8.78
3.826,1.9903,0.12785,-0.054786,0.10374,8.7787
3.8261,1.9903,0.12785,-0.054766,0.10373,8.7759
3.8261,1.9903,0.12786,-0.054744,0.10377,8.7801
3.8262,1.9903,0.12786,-0.05472,0.10381,8.7867
3.8262,1.9903,0.12787,-0.054696,0.10388,8.7778
3.8263,1.9903,0.12787,-0.054678,0.10401,8.7757
3.8263,1.9903,0.12788,-0.054668,0.10415,8.7781
3.8264,1.9902,0.12788,-0.054661,0.10434,8.7582
3.8264,1.9902,0.12789,-0.054655,0.10451,8.762
3.8265,1.9902,0.12789,-0.054649,0.10468,8.7682
3.8265,1.9902,0.1279,-0.054643,0.10485,8.765
3.8266,1.9902,0.12791,-0.054636,0.10499,8.7564
3.8266,1.9902,0.12791,-0.054626,0.10517,8.768
3.8267,1.9902,0.12792,-0.05461,0.10536,8.7551
3.8267,1.9902,0.12792,-0.0546,0.10554,8.7464
3.8268,1.9902,0.12793,-0.054592,0.10576,8.7555
3.8268,1.9902,0.12793,-0.054584,0.10599,8.754
3.8269,1.9902,0.12794,-0.054577,0.10625,8.7449
3.8269,1.9902,0.12794,-0.054578,0.10652,8.7568
3.827,1.9902,0.12795,-0.054588,0.10682,8.7595
3.8271,1.9902,0.12796,-0.054605,0.10717,8.7547
3.8271,1.9902,0.12796,-0.054627,0.10749,8.7634
3.8272,1.9902,0.12797,-0.054651,0.10781,8.7771
3.8272,1.9902,0.12797,-0.054676,0.10814,8.7698
3.8273,1.9902,0.12798,-0.054691,0.10846,8.7783
3.8273,1.9902,0.12798,-0.054691,0.10879,8.7855
3.8274,1.9902,0.12799,-0.054684,0.10912,8.7746
3.8274,1.9902,0.128,-0.05467,0.10944,8.7687
3.8275,1.9902,0.128,-0.054658,0.1097,8.7717
3.8275,1.9902,0.12801,-0.05464,0.10994,8.7743
3.8276,1.9902,0.12801,-0.054622,0.11019,8.7674
3.8276,1.9902,0.12802,-0.054602,0.11045,8.775
3.8277,1.9902,0.12802,-0.054576,0.11072,8.7726
3.8277,1.9902,0.12803,-0.054549,0.11101,8.7618
3.8278,1.9902,0.12804,-0.054528,0.11129,8.7674
3.8278,1.9902,0.12804,-0.054511,0.11155,8.7669
3.8279,1.9902,0.12805,-0.054507,0.11175,8.7521
3.8279,1.9902,0.12805,-0.054502,0.11194,8.7503
3.828,1.9902,0.12806,-0.054502,0.11215,8.7653
3.8281,1.9902,0.12807,-0.054504,0.11236,8.7567
3.8281,1.9902,0.12807,-0.054507,0.11256,8.7621
3.8282,1.9902,0.12808,-0.054516,0.11274,8.7735
3.8282,1.9901,0.12808,-0.054531,0.11289,8.7715
3.8283,1.9901,0.12809,-0.054546,0.11305,8.78
3.8283,1.9901,0.1281,-0.05456,0.11319,8.791
3.8284,1.9901,0.1281,-0.054567,0.11333,8.7833
3.8284,1.9901,0.12811,-0.054564,0.11348,8.7798
3.8285,1.9901,0.12811,-0.054557,0.11367,8.7899
3.8285,1.9901,0.12812,-0.054542,0.11384,8.7997
3.8286,1.9901,0.12813,-0.054528,0.11397,8.7927
3.8286,1.9901,0.12813,-0.054514,0.11413,8.8015
3.8287,1.9901,0.12814,-0.05449,0.11433,8.8137
3.8287,1.9901,0.12814,-0.054467,0.11452,8.8019
3.8288,1.9901,0.12815,-0.054445,0.11473,8.8054
3.8288,1.9901,0.12816,-0.054429,0.11495,8.8093
3.8289,1.9901,0.12816,-0.054418,0.1152,8.8089
3.8289,1.9901,0.12817,-0.054411,0.1154,8.7969
3.829,1.9901,0.12817,-0.054407,0.11558,8.8101
3.8291,1.9901,0.12818,-0.054392,0.11577,8.8018
3.8291,1.9901,0.12819,-0.054362,0.11595,8.7938
3.8292,1.9901,0.12819,-0.054333,0.11613,8.8006
3.8292,1.9901,0.1282,-0.054307,0.11629,8.8022
3.8293,1.9901,0.1282,-0.054293,0.11645,8.8011
3.8293,1.9901,0.12821,-0.054285,0.1166,8.8029
3.8294,1.9901,0.12822,-0.05428,0.11671,8.7964
3.8294,1.9901,0.12822,-0.054276,0.11681,8.7832
3.8295,1.9901,0.12823,-0.054266,0.11688,8.7838
3.8295,1.9901,0.12824,-0.054253,0.11694,8.7885
3.8296,1.9901,0.12824,-0.05424,0.117,8.7815
3.8296,1.9901,0.12825,-0.054227,0.11704,8.7795
3.8297,1.9901,0.12825,-0.054217,0.1171,8.7917
3.8297,1.9901,0.12826,-0.054203,0.11714,8.7916
3.8298,1.9901,0.12827,-0.054187,0.11719,8.7823
3.8298,1.9901,0.12827,-0.054167,0.11722,8.7868
3.8299,1.9901,0.12828,-0.05415,0.11726,8.7886
3.8299,1.9901,0.12828,-0.054137,0.11728,8.777
3.83,1.9901,0.12829,-0.054128,0.11733,8.7854
3.8301,1.99,0.1283,-0.054124,0.1174,8.7922
3.8301,1.99,0.1283,-0.054127,0.11749,8.7909
3.8302,1.99,0.12831,-0.054124,0.11758,8.792
3.8302,1.99,0.12832,-0.05412,0.11768,8.8027
3.8303,1.99,0.12832,-0.054122,0.11777,8.8008
3.8303,1.99,0.12833,-0.05413,0.11785,8.8021
3.8304,1.99,0.12833,-0.05414,0.11789,8.7997
3.8304,1.99,0.12834,-0.054148,0.11795,8.7909
3.8305,1.99,0.12835,-0.054144,0.11799,8.7754
3.8305,1.99,0.12835,-0.054133,0.11803,8.7764
3.8306,1.99,0.12836,-0.054115,0.11804,8.7744
3.8306,1.99,0.12837,-0.054111,0.11807,8.768
3.8307,1.99,0.12837,-0.054117,0.11809,8.7795
3.8307,1.99,0.12838,-0.054131,0.11815,8.7734
3.8308,1.99,0.12838,-0.05415,0.11822,8.7558
3.8308,1.99,0.12839,-0.054173,0.1183,8.7628
3.8309,1.99,0.1284,-0.054193,0.11837,8.7595
3.8309,1.99,0.1284,-0.054217,0.11844,8.7444
3.831,1.99,0.12841,-0.054252,0.11848,8.7416
3.8311,1.99,0.12841,-0.0543,0.11857,8.7558
3.8311,1.99,0.12842,-0.05435,0.11867,8.7496
3.8312,1.99,0.12843,-0.054402,0.11876,8.7478
3.8312,1.99,0.12843,-0.054456,0.11884,8.7566
3.8313,1.99,0.12844,-0.054509,0.11895,8.7535
3.8313,1.99,0.12845,-0.05456,0.11902,8.7513
3.8314,1.99,0.12845,-0.054607,0.11909,8.7622
3.8314,1.99,0.12846,-0.054652,0.11913,8.7577
3.8315,1.99,0.12846,-0.054689,0.11917,8.7495
3.8315,1.99,0.12847,-0.054724,0.11917,8.7586
3.8316,1.99,0.12848,-0.054756,0.11912,8.7546
3.8316,1.99,0.12848,-0.054784,0.11904,8.7479
3.8317,1.99,0.12849,-0.054809,0.11902,8.7468
3.8317,1.99,0.1285,-0.054837,0.11905,8.7579
3.8318,1.99,0.1285,-0.054866,0.11914,8.7516
3.8318,1.99,0.12851,-0.054896,0.11926,8.7462
3.8319,1.9899,0.12852,-0.054926,0.1194,8.7511
3.8319,1.9899,0.12852,-0.054957,0.11949,8.7367
3.832,1.9899,0.12853,-0.054987,0.11952,8.7292
3.8321,1.9899,0.12853,-0.055014,0.11951,8.7403
3.8321,1.9899,0.12854,-0.055041,0.11951,8.7239
3.8322,1.9899,0.12855,-0.055068,0.1195,8.7146
3.8322,1.9899,0.12855,-0.055092,0.11952,8.7242
3.8323,1.9899,0.12856,-0.055111,0.11958,8.7208
3.8323,1.9899,0.12857,-0.05513,0.11965,8.7112
3.8324,1.9899,0.12857,-0.055143,0.11972,8.7177
3.8324,1.9899,0.12858,-0.055151,0.1198,8.7169
3.8325,1.9899,0.12858,-0.055153,0.11994,8.7072
3.8325,1.9899,0.12859,-0.055156,0.1201,8.7083
3.8326,1.9899,0.1286,-0.055164,0.12026,8.7123
3.8326,1.9899,0.1286,-0.055172,0.12043,8.7122
3.8327,1.9899,0.12861,-0.055184,0.1206,8.7203
3.8327,1.9899,0.12862,-0.055197,0.12075,8.7293
3.8328,1.9899,0.12862,-0.055209,0.12089,8.7275
3.8328,1.9899,0.12863,-0.055214,0.12101,8.7202
3.8329,1.9899,0.12864,-0.055212,0.12114,8.7295
3.8329,1.9899,0.12864,-0.055208,0.12128,8.7313
3.833,1.9899,0.12865,-0.055202,0.12142,8.7187
3.8331,1.9899,0.12865,-0.055194,0.12156,8.7262
3.8331,1.9899,0.12866,-0.0552,0.1217,8.7295
3.8332,1.9899,0.12867,-0.055216,0.12184,8.7227
3.8332,1.9899,0.12867,-0.055237,0.12198,8.7315
3.8333,1.9899,0.12868,-0.055267,0.12214,8.7397
3.8333,1.9899,0.12869,-0.055303,0.12229,8.7334
3.8334,1.9899,0.12869,-0.055339,0.12244,8.7315
3.8334,1.9899,0.1287,-0.055363,0.12261,8.7358
3.8335,1.9899,0.12871,-0.055382,0.12278,8.724
3.8335,1.9899,0.12871,-0.055404,0.12294,8.7166
3.8336,1.9899,0.12872,-0.055421,0.1231,8.717
3.8336,1.9899,0.12873,-0.055426,0.12325,8.7089
3.8337,1.9898,0.12873,-0.055437,0.12339,8.7064
3.8337,1.9898,0.12874,-0.055449,0.12353,8.7133
3.8338,1.9898,0.12874,-0.05546,0.12369,8.7114
3.8338,1.9898,0.12875,-0.055463,0.12384,8.7032
3.8339,1.9898,0.12876,-0.055468,0.12399,8.7136
3.8339,1.9898,0.12876,-0.055472,0.12412,8.7201
3.834,1.9898,0.12877,-0.055466,0.12425,8.7091
3.8341,1.9898,0.12878,-0.05545,0.12438,8.7132
3.8341,1.9898,0.12878,-0.055428,0.1245,8.7306
3.8342,1.9898,0.12879,-0.0554,0.12464,8.7237
3.8342,1.9898,0.1288,-0.055374,0.1248,8.7336
3.8343,1.9898,0.1288,-0.05536,0.12497,8.7494
3.8343,1.9898,0.12881,-0.055366,0.12515,8.7511
3.8344,1.9898,0.12882,-0.055388,0.12533,8.7467
3.8344,1.9898,0.12882,-0.05542,0.12551,8.754
3.8345,1.9898,0.12883,-0.055457,0.1257,8.7475
3.8345,1.9898,0.12884,-0.05549,0.12589,8.7409
3.8346,1.9898,0.12884,-0.055522,0.12607,8.745
3.8346,1.9898,0.12885,-0.055549,0.12625,8.742
3.8347,1.9898,0.12886,-0.055568,0.12642,8.7364
3.8347,1.9898,0.12886,-0.055582,0.12659,8.7432
3.8348,1.9898,0.12887,-0.055583,0.12676,8.7543
3.8348,1.9898,0.12888,-0.05558,0.12694,8.7401
3.8349,1.9898,0.12888,-0.055572,0.12711,8.7423
3.8349,1.9898,0.12889,-0.05556,0.12729,8.7408
3.835,1.9898,0.1289,-0.05555,0.12747,8.7325
3.8351,1.9898,0.1289,-0.055544,0.12765,8.7286
3.8351,1.9898,0.12891,-0.05554,0.12782,8.7354
3.8352,1.9898,0.12892,-0.055544,0.12799,8.7305
3.8352,1.9898,0.12892,-0.05555,0.12817,8.7277
3.8353,1.9898,0.12893,-0.055561,0.12834,8.735
3.8353,1.9898,0.12894,-0.055576,0.1285,8.7322
3.8354,1.9898,0.12894,-0.05559,0.12866,8.7291
3.8354,1.9898,0.12895,-0.055614,0.12882,8.7407
3.8355,1.9898,0.12896,-0.055643,0.12897,8.7419
3.8355,1.9897,0.12896,-0.055679,0.12913,8.7318
3.8356,1.9897,0.12897,-0.055715,0.12928,8.7352
3.8356,1.9897,0.12898,-0.055743,0.12943,8.7442
3.8357,1.9897,0.12898,-0.055759,0.12957,8.739
3.8357,1.9897,0.12899,-0.055768,0.12971,8.7411
3.8358,1.9897,0.129,-0.05577,0.12986,8.757
3.8358,1.9897,0.12901,-0.055781,0.13,8.7546
3.8359,1.9897,0.12901,-0.055793,0.13015,8.7503
3.8359,1.9897,0.12902,-0.055814,0.1303,8.7636
3.836,1.9897,0.12903,-0.055834,0.13044,8.7582
3.8361,1.9897,0.12903,-0.055849,0.13058,8.7482
3.8361,1.9897,0.12904,-0.055858,0.13072,8.7467
3.8362,1.9897,0.12905,-0.055862,0.13086,8.7445
3.8362,1.9897,0.12905,-0.055866,0.13099,8.7311
3.8363,1.9897,0.12906,-0.055877,0.13113,8.7372
3.8363,1.9897,0.12907,-0.055891,0.13126,8.7379
3.8364,1.9897,0.12907,-0.055914,0.13138,8.7278
3.8364,1.9897,0.12908,-0.05594,0.1315,8.7178
3.8365,1.9897,0.12909,-0.055962,0.13162,8.7248
3.8365,1.9897,0.12909,-0.05598,0.13173,8.7074
3.8366,1.9897,0.1291,-0.055994,0.13185,8.6988
3.8366,1.9897,0.12911,-0.056007,0.13197,8.703
3.8367,1.9897,0.12912,-0.056021,0.13209,8.6974
3.8367,1.9897,0.12912,-0.056037,0.1322,8.6873
3.8368,1.9897,0.12913,-0.056063,0.1323,8.6969
3.8368,1.9897,0.12914,-0.056097,0.1324,8.6998
3.8369,1.9897,0.12914,-0.056132,0.1325,8.6955
3.8369,1.9897,0.12915,-0.05616,0.1326,8.7037
3.837,1.9897,0.12916,-0.056179,0.13269,8.7119
3.8371,1.9897,0.12916,-0.056185,0.13278,8.7
3.8371,1.9897,0.12917,-0.056183,0.13286,8.7049
3.8372,1.9897,0.12918,-0.05617,0.13293,8.7083
3.8372,1.9897,0.12919,-0.056157,0.133,8.7036
3.8373,1.9896,0.12919,-0.056154,0.13307,8.7034
3.8373,1.9896,0.1292,-0.056157,0.13312,8.7152
3.8374,1.9896,0.12921,-0.056164,0.13317,8.7129
3.8374,1.9896,0.12921,-0.056175,0.13321,8.7065
3.8375,1.9896,0.12922,-0.05619,0.13326,8.7172
3.8375,1.9896,0.12923,-0.056209,0.13331,8.7053
3.8376,1.9896,0.12923,-0.056231,0.13335,8.7018
3.8376,1.9896,0.12924,-0.056252,0.13339,8.7036
3.8377,1.9896,0.12925,-0.056279,0.13343,8.6944
3.8377,1.9896,0.12926,-0.056303,0.13347,8.6759
3.8378,1.9896,0.12926,-0.056322,0.13351,8.6878
3.8378,1.9896,0.12927,-0.056335,0.13354,8.7
3.8379,1.9896,0.12928,-0.056349,0.13357,8.6952
3.8379,1.9896,0.12928,-0.05636,0.13362,8.7002
3.838,1.9896,0.12929,-0.056376,0.13365,8.7146
3.8381,1.9896,0.1293,-0.056398,0.13369,8.7007
3.8381,1.9896,0.1293,-0.056422,0.13377,8.6973
3.8382,1.9896,0.12931,-0.056438,0.13387,8.6992
3.8382,1.9896,0.12932,-0.05645,0.13395,8.6934
3.8383,1.9896,0.12933,-0.05646,0.13404,8.6903
3.8383,1.9896,0.12933,-0.056469,0.13414,8.7046
3.8384,1.9896,0.12934,-0.056481,0.13421,8.7181
3.8384,1.9896,0.12935,-0.056496,0.13424,8.7072
3.8385,1.9896,0.12935,-0.056518,0.13427,8.7052
3.8385,1.9896,0.12936,-0.056543,0.13432,8.7063
3.8386,1.9896,0.12937,-0.056575,0.13437,8.7031
3.8386,1.9896,0.12938,-0.056614,0.13439,8.7118
3.8387,1.9896,0.12938,-0.056655,0.13442,8.7133
3.8387,1.9896,0.12939,-0.056693,0.13445,8.7051
3.8388,1.9896,0.1294,-0.056731,0.13444,8.7036
3.8388,1.9896,0.1294,-0.056763,0.1344,8.7221
3.8389,1.9896,0.12941,-0.056789,0.13437,8.722
3.8389,1.9896,0.12942,-0.056813,0.13434,8.7183
3.839,1.9896,0.12943,-0.056843,0.1343,8.7258
3.8391,1.9895,0.12943,-0.056877,0.13426,8.7177
3.8391,1.9895,0.12944,-0.056915,0.13421,8.7139
3.8392,1.9895,0.12945,-0.056952,0.13417,8.7208
3.8392,1.9895,0.12945,-0.05699,0.13414,8.7126
3.8393,1.9895,0.12946,-0.057026,0.13411,8.7061
3.8393,1.9895,0.12947,-0.057054,0.13412,8.7171
3.8394,1.9895,0.12947,-0.057082,0.13414,8.724
3.8394,1.9895,0.12948,-0.057109,0.13418,8.7235
3.8395,1.9895,0.12949,-0.057135,0.13424,8.7241
3.8395,1.9895,0.1295,-0.057161,0.1343,8.7342
3.8396,1.9895,0.1295,-0.057183,0.13438,8.7256
3.8396,1.9895,0.12951,-0.0572,0.13445,8.7317
3.8397,1.9895,0.12952,-0.057224,0.13453,8.7388
3.8397,1.9895,0.12952,-0.057251,0.13462,8.735
3.8398,1.9895,0.12953,-0.057281,0.13472,8.7389
3.8398,1.9895,0.12954,-0.057313,0.13483,8.7512
3.8399,1.9895,0.12955,-0.057345,0.13495,8.7613
3.8399,1.9895,0.12955,-0.057377,0.13506,8.7536
3.84,1.9895,0.12956,-0.057405,0.13514,8.7631
3.8401,1.9895,0.12957,-0.057434,0.13521,8.7712
3.8401,1.9895,0.12957,-0.057479,0.13527,8.7576
3.8402,1.9895,0.12958,-0.057528,0.13532,8.7639
3.8402,1.9895,0.12959,-0.057573,0.13539,8.7645
3.8403,1.9895,0.1296,-0.057615,0.13546,8.7573
3.8403,1.9895,0.1296,-0.057649,0.13556,8.7529
3.8404,1.9895,0.12961,-0.057684,0.13566,8.7644
3.8404,1.9895,0.12962,-0.057724,0.13577,8.7614
3.8405,1.9895,0.12962,-0.057778,0.13589,8.7546
3.8405,1.9895,0.12963,-0.057845,0.13601,8.7645
3.8406,1.9895,0.12964,-0.057913,0.13615,8.7588
3.8406,1.9895,0.12965,-0.057981,0.13631,8.7544
3.8407,1.9895,0.12965,-0.058044,0.13646,8.756
3.8407,1.9895,0.12966,-0.058101,0.13658,8.7561
3.8408,1.9894,0.12967,-0.058155,0.13668,8.745
3.8408,1.9894,0.12967,-0.058209,0.13678,8.7517
3.8409,1.9894,0.12968,-0.058263,0.13687,8.7574
3.8409,1.9894,0.12969,-0.058311,0.13695,8.7475
3.841,1.9894,0.1297,-0.05835,0.137,8.7556
3.8411,1.9894,0.1297,-0.058389,0.13703,8.7675
3.8411,1.9894,0.12971,-0.058423,0.13706,8.7563
3.8412,1.9894,0.12972,-0.058458,0.13708,8.7628
3.8412,1.9894,0.12972,-0.058492,0.13707,8.7747
3.8413,1.9894,0.12973,-0.058523,0.13707,8.765
3.8413,1.9894,0.12974,-0.058553,0.13708,8.7662
3.8414,1.9894,0.12975,-0.058585,0.13709,8.7754
3.8414,1.9894,0.12975,-0.058624,0.1371,8.7769
3.8415,1.9894,0.12976,-0.058663,0.13712,8.7705
3.8415,1.9894,0.12977,-0.058705,0.13719,8.7771
3.8416,1.9894,0.12977,-0.058748,0.13728,8.7819
3.8416,1.9894,0.12978,-0.058793,0.13733,8.7675
3.8417,1.9894,0.12979,-0.058835,0.13736,8.766
3.8417,1.9894,0.1298,-0.058875,0.13739,8.7722
3.8418,1.9894,0.1298,-0.058911,0.13741,8.7567
3.8418,1.9894,0.12981,-0.058942,0.13745,8.7519
3.8419,1.9894,0.12982,-0.058968,0.13751,8.7618
3.8419,1.9894,0.12983,-0.058991,0.1376,8.7469
3.842,1.9894,0.12983,-0.059014,0.13771,8.7451
3.8421,1.9894,0.12984,-0.059037,0.13781,8.7567
3.8421,1.9894,0.12985,-0.059059,0.1379,8.7484
3.8422,1.9894,0.12985,-0.059079,0.13799,8.7412
3.8422,1.9894,0.12986,-0.059094,0.13807,8.7448
3.8423,1.9894,0.12987,-0.059103,0.13815,8.7435
3.8423,1.9894,0.12988,-0.059114,0.13823,8.7383
3.8424,1.9894,0.12988,-0.059126,0.13833,8.7364
3.8424,1.9894,0.12989,-0.059145,0.13839,8.7447
3.8425,1.9894,0.1299,-0.059164,0.13844,8.738
3.8425,1.9893,0.12991,-0.059185,0.13847,8.7436
3.8426,1.9893,0.12991,-0.059208,0.13849,8.7551
3.8426,1.9893,0.12992,-0.059227,0.13851,8.7492
3.8427,1.9893,0.12993,-0.059252,0.13853,8.7538
3.8427,1.9893,0.12993,-0.059273,0.13855,8.7606
3.8428,1.9893,0.12994,-0.059304,0.13863,8.7545
3.8428,1.9893,0.12995,-0.05934,0.13871,8.747
3.8429,1.9893,0.12996,-0.059381,0.13881,8.755
3.8429,1.9893,0.12996,-0.059427,0.13891,8.7556
3.843,1.9893,0.12997,-0.059468,0.139,8.7505
3.8431,1.9893,0.12998,-0.059499,0.13908,8.7548
3.8431,1.9893,0.12999,-0.059519,0.13914,8.7576
3.8432,1.9893,0.12999,-0.059511,0.13917,8.7483
3.8432,1.9893,0.13,-0.059503,0.13921,8.7462
3.8433,1.9893,0.13001,-0.05949,0.13923,8.7428
3.8433,1.9893,0.13002,-0.059478,0.13928,8.7316
3.8434,1.9893,0.13002,-0.059477,0.13934,8.7286
3.8434,1.9893,0.13003,-0.059496,0.1394,8.7394
3.8435,1.9893,0.13004,-0.059514,0.13948,8.7286
3.8435,1.9893,0.13004,-0.059529,0.13956,8.7284
3.8436,1.9893,0.13005,-0.059539,0.13963,8.7394
3.8436,1.9893,0.13006,-0.059558,0.13969,8.7345
3.8437,1.9893,0.13007,-0.059569,0.13971,8.7239
3.8437,1.9893,0.13007,-0.059572,0.13976,8.739
3.8438,1.9893,0.13008,-0.059582,0.1398,8.7367
3.8438,1.9893,0.13009,-0.059587,0.13984,8.7325
3.8439,1.9893,0.1301,-0.059575,0.1399,8.7333
3.8439,1.9893,0.1301,-0.059563,0.13996,8.7474
3.844,1.9893,0.13011,-0.059556,0.14002,8.7415
3.8441,1.9893,0.13012,-0.059568,0.14007,8.7394
3.8441,1.9893,0.13013,-0.059574,0.14011,8.754
3.8442,1.9892,0.13013,-0.059581,0.14014,8.7454
3.8442,1.9892,0.13014,-0.059586,0.14015,8.7546
3.8443,1.9892,0.13015,-0.059573,0.14015,8.7606
3.8443,1.9892,0.13016,-0.059554,0.14015,8.7515
3.8444,1.9892,0.13016,-0.05953,0.14016,8.7446
3.8444,1.9892,0.13017,-0.059506,0.14016,8.7516
3.8445,1.9892,0.13018,-0.059492,0.14016,8.7517
3.8445,1.9892,0.13018,-0.059468,0.14016,8.7417
3.8446,1.9892,0.13019,-0.05944,0.14016,8.7483
3.8446,1.9892,0.1302,-0.059416,0.14015,8.7518
3.8447,1.9892,0.13021,-0.059393,0.14014,8.7404
3.8447,1.9892,0.13021,-0.059376,0.14013,8.743
3.8448,1.9892,0.13022,-0.059358,0.14012,8.7429
3.8448,1.9892,0.13023,-0.059341,0.1401,8.7334
3.8449,1.9892,0.13024,-0.059328,0.14009,8.7339
3.8449,1.9892,0.13024,-0.059316,0.14009,8.7483
3.845,1.9892,0.13025,-0.059301,0.1401,8.7463
3.8451,1.9892,0.13026,-0.059285,0.14011,8.7487
3.8451,1.9892,0.13027,-0.059262,0.14012,8.7642
3.8452,1.9892,0.13027,-0.059233,0.14014,8.7712
3.8452,1.9892,0.13028,-0.059197,0.14015,8.7589
3.8453,1.9892,0.13029,-0.059154,0.14016,8.7712
3.8453,1.9892,0.1303,-0.059103,0.14017,8.7717
3.8454,1.9892,0.1303,-0.059044,0.14017,8.7647
3.8454,1.9892,0.13031,-0.05898,0.14017,8.7744
3.8455,1.9892,0.13032,-0.058906,0.14017,8.7805
3.8455,1.9892,0.13032,-0.058829,0.14015,8.7818
3.8456,1.9892,0.13033,-0.058756,0.14013,8.786
3.8456,1.9892,0.13034,-0.058691,0.14011,8.8003
3.8457,1.9892,0.13035,-0.058629,0.14007,8.7925
3.8457,1.9892,0.13035,-0.058569,0.14002,8.7893
3.8458,1.9892,0.13036,-0.058503,0.13998,8.7975
3.8458,1.9892,0.13037,-0.058439,0.13993,8.7855
3.8459,1.9891,0.13038,-0.058365,0.13987,8.7787
3.8459,1.9891,0.13038,-0.05829,0.1398,8.788
3.846,1.9891,0.13039,-0.058219,0.13971,8.7811
3.8461,1.9891,0.1304,-0.058152,0.13961,8.7749
3.8461,1.9891,0.13041,-0.058088,0.13951,8.78
3.8462,1.9891,0.13041,-0.05802,0.13943,8.7859
3.8462,1.9891,0.13042,-0.057943,0.13936,8.775
3.8463,1.9891,0.13043,-0.057857,0.1393,8.772
3.8463,1.9891,0.13043,-0.057756,0.13925,8.7726
3.8464,1.9891,0.13044,-0.057647,0.1392,8.7668
3.8464,1.9891,0.13045,-0.057536,0.13913,8.759
3.8465,1.9891,0.13046,-0.057427,0.13905,8.7704
3.8465,1.9891,0.13046,-0.057322,0.13896,8.7657
3.8466,1.9891,0.13047,-0.057223,0.13885,8.7573
3.8466,1.9891,0.13048,-0.057127,0.13873,8.7706
3.8467,1.9891,0.13049,-0.057031,0.13862,8.7722
3.8467,1.9891,0.13049,-0.05693,0.13851,8.7661
3.8468,1.9891,0.1305,-0.056825,0.13839,8.7757
3.8468,1.9891,0.13051,-0.056717,0.13829,8.7693
3.8469,1.9891,0.13052,-0.0566,0.13819,8.7589
3.8469,1.9891,0.13052,-0.056482,0.13808,8.7652
3.847,1.9891,0.13053,-0.056372,0.13797,8.7724
3.8471,1.9891,0.13054,-0.056269,0.13786,8.7627
3.8471,1.9891,0.13054,-0.056169,0.13775,8.7707
3.8472,1.9891,0.13055,-0.05607,0.13765,8.7786
3.8472,1.9891,0.13056,-0.055978,0.13755,8.7716
3.8473,1.9891,0.13057,-0.055887,0.13746,8.7687
3.8473,1.9891,0.13057,-0.055793,0.13736,8.7706
3.8474,1.9891,0.13058,-0.055699,0.13728,8.7517
3.8474,1.9891,0.13059,-0.055608,0.13719,8.7421
3.8475,1.9891,0.13059,-0.05552,0.13709,8.749
3.8475,1.9891,0.1306,-0.055429,0.137,8.7403
3.8476,1.9891,0.13061,-0.05534,0.13691,8.725
3.8476,1.989,0.13062,-0.055255,0.13681,8.7316
3.8477,1.989,0.13062,-0.055167,0.13672,8.7342
3.8477,1.989,0.13063,-0.055079,0.13663,8.7224
3.8478,1.989,0.13064,-0.054993,0.13654,8.7232
3.8478,1.989,0.13065,-0.054909,0.13644,8.7251
3.8479,1.989,0.13065,-0.054828,0.13634,8.7139
3.8479,1.989,0.13066,-0.054752,0.13623,8.7124
3.848,1.989,0.13067,-0.054677,0.13611,8.7227
3.8481,1.989,0.13067,-0.054598,0.13597,8.7143
3.8481,1.989,0.13068,-0.054521,0.13583,8.7235
3.8482,1.989,0.13069,-0.05444,0.13569,8.7367
3.8482,1.989,0.1307,-0.054359,0.13555,8.7313
3.8483,1.989,0.1307,-0.054278,0.13543,8.7294
3.8483,1.989,0.13071,-0.054198,0.13531,8.7359
3.8484,1.989,0.13072,-0.054124,0.13518,8.7337
3.8484,1.989,0.13072,-0.054045,0.13506,8.725
3.8485,1.989,0.13073,-0.05396,0.13492,8.7317
3.8485,1.989,0.13074,-0.053866,0.1348,8.7317
3.8486,1.989,0.13075,-0.053766,0.13468,8.7232
3.8486,1.989,0.13075,-0.053668,0.13457,8.7256
3.8487,1.989,0.13076,-0.053572,0.13448,8.7357
3.8487,1.989,0.13077,-0.05348,0.13439,8.7266
3.8488,1.989,0.13077,-0.053397,0.1343,8.7222
3.8488,1.989,0.13078,-0.053325,0.1342,8.7247
3.8489,1.989,0.13079,-0.053255,0.1341,8.7153
3.8489,1.989,0.13079,-0.053183,0.13399,8.712
3.849,1.989,0.1308,-0.053115,0.13388,8.7086
3.8491,1.989,0.13081,-0.053044,0.13376,8.7029
3.8491,1.989,0.13082,-0.05297,0.13365,8.6962
3.8492,1.989,0.13082,-0.052892,0.13355,8.7054
3.8492,1.989,0.13083,-0.052813,0.13346,8.7056
3.8493,1.989,0.13084,-0.052744,0.13336,8.7006
3.8493,1.989,0.13084,-0.052674,0.13326,8.7075
3.8494,1.989,0.13085,-0.05261,0.13315,8.7048
3.8494,1.989,0.13086,-0.052548,0.13304,8.6998
3.8495,1.9889,0.13086,-0.052489,0.13292,8.7032
3.8495,1.9889,0.13087,-0.052436,0.13281,8.712
3.8496,1.9889,0.13088,-0.052389,0.13271,8.7027
3.8496,1.9889,0.13089,-0.052339,0.13262,8.6988
3.8497,1.9889,0.13089,-0.052289,0.13253,8.721
3.8497,1.9889,0.1309,-0.052239,0.13245,8.7197
3.8498,1.9889,0.13091,-0.052183,0.13237,8.7136
3.8498,1.9889,0.13091,-0.052139,0.1323,8.7236
3.8499,1.9889,0.13092,-0.052106,0.13223,8.7197
3.8499,1.9889,0.13093,-0.052087,0.13216,8.7083
3.85,1.9889,0.13093,-0.05207,0.13209,8.713
3.8501,1.9889,0.13094,-0.052052,0.13202,8.7175
3.8501,1.9889,0.13095,-0.052033,0.13196,8.7028
3.8502,1.9889,0.13096,-0.052012,0.1319,8.7058
3.8502,1.9889,0.13096,-0.051982,0.13185,8.7194
3.8503,1.9889,0.13097,-0.051967,0.1318,8.7033
3.8503,1.9889,0.13098,-0.051958,0.13176,8.6971
3.8504,1.9889,0.13098,-0.051952,0.13171,8.7044
3.8504,1.9889,0.13099,-0.051943,0.13167,8.6939
3.8505,1.9889,0.131,-0.051925,0.13165,8.6847
3.8505,1.9889,0.131,-0.05191,0.1316,8.6973
3.8506,1.9889,0.13101,-0.0519,0.13153,8.6972
3.8506,1.9889,0.13102,-0.051891,0.13145,8.6873
3.8507,1.9889,0.13102,-0.051893,0.13138,8.6968
3.8507,1.9889,0.13103,-0.051891,0.1313,8.7053
3.8508,1.9889,0.13104,-0.051891,0.13124,8.7006
3.8508,1.9889,0.13105,-0.051894,0.13119,8.7108
3.8509,1.9889,0.13105,-0.051903,0.13116,8.7133
3.8509,1.9889,0.13106,-0.051933,0.13112,8.7016
3.851,1.9889,0.13107,-0.05198,0.13108,8.7115
3.8511,1.9889,0.13107,-0.052043,0.13104,8.7152
3.8511,1.9889,0.13108,-0.052104,0.13102,8.7116
3.8512,1.9889,0.13109,-0.052153,0.13102,8.7101
3.8512,1.9889,0.13109,-0.052202,0.13103,8.7233
3.8513,1.9889,0.1311,-0.052244,0.13105,8.7227
3.8513,1.9889,0.13111,-0.052274,0.13106,8.7229
3.8514,1.9889,0.13111,-0.052296,0.13107,8.7346
3.8514,1.9888,0.13112,-0.052317,0.13108,8.7269
3.8515,1.9888,0.13113,-0.052342,0.13107,8.723
3.8515,1.9888,0.13114,-0.05236,0.13105,8.7228
3.8516,1.9888,0.13114,-0.052385,0.13105,8.7216
3.8516,1.9888,0.13115,-0.052425,0.13105,8.7083
3.8517,1.9888,0.13116,-0.052472,0.13105,8.7129
3.8517,1.9888,0.13116,-0.052519,0.13106,8.7179
3.8518,1.9888,0.13117,-0.052569,0.13106,8.7144
3.8518,1.9888,0.13118,-0.052622,0.13106,8.7121
3.8519,1.9888,0.13118,-0.052674,0.13105,8.7187
3.8519,1.9888,0.13119,-0.052724,0.13104,8.7062
3.852,1.9888,0.1312,-0.052773,0.13104,8.7009
3.8521,1.9888,0.1312,-0.05282,0.13104,8.7071
3.8521,1.9888,0.13121,-0.052869,0.13105,8.7124
3.8522,1.9888,0.13122,-0.052915,0.13106,8.7069
3.8522,1.9888,0.13122,-0.052957,0.13108,8.7195
3.8523,1.9888,0.13123,-0.052994,0.1311,8.7273
3.8523,1.9888,0.13124,-0.053025,0.13112,8.7246
3.8524,1.9888,0.13125,-0.053053,0.13113,8.7343
3.8524,1.9888,0.13125,-0.05308,0.13115,8.7413
3.8525,1.9888,0.13126,-0.053107,0.13118,8.7336
3.8525,1.9888,0.13127,-0.053142,0.13121,8.7351
3.8526,1.9888,0.13127,-0.053182,0.13125,8.7418
3.8526,1.9888,0.13128,-0.053218,0.13131,8.7354
3.8527,1.9888,0.13129,-0.053258,0.13139,8.7334
3.8527,1.9888,0.13129,-0.053284,0.13145,8.7448
3.8528,1.9888,0.1313,-0.053305,0.13147,8.7427
3.8528,1.9888,0.13131,-0.053314,0.13147,8.7356
3.8529,1.9888,0.13131,-0.053321,0.13144,8.7432
3.8529,1.9888,0.13132,-0.05333,0.13141,8.7279
3.853,1.9888,0.13133,-0.053342,0.13139,8.7163
3.8531,1.9888,0.13134,-0.053361,0.1314,8.7123
3.8531,1.9888,0.13134,-0.053404,0.13144,8.7077
3.8532,1.9888,0.13135,-0.053438,0.13147,8.6881
3.8532,1.9888,0.13136,-0.053474,0.13151,8.6896
3.8533,1.9888,0.13136,-0.053509,0.13153,8.6978
3.8533,1.9887,0.13137,-0.053537,0.13152,8.684
3.8534,1.9887,0.13138,-0.05354,0.13149,8.6876
3.8534,1.9887,0.13138,-0.053534,0.13146,8.6931
3.8535,1.9887,0.13139,-0.053527,0.13143,8.6825
3.8535,1.9887,0.1314,-0.053521,0.13142,8.6804
3.8536,1.9887,0.1314,-0.053503,0.13145,8.6865
3.8536,1.9887,0.13141,-0.053498,0.13152,8.6852
3.8537,1.9887,0.13142,-0.053491,0.13158,8.6757
3.8537,1.9887,0.13143,-0.053467,0.13164,8.6852
3.8538,1.9887,0.13143,-0.053427,0.13171,8.6886
3.8538,1.9887,0.13144,-0.053383,0.13174,8.6824
3.8539,1.9887,0.13145,-0.053332,0.13174,8.6918
3.8539,1.9887,0.13145,-0.053275,0.13172,8.6987
3.854,1.9887,0.13146,-0.053207,0.1317,8.6864
3.8541,1.9887,0.13147,-0.053155,0.13171,8.6917
3.8541,1.9887,0.13147,-0.053093,0.13174,8.6935
3.8542,1.9887,0.13148,-0.053031,0.13177,8.6848
3.8542,1.9887,0.13149,-0.052986,0.13182,8.6835
3.8543,1.9887,0.13149,-0.052946,0.13184,8.6888
3.8543,1.9887,0.1315,-0.052918,0.13187,8.6888
3.8544,1.9887,0.13151,-0.052891,0.13189,8.6877
3.8544,1.9887,0.13152,-0.052864,0.13193,8.694
3.8545,1.9887,0.13152,-0.052841,0.13198,8.6919
3.8545,1.9887,0.13153,-0.052797,0.13204,8.6828
3.8546,1.9887,0.13154,-0.05274,0.13208,8.688
3.8546,1.9887,0.13154,-0.05267,0.13214,8.686
3.8547,1.9887,0.13155,-0.052587,0.1322,8.6752
3.8547,1.9887,0.13156,-0.052499,0.13228,8.6751
3.8548,1.9887,0.13156,-0.052407,0.13235,8.6796
3.8548,1.9887,0.13157,-0.052323,0.13241,8.6756
3.8549,1.9887,0.13158,-0.052242,0.13245,8.686
3.8549,1.9887,0.13159,-0.052154,0.13248,8.7045
3.855,1.9887,0.13159,-0.05207,0.13249,8.6914
3.8551,1.9887,0.1316,-0.052,0.13252,8.6884
3.8551,1.9887,0.13161,-0.051941,0.13252,8.6961
3.8552,1.9887,0.13161,-0.051886,0.13251,8.6902
3.8552,1.9886,0.13162,-0.05183,0.1325,8.6851
3.8553,1.9886,0.13163,-0.051762,0.13249,8.7016
3.8553,1.9886,0.13163,-0.05169,0.13249,8.7024
3.8554,1.9886,0.13164,-0.051607,0.13252,8.6972
3.8554,1.9886,0.13165,-0.05153,0.13255,8.7061
3.8555,1.9886,0.13165,-0.051475,0.13256,8.7125
3.8555,1.9886,0.13166,-0.051428,0.13251,8.7013
3.8556,1.9886,0.13167,-0.051374,0.13244,8.7054
3.8556,1.9886,0.13168,-0.05132,0.13237,8.7029
3.8557,1.9886,0.13168,-0.051253,0.13233,8.702
3.8557,1.9886,0.13169,-0.051181,0.13231,8.7023
3.8558,1.9886,0.1317,-0.051094,0.13232,8.708
3.8558,1.9886,0.1317,-0.050999,0.13235,8.699
3.8559,1.9886,0.13171,-0.050917,0.13237,8.6958
3.8559,1.9886,0.13172,-0.050836,0.1324,8.7087
3.856,1.9886,0.13172,-0.050745,0.13243,8.7115
3.8561,1.9886,0.13173,-0.050661,0.13248,8.7076
3.8561,1.9886,0.13174,-0.050591,0.13248,8.7105
3.8562,1.9886,0.13175,-0.050521,0.13244,8.7137
3.8562,1.9886,0.13175,-0.050455,0.13236,8.6992
3.8563,1.9886,0.13176,-0.050399,0.13229,8.712
3.8563,1.9886,0.13177,-0.050355,0.13224,8.7197
3.8564,1.9886,0.13177,-0.05032,0.13223,8.7115
3.8564,1.9886,0.13178,-0.050276,0.13223,8.7186
3.8565,1.9886,0.13179,-0.050234,0.13224,8.7347
3.8565,1.9886,0.13179,-0.050194,0.13219,8.7301
3.8566,1.9886,0.1318,-0.050146,0.13214,8.729
3.8566,1.9886,0.13181,-0.050099,0.13205,8.739
3.8567,1.9886,0.13181,-0.05006,0.13196,8.7352
3.8567,1.9886,0.13182,-0.050012,0.13192,8.7285
3.8568,1.9886,0.13183,-0.049968,0.1319,8.7384
3.8568,1.9886,0.13184,-0.04993,0.13185,8.7397
3.8569,1.9886,0.13184,-0.049889,0.13178,8.7367
3.8569,1.9886,0.13185,-0.049845,0.13173,8.7446
3.857,1.9886,0.13186,-0.04979,0.13168,8.7515
3.8571,1.9886,0.13186,-0.049735,0.13164,8.7359
3.8571,1.9886,0.13187,-0.049685,0.13162,8.7424
3.8572,1.9885,0.13188,-0.049624,0.13161,8.7431
3.8572,1.9885,0.13188,-0.04957,0.13157,8.7352
3.8573,1.9885,0.13189,-0.04953,0.1315,8.7266
3.8573,1.9885,0.1319,-0.049488,0.13144,8.7435
3.8574,1.9885,0.13191,-0.049448,0.13142,8.7354
3.8574,1.9885,0.13191,-0.049403,0.13143,8.7358
3.8575,1.9885,0.13192,-0.049359,0.13149,8.756
3.8575,1.9885,0.13193,-0.049313,0.13156,8.7554
3.8576,1.9885,0.13193,-0.049263,0.13165,8.7467
3.8576,1.9885,0.13194,-0.049213,0.1317,8.7572
3.8577,1.9885,0.13195,-0.049165,0.13176,8.7588
3.8577,1.9885,0.13195,-0.049115,0.1318,8.75
3.8578,1.9885,0.13196,-0.049064,0.13179,8.7541
3.8578,1.9885,0.13197,-0.049012,0.13176,8.7602
3.8579,1.9885,0.13197,-0.048955,0.13168,8.7564
3.8579,1.9885,0.13198,-0.048896,0.13158,8.762
3.858,1.9885,0.13199,-0.048839,0.1315,8.7688
3.8581,1.9885,0.132,-0.04878,0.13142,8.7641
3.8581,1.9885,0.132,-0.048725,0.13136,8.7668
3.8582,1.9885,0.13201,-0.048668,0.13129,8.7691
3.8582,1.9885,0.13202,-0.048615,0.13124,8.7647
3.8583,1.9885,0.13202,-0.048562,0.13119,8.7577
3.8583,1.9885,0.13203,-0.048508,0.13115,8.7621
3.8584,1.9885,0.13204,-0.048459,0.13112,8.7607
3.8584,1.9885,0.13204,-0.048418,0.1311,8.7539
3.8585,1.9885,0.13205,-0.048382,0.13108,8.7592
3.8585,1.9885,0.13206,-0.048353,0.13105,8.7628
3.8586,1.9885,0.13206,-0.048325,0.13103,8.7488
3.8586,1.9885,0.13207,-0.048306,0.13107,8.7516
3.8587,1.9885,0.13208,-0.048291,0.13115,8.7481
3.8587,1.9885,0.13208,-0.048278,0.13121,8.7366
3.8588,1.9885,0.13209,-0.048261,0.13128,8.7309
3.8588,1.9885,0.1321,-0.048247,0.13132,8.7421
3.8589,1.9885,0.13211,-0.048229,0.13133,8.728
3.8589,1.9885,0.13211,-0.048206,0.13131,8.7259
3.859,1.9885,0.13212,-0.048181,0.13129,8.7439
3.8591,1.9885,0.13213,-0.048164,0.13128,8.7411
3.8591,1.9885,0.13213,-0.048151,0.13125,8.7284
3.8592,1.9885,0.13214,-0.048141,0.13121,8.7414
3.8592,1.9884,0.13215,-0.048127,0.13119,8.7423
3.8593,1.9884,0.13215,-0.048113,0.13117,8.7332
3.8593,1.9884,0.13216,-0.048093,0.13117,8.7383
3.8594,1.9884,0.13217,-0.048068,0.13122,8.7472
3.8594,1.9884,0.13217,-0.048039,0.13133,8.7397
3.8595,1.9884,0.13218,-0.048009,0.1314,8.7507
3.8595,1.9884,0.13219,-0.047979,0.13149,8.7568
3.8596,1.9884,0.1322,-0.047963,0.13154,8.7502
3.8596,1.9884,0.1322,-0.047956,0.13156,8.7473
3.8597,1.9884,0.13221,-0.047961,0.13151,8.7568
3.8597,1.9884,0.13222,-0.047982,0.13143,8.7445
3.8598,1.9884,0.13222,-0.048001,0.13138,8.736
3.8598,1.9884,0.13223,-0.04801,0.13135,8.7382
3.8599,1.9884,0.13224,-0.048009,0.13132,8.7384
3.8599,1.9884,0.13224,-0.048007,0.13136,8.7307
3.86,1.9884,0.13225,-0.048005,0.13141,8.7394
3.8601,1.9884,0.13226,-0.048006,0.13148,8.7411
3.8601,1.9884,0.13226,-0.048016,0.13155,8.7243
3.8602,1.9884,0.13227,-0.048042,0.13163,8.727
3.8602,1.9884,0.13228,-0.048062,0.13172,8.7287
3.8603,1.9884,0.13229,-0.04808,0.13179,8.7224
3.8603,1.9884,0.13229,-0.048099,0.13183,8.7159
3.8604,1.9884,0.1323,-0.048121,0.13188,8.7296
3.8604,1.9884,0.13231,-0.048148,0.13193,8.722
3.8605,1.9884,0.13231,-0.048171,0.13196,8.7206
3.8605,1.9884,0.13232,-0.048186,0.13201,8.7357
3.8606,1.9884,0.13233,-0.048191,0.13207,8.7364
3.8606,1.9884,0.13233,-0.048189,0.13216,8.7299
3.8607,1.9884,0.13234,-0.0482,0.13223,8.7405
3.8607,1.9884,0.13235,-0.048216,0.13232,8.7479
3.8608,1.9884,0.13235,-0.048228,0.13243,8.7446
3.8608,1.9884,0.13236,-0.048239,0.13256,8.7495
3.8609,1.9884,0.13237,-0.048227,0.13267,8.7556
3.8609,1.9884,0.13238,-0.048192,0.1328,8.744
3.861,1.9884,0.13238,-0.048129,0.13292,8.7462
3.8611,1.9884,0.13239,-0.048064,0.13305,8.7537
3.8611,1.9884,0.1324,-0.048015,0.13315,8.7512
3.8612,1.9884,0.1324,-0.047964,0.13325,8.7401
3.8612,1.9884,0.13241,-0.047918,0.13335,8.7462
3.8613,1.9884,0.13242,-0.047901,0.13344,8.7328
3.8613,1.9883,0.13242,-0.047894,0.13353,8.7237
3.8614,1.9883,0.13243,-0.047893,0.13362,8.729
3.8614,1.9883,0.13244,-0.047877,0.13373,8.7305
3.8615,1.9883,0.13245,-0.047853,0.13385,8.7212
3.8615,1.9883,0.13245,-0.047813,0.13396,8.7375
3.8616,1.9883,0.13246,-0.047748,0.13407,8.7428
3.8616,1.9883,0.13247,-0.047682,0.13419,8.736
3.8617,1.9883,0.13247,-0.047634,0.13431,8.7484
3.8617,1.9883,0.13248,-0.047587,0.13442,8.7567
3.8618,1.9883,0.13249,-0.04754,0.13455,8.7434
3.8618,1.9883,0.1325,-0.047487,0.13468,8.7449
3.8619,1.9883,0.1325,-0.047432,0.13483,8.7542
3.8619,1.9883,0.13251,-0.047377,0.13496,8.7547
3.862,1.9883,0.13252,-0.047314,0.13508,8.7439
3.8621,1.9883,0.13252,-0.047246,0.13519,8.7647
3.8621,1.9883,0.13253,-0.047184,0.13531,8.7753
3.8622,1.9883,0.13254,-0.047113,0.13542,8.7654
3.8622,1.9883,0.13255,-0.04703,0.13553,8.778
3.8623,1.9883,0.13255,-0.046944,0.13565,8.7774
3.8623,1.9883,0.13256,-0.046846,0.13578,8.7681
3.8624,1.9883,0.13257,-0.046743,0.1359,8.7725
3.8624,1.9883,0.13257,-0.04663,0.13602,8.7777
3.8625,1.9883,0.13258,-0.046515,0.13613,8.7707
3.8625,1.9883,0.13259,-0.046412,0.13623,8.7751
3.8626,1.9883,0.1326,-0.046313,0.13632,8.7828
3.8626,1.9883,0.1326,-0.046217,0.13639,8.7756
3.8627,1.9883,0.13261,-0.046128,0.13646,8.77
3.8627,1.9883,0.13262,-0.046031,0.13655,8.7836
3.8628,1.9883,0.13262,-0.045929,0.13664,8.7726
3.8628,1.9883,0.13263,-0.045812,0.13669,8.761
3.8629,1.9883,0.13264,-0.04569,0.13672,8.7576
3.8629,1.9883,0.13265,-0.045559,0.13673,8.7521
3.863,1.9883,0.13265,-0.04542,0.13675,8.7491
3.8631,1.9883,0.13266,-0.045275,0.13678,8.7662
3.8631,1.9883,0.13267,-0.045128,0.13684,8.7639
3.8632,1.9883,0.13267,-0.044981,0.13696,8.7499
3.8632,1.9883,0.13268,-0.044827,0.13709,8.7606
3.8633,1.9883,0.13269,-0.044671,0.1372,8.7614
3.8633,1.9883,0.1327,-0.044523,0.13732,8.7481
3.8634,1.9883,0.1327,-0.044374,0.13743,8.7535
3.8634,1.9882,0.13271,-0.044229,0.13754,8.7651
3.8635,1.9882,0.13272,-0.044087,0.13764,8.7602
3.8635,1.9882,0.13273,-0.043946,0.13773,8.7648
3.8636,1.9882,0.13273,-0.043803,0.1378,8.7758
3.8636,1.9882,0.13274,-0.043661,0.13786,8.7761
3.8637,1.9882,0.13275,-0.043524,0.1379,8.7713
3.8637,1.9882,0.13275,-0.043397,0.13795,8.7858
3.8638,1.9882,0.13276,-0.043287,0.13801,8.7841
3.8638,1.9882,0.13277,-0.04318,0.13808,8.7677
3.8639,1.9882,0.13278,-0.043074,0.13818,8.7655
3.8639,1.9882,0.13278,-0.042969,0.13828,8.7715
3.864,1.9882,0.13279,-0.042863,0.13836,8.7527
3.8641,1.9882,0.1328,-0.042756,0.13843,8.7552
3.8641,1.9882,0.13281,-0.042641,0.1385,8.7572
3.8642,1.9882,0.13281,-0.042517,0.13858,8.7535
3.8642,1.9882,0.13282,-0.042396,0.13866,8.7456
3.8643,1.9882,0.13283,-0.04225,0.13875,8.7435
3.8643,1.9882,0.13283,-0.042101,0.13883,8.7292
3.8644,1.9882,0.13284,-0.041936,0.1389,8.719
3.8644,1.9882,0.13285,-0.041767,0.13895,8.7231
3.8645,1.9882,0.13286,-0.041607,0.13898,8.7157
3.8645,1.9882,0.13286,-0.041468,0.13903,8.7004
3.8646,1.9882,0.13287,-0.041345,0.13908,8.711
3.8646,1.9882,0.13288,-0.041233,0.13911,8.716
3.8647,1.9882,0.13289,-0.04112,0.13915,8.7128
3.8647,1.9882,0.13289,-0.041018,0.13917,8.7114
3.8648,1.9882,0.1329,-0.040904,0.1392,8.721
3.8648,1.9882,0.13291,-0.040799,0.13922,8.7116
3.8649,1.9882,0.13291,-0.04071,0.13923,8.7116
3.8649,1.9882,0.13292,-0.040625,0.13925,8.7188
3.865,1.9882,0.13293,-0.040515,0.13924,8.71
3.8651,1.9882,0.13294,-0.040378,0.13926,8.7072
3.8651,1.9882,0.13294,-0.040224,0.13928,8.7193
3.8652,1.9882,0.13295,-0.040063,0.1393,8.7248
3.8652,1.9882,0.13296,-0.039911,0.13929,8.7244
3.8653,1.9882,0.13297,-0.039773,0.13926,8.7266
3.8653,1.9882,0.13297,-0.039648,0.1392,8.7185
3.8654,1.9882,0.13298,-0.039519,0.13912,8.7175
3.8654,1.9882,0.13299,-0.039376,0.13909,8.7182
3.8655,1.9882,0.133,-0.03923,0.13911,8.7155
3.8655,1.9882,0.133,-0.039093,0.13916,8.6979
3.8656,1.9882,0.13301,-0.038955,0.13921,8.7063
3.8656,1.9882,0.13302,-0.038834,0.13923,8.7117
3.8657,1.9882,0.13302,-0.038723,0.13922,8.6957
3.8657,1.9882,0.13303,-0.038624,0.13915,8.698
3.8658,1.9882,0.13304,-0.038527,0.13905,8.7054
3.8658,1.9882,0.13305,-0.03842,0.13896,8.695
3.8659,1.9881,0.13305,-0.038314,0.13888,8.6815
3.8659,1.9881,0.13306,-0.038229,0.13881,8.6894
3.866,1.9881,0.13307,-0.038142,0.13872,8.6906
3.8661,1.9881,0.13308,-0.038055,0.13867,8.6757
3.8661,1.9881,0.13308,-0.037975,0.13861,8.6878
3.8662,1.9881,0.13309,-0.037897,0.13857,8.6989
3.8662,1.9881,0.1331,-0.037805,0.1385,8.6935
3.8663,1.9881,0.13311,-0.037696,0.13843,8.7012
3.8663,1.9881,0.13311,-0.037583,0.13835,8.7117
3.8664,1.9881,0.13312,-0.037486,0.13828,8.7021
3.8664,1.9881,0.13313,-0.037392,0.13822,8.7036
3.8665,1.9881,0.13313,-0.037295,0.13821,8.7092
3.8665,1.9881,0.13314,-0.037209,0.13816,8.6973
3.8666,1.9881,0.13315,-0.037119,0.13815,8.7006
3.8666,1.9881,0.13316,-0.037022,0.13812,8.7103
3.8667,1.9881,0.13316,-0.036929,0.13808,8.7128
3.8667,1.9881,0.13317,-0.036841,0.13804,8.7089
3.8668,1.9881,0.13318,-0.036758,0.13807,8.7131
3.8668,1.9881,0.13319,-0.036685,0.13814,8.7126
3.8669,1.9881,0.13319,-0.036613,0.13818,8.7008
3.8669,1.9881,0.1332,-0.03655,0.13823,8.7017
3.867,1.9881,0.13321,-0.036485,0.13828,8.7019
3.8671,1.9881,0.13321,-0.036419,0.13833,8.6945
3.8671,1.9881,0.13322,-0.036352,0.13837,8.6916
3.8672,1.9881,0.13323,-0.03628,0.13845,8.7019
3.8672,1.9881,0.13324,-0.03621,0.13855,8.6953
3.8673,1.9881,0.13324,-0.036149,0.13863,8.6976
3.8673,1.9881,0.13325,-0.036085,0.13868,8.714
3.8674,1.9881,0.13326,-0.03603,0.13872,8.6937
3.8674,1.9881,0.13327,-0.035977,0.1387,8.6951
3.8675,1.9881,0.13327,-0.035923,0.13866,8.6993
3.8675,1.9881,0.13328,-0.035865,0.13862,8.6989
3.8676,1.9881,0.13329,-0.035806,0.13861,8.6881
3.8676,1.9881,0.13329,-0.035759,0.13858,8.6984
3.8677,1.9881,0.1333,-0.035721,0.13855,8.7033
3.8677,1.9881,0.13331,-0.035686,0.13854,8.6986
3.8678,1.9881,0.13332,-0.035654,0.13858,8.7089
3.8678,1.9881,0.13332,-0.03563,0.13865,8.7182
3.8679,1.9881,0.13333,-0.035616,0.1387,8.7075
3.8679,1.9881,0.13334,-0.035607,0.13873,8.7108
3.868,1.9881,0.13335,-0.035612,0.13875,8.7203
3.8681,1.9881,0.13335,-0.035624,0.13876,8.7071
3.8681,1.9881,0.13336,-0.035644,0.1388,8.7037
3.8682,1.9881,0.13337,-0.035662,0.13886,8.7196
3.8682,1.9881,0.13337,-0.035679,0.13895,8.7121
3.8683,1.9881,0.13338,-0.035698,0.13908,8.7091
3.8683,1.9881,0.13339,-0.03572,0.13918,8.7211
3.8684,1.9881,0.1334,-0.035737,0.13931,8.7132
3.8684,1.9881,0.1334,-0.035758,0.13944,8.702
3.8685,1.9881,0.13341,-0.035781,0.13954,8.7094
3.8685,1.9881,0.13342,-0.035808,0.1396,8.7108
3.8686,1.9881,0.13343,-0.035836,0.13957,8.7019
3.8686,1.988,0.13343,-0.035869,0.13952,8.7016
3.8687,1.988,0.13344,-0.035903,0.13948,8.7106
3.8687,1.988,0.13345,-0.035941,0.13942,8.7026
3.8688,1.988,0.13346,-0.035978,0.13942,8.7073
3.8688,1.988,0.13346,-0.036017,0.13944,8.724
3.8689,1.988,0.13347,-0.036057,0.1395,8.7144
3.8689,1.988,0.13348,-0.036097,0.13958,8.7139
3.869,1.988,0.13348,-0.036134,0.13968,8.7198
3.8691,1.988,0.13349,-0.036174,0.13984,8.7181
3.8691,1.988,0.1335,-0.036215,0.14002,8.7136
3.8692,1.988,0.13351,-0.03626,0.14017,8.7196
3.8692,1.988,0.13351,-0.036311,0.14033,8.7242
3.8693,1.988,0.13352,-0.036362,0.14048,8.7184
3.8693,1.988,0.13353,-0.036424,0.14059,8.7234
3.8694,1.988,0.13354,-0.036501,0.14066,8.7366
3.8694,1.988,0.13354,-0.036599,0.14075,8.7298
3.8695,1.988,0.13355,-0.036715,0.14082,8.7314
3.8695,1.988,0.13356,-0.036835,0.14092,8.7324
3.8696,1.988,0.13357,-0.036955,0.14105,8.7199
3.8696,1.988,0.13357,-0.037069,0.14128,8.7113
3.8697,1.988,0.13358,-0.037163,0.14152,8.7155
3.8697,1.988,0.13359,-0.037249,0.14172,8.7053
3.8698,1.988,0.1336,-0.037335,0.14191,8.6973
3.8698,1.988,0.1336,-0.037428,0.14211,8.7056
3.8699,1.988,0.13361,-0.037518,0.14227,8.6957
3.8699,1.988,0.13362,-0.037607,0.14244,8.6805
3.87,1.988,0.13363,-0.037697,0.14258,8.6846
3.8701,1.988,0.13363,-0.037784,0.14274,8.6759
3.8701,1.988,0.13364,-0.037863,0.14287,8.6656
3.8702,1.988,0.13365,-0.037939,0.14298,8.663
3.8702,1.988,0.13366,-0.038012,0.14312,8.6726
3.8703,1.988,0.13366,-0.038081,0.1433,8.6645
3.8703,1.988,0.13367,-0.038143,0.14349,8.6695
3.8704,1.988,0.13368,-0.038204,0.14371,8.6818
3.8704,1.988,0.13369,-0.038262,0.14391,8.6679
3.8705,1.988,0.13369,-0.038325,0.14406,8.6692
3.8705,1.988,0.1337,-0.038392,0.14419,8.6779
3.8706,1.988,0.13371,-0.038451,0.14428,8.6726
3.8706,1.988,0.13372,-0.038488,0.14442,8.6698
3.8707,1.988,0.13372,-0.038499,0.1446,8.6785
3.8707,1.988,0.13373,-0.038502,0.14479,8.6817
3.8708,1.988,0.13374,-0.038501,0.14503,8.6755
3.8708,1.988,0.13375,-0.038511,0.14528,8.6774
3.8709,1.988,0.13375,-0.038544,0.14551,8.6818
3.8709,1.988,0.13376,-0.038598,0.14572,8.6767
3.871,1.988,0.13377,-0.038659,0.14592,8.675
3.8711,1.988,0.13378,-0.038715,0.14609,8.6772
3.8711,1.988,0.13379,-0.038764,0.14623,8.6699
3.8712,1.988,0.13379,-0.03881,0.14635,8.6638
3.8712,1.988,0.1338,-0.038835,0.14645,8.6762
3.8713,1.9879,0.13381,-0.038854,0.14653,8.6698
3.8713,1.9879,0.13382,-0.038863,0.14663,8.6653
3.8714,1.9879,0.13382,-0.038877,0.14673,8.6735
3.8714,1.9879,0.13383,-0.038901,0.14684,8.6691
3.8715,1.9879,0.13384,-0.03893,0.14694,8.6664
3.8715,1.9879,0.13385,-0.038966,0.14706,8.6733
3.8716,1.9879,0.13386,-0.038991,0.14722,8.6694
3.8716,1.9879,0.13386,-0.038992,0.14737,8.6591
3.8717,1.9879,0.13387,-0.038983,0.14755,8.6645
3.8717,1.9879,0.13388,-0.038964,0.14772,8.6747
3.8718,1.9879,0.13389,-0.038943,0.14785,8.6667
3.8718,1.9879,0.13389,-0.038918,0.14794,8.6751
3.8719,1.9879,0.1339,-0.038887,0.14801,8.6904
3.8719,1.9879,0.13391,-0.038855,0.14807,8.6891
3.872,1.9879,0.13392,-0.038817,0.14814,8.6896
3.8721,1.9879,0.13393,-0.038765,0.14823,8.6986
3.8721,1.9879,0.13393,-0.038717,0.14836,8.7004
3.8722,1.9879,0.13394,-0.038677,0.14847,8.695
3.8722,1.9879,0.13395,-0.038641,0.14862,8.7073
3.8723,1.9879,0.13396,-0.038613,0.14872,8.7058
3.8723,1.9879,0.13396,-0.038593,0.14879,8.6938
3.8724,1.9879,0.13397,-0.03857,0.14886,8.7024
3.8724,1.9879,0.13398,-0.038532,0.1489,8.7088
3.8725,1.9879,0.13399,-0.038479,0.14891,8.6966
3.8725,1.9879,0.134,-0.038405,0.14893,8.6976
3.8726,1.9879,0.134,-0.038315,0.14896,8.7045
3.8726,1.9879,0.13401,-0.038221,0.14902,8.6967
3.8727,1.9879,0.13402,-0.038124,0.14906,8.693
3.8727,1.9879,0.13403,-0.038033,0.14912,8.7025
3.8728,1.9879,0.13403,-0.037942,0.14926,8.6968
3.8728,1.9879,0.13404,-0.037861,0.14942,8.7005
3.8729,1.9879,0.13405,-0.037793,0.14959,8.7079
3.8729,1.9879,0.13406,-0.037713,0.14976,8.7088
3.873,1.9879,0.13407,-0.037633,0.14991,8.7008
3.8731,1.9879,0.13407,-0.03755,0.15003,8.7093
3.8731,1.9879,0.13408,-0.037456,0.15009,8.7167
3.8732,1.9879,0.13409,-0.037358,0.15013,8.7072
3.8732,1.9879,0.1341,-0.03727,0.15019,8.7155
3.8733,1.9879,0.13411,-0.037187,0.15024,8.7221
3.8733,1.9879,0.13411,-0.037105,0.1503,8.7246
3.8734,1.9879,0.13412,-0.037005,0.15033,8.7303
3.8734,1.9879,0.13413,-0.036901,0.15035,8.7396
3.8735,1.9879,0.13414,-0.036789,0.15033,8.7357
3.8735,1.9879,0.13415,-0.036673,0.1503,8.734
3.8736,1.9879,0.13415,-0.036551,0.15025,8.7451
3.8736,1.9879,0.13416,-0.036435,0.15021,8.7376
3.8737,1.9879,0.13417,-0.036315,0.15019,8.7292
3.8737,1.9879,0.13418,-0.036175,0.15023,8.7298
3.8738,1.9879,0.13418,-0.036037,0.15025,8.7306
3.8738,1.9879,0.13419,-0.035906,0.15027,8.7265
3.8739,1.9878,0.1342,-0.035782,0.15023,8.731
3.8739,1.9878,0.13421,-0.035653,0.15014,8.7336
3.874,1.9878,0.13422,-0.035532,0.14999,8.7273
3.8741,1.9878,0.13422,-0.035409,0.14982,8.7255
3.8741,1.9878,0.13423,-0.035282,0.14966,8.726
3.8742,1.9878,0.13424,-0.035142,0.14956,8.7183
3.8742,1.9878,0.13425,-0.035038,0.1495,8.7145
3.8743,1.9878,0.13426,-0.034939,0.14949,8.7233
3.8743,1.9878,0.13426,-0.034844,0.14953,8.7184
3.8744,1.9878,0.13427,-0.034744,0.14957,8.7152
3.8744,1.9878,0.13428,-0.034641,0.14953,8.7311
3.8745,1.9878,0.13429,-0.034512,0.14948,8.7334
3.8745,1.9878,0.1343,-0.03437,0.14939,8.7308
3.8746,1.9878,0.1343,-0.034227,0.14925,8.7475
3.8746,1.9878,0.13431,-0.034102,0.14908,8.7463
3.8747,1.9878,0.13432,-0.033973,0.14894,8.7417
3.8747,1.9878,0.13433,-0.033851,0.14886,8.7439
3.8748,1.9878,0.13433,-0.033719,0.14881,8.7503
3.8748,1.9878,0.13434,-0.033581,0.14879,8.7441
3.8749,1.9878,0.13435,-0.033436,0.14881,8.7511
3.8749,1.9878,0.13436,-0.0333,0.14884,8.7609
3.875,1.9878,0.13437,-0.033185,0.14884,8.7529
3.8751,1.9878,0.13437,-0.033086,0.14884,8.754
3.8751,1.9878,0.13438,-0.032999,0.14883,8.7577
3.8752,1.9878,0.13439,-0.032919,0.14884,8.7429
3.8752,1.9878,0.1344,-0.032836,0.14884,8.7378
3.8753,1.9878,0.13441,-0.032756,0.14881,8.7384
3.8753,1.9878,0.13441,-0.032682,0.14872,8.7386
3.8754,1.9878,0.13442,-0.032605,0.14859,8.7249
3.8754,1.9878,0.13443,-0.032527,0.14843,8.7353
3.8755,1.9878,0.13444,-0.032449,0.14827,8.7385
3.8755,1.9878,0.13444,-0.032376,0.1481,8.7289
3.8756,1.9878,0.13445,-0.032299,0.14796,8.7247
3.8756,1.9878,0.13446,-0.032223,0.14782,8.7352
3.8757,1.9878,0.13447,-0.032153,0.14768,8.7205
3.8757,1.9878,0.13448,-0.032094,0.14755,8.7096
3.8758,1.9878,0.13448,-0.032041,0.14744,8.723
3.8758,1.9878,0.13449,-0.031992,0.14734,8.7136
3.8759,1.9878,0.1345,-0.031939,0.14725,8.7187
3.8759,1.9878,0.13451,-0.031886,0.14716,8.727
3.876,1.9878,0.13451,-0.031825,0.14707,8.7261
3.8761,1.9878,0.13452,-0.031762,0.14701,8.7248
3.8761,1.9878,0.13453,-0.031704,0.14698,8.7336
3.8762,1.9878,0.13454,-0.031659,0.14698,8.736
3.8762,1.9878,0.13454,-0.031628,0.14698,8.7275
3.8763,1.9878,0.13455,-0.031603,0.14697,8.7371
3.8763,1.9878,0.13456,-0.03158,0.14694,8.7432
3.8764,1.9878,0.13457,-0.031558,0.14691,8.7317
3.8764,1.9878,0.13458,-0.031539,0.14691,8.734
3.8765,1.9878,0.13458,-0.031519,0.14697,8.7434
3.8765,1.9878,0.13459,-0.031503,0.14705,8.7344
3.8766,1.9878,0.1346,-0.031489,0.14716,8.7284
3.8766,1.9878,0.13461,-0.031483,0.14727,8.7381
3.8767,1.9878,0.13461,-0.031475,0.14736,8.7284
3.8767,1.9878,0.13462,-0.03147,0.14742,8.7171
3.8768,1.9878,0.13463,-0.031468,0.14748,8.7149
3.8768,1.9878,0.13464,-0.031471,0.14756,8.7126
3.8769,1.9878,0.13465,-0.031476,0.14765,8.7048
3.8769,1.9877,0.13465,-0.031492,0.14773,8.7113
3.877,1.9877,0.13466,-0.031512,0.1478,8.7335
3.8771,1.9877,0.13467,-0.031543,0.14788,8.719
3.8771,1.9877,0.13468,-0.031583,0.14797,8.723
3.8772,1.9877,0.13468,-0.031621,0.14806,8.7241
3.8772,1.9877,0.13469,-0.031655,0.14818,8.7114
3.8773,1.9877,0.1347,-0.031694,0.1483,8.7151
3.8773,1.9877,0.13471,-0.031734,0.14843,8.7256
3.8774,1.9877,0.13472,-0.03178,0.14855,8.7225
3.8774,1.9877,0.13472,-0.031833,0.14867,8.7175
3.8775,1.9877,0.13473,-0.031899,0.14879,8.7275
3.8775,1.9877,0.13474,-0.031976,0.1489,8.7279
3.8776,1.9877,0.13475,-0.032049,0.14902,8.7237
3.8776,1.9877,0.13475,-0.032122,0.14915,8.7359
3.8777,1.9877,0.13476,-0.032197,0.1493,8.7355
3.8777,1.9877,0.13477,-0.032277,0.14944,8.7284
3.8778,1.9877,0.13478,-0.032358,0.1496,8.7311
3.8778,1.9877,0.13479,-0.032444,0.14981,8.7393
3.8779,1.9877,0.13479,-0.032536,0.15005,8.721
3.8779,1.9877,0.1348,-0.032623,0.15032,8.7354
3.878,1.9877,0.13481,-0.032707,0.15059,8.7451
3.8781,1.9877,0.13482,-0.032786,0.15085,8.7363
3.8781,1.9877,0.13483,-0.032864,0.1511,8.7384
3.8782,1.9877,0.13483,-0.032945,0.15131,8.744
3.8782,1.9877,0.13484,-0.033027,0.15152,8.7353
3.8783,1.9877,0.13485,-0.033117,0.15173,8.7329
3.8783,1.9877,0.13486,-0.033213,0.15194,8.7354
3.8784,1.9877,0.13487,-0.033313,0.15215,8.7361
3.8784,1.9877,0.13487,-0.033414,0.1524,8.7245
3.8785,1.9877,0.13488,-0.033516,0.15268,8.7357
3.8785,1.9877,0.13489,-0.033615,0.15299,8.7437
3.8786,1.9877,0.1349,-0.033714,0.15329,8.7372
3.8786,1.9877,0.13491,-0.03381,0.15359,8.7462
3.8787,1.9877,0.13491,-0.033905,0.15391,8.753
3.8787,1.9877,0.13492,-0.034001,0.15421,8.7501
3.8788,1.9877,0.13493,-0.0341,0.15453,8.7493
3.8788,1.9877,0.13494,-0.0342,0.15486,8.7596
3.8789,1.9877,0.13495,-0.034301,0.15519,8.758
3.8789,1.9877,0.13496,-0.034406,0.15551,8.7543
3.879,1.9877,0.13496,-0.034514,0.1558,8.7743
3.8791,1.9877,0.13497,-0.034624,0.15609,8.7723
3.8791,1.9877,0.13498,-0.034735,0.15638,8.7576
3.8792,1.9877,0.13499,-0.034851,0.15667,8.7718
3.8792,1.9877,0.135,-0.034977,0.15696,8.774
3.8793,1.9877,0.135,-0.035102,0.15724,8.7602
3.8793,1.9877,0.13501,-0.03522,0.15752,8.7671
3.8794,1.9877,0.13502,-0.035324,0.1578,8.7679
3.8794,1.9877,0.13503,-0.035413,0.15808,8.7558
3.8795,1.9877,0.13504,-0.035485,0.15835,8.7555
3.8795,1.9877,0.13505,-0.035543,0.15862,8.7657
3.8796,1.9877,0.13505,-0.035602,0.15887,8.7586
3.8796,1.9877,0.13506,-0.035666,0.15916,8.7532
3.8797,1.9877,0.13507,-0.035735,0.15946,8.7639
3.8797,1.9877,0.13508,-0.035809,0.15974,8.7497
3.8798,1.9877,0.13509,-0.035885,0.16,8.7425
3.8798,1.9877,0.1351,-0.035964,0.16026,8.7485
3.8799,1.9877,0.1351,-0.036043,0.16051,8.7455
3.8799,1.9876,0.13511,-0.036116,0.16077,8.7326
3.88,1.9876,0.13512,-0.036184,0.16106,8.747
3.8801,1.9876,0.13513,-0.036245,0.16139,8.7472
3.8801,1.9876,0.13514,-0.036305,0.16171,8.7423
3.8802,1.9876,0.13515,-0.036357,0.16195,8.7423
3.8802,1.9876,0.13516,-0.036407,0.16214,8.7479
3.8803,1.9876,0.13516,-0.036457,0.16233,8.7403
3.8803,1.9876,0.13517,-0.03651,0.16252,8.7448
3.8804,1.9876,0.13518,-0.036559,0.16277,8.7481
3.8804,1.9876,0.13519,-0.036599,0.16312,8.7397
3.8805,1.9876,0.1352,-0.036645,0.16352,8.7322
3.8805,1.9876,0.13521,-0.036697,0.16394,8.7475
3.8806,1.9876,0.13522,-0.036761,0.16431,8.7523
3.8806,1.9876,0.13522,-0.036845,0.16464,8.7401
3.8807,1.9876,0.13523,-0.036938,0.16494,8.7423
3.8807,1.9876,0.13524,-0.03703,0.1652,8.7461
3.8808,1.9876,0.13525,-0.037109,0.16543,8.7284
3.8808,1.9876,0.13526,-0.037164,0.16563,8.7318
3.8809,1.9876,0.13527,-0.0372,0.1658,8.7322
3.8809,1.9876,0.13528,-0.037228,0.16596,8.7185
3.881,1.9876,0.13529,-0.037255,0.16614,8.7188
3.8811,1.9876,0.13529,-0.037291,0.16636,8.7263
3.8811,1.9876,0.1353,-0.037327,0.16659,8.7109
3.8812,1.9876,0.13531,-0.037361,0.16686,8.7083
3.8812,1.9876,0.13532,-0.037387,0.16714,8.7186
3.8813,1.9876,0.13533,-0.037406,0.16735,8.7075
3.8813,1.9876,0.13534,-0.037424,0.16757,8.7042
3.8814,1.9876,0.13535,-0.037442,0.1678,8.7056
3.8814,1.9876,0.13536,-0.03746,0.16807,8.6967
3.8815,1.9876,0.13537,-0.037474,0.16835,8.6836
3.8815,1.9876,0.13537,-0.037491,0.16859,8.6994
3.8816,1.9876,0.13538,-0.037506,0.16881,8.6997
3.8816,1.9876,0.13539,-0.03752,0.16899,8.6928
3.8817,1.9876,0.1354,-0.037531,0.16912,8.6941
3.8817,1.9876,0.13541,-0.037543,0.16925,8.702
3.8818,1.9876,0.13542,-0.037552,0.16942,8.6919
3.8818,1.9876,0.13543,-0.037554,0.16963,8.6895
3.8819,1.9876,0.13544,-0.037551,0.16984,8.7047
3.8819,1.9876,0.13545,-0.037551,0.17004,8.692
3.882,1.9876,0.13545,-0.037552,0.17025,8.6838
3.8821,1.9876,0.13546,-0.037553,0.17043,8.6916
3.8821,1.9876,0.13547,-0.037547,0.17062,8.6934
3.8822,1.9876,0.13548,-0.037534,0.17076,8.6889
3.8822,1.9876,0.13549,-0.037517,0.17093,8.6968
3.8823,1.9876,0.1355,-0.037493,0.17111,8.6911
3.8823,1.9876,0.13551,-0.037486,0.17126,8.6851
3.8824,1.9876,0.13552,-0.037485,0.17147,8.6827
3.8824,1.9876,0.13553,-0.037483,0.17171,8.6783
3.8825,1.9876,0.13554,-0.037494,0.17196,8.6679
3.8825,1.9876,0.13554,-0.037505,0.17219,8.6701
3.8826,1.9876,0.13555,-0.037493,0.17237,8.6787
3.8826,1.9875,0.13556,-0.037475,0.17255,8.6679
3.8827,1.9875,0.13557,-0.03745,0.17272,8.6721
3.8827,1.9875,0.13558,-0.037419,0.17285,8.6869
3.8828,1.9875,0.13559,-0.037371,0.17299,8.6777
3.8828,1.9875,0.1356,-0.037311,0.17314,8.6724
3.8829,1.9875,0.13561,-0.037261,0.1733,8.6809
3.8829,1.9875,0.13562,-0.037201,0.17346,8.6829
3.883,1.9875,0.13563,-0.037142,0.17362,8.667
3.8831,1.9875,0.13564,-0.037097,0.17377,8.6811
3.8831,1.9875,0.13564,-0.037069,0.17393,8.6887
3.8832,1.9875,0.13565,-0.037039,0.17408,8.6805
3.8832,1.9875,0.13566,-0.037016,0.17423,8.6931
3.8833,1.9875,0.13567,-0.036994,0.17436,8.7003
3.8833,1.9875,0.13568,-0.036984,0.17451,8.6875
3.8834,1.9875,0.13569,-0.036971,0.17467,8.6939
3.8834,1.9875,0.1357,-0.036954,0.17485,8.7024
3.8835,1.9875,0.13571,-0.036928,0.17504,8.6935
3.8835,1.9875,0.13572,-0.036901,0.17526,8.6851
3.8836,1.9875,0.13573,-0.036877,0.17544,8.7046
3.8836,1.9875,0.13574,-0.036858,0.17558,8.6943
3.8837,1.9875,0.13575,-0.036846,0.17564,8.69
3.8837,1.9875,0.13576,-0.036836,0.17572,8.6984
3.8838,1.9875,0.13576,-0.036816,0.1758,8.7031
3.8838,1.9875,0.13577,-0.036786,0.17593,8.6926
3.8839,1.9875,0.13578,-0.036758,0.17613,8.6938
3.8839,1.9875,0.13579,-0.036727,0.17643,8.7036
3.884,1.9875,0.1358,-0.036711,0.17672,8.6891
3.8841,1.9875,0.13581,-0.036701,0.177,8.6868
3.8841,1.9875,0.13582,-0.036691,0.17723,8.6949
3.8842,1.9875,0.13583,-0.036658,0.17741,8.6862
3.8842,1.9875,0.13584,-0.036618,0.17755,8.6918
3.8843,1.9875,0.13585,-0.036577,0.17762,8.7028
3.8843,1.9875,0.13586,-0.036539,0.17768,8.6977
3.8844,1.9875,0.13587,-0.036499,0.1778,8.6925
3.8844,1.9875,0.13588,-0.03647,0.17793,8.6965
3.8845,1.9875,0.13589,-0.036446,0.17809,8.6988
3.8845,1.9875,0.13589,-0.036421,0.1783,8.6808
3.8846,1.9875,0.1359,-0.036387,0.17852,8.6906
3.8846,1.9875,0.13591,-0.036355,0.17873,8.6976
3.8847,1.9875,0.13592,-0.036321,0.1789,8.6932
3.8847,1.9875,0.13593,-0.03629,0.17902,8.698
3.8848,1.9875,0.13594,-0.03626,0.17907,8.7065
3.8848,1.9875,0.13595,-0.036232,0.17905,8.6985
3.8849,1.9875,0.13596,-0.03621,0.17897,8.699
3.8849,1.9875,0.13597,-0.036191,0.17886,8.7082
3.885,1.9875,0.13598,-0.036175,0.17874,8.6939
3.8851,1.9875,0.13599,-0.036161,0.17864,8.6817
3.8851,1.9875,0.136,-0.036146,0.17854,8.6917
3.8852,1.9875,0.13601,-0.036133,0.17844,8.6871
3.8852,1.9875,0.13602,-0.036117,0.17834,8.682
3.8853,1.9875,0.13603,-0.0361,0.17831,8.6903
3.8853,1.9875,0.13604,-0.036082,0.17827,8.6955
3.8854,1.9874,0.13605,-0.036062,0.17823,8.6817
3.8854,1.9874,0.13605,-0.036042,0.17822,8.6852
3.8855,1.9874,0.13606,-0.036021,0.17823,8.6864
3.8855,1.9874,0.13607,-0.035998,0.17823,8.6777
3.8856,1.9874,0.13608,-0.035975,0.17825,8.6791
3.8856,1.9874,0.13609,-0.035956,0.17831,8.6879
3.8857,1.9874,0.1361,-0.035927,0.1784,8.6813
3.8857,1.9874,0.13611,-0.035892,0.17848,8.6899
3.8858,1.9874,0.13612,-0.035853,0.17858,8.7007
3.8858,1.9874,0.13613,-0.035812,0.17868,8.6976
3.8859,1.9874,0.13614,-0.035772,0.17879,8.6967
3.8859,1.9874,0.13615,-0.035736,0.1789,8.7068
3.886,1.9874,0.13616,-0.035706,0.17903,8.7032
3.8861,1.9874,0.13617,-0.035684,0.17916,8.6935
3.8861,1.9874,0.13618,-0.035656,0.1793,8.7004
3.8862,1.9874,0.13619,-0.035627,0.17945,8.7074
3.8862,1.9874,0.1362,-0.035597,0.1796,8.7029
3.8863,1.9874,0.13621,-0.035567,0.17976,8.7074
3.8863,1.9874,0.13621,-0.035536,0.17993,8.709
3.8864,1.9874,0.13622,-0.035509,0.18011,8.6958
3.8864,1.9874,0.13623,-0.035474,0.18029,8.6884
3.8865,1.9874,0.13624,-0.035437,0.18048,8.69
3.8865,1.9874,0.13625,-0.035387,0.18067,8.6779
3.8866,1.9874,0.13626,-0.035331,0.18087,8.6635
3.8866,1.9874,0.13627,-0.035273,0.18108,8.673
3.8867,1.9874,0.13628,-0.035218,0.18129,8.663
3.8867,1.9874,0.13629,-0.035171,0.18151,8.661
3.8868,1.9874,0.1363,-0.035143,0.18174,8.6673
3.8868,1.9874,0.13631,-0.035111,0.18196,8.672
3.8869,1.9874,0.13632,-0.035078,0.1822,8.6615
3.8869,1.9874,0.13633,-0.035027,0.18244,8.6699
3.887,1.9874,0.13634,-0.034962,0.18268,8.6749
3.8871,1.9874,0.13635,-0.034885,0.18293,8.662
3.8871,1.9874,0.13636,-0.034801,0.18319,8.6633
3.8872,1.9874,0.13637,-0.034717,0.18345,8.6728
3.8872,1.9874,0.13638,-0.03464,0.18371,8.6683
3.8873,1.9874,0.13639,-0.034567,0.18398,8.6769
3.8873,1.9874,0.1364,-0.034496,0.18425,8.6854
3.8874,1.9874,0.13641,-0.034427,0.18452,8.6792
3.8874,1.9874,0.13642,-0.034362,0.1848,8.6784
3.8875,1.9874,0.13643,-0.034299,0.18508,8.6826
3.8875,1.9874,0.13644,-0.034238,0.18537,8.6738
3.8876,1.9874,0.13645,-0.034181,0.18566,8.6708
3.8876,1.9874,0.13646,-0.034127,0.18595,8.6707
3.8877,1.9874,0.13647,-0.034076,0.18624,8.6773
3.8877,1.9874,0.13647,-0.034023,0.18654,8.6764
3.8878,1.9874,0.13648,-0.033966,0.18684,8.6734
3.8878,1.9874,0.13649,-0.033906,0.18714,8.686
3.8879,1.9874,0.1365,-0.033848,0.18745,8.6714
3.8879,1.9874,0.13651,-0.033792,0.18775,8.6713
3.888,1.9874,0.13652,-0.033742,0.18806,8.6708
3.8881,1.9874,0.13653,-0.033702,0.18837,8.6562
3.8881,1.9874,0.13654,-0.033667,0.18868,8.6534
3.8882,1.9874,0.13655,-0.033636,0.18899,8.6605
3.8882,1.9873,0.13656,-0.033606,0.1893,8.6586
3.8883,1.9873,0.13657,-0.033579,0.18961,8.652
3.8883,1.9873,0.13658,-0.033553,0.18993,8.6609
3.8884,1.9873,0.13659,-0.033531,0.19024,8.662
3.8884,1.9873,0.1366,-0.033511,0.19057,8.6494
3.8885,1.9873,0.13661,-0.033493,0.19089,8.6664
3.8885,1.9873,0.13662,-0.033476,0.19119,8.6718
3.8886,1.9873,0.13663,-0.033461,0.19145,8.6617
3.8886,1.9873,0.13664,-0.033448,0.19167,8.6665
3.8887,1.9873,0.13665,-0.033438,0.19187,8.6744
3.8887,1.9873,0.13666,-0.033431,0.19205,8.6675
3.8888,1.9873,0.13667,-0.033427,0.19223,8.6715
3.8888,1.9873,0.13668,-0.033426,0.19242,8.6887
3.8889,1.9873,0.13669,-0.033427,0.1926,8.6882
3.8889,1.9873,0.13671,-0.033429,0.19278,8.6808
3.889,1.9873,0.13672,-0.033432,0.19295,8.6951
3.8891,1.9873,0.13673,-0.03344,0.19315,8.6894
3.8891,1.9873,0.13674,-0.033447,0.19337,8.6803
3.8892,1.9873,0.13675,-0.033455,0.19362,8.6898
3.8892,1.9873,0.13676,-0.033466,0.19387,8.6926
3.8893,1.9873,0.13677,-0.033478,0.19413,8.6801
3.8893,1.9873,0.13678,-0.033492,0.19438,8.6945
3.8894,1.9873,0.13679,-0.03351,0.19461,8.7005
3.8894,1.9873,0.1368,-0.033533,0.19484,8.6914
3.8895,1.9873,0.13681,-0.033563,0.19508,8.6978
3.8895,1.9873,0.13682,-0.03359,0.19533,8.7088
3.8896,1.9873,0.13683,-0.033621,0.19557,8.6931
3.8896,1.9873,0.13684,-0.033647,0.19582,8.6868
3.8897,1.9873,0.13685,-0.033668,0.1961,8.6932
3.8897,1.9873,0.13686,-0.033685,0.19641,8.6928
3.8898,1.9873,0.13687,-0.033698,0.19673,8.689
3.8898,1.9873,0.13688,-0.033707,0.19704,8.7012
3.8899,1.9873,0.13689,-0.033721,0.19735,8.7055
3.8899,1.9873,0.1369,-0.033738,0.19763,8.7022
3.89,1.9873,0.13691,-0.03376,0.19787,8.7164
3.8901,1.9873,0.13692,-0.033784,0.19817,8.7192
3.8901,1.9873,0.13693,-0.033814,0.19854,8.7121
3.8902,1.9873,0.13694,-0.033849,0.19897,8.7139
3.8902,1.9873,0.13695,-0.033884,0.19941,8.726
3.8903,1.9873,0.13696,-0.033915,0.19985,8.7166
3.8903,1.9873,0.13697,-0.033952,0.20024,8.7219
3.8904,1.9873,0.13698,-0.033989,0.20058,8.7303
3.8904,1.9873,0.13699,-0.034024,0.20086,8.7301
3.8905,1.9873,0.13701,-0.03406,0.20115,8.7256
3.8905,1.9873,0.13702,-0.034097,0.20145,8.7387
3.8906,1.9873,0.13703,-0.034134,0.20175,8.7281
3.8906,1.9873,0.13704,-0.034174,0.20205,8.7154
3.8907,1.9873,0.13705,-0.034217,0.20233,8.7226
3.8907,1.9873,0.13706,-0.034267,0.20263,8.7212
3.8908,1.9873,0.13707,-0.034323,0.20296,8.709
3.8908,1.9873,0.13708,-0.034385,0.20331,8.714
3.8909,1.9873,0.13709,-0.034451,0.20367,8.7236
3.8909,1.9873,0.1371,-0.034508,0.20405,8.7135
3.891,1.9873,0.13711,-0.034558,0.20443,8.7204
3.8911,1.9873,0.13712,-0.034605,0.20479,8.7322
3.8911,1.9873,0.13713,-0.034652,0.20515,8.7112
3.8912,1.9872,0.13714,-0.034705,0.20552,8.7126
3.8912,1.9872,0.13716,-0.034768,0.20596,8.7188
3.8913,1.9872,0.13717,-0.03483,0.20643,8.7181
3.8913,1.9872,0.13718,-0.034894,0.20689,8.7067
3.8914,1.9872,0.13719,-0.034955,0.20731,8.7253
3.8914,1.9872,0.1372,-0.035018,0.20766,8.7289
3.8915,1.9872,0.13721,-0.035081,0.208,8.7189
3.8915,1.9872,0.13722,-0.035145,0.20836,8.7385
3.8916,1.9872,0.13723,-0.035212,0.20871,8.7421
3.8916,1.9872,0.13724,-0.035282,0.20914,8.7346
3.8917,1.9872,0.13725,-0.035345,0.20958,8.7343
3.8917,1.9872,0.13726,-0.035409,0.21007,8.7454
3.8918,1.9872,0.13728,-0.035477,0.21054,8.7295
3.8918,1.9872,0.13729,-0.03554,0.21102,8.7298
3.8919,1.9872,0.1373,-0.035594,0.2115,8.747
3.8919,1.9872,0.13731,-0.035644,0.21196,8.7376
3.892,1.9872,0.13732,-0.035692,0.2124,8.7317
3.8921,1.9872,0.13733,-0.035745,0.21281,8.74
3.8921,1.9872,0.13734,-0.035806,0.21322,8.7305
3.8922,1.9872,0.13735,-0.035876,0.21364,8.7205
3.8922,1.9872,0.13737,-0.035947,0.21405,8.7169
3.8923,1.9872,0.13738,-0.036005,0.21444,8.7181
3.8923,1.9872,0.13739,-0.03606,0.21478,8.7061
3.8924,1.9872,0.1374,-0.036112,0.21506,8.7059
3.8924,1.9872,0.13741,-0.036155,0.21535,8.715
3.8925,1.9872,0.13742,-0.036201,0.21565,8.7095
3.8925,1.9872,0.13743,-0.036259,0.21597,8.7123
3.8926,1.9872,0.13744,-0.036327,0.21631,8.721
3.8926,1.9872,0.13746,-0.036394,0.2167,8.7085
3.8927,1.9872,0.13747,-0.036468,0.21713,8.7093
3.8927,1.9872,0.13748,-0.036541,0.21755,8.7177
3.8928,1.9872,0.13749,-0.036614,0.21795,8.7113
3.8928,1.9872,0.1375,-0.036689,0.21839,8.7037
3.8929,1.9872,0.13751,-0.036771,0.2188,8.7182
3.8929,1.9872,0.13753,-0.036858,0.21916,8.7201
3.893,1.9872,0.13754,-0.036943,0.21949,8.7161
3.8931,1.9872,0.13755,-0.037019,0.21982,8.726
3.8931,1.9872,0.13756,-0.03709,0.22012,8.7303
3.8932,1.9872,0.13757,-0.037146,0.22038,8.7223
3.8932,1.9872,0.13758,-0.037202,0.22066,8.7291
3.8933,1.9872,0.13759,-0.037262,0.22099,8.7255
3.8933,1.9872,0.13761,-0.037322,0.22136,8.716
3.8934,1.9872,0.13762,-0.037385,0.22175,8.7171
3.8934,1.9872,0.13763,-0.037445,0.22213,8.7196
3.8935,1.9872,0.13764,-0.037508,0.22245,8.7185
3.8935,1.9872,0.13765,-0.037562,0.22275,8.7184
3.8936,1.9872,0.13766,-0.037614,0.22305,8.7264
3.8936,1.9872,0.13768,-0.037674,0.22338,8.7144
3.8937,1.9872,0.13769,-0.037739,0.22375,8.6991
3.8937,1.9872,0.1377,-0.037811,0.22415,8.6988
3.8938,1.9872,0.13771,-0.037891,0.22456,8.6966
3.8938,1.9872,0.13772,-0.03797,0.22495,8.6831
3.8939,1.9871,0.13774,-0.038055,0.22528,8.6977
3.8939,1.9871,0.13775,-0.038132,0.22562,8.7058
3.894,1.9871,0.13776,-0.038205,0.22595,8.6945
3.8941,1.9871,0.13777,-0.038279,0.22627,8.6986
3.8941,1.9871,0.13778,-0.038352,0.22657,8.7102
3.8942,1.9871,0.1378,-0.03842,0.22687,8.7
3.8942,1.9871,0.13781,-0.038488,0.22715,8.7045
3.8943,1.9871,0.13782,-0.038557,0.2274,8.71
3.8943,1.9871,0.13783,-0.038633,0.22768,8.7096
3.8944,1.9871,0.13784,-0.038711,0.22795,8.7016
3.8944,1.9871,0.13786,-0.038793,0.22827,8.722
3.8945,1.9871,0.13787,-0.038878,0.22857,8.7236
3.8945,1.9871,0.13788,-0.038963,0.22891,8.7203
3.8946,1.9871,0.13789,-0.039047,0.22923,8.7284
3.8946,1.9871,0.1379,-0.039132,0.22952,8.7283
3.8947,1.9871,0.13792,-0.039213,0.22976,8.724
3.8947,1.9871,0.13793,-0.039292,0.23008,8.7282
3.8948,1.9871,0.13794,-0.039368,0.23035,8.7331
3.8948,1.9871,0.13795,-0.039438,0.23068,8.7282
3.8949,1.9871,0.13796,-0.039501,0.231,8.7348
3.8949,1.9871,0.13798,-0.039558,0.23135,8.743
3.895,1.9871,0.13799,-0.03961,0.23163,8.7385
3.8951,1.9871,0.138,-0.039658,0.2319,8.7394
3.8951,1.9871,0.13801,-0.039699,0.23213,8.7518
3.8952,1.9871,0.13802,-0.039739,0.23242,8.7402
3.8952,1.9871,0.13804,-0.039776,0.23265,8.7392
3.8953,1.9871,0.13805,-0.03981,0.23294,8.7363
3.8953,1.9871,0.13806,-0.039842,0.23323,8.7314
3.8954,1.9871,0.13807,-0.039872,0.23353,8.7257
3.8954,1.9871,0.13809,-0.039899,0.23379,8.7346
3.8955,1.9871,0.1381,-0.039923,0.23408,8.7444
3.8955,1.9871,0.13811,-0.039944,0.23431,8.7424
3.8956,1.9871,0.13812,-0.039957,0.23458,8.7478
3.8956,1.9871,0.13814,-0.039977,0.23479,8.764
3.8957,1.9871,0.13815,-0.040001,0.23504,8.7514
3.8957,1.9871,0.13816,-0.04003,0.23523,8.7578
3.8958,1.9871,0.13817,-0.040056,0.23545,8.7624
3.8958,1.9871,0.13819,-0.040077,0.2356,8.7627
3.8959,1.9871,0.1382,-0.040093,0.23578,8.7601
3.8959,1.9871,0.13821,-0.040097,0.23589,8.7668
3.896,1.9871,0.13822,-0.040086,0.23604,8.7657
3.8961,1.9871,0.13823,-0.04008,0.23612,8.757
3.8961,1.9871,0.13825,-0.040072,0.23625,8.7651
3.8962,1.9871,0.13826,-0.040061,0.23632,8.7672
3.8962,1.9871,0.13827,-0.040041,0.23644,8.7532
3.8963,1.9871,0.13828,-0.040015,0.23651,8.7595
3.8963,1.9871,0.1383,-0.039979,0.23664,8.7534
3.8964,1.9871,0.13831,-0.039942,0.23672,8.7374
3.8964,1.9871,0.13832,-0.039904,0.23685,8.7359
3.8965,1.987,0.13833,-0.039878,0.23693,8.7369
3.8965,1.987,0.13835,-0.039859,0.23704,8.7255
3.8966,1.987,0.13836,-0.039842,0.23709,8.7244
3.8966,1.987,0.13837,-0.039821,0.23719,8.7388
3.8967,1.987,0.13838,-0.039789,0.23723,8.7275
3.8967,1.987,0.1384,-0.039741,0.23732,8.7235
3.8968,1.987,0.13841,-0.039694,0.23734,8.7266
3.8968,1.987,0.13842,-0.039648,0.23742,8.7215
3.8969,1.987,0.13843,-0.039626,0.23742,8.7164
3.8969,1.987,0.13845,-0.039619,0.23747,8.7226
3.897,1.987,0.13846,-0.039625,0.23745,8.7298
3.8971,1.987,0.13847,-0.039643,0.23747,8.7249
3.8971,1.987,0.13848,-0.039664,0.23743,8.7295
3.8972,1.987,0.1385,-0.039684,0.23743,8.7432
3.8972,1.987,0.13851,-0.039702,0.23737,8.7445
3.8973,1.987,0.13852,-0.039723,0.23734,8.745
3.8973,1.987,0.13853,-0.039746,0.23724,8.7414
3.8974,1.987,0.13855,-0.039766,0.23718,8.7326
3.8974,1.987,0.13856,-0.039786,0.23707,8.7239
3.8975,1.987,0.13857,-0.039805,0.23699,8.7372
3.8975,1.987,0.13858,-0.039823,0.23686,8.7336
3.8976,1.987,0.1386,-0.03984,0.23678,8.7211
3.8976,1.987,0.13861,-0.039856,0.23663,8.729
3.8977,1.987,0.13862,-0.039872,0.23651,8.7244
3.8977,1.987,0.13863,-0.039887,0.23633,8.709
3.8978,1.987,0.13865,-0.039901,0.23618,8.7067
3.8978,1.987,0.13866,-0.039915,0.23598,8.7077
3.8979,1.987,0.13867,-0.039919,0.23582,8.6929
3.8979,1.987,0.13868,-0.039937,0.2356,8.6899
3.898,1.987,0.1387,-0.039956,0.23542,8.7003
3.8981,1.987,0.13871,-0.039994,0.23518,8.6829
3.8981,1.987,0.13872,-0.040035,0.23497,8.6798
3.8982,1.987,0.13873,-0.040094,0.23471,8.6961
3.8982,1.987,0.13875,-0.040145,0.23448,8.6885
3.8983,1.987,0.13876,-0.040201,0.23419,8.6805
3.8983,1.987,0.13877,-0.040232,0.23394,8.6845
3.8984,1.987,0.13878,-0.040277,0.23361,8.6838
3.8984,1.987,0.13879,-0.040299,0.23332,8.6793
3.8985,1.987,0.13881,-0.040333,0.233,8.6849
3.8985,1.987,0.13882,-0.040342,0.23276,8.6972
3.8986,1.987,0.13883,-0.04036,0.23251,8.6891
3.8986,1.987,0.13884,-0.040352,0.23234,8.6994
3.8987,1.987,0.13886,-0.040357,0.23215,8.7072
3.8987,1.987,0.13887,-0.040339,0.23203,8.7033
3.8988,1.987,0.13888,-0.040341,0.23185,8.7039
3.8988,1.987,0.13889,-0.040332,0.23171,8.7049
3.8989,1.987,0.1389,-0.040352,0.23152,8.6965
3.8989,1.9869,0.13892,-0.040348,0.23137,8.6899
3.899,1.9869,0.13893,-0.040358,0.23116,8.6996
3.8991,1.9869,0.13894,-0.040349,0.23097,8.6865
3.8991,1.9869,0.13895,-0.040358,0.23072,8.6766
3.8992,1.9869,0.13897,-0.040345,0.23052,8.6951
3.8992,1.9869,0.13898,-0.040345,0.23027,8.6912
3.8993,1.9869,0.13899,-0.040326,0.23007,8.6756
3.8993,1.9869,0.139,-0.040327,0.22985,8.6796
3.8994,1.9869,0.13901,-0.040291,0.22968,8.682
3.8994,1.9869,0.13903,-0.040265,0.22946,8.6613
3.8995,1.9869,0.13904,-0.040204,0.22933,8.6605
3.8995,1.9869,0.13905,-0.040156,0.22919,8.6674
3.8996,1.9869,0.13906,-0.040093,0.22909,8.6541
3.8996,1.9869,0.13907,-0.040058,0.22896,8.6594
3.8997,1.9869,0.13909,-0.040014,0.22884,8.6704
3.8997,1.9869,0.1391,-0.040002,0.22865,8.6711
3.8998,1.9869,0.13911,-0.039974,0.22849,8.6683
3.8998,1.9869,0.13912,-0.039973,0.22826,8.6818
3.8999,1.9869,0.13913,-0.039944,0.22815,8.6835
3.8999,1.9869,0.13915,-0.039928,0.22806,8.6716
3.9,1.9869,0.13916,-0.039888,0.22801,8.6753
3.9001,1.9869,0.13917,-0.039862,0.22789,8.6896
3.9001,1.9869,0.13918,-0.039808,0.22781,8.6762
3.9002,1.9869,0.13919,-0.039768,0.2277,8.6863
3.9002,1.9869,0.13921,-0.039704,0.22764,8.7034
3.9003,1.9869,0.13922,-0.039664,0.22754,8.6971
3.9003,1.9869,0.13923,-0.039591,0.22751,8.6935
3.9004,1.9869,0.13924,-0.039528,0.22745,8.7036
3.9004,1.9869,0.13925,-0.039439,0.22732,8.6938
3.9005,1.9869,0.13927,-0.039367,0.22709,8.6839
3.9005,1.9869,0.13928,-0.039278,0.22692,8.6897
3.9006,1.9869,0.13929,-0.039218,0.22672,8.6876
3.9006,1.9869,0.1393,-0.039135,0.22661,8.6783
3.9007,1.9869,0.13931,-0.039081,0.22653,8.681
3.9007,1.9869,0.13933,-0.039004,0.22654,8.6898
3.9008,1.9869,0.13934,-0.038957,0.22651,8.6755
3.9008,1.9869,0.13935,-0.03888,0.2265,8.6825
3.9009,1.9869,0.13936,-0.038829,0.22643,8.6791
3.9009,1.9869,0.13937,-0.038749,0.22641,8.6699
3.901,1.9869,0.13939,-0.03869,0.22631,8.6729
3.9011,1.9869,0.1394,-0.038591,0.22628,8.6787
3.9011,1.9869,0.13941,-0.038514,0.22619,8.67
3.9012,1.9869,0.13942,-0.038411,0.22612,8.6669
3.9012,1.9869,0.13943,-0.038338,0.22601,8.6863
3.9013,1.9869,0.13944,-0.038242,0.22588,8.6909
3.9013,1.9869,0.13946,-0.03819,0.22567,8.6879
3.9014,1.9869,0.13947,-0.038112,0.22554,8.7037
3.9014,1.9869,0.13948,-0.038062,0.22533,8.694
3.9015,1.9868,0.13949,-0.037987,0.22519,8.6942
3.9015,1.9868,0.1395,-0.03794,0.22502,8.6966
3.9016,1.9868,0.13952,-0.037863,0.22491,8.7021
3.9016,1.9868,0.13953,-0.037818,0.22478,8.6874
3.9017,1.9868,0.13954,-0.037752,0.22463,8.6959
3.9017,1.9868,0.13955,-0.037718,0.22443,8.7029
3.9018,1.9868,0.13956,-0.037653,0.22429,8.6968
3.9018,1.9868,0.13958,-0.037606,0.22407,8.6973
3.9019,1.9868,0.13959,-0.037539,0.22389,8.7013
3.9019,1.9868,0.1396,-0.037499,0.22366,8.6886
3.902,1.9868,0.13961,-0.037437,0.22351,8.6802
3.9021,1.9868,0.13962,-0.037405,0.2233,8.684
3.9021,1.9868,0.13963,-0.037339,0.22314,8.6837
3.9022,1.9868,0.13965,-0.0373,0.22294,8.6795
3.9022,1.9868,0.13966,-0.037225,0.22284,8.6828
3.9023,1.9868,0.13967,-0.037173,0.22272,8.69
3.9023,1.9868,0.13968,-0.037092,0.22272,8.679
3.9024,1.9868,0.13969,-0.037043,0.22266,8.6886
3.9024,1.9868,0.1397,-0.036967,0.22266,8.6898
3.9025,1.9868,0.13972,-0.036929,0.2226,8.6745
3.9025,1.9868,0.13973,-0.03686,0.22261,8.6773
3.9026,1.9868,0.13974,-0.036828,0.2225,8.6935
3.9026,1.9868,0.13975,-0.036768,0.22241,8.6869
3.9027,1.9868,0.13976,-0.036744,0.22228,8.6915
3.9027,1.9868,0.13977,-0.036692,0.22223,8.7031
3.9028,1.9868,0.13979,-0.036681,0.22209,8.702
3.9028,1.9868,0.1398,-0.036641,0.22201,8.7011
3.9029,1.9868,0.13981,-0.03664,0.22193,8.7054
3.9029,1.9868,0.13982,-0.036608,0.22193,8.6984
3.903,1.9868,0.13983,-0.036608,0.22186,8.6877
3.9031,1.9868,0.13984,-0.03658,0.22189,8.6852
3.9031,1.9868,0.13986,-0.036592,0.22191,8.6823
3.9032,1.9868,0.13987,-0.03658,0.22198,8.6684
3.9032,1.9868,0.13988,-0.036609,0.22195,8.6734
3.9033,1.9868,0.13989,-0.036615,0.22193,8.6811
3.9033,1.9868,0.1399,-0.036662,0.22183,8.6718
3.9034,1.9868,0.13991,-0.036677,0.22179,8.6633
3.9034,1.9868,0.13993,-0.03672,0.22174,8.6745
3.9035,1.9868,0.13994,-0.036734,0.2218,8.659
3.9035,1.9868,0.13995,-0.036776,0.22182,8.6541
3.9036,1.9868,0.13996,-0.036792,0.22189,8.6551
3.9036,1.9868,0.13997,-0.036841,0.22189,8.6511
3.9037,1.9868,0.13998,-0.036866,0.2219,8.6444
3.9037,1.9868,0.14,-0.03692,0.22185,8.6535
3.9038,1.9868,0.14001,-0.036933,0.22185,8.6565
3.9038,1.9868,0.14002,-0.036972,0.22181,8.647
3.9039,1.9868,0.14003,-0.036989,0.22183,8.6563
3.9039,1.9868,0.14004,-0.03704,0.2218,8.667
3.904,1.9868,0.14005,-0.03707,0.2218,8.6595
3.9041,1.9868,0.14007,-0.037123,0.22177,8.6625
3.9041,1.9868,0.14008,-0.03715,0.22178,8.6696
3.9042,1.9868,0.14009,-0.037199,0.22175,8.6639
3.9042,1.9867,0.1401,-0.037215,0.2218,8.6609
3.9043,1.9867,0.14011,-0.037261,0.22176,8.68
3.9043,1.9867,0.14012,-0.037294,0.22177,8.6754
3.9044,1.9867,0.14014,-0.037363,0.22169,8.6696
3.9044,1.9867,0.14015,-0.037397,0.22163,8.6818
3.9045,1.9867,0.14016,-0.037449,0.22148,8.6724
3.9045,1.9867,0.14017,-0.037461,0.22139,8.6656
3.9046,1.9867,0.14018,-0.037493,0.22122,8.6724
3.9046,1.9867,0.14019,-0.037488,0.22115,8.6693
3.9047,1.9867,0.14021,-0.037512,0.22098,8.6582
3.9047,1.9867,0.14022,-0.037513,0.22091,8.6622
3.9048,1.9867,0.14023,-0.037557,0.22074,8.667
3.9048,1.9867,0.14024,-0.037583,0.22067,8.6572
3.9049,1.9867,0.14025,-0.037647,0.22051,8.6566
3.9049,1.9867,0.14026,-0.037681,0.22044,8.6612
3.905,1.9867,0.14028,-0.03774,0.2203,8.6598
3.9051,1.9867,0.14029,-0.037764,0.22025,8.6508
3.9051,1.9867,0.1403,-0.037813,0.22012,8.6563
3.9052,1.9867,0.14031,-0.03783,0.22008,8.6535
3.9052,1.9867,0.14032,-0.037882,0.21995,8.6375
3.9053,1.9867,0.14033,-0.037912,0.21989,8.6583
3.9053,1.9867,0.14035,-0.037977,0.21975,8.6647
3.9054,1.9867,0.14036,-0.038009,0.21969,8.6595
3.9054,1.9867,0.14037,-0.038069,0.21955,8.6713
3.9055,1.9867,0.14038,-0.038098,0.2195,8.6738
3.9055,1.9867,0.14039,-0.038153,0.21937,8.6736
3.9056,1.9867,0.1404,-0.03818,0.2193,8.6767
3.9056,1.9867,0.14041,-0.038239,0.21917,8.6832
3.9057,1.9867,0.14043,-0.038273,0.21916,8.6753
3.9057,1.9867,0.14044,-0.03835,0.21911,8.6737
3.9058,1.9867,0.14045,-0.038404,0.21917,8.6927
3.9058,1.9867,0.14046,-0.03849,0.21915,8.6892
3.9059,1.9867,0.14047,-0.038555,0.21921,8.6833
3.9059,1.9867,0.14048,-0.038655,0.21916,8.695
3.906,1.9867,0.1405,-0.038727,0.21918,8.69
3.9061,1.9867,0.14051,-0.038823,0.21913,8.6836
3.9061,1.9867,0.14052,-0.038889,0.21919,8.6905
3.9062,1.9867,0.14053,-0.038991,0.21916,8.6906
3.9062,1.9867,0.14054,-0.039068,0.21921,8.6747
3.9063,1.9867,0.14055,-0.039178,0.21918,8.6863
3.9063,1.9867,0.14056,-0.039273,0.21926,8.6967
3.9064,1.9867,0.14058,-0.039407,0.21925,8.692
3.9064,1.9867,0.14059,-0.039511,0.21935,8.6941
3.9065,1.9867,0.1406,-0.039637,0.21935,8.7073
3.9065,1.9867,0.14061,-0.039736,0.21939,8.6969
3.9066,1.9867,0.14062,-0.039862,0.2193,8.6977
3.9066,1.9867,0.14063,-0.039967,0.21928,8.7056
3.9067,1.9867,0.14065,-0.040096,0.21921,8.6976
3.9067,1.9867,0.14066,-0.040204,0.21928,8.6977
3.9068,1.9866,0.14067,-0.040342,0.21928,8.7157
3.9068,1.9866,0.14068,-0.040443,0.21942,8.7222
3.9069,1.9866,0.14069,-0.040567,0.21951,8.7183
3.9069,1.9866,0.1407,-0.040652,0.21966,8.7268
3.907,1.9866,0.14071,-0.040757,0.21975,8.7399
3.9071,1.9866,0.14073,-0.040824,0.21989,8.7321
3.9071,1.9866,0.14074,-0.040909,0.2199,8.7359
3.9072,1.9866,0.14075,-0.040964,0.21994,8.739
3.9072,1.9866,0.14076,-0.041048,0.21984,8.7287
3.9073,1.9866,0.14077,-0.041101,0.21979,8.7274
3.9073,1.9866,0.14078,-0.04119,0.21963,8.7356
3.9074,1.9866,0.1408,-0.041249,0.21955,8.7282
3.9074,1.9866,0.14081,-0.041341,0.21945,8.7292
3.9075,1.9866,0.14082,-0.041403,0.21947,8.7357
3.9075,1.9866,0.14083,-0.041499,0.21943,8.7261
3.9076,1.9866,0.14084,-0.041565,0.21956,8.7243
3.9076,1.9866,0.14085,-0.041664,0.21964,8.7285
3.9077,1.9866,0.14087,-0.041733,0.21984,8.7204
3.9077,1.9866,0.14088,-0.041835,0.21994,8.7108
3.9078,1.9866,0.14089,-0.041908,0.22014,8.7164
3.9078,1.9866,0.1409,-0.042022,0.22026,8.7261
3.9079,1.9866,0.14091,-0.042092,0.22046,8.7159
3.9079,1.9866,0.14092,-0.042193,0.22054,8.722
3.908,1.9866,0.14093,-0.042242,0.22074,8.7326
3.9081,1.9866,0.14095,-0.042317,0.22082,8.7227
3.9081,1.9866,0.14096,-0.042336,0.221,8.7184
3.9082,1.9866,0.14097,-0.042388,0.22109,8.7312
3.9082,1.9866,0.14098,-0.042411,0.22128,8.7241
3.9083,1.9866,0.14099,-0.042492,0.22136,8.7151
3.9083,1.9866,0.141,-0.042528,0.22152,8.7289
3.9084,1.9866,0.14102,-0.042608,0.22152,8.7294
3.9084,1.9866,0.14103,-0.042646,0.22159,8.7211
3.9085,1.9866,0.14104,-0.042731,0.22156,8.7387
3.9085,1.9866,0.14105,-0.042775,0.22165,8.7457
3.9086,1.9866,0.14106,-0.042871,0.22168,8.7289
3.9086,1.9866,0.14107,-0.042936,0.22186,8.7309
3.9087,1.9866,0.14109,-0.043057,0.22196,8.7354
3.9087,1.9866,0.1411,-0.04312,0.22217,8.7273
3.9088,1.9866,0.14111,-0.043209,0.22225,8.7186
3.9088,1.9866,0.14112,-0.043232,0.22243,8.729
3.9089,1.9866,0.14113,-0.043289,0.22252,8.7231
3.9089,1.9866,0.14114,-0.0433,0.22272,8.7133
3.909,1.9866,0.14116,-0.043348,0.22283,8.7212
3.9091,1.9866,0.14117,-0.043354,0.22303,8.7141
3.9091,1.9866,0.14118,-0.043417,0.22314,8.7062
3.9092,1.9865,0.14119,-0.043432,0.22335,8.7075
3.9092,1.9865,0.1412,-0.0435,0.22346,8.7022
3.9093,1.9865,0.14122,-0.04351,0.22367,8.6968
3.9093,1.9865,0.14123,-0.043581,0.22381,8.7018
3.9094,1.9865,0.14124,-0.043608,0.22403,8.7098
3.9094,1.9865,0.14125,-0.04369,0.22412,8.7017
3.9095,1.9865,0.14126,-0.043726,0.22428,8.7125
3.9095,1.9865,0.14127,-0.043808,0.22433,8.7231
3.9096,1.9865,0.14129,-0.043829,0.22448,8.7139
3.9096,1.9865,0.1413,-0.043881,0.22455,8.7148
3.9097,1.9865,0.14131,-0.043883,0.22475,8.7196
3.9097,1.9865,0.14132,-0.043938,0.22487,8.7173
3.9098,1.9865,0.14133,-0.043936,0.22511,8.7099
3.9098,1.9865,0.14135,-0.043987,0.22521,8.7204
3.9099,1.9865,0.14136,-0.043992,0.22533,8.7222
3.9099,1.9865,0.14137,-0.044043,0.22534,8.7205
3.91,1.9865,0.14138,-0.044039,0.22545,8.7339
3.9101,1.9865,0.14139,-0.044076,0.22544,8.7392
3.9101,1.9865,0.1414,-0.044074,0.2255,8.7268
3.9102,1.9865,0.14142,-0.044121,0.22547,8.7268
3.9102,1.9865,0.14143,-0.044113,0.22551,8.7271
3.9103,1.9865,0.14144,-0.044166,0.22545,8.7181
3.9103,1.9865,0.14145,-0.044182,0.22547,8.709
3.9104,1.9865,0.14146,-0.044256,0.2255,8.72
3.9104,1.9865,0.14148,-0.044283,0.22568,8.7186
3.9105,1.9865,0.14149,-0.044355,0.22577,8.7098
3.9105,1.9865,0.1415,-0.044367,0.22593,8.7157
3.9106,1.9865,0.14151,-0.04443,0.22595,8.7091
3.9106,1.9865,0.14152,-0.044448,0.22599,8.6932
3.9107,1.9865,0.14154,-0.044528,0.22589,8.702
3.9107,1.9865,0.14155,-0.044554,0.22586,8.6992
3.9108,1.9865,0.14156,-0.044642,0.22574,8.6957
3.9108,1.9865,0.14157,-0.044676,0.22572,8.7008
3.9109,1.9865,0.14158,-0.044764,0.2256,8.7059
3.9109,1.9865,0.14159,-0.044802,0.22558,8.6979
3.911,1.9865,0.14161,-0.044912,0.22545,8.7061
3.9111,1.9865,0.14162,-0.044977,0.22542,8.7165
3.9111,1.9865,0.14163,-0.045093,0.22529,8.7059
3.9112,1.9865,0.14164,-0.045151,0.22522,8.7062
3.9112,1.9865,0.14165,-0.045257,0.22509,8.7104
3.9113,1.9865,0.14167,-0.045286,0.2251,8.7025
3.9113,1.9865,0.14168,-0.04536,0.22501,8.6962
3.9114,1.9865,0.14169,-0.045377,0.22502,8.7139
3.9114,1.9864,0.1417,-0.045447,0.22493,8.7176
3.9115,1.9864,0.14171,-0.045468,0.22493,8.7175
3.9115,1.9864,0.14173,-0.045551,0.22478,8.7262
3.9116,1.9864,0.14174,-0.045584,0.22468,8.737
3.9116,1.9864,0.14175,-0.045667,0.22452,8.7317
3.9117,1.9864,0.14176,-0.04568,0.22446,8.7333
3.9117,1.9864,0.14177,-0.04575,0.2243,8.7349
3.9118,1.9864,0.14178,-0.045765,0.22425,8.7312
3.9118,1.9864,0.1418,-0.045828,0.22411,8.7249
3.9119,1.9864,0.14181,-0.045848,0.22408,8.7321
3.9119,1.9864,0.14182,-0.045931,0.22394,8.7232
3.912,1.9864,0.14183,-0.045956,0.2239,8.7231
3.9121,1.9864,0.14184,-0.046038,0.22376,8.74
3.9121,1.9864,0.14185,-0.04606,0.22372,8.7352
3.9122,1.9864,0.14187,-0.046149,0.22359,8.7261
3.9122,1.9864,0.14188,-0.046186,0.22355,8.7399
3.9123,1.9864,0.14189,-0.046279,0.22341,8.7298
3.9123,1.9864,0.1419,-0.046329,0.22336,8.725
3.9124,1.9864,0.14191,-0.046444,0.22322,8.7312
3.9124,1.9864,0.14193,-0.046491,0.22317,8.7421
3.9125,1.9864,0.14194,-0.046589,0.223,8.7392
3.9125,1.9864,0.14195,-0.046618,0.22296,8.7433
3.9126,1.9864,0.14196,-0.046694,0.22288,8.7613
3.9126,1.9864,0.14197,-0.046723,0.22299,8.7595
3.9127,1.9864,0.14198,-0.046816,0.22304,8.7547
3.9127,1.9864,0.142,-0.046882,0.2232,8.763
3.9128,1.9864,0.14201,-0.04703,0.22326,8.7641
3.9128,1.9864,0.14202,-0.047129,0.22338,8.748
3.9129,1.9864,0.14203,-0.047288,0.22334,8.7593
3.9129,1.9864,0.14204,-0.047382,0.22341,8.7497
3.913,1.9864,0.14205,-0.047512,0.22339,8.738
3.9131,1.9864,0.14207,-0.04758,0.22352,8.748
3.9131,1.9864,0.14208,-0.047687,0.22355,8.7565
3.9132,1.9864,0.14209,-0.047736,0.22371,8.7418
3.9132,1.9864,0.1421,-0.047834,0.22375,8.7449
3.9133,1.9864,0.14211,-0.047868,0.22389,8.7482
3.9133,1.9864,0.14213,-0.047958,0.22391,8.7351
3.9134,1.9864,0.14214,-0.047996,0.22403,8.7288
3.9134,1.9864,0.14215,-0.048088,0.22403,8.7392
3.9135,1.9864,0.14216,-0.04813,0.22414,8.7326
3.9135,1.9864,0.14217,-0.048222,0.22415,8.729
3.9136,1.9863,0.14218,-0.048258,0.22426,8.7422
3.9136,1.9863,0.1422,-0.048348,0.22425,8.7416
3.9137,1.9863,0.14221,-0.048377,0.22434,8.7224
3.9137,1.9863,0.14222,-0.048465,0.22429,8.7363
3.9138,1.9863,0.14223,-0.048494,0.22434,8.7408
3.9138,1.9863,0.14224,-0.04857,0.22427,8.7294
3.9139,1.9863,0.14226,-0.048577,0.22432,8.7334
3.9139,1.9863,0.14227,-0.048626,0.22427,8.7286
3.914,1.9863,0.14228,-0.048618,0.22433,8.7181
3.9141,1.9863,0.14229,-0.048662,0.22427,8.7231
3.9141,1.9863,0.1423,-0.048648,0.22432,8.7354
3.9142,1.9863,0.14231,-0.048684,0.22425,8.7236
3.9142,1.9863,0.14233,-0.048674,0.22429,8.7196
3.9143,1.9863,0.14234,-0.048716,0.22421,8.728
3.9143,1.9863,0.14235,-0.048695,0.22424,8.713
3.9144,1.9863,0.14236,-0.048742,0.22415,8.7012
3.9144,1.9863,0.14237,-0.048754,0.22416,8.7036
3.9145,1.9863,0.14238,-0.048832,0.22405,8.7044
3.9145,1.9863,0.1424,-0.048872,0.22404,8.6932
3.9146,1.9863,0.14241,-0.04897,0.22391,8.7021
3.9146,1.9863,0.14242,-0.049029,0.2239,8.7065
3.9147,1.9863,0.14243,-0.04914,0.22378,8.6914
3.9147,1.9863,0.14244,-0.049187,0.22377,8.6995
3.9148,1.9863,0.14246,-0.049269,0.22365,8.7004
3.9148,1.9863,0.14247,-0.049292,0.22363,8.6891
3.9149,1.9863,0.14248,-0.049372,0.22349,8.6826
3.9149,1.9863,0.14249,-0.0494,0.22345,8.6882
3.915,1.9863,0.1425,-0.049484,0.22332,8.6747
3.9151,1.9863,0.14251,-0.049522,0.2233,8.6757
3.9151,1.9863,0.14253,-0.049611,0.22318,8.6838
3.9152,1.9863,0.14254,-0.049637,0.22317,8.6815
3.9152,1.9863,0.14255,-0.049697,0.22305,8.6703
3.9153,1.9863,0.14256,-0.049695,0.22303,8.687
3.9153,1.9863,0.14257,-0.049753,0.2229,8.6819
3.9154,1.9863,0.14258,-0.049746,0.22287,8.6689
3.9154,1.9863,0.1426,-0.049798,0.22275,8.6738
3.9155,1.9863,0.14261,-0.049802,0.22273,8.6808
3.9155,1.9863,0.14262,-0.049858,0.22263,8.6669
3.9156,1.9862,0.14263,-0.04988,0.22263,8.6719
3.9156,1.9862,0.14264,-0.04996,0.22248,8.6825
3.9157,1.9862,0.14266,-0.050005,0.2224,8.6734
3.9157,1.9862,0.14267,-0.050124,0.22221,8.67
3.9158,1.9862,0.14268,-0.050196,0.22212,8.6844
3.9158,1.9862,0.14269,-0.050318,0.22195,8.6767
3.9159,1.9862,0.1427,-0.050379,0.22192,8.6668
3.9159,1.9862,0.14271,-0.050466,0.22182,8.6654
3.916,1.9862,0.14273,-0.050509,0.22182,8.6657
3.9161,1.9862,0.14274,-0.050585,0.22169,8.6628
3.9161,1.9862,0.14275,-0.050623,0.22168,8.6669
3.9162,1.9862,0.14276,-0.05071,0.22157,8.6737
3.9162,1.9862,0.14277,-0.050752,0.22155,8.665
3.9163,1.9862,0.14278,-0.05083,0.22139,8.6688
3.9163,1.9862,0.1428,-0.050851,0.22132,8.6724
3.9164,1.9862,0.14281,-0.050902,0.22114,8.6613
3.9164,1.9862,0.14282,-0.050921,0.22106,8.6629
3.9165,1.9862,0.14283,-0.050976,0.22094,8.6635
3.9165,1.9862,0.14284,-0.050989,0.22097,8.661
3.9166,1.9862,0.14285,-0.051037,0.22091,8.6593
3.9166,1.9862,0.14286,-0.051043,0.22092,8.6685
3.9167,1.9862,0.14288,-0.051074,0.22078,8.6754
3.9167,1.9862,0.14289,-0.05106,0.22069,8.6777
3.9168,1.9862,0.1429,-0.051082,0.22048,8.6875
3.9168,1.9862,0.14291,-0.051069,0.22037,8.6826
3.9169,1.9862,0.14292,-0.051107,0.22019,8.6764
3.9169,1.9862,0.14293,-0.051102,0.22011,8.6793
3.917,1.9862,0.14295,-0.05114,0.21996,8.677
3.9171,1.9862,0.14296,-0.051129,0.21996,8.6646
3.9171,1.9862,0.14297,-0.051147,0.21992,8.6734
3.9172,1.9862,0.14298,-0.051127,0.21999,8.6845
3.9172,1.9862,0.14299,-0.051157,0.21999,8.671
3.9173,1.9862,0.143,-0.051143,0.22012,8.6768
3.9173,1.9862,0.14302,-0.051176,0.22014,8.6883
3.9174,1.9862,0.14303,-0.05115,0.2202,8.6763
3.9174,1.9862,0.14304,-0.051169,0.22011,8.6716
3.9175,1.9862,0.14305,-0.051134,0.22008,8.6818
3.9175,1.9862,0.14306,-0.051151,0.21992,8.6804
3.9176,1.9861,0.14307,-0.051129,0.21984,8.6731
3.9176,1.9861,0.14309,-0.051164,0.21966,8.6853
3.9177,1.9861,0.1431,-0.051156,0.21966,8.6936
3.9177,1.9861,0.14311,-0.051199,0.21959,8.6868
3.9178,1.9861,0.14312,-0.051198,0.21967,8.6934
3.9178,1.9861,0.14313,-0.051238,0.21966,8.6951
3.9179,1.9861,0.14314,-0.05124,0.21976,8.6864
3.9179,1.9861,0.14315,-0.051294,0.21974,8.6916
3.918,1.9861,0.14317,-0.051302,0.21984,8.6955
3.9181,1.9861,0.14318,-0.051362,0.21977,8.6915
3.9181,1.9861,0.14319,-0.051378,0.21979,8.6873
3.9182,1.9861,0.1432,-0.051428,0.21964,8.7045
3.9182,1.9861,0.14321,-0.051413,0.21962,8.7038
3.9183,1.9861,0.14322,-0.051424,0.21949,8.6995
3.9183,1.9861,0.14324,-0.051389,0.21956,8.7121
3.9184,1.9861,0.14325,-0.051389,0.21955,8.7046
3.9184,1.9861,0.14326,-0.051347,0.21972,8.6972
3.9185,1.9861,0.14327,-0.051351,0.2197,8.6991
3.9185,1.9861,0.14328,-0.051311,0.21972,8.7006
3.9186,1.9861,0.14329,-0.051302,0.21951,8.6825
3.9186,1.9861,0.1433,-0.051249,0.2194,8.6883
3.9187,1.9861,0.14332,-0.05126,0.21915,8.693
3.9187,1.9861,0.14333,-0.051234,0.21898,8.6865
3.9188,1.9861,0.14334,-0.051255,0.21868,8.6828
3.9188,1.9861,0.14335,-0.051248,0.21851,8.6883
3.9189,1.9861,0.14336,-0.051289,0.21817,8.6857
3.9189,1.9861,0.14337,-0.051286,0.21793,8.6839
3.919,1.9861,0.14339,-0.051319,0.21759,8.6872
3.9191,1.9861,0.1434,-0.051296,0.21745,8.6848
3.9191,1.9861,0.14341,-0.051319,0.21726,8.6786
3.9192,1.9861,0.14342,-0.051278,0.21715,8.6862
3.9192,1.9861,0.14343,-0.05127,0.21695,8.6913
3.9193,1.9861,0.14344,-0.051237,0.21686,8.6831
3.9193,1.9861,0.14345,-0.051263,0.21662,8.6971
3.9194,1.9861,0.14347,-0.05126,0.2165,8.7005
3.9194,1.9861,0.14348,-0.051316,0.21627,8.6912
3.9195,1.9861,0.14349,-0.051342,0.21618,8.6892
3.9195,1.986,0.1435,-0.051429,0.21599,8.6954
3.9196,1.986,0.14351,-0.051484,0.2159,8.6814
3.9196,1.986,0.14352,-0.051558,0.2157,8.6756
3.9197,1.986,0.14353,-0.05159,0.21559,8.6798
3.9197,1.986,0.14354,-0.05165,0.21533,8.6701
3.9198,1.986,0.14356,-0.051672,0.21517,8.6577
3.9198,1.986,0.14357,-0.051724,0.21489,8.6672
3.9199,1.986,0.14358,-0.051743,0.21474,8.6624
3.9199,1.986,0.14359,-0.051805,0.21447,8.6516
3.92,1.986,0.1436,-0.051837,0.21433,8.6503
3.9201,1.986,0.14361,-0.051885,0.2141,8.6517
3.9201,1.986,0.14362,-0.051893,0.21397,8.6341
3.9202,1.986,0.14363,-0.051932,0.21372,8.6374
3.9202,1.986,0.14365,-0.051936,0.21358,8.6467
3.9203,1.986,0.14366,-0.051977,0.21332,8.6376
3.9203,1.986,0.14367,-0.051968,0.21318,8.6343
3.9204,1.986,0.14368,-0.051997,0.21291,8.6477
3.9204,1.986,0.14369,-0.051988,0.21276,8.641
3.9205,1.986,0.1437,-0.052014,0.2125,8.6355
3.9205,1.986,0.14371,-0.052012,0.21238,8.6399
3.9206,1.986,0.14372,-0.052049,0.21214,8.6479
3.9206,1.986,0.14374,-0.052051,0.21202,8.6358
3.9207,1.986,0.14375,-0.052091,0.21179,8.6457
3.9207,1.986,0.14376,-0.052081,0.21167,8.6532
3.9208,1.986,0.14377,-0.05211,0.21144,8.6429
3.9208,1.986,0.14378,-0.0521,0.21132,8.6557
3.9209,1.986,0.14379,-0.052121,0.2111,8.6649
3.9209,1.986,0.1438,-0.052094,0.21099,8.6482
3.921,1.986,0.14381,-0.052092,0.21077,8.6537
3.9211,1.986,0.14382,-0.052042,0.21067,8.6577
3.9211,1.986,0.14384,-0.052025,0.21046,8.6514
3.9212,1.986,0.14385,-0.051985,0.21037,8.6515
3.9212,1.986,0.14386,-0.051999,0.21016,8.6614
3.9213,1.986,0.14387,-0.052012,0.21008,8.6574
3.9213,1.986,0.14388,-0.052085,0.2099,8.654
3.9214,1.986,0.14389,-0.052114,0.20984,8.6633
3.9214,1.9859,0.1439,-0.052175,0.20968,8.6576
3.9215,1.9859,0.14391,-0.052174,0.20964,8.6518
3.9215,1.9859,0.14392,-0.052195,0.20949,8.6618
3.9216,1.9859,0.14394,-0.052159,0.20946,8.6617
3.9216,1.9859,0.14395,-0.052156,0.20931,8.6482
3.9217,1.9859,0.14396,-0.052122,0.20926,8.6497
3.9217,1.9859,0.14397,-0.052145,0.20912,8.6588
3.9218,1.9859,0.14398,-0.052134,0.20909,8.6547
3.9218,1.9859,0.14399,-0.052163,0.20896,8.6563
3.9219,1.9859,0.144,-0.052138,0.20895,8.6725
3.9219,1.9859,0.14401,-0.052157,0.20885,8.6602
3.922,1.9859,0.14402,-0.052126,0.20887,8.6564
3.9221,1.9859,0.14403,-0.05214,0.20879,8.666
3.9221,1.9859,0.14405,-0.05211,0.20883,8.6706
3.9222,1.9859,0.14406,-0.052142,0.20878,8.6631
3.9222,1.9859,0.14407,-0.05214,0.20884,8.6717
3.9223,1.9859,0.14408,-0.052174,0.20882,8.6748
3.9223,1.9859,0.14409,-0.052155,0.2089,8.678
3.9224,1.9859,0.1441,-0.052186,0.20891,8.6922
3.9224,1.9859,0.14411,-0.052174,0.20907,8.6966
3.9225,1.9859,0.14412,-0.05221,0.2091,8.6817
3.9225,1.9859,0.14413,-0.052219,0.20919,8.6926
3.9226,1.9859,0.14414,-0.052274,0.20909,8.6978
3.9226,1.9859,0.14416,-0.052297,0.20904,8.6943
3.9227,1.9859,0.14417,-0.052345,0.20887,8.688
3.9227,1.9859,0.14418,-0.052338,0.20878,8.6947
3.9228,1.9859,0.14419,-0.052368,0.20862,8.6898
3.9228,1.9859,0.1442,-0.052353,0.20864,8.6886
3.9229,1.9859,0.14421,-0.052385,0.20853,8.701
3.9229,1.9859,0.14422,-0.052395,0.20854,8.6962
3.923,1.9859,0.14423,-0.052444,0.20839,8.6848
3.9231,1.9859,0.14424,-0.052456,0.20835,8.696
3.9231,1.9859,0.14425,-0.052493,0.20819,8.6887
3.9232,1.9859,0.14426,-0.052486,0.20814,8.6704
3.9232,1.9859,0.14428,-0.052514,0.20798,8.6741
3.9233,1.9859,0.14429,-0.052507,0.20795,8.6886
3.9233,1.9859,0.1443,-0.052543,0.20779,8.6845
3.9234,1.9858,0.14431,-0.052555,0.20776,8.6904
3.9234,1.9858,0.14432,-0.052611,0.20759,8.7038
3.9235,1.9858,0.14433,-0.052628,0.20755,8.696
3.9235,1.9858,0.14434,-0.052686,0.20738,8.6943
3.9236,1.9858,0.14435,-0.052703,0.20736,8.7017
3.9236,1.9858,0.14436,-0.052757,0.20722,8.7028
3.9237,1.9858,0.14437,-0.05278,0.20725,8.6961
3.9237,1.9858,0.14438,-0.052847,0.20715,8.7012
3.9238,1.9858,0.1444,-0.052885,0.20718,8.7133
3.9238,1.9858,0.14441,-0.052972,0.20707,8.7123
3.9239,1.9858,0.14442,-0.05303,0.20708,8.7182
3.9239,1.9858,0.14443,-0.053134,0.20695,8.7295
3.924,1.9858,0.14444,-0.053203,0.20692,8.7165
3.9241,1.9858,0.14445,-0.053315,0.20674,8.7234
3.9241,1.9858,0.14446,-0.0534,0.20667,8.7224
3.9242,1.9858,0.14447,-0.053517,0.20647,8.718
3.9242,1.9858,0.14448,-0.053591,0.20639,8.7117
3.9243,1.9858,0.14449,-0.053701,0.20618,8.7195
3.9243,1.9858,0.1445,-0.053769,0.20615,8.7133
3.9244,1.9858,0.14452,-0.053865,0.20601,8.7095
3.9244,1.9858,0.14453,-0.053924,0.20602,8.7189
3.9245,1.9858,0.14454,-0.054015,0.20593,8.7161
3.9245,1.9858,0.14455,-0.054077,0.20596,8.7061
3.9246,1.9858,0.14456,-0.054165,0.20588,8.7172
3.9246,1.9858,0.14457,-0.054213,0.20592,8.7145
3.9247,1.9858,0.14458,-0.054295,0.20582,8.7035
3.9247,1.9858,0.14459,-0.054349,0.20586,8.7106
3.9248,1.9858,0.1446,-0.054436,0.20578,8.7214
3.9248,1.9858,0.14461,-0.054483,0.20584,8.7094
3.9249,1.9858,0.14462,-0.054569,0.20579,8.7172
3.9249,1.9858,0.14463,-0.054625,0.20585,8.7252
3.925,1.9858,0.14465,-0.054714,0.20579,8.7178
3.9251,1.9858,0.14466,-0.054775,0.20587,8.7158
3.9251,1.9858,0.14467,-0.054877,0.2058,8.7231
3.9252,1.9858,0.14468,-0.054958,0.20584,8.7211
3.9252,1.9857,0.14469,-0.055082,0.20574,8.7081
3.9253,1.9857,0.1447,-0.055171,0.20578,8.7231
3.9253,1.9857,0.14471,-0.055314,0.20572,8.7235
3.9254,1.9857,0.14472,-0.055425,0.2058,8.7144
3.9254,1.9857,0.14473,-0.055578,0.20578,8.7267
3.9255,1.9857,0.14474,-0.055704,0.20593,8.7321
3.9255,1.9857,0.14475,-0.055848,0.20594,8.7204
3.9256,1.9857,0.14476,-0.055951,0.20608,8.7228
3.9256,1.9857,0.14478,-0.056061,0.2061,8.7213
3.9257,1.9857,0.14479,-0.05611,0.20626,8.7102
3.9257,1.9857,0.1448,-0.056179,0.2063,8.7034
3.9258,1.9857,0.14481,-0.05621,0.20645,8.71
3.9258,1.9857,0.14482,-0.056274,0.20649,8.7034
3.9259,1.9857,0.14483,-0.056325,0.20666,8.6999
3.9259,1.9857,0.14484,-0.056399,0.20671,8.707
3.926,1.9857,0.14485,-0.056459,0.20688,8.7052
3.9261,1.9857,0.14486,-0.056533,0.20695,8.7021
3.9261,1.9857,0.14487,-0.056573,0.20716,8.7088
3.9262,1.9857,0.14488,-0.056634,0.20725,8.7056
3.9262,1.9857,0.1449,-0.056669,0.20747,8.6909
3.9263,1.9857,0.14491,-0.056726,0.20759,8.7006
3.9263,1.9857,0.14492,-0.05677,0.20785,8.7111
3.9264,1.9857,0.14493,-0.056828,0.208,8.704
3.9264,1.9857,0.14494,-0.056866,0.20827,8.706
3.9265,1.9857,0.14495,-0.056924,0.20844,8.7159
3.9265,1.9857,0.14496,-0.056959,0.20875,8.7164
3.9266,1.9857,0.14497,-0.057013,0.20892,8.7146
3.9266,1.9857,0.14498,-0.057052,0.20919,8.7253
3.9267,1.9857,0.14499,-0.057099,0.20937,8.7212
3.9267,1.9857,0.14501,-0.057142,0.20966,8.7097
3.9268,1.9857,0.14502,-0.057205,0.2098,8.7144
3.9268,1.9857,0.14503,-0.057248,0.21006,8.7129
3.9269,1.9857,0.14504,-0.057311,0.21021,8.7086
3.9269,1.9857,0.14505,-0.057369,0.21048,8.7193
3.927,1.9856,0.14506,-0.057465,0.21057,8.7185
3.9271,1.9856,0.14507,-0.057553,0.21077,8.7026
3.9271,1.9856,0.14508,-0.057641,0.21091,8.7075
3.9272,1.9856,0.14509,-0.057718,0.2112,8.7017
3.9272,1.9856,0.1451,-0.057811,0.2114,8.6928
3.9273,1.9856,0.14512,-0.05789,0.21178,8.691
3.9273,1.9856,0.14513,-0.057995,0.21211,8.6966
3.9274,1.9856,0.14514,-0.058103,0.21255,8.6927
3.9274,1.9856,0.14515,-0.058247,0.21291,8.6891
3.9275,1.9856,0.14516,-0.058361,0.21338,8.6977
3.9275,1.9856,0.14517,-0.05847,0.21374,8.7038
3.9276,1.9856,0.14518,-0.058542,0.21419,8.6899
3.9276,1.9856,0.14519,-0.058614,0.21444,8.7004
3.9277,1.9856,0.14521,-0.058658,0.21475,8.7081
3.9277,1.9856,0.14522,-0.05871,0.21488,8.706
3.9278,1.9856,0.14523,-0.058757,0.2151,8.7
3.9278,1.9856,0.14524,-0.058819,0.21519,8.709
3.9279,1.9856,0.14525,-0.058865,0.2154,8.7032
3.9279,1.9856,0.14526,-0.058925,0.21548,8.708
3.928,1.9856,0.14527,-0.058976,0.21571,8.7123
3.9281,1.9856,0.14529,-0.059048,0.21584,8.7135
3.9281,1.9856,0.1453,-0.059114,0.2161,8.7137
3.9282,1.9856,0.14531,-0.059207,0.21624,8.725
3.9282,1.9856,0.14532,-0.059308,0.21651,8.7219
3.9283,1.9856,0.14533,-0.059433,0.21664,8.7187
3.9283,1.9856,0.14534,-0.059552,0.21686,8.7277
3.9284,1.9856,0.14535,-0.059677,0.21692,8.7286
3.9284,1.9856,0.14537,-0.059797,0.21712,8.7255
3.9285,1.9856,0.14538,-0.059925,0.21725,8.7326
3.9285,1.9856,0.14539,-0.060042,0.21755,8.7352
3.9286,1.9856,0.1454,-0.060155,0.21772,8.7262
3.9286,1.9856,0.14541,-0.060248,0.21799,8.7306
3.9287,1.9855,0.14542,-0.060354,0.21821,8.7337
3.9287,1.9855,0.14543,-0.060436,0.21857,8.7255
3.9288,1.9855,0.14545,-0.060519,0.2188,8.7158
3.9288,1.9855,0.14546,-0.060575,0.21919,8.7275
3.9289,1.9855,0.14547,-0.060642,0.21952,8.7195
3.9289,1.9855,0.14548,-0.06069,0.21995,8.7182
3.929,1.9855,0.14549,-0.06075,0.22017,8.7293
3.9291,1.9855,0.1455,-0.060798,0.22044,8.7269
3.9291,1.9855,0.14551,-0.060882,0.22064,8.7267
3.9292,1.9855,0.14553,-0.060962,0.22093,8.7345
3.9292,1.9855,0.14554,-0.061049,0.2211,8.7276
3.9293,1.9855,0.14555,-0.061107,0.22143,8.7214
3.9293,1.9855,0.14556,-0.06117,0.22169,8.7229
3.9294,1.9855,0.14557,-0.061217,0.22205,8.7367
3.9294,1.9855,0.14558,-0.061269,0.22228,8.7274
3.9295,1.9855,0.1456,-0.061308,0.22255,8.7309
3.9295,1.9855,0.14561,-0.061359,0.22271,8.7498
3.9296,1.9855,0.14562,-0.061415,0.22294,8.7434
3.9296,1.9855,0.14563,-0.061471,0.22306,8.7436
3.9297,1.9855,0.14564,-0.06152,0.22333,8.7529
3.9297,1.9855,0.14566,-0.061567,0.22355,8.7439
3.9298,1.9855,0.14567,-0.061606,0.22388,8.7378
3.9298,1.9855,0.14568,-0.061625,0.22411,8.7362
3.9299,1.9855,0.14569,-0.061641,0.22444,8.7352
3.9299,1.9855,0.1457,-0.061654,0.22465,8.7236
3.93,1.9855,0.14571,-0.061685,0.22493,8.7349
3.9301,1.9855,0.14573,-0.061723,0.22513,8.7353
3.9301,1.9855,0.14574,-0.061775,0.22543,8.7194
3.9302,1.9855,0.14575,-0.061829,0.22564,8.7275
3.9302,1.9855,0.14576,-0.061887,0.22595,8.7341
3.9303,1.9855,0.14577,-0.061969,0.22616,8.7185
3.9303,1.9854,0.14579,-0.06206,0.22648,8.7155
3.9304,1.9854,0.1458,-0.062141,0.2267,8.7228
3.9304,1.9854,0.14581,-0.062232,0.22701,8.7165
3.9305,1.9854,0.14582,-0.062314,0.22721,8.7126
3.9305,1.9854,0.14583,-0.06239,0.2275,8.7243
3.9306,1.9854,0.14585,-0.062454,0.22769,8.7303
3.9306,1.9854,0.14586,-0.062517,0.22799,8.7174
3.9307,1.9854,0.14587,-0.062584,0.22819,8.7369
3.9307,1.9854,0.14588,-0.062649,0.22848,8.7309
3.9308,1.9854,0.14589,-0.062698,0.22868,8.7224
3.9308,1.9854,0.14591,-0.062764,0.22896,8.7125
3.9309,1.9854,0.14592,-0.06283,0.22916,8.7139
3.9309,1.9854,0.14593,-0.062913,0.22947,8.7103
3.931,1.9854,0.14594,-0.062994,0.2297,8.7112
3.9311,1.9854,0.14595,-0.063084,0.23002,8.7155
3.9311,1.9854,0.14597,-0.063148,0.23026,8.702
3.9312,1.9854,0.14598,-0.06321,0.23057,8.699
3.9312,1.9854,0.14599,-0.063226,0.23077,8.7066
3.9313,1.9854,0.146,-0.06323,0.23106,8.6966
3.9313,1.9854,0.14601,-0.063222,0.23127,8.6883
3.9314,1.9854,0.14603,-0.063218,0.23159,8.686
3.9314,1.9854,0.14604,-0.063219,0.23182,8.6855
3.9315,1.9854,0.14605,-0.063258,0.23215,8.6681
3.9315,1.9854,0.14606,-0.0633,0.23241,8.6722
3.9316,1.9854,0.14608,-0.063369,0.23278,8.6761
3.9316,1.9854,0.14609,-0.063431,0.23307,8.6611
3.9317,1.9854,0.1461,-0.063507,0.23348,8.6681
3.9317,1.9854,0.14611,-0.063582,0.23379,8.6688
3.9318,1.9854,0.14612,-0.063668,0.23418,8.6576
3.9318,1.9854,0.14614,-0.063742,0.23448,8.6635
3.9319,1.9853,0.14615,-0.063812,0.23484,8.6718
3.9319,1.9853,0.14616,-0.063864,0.23511,8.6642
3.932,1.9853,0.14617,-0.063928,0.23547,8.6664
3.9321,1.9853,0.14619,-0.063983,0.23572,8.6721
3.9321,1.9853,0.1462,-0.06404,0.23607,8.6784
3.9322,1.9853,0.14621,-0.064091,0.23633,8.6739
3.9322,1.9853,0.14622,-0.064162,0.23668,8.6768
3.9323,1.9853,0.14624,-0.064221,0.23695,8.6785
3.9323,1.9853,0.14625,-0.064287,0.23729,8.6675
3.9324,1.9853,0.14626,-0.064343,0.23754,8.6739
3.9324,1.9853,0.14627,-0.064417,0.23789,8.6726
3.9325,1.9853,0.14629,-0.064476,0.23811,8.6626
3.9325,1.9853,0.1463,-0.064537,0.23842,8.6649
3.9326,1.9853,0.14631,-0.064574,0.23862,8.6711
3.9326,1.9853,0.14632,-0.064613,0.23887,8.6625
3.9327,1.9853,0.14634,-0.064633,0.23905,8.6625
3.9327,1.9853,0.14635,-0.064644,0.23931,8.6662
3.9328,1.9853,0.14636,-0.064623,0.23952,8.6547
3.9328,1.9853,0.14637,-0.06461,0.23986,8.6494
3.9329,1.9853,0.14639,-0.064576,0.24007,8.6551
3.9329,1.9853,0.1464,-0.064558,0.24039,8.6509
3.933,1.9853,0.14641,-0.064536,0.24057,8.6417
3.9331,1.9853,0.14643,-0.064545,0.24081,8.6557
3.9331,1.9853,0.14644,-0.064555,0.24094,8.6578
3.9332,1.9853,0.14645,-0.064578,0.24117,8.6511
3.9332,1.9853,0.14646,-0.064577,0.24131,8.6641
3.9333,1.9853,0.14648,-0.064589,0.24159,8.6695
3.9333,1.9853,0.14649,-0.064568,0.24176,8.6617
3.9334,1.9853,0.1465,-0.064557,0.24207,8.672
3.9334,1.9853,0.14651,-0.064525,0.24227,8.6788
3.9335,1.9852,0.14653,-0.064506,0.24256,8.669
3.9335,1.9852,0.14654,-0.064466,0.2427,8.6675
3.9336,1.9852,0.14655,-0.064445,0.24296,8.6761
3.9336,1.9852,0.14657,-0.064401,0.24307,8.677
3.9337,1.9852,0.14658,-0.064375,0.24329,8.6811
3.9337,1.9852,0.14659,-0.064324,0.24339,8.6911
3.9338,1.9852,0.1466,-0.064291,0.24357,8.6901
3.9338,1.9852,0.14662,-0.064235,0.24362,8.6716
3.9339,1.9852,0.14663,-0.0642,0.24379,8.6809
3.9339,1.9852,0.14664,-0.064142,0.2439,8.6801
3.934,1.9852,0.14666,-0.064105,0.24418,8.6633
3.9341,1.9852,0.14667,-0.064043,0.24439,8.6623
3.9341,1.9852,0.14668,-0.064001,0.24475,8.6761
3.9342,1.9852,0.14669,-0.063932,0.24501,8.6662
3.9342,1.9852,0.14671,-0.063884,0.24538,8.6654
3.9343,1.9852,0.14672,-0.063812,0.24562,8.6742
3.9343,1.9852,0.14673,-0.063763,0.24596,8.6658
3.9344,1.9852,0.14675,-0.063689,0.24618,8.6591
3.9344,1.9852,0.14676,-0.063636,0.24646,8.6612
3.9345,1.9852,0.14677,-0.063557,0.24661,8.6515
3.9345,1.9852,0.14678,-0.0635,0.24686,8.6455
3.9346,1.9852,0.1468,-0.063424,0.247,8.6567
3.9346,1.9852,0.14681,-0.063359,0.24727,8.6682
3.9347,1.9852,0.14682,-0.063258,0.24745,8.6648
3.9347,1.9852,0.14684,-0.063176,0.24774,8.6741
3.9348,1.9852,0.14685,-0.063068,0.24794,8.6831
3.9348,1.9852,0.14686,-0.062986,0.24822,8.6768
3.9349,1.9852,0.14688,-0.062885,0.24838,8.6797
3.9349,1.9852,0.14689,-0.06282,0.24865,8.6892
3.935,1.9852,0.1469,-0.062734,0.24882,8.6796
3.9351,1.9851,0.14692,-0.062665,0.24914,8.6771
3.9351,1.9851,0.14693,-0.062598,0.24938,8.6869
3.9352,1.9851,0.14694,-0.062581,0.24973,8.6858
3.9352,1.9851,0.14695,-0.062577,0.25002,8.6833
3.9353,1.9851,0.14697,-0.06262,0.25038,8.6928
3.9353,1.9851,0.14698,-0.06267,0.25064,8.6865
3.9354,1.9851,0.14699,-0.062748,0.25098,8.6786
3.9354,1.9851,0.14701,-0.062759,0.25119,8.6844
3.9355,1.9851,0.14702,-0.062755,0.2515,8.6878
3.9355,1.9851,0.14703,-0.062682,0.25171,8.6719
3.9356,1.9851,0.14705,-0.062594,0.25202,8.6706
3.9356,1.9851,0.14706,-0.06249,0.25223,8.6782
3.9357,1.9851,0.14707,-0.062418,0.25253,8.6727
3.9357,1.9851,0.14709,-0.062374,0.25276,8.6759
3.9358,1.9851,0.1471,-0.062381,0.2531,8.6884
3.9358,1.9851,0.14711,-0.062386,0.25334,8.6815
3.9359,1.9851,0.14713,-0.062418,0.25368,8.6741
3.9359,1.9851,0.14714,-0.062414,0.25396,8.6817
3.936,1.9851,0.14715,-0.06242,0.25433,8.6818
3.9361,1.9851,0.14717,-0.062407,0.2546,8.6737
3.9361,1.9851,0.14718,-0.062403,0.25497,8.6821
3.9362,1.9851,0.14719,-0.06238,0.25528,8.6905
3.9362,1.9851,0.14721,-0.062366,0.25566,8.6802
3.9363,1.9851,0.14722,-0.062333,0.25597,8.6888
3.9363,1.9851,0.14723,-0.062311,0.25636,8.6906
3.9364,1.9851,0.14725,-0.062268,0.25664,8.6797
3.9364,1.9851,0.14726,-0.062238,0.25698,8.682
3.9365,1.9851,0.14727,-0.062187,0.25721,8.6826
3.9365,1.9851,0.14729,-0.062149,0.25758,8.6699
3.9366,1.9851,0.1473,-0.06209,0.2579,8.6607
3.9366,1.985,0.14732,-0.062053,0.25832,8.6708
3.9367,1.985,0.14733,-0.061982,0.25867,8.6616
3.9367,1.985,0.14734,-0.061917,0.25908,8.6569
3.9368,1.985,0.14736,-0.061824,0.25938,8.6576
3.9368,1.985,0.14737,-0.061751,0.2597,8.656
3.9369,1.985,0.14738,-0.061646,0.25994,8.6443
3.9369,1.985,0.1474,-0.061551,0.26032,8.6444
3.937,1.985,0.14741,-0.061437,0.26063,8.6413
3.9371,1.985,0.14743,-0.061357,0.26103,8.6251
3.9371,1.985,0.14744,-0.061237,0.26144,8.6283
3.9372,1.985,0.14745,-0.06114,0.26177,8.6297
3.9372,1.985,0.14747,-0.061006,0.26214,8.6252
3.9373,1.985,0.14748,-0.060893,0.26241,8.6271
3.9373,1.985,0.14749,-0.060733,0.26274,8.6353
3.9374,1.985,0.14751,-0.060583,0.26297,8.637
3.9374,1.985,0.14752,-0.060412,0.26334,8.6251
3.9375,1.985,0.14754,-0.060282,0.26365,8.6386
3.9375,1.985,0.14755,-0.060138,0.26411,8.6384
3.9376,1.985,0.14756,-0.060039,0.26434,8.6278
3.9376,1.985,0.14758,-0.059917,0.26487,8.6413
3.9377,1.985,0.14759,-0.059827,0.26512,8.6472
3.9377,1.985,0.14761,-0.059708,0.26561,8.6423
3.9378,1.985,0.14762,-0.059608,0.26578,8.6542
3.9378,1.985,0.14763,-0.059477,0.26634,8.6699
3.9379,1.985,0.14765,-0.059372,0.26654,8.6603
3.9379,1.985,0.14766,-0.059239,0.2671,8.6682
3.938,1.985,0.14768,-0.05911,0.26723,8.6723
3.9381,1.985,0.14769,-0.058932,0.26785,8.6569
3.9381,1.985,0.1477,-0.058772,0.26804,8.6472
3.9382,1.985,0.14772,-0.058571,0.26867,8.657
3.9382,1.985,0.14773,-0.058398,0.26883,8.6487
3.9383,1.985,0.14775,-0.058195,0.26958,8.6424
3.9383,1.9849,0.14776,-0.058047,0.26984,8.6565
3.9384,1.9849,0.14777,-0.057866,0.27061,8.6539
3.9384,1.9849,0.14779,-0.057709,0.27079,8.6425
3.9385,1.9849,0.1478,-0.057511,0.27167,8.6469
3.9385,1.9849,0.14782,-0.057353,0.27182,8.6498
3.9386,1.9849,0.14783,-0.057153,0.27259,8.6386
3.9386,1.9849,0.14785,-0.056985,0.27268,8.6372
3.9387,1.9849,0.14786,-0.056797,0.27354,8.6552
3.9387,1.9849,0.14787,-0.056661,0.27374,8.645
3.9388,1.9849,0.14789,-0.056496,0.27458,8.6453
3.9388,1.9849,0.1479,-0.056374,0.27476,8.6607
3.9389,1.9849,0.14792,-0.056232,0.2757,8.661
3.9389,1.9849,0.14793,-0.056132,0.27584,8.6626
3.939,1.9849,0.14795,-0.056002,0.27669,8.6682
3.9391,1.9849,0.14796,-0.055902,0.27682,8.6687
3.9391,1.9849,0.14798,-0.055779,0.2777,8.6627
3.9392,1.9849,0.14799,-0.055686,0.27792,8.6724
3.9392,1.9849,0.14801,-0.055568,0.27875,8.6762
3.9393,1.9849,0.14802,-0.055488,0.27896,8.6718
3.9393,1.9849,0.14804,-0.055372,0.27987,8.6878
3.9394,1.9849,0.14805,-0.055287,0.28021,8.7009
3.9394,1.9849,0.14806,-0.055158,0.28109,8.6811
3.9395,1.9849,0.14808,-0.055058,0.28148,8.6851
3.9395,1.9849,0.14809,-0.054913,0.28237,8.6865
3.9396,1.9849,0.14811,-0.054804,0.28286,8.6812
3.9396,1.9849,0.14812,-0.054663,0.28366,8.6743
3.9397,1.9849,0.14814,-0.054562,0.28407,8.6833
3.9397,1.9849,0.14815,-0.054433,0.28485,8.6807
3.9398,1.9849,0.14817,-0.054364,0.28542,8.6788
3.9398,1.9849,0.14818,-0.054258,0.28611,8.6844
3.9399,1.9849,0.1482,-0.054206,0.28667,8.6907
3.9399,1.9849,0.14821,-0.05411,0.28731,8.6788
3.94,1.9849,0.14823,-0.054053,0.28796,8.686
3.9401,1.9849,0.14824,-0.053951,0.28841,8.6839
3.9401,1.9848,0.14826,-0.05388,0.28886,8.6809
3.9402,1.9848,0.14828,-0.053755,0.28917,8.6838
3.9402,1.9848,0.14829,-0.053645,0.28968,8.6902
3.9403,1.9848,0.14831,-0.05348,0.28978,8.6787
3.9403,1.9848,0.14832,-0.053363,0.29018,8.6866
3.9404,1.9848,0.14834,-0.053201,0.29025,8.7057
3.9404,1.9848,0.14835,-0.053084,0.2907,8.7031
3.9405,1.9848,0.14837,-0.052933,0.29068,8.7004
3.9405,1.9848,0.14838,-0.052831,0.29103,8.7074
3.9406,1.9848,0.1484,-0.052688,0.291,8.7097
3.9406,1.9848,0.14841,-0.052585,0.29141,8.7028
3.9407,1.9848,0.14843,-0.052435,0.29122,8.7096
3.9407,1.9848,0.14844,-0.05234,0.29162,8.711
3.9408,1.9848,0.14846,-0.052181,0.29158,8.708
3.9408,1.9848,0.14847,-0.052061,0.29199,8.7218
3.9409,1.9848,0.14849,-0.051889,0.29197,8.7263
3.9409,1.9848,0.14851,-0.05179,0.29237,8.7221
3.941,1.9848,0.14852,-0.051663,0.2924,8.7218
3.9411,1.9848,0.14854,-0.051596,0.29291,8.7245
3.9411,1.9848,0.14855,-0.051491,0.29296,8.7162
3.9412,1.9848,0.14857,-0.05143,0.29349,8.7081
3.9412,1.9848,0.14858,-0.051304,0.29364,8.7133
3.9413,1.9848,0.1486,-0.051212,0.29416,8.7048
3.9413,1.9848,0.14861,-0.051064,0.29417,8.7024
3.9414,1.9848,0.14863,-0.050994,0.29453,8.7106
3.9414,1.9848,0.14864,-0.050883,0.29446,8.708
3.9415,1.9848,0.14866,-0.050841,0.29494,8.7043
3.9415,1.9848,0.14868,-0.050758,0.2949,8.717
3.9416,1.9848,0.14869,-0.05073,0.29546,8.7105
3.9416,1.9848,0.14871,-0.050646,0.2956,8.7051
3.9417,1.9848,0.14872,-0.050614,0.29633,8.713
3.9417,1.9848,0.14874,-0.050517,0.29635,8.716
3.9418,1.9848,0.14875,-0.050484,0.29684,8.7082
3.9418,1.9848,0.14877,-0.0504,0.29671,8.7131
3.9419,1.9848,0.14878,-0.050379,0.29716,8.7307
3.9419,1.9848,0.1488,-0.050308,0.29691,8.7238
3.942,1.9847,0.14882,-0.050318,0.29743,8.7229
3.9421,1.9847,0.14883,-0.050255,0.29737,8.7325
3.9421,1.9847,0.14885,-0.050266,0.29808,8.7208
3.9422,1.9847,0.14886,-0.050218,0.29797,8.7073
3.9422,1.9847,0.14888,-0.050233,0.2986,8.7179
3.9423,1.9847,0.14889,-0.050165,0.29859,8.7117
3.9423,1.9847,0.14891,-0.050157,0.29924,8.6956
3.9424,1.9847,0.14893,-0.050104,0.29913,8.7058
3.9424,1.9847,0.14894,-0.050119,0.29972,8.7064
3.9425,1.9847,0.14896,-0.050038,0.29974,8.6991
3.9425,1.9847,0.14897,-0.050022,0.30034,8.6947
3.9426,1.9847,0.14899,-0.049973,0.30019,8.6994
3.9426,1.9847,0.149,-0.049994,0.30067,8.6863
3.9427,1.9847,0.14902,-0.049986,0.30083,8.683
3.9427,1.9847,0.14904,-0.050077,0.30143,8.6902
3.9428,1.9847,0.14905,-0.050154,0.30172,8.6806
3.9428,1.9847,0.14907,-0.050311,0.30242,8.6818
3.9429,1.9847,0.14908,-0.050378,0.30296,8.6919
3.9429,1.9847,0.1491,-0.05049,0.30371,8.6983
3.943,1.9847,0.14912,-0.050507,0.30415,8.6919
3.9431,1.9847,0.14913,-0.050551,0.30465,8.7004
3.9431,1.9847,0.14915,-0.05055,0.30513,8.7046
3.9432,1.9847,0.14916,-0.050622,0.30539,8.6962
3.9432,1.9847,0.14918,-0.050628,0.30577,8.6958
3.9433,1.9847,0.1492,-0.050697,0.30589,8.7084
3.9433,1.9847,0.14921,-0.050708,0.30649,8.6937
3.9434,1.9847,0.14923,-0.05079,0.30664,8.6972
3.9434,1.9847,0.14924,-0.050815,0.30728,8.7107
3.9435,1.9847,0.14926,-0.050913,0.30744,8.7069
3.9435,1.9847,0.14928,-0.050973,0.30834,8.7031
3.9436,1.9847,0.14929,-0.051112,0.30873,8.7117
3.9436,1.9847,0.14931,-0.051175,0.30985,8.7053
3.9437,1.9847,0.14933,-0.051289,0.31058,8.6935
3.9437,1.9847,0.14934,-0.05134,0.3121,8.6958
3.9438,1.9847,0.14936,-0.05144,0.31311,8.697
3.9438,1.9847,0.14938,-0.051489,0.31477,8.6885
3.9439,1.9847,0.14939,-0.051598,0.31591,8.7019
3.9439,1.9847,0.14941,-0.051648,0.31773,8.7062
3.944,1.9846,0.14943,-0.051762,0.31916,8.6968
3.9441,1.9846,0.14944,-0.051824,0.32107,8.6952
3.9441,1.9846,0.14946,-0.051949,0.32269,8.706
3.9442,1.9846,0.14948,-0.052012,0.3247,8.6908
3.9442,1.9846,0.14949,-0.052139,0.32631,8.6861
3.9443,1.9846,0.14951,-0.052199,0.3277,8.6949
3.9443,1.9846,0.14953,-0.052321,0.3287,8.6939
3.9444,1.9846,0.14955,-0.052379,0.32958,8.6847
3.9444,1.9846,0.14956,-0.052504,0.3307,8.7043
3.9445,1.9846,0.14958,-0.052576,0.33169,8.7032
3.9445,1.9846,0.1496,-0.052711,0.33272,8.698
3.9446,1.9846,0.14962,-0.052799,0.33384,8.7177
3.9446,1.9846,0.14963,-0.052974,0.33448,8.7254
3.9447,1.9846,0.14965,-0.053092,0.33475,8.7168
3.9447,1.9846,0.14967,-0.053265,0.33498,8.7238
3.9448,1.9846,0.14969,-0.053364,0.33532,8.734
3.9448,1.9846,0.1497,-0.053501,0.33661,8.7274
3.9449,1.9846,0.14972,-0.053559,0.33751,8.7361
3.9449,1.9846,0.14974,-0.053661,0.33919,8.7447
3.945,1.9846,0.14976,-0.053714,0.34071,8.74
3.9451,1.9846,0.14978,-0.053801,0.34188,8.7345
3.9451,1.9846,0.14979,-0.053821,0.34251,8.7422
3.9452,1.9846,0.14981,-0.05385,0.34244,8.7383
3.9452,1.9846,0.14983,-0.053799,0.34256,8.722
3.9453,1.9846,0.14985,-0.053754,0.34262,8.7276
3.9453,1.9846,0.14987,-0.053648,0.34282,8.7248
3.9454,1.9846,0.14988,-0.053619,0.34348,8.7128
3.9454,1.9846,0.1499,-0.053577,0.34442,8.7249
3.9455,1.9846,0.14992,-0.053621,0.3457,8.7243
3.9455,1.9846,0.14994,-0.053662,0.34688,8.7223
3.9456,1.9846,0.14996,-0.053746,0.34879,8.7241
3.9456,1.9846,0.14998,-0.053777,0.35083,8.7313
3.9457,1.9846,0.14999,-0.053801,0.3521,8.7206
3.9457,1.9846,0.15001,-0.053748,0.35306,8.7184
3.9458,1.9846,0.15003,-0.053712,0.35312,8.7237
3.9458,1.9846,0.15005,-0.053619,0.35309,8.7167
3.9459,1.9845,0.15007,-0.053577,0.35292,8.7142
3.9459,1.9845,0.15009,-0.053497,0.35278,8.7292
3.946,1.9845,0.15011,-0.053451,0.354,8.7319
3.9461,1.9845,0.15012,-0.053366,0.35509,8.7275
3.9461,1.9845,0.15014,-0.053317,0.35599,8.7436
3.9462,1.9845,0.15016,-0.05323,0.35646,8.746
3.9462,1.9845,0.15018,-0.053166,0.35661,8.7302
3.9463,1.9845,0.1502,-0.05307,0.35667,8.7371
3.9463,1.9845,0.15022,-0.053019,0.35654,8.7445
3.9464,1.9845,0.15024,-0.052981,0.35647,8.723
3.9464,1.9845,0.15026,-0.053009,0.35771,8.7247
3.9465,1.9845,0.15027,-0.053008,0.35923,8.7323
3.9465,1.9845,0.15029,-0.053035,0.3606,8.7249
3.9466,1.9845,0.15031,-0.052989,0.36207,8.7269
3.9466,1.9845,0.15033,-0.052929,0.36358,8.733
3.9467,1.9845,0.15035,-0.052793,0.36474,8.7234
3.9467,1.9845,0.15037,-0.052675,0.36507,8.7056
3.9468,1.9845,0.15039,-0.052537,0.36432,8.7103
3.9468,1.9845,0.15041,-0.052441,0.36492,8.7128
3.9469,1.9845,0.15043,-0.052306,0.36471,8.7035
3.9469,1.9845,0.15045,-0.05221,0.36308,8.7112
3.947,1.9845,0.15047,-0.052072,0.36067,8.7109
3.9471,1.9845,0.15048,-0.051975,0.35842,8.7061
3.9471,1.9845,0.1505,-0.051825,0.35674,8.7163
3.9472,1.9845,0.15052,-0.051718,0.35463,8.7233
3.9472,1.9845,0.15054,-0.05157,0.35179,8.7142
3.9473,1.9845,0.15056,-0.051469,0.35192,8.7114
3.9473,1.9845,0.15058,-0.051329,0.34998,8.7178
3.9474,1.9845,0.1506,-0.051232,0.34661,8.7207
3.9474,1.9845,0.15061,-0.051091,0.34244,8.7209
3.9475,1.9845,0.15063,-0.050981,0.34078,8.7251
3.9475,1.9845,0.15065,-0.050833,0.34128,8.7211
3.9476,1.9845,0.15067,-0.050734,0.34248,8.7162
3.9476,1.9845,0.15069,-0.050616,0.34349,8.7257
3.9477,1.9845,0.1507,-0.050548,0.34693,8.7252
3.9477,1.9845,0.15072,-0.050454,0.34789,8.7065
3.9478,1.9844,0.15074,-0.050399,0.34931,8.7093
3.9478,1.9844,0.15076,-0.05029,0.35047,8.7111
3.9479,1.9844,0.15078,-0.050207,0.35345,8.6933
3.9479,1.9844,0.1508,-0.050121,0.35491,8.6871
3.948,1.9844,0.15081,-0.050074,0.3566,8.6937
3.9481,1.9844,0.15083,-0.049997,0.35551,8.6862
3.9481,1.9844,0.15085,-0.049955,0.35436,8.68
3.9482,1.9844,0.15087,-0.049907,0.35024,8.6838
3.9482,1.9844,0.15089,-0.049887,0.34801,8.6757
3.9483,1.9844,0.15091,-0.049804,0.34599,8.6715
3.9483,1.9844,0.15093,-0.049752,0.34643,8.6753
3.9484,1.9844,0.15094,-0.049689,0.34829,8.6648
3.9484,1.9844,0.15096,-0.049666,0.35798,8.6552
3.9485,1.9844,0.15098,-0.049591,0.36641,8.6558
3.9485,1.9844,0.151,-0.049549,0.37371,8.6692
3.9486,1.9844,0.15102,-0.049494,0.37518,8.6668
3.9486,1.9844,0.15104,-0.049486,0.37597,8.6708
3.9487,1.9844,0.15106,-0.049402,0.37033,8.6786
3.9487,1.9844,0.15108,-0.049308,0.36283,8.672
3.9488,1.9844,0.1511,-0.049164,0.35533,8.6758
3.9488,1.9844,0.15112,-0.049051,0.35594,8.6787
3.9489,1.9844,0.15114,-0.048893,0.35531,8.674
3.9489,1.9844,0.15115,-0.04878,0.35767,8.6676
3.949,1.9844,0.15117,-0.048663,0.36084,8.6818
3.9491,1.9844,0.15119,-0.048625,0.36965,8.6772
3.9491,1.9844,0.15121,-0.048547,0.37493,8.6735
3.9492,1.9844,0.15123,-0.048484,0.38049,8.6832
3.9492,1.9844,0.15125,-0.048388,0.38291,8.6854
3.9493,1.9844,0.15127,-0.048321,0.38835,8.6672
3.9493,1.9844,0.15129,-0.048215,0.38901,8.67
3.9494,1.9844,0.15131,-0.048135,0.38924,8.6672
3.9494,1.9844,0.15133,-0.048015,0.38652,8.6505
3.9495,1.9844,0.15136,-0.047926,0.38727,8.6416
3.9495,1.9844,0.15138,-0.047795,0.38489,8.6514
3.9496,1.9844,0.1514,-0.04769,0.38353,8.6485
3.9496,1.9844,0.15142,-0.047543,0.37958,8.6427
3.9497,1.9844,0.15144,-0.047422,0.38154,8.6555
3.9497,1.9844,0.15146,-0.047255,0.38218,8.654
3.9498,1.9844,0.15148,-0.047117,0.38406,8.6421
3.9498,1.9843,0.1515,-0.046937,0.38227,8.6471
3.9499,1.9843,0.15152,-0.046789,0.38267,8.6499
3.9499,1.9843,0.15154,-0.046608,0.37845,8.6383
3.95,1.9843,0.15156,-0.046459,0.37397,8.6479
3.9501,1.9843,0.15158,-0.04628,0.36769,8.6619
3.9501,1.9843,0.15159,-0.046143,0.36798,8.6579
3.9502,1.9843,0.15161,-0.045979,0.37159,8.662
3.9502,1.9843,0.15163,-0.04586,0.38006,8.6805
3.9503,1.9843,0.15165,-0.045713,0.3874,8.6716
3.9503,1.9843,0.15168,-0.045607,0.39455,8.6756
3.9504,1.9843,0.1517,-0.045468,0.39642,8.6791
3.9504,1.9843,0.15172,-0.045353,0.39538,8.6781
3.9505,1.9843,0.15174,-0.045193,0.38887,8.6747
3.9505,1.9843,0.15176,-0.045059,0.38267,8.6796
3.9506,1.9843,0.15178,-0.044887,0.37825,8.6838
3.9506,1.9843,0.1518,-0.044751,0.37858,8.6818
3.9507,1.9843,0.15182,-0.044588,0.38304,8.6882
3.9507,1.9843,0.15184,-0.044471,0.39067,8.6875
3.9508,1.9843,0.15186,-0.04433,0.39844,8.6709
3.9508,1.9843,0.15188,-0.044229,0.40542,8.6794
3.9509,1.9843,0.1519,-0.044076,0.40618,8.6758
3.9509,1.9843,0.15192,-0.043948,0.40539,8.6625
3.951,1.9843,0.15194,-0.043782,0.4015,8.656
3.9511,1.9843,0.15197,-0.043648,0.40185,8.6731
3.9511,1.9843,0.15199,-0.043498,0.40425,8.6593
3.9512,1.9843,0.15201,-0.043407,0.40841,8.659
3.9512,1.9843,0.15203,-0.043308,0.41069,8.6716
3.9513,1.9843,0.15205,-0.043265,0.41425,8.6669
3.9513,1.9843,0.15207,-0.043168,0.41466,8.6644
3.9514,1.9843,0.1521,-0.043084,0.41936,8.6736
3.9514,1.9843,0.15212,-0.042953,0.42165,8.6677
3.9515,1.9843,0.15214,-0.042849,0.42932,8.657
3.9515,1.9843,0.15216,-0.042707,0.43343,8.6718
3.9516,1.9843,0.15219,-0.042603,0.43763,8.6794
3.9516,1.9843,0.15221,-0.042459,0.43663,8.6744
3.9517,1.9843,0.15223,-0.042357,0.43829,8.6835
3.9517,1.9843,0.15226,-0.042214,0.43612,8.695
3.9518,1.9843,0.15228,-0.042116,0.43757,8.6872
3.9518,1.9843,0.1523,-0.041995,0.43462,8.6969
3.9519,1.9843,0.15232,-0.041913,0.43335,8.7015
3.9519,1.9843,0.15235,-0.041777,0.42657,8.6937
3.952,1.9843,0.15237,-0.041695,0.4244,8.6889
3.9521,1.9843,0.15239,-0.041555,0.42076,8.6929
3.9521,1.9842,0.15241,-0.04144,0.42525,8.6958
3.9522,1.9842,0.15244,-0.041284,0.42573,8.6839
3.9522,1.9842,0.15246,-0.041195,0.42748,8.6953
3.9523,1.9842,0.15248,-0.041074,0.42219,8.6989
3.9523,1.9842,0.1525,-0.040981,0.41497,8.6884
3.9524,1.9842,0.15252,-0.040847,0.40486,8.6899
3.9524,1.9842,0.15254,-0.040796,0.40473,8.6917
3.9525,1.9842,0.15257,-0.040711,0.40829,8.6779
3.9525,1.9842,0.15259,-0.040643,0.42247,8.6725
3.9526,1.9842,0.15261,-0.040525,0.43144,8.6795
3.9526,1.9842,0.15263,-0.040431,0.43785,8.6744
3.9527,1.9842,0.15266,-0.040272,0.43461,8.6713
3.9527,1.9842,0.15268,-0.040111,0.42853,8.6845
3.9528,1.9842,0.1527,-0.03989,0.41995,8.6839
3.9528,1.9842,0.15272,-0.039731,0.41864,8.68
3.9529,1.9842,0.15275,-0.039543,0.4209,8.6927
3.9529,1.9842,0.15277,-0.039418,0.43354,8.6883
3.953,1.9842,0.15279,-0.039279,0.44497,8.6796
3.9531,1.9842,0.15282,-0.039173,0.45668,8.6804
3.9531,1.9842,0.15284,-0.03902,0.45995,8.6775
3.9532,1.9842,0.15286,-0.038912,0.46068,8.6753
3.9532,1.9842,0.15289,-0.038767,0.45122,8.6782
3.9533,1.9842,0.15291,-0.038661,0.43956,8.6879
3.9533,1.9842,0.15293,-0.038509,0.42274,8.6752
3.9534,1.9842,0.15296,-0.038394,0.41373,8.6744
3.9534,1.9842,0.15298,-0.03823,0.40589,8.6775
3.9535,1.9842,0.153,-0.038082,0.40543,8.6677
3.9535,1.9842,0.15302,-0.037875,0.40333,8.6604
3.9536,1.9842,0.15304,-0.037719,0.40981,8.669
3.9536,1.9842,0.15306,-0.037534,0.41281,8.6541
3.9537,1.9842,0.15308,-0.03739,0.41939,8.6545
3.9537,1.9842,0.15311,-0.037222,0.41863,8.6497
3.9538,1.9842,0.15313,-0.037079,0.42248,8.6543
3.9538,1.9842,0.15315,-0.036897,0.41921,8.6389
3.9539,1.9842,0.15317,-0.03675,0.41969,8.6392
3.9539,1.9842,0.1532,-0.03656,0.41328,8.6376
3.954,1.9842,0.15322,-0.036397,0.41456,8.6246
3.9541,1.9842,0.15324,-0.036197,0.41132,8.6214
3.9541,1.9842,0.15326,-0.036042,0.41398,8.6263
3.9542,1.9842,0.15328,-0.035848,0.41065,8.6244
3.9542,1.9842,0.1533,-0.035686,0.41393,8.6226
3.9543,1.9842,0.15333,-0.035509,0.41107,8.6396
3.9543,1.9842,0.15335,-0.035387,0.41479,8.6461
3.9544,1.9842,0.15337,-0.035219,0.41221,8.6399
3.9544,1.9842,0.15339,-0.035093,0.4164,8.6547
3.9545,1.9842,0.15341,-0.034937,0.41432,8.6527
3.9545,1.9842,0.15343,-0.034851,0.41815,8.6456
3.9546,1.9842,0.15346,-0.034718,0.41588,8.6557
3.9546,1.9842,0.15348,-0.034609,0.41978,8.6571
3.9547,1.9842,0.1535,-0.034469,0.41756,8.6518
3.9547,1.9841,0.15352,-0.034352,0.42139,8.6594
3.9548,1.9841,0.15354,-0.034172,0.41922,8.671
3.9548,1.9841,0.15357,-0.034022,0.423,8.6617
3.9549,1.9841,0.15359,-0.033844,0.42087,8.6605
3.9549,1.9841,0.15361,-0.033725,0.42461,8.6669
3.955,1.9841,0.15363,-0.033573,0.42256,8.6556
3.9551,1.9841,0.15366,-0.033448,0.42626,8.6473
3.9551,1.9841,0.15368,-0.033299,0.42428,8.6596
3.9552,1.9841,0.1537,-0.033184,0.42794,8.6534
3.9552,1.9841,0.15372,-0.033047,0.42602,8.6443
3.9553,1.9841,0.15375,-0.032941,0.42964,8.657
3.9553,1.9841,0.15377,-0.032813,0.42779,8.6567
3.9554,1.9841,0.15379,-0.032717,0.43137,8.6451
3.9554,1.9841,0.15381,-0.032599,0.42959,8.6584
3.9555,1.9841,0.15384,-0.032514,0.43313,8.6564
3.9555,1.9841,0.15386,-0.032406,0.43142,8.6512
3.9556,1.9841,0.15388,-0.032332,0.43492,8.6515
3.9556,1.9841,0.15391,-0.032236,0.43328,8.657
3.9557,1.9841,0.15393,-0.032173,0.43674,8.6538
3.9557,1.9841,0.15395,-0.032086,0.43517,8.6566
3.9558,1.9841,0.15397,-0.032033,0.43859,8.6744
3.9558,1.9841,0.154,-0.031955,0.43672,8.6814
3.9559,1.9841,0.15402,-0.031912,0.44022,8.6854
3.9559,1.9841,0.15404,-0.031845,0.44146,8.7012
3.956,1.9841,0.15407,-0.031814,0.44522,8.6943
3.9561,1.9841,0.15409,-0.031756,0.44213,8.6899
3.9561,1.9841,0.15411,-0.031734,0.43987,8.7
3.9562,1.9841,0.15414,-0.0317,0.43215,8.7086
3.9562,1.9841,0.15416,-0.031698,0.4294,8.6944
3.9563,1.9841,0.15418,-0.031659,0.42079,8.7085
3.9563,1.9841,0.1542,-0.03159,0.41822,8.715
3.9564,1.9841,0.15422,-0.031479,0.41592,8.7026
3.9564,1.9841,0.15425,-0.031398,0.41484,8.7029
3.9565,1.9841,0.15427,-0.031297,0.41062,8.7034
3.9565,1.9841,0.15429,-0.031259,0.41067,8.6969
3.9566,1.9841,0.15431,-0.031235,0.41325,8.6863
3.9566,1.9841,0.15433,-0.031274,0.42644,8.6903
3.9567,1.9841,0.15436,-0.031293,0.43851,8.69
3.9567,1.9841,0.15438,-0.031311,0.4535,8.6796
3.9568,1.9841,0.15441,-0.031312,0.46151,8.6948
3.9568,1.9841,0.15443,-0.031339,0.46507,8.6936
3.9569,1.9841,0.15445,-0.031348,0.45834,8.6829
3.9569,1.9841,0.15448,-0.031436,0.45049,8.6947
3.957,1.9841,0.1545,-0.031516,0.43679,8.6914
3.9571,1.9841,0.15452,-0.031657,0.42734,8.6864
3.9571,1.9841,0.15455,-0.031756,0.41954,8.6907
3.9572,1.9841,0.15457,-0.031882,0.418,8.7056
3.9572,1.9841,0.15459,-0.031996,0.41686,8.6951
3.9573,1.9841,0.15461,-0.03215,0.42305,8.6972
3.9573,1.9841,0.15463,-0.032327,0.42622,8.7213
3.9574,1.9841,0.15466,-0.032593,0.43461,8.7156
3.9574,1.9841,0.15468,-0.032879,0.43093,8.7147
3.9575,1.9841,0.1547,-0.033196,0.42542,8.7295
3.9575,1.9841,0.15472,-0.033468,0.41626,8.7297
3.9576,1.9841,0.15475,-0.033725,0.41254,8.7187
3.9576,1.9841,0.15477,-0.033957,0.40705,8.7203
3.9577,1.9841,0.15479,-0.034177,0.41062,8.7266
3.9577,1.9841,0.15481,-0.034382,0.41303,8.7169
3.9578,1.984,0.15483,-0.034603,0.42281,8.7223
3.9578,1.984,0.15485,-0.034813,0.42138,8.729
3.9579,1.984,0.15488,-0.035004,0.42307,8.7225
3.9579,1.984,0.1549,-0.03519,0.42018,8.7191
3.958,1.984,0.15492,-0.035375,0.42303,8.7261
3.9581,1.984,0.15494,-0.035553,0.42074,8.7149
3.9581,1.984,0.15497,-0.035696,0.42569,8.7037
3.9582,1.984,0.15499,-0.035828,0.42637,8.7019
3.9582,1.984,0.15501,-0.035966,0.43189,8.6995
3.9583,1.984,0.15503,-0.036084,0.42858,8.6967
3.9583,1.984,0.15506,-0.036183,0.43091,8.7053
3.9584,1.984,0.15508,-0.036263,0.42787,8.7074
3.9584,1.984,0.1551,-0.036354,0.43111,8.7026
3.9585,1.984,0.15512,-0.036433,0.42954,8.7097
3.9585,1.984,0.15515,-0.036483,0.4359,8.7131
3.9586,1.984,0.15517,-0.036501,0.43745,8.7046
3.9586,1.984,0.15519,-0.036543,0.44293,8.7121
3.9587,1.984,0.15522,-0.03662,0.43965,8.7193
3.9587,1.984,0.15524,-0.03671,0.43963,8.7107
3.9588,1.984,0.15526,-0.036795,0.43388,8.7179
3.9588,1.984,0.15529,-0.036886,0.43427,8.7312
3.9589,1.984,0.15531,-0.036957,0.43174,8.7217
3.9589,1.984,0.15533,-0.036992,0.43936,8.7259
3.959,1.984,0.15535,-0.03697,0.4444,8.732
3.9591,1.984,0.15538,-0.036941,0.45464,8.7197
3.9591,1.984,0.1554,-0.036916,0.45856,8.715
3.9592,1.984,0.15543,-0.036881,0.46648,8.7176
3.9592,1.984,0.15545,-0.036838,0.46645,8.7106
3.9593,1.984,0.15548,-0.036788,0.46982,8.6979
3.9593,1.984,0.1555,-0.036732,0.46964,8.7014
3.9594,1.984,0.15553,-0.036671,0.47495,8.713
3.9594,1.984,0.15555,-0.036602,0.47527,8.7016
3.9595,1.984,0.15558,-0.036528,0.47769,8.7024
3.9595,1.984,0.1556,-0.036448,0.47127,8.7086
3.9596,1.984,0.15563,-0.036364,0.4674,8.6913
3.9596,1.984,0.15565,-0.036275,0.45369,8.6936
3.9597,1.984,0.15567,-0.036186,0.4468,8.6956
3.9597,1.984,0.1557,-0.036091,0.43744,8.6908
3.9598,1.984,0.15572,-0.035993,0.43559,8.6783
3.9598,1.984,0.15574,-0.035886,0.43081,8.6988
3.9599,1.984,0.15576,-0.035774,0.43222,8.7022
3.9599,1.984,0.15579,-0.035652,0.42659,8.7014
3.96,1.984,0.15581,-0.035526,0.42921,8.708
3.9601,1.984,0.15583,-0.035393,0.42622,8.7106
3.9601,1.984,0.15585,-0.035259,0.43193,8.7004
3.9602,1.984,0.15588,-0.035117,0.42969,8.7082
3.9602,1.984,0.1559,-0.034974,0.43461,8.7144
3.9603,1.984,0.15592,-0.034823,0.43076,8.7069
3.9603,1.984,0.15595,-0.034671,0.43395,8.7059
3.9604,1.984,0.15597,-0.034511,0.42831,8.7198
3.9604,1.984,0.15599,-0.034352,0.4321,8.7119
3.9605,1.984,0.15601,-0.034184,0.4282,8.7064
3.9605,1.984,0.15604,-0.034017,0.43138,8.7212
3.9606,1.9839,0.15606,-0.033841,0.42517,8.7122
3.9606,1.9839,0.15608,-0.033667,0.42849,8.7042
3.9607,1.9839,0.1561,-0.033483,0.42305,8.7095
3.9607,1.9839,0.15613,-0.033303,0.42783,8.6998
3.9608,1.9839,0.15615,-0.033112,0.42425,8.687
3.9608,1.9839,0.15617,-0.032925,0.43022,8.6908
3.9609,1.9839,0.15619,-0.032728,0.42714,8.698
3.9609,1.9839,0.15622,-0.032535,0.43244,8.6831
3.961,1.9839,0.15624,-0.032333,0.42884,8.6843
3.9611,1.9839,0.15626,-0.032134,0.43434,8.6927
3.9611,1.9839,0.15628,-0.031926,0.4308,8.6834
3.9612,1.9839,0.15631,-0.031722,0.43625,8.6895
3.9612,1.9839,0.15633,-0.031509,0.43277,8.6951
3.9613,1.9839,0.15635,-0.031301,0.43817,8.6938
3.9613,1.9839,0.15638,-0.031083,0.43476,8.6872
3.9614,1.9839,0.1564,-0.030871,0.44052,8.7036
3.9614,1.9839,0.15642,-0.030648,0.43619,8.7145
3.9615,1.9839,0.15645,-0.030433,0.44108,8.7168
3.9615,1.9839,0.15647,-0.030207,0.43707,8.7361
3.9616,1.9839,0.15649,-0.029988,0.44357,8.7394
3.9616,1.9839,0.15651,-0.029758,0.44254,8.7279
3.9617,1.9839,0.15654,-0.029537,0.45222,8.7365
3.9617,1.9839,0.15656,-0.029305,0.45497,8.7399
3.9618,1.9839,0.15659,-0.029081,0.46989,8.7307
3.9618,1.9839,0.15661,-0.028846,0.47171,8.7287
3.9619,1.9839,0.15664,-0.028621,0.48087,8.7375
3.9619,1.9839,0.15666,-0.028384,0.47284,8.7347
3.962,1.9839,0.15669,-0.028157,0.46945,8.732
3.9621,1.9839,0.15671,-0.027919,0.44884,8.7417
3.9621,1.9839,0.15673,-0.027691,0.43587,8.7385
3.9622,1.9839,0.15676,-0.027452,0.41258,8.7281
3.9622,1.9839,0.15678,-0.027224,0.40769,8.7295
3.9623,1.9839,0.1568,-0.026984,0.39607,8.7267
3.9623,1.9839,0.15682,-0.026756,0.40393,8.7168
3.9624,1.9839,0.15684,-0.026516,0.40265,8.7213
3.9624,1.9839,0.15686,-0.02629,0.41655,8.7265
3.9625,1.9839,0.15688,-0.02605,0.41466,8.7231
3.9625,1.9839,0.15691,-0.025821,0.4238,8.7278
3.9626,1.9839,0.15693,-0.025581,0.41457,8.7433
3.9626,1.9839,0.15695,-0.025352,0.41968,8.7319
3.9627,1.9839,0.15697,-0.025109,0.41329,8.7313
3.9627,1.9839,0.15699,-0.024882,0.42404,8.74
3.9628,1.9839,0.15702,-0.024644,0.42212,8.7373
3.9628,1.9839,0.15704,-0.024423,0.43551,8.7309
3.9629,1.9839,0.15706,-0.024187,0.43095,8.7409
3.9629,1.9839,0.15709,-0.023968,0.4399,8.7382
3.963,1.9839,0.15711,-0.023735,0.42975,8.7362
3.9631,1.9839,0.15713,-0.023515,0.43588,8.7424
3.9631,1.9839,0.15715,-0.023279,0.43071,8.755
3.9632,1.9839,0.15718,-0.023059,0.44274,8.7503
3.9632,1.9839,0.1572,-0.022825,0.43973,8.7481
3.9633,1.9839,0.15722,-0.022608,0.4521,8.7392
3.9633,1.9839,0.15725,-0.022382,0.44668,8.7243
3.9634,1.9839,0.15727,-0.022179,0.45626,8.7213
3.9634,1.9839,0.15729,-0.021965,0.44834,8.7245
3.9635,1.9839,0.15732,-0.021775,0.4566,8.7238
3.9635,1.9839,0.15734,-0.021572,0.45005,8.7263
3.9636,1.9839,0.15737,-0.021391,0.45929,8.7306
3.9636,1.9839,0.15739,-0.021195,0.45192,8.7205
3.9637,1.9839,0.15741,-0.021017,0.46217,8.7094
3.9637,1.9839,0.15744,-0.020826,0.4562,8.7127
3.9638,1.9839,0.15746,-0.020654,0.46508,8.7201
3.9638,1.9839,0.15749,-0.020464,0.45654,8.7034
3.9639,1.9839,0.15751,-0.020296,0.46254,8.7037
3.9639,1.9839,0.15754,-0.020112,0.45104,8.7134
3.964,1.9839,0.15756,-0.019949,0.45799,8.708
3.9641,1.9839,0.15758,-0.019769,0.45066,8.7173
3.9641,1.9839,0.15761,-0.019611,0.46429,8.7268
3.9642,1.9839,0.15763,-0.019455,0.45957,8.7124
3.9642,1.9839,0.15766,-0.0193,0.46639,8.7111
3.9643,1.9839,0.15768,-0.019117,0.45008,8.7144
3.9643,1.9839,0.1577,-0.018962,0.44315,8.7055
3.9644,1.9839,0.15773,-0.01878,0.41492,8.6962
3.9644,1.9839,0.15775,-0.018601,0.40779,8.7149
3.9645,1.9838,0.15777,-0.018368,0.38888,8.7108
3.9645,1.9838,0.15779,-0.018146,0.39349,8.7017
3.9646,1.9838,0.15781,-0.017916,0.38447,8.7058
3.9646,1.9838,0.15783,-0.017705,0.39666,8.7027
3.9647,1.9838,0.15785,-0.017501,0.39277,8.6932
3.9647,1.9838,0.15787,-0.017366,0.40639,8.6875
3.9648,1.9838,0.15789,-0.017238,0.40178,8.6894
3.9648,1.9838,0.15791,-0.017147,0.41593,8.675
3.9649,1.9838,0.15794,-0.017029,0.41055,8.6678
3.9649,1.9838,0.15796,-0.016925,0.41816,8.6809
3.965,1.9838,0.15798,-0.016816,0.40632,8.665
3.9651,1.9838,0.158,-0.016782,0.41261,8.6668
3.9651,1.9838,0.15802,-0.01676,0.40154,8.6806
3.9652,1.9838,0.15804,-0.01678,0.40997,8.6719
3.9652,1.9838,0.15806,-0.016779,0.40187,8.6634
3.9653,1.9838,0.15809,-0.016775,0.41345,8.6726
3.9653,1.9838,0.15811,-0.016748,0.40565,8.6738
3.9654,1.9838,0.15813,-0.01671,0.41491,8.6629
3.9654,1.9838,0.15815,-0.016682,0.40639,8.6651
3.9655,1.9838,0.15817,-0.016691,0.41794,8.6799
3.9655,1.9838,0.15819,-0.016727,0.41278,8.6725
3.9656,1.9838,0.15822,-0.016833,0.42843,8.6747
3.9656,1.9838,0.15824,-0.016945,0.42738,8.6851
3.9657,1.9838,0.15826,-0.01711,0.44578,8.6795
3.9657,1.9838,0.15829,-0.017257,0.44213,8.6775
3.9658,1.9838,0.15831,-0.017402,0.45656,8.6832
3.9658,1.9838,0.15833,-0.017518,0.44892,8.6744
3.9659,1.9838,0.15836,-0.0176,0.46006,8.6689
3.9659,1.9838,0.15838,-0.017708,0.45064,8.6715
3.966,1.9838,0.15841,-0.017859,0.46147,8.6693
3.9661,1.9838,0.15843,-0.018044,0.45307,8.6628
3.9661,1.9838,0.15845,-0.018288,0.46501,8.6654
3.9662,1.9838,0.15848,-0.018522,0.45624,8.6643
3.9662,1.9838,0.1585,-0.018776,0.46817,8.6508
3.9663,1.9838,0.15853,-0.019029,0.45947,8.6483
3.9663,1.9838,0.15855,-0.019255,0.47134,8.6497
3.9664,1.9838,0.15858,-0.019479,0.4627,8.6388
3.9664,1.9838,0.1586,-0.019668,0.47449,8.6397
3.9665,1.9838,0.15863,-0.019841,0.46589,8.654
3.9665,1.9838,0.15865,-0.020004,0.47763,8.6406
3.9666,1.9838,0.15868,-0.020176,0.46911,8.6448
3.9666,1.9838,0.1587,-0.020363,0.48081,8.6612
3.9667,1.9838,0.15873,-0.020584,0.47223,8.6596
3.9667,1.9838,0.15875,-0.020804,0.48412,8.6592
3.9668,1.9838,0.15878,-0.021061,0.47643,8.6722
3.9668,1.9838,0.1588,-0.021295,0.48827,8.6705
3.9669,1.9838,0.15883,-0.021495,0.4793,8.6632
3.9669,1.9838,0.15885,-0.021667,0.4897,8.6745
3.967,1.9838,0.15888,-0.021827,0.47794,8.6808
3.9671,1.9838,0.1589,-0.021995,0.48586,8.6733
3.9671,1.9838,0.15893,-0.022182,0.47583,8.6827
3.9672,1.9838,0.15895,-0.02235,0.48971,8.6992
3.9672,1.9838,0.15898,-0.022511,0.48572,8.691
3.9673,1.9838,0.15901,-0.022601,0.50405,8.689
3.9673,1.9838,0.15903,-0.02265,0.5023,8.6962
3.9674,1.9838,0.15906,-0.022607,0.52024,8.6916
3.9674,1.9838,0.15909,-0.022552,0.51195,8.6789
3.9675,1.9838,0.15912,-0.02245,0.52244,8.6876
3.9675,1.9838,0.15914,-0.022354,0.51187,8.6848
3.9676,1.9838,0.15917,-0.022228,0.52198,8.6751
3.9676,1.9838,0.1592,-0.022144,0.50896,8.6845
3.9677,1.9838,0.15922,-0.022022,0.51847,8.6851
3.9677,1.9838,0.15925,-0.021943,0.50651,8.6727
3.9678,1.9838,0.15928,-0.021821,0.51784,8.6764
3.9678,1.9838,0.1593,-0.021763,0.50718,8.6749
3.9679,1.9838,0.15933,-0.021628,0.52244,8.6619
3.9679,1.9838,0.15936,-0.021507,0.51825,8.6565
3.968,1.9838,0.15939,-0.021395,0.53803,8.6723
3.9681,1.9838,0.15942,-0.02129,0.53493,8.6637
3.9681,1.9838,0.15944,-0.021071,0.5526,8.6633
3.9682,1.9838,0.15947,-0.020863,0.54465,8.6769
3.9682,1.9838,0.1595,-0.020596,0.5571,8.6757
3.9683,1.9838,0.15953,-0.020389,0.54563,8.6742
3.9683,1.9838,0.15956,-0.020124,0.55661,8.6853
3.9684,1.9838,0.15959,-0.019916,0.54418,8.6858
3.9684,1.9838,0.15962,-0.019764,0.55527,8.6797
3.9685,1.9838,0.15965,-0.019627,0.544,8.6854
3.9685,1.9838,0.15968,-0.019414,0.55493,8.6892
3.9686,1.9838,0.1597,-0.01925,0.54317,8.6859
3.9686,1.9838,0.15973,-0.01901,0.55469,8.6917
3.9687,1.9838,0.15976,-0.018824,0.54483,8.7004
3.9687,1.9838,0.15979,-0.018565,0.55603,8.6962
3.9688,1.9838,0.15982,-0.018359,0.5437,8.6926
3.9688,1.9838,0.15985,-0.018137,0.55447,8.7
3.9689,1.9838,0.15988,-0.017957,0.54332,8.6859
3.9689,1.9838,0.15991,-0.017712,0.55536,8.6792
3.969,1.9838,0.15994,-0.017528,0.54663,8.6834
3.9691,1.9838,0.15997,-0.017279,0.56156,8.6786
3.9691,1.9838,0.16,-0.017091,0.55508,8.67
3.9692,1.9838,0.16003,-0.016839,0.56858,8.6735
3.9692,1.9838,0.16005,-0.016648,0.55907,8.6778
3.9693,1.9838,0.16008,-0.01641,0.57065,8.6663
3.9693,1.9838,0.16011,-0.016203,0.55892,8.6705
3.9694,1.9838,0.16014,-0.015929,0.56982,8.6749
3.9694,1.9838,0.16017,-0.015693,0.56122,8.6615
3.9695,1.9838,0.1602,-0.015339,0.57601,8.6635
3.9695,1.9838,0.16023,-0.015021,0.57081,8.672
3.9696,1.9838,0.16026,-0.014641,0.58664,8.6636
3.9696,1.9838,0.1603,-0.014352,0.57975,8.6629
3.9697,1.9838,0.16033,-0.014051,0.59064,8.6749
3.9697,1.9837,0.16036,-0.013831,0.57776,8.6734
3.9698,1.9837,0.16039,-0.013602,0.58615,8.6639
3.9698,1.9837,0.16042,-0.013447,0.5751,8.6723
3.9699,1.9837,0.16045,-0.013227,0.58656,8.6696
3.9699,1.9837,0.16048,-0.013037,0.57937,8.6611
3.97,1.9837,0.16051,-0.0128,0.59325,8.6655
3.9701,1.9837,0.16054,-0.012568,0.58573,8.6647
3.9701,1.9837,0.16057,-0.012216,0.5967,8.6543
3.9702,1.9837,0.1606,-0.011857,0.58764,8.6616
3.9702,1.9837,0.16064,-0.011413,0.59988,8.6696
3.9703,1.9837,0.16067,-0.011056,0.59323,8.6567
3.9703,1.9837,0.1607,-0.010705,0.60729,8.6526
3.9704,1.9837,0.16073,-0.010484,0.60167,8.6569
3.9704,1.9837,0.16076,-0.01029,0.61382,8.6463
3.9705,1.9837,0.16079,-0.010138,0.60402,8.6361
3.9705,1.9837,0.16083,-0.009909,0.61269,8.637
3.9706,1.9837,0.16086,-0.0096217,0.60234,8.6294
3.9706,1.9837,0.16089,-0.0092606,0.61207,8.622
3.9707,1.9837,0.16092,-0.0088936,0.60365,8.6293
3.9707,1.9837,0.16095,-0.0085025,0.61534,8.6411
3.9708,1.9837,0.16099,-0.0081893,0.60855,8.6323
3.9708,1.9837,0.16102,-0.0078024,0.62018,8.6369
3.9709,1.9837,0.16105,-0.0075253,0.61266,8.6414
3.9709,1.9837,0.16108,-0.0072337,0.62403,8.6306
3.971,1.9837,0.16112,-0.0069885,0.61685,8.6341
3.9711,1.9837,0.16115,-0.0067384,0.62816,8.647
3.9711,1.9837,0.16118,-0.0065239,0.62113,8.6452
3.9712,1.9837,0.16122,-0.0063144,0.63236,8.6451
3.9712,1.9837,0.16125,-0.0060977,0.62564,8.6583
3.9713,1.9837,0.16128,-0.0057571,0.63635,8.662
3.9713,1.9837,0.16132,-0.0055087,0.62924,8.658
3.9714,1.9837,0.16135,-0.0052642,0.64041,8.6738
3.9714,1.9837,0.16138,-0.0051119,0.63455,8.668
3.9715,1.9837,0.16142,-0.0049738,0.64683,8.6567
3.9715,1.9837,0.16145,-0.0049278,0.64202,8.6622
3.9716,1.9837,0.16148,-0.004887,0.65471,8.6585
3.9716,1.9837,0.16152,-0.0048789,0.64915,8.6478
3.9717,1.9837,0.16155,-0.0047884,0.65869,8.6605
3.9717,1.9837,0.16159,-0.0047065,0.65124,8.6616
3.9718,1.9837,0.16162,-0.0045611,0.66117,8.6542
3.9718,1.9837,0.16166,-0.0043892,0.65521,8.6545
3.9719,1.9837,0.16169,-0.0041596,0.66668,8.6613
3.9719,1.9837,0.16173,-0.003907,0.66223,8.6472
3.972,1.9837,0.16176,-0.0036531,0.67414,8.6389
3.9721,1.9837,0.1618,-0.0035112,0.66787,8.6432
3.9721,1.9837,0.16183,-0.0034022,0.67665,8.6455
3.9722,1.9837,0.16187,-0.0033212,0.66966,8.6375
3.9722,1.9837,0.1619,-0.0032472,0.67883,8.64
3.9723,1.9837,0.16194,-0.0032394,0.67288,8.6521
3.9723,1.9837,0.16198,-0.0031833,0.68311,8.6477
3.9724,1.9837,0.16201,-0.0031627,0.67841,8.6588
3.9724,1.9837,0.16205,-0.0031656,0.68912,8.6653
3.9725,1.9837,0.16208,-0.0032963,0.68413,8.6574
3.9725,1.9837,0.16212,-0.0034412,0.6942,8.6718
3.9726,1.9837,0.16216,-0.0036455,0.68988,8.6846
3.9726,1.9837,0.16219,-0.0038545,0.70088,8.6813
3.9727,1.9837,0.16223,-0.0041327,0.69677,8.6824
3.9727,1.9837,0.16227,-0.004331,0.70602,8.7004
3.9728,1.9837,0.1623,-0.0045852,0.69981,8.7042
3.9728,1.9837,0.16234,-0.004784,0.7067,8.6994
3.9729,1.9837,0.16238,-0.0050393,0.69994,8.7077
3.9729,1.9837,0.16242,-0.0052394,0.70751,8.7057
3.973,1.9837,0.16245,-0.0055004,0.70336,8.6911
3.9731,1.9837,0.16249,-0.005709,0.71526,8.6967
3.9731,1.9837,0.16253,-0.0059765,0.71391,8.6986
3.9732,1.9837,0.16257,-0.0061909,0.72578,8.6794
3.9732,1.9837,0.1626,-0.006464,0.72289,8.6852
3.9733,1.9837,0.16264,-0.0066788,0.7307,8.6913
3.9733,1.9837,0.16268,-0.0069476,0.72387,8.6871
3.9734,1.9837,0.16272,-0.0071582,0.72776,8.6901
3.9734,1.9837,0.16276,-0.0074224,0.71834,8.7001
3.9735,1.9837,0.16279,-0.0076294,0.72278,8.6836
3.9735,1.9837,0.16283,-0.0078926,0.71688,8.6784
3.9736,1.9837,0.16287,-0.0081012,0.72775,8.6852
3.9736,1.9837,0.16291,-0.0083677,0.72979,8.6853
3.9737,1.9837,0.16295,-0.0085812,0.74551,8.6825
3.9737,1.9837,0.16299,-0.0088578,0.74815,8.6904
3.9738,1.9837,0.16303,-0.0090848,0.76061,8.7014
3.9738,1.9837,0.16307,-0.0093767,0.75766,8.6937
3.9739,1.9837,0.16311,-0.0096188,0.76412,8.703
3.9739,1.9837,0.16315,-0.0099236,0.7576,8.7102
3.974,1.9837,0.16319,-0.010175,0.76426,8.6994
3.9741,1.9837,0.16323,-0.010486,0.76104,8.7141
3.9741,1.9837,0.16327,-0.010762,0.77013,8.7199
3.9742,1.9837,0.16331,-0.011085,0.76699,8.7067
3.9742,1.9837,0.16335,-0.011319,0.7751,8.7095
3.9743,1.9837,0.16339,-0.011565,0.77064,8.7216
3.9743,1.9837,0.16343,-0.011711,0.77788,8.7216
3.9744,1.9837,0.16347,-0.011853,0.77363,8.7137
3.9744,1.9837,0.16351,-0.011933,0.78202,8.7306
3.9745,1.9837,0.16355,-0.012114,0.77994,8.7216
3.9745,1.9837,0.1636,-0.012371,0.78947,8.7096
3.9746,1.9837,0.16364,-0.012699,0.78759,8.7143
3.9746,1.9837,0.16368,-0.012988,0.79662,8.7091
3.9747,1.9837,0.16372,-0.013271,0.79448,8.6976
3.9747,1.9837,0.16376,-0.013419,0.8035,8.6995
3.9748,1.9837,0.16381,-0.013535,0.80155,8.7043
3.9748,1.9837,0.16385,-0.013605,0.81042,8.7008
3.9749,1.9837,0.16389,-0.013825,0.80875,8.6965
3.9749,1.9837,0.16393,-0.014152,0.81755,8.7065
3.975,1.9837,0.16398,-0.01455,0.81619,8.7042
3.9751,1.9837,0.16402,-0.014945,0.82489,8.6949
3.9751,1.9837,0.16406,-0.015281,0.82377,8.7059
3.9752,1.9837,0.16411,-0.015546,0.83228,8.7013
3.9752,1.9837,0.16415,-0.015781,0.83136,8.6947
3.9753,1.9837,0.16419,-0.015962,0.83968,8.7045
3.9753,1.9837,0.16424,-0.016256,0.83902,8.7079
3.9754,1.9837,0.16428,-0.016555,0.8472,8.7047
3.9754,1.9837,0.16433,-0.016894,0.84659,8.7085
3.9755,1.9837,0.16437,-0.017168,0.85486,8.7209
3.9755,1.9837,0.16442,-0.017357,0.85535,8.7129
3.9756,1.9837,0.16446,-0.017498,0.86476,8.7106
3.9756,1.9837,0.16451,-0.017559,0.86215,8.719
3.9757,1.9837,0.16455,-0.017606,0.86623,8.7103
3.9757,1.9837,0.1646,-0.017718,0.86136,8.7068
3.9758,1.9837,0.16465,-0.017844,0.86657,8.7183
3.9758,1.9837,0.16469,-0.018051,0.86731,8.7111
3.9759,1.9837,0.16474,-0.018219,0.88268,8.7087
3.9759,1.9837,0.16478,-0.018383,0.89537,8.7156
3.976,1.9837,0.16483,-0.018497,0.9211,8.713
3.9761,1.9837,0.16488,-0.018582,0.93169,8.6967
3.9761,1.9837,0.16493,-0.018633,0.948,8.7011
3.9762,1.9837,0.16498,-0.018736,0.94925,8.7002
3.9762,1.9837,0.16503,-0.018857,0.95652,8.6877
3.9763,1.9837,0.16508,-0.019025,0.95218,8.6869
3.9763,1.9837,0.16513,-0.019153,0.95786,8.6934
3.9764,1.9837,0.16518,-0.019324,0.95529,8.6866
3.9764,1.9837,0.16523,-0.019464,0.96752,8.688
3.9765,1.9837,0.16529,-0.019619,0.96722,8.7033
3.9765,1.9837,0.16534,-0.019718,0.97716,8.6883
3.9766,1.9837,0.16539,-0.019878,0.97585,8.6879
3.9766,1.9837,0.16544,-0.02001,0.98471,8.7008
3.9767,1.9837,0.16549,-0.020156,0.98068,8.6967
3.9767,1.9837,0.16554,-0.020227,0.9853,8.6864
3.9768,1.9837,0.16559,-0.020378,0.98135,8.7051
3.9768,1.9837,0.16565,-0.020531,0.9903,8.6996
3.9769,1.9837,0.1657,-0.020728,0.98756,8.6954
3.9769,1.9837,0.16575,-0.020907,0.99362,8.7008
3.977,1.9837,0.1658,-0.021107,0.99187,8.7127
3.9771,1.9837,0.16586,-0.02127,0.99962,8.7065
3.9771,1.9837,0.16591,-0.021423,0.99693,8.705
3.9772,1.9837,0.16596,-0.021519,1.0035,8.7067
3.9772,1.9837,0.16601,-0.021673,1.0049,8.6907
3.9773,1.9837,0.16607,-0.021791,1.0148,8.6771
3.9773,1.9837,0.16612,-0.021964,1.0149,8.6923
3.9774,1.9837,0.16617,-0.022119,1.0213,8.6907
3.9774,1.9837,0.16623,-0.022335,1.021,8.6896
3.9775,1.9837,0.16628,-0.022551,1.0275,8.6989
3.9775,1.9837,0.16634,-0.022791,1.0277,8.6915
3.9776,1.9837,0.16639,-0.022995,1.0352,8.6788
3.9776,1.9837,0.16645,-0.023225,1.039,8.6839
3.9777,1.9837,0.1665,-0.023419,1.0486,8.6788
3.9777,1.9837,0.16656,-0.023642,1.0518,8.6671
3.9778,1.9837,0.16661,-0.023806,1.0601,8.6659
3.9778,1.9837,0.16667,-0.024004,1.0645,8.676
3.9779,1.9837,0.16672,-0.02424,1.0738,8.667
3.9779,1.9836,0.16678,-0.024472,1.0786,8.6692
3.978,1.9836,0.16684,-0.024733,1.0872,8.686
3.9781,1.9836,0.1669,-0.025107,1.0919,8.6844
3.9781,1.9836,0.16695,-0.025482,1.1001,8.6942
3.9782,1.9836,0.16701,-0.025887,1.1018,8.7112
3.9782,1.9836,0.16707,-0.026216,1.1077,8.7039
3.9783,1.9836,0.16713,-0.026541,1.1109,8.7028
3.9783,1.9836,0.16719,-0.026847,1.1192,8.7168
3.9784,1.9836,0.16725,-0.027055,1.1289,8.7272
3.9784,1.9836,0.16731,-0.027285,1.1468,8.7229
3.9785,1.9836,0.16737,-0.027581,1.1636,8.7264
3.9785,1.9836,0.16743,-0.027853,1.1841,8.7336
3.9786,1.9836,0.16749,-0.028179,1.1902,8.7182
3.9786,1.9836,0.16756,-0.028465,1.1917,8.7208
3.9787,1.9836,0.16762,-0.028796,1.1756,8.7275
3.9787,1.9836,0.16768,-0.029084,1.1552,8.7202
3.9788,1.9836,0.16774,-0.029353,1.1295,8.7138
3.9788,1.9836,0.1678,-0.029584,1.1125,8.7252
3.9789,1.9836,0.16785,-0.029879,1.0971,8.717
3.9789,1.9836,0.16791,-0.030189,1.0979,8.7109
3.979,1.9836,0.16797,-0.030605,1.0969,8.7185
3.9791,1.9836,0.16803,-0.031081,1.1077,8.7204
3.9791,1.9836,0.16809,-0.031636,1.1115,8.708
3.9792,1.9836,0.16815,-0.032132,1.1217,8.7212
3.9792,1.9836,0.16821,-0.032596,1.1255,8.7191
3.9793,1.9836,0.16827,-0.032952,1.1346,8.7124
3.9793,1.9836,0.16833,-0.033278,1.1369,8.7186
3.9794,1.9836,0.16839,-0.033545,1.1466,8.7339
3.9794,1.9836,0.16845,-0.033885,1.1493,8.7288
3.9795,1.9836,0.16851,-0.03425,1.1587,8.7281
3.9795,1.9836,0.16857,-0.034646,1.1619,8.737
3.9796,1.9836,0.16863,-0.034979,1.171,8.7324
3.9796,1.9836,0.16869,-0.03531,1.1746,8.73
3.9797,1.9836,0.16875,-0.035595,1.1834,8.7374
3.9797,1.9836,0.16882,-0.035858,1.1875,8.7342
3.9798,1.9836,0.16888,-0.036077,1.196,8.7272
3.9798,1.9836,0.16894,-0.036323,1.2005,8.7348
3.9799,1.9836,0.16901,-0.036561,1.2087,8.7328
3.9799,1.9836,0.16907,-0.036827,1.2137,8.717
3.98,1.9836,0.16913,-0.037135,1.2217,8.7239
3.9801,1.9836,0.1692,-0.03754,1.2273,8.7279
3.9801,1.9836,0.16926,-0.037948,1.2351,8.715
3.9802,1.9836,0.16933,-0.038487,1.2413,8.7181
3.9802,1.9836,0.16939,-0.03905,1.2491,8.7124
3.9803,1.9836,0.16946,-0.039703,1.2554,8.7007
3.9803,1.9836,0.16953,-0.04035,1.2616,8.6932
3.9804,1.9836,0.16959,-0.041093,1.2688,8.7117
3.9804,1.9836,0.16966,-0.041876,1.2832,8.7004
3.9805,1.9836,0.16973,-0.042717,1.2926,8.687
3.9805,1.9836,0.1698,-0.04357,1.2993,8.6917
3.9806,1.9836,0.16987,-0.044506,1.2974,8.6919
3.9806,1.9836,0.16993,-0.045415,1.2945,8.6819
3.9807,1.9836,0.17,-0.046337,1.2886,8.6838
3.9807,1.9836,0.17007,-0.047155,1.2856,8.6798
3.9808,1.9836,0.17014,-0.048066,1.2907,8.6691
3.9808,1.9835,0.17021,-0.04884,1.3103,8.6794
3.9809,1.9835,0.17028,-0.049622,1.3182,8.6829
3.9809,1.9835,0.17035,-0.050354,1.3239,8.6714
3.981,1.9835,0.17042,-0.051096,1.3137,8.6776
3.9811,1.9835,0.17048,-0.051781,1.3075,8.6914
3.9811,1.9835,0.17055,-0.052467,1.2965,8.6873
3.9812,1.9835,0.17062,-0.053144,1.2948,8.684
3.9812,1.9835,0.17069,-0.053957,1.2973,8.6961
3.9813,1.9835,0.17076,-0.054663,1.3119,8.6905
3.9813,1.9835,0.17083,-0.055395,1.3191,8.6789
3.9814,1.9835,0.1709,-0.056038,1.3323,8.6854
3.9814,1.9835,0.17097,-0.056672,1.3343,8.6848
3.9815,1.9835,0.17104,-0.057195,1.3433,8.6652
3.9815,1.9835,0.17111,-0.057702,1.3493,8.6723
3.9816,1.9835,0.17118,-0.058146,1.3632,8.6744
3.9816,1.9835,0.17125,-0.058651,1.3754,8.6561
3.9817,1.9835,0.17133,-0.059116,1.3942,8.6593
3.9817,1.9835,0.1714,-0.059656,1.4064,8.6642
3.9818,1.9835,0.17148,-0.060222,1.4205,8.6451
3.9818,1.9835,0.17155,-0.060857,1.4212,8.6464
3.9819,1.9835,0.17163,-0.061515,1.4258,8.6463
3.9819,1.9835,0.1717,-0.062217,1.4291,8.6339
3.982,1.9835,0.17178,-0.062753,1.4459,8.6373
3.9821,1.9835,0.17185,-0.063224,1.4684,8.6439
3.9821,1.9835,0.17193,-0.063641,1.4945,8.6417
3.9822,1.9835,0.17201,-0.064056,1.5072,8.6353
3.9822,1.9835,0.17209,-0.064417,1.5142,8.6531
3.9823,1.9835,0.17217,-0.064863,1.4999,8.6547
3.9823,1.9835,0.17225,-0.065309,1.4811,8.6394
3.9824,1.9835,0.17232,-0.065793,1.4481,8.6465
3.9824,1.9835,0.1724,-0.066112,1.4318,8.6541
3.9825,1.9835,0.17247,-0.066411,1.4219,8.6467
3.9825,1.9834,0.17255,-0.066635,1.4232,8.6546
3.9826,1.9834,0.17262,-0.066844,1.4265,8.6688
3.9826,1.9834,0.1727,-0.06696,1.4435,8.6566
3.9827,1.9834,0.17278,-0.067138,1.4535,8.6509
3.9827,1.9834,0.17285,-0.067237,1.4678,8.6582
3.9828,1.9834,0.17293,-0.067377,1.4642,8.6568
3.9828,1.9834,0.17301,-0.06744,1.4715,8.6428
3.9829,1.9834,0.17309,-0.067543,1.4752,8.646
3.9829,1.9834,0.17317,-0.067568,1.4938,8.6433
3.983,1.9834,0.17324,-0.067633,1.5109,8.6286
3.9831,1.9834,0.17333,-0.067622,1.5362,8.6373
3.9831,1.9834,0.17341,-0.067649,1.5408,8.6437
3.9832,1.9834,0.17349,-0.067601,1.5395,8.6274
3.9832,1.9834,0.17357,-0.06759,1.5059,8.6364
3.9833,1.9834,0.17364,-0.067504,1.4711,8.6338
3.9833,1.9834,0.17372,-0.067455,1.4264,8.6226
3.9834,1.9834,0.17379,-0.067332,1.4068,8.6221
3.9834,1.9834,0.17387,-0.067244,1.3879,8.6257
3.9835,1.9834,0.17394,-0.067083,1.3943,8.6264
3.9835,1.9834,0.17401,-0.066957,1.3911,8.6201
3.9836,1.9834,0.17409,-0.066758,1.4108,8.635
3.9836,1.9834,0.17416,-0.066592,1.4158,8.6384
3.9837,1.9834,0.17424,-0.066356,1.4378,8.6308
3.9837,1.9834,0.17431,-0.066151,1.4483,8.6487
3.9838,1.9834,0.17439,-0.065876,1.4796,8.6413
3.9838,1.9834,0.17447,-0.065633,1.4878,8.6461
3.9839,1.9834,0.17455,-0.065319,1.5045,8.6546
3.9839,1.9834,0.17463,-0.065036,1.4852,8.6504
3.984,1.9834,0.17471,-0.064684,1.4812,8.6424
3.9841,1.9833,0.17478,-0.06434,1.4463,8.6552
3.9841,1.9833,0.17486,-0.063944,1.4319,8.6689
3.9842,1.9833,0.17493,-0.06361,1.4044,8.6559
3.9842,1.9833,0.17501,-0.063265,1.4107,8.6541
3.9843,1.9833,0.17508,-0.063005,1.4026,8.6691
3.9843,1.9833,0.17515,-0.062764,1.4234,8.6582
3.9844,1.9833,0.17523,-0.062579,1.425,8.6516
3.9844,1.9833,0.17531,-0.062313,1.4529,8.6556
3.9845,1.9833,0.17538,-0.061958,1.4539,8.6543
3.9845,1.9833,0.17546,-0.061538,1.4763,8.6388
3.9846,1.9833,0.17554,-0.061134,1.4779,8.6451
3.9846,1.9833,0.17562,-0.060748,1.4957,8.6457
3.9847,1.9833,0.17569,-0.060484,1.4869,8.6353
3.9847,1.9833,0.17577,-0.060285,1.5066,8.6402
3.9848,1.9833,0.17585,-0.060134,1.5169,8.6474
3.9848,1.9833,0.17594,-0.059888,1.5548,8.6309
3.9849,1.9833,0.17602,-0.059512,1.5797,8.6311
3.9849,1.9833,0.1761,-0.059036,1.629,8.635
3.985,1.9833,0.17619,-0.058498,1.6568,8.6319
3.9851,1.9833,0.17628,-0.058012,1.6785,8.6314
3.9851,1.9833,0.17637,-0.057568,1.6656,8.6492
3.9852,1.9833,0.17646,-0.057209,1.6667,8.6511
3.9852,1.9833,0.17654,-0.056895,1.6515,8.6462
3.9853,1.9833,0.17663,-0.056547,1.6482,8.6575
3.9853,1.9833,0.17671,-0.056151,1.6371,8.6612
3.9854,1.9833,0.1768,-0.05574,1.6499,8.6551
3.9854,1.9833,0.17689,-0.055325,1.6543,8.6594
3.9855,1.9833,0.17698,-0.054988,1.6687,8.669
3.9855,1.9833,0.17706,-0.054647,1.6728,8.6515
3.9856,1.9833,0.17715,-0.054402,1.693,8.6539
3.9856,1.9833,0.17724,-0.054148,1.7014,8.6636
3.9857,1.9833,0.17733,-0.053904,1.7205,8.6503
3.9857,1.9832,0.17742,-0.053633,1.7297,8.6512
3.9858,1.9832,0.17752,-0.053396,1.7488,8.6607
3.9858,1.9832,0.17761,-0.05309,1.7532,8.6437
3.9859,1.9832,0.1777,-0.0529,1.7653,8.6361
3.9859,1.9832,0.1778,-0.052686,1.7657,8.6376
3.986,1.9832,0.17789,-0.052617,1.7689,8.6316
3.9861,1.9832,0.17798,-0.052594,1.7579,8.6217
3.9861,1.9832,0.17807,-0.052584,1.7542,8.6301
3.9862,1.9832,0.17816,-0.052432,1.7352,8.6309
3.9862,1.9832,0.17825,-0.052315,1.7202,8.6159
3.9863,1.9832,0.17834,-0.052055,1.6929,8.6154
3.9863,1.9832,0.17843,-0.051945,1.6815,8.6246
3.9864,1.9832,0.17852,-0.051749,1.671,8.6048
3.9864,1.9832,0.17861,-0.051767,1.6796,8.6029
3.9865,1.9832,0.1787,-0.051757,1.6919,8.6029
3.9865,1.9832,0.17879,-0.051808,1.7163,8.6012
3.9866,1.9832,0.17888,-0.051711,1.7284,8.5932
3.9866,1.9832,0.17897,-0.05176,1.738,8.6026
3.9867,1.9832,0.17906,-0.051693,1.7238,8.5998
3.9867,1.9832,0.17915,-0.051735,1.7001,8.6006
3.9868,1.9832,0.17924,-0.051598,1.6584,8.6103
3.9868,1.9832,0.17932,-0.051591,1.6257,8.6118
3.9869,1.9832,0.17941,-0.05142,1.5892,8.5959
3.9869,1.9832,0.17949,-0.051403,1.5666,8.5999
3.987,1.9832,0.17957,-0.051238,1.5393,8.5995
3.9871,1.9832,0.17965,-0.051259,1.5238,8.5879
3.9871,1.9832,0.17973,-0.051165,1.4925,8.5913
3.9872,1.9832,0.17981,-0.051211,1.4613,8.5951
3.9872,1.9832,0.17988,-0.051093,1.4234,8.5897
3.9873,1.9832,0.17996,-0.051145,1.4015,8.587
3.9873,1.9832,0.18003,-0.05103,1.3788,8.5906
3.9874,1.9832,0.1801,-0.051089,1.382,8.5812
3.9874,1.9832,0.18017,-0.050979,1.3792,8.5751
3.9875,1.9832,0.18025,-0.051048,1.3976,8.5757
3.9875,1.9832,0.18032,-0.050943,1.404,8.5725
3.9876,1.9832,0.1804,-0.051023,1.4269,8.5593
3.9876,1.9832,0.18047,-0.050875,1.4429,8.569
3.9877,1.9831,0.18055,-0.050952,1.4747,8.5733
3.9877,1.9831,0.18063,-0.050944,1.501,8.5601
3.9878,1.9831,0.18071,-0.051283,1.5514,8.5706
3.9878,1.9831,0.18079,-0.051581,1.576,8.5834
3.9879,1.9831,0.18088,-0.05208,1.6078,8.5716
3.9879,1.9831,0.18096,-0.052369,1.6013,8.5794
3.988,1.9831,0.18105,-0.052815,1.5931,8.5916
3.9881,1.9831,0.18113,-0.052985,1.5425,8.5769
3.9881,1.9831,0.18121,-0.053316,1.4977,8.5742
3.9882,1.9831,0.18128,-0.053598,1.4425,8.5881
3.9882,1.9831,0.18136,-0.054189,1.4333,8.5821
3.9883,1.9831,0.18143,-0.054762,1.4214,8.5744
3.9883,1.9831,0.18151,-0.05551,1.4598,8.5823
3.9884,1.9831,0.18159,-0.056122,1.4911,8.5867
3.9884,1.9831,0.18167,-0.056886,1.5553,8.5754
3.9885,1.9831,0.18175,-0.057461,1.5751,8.5736
3.9885,1.9831,0.18184,-0.058112,1.6031,8.5672
3.9886,1.9831,0.18192,-0.058643,1.5742,8.555
3.9886,1.9831,0.182,-0.05926,1.5559,8.556
3.9887,1.9831,0.18208,-0.059766,1.4887,8.5657
3.9887,1.9831,0.18216,-0.060481,1.4615,8.5505
3.9888,1.9831,0.18223,-0.060896,1.4198,8.5456
3.9888,1.9831,0.18231,-0.061243,1.4416,8.5602
3.9889,1.9831,0.18238,-0.061339,1.4472,8.5532
3.9889,1.9831,0.18246,-0.061434,1.5062,8.5454
3.989,1.9831,0.18254,-0.062424,1.5213,8.5459
3.9891,1.9831,0.18262,-0.060594,1.571,8.5431
3.9891,1.9831,0.18271,-0.060425,1.5686,8.5338
3.9892,1.9831,0.18279,-0.058222,1.6041,8.5432
3.9892,1.9831,0.18288,-0.057928,1.5913,8.5439
3.9893,1.9831,0.18296,-0.056079,1.6242,8.5356
3.9893,1.9831,0.18305,-0.056736,1.6171,8.5404
3.9894,1.9831,0.18313,-0.056511,1.6602,8.5562
3.9894,1.983,0.18322,-0.058996,1.6647,8.5426
3.9895,1.983,0.18331,-0.057846,1.7235,8.538
3.9895,1.983,0.1834,-0.060435,1.7396,8.5424
3.9896,1.983,0.1835,-0.059656,1.8047,8.5369
3.9896,1.983,0.18359,-0.062103,1.8144,8.524
3.9897,1.983,0.18369,-0.061647,1.8726,8.5336
3.9897,1.983,0.18379,-0.064249,1.8819,8.5324
3.9898,1.983,0.18389,-0.063954,1.9433,8.524
3.9898,1.983,0.184,-0.06613,1.962,8.5294
3.9899,1.983,0.1841,-0.06542,2.0318,8.5305
3.9899,1.983,0.18421,-0.066974,2.046,8.5182
3.99,1.983,0.18432,-0.065939,2.1053,8.515
3.9901,1.983,0.18443,-0.066812,2.1054,8.5091
3.9901,1.983,0.18455,-0.065771,2.1528,8.4994
3.9902,1.983,0.18466,-0.066611,2.1483,8.4916
3.9902,1.983,0.18478,-0.065739,2.1943,8.4946
3.9903,1.983,0.18489,-0.066474,2.1949,8.4798
3.9903,1.983,0.18501,-0.065578,2.2444,8.4729
3.9904,1.983,0.18513,-0.066272,2.2455,8.4842
3.9904,1.983,0.18525,-0.06547,2.2945,8.4707
3.9905,1.983,0.18537,-0.065946,2.2978,8.4531
3.9905,1.983,0.18549,-0.065048,2.3462,8.4627
3.9906,1.983,0.18562,-0.065367,2.3519,8.4585
3.9906,1.983,0.18574,-0.064491,2.3997,8.441
3.9907,1.983,0.18587,-0.064586,2.4078,8.4396
3.9907,1.983,0.186,-0.063746,2.455,8.4465
3.9908,1.983,0.18613,-0.063652,2.4655,8.4391
3.9908,1.983,0.18626,-0.062827,2.5121,8.4379
3.9909,1.983,0.18639,-0.062437,2.5254,8.445
3.9909,1.983,0.18653,-0.061578,2.5714,8.4317
3.991,1.9829,0.18666,-0.061194,2.5875,8.4269
3.9911,1.9829,0.1868,-0.060667,2.6329,8.4208
3.9911,1.9829,0.18694,-0.060312,2.6502,8.409
3.9912,1.9829,0.18708,-0.059972,2.6977,8.3958
3.9912,1.9829,0.18723,-0.059467,2.7247,8.3979
3.9913,1.9829,0.18737,-0.059141,2.7811,8.3829
3.9913,1.9829,0.18752,-0.058278,2.8014,8.3689
3.9914,1.9829,0.18767,-0.057837,2.8301,8.3662
3.9914,1.9829,0.18782,-0.056823,2.8153,8.3531
3.9915,1.9829,0.18797,-0.056501,2.8041,8.3337
3.9915,1.9829,0.18811,-0.055238,2.7546,8.3326
3.9916,1.9829,0.18826,-0.054864,2.7373,8.3141
3.9916,1.9829,0.1884,-0.053474,2.725,8.2916
3.9917,1.9829,0.18855,-0.053174,2.7719,8.2881
3.9917,1.9829,0.18869,-0.05153,2.8134,8.2773
3.9918,1.9829,0.18885,-0.05116,2.901,8.2557
3.9918,1.9829,0.189,-0.049391,2.9724,8.2501
3.9919,1.9829,0.18916,-0.049113,3.0683,8.2425
3.9919,1.9829,0.18933,-0.047037,3.1081,8.222
3.992,1.9829,0.18949,-0.046627,3.1697,8.2038
3.9921,1.9829,0.18966,-0.044416,3.1957,8.1941
3.9921,1.9829,0.18983,-0.044038,3.2455,8.1758
3.9922,1.9829,0.19,-0.041592,3.2538,8.1471
3.9922,1.9829,0.19018,-0.041121,3.2969,8.1393
3.9923,1.9829,0.19035,-0.03862,3.3053,8.1209
3.9923,1.9829,0.19053,-0.038223,3.3407,8.0872
3.9924,1.9829,0.1907,-0.035462,3.3064,8.0744
3.9924,1.9829,0.19088,-0.034917,3.3167,8.0526
3.9925,1.9829,0.19105,-0.032089,3.2929,8.0095
3.9925,1.9829,0.19122,-0.031539,3.3208,7.9689
3.9926,1.9829,0.1914,-0.02851,3.33,7.9263
3.9926,1.9829,0.19158,-0.027787,3.4121,7.8646
3.9927,1.9829,0.19176,-0.024726,3.4722,7.7953
3.9927,1.9829,0.19195,-0.023983,3.5748,7.7365
3.9928,1.9829,0.19214,-0.020756,3.6188,7.6581
3.9928,1.9829,0.19234,-0.019941,3.722,7.5696
3.9929,1.9829,0.19253,-0.016531,3.7585,7.4736
3.9929,1.9829,0.19274,-0.015538,3.8261,7.3684
3.993,1.9829,0.19294,-0.011932,3.8219,7.2343
3.9931,1.9829,0.19314,-0.01071,3.8541,7.1184
3.9931,1.9829,0.19334,-0.0072264,3.8319,6.9774
3.9932,1.9829,0.19354,-0.0060904,3.8477,6.8247
3.9932,1.9829,0.19375,-0.0027012,3.833,6.6766
3.9933,1.9829,0.19395,-0.0015972,3.9175,6.5319
3.9933,1.9829,0.19416,0.0017549,3.948,6.367
3.9934,1.9829,0.19437,0.0028074,4.0301,6.2225
3.9934,1.9829,0.19458,0.0061478,4.035,6.0848
3.9935,1.9829,0.1948,0.0072954,4.0659,5.9323
3.9935,1.9829,0.19501,0.010215,4.0237,5.7944
3.9936,1.9829,0.19522,0.011229,4.0202,5.6755
3.9936,1.9829,0.19543,0.014417,3.9632,5.5594
3.9937,1.9829,0.19564,0.016151,3.992,5.4616
3.9937,1.9829,0.19585,0.019325,3.9467,5.3922
3.9938,1.9829,0.19606,0.021173,3.9694,5.3359
3.9938,1.9829,0.19626,0.024444,3.9383,5.2858
3.9939,1.9829,0.19647,0.026685,3.9653,5.2665
3.9939,1.9829,0.19668,0.029441,3.9335,5.2628
3.994,1.9829,0.19689,0.031618,3.9758,5.2581
3.9941,1.9829,0.1971,0.034683,3.9374,5.285
3.9941,1.9829,0.1973,0.037607,3.954,5.3445
3.9942,1.9829,0.19751,0.040166,3.8736,5.4141
3.9942,1.9829,0.19771,0.042879,3.8582,5.5276
3.9943,1.9829,0.19791,0.045331,3.787,5.7
3.9943,1.9829,0.19811,0.048415,3.7983,5.906
3.9944,1.9829,0.19831,0.050071,3.7713,6.1633
3.9944,1.9829,0.19851,0.052646,3.8517,6.4783
3.9945,1.9829,0.19872,0.05412,3.8771,6.8359
3.9945,1.9829,0.19893,0.056697,3.9867,7.217
3.9946,1.9829,0.19914,0.057214,4.0371,7.6436
3.9946,1.9829,0.19936,0.058702,4.17,8.0539
3.9947,1.9829,0.19958,0.058805,4.2591,8.4403
3.9947,1.9829,0.19982,0.059483,4.4387,8.7976
3.9948,1.9829,0.20006,0.058143,4.5783,9.118
3.9948,1.9829,0.20031,0.058362,4.807,9.3378
3.9949,1.9829,0.20057,0.05764,4.9696,9.4638
3.9949,1.9829,0.20085,0.058044,5.2124,9.4616
3.995,1.9829,0.20113,0.057141,5.3691,9.281
3.9951,1.9829,0.20142,0.057054,5.6089,8.9424
3.9951,1.9829,0.20173,0.056575,5.8023,8.483
3.9952,1.9829,0.20205,0.056611,6.1118,7.8748
3.9952,1.9829,0.20238,0.056259,6.3585,7.159
3.9953,1.9829,0.20274,0.057261,6.6701,6.3914
3.9953,1.9829,0.2031,0.058238,6.8631,5.5795
3.9954,1.9829,0.20347,0.060063,7.094,4.7507
3.9954,1.9829,0.20385,0.061535,7.1358,3.9648
3.9955,1.983,0.20423,0.063351,7.2078,3.2371
3.9955,1.983,0.2046,0.064528,7.1598,2.5799
3.9956,1.983,0.20498,0.065329,7.2112,2.051
3.9956,1.983,0.20536,0.065245,7.1187,1.6479
3.9957,1.983,0.20573,0.065191,7.1137,1.3552
3.9957,1.983,0.2061,0.065096,7.0239,1.1996
3.9958,1.983,0.20647,0.065766,7.0963,1.1716
3.9958,1.983,0.20685,0.066447,7.0543,1.2443
3.9959,1.983,0.20722,0.067837,7.1769,1.4235
3.9959,1.983,0.2076,0.068964,7.1873,1.6976
3.996,1.983,0.20799,0.070104,7.319,2.0124
3.9961,1.983,0.20837,0.071709,7.2444,2.3418
3.9961,1.983,0.20875,0.073705,7.2893,2.6973
3.9962,1.983,0.20913,0.075522,7.214,3.0678
3.9962,1.983,0.20952,0.077075,7.3647,3.5138
3.9963,1.983,0.20991,0.078633,7.4486,4.0474
3.9963,1.983,0.21032,0.07929,7.807,4.5732
3.9964,1.983,0.21075,0.079943,8.0506,4.9779
3.9964,1.983,0.21119,0.079679,8.5271,5.3017
3.9965,1.983,0.21166,0.081149,8.883,5.5965
3.9965,1.983,0.21216,0.082281,9.447,5.8754
3.9966,1.983,0.21267,0.083921,9.7892,6.1001
3.9966,1.983,0.21321,0.084743,10.262,6.2468
3.9967,1.983,0.21376,0.087021,10.459,6.289
3.9967,1.983,0.21433,0.08803,10.69,6.2985
3.9968,1.9831,0.21488,0.089805,10.577,6.3107
3.9968,1.9831,0.21544,0.091046,10.58,6.2633
3.9969,1.9831,0.21599,0.093962,10.398,6.1285
3.9969,1.9831,0.21654,0.095535,10.459,5.9728
3.997,1.9831,0.21708,0.09666,10.351,5.8283
3.9971,1.9831,0.21764,0.096782,10.517,5.6693
3.9971,1.9831,0.21819,0.096946,10.506,5.4788
3.9972,1.9831,0.21875,0.097255,10.692,5.2246
3.9972,1.9831,0.21932,0.09641,10.718,4.9164
3.9973,1.9831,0.2199,0.097531,10.994,4.6224
3.9973,1.9831,0.22049,0.097751,11.212,4.3571
3.9974,1.9831,0.22111,0.099266,11.808,4.0827
3.9974,1.9831,0.22176,0.098474,12.394,3.8375
3.9975,1.9831,0.22246,0.09908,13.409,3.6761
3.9975,1.9831,0.22322,0.097792,14.408,3.5867
3.9976,1.9831,0.22405,0.097512,15.759,3.5612
3.9976,1.9831,0.22495,0.094386,17.008,3.6139
3.9977,1.9831,0.22591,0.093144,18.349,3.7321
3.9977,1.9831,0.22692,0.091721,19.202,3.9095
3.9978,1.9831,0.22796,0.091688,19.696,4.1551
3.9978,1.9832,0.22899,0.091736,19.498,4.4424
3.9979,1.9832,0.23,0.093616,19.176,4.7494
3.9979,1.9832,0.23098,0.099265,18.647,5.0922
3.998,1.9832,0.23196,0.10666,18.693,5.4749
3.9981,1.9832,0.23296,0.1145,19.044,5.8529
3.9981,1.9832,0.23402,0.12467,20.125,6.236
3.9982,1.9832,0.23513,0.13994,21.108,6.6258
3.9982,1.9832,0.23629,0.15436,21.93,7.001
3.9983,1.9832,0.23746,0.16677,22.213,7.3675
3.9983,1.9832,0.23863,0.17589,22.337,7.715
3.9984,1.9832,0.23982,0.18329,22.476,8.0213
3.9984,1.9832,0.24106,0.18671,23.555,8.2818
3.9985,1.9832,0.24235,0.18563,24.62,8.5254
3.9985,1.9833,0.24374,0.18686,26.358,8.7128
3.9986,1.9833,0.24518,0.19768,27.477,8.8263
3.9986,1.9833,0.2467,0.22044,28.724,8.8795
3.9987,1.9833,0.24825,0.24806,29.592,8.8791
3.9987,1.9833,0.24986,0.27269,30.597,8.7963
3.9988,1.9833,0.25157,0.29165,32.465,8.6472
3.9988,1.9833,0.25353,0.29085,37.093,8.4466
3.9989,1.9833,0.25582,0.27964,43.652,8.187
3.9989,1.9834,0.25857,0.24712,52.202,7.9099
3.999,1.9834,0.26172,0.22628,59.933,7.6572
3.9991,1.9834,0.26516,0.21104,65.301,7.3841
3.9991,1.9834,0.2686,0.21762,65.256,7.1228
3.9992,1.9834,0.2717,0.2162,58.958,6.8975
3.9992,1.9834,0.27421,0.24094,47.736,6.7187
3.9993,1.9834,0.27615,0.2532,36.866,6.5733
3.9993,1.9834,0.27775,0.29401,30.312,6.4769
3.9994,1.9835,0.27935,0.31169,30.433,6.4145
3.9994,1.9835,0.28128,0.3683,36.645,6.3718
3.9995,1.9835,0.28372,0.40142,46.427,6.3763
3.9995,1.9835,0.28665,0.4677,55.571,6.3902
3.9996,1.9836,0.2898,0.49371,60.019,6.3726
3.9996,1.9836,0.2929,0.555,58.796,6.3257
3.9997,1.9836,0.2958,0.58351,55.039,6.2623
3.9997,1.9836,0.29854,0.64471,52.127,6.1566
3.9998,1.9837,0.30127,0.67484,51.787,6.043
3.9998,1.9837,0.30414,0.74688,54.634,5.909
3.9999,1.9838,0.30731,0.78359,60.123,5.7636
3.9999,1.9838,0.31077,0.85355,65.82,5.5999
4,1.9839,0.31441,0.88571,69.217,5.4556
4.0001,1.9839,0.31809,0.96337,69.827,5.2886
4.0001,1.984,0.32179,1.0169,70.375,5.1125
4.0002,1.984,0.32562,1.1048,72.687,4.9488
4.0002,1.9841,0.32966,1.1675,76.9,4.8156
4.0003,1.9841,0.33397,1.2498,81.868,4.7078
4.0003,1.9842,0.33865,1.2966,88.937,4.6359
4.0004,1.9843,0.34369,1.3634,95.598,4.5907
4.0004,1.9844,0.34891,1.4116,99.264,4.5656
4.0005,1.9844,0.35419,1.5329,100.38,4.5716
4.0005,1.9845,0.3596,1.6644,102.79,4.6228
4.0006,1.9846,0.3652,1.8811,106.37,4.673
4.0006,1.9847,0.37106,2.0903,111.35,4.7379
4.0007,1.9849,0.37722,2.351,117.03,4.8397
4.0007,1.985,0.38388,2.5791,126.51,4.9494
4.0008,1.9851,0.39102,2.8534,135.6,5.0689
4.0008,1.9853,0.39855,3.0834,143.09,5.1931
4.0009,1.9855,0.4064,3.3854,149.26,5.3219
4.0009,1.9857,0.41465,3.7025,156.75,5.4174
4.001,1.9859,0.42323,4.1699,162.99,5.5107
4.0011,1.9861,0.43223,4.6795,171.01,5.6041
4.0011,1.9864,0.44161,5.3182,178.26,5.6661
4.0012,1.9867,0.45143,5.891,186.49,5.7192
4.0012,1.9871,0.46167,6.5166,194.54,5.7651
4.0013,1.9875,0.47247,7.0036,205.3,5.7734
4.0013,1.9878,0.48393,7.5329,217.65,5.7559
4.0014,1.9883,0.49628,8.0101,234.75,5.7334
4.0014,1.9887,0.50969,8.6752,254.74,5.6928
4.0015,1.9892,0.52431,9.3652,277.7,5.623
4.0015,1.9898,0.5399,10.204,296.32,5.564
4.0016,1.9903,0.55617,10.978,309.01,5.4961
4.0016,1.991,0.5728,11.849,316.07,5.4241
4.0017,1.9916,0.58957,12.569,318.54,5.3655
4.0017,1.9923,0.60633,13.351,318.4,5.3068
4.0018,1.9931,0.62328,14.118,322.12,5.2182
4.0018,1.9939,0.64088,15.275,334.5,5.1419
4.0019,1.9947,0.65968,16.663,357.09,5.0688
4.0019,1.9957,0.68017,18.661,389.3,4.9932
4.002,1.9968,0.70269,21.169,427.98,4.9141
4.0021,1.9981,0.72736,23.928,468.64,4.8562
4.0021,1.9995,0.75394,26.404,505.06,4.7937
4.0022,2.001,0.782,28.681,533.15,4.743
4.0022,2.0026,0.81105,30.593,551.98,4.7248
4.0023,2.0043,0.84076,32.286,564.39,4.7262
4.0023,2.0061,0.87102,33.931,574.88,4.7384
4.0024,2.008,0.90199,36.128,588.44,4.8021
4.0024,2.0101,0.93398,39.042,607.83,4.8859
4.0025,2.0123,0.96729,42.285,632.92,4.9857
4.0025,2.0147,1.0022,46.239,663.22,5.1181
4.0026,2.0174,1.0388,50.676,695.58,5.2876
4.0026,2.0203,1.0771,55.704,728.45,5.4546
4.0027,2.0235,1.1172,60.585,760.37,5.6409
4.0027,2.027,1.1589,65.837,793.43,5.8464
4.0028,2.0307,1.2024,71.226,826.96,6.0349
4.0028,2.0348,1.2478,77.008,860.84,6.2089
4.0029,2.0391,1.2948,82.865,893.72,6.3947
4.0029,2.0439,1.3436,89.932,926.83,6.5449
4.003,2.049,1.394,97.248,958.68,6.6696
4.0031,2.0545,1.4462,105.76,991.6,6.7895
4.0031,2.0606,1.5004,114.57,1029.7,6.8826
4.0032,2.0671,1.5571,124.79,1077.3,6.9456
4.0032,2.0743,1.6168,135.93,1133.8,6.9974
4.0033,2.0821,1.6797,148.23,1196.2,7.0276
4.0033,2.0905,1.746,160.35,1259.8,7.0113
4.0034,2.0996,1.8155,172.39,1319.3,6.9932
4.0034,2.1092,1.8876,182.53,1370.4,6.9607
4.0035,2.1193,1.9621,191.37,1415,6.9063
4.0035,2.1297,2.0389,198.47,1459.3,6.8306
4.0036,2.1405,2.1182,205.39,1507,6.7695
4.0036,2.1517,2.2004,212.43,1561.7,6.6956
4.0037,2.1633,2.2858,220.17,1622.3,6.6123
4.0037,2.1753,2.3743,227.47,1682.7,6.5519
4.0038,2.1876,2.4657,233.59,1736.6,6.4716
4.0038,2.2,2.5594,236.4,1778.8,6.3854
4.0039,2.2124,2.6544,235.2,1805.9,6.3299
4.0039,2.2244,2.75,228.82,1816.1,6.2752
4.004,2.2359,2.8453,217.26,1810.3,6.229
4.0041,2.2464,2.9395,200.71,1789.5,6.2029
4.0041,2.2559,3.0317,180.27,1752.2,6.1924
4.0042,2.2641,3.1209,156.04,1694.9,6.1785
4.0042,2.2709,3.2059,128.12,1614.4,6.1827
4.0043,2.276,3.2852,96.713,1508.3,6.205
4.0043,2.2792,3.3575,62.154,1372.7,6.2074
4.0044,2.2805,3.4211,24.599,1207.9,6.2191
4.0044,2.2797,3.4746,-15.268,1017.5,6.2527
4.0045,2.2768,3.5171,-55.247,806.87,6.2742
4.0045,2.2719,3.5478,-93.502,584.61,6.2976
4.0046,2.2652,3.567,-128.14,363.87,6.342
4.0046,2.2569,3.5751,-157.83,153.62,6.3834
4.0047,2.2473,3.5732,-180.94,-35.681,6.4145
4.0047,2.2369,3.5628,-197.38,-197.37,6.4578
4.0048,2.226,3.5456,-207.08,-327.86,6.493
4.0048,2.2149,3.523,-210.87,-428.09,6.5019
4.0049,2.204,3.4967,-208.4,-499.59,6.5221
4.0049,2.1934,3.4681,-200.76,-544.11,6.5337
4.005,2.1835,3.4385,-188.26,-563.27,6.5164
4.0051,2.1744,3.4088,-172.08,-562.96,6.4846
4.0051,2.1664,3.3801,-152.68,-545.44,6.4469
4.0052,2.1595,3.3531,-131.79,-513.6,6.3818
4.0052,2.1537,3.3281,-110.07,-474.06,6.2948
4.0053,2.149,3.3055,-88.461,-430.07,6.2026
4.0053,2.1455,3.2854,-66.238,-382.3,6.102
4.0054,2.1432,3.2679,-43.564,-331.31,5.9695
4.0054,2.1422,3.2532,-20.153,-280.04,5.8436
4.0055,2.1424,3.2412,3.5774,-228.09,5.7035
4.0055,2.1438,3.2319,27.035,-176.82,5.5463
4.0056,2.1463,3.2251,48.385,-128.65,5.3937
4.0056,2.1499,3.2204,67.393,-89.075,5.2477
4.0057,2.1543,3.2175,83.402,-55.603,5.0886
4.0057,2.1594,3.2161,96.939,-27.051,4.9404
4.0058,2.1651,3.216,108.23,-2.2228,4.82
4.0058,2.1713,3.217,118.4,19.356,4.6819
4.0059,2.178,3.2192,127.75,41.835,4.5473
4.0059,2.1852,3.2225,136.54,63.084,4.4347
4.006,2.1928,3.2268,144.11,81.291,4.3299
4.0061,2.2008,3.2317,150.94,92.652,4.2255
4.0061,2.209,3.2368,155.97,97.082,4.1492
4.0062,2.2173,3.2416,158.02,91.56,4.0803
4.0062,2.2255,3.2455,155.85,75.134,4.0248
4.0063,2.2333,3.2479,149.35,45.723,4.0065
4.0063,2.2406,3.2482,137.4,4.1138,4.011
4.0064,2.2469,3.2456,120.12,-49.286,4.0099
4.0064,2.2521,3.2398,98.507,-109.08,4.0407
4.0065,2.256,3.2308,75.263,-172.22,4.0853
4.0065,2.2588,3.2185,51.712,-232.3,4.1323
4.0066,2.2603,3.2036,29.274,-284.5,4.2048
4.0066,2.2608,3.1864,9.1492,-325.25,4.3018
4.0067,2.2604,3.1676,-7.9702,-357.78,4.4019
4.0067,2.2591,3.1474,-23.501,-383.25,4.5102
4.0068,2.2571,3.1262,-37.627,-403.53,4.6344
4.0068,2.2545,3.1042,-49.844,-418.09,4.7656
4.0069,2.2514,3.0816,-59.449,-429.34,4.8799
4.0069,2.2479,3.0588,-66.642,-433.87,5.0149
4.007,2.2442,3.0362,-70.983,-429.32,5.1441
4.0071,2.2403,3.0143,-72.642,-415.06,5.262
4.0071,2.2365,2.9936,-72.218,-394.47,5.395
4.0072,2.2328,2.9742,-70.454,-367.35,5.5358
4.0072,2.2293,2.9565,-67.103,-336.03,5.6612
4.0073,2.226,2.9406,-61.857,-302.19,5.791
4.0073,2.2232,2.9266,-54.678,-267.68,5.9196
4.0074,2.2207,2.9144,-45.783,-230.97,6.0359
4.0074,2.2189,2.9043,-35.867,-192.44,6.1389
4.0075,2.2175,2.8963,-26.135,-152.23,6.2441
4.0075,2.2166,2.8904,-17.367,-110.68,6.3259
4.0076,2.2161,2.8869,-9.7974,-67.838,6.3946
4.0076,2.2159,2.8855,-3.5762,-25.522,6.4724
4.0077,2.216,2.8864,1.9607,16.559,6.5418
4.0077,2.2164,2.8894,7.4408,56.894,6.5946
4.0078,2.2171,2.8943,13.225,94.363,6.6537
4.0078,2.2181,2.9011,19.024,127.58,6.7049
4.0079,2.2193,2.9093,24.332,157.33,6.729
4.0079,2.2209,2.919,28.766,183.71,6.7569
4.008,2.2225,2.9299,31.99,207.42,6.7839
4.0081,2.2243,2.942,33.888,228.4,6.7866
4.0081,2.2262,2.9551,34.908,249.23,6.7843
4.0082,2.228,2.9691,35.178,266.26,6.7893
4.0082,2.2298,2.9837,34.511,278.01,6.7663
4.0083,2.2315,2.9986,32.792,283.7,6.7497
4.0083,2.2331,3.0136,29.768,284.11,6.7395
4.0084,2.2345,3.0283,25.583,278.89,6.7123
4.0084,2.2356,3.0426,20.879,272.59,6.6775
4.0085,2.2364,3.0566,16.49,266.16,6.6581
4.0085,2.2371,3.0705,13.157,263.35,6.6344
4.0086,2.2377,3.0843,10.982,261.47,6.5895
4.0086,2.2382,3.098,9.4685,260.66,6.559
4.0087,2.2386,3.1116,7.9087,258.42,6.5455
4.0087,2.2389,3.1249,5.5688,254.02,6.5078
4.0088,2.239,3.1378,2.0964,244.07,6.4812
4.0088,2.2389,3.15,-1.9825,232.43,6.4778
4.0089,2.2386,3.1615,-6.0192,218.51,6.4521
4.0089,2.2381,3.1723,-9.1677,205.17,6.4334
4.009,2.2375,3.1824,-11.052,192.36,6.4328
4.0091,2.2369,3.192,-11.848,181.75,6.4143
4.0091,2.2363,3.201,-12.365,169.99,6.3871
4.0092,2.2356,3.2092,-13.24,157.32,6.3652
4.0092,2.2348,3.2167,-14.955,141.14,6.3408
4.0093,2.2339,3.2232,-17.292,124.62,6.295
4.0093,2.2328,3.2289,-19.782,107.08,6.2589
4.0094,2.2317,3.2337,-21.738,91.183,6.2175
4.0094,2.2305,3.2377,-22.447,77.602,6.1586
4.0095,2.2294,3.2412,-21.706,66.414,6.1042
4.0095,2.2283,3.2441,-19.779,53.415,6.0489
4.0096,2.2274,3.2461,-17.019,39.125,5.9652
4.0096,2.2267,3.2474,-13.794,24.144,5.8813
4.0097,2.2261,3.2479,-10.586,10.258,5.8067
4.0097,2.2257,3.2479,-7.6498,-0.29337,5.7111
4.0098,2.2255,3.2476,-5.1823,-5.9041,5.6127
4.0098,2.2253,3.2472,-3.0477,-7.945,5.5251
4.0099,2.2252,3.2467,-1.3692,-8.647,5.4183
4.0099,2.2252,3.246,-0.10616,-13.138,5.3008
4.01,2.2253,3.2448,1.0879,-23.381,5.2048
4.0101,2.2254,3.2429,2.4782,-36.912,5.0909
4.0101,2.2256,3.2402,4.2021,-51.271,4.9702
4.0102,2.226,3.2369,6.7267,-62.613,4.8631
4.0102,2.2265,3.2332,10.249,-69.285,4.771
4.0103,2.2273,3.2295,14.427,-70.864,4.6721
4.0103,2.2283,3.2259,18.508,-68.034,4.5902
4.0104,2.2294,3.2224,21.842,-65.918,4.5309
4.0104,2.2307,3.2189,23.992,-67.764,4.465
4.0105,2.2319,3.2151,24.244,-71.676,4.4126
4.0105,2.2331,3.2109,22.41,-79.362,4.3937
4.0106,2.2341,3.2061,19.114,-91.22,4.3654
4.0106,2.2349,3.2007,15.09,-103.49,4.3637
4.0107,2.2355,3.1946,10.77,-114.96,4.3968
4.0107,2.2359,3.1881,6.9322,-124.7,4.4502
4.0108,2.2361,3.1811,4.178,-131.67,4.5075
4.0108,2.2362,3.174,2.6204,-134.66,4.6049
4.0109,2.2363,3.167,1.8504,-133.09,4.7228
4.0109,2.2364,3.1602,1.634,-130.06,4.826
4.011,2.2365,3.1535,1.688,-126.61,4.9528
4.0111,2.2366,3.1471,1.7086,-121.23,5.0899
4.0111,2.2366,3.1409,1.1211,-117.85,5.2132
4.0112,2.2366,3.1348,-0.10523,-117.28,5.3511
4.0112,2.2365,3.1286,-2.2341,-116.7,5.5065
4.0113,2.2362,3.1225,-5.4321,-116.56,5.6423
4.0113,2.2357,3.1163,-9.5636,-118.01,5.7728
4.0114,2.235,3.11,-13.716,-120.24,5.9199
4.0114,2.2341,3.1035,-17.275,-121.92,6.044
4.0115,2.2331,3.0971,-19.664,-122.12,6.1432
4.0115,2.232,3.0907,-20.806,-121.07,6.2548
4.0116,2.2309,3.0846,-20.569,-116.56,6.3399
4.0116,2.2299,3.0791,-19.278,-105.49,6.3952
4.0117,2.229,3.0744,-17.292,-89.201,6.4466
4.0117,2.2282,3.0708,-14.821,-68.376,6.4926
4.0118,2.2276,3.0685,-11.739,-43.63,6.5086
4.0118,2.2271,3.0676,-8.4694,-16.693,6.5205
4.0119,2.2268,3.068,-5.442,8.5523,6.5295
4.0119,2.2267,3.0696,-3.089,30.211,6.5191
4.012,2.2266,3.072,-1.4924,46.044,6.4973
4.0121,2.2266,3.075,-0.28238,56.729,6.4868
4.0121,2.2266,3.0783,0.99689,62.672,6.4509
4.0122,2.2268,3.0819,2.8444,67.934,6.4149
4.0122,2.2271,3.0858,5.5783,74.682,6.3964
4.0123,2.2275,3.0903,8.9499,85.332,6.3551
4.0123,2.2282,3.0955,12.438,97.61,6.3171
4.0124,2.229,3.1013,15.454,110.69,6.3019
4.0124,2.2299,3.1076,17.671,120.74,6.2898
4.0125,2.2309,3.1144,19.258,127.56,6.2709
4.0125,2.232,3.1212,20.079,130.35,6.2692
4.0126,2.2331,3.1281,19.934,130.26,6.284
4.0126,2.234,3.1347,18.765,125.92,6.2795
4.0127,2.2349,3.1409,16.472,118.1,6.2912
4.0127,2.2356,3.1465,13.154,106.04,6.3163
4.0128,2.2361,3.1514,9.3761,92.431,6.3325
4.0128,2.2364,3.1556,5.8522,79.616,6.3525
4.0129,2.2366,3.1593,3.2278,71.115,6.3908
4.0129,2.2367,3.1628,1.6372,66.968,6.4284
4.013,2.2367,3.1663,0.75568,65.46,6.4532
4.0131,2.2367,3.1696,0.23757,62.592,6.4968
4.0131,2.2367,3.1725,-0.21896,55.771,6.5324
4.0132,2.2367,3.1748,-0.65169,44.025,6.5483
4.0132,2.2366,3.1764,-0.98453,30.052,6.5671
4.0133,2.2365,3.1773,-1.409,17.43,6.5745
4.0133,2.2364,3.1778,-2.2595,8.3535,6.5582
4.0134,2.2362,3.1779,-3.6983,2.7709,6.5459
4.0134,2.2359,3.1779,-6.1547,-0.78534,6.5335
4.0135,2.2354,3.1776,-9.4326,-4.905,6.502
4.0135,2.2347,3.177,-12.798,-11.171,6.4541
4.0136,2.2339,3.176,-15.243,-19.797,6.4178
4.0136,2.2331,3.1744,-16.405,-29.556,6.3608
4.0137,2.2322,3.1723,-16.36,-39.304,6.3063
4.0137,2.2314,3.1698,-15.623,-48.093,6.2633
4.0138,2.2306,3.1669,-14.494,-55.179,6.2062
4.0138,2.2299,3.1638,-13.659,-59.703,6.1412
4.0139,2.2292,3.1605,-13.039,-61.335,6.0966
4.0139,2.2286,3.1574,-12.256,-59.169,6.0469
4.014,2.228,3.1546,-10.808,-53.011,5.9865
4.0141,2.2275,3.1523,-8.8974,-43.943,5.9283
4.0141,2.2272,3.1505,-6.5522,-33.758,5.8823
4.0142,2.227,3.1493,-4.1095,-23.818,5.8141
4.0142,2.2269,3.1485,-1.3861,-15.803,5.7556
4.0143,2.227,3.1479,1.4953,-10.526,5.7105
4.0143,2.2272,3.1475,4.6214,-8.1388,5.6409
4.0144,2.2276,3.1471,7.8514,-7.9557,5.582
4.0144,2.2282,3.1466,10.858,-9.1612,5.5359
4.0145,2.2289,3.146,12.928,-10.774,5.4794
4.0145,2.2296,3.1454,14.012,-11.146,5.4195
4.0146,2.2304,3.145,14.255,-8.1432,5.3667
4.0146,2.2311,3.1449,14.324,-0.9644,5.3165
4.0147,2.2319,3.1454,14.536,9.5777,5.2565
4.0147,2.2327,3.1466,15.042,21.363,5.216
4.0148,2.2335,3.1482,15.578,31.43,5.186
4.0148,2.2343,3.1501,15.507,36.442,5.1424
4.0149,2.2351,3.152,14.158,34.593,5.1249
4.0149,2.2357,3.1534,11.713,26.613,5.1228
4.015,2.2361,3.1542,8.7495,15.582,5.1156
4.0151,2.2364,3.1544,5.8194,4.435,5.1294
4.0151,2.2366,3.1542,3.4188,-4.4091,5.1514
4.0152,2.2367,3.1537,1.9012,-9.6687,5.1704
4.0152,2.2368,3.1531,1.2109,-10.7,5.1909
4.0153,2.2368,3.1526,0.82724,-9.3907,5.2406
4.0153,2.2368,3.1522,0.23582,-7.5818,5.2846
4.0154,2.2368,3.1519,-0.88385,-6.4967,5.3243
4.0154,2.2367,3.1515,-2.7387,-6.5628,5.3793
4.0155,2.2364,3.1511,-5.513,-8.9605,5.446
4.0155,2.2359,3.1504,-8.8983,-13.361,5.4947
4.0156,2.2352,3.1493,-12.298,-19.239,5.5528
4.0156,2.2345,3.148,-15.009,-25.36,5.6004
4.0157,2.2336,3.1464,-16.577,-31.322,5.6457
4.0157,2.2327,3.1445,-16.873,-35.956,5.6867
4.0158,2.2318,3.1425,-16.297,-37.774,5.7242
4.0158,2.231,3.1406,-15.346,-35.771,5.7429
4.0159,2.2303,3.139,-14.373,-29.966,5.7582
4.0159,2.2296,3.138,-13.577,-20.209,5.7845
4.016,2.2289,3.1376,-12.731,-7.396,5.7848
4.0161,2.2283,3.1379,-11.537,6.2211,5.7857
4.0161,2.2278,3.1389,-9.7618,18.677,5.7892
4.0162,2.2274,3.1404,-7.5141,28.138,5.7858
4.0162,2.2271,3.1422,-5.1636,34.094,5.7594
4.0163,2.2269,3.1441,-3.0392,36.003,5.7469
4.0163,2.2269,3.1459,-0.91634,34.911,5.7246
4.0164,2.227,3.1476,1.2641,32.563,5.6865
4.0164,2.2272,3.1492,3.7314,30.832,5.6579
4.0165,2.2275,3.1508,6.3765,29.997,5.6481
4.0165,2.228,3.1524,9.1147,30.888,5.6102
4.0166,2.2286,3.1542,11.522,33.062,5.5843
4.0166,2.2293,3.1561,13.125,35.815,5.5847
4.0167,2.23,3.1581,13.608,37.968,5.568
4.0167,2.2307,3.1601,13.621,39.347,5.5543
4.0168,2.2314,3.1623,13.53,40.545,5.5699
4.0168,2.2321,3.1645,13.695,41.715,5.5843
4.0169,2.2329,3.1667,14.012,42.565,5.5936
4.0169,2.2336,3.1689,14.427,42.664,5.6317
4.017,2.2344,3.1711,14.38,40.988,5.6828
4.0171,2.2351,3.173,13.458,35.904,5.727
4.0171,2.2357,3.1744,11.264,26.652,5.7997
4.0172,2.2361,3.1751,8.4137,12.929,5.8874
4.0172,2.2364,3.1749,5.3358,-3.3856,5.9577
4.0173,2.2366,3.1738,2.6654,-20.841,6.0452
4.0173,2.2366,3.1719,0.62792,-36.931,6.1353
4.0174,2.2366,3.1692,-0.47443,-49.736,6.2212
4.0174,2.2365,3.1662,-1.0524,-57.205,6.3029
4.0175,2.2364,3.1631,-1.607,-59.621,6.3959
4.0175,2.2363,3.1601,-2.9048,-57.587,6.4789
4.0176,2.236,3.1572,-5.1184,-53.714,6.5466
4.0176,2.2356,3.1546,-8.0713,-49.281,6.626
4.0177,2.235,3.1522,-11.085,-46.419,6.679
4.0177,2.2343,3.1498,-13.471,-45.668,6.7137
4.0178,2.2335,3.1473,-14.392,-46.715,6.7553
4.0178,2.2328,3.1448,-13.714,-47.577,6.7729
4.0179,2.2322,3.1423,-11.939,-47.733,6.7668
4.0179,2.2317,3.1399,-9.8823,-46.545,6.7544
4.018,2.2312,3.1375,-8.4387,-44.446,6.7456
4.0181,2.2308,3.1354,-7.8442,-41.202,6.7025
4.0181,2.2304,3.1334,-7.9764,-37.749,6.6525
4.0182,2.2299,3.1316,-8.405,-33.903,6.6122
4.0182,2.2295,3.1301,-8.4554,-28.937,6.5409
4.0183,2.2291,3.1289,-7.7196,-21.798,6.4562
4.0183,2.2288,3.1282,-6.2658,-12.668,6.3899
4.0184,2.2285,3.1281,-4.184,-1.9286,6.3011
4.0184,2.2284,3.1287,-1.7588,9.7538,6.2058
4.0185,2.2285,3.1297,0.83058,20.639,6.1215
4.0185,2.2287,3.1313,3.4577,28.839,6.0421
4.0186,2.229,3.133,5.8462,33.586,5.9491
4.0186,2.2294,3.1349,7.7545,35.083,5.8799
4.0187,2.2299,3.1367,8.8682,33.805,5.8189
4.0187,2.2303,3.1383,9.0694,31.367,5.7358
4.0188,2.2308,3.1399,8.6555,29.969,5.6697
4.0188,2.2312,3.1415,8.0859,31.257,5.6115
4.0189,2.2316,3.1434,7.771,35.497,5.5568
4.0189,2.2321,3.1456,8.2263,42.681,5.5
4.019,2.2326,3.1484,9.4506,51.609,5.4682
4.0191,2.2331,3.1515,11.022,60.052,5.4401
4.0191,2.2338,3.155,12.291,65.548,5.4052
4.0192,2.2344,3.1585,12.769,66.797,5.3936
4.0192,2.2351,3.1618,12.405,63.234,5.3776
4.0193,2.2357,3.1647,11.071,54.974,5.3536
4.0193,2.2362,3.167,9.0206,43.641,5.3532
4.0194,2.2365,3.1687,6.6205,31.271,5.3495
4.0194,2.2367,3.1697,4.2276,19.231,5.3402
4.0195,2.2368,3.1701,1.7633,8.0494,5.3413
4.0195,2.2368,3.17,-0.64638,-1.7178,5.3496
4.0196,2.2366,3.1694,-3.1455,-10.518,5.3437
4.0196,2.2363,3.1684,-5.4552,-19.141,5.3434
4.0197,2.2359,3.167,-7.7452,-27.765,5.3634
4.0197,2.2354,3.1651,-9.6729,-35.836,5.3555
4.0198,2.2348,3.1628,-11.085,-43.262,5.3592
4.0198,2.2342,3.1602,-11.677,-49.581,5.3765
4.0199,2.2336,3.1574,-11.627,-53.939,5.385
4.0199,2.233,3.1544,-10.827,-55.794,5.3817
4.02,2.2325,3.1515,-9.9711,-55.639,5.396
4.0201,2.232,3.1487,-9.3602,-53.927,5.4106
4.0201,2.2315,3.146,-9.1515,-50.845,5.4089
4.0202,2.2311,3.1435,-9.1512,-47.071,5.4207
4.0202,2.2306,3.1412,-9.2309,-43.308,5.4369
4.0203,2.2301,3.1392,-9.1035,-39.324,5.4303
4.0203,2.2296,3.1373,-8.539,-34.546,5.4377
4.0204,2.2293,3.1358,-7.376,-29.083,5.4484
4.0204,2.2289,3.1346,-5.9385,-22.881,5.4329
4.0205,2.2287,3.1338,-4.5106,-15.825,5.4275
4.0205,2.2286,3.1333,-2.6325,-8.2016,5.4329
4.0206,2.2285,3.1333,-0.42337,-0.43092,5.4207
4.0206,2.2287,3.1337,2.1115,7.1966,5.4198
4.0207,2.2289,3.1344,4.6225,14.157,5.4327
4.0207,2.2293,3.1355,6.9905,19.949,5.445
4.0208,2.2297,3.1368,8.6607,24.041,5.4413
4.0208,2.2302,3.1382,9.6151,26.535,5.4652
4.0209,2.2307,3.1396,9.4842,27.785,5.492
4.0209,2.2312,3.1411,8.9648,28.378,5.5101
4.021,2.2316,3.1426,8.3884,29.231,5.5436
4.0211,2.2321,3.1443,8.3257,30.925,5.5969
4.0211,2.2325,3.146,8.6081,32.987,5.6486
4.0212,2.233,3.1479,9.2873,34.981,5.7043
4.0212,2.2335,3.1498,9.8,36.506,5.7755
4.0213,2.2341,3.1517,10.132,36.896,5.8397
4.0213,2.2346,3.1536,9.6612,35.826,5.9084
4.0214,2.235,3.1553,8.5802,33.112,5.9928
4.0214,2.2354,3.1569,7.1878,28.728,6.0776
4.0215,2.2357,3.1581,5.6512,22.754,6.1491
4.0215,2.2359,3.1589,3.7812,15.232,6.2329
4.0216,2.236,3.1592,1.8125,6.4702,6.3195
4.0216,2.236,3.1591,-0.20813,-2.4814,6.3862
4.0217,2.2359,3.1585,-1.9886,-10.688,6.4764
4.0217,2.2357,3.1576,-3.6368,-17.116,6.5568
4.0218,2.2354,3.1565,-4.9905,-21.592,6.615
4.0218,2.2351,3.1552,-5.9856,-24.39,6.6778
4.0219,2.2348,3.1538,-6.8059,-25.998,6.7339
4.0219,2.2343,3.1524,-7.8234,-27.244,6.7651
4.022,2.2339,3.1509,-8.6263,-28.884,6.7977
4.0221,2.2334,3.1493,-9.0013,-30.503,6.8297
4.0221,2.233,3.1476,-8.7954,-31.214,6.8394
4.0222,2.2325,3.146,-8.2335,-30.528,6.8329
4.0222,2.2321,3.1445,-7.3375,-28.511,6.8293
4.0223,2.2318,3.1432,-6.4794,-25.48,6.8141
4.0223,2.2315,3.142,-5.9291,-22.204,6.771
4.0224,2.2312,3.141,-5.967,-19.622,6.7378
4.0224,2.2309,3.14,-5.9099,-17.745,6.6855
4.0225,2.2306,3.1392,-5.5757,-15.797,6.6098
4.0225,2.2303,3.1385,-4.8092,-12.86,6.5379
4.0226,2.2301,3.1381,-3.5834,-8.1795,6.4749
4.0226,2.23,3.138,-1.814,-1.8685,6.3856
4.0227,2.23,3.1383,0.1909,5.4565,6.2993
4.0227,2.2302,3.1389,2.1476,12.329,6.2243
4.0228,2.2303,3.1399,3.7621,17.661,6.1348
4.0228,2.2306,3.141,5.0002,21.03,6.0388
4.0229,2.2309,3.1421,5.737,22.388,5.9646
4.0229,2.2312,3.1433,5.7639,22.095,5.8716
4.023,2.2315,3.1444,5.3203,21.667,5.7855
4.0231,2.2317,3.1456,4.7395,21.524,5.7188
4.0231,2.232,3.1467,4.5024,22.17,5.6561
4.0232,2.2322,3.148,4.7813,23.812,5.5877
4.0232,2.2325,3.1494,5.7451,26.317,5.5453
4.0233,2.2329,3.1509,7.1435,28.538,5.5133
4.0233,2.2334,3.1524,8.7082,29.563,5.4739
4.0234,2.2339,3.1539,9.5677,28.537,5.4501
4.0234,2.2344,3.1553,9.4311,25.635,5.4382
4.0235,2.2348,3.1564,8.2485,20.627,5.4187
4.0235,2.2351,3.1571,6.4322,14.513,5.4012
4.0236,2.2354,3.1576,4.3119,8.3989,5.4086
4.0236,2.2355,3.1577,2.3904,2.7886,5.4099
4.0237,2.2355,3.1576,0.88742,-2.6999,5.4027
4.0237,2.2355,3.1572,-0.15718,-7.727,5.4197
4.0238,2.2355,3.1565,-1.2845,-12.941,5.4297
4.0238,2.2353,3.1555,-2.7533,-18.539,5.4346
4.0239,2.2351,3.1542,-4.6593,-24.427,5.4487
4.0239,2.2347,3.1527,-6.7108,-29.393,5.4665
4.024,2.2343,3.151,-8.6064,-32.928,5.4683
4.0241,2.2338,3.1491,-9.9228,-34.412,5.4791
4.0241,2.2332,3.1474,-10.361,-33.597,5.4959
4.0242,2.2327,3.1458,-9.6907,-30.375,5.5012
4.0242,2.2323,3.1444,-8.4419,-26.157,5.5065
4.0243,2.2319,3.1432,-7.0444,-22.018,5.5269
4.0243,2.2316,3.1423,-5.9564,-18.774,5.526
4.0244,2.2313,3.1414,-5.2981,-16.684,5.5311
4.0244,2.231,3.1405,-5.2126,-15.955,5.5434
4.0245,2.2307,3.1397,-5.4301,-16.169,5.5415
4.0245,2.2304,3.1388,-5.738,-16.403,5.5333
4.0246,2.2301,3.138,-5.4401,-15.876,5.5438
4.0246,2.2299,3.1372,-4.7854,-14.281,5.5369
4.0247,2.2297,3.1367,-3.6752,-10.99,5.5244
4.0247,2.2296,3.1364,-2.1968,-5.2727,5.5356
4.0248,2.2296,3.1365,-0.22683,2.66,5.542
4.0248,2.2297,3.1372,1.8814,12.403,5.5382
4.0249,2.2299,3.1384,4.015,22.466,5.5442
4.0249,2.2302,3.14,5.7239,31.508,5.5608
4.025,2.2305,3.142,7.0465,37.78,5.5575
4.0251,2.2309,3.1441,7.3734,40.319,5.5735
4.0251,2.2313,3.1462,6.7628,39.38,5.5985
4.0252,2.2316,3.1481,5.5762,36.752,5.6121
4.0252,2.2318,3.1499,4.5762,33.414,5.6443
4.0253,2.232,3.1515,4.0815,30.957,5.6888
4.0253,2.2323,3.1531,4.4114,29.59,5.7314
4.0254,2.2326,3.1546,5.3695,29.194,5.7709
4.0254,2.2329,3.1561,6.6468,28.609,5.8277
4.0255,2.2333,3.1575,7.4833,26.944,5.8897
4.0255,2.2337,3.1588,7.4069,23.698,5.9388
4.0256,2.234,3.1598,6.4335,19.293,5.9974
4.0256,2.2343,3.1605,4.9226,13.608,6.066
4.0257,2.2345,3.1609,3.3057,7.5129,6.1236
4.0257,2.2346,3.161,1.8503,1.2762,6.1865
4.0258,2.2346,3.1607,0.78391,-4.6264,6.2617
4.0258,2.2346,3.1602,0.058759,-10.527,6.3172
4.0259,2.2346,3.1593,-0.78316,-17.019,6.3659
4.0259,2.2345,3.158,-2.1326,-24.284,6.4266
4.026,2.2342,3.1563,-3.9622,-31.83,6.4649
4.0261,2.2339,3.1543,-6.0035,-39.038,6.4856
4.0261,2.2335,3.152,-7.7338,-44.086,6.5227
4.0262,2.2331,3.1496,-8.7695,-45.63,6.5395
4.0262,2.2326,3.1473,-8.6387,-42.828,6.5373
4.0263,2.2322,3.1454,-7.3344,-36.262,6.554
4.0263,2.2319,3.1439,-5.5485,-27.936,6.5596
4.0264,2.2317,3.1429,-4.0217,-20.073,6.5407
4.0264,2.2315,3.1421,-3.1636,-14.329,6.5209
4.0265,2.2314,3.1415,-3.215,-11.857,6.5055
4.0265,2.2312,3.1409,-4.0238,-12.004,6.4657
4.0266,2.2309,3.1401,-5.0681,-13.515,6.4276
4.0266,2.2306,3.1394,-5.6578,-14.751,6.3891
4.0267,2.2303,3.1386,-5.3978,-14.446,6.3405
4.0267,2.2301,3.138,-4.3941,-12.174,6.2829
4.0268,2.2299,3.1375,-2.8204,-8.3262,6.2415
4.0268,2.2299,3.1374,-0.91754,-3.2902,6.1909
4.0269,2.2299,3.1375,0.94903,1.9421,6.1433
4.0269,2.2301,3.1378,2.6004,7.0438,6.0924
4.027,2.2303,3.1384,4.012,11.548,6.0516
4.0271,2.2306,3.1393,5.109,15.692,5.9985
4.0271,2.2309,3.1403,5.7861,19.293,5.9564
4.0272,2.2312,3.1415,5.8877,22.549,5.9296
4.0272,2.2315,3.1428,5.4143,25.079,5.8814
4.0273,2.2317,3.1442,4.5291,26.982,5.8526
4.0273,2.2319,3.1457,3.6796,28.233,5.8397
4.0274,2.2321,3.1472,3.1094,29.083,5.8149
4.0274,2.2322,3.1488,2.9704,29.134,5.7934
4.0275,2.2324,3.1503,3.2577,29.096,5.7913
4.0275,2.2326,3.1518,3.8694,28.706,5.7795
4.0276,2.2328,3.1533,4.3086,27.892,5.7621
4.0276,2.233,3.1546,4.4454,26.301,5.7708
4.0277,2.2333,3.1559,4.5253,24.074,5.7739
4.0277,2.2335,3.157,4.6384,21.297,5.7661
4.0278,2.2338,3.158,4.4144,17.564,5.7794
4.0278,2.234,3.1586,3.8618,12.202,5.7996
4.0279,2.2341,3.1589,3.0839,5.9092,5.8057
4.0279,2.2342,3.1588,1.7959,-1.4817,5.8175
4.028,2.2342,3.1583,-0.26396,-10.572,5.8489
4.0281,2.2341,3.1572,-2.6675,-20.201,5.8573
4.0281,2.2338,3.1557,-4.8102,-28.71,5.8717
4.0282,2.2335,3.1539,-6.5905,-35.161,5.8832
4.0282,2.233,3.1518,-7.8558,-38.965,5.8915
4.0283,2.2326,3.1497,-8.1882,-39.573,5.8903
4.0283,2.2322,3.1478,-7.3026,-36.608,5.9095
4.0284,2.2319,3.1461,-5.7928,-31.436,5.9112
4.0284,2.2317,3.1448,-4.1367,-26.009,5.9077
4.0285,2.2316,3.1437,-2.5825,-20.536,5.9105
4.0285,2.2315,3.1429,-1.4478,-15.702,5.9039
4.0286,2.2314,3.1422,-1.2323,-12.638,5.8916
4.0286,2.2313,3.1416,-1.8513,-11.272,5.8831
4.0287,2.2312,3.141,-2.8183,-10.919,5.8791
4.0287,2.231,3.1405,-3.625,-10.959,5.8624
4.0288,2.2308,3.1399,-4.1359,-11.124,5.8432
4.0288,2.2306,3.1393,-4.1049,-10.688,5.8409
4.0289,2.2304,3.1388,-3.2703,-8.7444,5.8189
4.0289,2.2303,3.1386,-1.918,-5.1497,5.8046
4.029,2.2303,3.1385,-0.42902,-0.70038,5.7955
4.0291,2.2303,3.1388,1.0945,4.4659,5.7751
4.0291,2.2305,3.1393,2.4827,9.7525,5.7505
4.0292,2.2306,3.14,3.3976,14.436,5.734
4.0292,2.2308,3.141,3.8081,17.332,5.7185
4.0293,2.231,3.1419,3.7101,18.425,5.7012
4.0293,2.2312,3.1429,3.2713,18.138,5.6954
4.0294,2.2313,3.1438,2.5681,17.346,5.7001
4.0294,2.2314,3.1447,2.0124,16.451,5.6981
4.0295,2.2316,3.1456,2.0218,17.108,5.7022
4.0295,2.2317,3.1466,2.5994,19.905,5.7258
4.0296,2.2319,3.1479,3.6013,24.476,5.7301
4.0296,2.2321,3.1494,4.9419,28.897,5.7443
4.0297,2.2325,3.1511,6.0529,31.802,5.765
4.0297,2.2328,3.1528,6.588,32.218,5.7846
4.0298,2.2331,3.1543,6.3533,29.601,5.8038
4.0298,2.2334,3.1556,5.4627,23.777,5.8423
4.0299,2.2336,3.1565,4.0695,16.46,5.8757
4.0299,2.2338,3.1569,2.3844,8.9617,5.9051
4.03,2.2338,3.157,0.66056,1.5416,5.9537
4.0301,2.2338,3.1567,-0.82734,-5.6743,5.9988
4.0301,2.2336,3.1561,-2.3226,-12.501,6.0256
4.0302,2.2334,3.1551,-3.7569,-18.668,6.063
4.0302,2.2332,3.1538,-4.9876,-24.096,6.1006
4.0303,2.2329,3.1523,-5.796,-28.104,6.1203
4.0303,2.2325,3.1508,-6.1569,-29.757,6.1475
4.0304,2.2322,3.1492,-5.8536,-28.933,6.1847
4.0304,2.232,3.1478,-4.8614,-26.574,6.2101
4.0305,2.2318,3.1466,-3.4215,-22.881,6.2362
4.0305,2.2317,3.1456,-2.2188,-18.97,6.2665
4.0306,2.2316,3.1448,-1.4179,-15.907,6.2774
4.0306,2.2316,3.1441,-0.97821,-13.958,6.2788
4.0307,2.2315,3.1434,-0.8995,-12.314,6.2932
4.0307,2.2315,3.1429,-1.0702,-10.778,6.2964
4.0308,2.2314,3.1424,-1.0876,-9.0024,6.2869
4.0308,2.2314,3.142,-0.81162,-6.8689,6.2876
4.0309,2.2313,3.1418,-0.43531,-4.1216,6.2828
4.0309,2.2313,3.1417,-0.1523,-1.9198,6.2597
4.031,2.2313,3.1417,-0.0052729,-0.71903,6.2545
4.0311,2.2313,3.1416,0.036032,-0.23598,6.2518
4.0311,2.2313,3.1417,0.024381,0.13275,6.2286
4.0312,2.2313,3.1417,-0.013405,0.61492,6.2172
4.0312,2.2313,3.1418,0.036358,1.7598,6.213
4.0313,2.2313,3.142,0.29989,3.8328,6.1933
4.0313,2.2314,3.1423,0.6659,6.6876,6.1725
4.0314,2.2314,3.1428,1.061,9.345,6.169
4.0314,2.2315,3.1434,1.3968,11.59,6.1545
4.0315,2.2316,3.1442,1.7827,13.578,6.1393
4.0315,2.2317,3.145,2.3494,15.331,6.1353
4.0316,2.2319,3.1458,2.8555,16.76,6.1302
4.0316,2.232,3.1468,3.277,17.73,6.1119
4.0317,2.2322,3.1477,3.786,18.13,6.1077
4.0317,2.2325,3.1487,4.1088,17.759,6.1014
4.0318,2.2327,3.1495,4.1346,16.384,6.0899
4.0318,2.2329,3.1503,4.0427,14.46,6.0917
4.0319,2.2331,3.151,3.866,12.712,6.099
4.0319,2.2333,3.1515,3.6583,11.036,6.0916
4.032,2.2335,3.152,3.236,9.0534,6.0846
4.0321,2.2336,3.1523,2.4319,6.264,6.1049
4.0321,2.2337,3.1524,1.3859,2.0453,6.1009
4.0322,2.2337,3.1523,-0.033413,-3.521,6.0884
4.0322,2.2336,3.1517,-1.7355,-9.8549,6.0924
4.0323,2.2334,3.1509,-3.3512,-15.617,6.0865
4.0323,2.2331,3.1499,-4.7006,-19.714,6.0737
4.0324,2.2329,3.1487,-5.4461,-21.658,6.0699
4.0324,2.2326,3.1476,-5.5034,-21.576,6.0746
4.0325,2.2323,3.1466,-5.0545,-19.961,6.0543
4.0325,2.2321,3.1456,-4.0051,-17.847,6.0372
4.0326,2.2319,3.1448,-2.7023,-15.419,6.0348
4.0326,2.2319,3.1441,-1.7064,-13.07,6.0068
4.0327,2.2318,3.1435,-1.1685,-10.871,5.9755
4.0327,2.2317,3.1431,-1.1056,-8.9054,5.9528
4.0328,2.2317,3.1427,-1.3639,-7.0726,5.9246
4.0328,2.2316,3.1424,-1.6776,-5.6576,5.8818
4.0329,2.2315,3.1422,-1.826,-4.4568,5.8626
4.0329,2.2314,3.142,-1.5637,-3.638,5.834
4.033,2.2313,3.1418,-0.99817,-2.7987,5.7975
4.0331,2.2313,3.1417,-0.4708,-2.1152,5.7724
4.0331,2.2313,3.1416,-0.12853,-1.4472,5.743
4.0332,2.2313,3.1416,0.059894,-0.52581,5.6942
4.0332,2.2313,3.1417,0.061766,1.2472,5.661
4.0333,2.2313,3.1419,0.074668,3.6604,5.634
4.0333,2.2313,3.1422,0.11792,6.9487,5.5961
4.0334,2.2313,3.1428,0.28715,10.413,5.5646
4.0334,2.2314,3.1435,0.51242,13.603,5.5501
4.0335,2.2314,3.1443,0.76582,15.548,5.5272
4.0335,2.2315,3.1452,0.88501,16.301,5.5151
4.0336,2.2315,3.146,1.0486,16.083,5.5136
4.0336,2.2316,3.1469,1.2406,15.684,5.5082
4.0337,2.2317,3.1476,1.6054,14.887,5.5091
4.0337,2.2318,3.1484,1.9866,14.274,5.5252
4.0338,2.2319,3.1491,2.4176,13.612,5.5336
4.0338,2.232,3.1498,2.7645,12.767,5.5394
4.0339,2.2322,3.1504,3.0693,11.33,5.5589
4.0339,2.2324,3.1509,3.1132,10.032,5.5924
4.034,2.2325,3.1514,2.9274,8.9233,5.6111
4.0341,2.2327,3.1518,2.5704,7.9309,5.6478
4.0341,2.2328,3.1521,2.2084,6.7088,5.6952
4.0342,2.2329,3.1524,1.7596,5.1468,5.7141
4.0342,2.2329,3.1525,1.1521,2.3758,5.7471
4.0343,2.233,3.1524,0.41791,-2.0913,5.7836
4.0343,2.2329,3.152,-0.4974,-7.8313,5.8103
4.0344,2.2328,3.1513,-1.778,-13.768,5.8331
4.0344,2.2327,3.1503,-3.2148,-19.144,5.8667
4.0345,2.2324,3.1491,-4.3053,-22.988,5.9019
4.0345,2.2322,3.1478,-4.6258,-24.06,5.9194
4.0346,2.232,3.1466,-4.1276,-22.595,5.963
4.0346,2.2318,3.1456,-3.0449,-19.801,5.9936
4.0347,2.2317,3.1447,-1.692,-16.601,6.0126
4.0347,2.2317,3.144,-0.66677,-13.32,6.0411
4.0348,2.2317,3.1434,-0.41428,-10.79,6.0739
4.0348,2.2316,3.143,-0.73512,-9.1053,6.078
4.0349,2.2316,3.1425,-1.2194,-7.791,6.0917
4.0349,2.2315,3.1422,-1.5336,-6.1453,6.1144
4.035,2.2314,3.142,-1.483,-4.4571,6.1234
4.0351,2.2314,3.1418,-1.0452,-3.1294,6.1342
4.0351,2.2313,3.1417,-0.52821,-2.1167,6.158
4.0352,2.2313,3.1417,-0.18359,-1.1899,6.1699
4.0352,2.2313,3.1416,-0.016239,-0.40184,6.1697
4.0353,2.2313,3.1417,0.078221,0.68069,6.1809
4.0353,2.2313,3.1418,0.2263,2.3782,6.1847
4.0354,2.2314,3.142,0.48428,4.7247,6.1744
4.0354,2.2314,3.1424,0.86239,7.2741,6.1732
4.0355,2.2315,3.1429,1.2123,9.281,6.1797
4.0355,2.2315,3.1434,1.2426,10.216,6.16
4.0356,2.2316,3.144,0.96613,10.429,6.1616
4.0356,2.2316,3.1446,0.75427,10.525,6.1645
4.0357,2.2317,3.1451,0.72861,11.127,6.1521
4.0357,2.2317,3.1458,1.096,12.584,6.1472
4.0358,2.2318,3.1466,1.9221,15.094,6.147
4.0358,2.232,3.1475,2.9919,18.088,6.1318
4.0359,2.2322,3.1486,3.8731,20.317,6.1198
4.0359,2.2324,3.1497,4.2055,20.687,6.13
4.036,2.2326,3.1507,3.8037,19.283,6.125
4.0361,2.2328,3.1516,3.0201,16.087,6.1154
4.0361,2.2329,3.1522,2.0488,11.657,6.1229
4.0362,2.2329,3.1525,1.066,6.602,6.1259
4.0362,2.2329,3.1526,0.29147,1.6425,6.1109
4.0363,2.2329,3.1525,-0.19474,-3.0381,6.1103
4.0363,2.2329,3.1521,-0.54724,-7.4356,6.1115
4.0364,2.2329,3.1515,-0.89917,-11.215,6.0996
4.0364,2.2328,3.1507,-1.2919,-14.08,6.0834
4.0365,2.2327,3.1499,-1.5128,-16.106,6.0876
4.0365,2.2326,3.149,-1.6838,-16.907,6.0745
4.0366,2.2325,3.1481,-2.0059,-16.594,6.0702
4.0366,2.2324,3.1473,-2.3165,-15.922,6.0699
4.0367,2.2323,3.1465,-2.4017,-15.196,6.059
4.0367,2.2321,3.1457,-2.3274,-14.425,6.0355
4.0368,2.232,3.145,-2.1124,-13.369,6.036
4.0368,2.2319,3.1444,-1.6745,-12.079,6.0206
4.0369,2.2319,3.1438,-1.1831,-10.565,5.9952
4.0369,2.2318,3.1434,-0.98596,-8.7517,5.9888
4.037,2.2318,3.143,-1.2087,-6.9186,5.9748
4.0371,2.2317,3.1427,-1.5417,-5.8033,5.9517
4.0371,2.2316,3.1424,-1.8496,-5.1053,5.9338
4.0372,2.2315,3.1422,-1.9201,-4.6919,5.9254
4.0372,2.2314,3.142,-1.6857,-4.2053,5.8991
4.0373,2.2313,3.1418,-1.0843,-3.2133,5.8749
4.0373,2.2313,3.1417,-0.41666,-1.7154,5.8666
4.0374,2.2313,3.1417,0.2396,0.29031,5.8347
4.0374,2.2314,3.1419,0.75857,2.9884,5.8099
4.0375,2.2314,3.1422,1.2063,6.1031,5.7963
4.0375,2.2315,3.1427,1.3799,9.4011,5.7848
4.0376,2.2316,3.1433,1.4958,12.041,5.7626
4.0376,2.2317,3.144,1.3617,13.739,5.7577
4.0377,2.2317,3.1448,1.0514,14.439,5.7464
4.0377,2.2317,3.1455,0.66347,13.88,5.7316
4.0378,2.2318,3.1462,0.54544,12.649,5.7277
4.0378,2.2318,3.1468,0.6328,11.939,5.7217
4.0379,2.2319,3.1475,1.1223,12.201,5.7074
4.0379,2.232,3.1482,1.8649,13.647,5.7099
4.038,2.2321,3.149,2.835,15.659,5.7175
4.0381,2.2323,3.1499,3.5363,17.391,5.7154
4.0381,2.2325,3.1509,3.7401,18.024,5.7209
4.0382,2.2327,3.1518,3.3881,16.954,5.75
4.0382,2.2328,3.1525,2.5434,13.79,5.7589
4.0383,2.2329,3.153,1.1778,8.7571,5.7635
4.0383,2.2329,3.1531,-0.19204,2.5999,5.7948
4.0384,2.2328,3.1529,-1.3779,-3.375,5.81
4.0384,2.2327,3.1525,-2.1359,-8.8439,5.8162
4.0385,2.2325,3.1517,-2.4847,-13.567,5.834
4.0385,2.2324,3.1508,-2.4915,-16.884,5.8484
4.0386,2.2323,3.1499,-2.4323,-18.66,5.8508
4.0386,2.2322,3.1488,-2.4365,-19.724,5.8681
4.0387,2.232,3.1478,-2.5093,-19.849,5.8861
4.0387,2.2319,3.1468,-2.3905,-18.655,5.8894
4.0388,2.2318,3.146,-2.2527,-15.865,5.8971
4.0388,2.2317,3.1453,-1.8742,-12.344,5.9198
4.0389,2.2316,3.1449,-1.1394,-8.546,5.9215
4.0389,2.2316,3.1446,-0.31656,-5.2236,5.9264
4.039,2.2316,3.1444,0.085097,-3.2047,5.9366
4.0391,2.2316,3.1443,0.1909,-3.1728,5.946
4.0391,2.2316,3.144,0.10655,-4.2214,5.9514
4.0392,2.2316,3.1437,-0.15892,-6.2042,5.9686
4.0392,2.2316,3.1433,-0.69669,-7.9581,5.9839
4.0393,2.2315,3.1428,-1.0774,-8.8038,5.9779
4.0393,2.2315,3.1424,-1.1403,-8.0689,5.9965
4.0394,2.2314,3.1421,-1.0308,-6.1539,6.0102
4.0394,2.2314,3.1419,-0.85598,-2.7079,6.0156
4.0395,2.2313,3.142,-0.39845,1.4916,6.0139
4.0395,2.2314,3.1423,0.2165,5.8685,6.0232
4.0396,2.2314,3.1428,0.79645,8.5829,6.016
4.0396,2.2315,3.1433,1.0338,9.3287,6.0213
4.0397,2.2315,3.1437,0.86412,8.1304,6.049
4.0397,2.2315,3.144,0.39922,5.6463,6.0486
4.0398,2.2315,3.1441,-0.18444,2.8774,6.0544
4.0398,2.2315,3.1442,-0.65017,1.7722,6.0725
4.0399,2.2314,3.1444,-0.51016,3.1299,6.0764
4.0399,2.2315,3.1448,0.35791,6.9582,6.0848
4.04,2.2316,3.1454,1.7486,11.644,6.0952
4.0401,2.2317,3.1462,3.0925,15.845,6.1127
4.0401,2.2319,3.1472,4.0654,18.586,6.1129
4.0402,2.2322,3.1482,4.4102,18.879,6.1362
4.0402,2.2324,3.1491,4.0791,16.552,6.1563
4.0403,2.2325,3.1497,3.204,12.67,6.1655
4.0403,2.2327,3.1502,2.3772,8.309,6.1868
4.0404,2.2328,3.1504,1.6385,4.3157,6.2147
4.0404,2.2328,3.1504,0.94779,0.89398,6.2263
4.0405,2.2328,3.1503,0.29773,-1.8152,6.2388
4.0405,2.2328,3.1501,-0.29081,-3.8786,6.2682
4.0406,2.2328,3.1498,-1.0399,-5.9253,6.2885
4.0406,2.2327,3.1494,-1.7197,-8.4078,6.2897
4.0407,2.2325,3.1488,-2.2462,-10.664,6.3183
4.0407,2.2324,3.1481,-2.5555,-12.824,6.3356
4.0408,2.2323,3.1474,-2.8415,-14.391,6.337
4.0408,2.2321,3.1466,-3.1556,-15.278,6.3492
4.0409,2.2319,3.1458,-3.4121,-15.307,6.3581
4.0409,2.2317,3.145,-3.3939,-14.952,6.3496
4.041,2.2316,3.1443,-3.128,-13.98,6.3484
4.0411,2.2315,3.1436,-2.3625,-12.64,6.3483
4.0411,2.2314,3.143,-1.1973,-10.296,6.3325
4.0412,2.2314,3.1427,0.055669,-7.4589,6.3186
4.0412,2.2314,3.1424,1.0279,-4.3096,6.3165
4.0413,2.2315,3.1424,1.5103,-1.3269,6.3075
4.0413,2.2316,3.1424,1.4279,1.285,6.2868
4.0414,2.2317,3.1426,1.2251,2.5825,6.2749
4.0414,2.2317,3.1427,0.93589,3.038,6.2536
4.0415,2.2318,3.1429,0.76706,2.8571,6.2242
4.0415,2.2318,3.143,0.76707,2.6645,6.2048
4.0416,2.2318,3.1431,0.84683,2.3932,6.1788
4.0416,2.2319,3.1433,0.55457,2.3526,6.1422
4.0417,2.2319,3.1434,-0.07478,2.3733,6.1195
4.0417,2.2318,3.1435,-0.95661,2.5079,6.0991
4.0418,2.2317,3.1436,-1.5061,2.3568,6.07
4.0418,2.2316,3.1438,-1.7029,2.5419,6.0454
4.0419,2.2316,3.144,-1.3399,3.4707,6.028
4.0419,2.2316,3.1442,-0.34572,5.5296,5.9937
4.042,2.2316,3.1447,1.1289,8.561,5.9699
4.0421,2.2317,3.1454,2.3325,12.465,5.9471
4.0421,2.2319,3.1462,3.2762,15.863,5.9253
4.0422,2.2321,3.1471,3.8522,17.973,5.8983
4.0422,2.2323,3.1481,4.1225,18.111,5.8896
4.0423,2.2325,3.149,3.8666,16.517,5.8797
4.0423,2.2327,3.1497,3.366,13.532,5.8557
4.0424,2.2329,3.1502,2.7125,10.083,5.8573
4.0424,2.233,3.1505,2.0319,6.5952,5.855
4.0425,2.233,3.1507,1.0988,3.4016,5.8258
4.0425,2.233,3.1507,0.38508,-0.066692,5.8181
4.0426,2.233,3.1505,-0.17821,-3.8268,5.8238
4.0426,2.233,3.1501,-0.70383,-7.8856,5.8059
4.0427,2.2329,3.1495,-1.4034,-11.449,5.7968
4.0427,2.2328,3.1488,-2.1417,-14.231,5.8039
4.0428,2.2326,3.1479,-3.0392,-15.873,5.8016
4.0428,2.2324,3.1471,-3.8933,-16.489,5.7946
4.0429,2.2322,3.1462,-4.6343,-16.147,5.8014
4.0429,2.2319,3.1454,-4.7515,-15.697,5.7988
4.043,2.2317,3.1446,-4.3649,-15.256,5.7865
4.0431,2.2315,3.1438,-3.5612,-14.712,5.7911
4.0431,2.2314,3.1431,-2.4863,-13.258,5.7929
4.0432,2.2313,3.1425,-1.2749,-10.965,5.7817
4.0432,2.2313,3.1421,-0.31482,-8.0087,5.7863
4.0433,2.2313,3.1419,0.35863,-4.736,5.7966
4.0433,2.2314,3.1418,0.71803,-1.7643,5.7956
4.0434,2.2314,3.1418,0.76174,-0.078472,5.806
4.0434,2.2314,3.1418,0.509,0.5445,5.8319
4.0435,2.2314,3.1418,0.18593,0.6507,5.8316
4.0435,2.2314,3.1419,0.02053,1.073,5.8418
4.0436,2.2315,3.142,0.073596,2.3718,5.8598
4.0436,2.2315,3.1422,0.35885,4.6588,5.878
4.0437,2.2315,3.1426,0.77578,7.4844,5.8876
4.0437,2.2316,3.1431,1.1437,9.3652,5.9212
4.0438,2.2316,3.1436,1.0895,9.4703,5.9515
4.0438,2.2317,3.1441,0.72754,8.0014,5.9678
4.0439,2.2317,3.1444,0.21946,5.6656,6.0013
4.0439,2.2317,3.1445,-0.14357,3.5167,6.0355
4.044,2.2317,3.1447,-0.15223,3.2511,6.0534
4.0441,2.2317,3.145,0.46565,5.3586,6.0888
4.0441,2.2318,3.1455,1.4064,9.2125,6.1239
4.0442,2.2319,3.1462,2.4871,12.95,6.1438
4.0442,2.2321,3.147,3.254,15.412,6.1658
4.0443,2.2322,3.1478,3.4798,15.884,6.2132
4.0443,2.2324,3.1486,3.1796,14.266,6.2335
4.0444,2.2326,3.1492,2.6735,11.489,6.2599
4.0444,2.2327,3.1496,2.2097,9.1881,6.2919
4.0445,2.2328,3.1501,2.0993,7.8283,6.3149
4.0445,2.2329,3.1504,2.2382,7.1932,6.3223
4.0446,2.233,3.1508,2.5574,6.5144,6.3439
4.0446,2.2332,3.151,2.5999,4.849,6.362
4.0447,2.2333,3.1511,2.0513,1.6228,6.3736
4.0447,2.2333,3.151,0.91044,-2.7489,6.3914
4.0448,2.2333,3.1506,-0.32014,-6.9553,6.413
4.0448,2.2332,3.1501,-1.4274,-10.083,6.4215
4.0449,2.2331,3.1494,-2.1792,-11.904,6.4286
4.0449,2.233,3.1488,-2.5837,-12.564,6.4498
4.045,2.2328,3.1481,-2.6574,-12.874,6.4518
4.0451,2.2327,3.1474,-2.833,-14.005,6.4486
4.0451,2.2325,3.1465,-3.3136,-16.045,6.4519
4.0452,2.2323,3.1456,-4.0023,-17.861,6.443
4.0452,2.2321,3.1446,-4.2196,-18.321,6.4234
4.0453,2.2319,3.1437,-3.8942,-16.85,6.4279
4.0453,2.2317,3.143,-3.049,-13.336,6.4156
4.0454,2.2316,3.1426,-1.8104,-8.3139,6.3903
4.0454,2.2316,3.1424,-0.3781,-3.3307,6.3794
4.0455,2.2316,3.1424,0.61504,0.41116,6.3672
4.0455,2.2317,3.1426,0.98336,2.2536,6.3344
4.0456,2.2317,3.1427,0.81637,2.4733,6.3079
4.0456,2.2318,3.1428,0.54258,1.6428,6.2881
4.0457,2.2318,3.1428,0.18941,0.58788,6.2461
4.0457,2.2318,3.1428,-0.11731,0.038673,6.2081
4.0458,2.2318,3.1429,-0.25714,0.78052,6.1885
4.0458,2.2317,3.143,-0.1823,2.582,6.1533
4.0459,2.2317,3.1433,-0.017123,5.2649,6.1197
4.0459,2.2318,3.1437,0.37866,8.0048,6.0963
4.046,2.2318,3.1442,1.0047,10.459,6.0698
4.0461,2.2319,3.1449,1.8756,12.279,6.0348
4.0461,2.2321,3.1456,2.5744,13.447,6.0042
4.0462,2.2322,3.1463,2.9534,13.95,5.972
4.0462,2.2324,3.1471,2.9147,14.325,5.9396
4.0463,2.2325,3.1478,2.5445,14.173,5.9237
4.0463,2.2326,3.1485,1.9963,13.605,5.9148
4.0464,2.2327,3.1492,1.7351,12.669,5.8903
4.0464,2.2328,3.1498,1.8971,11.618,5.8786
4.0465,2.2329,3.1504,2.4771,10.44,5.8761
4.0465,2.2331,3.1509,2.9568,9.6991,5.8568
4.0466,2.2332,3.1514,3.2364,9.1728,5.8418
4.0466,2.2334,3.1518,3.1353,8.5216,5.8414
4.0467,2.2335,3.1522,2.5673,6.9474,5.83
4.0467,2.2336,3.1524,1.5609,4.2917,5.8247
4.0468,2.2337,3.1524,0.52734,0.31715,5.8299
4.0468,2.2336,3.1522,-0.54461,-4.4657,5.8254
4.0469,2.2335,3.1517,-1.525,-9.3675,5.8136
4.0469,2.2334,3.151,-2.4503,-13.094,5.822
4.047,2.2333,3.1502,-3.0263,-15.381,5.8419
4.0471,2.2331,3.1493,-3.2717,-16.251,5.8339
4.0471,2.2329,3.1485,-3.2888,-16.319,5.839
4.0472,2.2327,3.1476,-3.2422,-16.119,5.8416
4.0472,2.2326,3.1468,-3.1389,-16.414,5.8288
4.0473,2.2324,3.1459,-3.2039,-16.638,5.8346
4.0473,2.2322,3.145,-3.237,-16.359,5.8501
4.0474,2.2321,3.1442,-3.1259,-14.965,5.8496
4.0474,2.2319,3.1436,-2.7015,-12.342,5.852
4.0475,2.2318,3.1431,-1.9955,-8.6978,5.869
4.0475,2.2318,3.1429,-1.1569,-4.9913,5.8831
4.0476,2.2317,3.1428,-0.45843,-2.0692,5.8841
4.0476,2.2317,3.1427,0.0013386,-0.44644,5.9037
4.0477,2.2318,3.1428,0.15759,0.26429,5.9165
4.0477,2.2318,3.1428,0.15925,0.42099,5.9286
4.0478,2.2318,3.1428,0.10519,0.49322,5.9447
4.0478,2.2318,3.1429,-0.011939,1.1578,5.9694
4.0479,2.2318,3.143,-0.1255,2.6439,5.9759
4.0479,2.2317,3.1433,-0.18311,4.733,5.9985
4.048,2.2317,3.1436,-0.1463,6.5559,6.0357
4.0481,2.2317,3.144,0.062738,7.9298,6.0503
4.0481,2.2318,3.1445,0.5912,8.8813,6.0743
4.0482,2.2319,3.145,1.441,9.4977,6.1116
4.0482,2.232,3.1455,2.3941,9.8031,6.1189
4.0483,2.2321,3.1461,3.025,10.566,6.1363
4.0483,2.2323,3.1467,3.222,11.772,6.1659
4.0484,2.2325,3.1474,3.0047,13.141,6.189
4.0484,2.2326,3.1481,2.411,13.714,6.2083
4.0485,2.2327,3.1488,1.827,13.504,6.2401
4.0485,2.2328,3.1495,1.6171,12.544,6.2599
4.0486,2.2329,3.15,1.7709,11.092,6.2717
4.0486,2.233,3.1505,2.0455,9.2167,6.2908
4.0487,2.2331,3.1509,2.2274,7.4883,6.3114
4.0487,2.2332,3.1512,2.0558,5.5494,6.3109
4.0488,2.2333,3.1514,1.4799,3.1031,6.3084
4.0488,2.2333,3.1514,0.50424,-0.34136,6.3246
4.0489,2.2333,3.1511,-0.40615,-4.4353,6.3147
4.0489,2.2332,3.1507,-1.1916,-8.5227,6.3094
4.049,2.2331,3.1501,-1.8329,-11.507,6.3169
4.0491,2.233,3.1494,-2.0802,-12.549,6.3122
4.0491,2.2329,3.1488,-1.8631,-11.657,6.2944
4.0492,2.2328,3.1483,-1.5574,-9.3368,6.2936
4.0492,2.2328,3.148,-1.195,-6.5644,6.2786
4.0493,2.2327,3.1477,-0.91331,-4.7529,6.2542
4.0493,2.2327,3.1474,-0.9507,-4.9264,6.2395
4.0494,2.2326,3.1471,-1.4879,-6.8842,6.2253
4.0494,2.2325,3.1466,-2.3526,-9.9551,6.2006
4.0495,2.2323,3.1459,-3.0062,-12.714,6.1839
4.0495,2.2321,3.1451,-3.2557,-14.643,6.1734
4.0496,2.232,3.1444,-3.0912,-14.627,6.151
4.0496,2.2318,3.1437,-2.4211,-12.538,6.1303
4.0497,2.2318,3.1432,-1.4208,-9.2489,6.1229
4.0497,2.2317,3.1429,-0.5912,-6.1179,6.097
4.0498,2.2317,3.1427,-0.042481,-3.0803,6.0684
4.0498,2.2317,3.1427,0.1485,-0.74172,6.0552
4.0499,2.2318,3.1427,0.10713,0.78289,6.0367
4.0499,2.2318,3.1428,-0.054004,1.7013,6.0184
4.05,2.2317,3.143,-0.14785,2.924,6.0047
4.0501,2.2317,3.1432,-0.030547,4.4738,5.9974
4.0501,2.2318,3.1435,0.45843,5.8098,5.9784
4.0502,2.2318,3.1439,1.1479,6.964,5.9664
4.0502,2.2319,3.1443,2.0074,8.6787,5.9594
4.0503,2.2321,3.1449,2.7307,10.454,5.9373
4.0503,2.2322,3.1455,3.1497,11.587,5.9299
4.0504,2.2324,3.1461,3.2257,12.472,5.9316
4.0504,2.2326,3.1468,3.1399,13.16,5.913
4.0505,2.2327,3.1475,2.9773,13.014,5.9124
4.0505,2.2329,3.1482,2.9886,11.906,5.9224
4.0506,2.233,3.1487,3.0184,10.325,5.9241
4.0506,2.2332,3.1492,3.049,8.7805,5.9142
4.0507,2.2334,3.1495,2.8447,7.2517,5.9251
4.0507,2.2335,3.1498,2.3445,5.6755,5.9322
4.0508,2.2336,3.1501,1.5831,4.457,5.9224
4.0508,2.2336,3.1503,0.88917,3.8774,5.9309
4.0509,2.2336,3.1505,0.36355,3.4617,5.943
4.0509,2.2336,3.1506,0.14406,2.9788,5.9382
4.051,2.2336,3.1507,0.052565,1.8005,5.9458
4.0511,2.2336,3.1507,-0.011448,0.24928,5.9644
4.0511,2.2336,3.1506,-0.27743,-1.7853,5.9712
4.0512,2.2336,3.1504,-0.81619,-4.2823,5.9741
4.0512,2.2335,3.15,-1.6834,-7.0054,5.9893
4.0513,2.2334,3.1496,-2.5402,-9.0899,5.9833
4.0513,2.2332,3.149,-3.1226,-10.988,5.982
4.0514,2.233,3.1483,-3.2856,-12.725,5.9915
4.0514,2.2329,3.1476,-3.1455,-14.317,5.9927
4.0515,2.2327,3.1468,-2.7165,-14.871,5.9863
4.0515,2.2326,3.146,-2.2545,-14.443,5.9956
4.0516,2.2325,3.1453,-1.8973,-13.142,6.0004
4.0516,2.2324,3.1447,-1.8377,-11.068,6.0006
4.0517,2.2323,3.1443,-1.8169,-8.3289,6.0123
4.0517,2.2322,3.144,-1.6601,-5.9947,6.0135
4.0518,2.2321,3.1438,-1.3999,-4.2391,6.0079
4.0518,2.2321,3.1436,-1.1651,-2.9542,6.0104
4.0519,2.232,3.1435,-0.76621,-1.9674,6.0262
4.0519,2.232,3.1434,-0.36656,-1.132,6.033
4.052,2.232,3.1434,0.025518,-0.1368,6.0382
4.0521,2.2321,3.1435,0.47773,1.3644,6.0614
4.0521,2.2321,3.1437,1.0394,3.3662,6.0727
4.0522,2.2322,3.144,1.6472,5.8283,6.0747
4.0522,2.2323,3.1444,2.0459,8.6038,6.0956
4.0523,2.2324,3.145,2.169,11.341,6.1032
4.0523,2.2325,3.1457,2.1358,13.177,6.1001
4.0524,2.2326,3.1465,2.0384,13.956,6.118
4.0524,2.2327,3.1472,1.9766,13.682,6.1294
4.0525,2.2329,3.1479,2.2248,12.61,6.1254
4.0525,2.233,3.1484,2.6095,10.95,6.1351
4.0526,2.2331,3.1489,2.9525,9.4325,6.154
4.0526,2.2333,3.1494,3.0012,8.1308,6.1584
4.0527,2.2334,3.1497,2.7514,6.9698,6.1605
4.0527,2.2336,3.15,2.1885,5.6419,6.1842
4.0528,2.2336,3.1502,1.526,4.2718,6.1806
4.0528,2.2337,3.1504,0.85141,2.8831,6.1771
4.0529,2.2337,3.1505,0.40905,1.5755,6.1805
4.0529,2.2337,3.1505,0.11474,0.39989,6.184
4.053,2.2337,3.1505,-0.1378,-0.17199,6.1705
4.0531,2.2337,3.1505,-0.27842,-0.26228,6.1786
4.0531,2.2337,3.1505,-0.26902,-0.1609,6.1779
4.0532,2.2337,3.1505,-0.25928,-0.20768,6.1717
4.0532,2.2337,3.1504,-0.24976,-0.69265,6.1729
4.0533,2.2336,3.1503,-0.27561,-2.1681,6.1814
4.0533,2.2336,3.1501,-0.4908,-4.77,6.1714
4.0534,2.2336,3.1496,-0.97376,-8.147,6.1665
4.0534,2.2335,3.149,-1.6813,-11.254,6.1727
4.0535,2.2334,3.1483,-2.3118,-13.383,6.1621
4.0535,2.2332,3.1476,-2.7253,-14.035,6.1599
4.0536,2.2331,3.1469,-2.8683,-12.995,6.1686
4.0536,2.2329,3.1464,-2.6194,-10.505,6.1654
4.0537,2.2328,3.146,-2.0083,-7.6147,6.1511
4.0537,2.2327,3.1457,-1.3568,-4.9181,6.1531
4.0538,2.2327,3.1455,-0.77761,-2.8196,6.1499
4.0538,2.2327,3.1455,-0.33313,-1.3555,6.1305
4.0539,2.2327,3.1454,-0.053957,-0.54109,6.1319
4.0539,2.2327,3.1454,0.082876,-0.19983,6.1237
4.054,2.2327,3.1454,0.041751,-0.16226,6.1117
4.0541,2.2327,3.1454,-0.069347,-0.18647,6.1044
4.0541,2.2327,3.1454,-0.15068,-0.16744,6.1081
4.0542,2.2327,3.1454,-0.14313,0.050459,6.1103
4.0542,2.2327,3.1454,0.053722,0.68241,6.1003
4.0543,2.2327,3.1456,0.59042,2.0124,6.1082
4.0543,2.2328,3.1458,1.4189,4.116,6.1046
4.0544,2.2329,3.1461,2.3977,6.7563,6.0975
4.0544,2.2331,3.1466,3.0938,9.632,6.0974
4.0545,2.2332,3.1473,3.3444,12.267,6.1006
4.0545,2.2334,3.148,3.0931,14.036,6.0942
4.0546,2.2335,3.1488,2.3965,14.086,6.1063
4.0546,2.2336,3.1494,1.438,12.456,6.1138
4.0547,2.2336,3.1499,0.56268,9.5984,6.1128
4.0547,2.2336,3.1502,-0.0038124,6.1675,6.1228
4.0548,2.2336,3.1504,-0.20001,2.8444,6.1349
4.0548,2.2336,3.1504,-0.15728,0.78363,6.1237
4.0549,2.2336,3.1504,0.039644,0.1144,6.1257
4.0549,2.2336,3.1505,0.35611,0.42418,6.1361
4.055,2.2337,3.1505,0.60354,0.85416,6.1315
4.0551,2.2337,3.1506,0.67869,0.86387,6.1356
4.0551,2.2337,3.1505,0.48285,-0.19813,6.1468
4.0552,2.2337,3.1504,0.1538,-2.3477,6.1458
4.0552,2.2337,3.1502,-0.16728,-5.0706,6.1328
4.0553,2.2337,3.1498,-0.41,-7.0938,6.1446
4.0553,2.2337,3.1494,-0.5519,-8.0461,6.1434
4.0554,2.2337,3.1489,-0.48195,-7.7943,6.1327
4.0554,2.2336,3.1486,-0.4061,-6.6593,6.1388
4.0555,2.2336,3.1483,-0.52168,-5.251,6.1271
4.0555,2.2336,3.1481,-0.95336,-4.5578,6.109
4.0556,2.2335,3.1478,-1.5643,-4.7579,6.1047
4.0556,2.2334,3.1475,-2.0991,-5.5766,6.1118
4.0557,2.2332,3.1472,-2.474,-6.402,6.0962
4.0557,2.2331,3.1468,-2.6008,-6.8699,6.0797
4.0558,2.233,3.1465,-2.3972,-6.706,6.0847
4.0558,2.2329,3.1462,-1.9224,-5.8984,6.0727
4.0559,2.2328,3.1459,-1.4365,-4.7237,6.0565
4.0559,2.2327,3.1457,-1.0229,-3.6023,6.0546
4.056,2.2327,3.1456,-0.68879,-2.5938,6.049
4.0561,2.2327,3.1455,-0.33213,-1.6423,6.0364
4.0561,2.2327,3.1455,-0.095443,-0.6391,6.0404
4.0562,2.2327,3.1455,0.075215,0.22932,6.0379
4.0562,2.2327,3.1456,0.3591,1.2323,6.0312
4.0563,2.2327,3.1457,0.75493,2.5394,6.038
4.0563,2.2328,3.1459,1.0768,3.8331,6.0558
4.0564,2.2329,3.1462,1.411,4.9493,6.0467
4.0564,2.233,3.1465,1.7777,6.1487,6.0558
4.0565,2.2331,3.1469,2.0312,7.2407,6.0712
4.0565,2.2332,3.1473,2.0059,8.0289,6.0709
4.0566,2.2333,3.1477,1.822,8.2737,6.0753
4.0566,2.2334,3.1482,1.6823,8.5772,6.1025
4.0567,2.2334,3.1486,1.4442,8.8991,6.1138
4.0567,2.2335,3.1491,1.1021,8.6236,6.1154
4.0568,2.2335,3.1495,0.86009,7.7237,6.1406
4.0568,2.2336,3.1498,0.71917,6.6859,6.1411
4.0569,2.2336,3.1501,0.48209,5.0898,6.1387
4.0569,2.2336,3.1503,0.23909,3.0733,6.1525
4.057,2.2336,3.1503,0.071779,1.2439,6.1694
4.0571,2.2336,3.1503,0.01871,0.027784,6.1639
4.0571,2.2336,3.1503,-0.033697,-0.37055,6.1716
4.0572,2.2336,3.1503,-0.086338,-0.22056,6.1921
4.0572,2.2336,3.1503,-0.020224,0.24471,6.1939
4.0573,2.2336,3.1504,0.093075,0.67519,6.1981
4.0573,2.2336,3.1504,0.12679,0.42128,6.2183
4.0574,2.2336,3.1503,0.10137,-1.013,6.2207
4.0574,2.2336,3.1501,-0.043251,-3.5614,6.2153
4.0575,2.2336,3.1498,-0.40918,-6.9547,6.2273
4.0575,2.2336,3.1493,-0.98384,-9.9699,6.2292
4.0576,2.2335,3.1486,-1.6629,-11.941,6.2207
4.0576,2.2334,3.148,-2.1551,-12.385,6.233
4.0577,2.2332,3.1474,-2.3086,-11.156,6.2436
4.0577,2.2331,3.1469,-2.1174,-8.5159,6.2411
4.0578,2.233,3.1466,-1.6398,-5.658,6.2516
4.0578,2.233,3.1465,-0.99565,-3.2481,6.2594
4.0579,2.233,3.1464,-0.4734,-1.6202,6.2501
4.0579,2.233,3.1463,-0.20482,-0.65428,6.2547
4.058,2.2329,3.1463,-0.15202,-0.3059,6.2531
4.0581,2.2329,3.1463,-0.17253,-0.25737,6.2497
4.0581,2.2329,3.1463,-0.14009,-0.20473,6.2447
4.0582,2.2329,3.1463,-0.04978,-0.032884,6.2499
4.0582,2.2329,3.1463,0.04978,0.052036,6.2414
4.0583,2.2329,3.1463,0.14009,0.12756,6.2352
4.0583,2.2329,3.1463,0.17253,0.24338,6.2392
4.0584,2.233,3.1464,0.16093,0.48858,6.2306
4.0584,2.233,3.1464,0.20185,1.0682,6.2112
4.0585,2.233,3.1465,0.44127,1.8315,6.2113
4.0585,2.233,3.1467,0.93086,3.0705,6.2021
4.0586,2.2331,3.1469,1.607,4.5192,6.1838
4.0586,2.2332,3.1472,2.1657,5.9147,6.1828
4.0587,2.2334,3.1476,2.5039,6.9953,6.1827
4.0587,2.2335,3.148,2.5894,7.9335,6.1669
4.0588,2.2336,3.1484,2.361,8.4319,6.1638
4.0588,2.2337,3.1489,1.7918,8.6014,6.1722
4.0589,2.2338,3.1493,1.1669,8.392,6.1637
4.0589,2.2338,3.1498,0.61678,8.1247,6.1501
4.059,2.2338,3.1502,0.26004,7.4431,6.1566
4.0591,2.2338,3.1505,0.0088499,6.2809,6.1457
4.0591,2.2338,3.1507,-0.059159,4.6445,6.1353
4.0592,2.2338,3.1509,0.056925,2.6737,6.1445
4.0592,2.2338,3.1509,0.17883,0.093003,6.1469
4.0593,2.2338,3.1507,0.093653,-2.689,6.1404
4.0593,2.2338,3.1505,-0.091486,-5.1076,6.1455
4.0594,2.2338,3.1501,-0.37257,-7.107,6.15
4.0594,2.2338,3.1497,-0.67196,-8.1991,6.1398
4.0595,2.2337,3.1492,-0.88449,-8.1251,6.1436
4.0595,2.2337,3.1489,-0.93097,-6.895,6.139
4.0596,2.2336,3.1486,-0.7266,-5.1181,6.1288
4.0596,2.2336,3.1484,-0.37559,-3.0184,6.1192
4.0597,2.2336,3.1484,-0.082766,-1.2952,6.1192
4.0597,2.2336,3.1484,0.070328,-0.30847,6.113
4.0598,2.2336,3.1483,0.030526,-0.51789,6.1009
4.0598,2.2336,3.1483,-0.38028,-1.5465,6.1052
4.0599,2.2336,3.1481,-1.0179,-3.0574,6.102
4.0599,2.2335,3.1479,-1.7139,-4.5219,6.0838
4.06,2.2334,3.1476,-2.1296,-5.5308,6.0811
4.0601,2.2332,3.1473,-2.1757,-5.4884,6.0768
4.0601,2.2331,3.147,-1.7736,-4.6555,6.0584
4.0602,2.2331,3.1469,-1.0976,-3.2703,6.053
4.0602,2.2331,3.1468,-0.32037,-1.8095,6.0588
4.0603,2.2331,3.1467,0.053497,-0.74394,6.0475
4.0603,2.2331,3.1467,0.12842,-0.27645,6.0535
4.0604,2.2331,3.1467,-0.071293,-0.32926,6.064
4.0604,2.2331,3.1467,-0.31672,-0.58291,6.0639
4.0605,2.233,3.1466,-0.48934,-0.59065,6.0666
4.0605,2.233,3.1466,-0.25772,-0.26353,6.0778
4.0606,2.233,3.1466,0.14369,0.46889,6.0844
4.0606,2.2331,3.1467,0.72065,1.6148,6.0846
4.0607,2.2331,3.1469,1.2262,3.0908,6.0955
4.0607,2.2332,3.1471,1.6975,4.7514,6.11
4.0608,2.2333,3.1475,1.9221,6.7068,6.1148
4.0608,2.2334,3.148,1.9868,8.8606,6.1287
4.0609,2.2335,3.1485,1.8963,10.933,6.1509
4.0609,2.2336,3.1492,1.8067,12.092,6.1529
4.061,2.2337,3.1498,1.5859,12.054,6.1669
4.0611,2.2338,3.1504,1.3625,10.764,6.1807
4.0611,2.2338,3.1508,1.0857,8.3721,6.1825
4.0612,2.2339,3.1511,0.80425,5.2037,6.1842
4.0612,2.2339,3.1512,0.404,2.4414,6.2044
4.0613,2.2339,3.1512,0.03108,0.4751,6.2043
4.0613,2.2339,3.1512,-0.30886,-0.71336,6.2165
4.0614,2.2339,3.1511,-0.5389,-1.5474,6.2373
4.0614,2.2338,3.151,-0.65146,-2.2022,6.2462
4.0615,2.2338,3.1508,-0.652,-3.1593,6.2521
4.0615,2.2338,3.1506,-0.57816,-4.5492,6.2677
4.0616,2.2337,3.1503,-0.34963,-6.1361,6.2742
4.0616,2.2337,3.1499,-0.089426,-6.9029,6.2622
4.0617,2.2337,3.1496,0.19811,-6.7215,6.2655
4.0617,2.2338,3.1493,0.44242,-5.6475,6.268
4.0618,2.2338,3.1491,0.54919,-3.9441,6.2605
4.0618,2.2338,3.1489,0.43045,-2.0151,6.2662
4.0619,2.2338,3.1489,0.18891,-0.74974,6.2793
4.0619,2.2338,3.1489,-0.11693,-0.37461,6.2717
4.062,2.2338,3.1488,-0.46589,-0.82552,6.2646
4.0621,2.2338,3.1488,-0.73894,-1.6885,6.2605
4.0621,2.2337,3.1486,-0.94031,-2.7756,6.2502
4.0622,2.2336,3.1484,-1.157,-3.8143,6.2414
4.0622,2.2336,3.1482,-1.4762,-4.5173,6.2338
4.0623,2.2335,3.1479,-1.6886,-4.6422,6.2318
4.0623,2.2334,3.1477,-1.6311,-4.2119,6.2087
4.0624,2.2333,3.1475,-1.2397,-3.1048,6.2082
4.0624,2.2333,3.1475,-0.64917,-1.4638,6.2052
4.0625,2.2333,3.1475,0.19786,0.40817,6.192
4.0625,2.2334,3.1476,0.97605,2.0909,6.1906
4.0626,2.2334,3.1478,1.3837,3.2379,6.1822
4.0626,2.2335,3.148,1.3566,3.7974,6.1708
4.0627,2.2336,3.1482,1.2267,3.6263,6.1609
4.0627,2.2336,3.1483,0.95578,3.1738,6.1584
4.0628,2.2337,3.1485,0.825,2.7843,6.1521
4.0628,2.2337,3.1486,0.78437,2.5847,6.1467
4.0629,2.2337,3.1487,0.83729,2.4489,6.1522
4.0629,2.2338,3.1489,0.69324,2.4753,6.1557
4.063,2.2338,3.149,0.3261,2.3513,6.1438
4.0631,2.2338,3.1491,-0.091796,2.0355,6.1526
4.0631,2.2338,3.1492,-0.30774,1.2495,6.1575
4.0632,2.2338,3.1492,-0.26484,0.82619,6.1562
4.0632,2.2338,3.1493,0.22893,1.0323,6.16
4.0633,2.2338,3.1494,1.0654,1.8072,6.1763
4.0633,2.2339,3.1495,1.919,2.7862,6.1738
4.0634,2.2341,3.1497,2.2927,3.888,6.1828
4.0634,2.2342,3.1499,2.1068,4.0754,6.208
4.0635,2.2342,3.1501,1.4636,3.0256,6.2136
4.0635,2.2343,3.1501,0.35667,0.71828,6.2198
4.0636,2.2342,3.15,-0.89275,-1.9869,6.2348
4.0636,2.2341,3.1498,-1.904,-4.3869,6.2272
4.0637,2.234,3.1495,-2.3221,-5.8162,6.2256
4.0637,2.2339,3.1492,-2.2152,-5.8998,6.2397
4.0638,2.2338,3.1489,-1.7114,-4.5482,6.244
4.0638,2.2337,3.1488,-0.89059,-2.4808,6.2378
4.0639,2.2337,3.1488,0.12517,-0.28691,6.2448
4.0639,2.2338,3.1488,0.77528,1.3413,6.2562
4.064,2.2338,3.149,0.92407,1.9635,6.2449
4.0641,2.2339,3.149,0.73104,1.5102,6.245
4.0641,2.2339,3.149,0.20626,0.22365,6.2512
4.0642,2.2339,3.149,-0.54523,-1.4015,6.2385
4.0642,2.2338,3.1488,-1.2374,-2.7477,6.2314
4.0643,2.2337,3.1487,-1.4708,-3.2978,6.2404
4.0643,2.2336,3.1485,-1.2038,-2.8841,6.2326
4.0644,2.2336,3.1484,-0.64922,-1.7128,6.2215
4.0644,2.2336,3.1484,-0.0054017,-0.21625,6.2357
4.0645,2.2336,3.1485,0.69508,1.1154,6.2467
4.0645,2.2337,3.1486,0.97043,1.867,6.2412
4.0646,2.2337,3.1487,0.80196,1.9329,6.2577
4.0646,2.2338,3.1487,0.38429,1.5209,6.2577
4.0647,2.2338,3.1488,0.13422,0.9799,6.2496
4.0647,2.2338,3.1488,-0.031775,0.54973,6.2601
4.0648,2.2338,3.1488,-0.0049836,0.3104,6.261
4.0648,2.2338,3.1488,0.11463,0.16484,6.2553
4.0649,2.2338,3.1488,0.25172,-0.08653,6.2665
4.0649,2.2338,3.1488,0.02727,-0.61772,6.2799
4.065,2.2338,3.1487,-0.4214,-1.3545,6.278
4.0651,2.2337,3.1486,-0.82109,-2.0124,6.2753
4.0651,2.2337,3.1485,-0.95079,-2.2632,6.2875
4.0652,2.2336,3.1484,-0.86492,-1.8952,6.2809
4.0652,2.2336,3.1484,-0.46809,-0.85862,6.279
4.0653,2.2336,3.1484,0.22849,0.66135,6.2805
4.0653,2.2337,3.1485,0.95136,2.2828,6.2804
4.0654,2.2337,3.1487,1.3698,3.5917,6.2641
4.0654,2.2338,3.1489,1.554,4.3371,6.267
4.0655,2.2339,3.1492,1.6031,4.4317,6.2686
4.0655,2.234,3.1494,1.3863,3.9097,6.2543
4.0656,2.234,3.1495,0.95189,2.9373,6.245
4.0656,2.2341,3.1496,0.52436,1.7675,6.2413
4.0657,2.2341,3.1497,0.19917,0.61886,6.2277
4.0657,2.2341,3.1496,-0.12929,-0.36063,6.2077
4.0658,2.234,3.1496,-0.44687,-1.0575,6.2055
4.0658,2.234,3.1495,-0.57734,-1.3943,6.1955
4.0659,2.234,3.1494,-0.51243,-1.4161,6.1769
4.0659,2.234,3.1494,-0.45687,-1.2899,6.1748
4.066,2.2339,3.1493,-0.39409,-1.21,6.1779
4.0661,2.2339,3.1492,-0.29656,-1.3537,6.1596
4.0661,2.2339,3.1491,-0.39849,-1.8383,6.1568
4.0662,2.2339,3.149,-0.73734,-2.5921,6.1526
4.0662,2.2338,3.1488,-1.1955,-3.3326,6.1374
4.0663,2.2337,3.1486,-1.4611,-3.6781,6.1281
4.0663,2.2336,3.1485,-1.4388,-3.3653,6.1206
4.0664,2.2336,3.1483,-1.0712,-2.3681,6.1091
4.0664,2.2336,3.1483,-0.37838,-0.93963,6.1047
4.0665,2.2336,3.1483,0.41929,0.44201,6.104
4.0665,2.2336,3.1484,0.83641,1.2728,6.1037
4.0666,2.2337,3.1484,0.77739,1.3204,6.0919
4.0666,2.2337,3.1485,0.32203,0.72087,6.1065
4.0667,2.2337,3.1485,-0.20198,-0.090556,6.0952
4.0667,2.2336,3.1484,-0.57838,-0.60904,6.0867
4.0668,2.2336,3.1484,-0.51263,-0.46679,6.0945
4.0668,2.2336,3.1484,-0.0046733,0.37477,6.0906
4.0669,2.2337,3.1485,0.69162,1.6174,6.0926
4.0669,2.2337,3.1487,1.1958,2.7993,6.1076
4.067,2.2338,3.1489,1.4417,3.5533,6.1078
4.0671,2.2339,3.149,1.3776,3.7151,6.1084
4.0671,2.2339,3.1492,1.1294,3.3666,6.1198
4.0672,2.234,3.1494,0.79092,2.7516,6.1349
4.0672,2.234,3.1495,0.5993,2.1606,6.1315
4.0673,2.234,3.1496,0.5375,1.7708,6.1403
4.0673,2.2341,3.1497,0.54198,1.6164,6.1565
4.0674,2.2341,3.1497,0.53456,1.6225,6.1618
4.0674,2.2341,3.1498,0.6005,1.6714,6.1627
4.0675,2.2341,3.1499,0.6016,1.6221,6.1952
4.0675,2.2342,3.15,0.5203,1.3907,6.2084
4.0676,2.2342,3.15,0.35493,0.96392,6.2187
4.0676,2.2342,3.1501,0.16638,0.39212,6.2419
4.0677,2.2342,3.1501,-0.10256,-0.24694,6.2541
4.0677,2.2342,3.15,-0.35603,-0.85285,6.2603
4.0678,2.2342,3.1499,-0.53339,-1.3593,6.2668
4.0678,2.2341,3.1498,-0.61524,-1.766,6.2829
4.0679,2.2341,3.1497,-0.71654,-2.1415,6.2808
4.0679,2.234,3.1496,-0.80412,-2.5645,6.2889
4.068,2.234,3.1494,-0.9259,-3.096,6.3096
4.0681,2.2339,3.1492,-1.1645,-3.711,6.3075
4.0681,2.2339,3.149,-1.4652,-4.2688,6.3029
4.0682,2.2338,3.1488,-1.6304,-4.5485,6.3157
4.0682,2.2337,3.1485,-1.6184,-4.3585,6.3126
4.0683,2.2336,3.1484,-1.4059,-3.6105,6.3095
4.0683,2.2336,3.1482,-0.93172,-2.3864,6.3167
4.0684,2.2335,3.1482,-0.25907,-0.9473,6.3117
4.0684,2.2336,3.1482,0.27431,0.33591,6.2947
4.0685,2.2336,3.1483,0.59726,1.1638,6.2982
4.0685,2.2336,3.1483,0.6703,1.4072,6.3054
4.0686,2.2337,3.1484,0.48482,1.1516,6.2958
4.0686,2.2337,3.1484,0.11401,0.66609,6.2923
4.0687,2.2337,3.1484,-0.10579,0.31094,6.2985
4.0687,2.2336,3.1485,-0.070551,0.34997,6.2861
4.0688,2.2337,3.1485,0.19545,0.84275,6.2769
4.0688,2.2337,3.1486,0.54459,1.6551,6.2751
4.0689,2.2337,3.1487,0.97054,2.551,6.2715
4.0689,2.2338,3.1489,1.2709,3.2684,6.2585
4.069,2.2339,3.1491,1.3406,3.6326,6.2674
4.0691,2.2339,3.1493,1.2074,3.6242,6.2576
4.0691,2.234,3.1495,1.0544,3.3327,6.2507
4.0692,2.234,3.1496,0.91001,2.848,6.2513
4.0692,2.2341,3.1497,0.71279,2.2055,6.2477
4.0693,2.2341,3.1498,0.52599,1.4152,6.2298
4.0693,2.2341,3.1498,0.27041,0.46507,6.2243
4.0694,2.2341,3.1498,-0.080809,-0.61349,6.2184
4.0694,2.2341,3.1497,-0.57388,-1.6944,6.1961
4.0695,2.234,3.1496,-0.95699,-2.5331,6.1902
4.0695,2.234,3.1494,-1.1708,-2.9164,6.1837
4.0696,2.2339,3.1493,-1.0624,-2.7358,6.1699
4.0696,2.2339,3.1492,-0.81059,-2.0464,6.1508
4.0697,2.2339,3.1491,-0.30568,-1.0188,6.1462
4.0697,2.2339,3.1491,0.14915,0.043152,6.1313
4.0698,2.2339,3.1492,0.45151,0.85223,6.1103
4.0698,2.2339,3.1492,0.40031,1.2114,6.1008
4.0699,2.2339,3.1493,0.40941,1.0889,6.0918
4.0699,2.2339,3.1493,0.22842,0.48649,6.0718
4.07,2.2339,3.1493,-0.098164,-0.49405,6.0717
4.0701,2.2339,3.1492,-0.57191,-1.6592,6.0725
4.0701,2.2339,3.149,-0.89,-2.7319,6.0596
4.0702,2.2338,3.1489,-1.245,-3.486,6.063
4.0702,2.2337,3.1487,-1.4135,-3.6983,6.0723
4.0703,2.2337,3.1485,-1.3727,-3.251,6.0608
4.0703,2.2336,3.1484,-0.83148,-2.1802,6.0579
4.0704,2.2336,3.1483,-0.20365,-0.78046,6.0648
4.0704,2.2336,3.1484,0.31049,0.5612,6.052
4.0705,2.2336,3.1484,0.62429,1.4824,6.0509
4.0705,2.2337,3.1485,0.83364,1.7506,6.0603
4.0706,2.2337,3.1486,0.58627,1.2818,6.0651
4.0706,2.2337,3.1486,0.14361,0.2816,6.0666
4.0707,2.2337,3.1486,-0.37019,-0.86293,6.0774
4.0707,2.2337,3.1485,-0.74447,-1.7146,6.088
4.0708,2.2336,3.1484,-0.88726,-1.9535,6.0842
4.0708,2.2336,3.1483,-0.71339,-1.4594,6.093
4.0709,2.2336,3.1483,-0.25751,-0.36925,6.1063
4.0709,2.2336,3.1483,0.44092,0.96499,6.1035
4.071,2.2336,3.1484,0.95105,2.0852,6.115
4.0711,2.2337,3.1486,1.1614,2.666,6.1335
4.0711,2.2338,3.1487,1.0762,2.6185,6.1325
4.0712,2.2338,3.1488,0.68779,2.0996,6.1472
4.0712,2.2338,3.1489,0.31692,1.4572,6.1685
4.0713,2.2338,3.149,0.13145,1.036,6.1765
4.0713,2.2338,3.149,0.16322,1.0239,6.1869
4.0714,2.2339,3.1491,0.39478,1.384,6.2046
4.0714,2.2339,3.1492,0.73426,1.8749,6.2148
4.0715,2.2339,3.1493,0.9092,2.179,6.2197
4.0715,2.234,3.1494,0.91838,2.0724,6.2408
4.0716,2.234,3.1495,0.59289,1.4971,6.2548
4.0716,2.234,3.1495,0.191,0.61545,6.2658
4.0717,2.234,3.1495,-0.2235,-0.31359,6.2842
4.0717,2.234,3.1495,-0.52248,-1.0446,6.3068
4.0718,2.234,3.1494,-0.61436,-1.4476,6.3072
4.0718,2.2339,3.1493,-0.50776,-1.553,6.318
4.0719,2.2339,3.1492,-0.41292,-1.4937,6.331
4.0719,2.2339,3.1491,-0.31206,-1.3592,6.3269
4.072,2.2339,3.1491,-0.3407,-1.2007,6.3271
4.0721,2.2339,3.149,-0.42902,-0.99442,6.3462
4.0721,2.2338,3.149,-0.40449,-0.6548,6.3512
4.0722,2.2338,3.149,-0.17396,-0.14716,6.3428
4.0722,2.2338,3.149,0.21999,0.4218,6.3516
4.0723,2.2339,3.1491,0.48281,0.86365,6.3561
4.0723,2.2339,3.1491,0.61243,1.0555,6.335
4.0724,2.2339,3.1492,0.60128,0.9863,6.3403
4.0724,2.2339,3.1492,0.35358,0.68981,6.3311
4.0725,2.2339,3.1492,-0.051083,0.27536,6.3164
4.0725,2.2339,3.1492,-0.23365,-0.055584,6.3096
4.0726,2.2339,3.1492,-0.25227,-0.19588,6.3173
4.0726,2.2339,3.1492,-0.16363,-0.19398,6.2963
4.0727,2.2339,3.1492,-0.10555,-0.12842,6.2917
4.0727,2.2339,3.1492,-0.0082105,-0.02706,6.2949
4.0728,2.2339,3.1492,0.061601,0.056835,6.2793
4.0728,2.2339,3.1492,0.040452,0.062404,6.26
4.0729,2.2339,3.1492,0,-0.012683,6.26
4.0729,2.2339,3.1492,-0.026955,-0.12,6.2472
4.073,2.2339,3.1492,-0.045892,-0.21055,6.2273
4.0731,2.2339,3.1492,-0.060652,-0.23819,6.2324
4.0731,2.2339,3.1492,-0.047389,-0.10684,6.2315
4.0732,2.2339,3.1492,0.017932,0.30286,6.2169
4.0732,2.2339,3.1492,0.26455,1.0598,6.224
4.0733,2.2339,3.1493,0.59753,2.1253,6.2272
4.0733,2.234,3.1495,1.1147,3.3676,6.215
4.0734,2.2341,3.1498,1.5119,4.5245,6.2193
4.0734,2.2342,3.15,1.8963,5.3008,6.2221
4.0735,2.2343,3.1503,2.0379,5.3964,6.2074
4.0735,2.2344,3.1506,1.7906,4.6382,6.1987
4.0736,2.2344,3.1507,1.1352,3.084,6.2087
4.0736,2.2345,3.1508,0.43615,1.0368,6.2055
4.0737,2.2344,3.1507,-0.45116,-1.0996,6.1973
4.0737,2.2344,3.1506,-1.1497,-2.8323,6.2048
4.0738,2.2343,3.1504,-1.5717,-3.766,6.2088
4.0738,2.2342,3.1502,-1.4718,-3.726,6.1961
4.0739,2.2342,3.15,-1.0476,-2.8694,6.2071
4.0739,2.2341,3.1499,-0.51877,-1.5827,6.2042
4.074,2.2341,3.1499,-0.00055983,-0.34149,6.1987
4.0741,2.2342,3.1499,0.48141,0.41975,6.2016
4.0741,2.2342,3.15,0.41406,0.41477,6.2107
4.0742,2.2342,3.15,-0.039697,-0.29186,6.2058
4.0742,2.2342,3.1499,-0.52689,-1.3697,6.2142
4.0743,2.2341,3.1498,-0.96188,-2.4043,6.2332
4.0743,2.234,3.1496,-1.2601,-3.0417,6.2353
4.0744,2.234,3.1494,-1.2514,-3.0793,6.2369
4.0744,2.2339,3.1493,-0.90644,-2.5411,6.256
4.0745,2.2339,3.1492,-0.45323,-1.6709,6.2539
4.0745,2.2339,3.1492,-0.13127,-0.78877,6.2521
4.0746,2.2339,3.1492,0.03735,-0.13124,6.2661
4.0746,2.2339,3.1492,0.14373,0.19156,6.2758
4.0747,2.2339,3.1492,0.081853,0.17178,6.272
4.0747,2.2339,3.1492,-0.056929,-0.083331,6.292
4.0748,2.2339,3.1492,-0.18126,-0.42297,6.3045
4.0748,2.2339,3.1491,-0.23266,-0.70263,6.3075
4.0749,2.2339,3.1491,-0.32574,-0.83034,6.3139
4.0749,2.2339,3.149,-0.25846,-0.72075,6.3286
4.075,2.2338,3.149,-0.15747,-0.34162,6.3257
4.0751,2.2338,3.149,0.03596,0.31089,6.3159
4.0751,2.2339,3.1491,0.30331,1.1621,6.3342
4.0752,2.2339,3.1492,0.69893,2.0607,6.3265
4.0752,2.2339,3.1494,0.96,2.7838,6.3188
4.0753,2.234,3.1495,1.1764,3.0876,6.3368
4.0753,2.2341,3.1497,1.1173,2.7837,6.3393
4.0754,2.2341,3.1498,0.86827,1.8752,6.3342
4.0754,2.2341,3.1498,0.27587,0.57294,6.3418
4.0755,2.2341,3.1498,-0.30367,-0.70206,6.348
4.0755,2.2341,3.1497,-0.73319,-1.46,6.3367
4.0756,2.234,3.1496,-0.67927,-1.3488,6.3347
4.0756,2.234,3.1496,-0.37692,-0.31467,6.3464
4.0757,2.234,3.1497,0.42183,1.32,6.3394
4.0757,2.2341,3.1498,1.2347,2.9707,6.3468
4.0758,2.2342,3.15,1.7506,4.0529,6.3576
4.0758,2.2343,3.1502,1.649,4.2146,6.3592
4.0759,2.2344,3.1504,1.2604,3.4838,6.3632
4.0759,2.2344,3.1505,0.57521,2.2328,6.3691
4.076,2.2344,3.1506,0.016325,0.93561,6.3664
4.0761,2.2344,3.1506,-0.37351,-0.062202,6.3569
4.0761,2.2343,3.1506,-0.28493,-0.6827,6.362
4.0762,2.2343,3.1505,-0.17236,-1.1329,6.362
4.0762,2.2343,3.1504,-0.24558,-1.6806,6.3458
4.0763,2.2343,3.1503,-0.68645,-2.4605,6.3471
4.0763,2.2342,3.1501,-1.107,-3.3525,6.3512
4.0764,2.2341,3.1499,-1.5794,-4.0812,6.3362
4.0764,2.2341,3.1497,-1.7534,-4.3441,6.3289
4.0765,2.234,3.1495,-1.5712,-3.9849,6.3322
4.0765,2.2339,3.1493,-1.0241,-3.0763,6.3139
4.0766,2.2339,3.1492,-0.48999,-1.8965,6.3028
4.0766,2.2339,3.1491,-0.089254,-0.79056,6.3051
4.0767,2.2339,3.1491,0.060836,-0.0042435,6.2898
4.0767,2.2339,3.1492,0.16494,0.38884,6.2747
4.0768,2.2339,3.1492,0.11697,0.40574,6.2746
4.0768,2.2339,3.1492,0.042729,0.14371,6.2698
4.0769,2.2339,3.1492,-0.037199,-0.24548,6.2524
4.0769,2.2339,3.1492,-0.096544,-0.63492,6.2561
4.077,2.2339,3.1491,-0.24419,-0.90902,6.2437
4.0771,2.2339,3.149,-0.38342,-1.033,6.2235
4.0771,2.2338,3.149,-0.45304,-0.95881,6.2175
4.0772,2.2338,3.149,-0.3021,-0.67002,6.2164
4.0772,2.2338,3.149,-0.14311,-0.24186,6.2031
4.0773,2.2338,3.149,0.070266,0.21954,6.2035
4.0773,2.2338,3.149,0.24145,0.69435,6.2188
4.0774,2.2339,3.1491,0.41239,1.1575,6.2197
4.0774,2.2339,3.1491,0.49437,1.5935,6.2158
4.0775,2.2339,3.1492,0.6287,1.9683,6.23
4.0775,2.234,3.1494,0.74271,2.2531,6.2294
4.0776,2.234,3.1495,0.93469,2.4245,6.2256
4.0776,2.2341,3.1496,0.91988,2.4485,6.2282
4.0777,2.2341,3.1497,0.85183,2.3771,6.2307
4.0777,2.2341,3.1499,0.6999,2.3452,6.226
4.0778,2.2342,3.15,0.68802,2.4677,6.2356
4.0778,2.2342,3.1501,0.80917,2.7751,6.2539
4.0779,2.2343,3.1503,1.0872,3.1934,6.2505
4.0779,2.2343,3.1505,1.2738,3.551,6.2492
4.078,2.2344,3.1507,1.4049,3.6854,6.2646
4.0781,2.2345,3.1509,1.2768,3.4691,6.2629
4.0781,2.2345,3.151,0.96497,2.8864,6.2631
4.0782,2.2346,3.1511,0.57611,1.9897,6.2788
4.0782,2.2346,3.1512,0.22533,0.85396,6.2786
4.0783,2.2346,3.1512,-0.098608,-0.47443,6.2818
4.0783,2.2345,3.1511,-0.50849,-1.9576,6.2886
4.0784,2.2345,3.1509,-1.0758,-3.4977,6.3026
4.0784,2.2344,3.1506,-1.668,-4.8906,6.2933
4.0785,2.2343,3.1503,-2.1238,-5.8554,6.3086
4.0785,2.2342,3.15,-2.3182,-6.1594,6.3189
4.0786,2.2341,3.1497,-2.1444,-5.7139,6.3071
4.0786,2.234,3.1494,-1.6619,-4.6354,6.3136
4.0787,2.2339,3.1493,-0.98344,-3.2171,6.3215
4.0787,2.2339,3.1492,-0.40918,-1.855,6.3262
4.0788,2.2339,3.1491,-0.043399,-0.86506,6.3252
4.0788,2.2339,3.1491,0.10127,-0.36747,6.3445
4.0789,2.2339,3.1491,0.12674,-0.21987,6.3374
4.0789,2.2339,3.1491,0.072846,-0.26085,6.335
4.079,2.2339,3.1491,0.0067429,-0.31547,6.3436
4.0791,2.2339,3.149,-0.020216,-0.249,6.3387
4.0791,2.2339,3.149,0,-0.036668,6.3309
4.0792,2.2339,3.1491,0,0.18014,6.3351
4.0792,2.2339,3.1491,0.020216,0.30117,6.3388
4.0793,2.2339,3.1491,-0.026955,0.31021,6.3329
4.0793,2.2339,3.1491,-0.066104,0.32978,6.3347
4.0794,2.2339,3.1491,-0.05391,0.39933,6.342
4.0794,2.2339,3.1492,0.025442,0.58425,6.3389
4.0795,2.2339,3.1492,0.14463,0.92765,6.3338
4.0795,2.2339,3.1493,0.36582,1.3421,6.338
4.0796,2.234,3.1494,0.5744,1.5893,6.3262
4.0796,2.234,3.1494,0.67869,1.5331,6.3184
4.0797,2.234,3.1495,0.48285,1.1052,6.3239
4.0797,2.234,3.1495,0.17402,0.40482,6.3232
4.0798,2.234,3.1495,-0.17402,-0.40877,6.3096
4.0798,2.234,3.1494,-0.48285,-1.1037,6.3262
4.0799,2.234,3.1494,-0.67869,-1.4772,6.3256
4.0799,2.2339,3.1493,-0.5744,-1.4594,6.3189
4.08,2.2339,3.1492,-0.36582,-1.152,6.3212
4.0801,2.2339,3.1492,-0.14463,-0.69844,6.329
4.0801,2.2339,3.1492,-0.025442,-0.27647,6.3244
4.0802,2.2339,3.1492,0.05391,0.015608,6.3243
4.0802,2.2339,3.1492,0.066104,0.1438,6.329
4.0803,2.2339,3.1492,0.026955,0.141,6.3152
4.0803,2.2339,3.1492,-0.020216,0.079025,6.3124
4.0804,2.2339,3.1492,0,0.02452,6.3235
4.0804,2.2339,3.1492,0,-0.0065759,6.3236
4.0805,2.2339,3.1492,0,-0.014503,6.3225
4.0805,2.2339,3.1492,0,-0.010027,6.3249
4.0806,2.2339,3.1492,0,-0.0016709,6.3177
4.0806,2.2339,3.1492,0,0.0023498,6.311
4.0807,2.2339,3.1492,0,0.0013159,6.3143
4.0807,2.2339,3.1492,0,-0.00049345,6.3028
4.0808,2.2339,3.1492,0,0,6.2918
4.0808,2.2339,3.1492,0,0,6.2923
4.0809,2.2339,3.1492,0,0,6.2992
4.0809,2.2339,3.1492,0,0,6.2923
4.081,2.2339,3.1492,0,0,6.2816
4.0811,2.2339,3.1492,0,0.00049345,6.2888
4.0811,2.2339,3.1492,0,-0.00082251,6.2774
4.0812,2.2339,3.1492,0,-0.0036654,6.2768
4.0812,2.2339,3.1492,0,-0.00067838,6.2815
4.0813,2.2339,3.1492,0,0.012191,6.2722
4.0813,2.2339,3.1492,0,0.023213,6.264
4.0814,2.2339,3.1492,0,0.018727,6.2738
4.0814,2.2339,3.1492,0,-0.016277,6.2754
4.0815,2.2339,3.1492,0.020216,-0.093519,6.2713
4.0815,2.2339,3.1492,-0.0067429,-0.20501,6.2801
4.0816,2.2339,3.1492,-0.093054,-0.27949,6.2812
4.0816,2.2339,3.1492,-0.12,-0.1862,6.2755
4.0817,2.2339,3.1492,-0.0082489,0.18358,6.2791
4.0817,2.2339,3.1492,0.14313,0.84392,6.2894
4.0818,2.2339,3.1493,0.44433,1.7208,6.2846
4.0818,2.234,3.1494,0.88623,2.607,6.2781
4.0819,2.234,3.1496,1.2784,3.1859,6.2912
4.0819,2.2341,3.1498,1.3262,3.1748,6.2941
4.082,2.2342,3.1499,0.99557,2.4962,6.29
4.0821,2.2342,3.15,0.50819,1.3203,6.2977
4.0821,2.2342,3.15,-0.032101,-0.031691,6.2958
4.0822,2.2342,3.1499,-0.65311,-1.1931,6.2906
4.0822,2.2341,3.1498,-0.93424,-1.8355,6.2917
4.0823,2.2341,3.1497,-0.74823,-1.8636,6.2953
4.0823,2.234,3.1496,-0.41878,-1.4765,6.2861
4.0824,2.234,3.1496,-0.17001,-0.96746,6.2903
4.0824,2.234,3.1496,-0.063069,-0.62099,6.2979
4.0825,2.234,3.1495,-0.071815,-0.57734,6.2938
4.0825,2.234,3.1495,-0.22562,-0.821,6.2988
4.0826,2.234,3.1494,-0.50156,-1.1853,6.3037
4.0826,2.234,3.1493,-0.64499,-1.4538,6.2957
4.0827,2.2339,3.1493,-0.5083,-1.4572,6.2954
4.0827,2.2339,3.1492,-0.33886,-1.2001,6.3029
4.0828,2.2339,3.1492,-0.17375,-0.73637,6.294
4.0828,2.2339,3.1491,-0.013576,-0.24742,6.2855
4.0829,2.2339,3.1492,0.083012,0.11887,6.3031
4.0829,2.2339,3.1492,0.089838,0.26672,6.2996
4.083,2.2339,3.1492,0.015755,0.18975,6.2959
4.0831,2.2339,3.1492,-0.083888,-0.078088,6.3089
4.0831,2.2339,3.1492,-0.16105,-0.38453,6.3146
4.0832,2.2339,3.1491,-0.25287,-0.61633,6.3053
4.0832,2.2339,3.1491,-0.29878,-0.66485,6.3126
4.0833,2.2339,3.1491,-0.21257,-0.51475,6.31
4.0833,2.2338,3.149,-0.076608,-0.19517,6.2956
4.0834,2.2339,3.1491,0.063114,0.21002,6.2916
4.0834,2.2339,3.1491,0.23056,0.59106,6.3067
4.0835,2.2339,3.1491,0.32942,0.80656,6.3003
4.0835,2.2339,3.1492,0.29336,0.80981,6.2969
4.0836,2.2339,3.1492,0.20616,0.58695,6.3152
4.0836,2.2339,3.1492,0.047194,-0.11779,6.3106
4.0837,2.2339,3.1491,-0.21399,-1.0162,6.3024
4.0837,2.2339,3.1491,-0.52062,-1.8185,6.3072
4.0838,2.2338,3.1489,-0.82271,-2.2892,6.318
4.0838,2.2338,3.1488,-0.96155,-2.2643,6.3055
4.0839,2.2337,3.1487,-0.94344,-1.4148,6.3104
4.0839,2.2337,3.1487,-0.63876,-0.0081772,6.3175
4.084,2.2337,3.1488,-0.14308,1.4974,6.3128
4.0841,2.2337,3.1489,0.38678,2.2763,6.3121
4.0841,2.2337,3.1491,0.76775,2.5861,6.3236
4.0842,2.2338,3.1492,1.0447,2.4327,6.3168
4.0842,2.2339,3.1493,1.0774,1.8885,6.3174
4.0843,2.2339,3.1494,1.0103,1.231,6.3289
4.0843,2.234,3.1494,0.87913,1.079,6.3211
4.0844,2.234,3.1495,0.74812,0.98146,6.3208
4.0844,2.234,3.1495,0.44588,0.73692,6.3307
4.0845,2.234,3.1495,0.10741,0.15029,6.3362
4.0845,2.234,3.1495,-0.23613,-0.45869,6.3296
4.0846,2.234,3.1494,-0.48736,-1.0337,6.3431
4.0846,2.234,3.1494,-0.6652,-1.4522,6.3527
4.0847,2.2339,3.1493,-0.5744,-1.528,6.3474
4.0847,2.2339,3.1492,-0.36582,-1.1368,6.3473
4.0848,2.2339,3.1492,-0.14463,-0.68364,6.351
4.0848,2.2339,3.1492,-0.025442,-0.26955,6.3391
4.0849,2.2339,3.1492,0.05391,0.015484,6.3346
4.0849,2.2339,3.1492,0.066104,0.14135,6.3413
4.085,2.2339,3.1492,0.026955,0.14045,6.3417
4.0851,2.2339,3.1492,-0.020216,0.079354,6.3359
4.0851,2.2339,3.1492,0,0.02452,6.3393
4.0852,2.2339,3.1492,0,-0.0065759,6.3425
4.0852,2.2339,3.1492,0,-0.014503,6.3354
4.0853,2.2339,3.1492,0,-0.010027,6.3438
4.0853,2.2339,3.1492,0,-0.0016709,6.3399
4.0854,2.2339,3.1492,0,0.0023498,6.3283
4.0854,2.2339,3.1492,0,0.0013159,6.3391
4.0855,2.2339,3.1492,0,-0.00049345,6.338
4.0855,2.2339,3.1492,0,0,6.3297
4.0856,2.2339,3.1492,0,0,6.3358
4.0856,2.2339,3.1492,0,0,6.3503
4.0857,2.2339,3.1492,0,0,6.3451
4.0857,2.2339,3.1492,0,0,6.3393
4.0858,2.2339,3.1492,0,0,6.3484
4.0858,2.2339,3.1492,0,0,6.3436
4.0859,2.2339,3.1492,0,0,6.3308
4.0859,2.2339,3.1492,0,0,6.337
4.086,2.2339,3.1492,0,0,6.3391
4.0861,2.2339,3.1492,0,0,6.328
4.0861,2.2339,3.1492,0,0,6.3346
4.0862,2.2339,3.1492,0,0,6.3381
4.0862,2.2339,3.1492,0,0,6.3209
4.0863,2.2339,3.1492,0,0,6.3198
4.0863,2.2339,3.1492,0,0,6.3165
4.0864,2.2339,3.1492,0,0,6.2972
4.0864,2.2339,3.1492,0,0,6.2848
4.0865,2.2339,3.1492,0,-0.00021723,6.2921
4.0865,2.2339,3.1492,0,3.2583e-05,6.2804
4.0866,2.2339,3.1492,0,0.0022749,6.2769
4.0866,2.2339,3.1492,0,0.0024475,6.2837
4.0867,2.2339,3.1492,0,-0.0054477,6.2775
4.0867,2.2339,3.1492,0,-0.018196,6.2658
4.0868,2.2339,3.1492,0,-0.021217,6.2737
4.0868,2.2339,3.1492,0,-0.00046816,6.2732
4.0869,2.2339,3.1492,-0.0089,0.0549,6.2647
4.0869,2.2339,3.1492,-0.010532,0.14393,6.2752
4.087,2.2339,3.1492,0.050059,0.22971,6.281
4.0871,2.2339,3.1492,0.10885,0.21653,6.2749
4.0871,2.2339,3.1492,0.068743,0.0015744,6.2816
4.0872,2.2339,3.1492,-0.078617,-0.46117,6.292
4.0872,2.2339,3.1491,-0.28699,-1.1362,6.2843
4.0873,2.2339,3.149,-0.62043,-1.9208,6.2878
4.0873,2.2338,3.1489,-0.99927,-2.638,6.2945
4.0874,2.2337,3.1487,-1.225,-3.103,6.2928
4.0874,2.2337,3.1486,-1.1645,-3.2243,6.285
4.0875,2.2336,3.1484,-1.0162,-3.0645,6.3017
4.0875,2.2336,3.1483,-0.8661,-2.6835,6.3055
4.0876,2.2335,3.1481,-0.71469,-2.4621,6.2952
4.0876,2.2335,3.148,-0.55134,-2.1466,6.308
4.0877,2.2335,3.1479,-0.53502,-1.848,6.3169
4.0877,2.2335,3.1479,-0.487,-1.1498,6.3093
4.0878,2.2335,3.1479,-0.24912,0.12412,6.3138
4.0878,2.2335,3.148,0.25484,2.2213,6.3123
4.0879,2.2335,3.1482,0.76358,4.5116,6.2991
4.0879,2.2336,3.1486,1.2181,6.64,6.3002
4.088,2.2336,3.149,1.5107,7.3672,6.3129
4.0881,2.2337,3.1493,1.5728,6.8592,6.3025
4.0881,2.2338,3.1496,1.2881,4.3969,6.3038
4.0882,2.2338,3.1496,0.77711,1.1693,6.3143
4.0882,2.2338,3.1495,0.18471,-2.001,6.3076
4.0883,2.2338,3.1493,-0.27896,-3.9918,6.3006
4.0883,2.2338,3.149,-0.76927,-5.0963,6.3146
4.0884,2.2337,3.1488,-1.2075,-4.6548,6.3175
4.0884,2.2337,3.1486,-1.5058,-3.8544,6.3118
4.0885,2.2336,3.1484,-1.6669,-2.9678,6.3218
4.0885,2.2335,3.1483,-1.668,-2.983,6.3281
4.0886,2.2334,3.1481,-1.4395,-3.0579,6.3218
4.0886,2.2333,3.148,-0.9935,-3.0126,6.327
4.0887,2.2333,3.1478,-0.3521,-2.5316,6.3398
4.0887,2.2333,3.1477,0.21891,-1.8439,6.3417
4.0888,2.2334,3.1477,0.60913,-0.37232,6.3362
4.0888,2.2334,3.1477,0.79332,0.78001,6.3409
4.0889,2.2335,3.1478,0.68189,1.307,6.3352
4.0889,2.2335,3.1479,0.38871,0.92958,6.3284
4.089,2.2335,3.1479,-0.017051,0.043376,6.3303
4.0891,2.2334,3.1478,-0.53597,-1.167,6.3239
4.0891,2.2334,3.1477,-0.92057,-2.3561,6.3146
4.0892,2.2333,3.1475,-1.1185,-3.1772,6.3279
4.0892,2.2333,3.1473,-1.2099,-3.294,6.333
4.0893,2.2332,3.1472,-1.1031,-2.9761,6.3207
4.0893,2.2332,3.1471,-0.80712,-2.2723,6.328
4.0894,2.2331,3.147,-0.41262,-1.3919,6.3262
4.0894,2.2331,3.147,-0.089135,-0.57861,6.3116
4.0895,2.2331,3.147,0.070079,-0.010117,6.3092
4.0895,2.2332,3.147,0.17428,0.25729,6.3172
4.0896,2.2332,3.147,0.16649,0.25275,6.305
4.0896,2.2332,3.147,-0.011763,0.16157,6.3087
4.0897,2.2332,3.147,-0.14381,-0.096956,6.3203
4.0897,2.2332,3.147,-0.085346,-0.14836,6.3207
4.0898,2.2332,3.147,0.070028,0.20748,6.3081
4.0898,2.2332,3.147,0.22222,0.70679,6.3276
4.0899,2.2332,3.1471,0.3762,1.16,6.3255
4.0899,2.2332,3.1472,0.49007,1.8013,6.32
4.09,2.2332,3.1473,0.41979,2.4086,6.3282
4.0901,2.2332,3.1475,0.17388,2.8027,6.3333
4.0901,2.2332,3.1476,-0.031634,3.0468,6.3288
4.0902,2.2332,3.1478,-0.089534,3.7875,6.3356
4.0902,2.2332,3.1481,-0.10186,4.8758,6.3426
4.0903,2.2332,3.1483,-0.12763,5.1247,6.3418
4.0903,2.2332,3.1486,-0.06666,4.5541,6.3425
4.0904,2.2332,3.1487,-0.014905,3.1658,6.351
4.0904,2.2332,3.1488,-0.08768,0.53344,6.3402
4.0905,2.2332,3.1486,-0.17094,-2.8547,6.3413
4.0905,2.2332,3.1484,-0.15438,-5.0311,6.3471
4.0906,2.2332,3.1481,-0.10284,-5.4145,6.3433
4.0906,2.2332,3.1479,-0.087247,-3.7049,6.3326
4.0907,2.2332,3.1478,-0.088089,-0.92883,6.3482
4.0907,2.2332,3.148,-0.076069,2.4373,6.3588
4.0908,2.2332,3.1482,-0.11549,4.5603,6.3484
4.0908,2.2332,3.1484,-0.20475,4.6173,6.3566
4.0909,2.2332,3.1486,-0.22647,2.6583,6.3675
4.0909,2.2331,3.1486,-0.2281,0.13287,6.358
4.091,2.2331,3.1485,-0.2621,-2.476,6.3564
4.0911,2.2331,3.1483,-0.24774,-3.3673,6.3693
4.0911,2.2331,3.1482,-0.13892,-2.4508,6.3679
4.0912,2.2331,3.1482,-0.009544,-0.067323,6.3685
4.0912,2.2331,3.1483,0.11343,2.3072,6.3872
4.0913,2.2331,3.1485,0.21892,4.2492,6.3885
4.0913,2.2331,3.1487,0.27369,4.4705,6.3865
4.0914,2.2331,3.1489,0.20825,3.2976,6.4004
4.0914,2.2332,3.149,0.065169,0.85235,6.4122
4.0915,2.2332,3.1489,0.00023805,-1.2602,6.4055
4.0915,2.2332,3.1487,0.0054261,-3.0722,6.4112
4.0916,2.2332,3.1485,0.048482,-3.7645,6.4276
4.0916,2.2332,3.1483,0.12087,-3.8818,6.4207
4.0917,2.2332,3.1482,0.1951,-2.8444,6.4279
4.0917,2.2332,3.1481,0.18912,-1.8252,6.4434
4.0918,2.2332,3.1481,0.12861,-0.29122,6.4417
4.0918,2.2332,3.1481,0.048185,0.86766,6.441
4.0919,2.2332,3.1482,0.0084763,2.4059,6.4452
4.0919,2.2332,3.1484,-0.017961,3.2266,6.4402
4.092,2.2332,3.1486,-0.022023,3.8571,6.4367
4.0921,2.2332,3.1488,-0.0089803,3.4895,6.438
4.0921,2.2332,3.149,0.0067352,3.2052,6.4294
4.0922,2.2332,3.1491,0,2.2003,6.4229
4.0922,2.2332,3.1491,0,1.2546,6.4291
4.0923,2.2332,3.1491,0,0.12506,6.4248
4.0923,2.2332,3.1491,0,-0.57778,6.4199
4.0924,2.2332,3.149,0,-1.3158,6.4225
4.0924,2.2332,3.149,0,-1.7389,6.4214
4.0925,2.2332,3.1488,0,-2.1083,6.4021
4.0925,2.2332,3.1488,0,-1.4447,6.3995
4.0926,2.2332,3.1487,0,-0.79021,6.4061
4.0926,2.2332,3.1487,0,-0.42752,6.3954
4.0927,2.2332,3.1487,0,-0.44503,6.3863
4.0927,2.2332,3.1487,0,-0.46602,6.4043
4.0928,2.2332,3.1486,0,-0.66252,6.4026
4.0928,2.2332,3.1486,0,-0.78571,6.3948
4.0929,2.2332,3.1485,-0.020212,-0.6382,6.4048
4.0929,2.2332,3.1486,0.026949,0.12263,6.3952
4.093,2.2332,3.1486,0.045874,0.36365,6.3916
4.0931,2.2332,3.1485,0.080853,-0.80017,6.3961
4.0931,2.2332,3.1484,0.040666,-2.7936,6.3954
4.0932,2.2332,3.1481,-0.090687,-4.6839,6.3753
4.0932,2.2332,3.1478,-0.39119,-6.0614,6.3806
4.0933,2.2331,3.1475,-0.71892,-6.0944,6.3945
4.0933,2.2331,3.1473,-1.0646,-4.2744,6.3863
4.0934,2.233,3.1472,-1.0302,-1.0178,6.3809
4.0934,2.233,3.1474,-0.78652,2.6406,6.3924
4.0935,2.233,3.1476,-0.25491,5.2795,6.3778
4.0935,2.233,3.148,0.28337,6.5741,6.3743
4.0936,2.233,3.1483,0.70801,6.3756,6.3783
4.0936,2.2331,3.1486,0.69138,5.1072,6.3774
4.0937,2.2331,3.1487,0.47009,3.0778,6.3667
4.0937,2.2331,3.1488,0.040379,1.3169,6.386
4.0938,2.2331,3.1488,-0.091562,0.20278,6.395
4.0938,2.2331,3.1488,-0.083292,-0.027018,6.3864
4.0939,2.2331,3.1488,0.13331,0.27387,6.3935
4.0939,2.2331,3.1489,0.38168,0.82555,6.3994
4.094,2.2331,3.149,0.65288,1.3077,6.3972
4.0941,2.2332,3.149,0.6224,1.5453,6.4017
4.0941,2.2332,3.1491,0.46189,1.1587,6.4087
4.0942,2.2332,3.1491,0.13039,0.47462,6.406
4.0942,2.2332,3.1491,-0.11864,-0.35366,6.4035
4.0943,2.2332,3.149,-0.44583,-1.1489,6.4181
4.0943,2.2331,3.1489,-0.7444,-1.7079,6.417
4.0944,2.2331,3.1488,-0.90553,-1.9096,6.4131
4.0944,2.233,3.1488,-0.73708,-1.6661,6.4244
4.0945,2.233,3.1487,-0.45692,-1.1157,6.4228
4.0945,2.233,3.1487,-0.075468,-0.33818,6.4173
4.0946,2.233,3.1487,0.31463,0.48979,6.4237
4.0946,2.2331,3.1488,0.67875,1.2278,6.4258
4.0947,2.2331,3.1489,0.74267,1.7016,6.4216
4.0947,2.2331,3.149,0.59509,1.9274,6.4368
4.0948,2.2332,3.1491,0.43422,1.8811,6.4471
4.0948,2.2332,3.1491,0.39284,1.5536,6.441
4.0949,2.2332,3.1492,0.25703,0.90214,6.447
4.0949,2.2332,3.1492,0.078154,0.025144,6.4714
4.095,2.2332,3.1491,-0.16192,-0.97222,6.4552
4.0951,2.2332,3.149,-0.46014,-1.9379,6.4572
4.0951,2.2331,3.1489,-0.86949,-2.6949,6.4674
4.0952,2.2331,3.1487,-1.239,-3.0193,6.4649
4.0952,2.233,3.1486,-1.2966,-2.8922,6.4532
4.0953,2.2329,3.1485,-0.98043,-2.4714,6.4656
4.0953,2.2329,3.1484,-0.69868,-1.9631,6.4681
4.0954,2.2329,3.1483,-0.47622,-1.4909,6.4599
4.0954,2.2329,3.1482,-0.31149,-1.1241,6.4669
4.0955,2.2328,3.1482,-0.24267,-0.86406,6.4744
4.0955,2.2328,3.1481,-0.29635,-0.68553,6.4622
4.0956,2.2328,3.1481,-0.34992,-0.55174,6.4658
4.0956,2.2328,3.1481,-0.24124,-0.57467,6.4641
4.0957,2.2328,3.148,-0.043975,-0.94759,6.4556
4.0957,2.2328,3.1479,-0.26656,-1.7566,6.4557
4.0958,2.2327,3.1478,-0.79417,-2.8486,6.4601
4.0958,2.2327,3.1476,-1.3144,-3.9428,6.4564
4.0959,2.2326,3.1473,-1.7755,-4.7049,6.4544
4.0959,2.2325,3.1471,-2.0567,-4.9115,6.4659
4.096,2.2324,3.1468,-1.9112,-4.4303,6.4617
4.0961,2.2323,3.1467,-1.3876,-3.4115,6.4532
4.0961,2.2323,3.1465,-0.71756,-2.2224,6.4505
4.0962,2.2322,3.1465,-0.26013,-1.1693,6.4456
4.0962,2.2322,3.1465,0.00030535,-0.43061,6.4358
4.0963,2.2323,3.1465,0.16123,-0.089095,6.4342
4.0963,2.2323,3.1464,0.11316,-0.06406,6.4401
4.0964,2.2323,3.1464,-0.066081,-0.1737,6.4379
4.0964,2.2323,3.1464,-0.11946,-0.13463,6.4366
4.0965,2.2323,3.1464,-0.049317,0.20441,6.4403
4.0965,2.2323,3.1465,0.14989,0.84562,6.4324
4.0966,2.2323,3.1466,0.47498,1.743,6.4281
4.0966,2.2323,3.1467,0.93166,2.6567,6.4314
4.0967,2.2324,3.1469,1.2819,3.2268,6.4319
4.0967,2.2325,3.1471,1.3058,3.2458,6.4289
4.0968,2.2325,3.1472,0.95105,2.6008,6.4363
4.0968,2.2325,3.1473,0.49291,1.4061,6.4358
4.0969,2.2325,3.1473,-0.13301,-0.049388,6.4248
4.0969,2.2325,3.1472,-0.69675,-1.3808,6.4309
4.097,2.2324,3.1471,-0.9904,-2.212,6.4489
4.0971,2.2324,3.147,-0.87867,-2.2908,6.4351
4.0971,2.2324,3.1469,-0.63064,-1.5903,6.4304
4.0972,2.2324,3.1469,-0.15088,-0.18776,6.4318
4.0972,2.2324,3.147,0.47424,1.6168,6.428
4.0973,2.2325,3.1471,1.2318,3.4478,6.4195
4.0973,2.2325,3.1474,1.793,4.9121,6.4278
4.0974,2.2327,3.1477,2.0783,5.6729,6.419
4.0974,2.2328,3.148,2.042,5.544,6.4145
4.0975,2.2329,3.1482,1.6814,4.5505,6.424
4.0975,2.2329,3.1484,0.97464,2.8495,6.4231
4.0976,2.2329,3.1484,0.18032,0.7542,6.4084
4.0976,2.2329,3.1483,-0.55406,-1.3813,6.4081
4.0977,2.2328,3.1482,-1.1771,-3.2542,6.4136
4.0977,2.2327,3.1479,-1.602,-4.6489,6.3976
4.0978,2.2326,3.1476,-1.9092,-5.4451,6.4026
4.0978,2.2325,3.1473,-1.9782,-5.6004,6.4066
4.0979,2.2324,3.1471,-1.8166,-5.1735,6.4063
4.0979,2.2324,3.1468,-1.467,-4.3079,6.4132
4.098,2.2323,3.1467,-1.0884,-3.1983,6.4249
4.0981,2.2323,3.1466,-0.61809,-2.0452,6.4172
4.0981,2.2323,3.1465,-0.2647,-1.0472,6.4244
4.0982,2.2323,3.1465,-0.017943,-0.32673,6.4266
4.0982,2.2323,3.1465,0.047416,0.079043,6.4276
4.0983,2.2323,3.1465,0.060687,0.23008,6.4208
4.0983,2.2323,3.1465,0.045919,0.21863,6.4324
4.0984,2.2323,3.1465,0.026971,0.13651,6.441
4.0984,2.2323,3.1465,-0.020228,0.04865,6.4372
4.0985,2.2323,3.1465,0,-6.7109e-05,6.449
4.0985,2.2323,3.1465,0,-0.013685,6.4553
4.0986,2.2323,3.1465,0,-0.0068873,6.4441
4.0986,2.2323,3.1465,0,0.00036083,6.4453
4.0987,2.2323,3.1465,0,0.0034135,6.451
4.0987,2.2323,3.1465,0,-0.0072394,6.4345
4.0988,2.2323,3.1465,0.01347,-0.03715,6.4292
4.0988,2.2323,3.1465,-0.01796,-0.0815,6.4353
4.0989,2.2323,3.1465,-0.044044,-0.10256,6.429
4.0989,2.2323,3.1465,-0.022446,-0.063598,6.4187
4.099,2.2323,3.1465,0.012465,0.059509,6.4236
4.0991,2.2323,3.1465,0.03433,0.28034,6.4286
4.0991,2.2323,3.1466,0.17723,0.60717,6.4055
4.0992,2.2323,3.1466,0.35927,0.99252,6.4089
4.0992,2.2323,3.1467,0.51701,1.3722,6.4007
4.0993,2.2323,3.1468,0.57744,1.7066,6.3856
4.0993,2.2324,3.1469,0.66158,1.996,6.3822
4.0994,2.2324,3.147,0.75259,2.2341,6.3817
4.0994,2.2325,3.1471,0.77374,2.391,6.3695
4.0995,2.2325,3.1473,0.72571,2.4145,6.3672
4.0995,2.2325,3.1474,0.7929,2.225,6.3744
4.0996,2.2326,3.1475,0.71951,1.6936,6.3703
4.0996,2.2326,3.1475,0.40257,0.76184,6.3679
4.0997,2.2326,3.1475,-0.064529,-0.48264,6.3757
4.0997,2.2326,3.1474,-0.60887,-1.8145,6.3694
4.0998,2.2325,3.1472,-1.1147,-2.9259,6.3642
4.0998,2.2324,3.147,-1.4046,-3.5244,6.3709
4.0999,2.2324,3.1469,-1.365,-3.4493,6.3705
4.0999,2.2323,3.1467,-1.0035,-2.7416,6.3717
4.1,2.2323,3.1466,-0.49618,-1.6326,6.3826
4.1001,2.2323,3.1466,-0.00044117,-0.43219,6.3865
4.1001,2.2323,3.1466,0.3685,0.58138,6.3814
4.1002,2.2323,3.1467,0.4855,1.2498,6.3852
4.1002,2.2324,3.1468,0.50015,1.5792,6.3859
4.1003,2.2324,3.1469,0.52759,1.6659,6.3761
4.1003,2.2324,3.147,0.52977,1.6171,6.3753
4.1004,2.2324,3.147,0.47122,1.5286,6.384
4.1004,2.2325,3.1471,0.48473,1.4683,6.3746
4.1005,2.2325,3.1472,0.52541,1.4424,6.3699
4.1005,2.2325,3.1473,0.47924,1.4199,6.385
4.1006,2.2325,3.1473,0.40249,1.3843,6.3868
4.1006,2.2326,3.1474,0.4228,1.3215,6.3799
4.1007,2.2326,3.1475,0.45974,1.1706,6.3971
4.1007,2.2326,3.1475,0.35246,0.85742,6.3973
4.1008,2.2326,3.1475,0.16495,0.38028,6.3867
4.1008,2.2326,3.1475,-0.0044886,-0.1853,6.3917
4.1009,2.2326,3.1475,-0.20003,-0.71344,6.4019
4.1009,2.2326,3.1474,-0.45048,-1.0364,6.3969
4.101,2.2325,3.1474,-0.5363,-0.97981,6.3986
4.1011,2.2325,3.1474,-0.34759,-0.50408,6.4111
4.1011,2.2325,3.1474,0.025931,0.22033,6.409
4.1012,2.2325,3.1474,0.35973,0.8535,6.4141
4.1012,2.2326,3.1475,0.57304,1.0407,6.4264
4.1013,2.2326,3.1475,0.473,0.53716,6.4174
4.1013,2.2326,3.1475,0.0058175,-0.66828,6.4081
4.1014,2.2326,3.1473,-0.79846,-2.3296,6.424
4.1014,2.2325,3.1471,-1.5626,-4,6.4297
4.1015,2.2324,3.1469,-2.07,-5.2364,6.4214
4.1015,2.2323,3.1465,-2.1024,-5.7574,6.4343
4.1016,2.2322,3.1463,-1.8595,-5.5356,6.4398
4.1016,2.2321,3.146,-1.4889,-4.6991,6.4341
4.1017,2.232,3.1458,-1.0965,-3.4182,6.4392
4.1017,2.232,3.1457,-0.58307,-1.8278,6.4452
4.1018,2.232,3.1457,-0.082561,-0.038548,6.4395
4.1018,2.232,3.1458,0.4659,1.8683,6.433
4.1019,2.2321,3.146,1.1278,3.7595,6.4401
4.1019,2.2322,3.1463,1.8966,5.3786,6.4324
4.102,2.2323,3.1466,2.3792,6.4178,6.4258
4.1021,2.2324,3.147,2.3723,6.3061,6.4493
4.1021,2.2325,3.1473,2.001,5.2004,6.4532
4.1022,2.2326,3.1474,1.3478,3.3907,6.4429
4.1022,2.2326,3.1475,0.424,1.2888,6.4537
4.1023,2.2326,3.1475,-0.57262,-0.60596,6.4555
4.1023,2.2325,3.1474,-1.2594,-1.8554,6.4478
4.1024,2.2324,3.1473,-1.512,-2.2104,6.45
4.1024,2.2324,3.1471,-1.448,-2.0837,6.4583
4.1025,2.2323,3.147,-1.1686,-1.9422,6.4523
4.1025,2.2323,3.147,-0.71527,-1.7437,6.4591
4.1026,2.2323,3.1469,-0.341,-1.1232,6.4743
4.1026,2.2322,3.1469,-0.17701,-0.31355,6.4749
4.1027,2.2322,3.1469,-0.18637,0.56155,6.4695
4.1027,2.2322,3.147,-0.21555,1.3746,6.4808
4.1028,2.2322,3.1471,-0.16491,2.2759,6.4739
4.1028,2.2322,3.1472,-0.072438,2.3678,6.4637
4.1029,2.2322,3.1473,0.063454,1.7611,6.4655
4.1029,2.2322,3.1473,0.21345,0.63303,6.4586
4.103,2.2322,3.1473,0.30002,-0.13891,6.4397
4.1031,2.2323,3.1473,0.25391,-0.93915,6.4494
4.1031,2.2323,3.1472,0.16171,-1.8561,6.4515
4.1032,2.2323,3.147,0.063935,-2.7767,6.4382
4.1032,2.2323,3.1469,-0.0089854,-2.7928,6.4329
4.1033,2.2323,3.1468,-0.017091,-2.3555,6.4348
4.1033,2.2323,3.1467,0.043676,-1.5574,6.4187
4.1034,2.2323,3.1467,0.11495,-0.21199,6.4088
4.1034,2.2323,3.1468,0.11036,1.652,6.4159
4.1035,2.2323,3.1469,-0.043277,2.7151,6.4037
4.1035,2.2323,3.147,-0.40942,2.0055,6.3966
4.1036,2.2322,3.147,-0.98442,0.12181,6.4042
4.1036,2.2321,3.1469,-1.6639,-1.5914,6.4076
4.1037,2.232,3.1468,-2.1474,-3.1663,6.3911
4.1037,2.2319,3.1465,-2.3219,-4.3878,6.397
4.1038,2.2318,3.1463,-2.1478,-4.6182,6.3947
4.1038,2.2317,3.1461,-1.6645,-3.8295,6.3803
4.1039,2.2316,3.1459,-0.985,-3.414,6.3874
4.1039,2.2316,3.1457,-0.38958,-3.8502,6.3919
4.104,2.2316,3.1455,-0.070466,-4.349,6.3824
4.1041,2.2316,3.1453,0.05547,-3.9947,6.3881
4.1041,2.2316,3.1451,0.066195,-3.2857,6.3995
4.1042,2.2316,3.145,0.025497,-2.2172,6.3968
4.1042,2.2316,3.1449,0.024714,-0.8205,6.3907
4.1043,2.2316,3.145,0.21555,1.2078,6.3957
4.1043,2.2317,3.1452,0.65761,2.9479,6.3927
4.1044,2.2317,3.1454,1.1848,4.1729,6.3873
4.1044,2.2318,3.1456,1.526,4.9073,6.3906
4.1045,2.2319,3.1459,1.7997,5.6123,6.3958
4.1045,2.232,3.1462,1.8406,5.3698,6.3951
4.1046,2.2321,3.1464,1.4695,3.6078,6.3989
4.1046,2.2321,3.1465,0.79652,0.82814,6.409
4.1047,2.2321,3.1464,0.11101,-1.8873,6.3956
4.1047,2.2321,3.1461,-0.49815,-4.2528,6.3971
4.1048,2.232,3.1458,-1.1548,-5.8163,6.4096
4.1048,2.2319,3.1455,-1.8712,-5.7723,6.4004
4.1049,2.2318,3.1453,-2.2865,-4.2331,6.4033
4.1049,2.2317,3.1452,-2.3646,-2.1168,6.415
4.105,2.2316,3.1451,-2.3155,-0.8378,6.4087
4.1051,2.2315,3.1451,-1.8868,-0.52044,6.4052
4.1051,2.2314,3.1451,-1.0754,-1.1038,6.4203
4.1052,2.2314,3.1449,-0.25373,-2.5647,6.4256
4.1052,2.2314,3.1447,0.21175,-4.1929,6.4179
4.1053,2.2314,3.1444,0.27756,-4.7814,6.4311
4.1053,2.2314,3.1442,0.13285,-4.5135,6.4324
4.1054,2.2314,3.144,-0.13253,-3.4914,6.4258
4.1054,2.2314,3.1439,-0.47519,-1.9392,6.4291
4.1055,2.2314,3.1439,-0.572,-0.33354,6.4397
4.1055,2.2313,3.144,-0.42518,1.1947,6.436
4.1056,2.2313,3.1441,-0.22598,2.0548,6.4417
4.1056,2.2313,3.1442,-0.075304,2.901,6.4508
4.1057,2.2313,3.1444,0.012595,3.4121,6.4475
4.1057,2.2313,3.1446,0.053127,3.1139,6.4509
4.1058,2.2313,3.1447,0.041199,1.8687,6.4658
4.1058,2.2313,3.1447,0.0029874,1.2511,6.4612
4.1059,2.2313,3.1448,-0.0089513,0.54717,6.4566
4.1059,2.2313,3.1448,0,0.24827,6.467
4.106,2.2313,3.1448,0,0.14024,6.4633
4.1061,2.2313,3.1448,0,1.0875,6.4554
4.1061,2.2313,3.1449,0,1.4646,6.4742
4.1062,2.2313,3.145,0.0089513,1.1482,6.4847
4.1062,2.2313,3.145,-0.0029874,-0.12343,6.4753
4.1063,2.2313,3.1449,-0.032255,-0.72182,6.4812
4.1063,2.2313,3.1449,-0.056112,-1.6313,6.4902
4.1064,2.2313,3.1447,-0.053761,-2.1948,6.4836
4.1064,2.2313,3.1446,0.022227,-2.1857,6.4794
4.1065,2.2313,3.1446,0.21339,-0.68427,6.4836
4.1065,2.2314,3.1446,0.49143,1.1783,6.4843
4.1066,2.2314,3.1448,0.78049,3.2845,6.48
4.1066,2.2315,3.1451,0.93011,4.9527,6.498
4.1067,2.2315,3.1454,0.85413,6.1851,6.5005
4.1067,2.2315,3.1457,0.51098,5.8197,6.4989
4.1068,2.2315,3.1459,-0.032255,4.0839,6.5103
4.1068,2.2315,3.146,-0.57902,1.5718,6.5157
4.1069,2.2314,3.146,-0.88702,-0.36416,6.5074
4.1069,2.2314,3.1459,-0.87865,-1.4586,6.5138
4.107,2.2314,3.1458,-0.54325,-1.4559,6.5197
4.1071,2.2314,3.1458,-0.0022868,-0.58558,6.5076
4.1071,2.2314,3.1458,0.49124,0.54204,6.5114
4.1072,2.2314,3.1459,0.71684,1.4256,6.5222
4.1072,2.2315,3.146,0.62099,1.5831,6.5187
4.1073,2.2315,3.146,0.28108,0.94354,6.5217
4.1073,2.2315,3.146,-0.11741,-0.079683,6.5363
4.1074,2.2315,3.146,-0.42614,-1.1505,6.5258
4.1074,2.2314,3.1459,-0.52296,-2.249,6.5222
4.1075,2.2314,3.1457,-0.41606,-2.971,6.5268
4.1075,2.2314,3.1455,-0.2664,-3.2019,6.526
4.1076,2.2314,3.1454,-0.16018,-2.2747,6.5159
4.1076,2.2314,3.1454,-0.12851,-0.92575,6.5243
4.1077,2.2314,3.1454,-0.17196,0.47471,6.5295
4.1077,2.2314,3.1455,-0.23545,1.2965,6.5215
4.1078,2.2313,3.1455,-0.22207,1.2157,6.5203
4.1078,2.2313,3.1455,-0.15899,-0.19788,6.5307
4.1079,2.2313,3.1454,-0.072991,-2.32,6.5176
4.1079,2.2313,3.1452,-0.011265,-4.5865,6.5124
4.108,2.2313,3.1449,0.02387,-5.464,6.519
4.1081,2.2313,3.1446,0.029269,-4.7703,6.5063
4.1081,2.2313,3.1445,0.011935,-2.8171,6.5014
4.1082,2.2313,3.1444,-0.0089513,-0.33653,6.5147
4.1082,2.2313,3.1446,0,2.1407,6.5135
4.1083,2.2313,3.1448,0,3.9366,6.5094
4.1083,2.2313,3.145,0,4.5354,6.5198
4.1084,2.2313,3.1452,0,3.9529,6.5184
4.1084,2.2313,3.1454,0,3.2019,6.504
4.1085,2.2313,3.1455,0,2.4999,6.506
4.1085,2.2313,3.1456,0,1.5091,6.5074
4.1086,2.2313,3.1456,0,0.68785,6.4993
4.1086,2.2313,3.1456,0,0.22572,6.4941
4.1087,2.2313,3.1456,0,0.058798,6.5072
4.1087,2.2313,3.1456,0,-0.1056,6.4979
4.1088,2.2313,3.1456,0,-0.20837,6.4916
4.1088,2.2313,3.1456,0,-0.087193,6.5015
4.1089,2.2313,3.1456,0,0.063102,6.4896
4.1089,2.2313,3.1456,0,0.0078202,6.4836
4.109,2.2313,3.1456,0,0.0164,6.4887
4.1091,2.2313,3.1456,0,0.014095,6.4754
4.1091,2.2313,3.1456,0,-0.011994,6.4735
4.1092,2.2313,3.1456,0.013461,-0.069225,6.4834
4.1092,2.2313,3.1456,-0.004483,-0.14677,6.4847
4.1093,2.2313,3.1456,-0.06197,-0.19129,6.476
4.1093,2.2313,3.1456,-0.079927,-0.10815,6.4854
4.1094,2.2313,3.1456,-0.018967,0.17551,6.4957
4.1094,2.2313,3.1456,0.11325,0.65848,6.4816
4.1095,2.2313,3.1457,0.33993,1.2471,6.4843
4.1095,2.2314,3.1458,0.62614,1.7532,6.4881
4.1096,2.2314,3.1459,0.8345,1.9436,6.4871
4.1096,2.2315,3.146,0.78701,1.6553,6.4767
4.1097,2.2315,3.146,0.41951,0.90507,6.4919
4.1097,2.2315,3.146,-0.044016,-0.080729,6.4894
4.1098,2.2315,3.146,-0.47335,-0.98459,6.4855
4.1098,2.2314,3.1459,-0.75661,-1.52,6.4977
4.1099,2.2314,3.1458,-0.72474,-1.543,6.4966
4.1099,2.2314,3.1458,-0.38704,-1.1241,6.4899
4.11,2.2314,3.1457,-0.0059576,-0.50447,6.4929
4.1101,2.2314,3.1457,0.25426,0.070967,6.487
4.1101,2.2314,3.1458,0.27299,0.48185,6.4794
4.1102,2.2314,3.1458,0.22457,0.79135,6.4841
4.1102,2.2314,3.1459,0.20501,1.1484,6.4937
4.1103,2.2314,3.146,0.35595,1.6678,6.4907
4.1103,2.2315,3.1461,0.68587,2.3153,6.4926
4.1104,2.2315,3.1462,1.0825,2.8978,6.509
4.1104,2.2316,3.1464,1.2846,3.1518,6.5016
4.1105,2.2317,3.1465,1.2367,2.9064,6.4924
4.1105,2.2317,3.1467,0.84698,2.1799,6.5056
4.1106,2.2317,3.1467,0.29507,1.219,6.5031
4.1106,2.2317,3.1467,-0.11767,0.36743,6.4955
4.1107,2.2317,3.1467,-0.23093,-0.12195,6.5154
4.1107,2.2317,3.1467,-0.17451,-0.20068,6.5262
4.1108,2.2317,3.1467,0.019054,-0.0045115,6.5187
4.1108,2.2317,3.1467,0.23893,0.20621,6.5286
4.1109,2.2317,3.1467,0.28407,0.16851,6.5375
4.1109,2.2317,3.1467,0.032466,-0.2304,6.5324
4.111,2.2317,3.1467,-0.3219,-0.86938,6.538
4.1111,2.2317,3.1466,-0.56566,-1.4903,6.5419
4.1111,2.2316,3.1465,-0.72568,-1.8314,6.5375
4.1112,2.2316,3.1464,-0.75512,-1.6951,6.5384
4.1112,2.2316,3.1464,-0.50987,-1.0208,6.5582
4.1113,2.2316,3.1464,0.0010619,0.035568,6.5541
4.1113,2.2316,3.1464,0.45834,1.133,6.5584
4.1114,2.2316,3.1465,0.74816,1.9077,6.5723
4.1114,2.2317,3.1466,0.90752,2.101,6.5794
4.1115,2.2317,3.1467,0.78287,1.6015,6.5756
4.1115,2.2317,3.1468,0.28645,0.51921,6.5863
4.1116,2.2317,3.1467,-0.34745,-0.79236,6.5848
4.1116,2.2317,3.1466,-0.83619,-1.874,6.5825
4.1117,2.2316,3.1465,-1.0235,-2.3584,6.5796
4.1117,2.2316,3.1464,-0.90061,-2.0946,6.5877
4.1118,2.2315,3.1463,-0.51435,-1.1704,6.5755
4.1118,2.2316,3.1463,0.11148,0.1233,6.5779
4.1119,2.2316,3.1464,0.67162,1.37,6.583
4.1119,2.2316,3.1465,0.95113,2.2149,6.5725
4.112,2.2317,3.1466,0.94848,2.5053,6.5702
4.1121,2.2317,3.1468,0.77913,2.2889,6.5723
4.1121,2.2318,3.1469,0.51422,1.7339,6.568
4.1122,2.2318,3.1469,0.26898,1.0405,6.5567
4.1122,2.2318,3.1469,0.052397,0.36847,6.5644
4.1123,2.2318,3.1469,-0.062016,-0.19097,6.5662
4.1123,2.2318,3.1469,-0.13686,-0.6243,6.5528
4.1124,2.2317,3.1468,-0.27448,-0.9358,6.5588
4.1124,2.2317,3.1468,-0.40091,-1.0859,6.5656
4.1125,2.2317,3.1467,-0.43899,-1.022,6.5444
4.1125,2.2317,3.1467,-0.3219,-0.72657,6.5478
4.1126,2.2317,3.1467,-0.11601,-0.25525,6.5516
4.1126,2.2317,3.1467,0.11601,0.27671,6.545
4.1127,2.2317,3.1467,0.3219,0.73082,6.5388
4.1127,2.2317,3.1468,0.45246,0.98383,6.5398
4.1128,2.2317,3.1468,0.38294,0.97805,6.5315
4.1128,2.2318,3.1469,0.24388,0.77009,6.5305
4.1129,2.2318,3.1469,0.096422,0.46954,6.5348
4.1129,2.2318,3.1469,0.016962,0.18588,6.5276
4.113,2.2318,3.1469,-0.03594,-0.016154,6.5156
4.1131,2.2318,3.1469,-0.04407,-0.11157,6.524
4.1131,2.2318,3.1469,-0.01797,-0.11408,6.5174
4.1132,2.2318,3.1469,0.013478,-0.05623,6.5071
4.1132,2.2318,3.1469,-0.013478,0.033057,6.507
4.1133,2.2318,3.1469,0.0044966,0.14811,6.5104
4.1133,2.2318,3.1469,0.048565,0.24953,6.4969
4.1134,2.2318,3.1469,0.084491,0.25727,6.4955
4.1134,2.2318,3.1469,0.067503,0.06558,6.5064
4.1135,2.2318,3.1469,-0.028959,-0.40482,6.4997
4.1135,2.2318,3.1469,-0.2728,-1.1717,6.496
4.1136,2.2317,3.1467,-0.65559,-2.1439,6.5019
4.1136,2.2317,3.1466,-1.1078,-3.1255,6.5065
4.1137,2.2316,3.1464,-1.4294,-3.8575,6.4935
4.1137,2.2315,3.1462,-1.5451,-4.1442,6.4976
4.1138,2.2314,3.1459,-1.4155,-3.9083,6.5032
4.1138,2.2314,3.1458,-1.1251,-3.2177,6.4935
4.1139,2.2313,3.1457,-0.69903,-2.2362,6.5097
4.1139,2.2313,3.1456,-0.30829,-1.1888,6.5191
4.114,2.2313,3.1456,0.001639,-0.26471,6.5085
4.1141,2.2313,3.1456,0.14584,0.42094,6.5154
4.1141,2.2313,3.1457,0.29744,0.87026,6.5192
4.1142,2.2314,3.1457,0.37713,1.1146,6.5149
4.1142,2.2314,3.1458,0.42933,1.2203,6.5113
4.1143,2.2314,3.1458,0.36848,1.2433,6.5206
4.1143,2.2314,3.1459,0.37644,1.2291,6.5151
4.1144,2.2314,3.146,0.36299,1.1511,6.5113
4.1144,2.2315,3.146,0.38755,0.96349,6.5244
4.1145,2.2315,3.146,0.2342,0.61059,6.5309
4.1145,2.2315,3.1461,0.15482,0.13265,6.5267
4.1146,2.2315,3.146,-0.091794,-0.40242,6.5341
4.1146,2.2315,3.146,-0.3291,-0.83814,6.534
4.1147,2.2314,3.1459,-0.51098,-1.0165,6.5263
4.1147,2.2314,3.1459,-0.42561,-0.83967,6.5321
4.1148,2.2314,3.1459,-0.2033,-0.36603,6.5419
4.1148,2.2314,3.1459,0.19433,0.24739,6.5341
4.1149,2.2314,3.1459,0.38505,0.77929,6.5377
4.1149,2.2315,3.146,0.53735,1.1166,6.5566
4.115,2.2315,3.1461,0.4395,1.2214,6.5531
4.1151,2.2315,3.1461,0.29998,1.1872,6.5468
4.1151,2.2315,3.1462,0.21878,1.1226,6.5574
4.1152,2.2315,3.1462,0.27865,1.0678,6.5553
4.1152,2.2315,3.1463,0.35129,0.9387,6.5494
4.1153,2.2316,3.1463,0.41812,0.61955,6.5596
4.1153,2.2316,3.1463,0.18944,0.031523,6.5597
4.1154,2.2316,3.1463,-0.14485,-0.70988,6.5462
4.1154,2.2315,3.1462,-0.55245,-1.3633,6.5594
4.1155,2.2315,3.1461,-0.80091,-1.6109,6.5726
4.1155,2.2315,3.1461,-0.71338,-1.182,6.5582
4.1156,2.2314,3.146,-0.23792,-0.38143,6.5566
4.1156,2.2315,3.1461,0.35129,0.78912,6.5633
4.1157,2.2315,3.1462,0.92126,1.8291,6.5478
4.1157,2.2316,3.1463,1.1262,2.4017,6.5396
4.1158,2.2316,3.1464,1.0047,2.3999,6.5448
4.1158,2.2317,3.1465,0.5241,2.2933,6.5429
4.1159,2.2317,3.1467,-0.037634,2.1438,6.5293
4.1159,2.2316,3.1468,-0.53766,2.2777,6.5312
4.116,2.2316,3.1469,-0.81432,2.5427,6.5344
4.1161,2.2315,3.1471,-0.98269,3.366,6.519
4.1161,2.2315,3.1473,-0.93194,3.6671,6.5194
4.1162,2.2314,3.1474,-0.89349,2.9836,6.5127
4.1162,2.2314,3.1475,-0.78595,1.6618,6.5043
4.1163,2.2314,3.1475,-0.69903,-0.030675,6.4986
4.1163,2.2313,3.1474,-0.46187,-2.0176,6.5015
4.1164,2.2313,3.1472,-0.18325,-3.2732,6.4945
4.1164,2.2313,3.1471,0.21649,-3.0067,6.4933
4.1165,2.2314,3.147,0.66863,-1.3286,6.5044
4.1165,2.2314,3.1471,1.161,0.7178,6.5014
4.1166,2.2315,3.1472,1.4596,2.7075,6.4955
4.1166,2.2316,3.1474,1.5631,4.6082,6.5014
4.1167,2.2317,3.1477,1.4159,5.4781,6.4916
4.1167,2.2317,3.148,1.1078,5.2537,6.4891
4.1168,2.2318,3.1482,0.65559,4.4336,6.4918
4.1168,2.2318,3.1484,0.2728,3.1474,6.4875
4.1169,2.2318,3.1485,0.028959,1.2999,6.4817
4.1169,2.2318,3.1485,-0.067503,-0.37558,6.4882
4.117,2.2318,3.1484,-0.084491,-1.4175,6.4888
4.1171,2.2318,3.1483,-0.048565,-1.6022,6.479
4.1171,2.2318,3.1483,-0.017974,-0.69645,6.4791
4.1172,2.2318,3.1483,0.017974,0.71059,6.4845
4.1172,2.2318,3.1484,0.048565,1.6913,6.4671
4.1173,2.2318,3.1485,0.097956,1.5108,6.472
4.1173,2.2318,3.1485,0.063011,0.54564,6.4838
4.1174,2.2318,3.1484,-0.077468,-1.0336,6.4739
4.1174,2.2317,3.1483,-0.35721,-2.434,6.469
4.1175,2.2317,3.1481,-0.72307,-3.3434,6.4803
4.1175,2.2317,3.148,-1.079,-2.6093,6.4892
4.1176,2.2316,3.1479,-1.1367,-1.3236,6.4827
4.1176,2.2315,3.1479,-0.89685,-0.29672,6.4898
4.1177,2.2315,3.1479,-0.39479,0.26067,6.4924
4.1177,2.2315,3.148,0.17456,0.80927,6.4911
4.1178,2.2316,3.148,0.79537,0.68626,6.4961
4.1178,2.2316,3.1481,1.2734,1.3039,6.5029
4.1179,2.2317,3.1482,1.6159,2.3865,6.4944
4.1179,2.2318,3.1484,1.7965,4.7061,6.5057
4.118,2.2319,3.1488,1.9971,6.6912,6.5232
4.1181,2.232,3.1492,1.8606,7.4158,6.5223
4.1181,2.2321,3.1495,1.3109,6.2147,6.5218
4.1182,2.2321,3.1497,0.3688,3.5968,6.5358
4.1182,2.2321,3.1497,-0.62871,-0.69067,6.5302
4.1183,2.232,3.1494,-1.5863,-4.4759,6.5348
4.1183,2.2319,3.1491,-2.1086,-6.9271,6.5413
4.1184,2.2318,3.1487,-2.0744,-6.7344,6.5487
4.1184,2.2317,3.1485,-1.4088,-4.8415,6.541
4.1185,2.2317,3.1484,-0.65293,-1.9923,6.5523
4.1185,2.2317,3.1484,-0.00041038,0.73876,6.5597
4.1186,2.2317,3.1485,0.41663,2.8203,6.5594
4.1186,2.2317,3.1487,0.58623,3.1404,6.5652
4.1187,2.2317,3.1488,0.4739,2.5879,6.5699
4.1187,2.2318,3.1489,0.29471,1.5666,6.5648
4.1188,2.2318,3.149,0.1121,0.65425,6.5641
4.1188,2.2318,3.149,0,-0.16513,6.5722
4.1189,2.2318,3.1489,-0.13236,-0.71466,6.5671
4.1189,2.2317,3.1489,-0.28795,-0.9781,6.5638
4.119,2.2317,3.1488,-0.40091,-1.026,6.5816
4.1191,2.2317,3.1488,-0.43899,-1.0425,6.5879
4.1191,2.2317,3.1487,-0.3219,-0.74149,6.5886
4.1192,2.2317,3.1487,-0.11601,-0.24466,6.5897
4.1192,2.2317,3.1487,0.10253,0.3239,6.599
4.1193,2.2317,3.1488,0.33987,0.81067,6.5889
4.1193,2.2317,3.1488,0.49653,1.0584,6.5897
4.1194,2.2318,3.1489,0.41888,0.98548,6.5946
4.1194,2.2318,3.1489,0.21345,0.64032,6.5823
4.1195,2.2318,3.1489,0.0044871,0.15363,6.5831
4.1195,2.2318,3.1489,-0.17836,-0.34102,6.5903
4.1196,2.2317,3.1489,-0.33438,-0.75528,6.5775
4.1196,2.2317,3.1488,-0.41555,-1.0666,6.5725
4.1197,2.2317,3.1487,-0.38675,-1.3179,6.5855
4.1197,2.2317,3.1486,-0.41932,-1.5882,6.57
4.1198,2.2316,3.1485,-0.57544,-1.9036,6.5621
4.1198,2.2316,3.1484,-0.76893,-2.2016,6.5577
4.1199,2.2316,3.1483,-0.88065,-2.3793,6.5539
4.1199,2.2315,3.1482,-0.91865,-2.3665,6.5445
4.12,2.2315,3.1481,-0.78922,-2.1576,6.5506
4.1201,2.2314,3.148,-0.56335,-1.8916,6.5539
4.1201,2.2314,3.1479,-0.36505,-1.3951,6.545
4.1202,2.2314,3.1478,-0.27687,-0.95547,6.5435
4.1202,2.2314,3.1478,-0.2562,-0.65789,6.5445
4.1203,2.2314,3.1478,-0.24321,-0.43319,6.5291
4.1203,2.2314,3.1478,-0.081641,-0.075995,6.5219
4.1204,2.2314,3.1478,0.32104,0.22989,6.5299
4.1204,2.2314,3.1478,0.86808,0.69134,6.5188
4.1205,2.2315,3.1479,1.3192,1.3232,6.5097
4.1205,2.2316,3.148,1.5147,2.4789,6.5167
4.1206,2.2317,3.1482,1.4698,3.4278,6.5175
4.1206,2.2317,3.1484,1.2139,3.9442,6.5131
4.1207,2.2318,3.1486,0.74007,3.9169,6.524
4.1207,2.2318,3.1488,0.2828,3.3434,6.5271
4.1208,2.2318,3.1489,-0.0359,1.8335,6.5182
4.1208,2.2318,3.1489,-0.32333,0.1031,6.5213
4.1209,2.2317,3.1488,-0.63024,-1.5397,6.5268
4.1209,2.2317,3.1487,-0.91716,-2.7549,6.5153
4.121,2.2316,3.1485,-1.0998,-3.3867,6.5102
4.1211,2.2316,3.1483,-1.1641,-3.4658,6.5232
4.1211,2.2315,3.1482,-1.175,-3.0777,6.5134
4.1212,2.2314,3.148,-0.96263,-2.3771,6.51
4.1212,2.2314,3.148,-0.4986,-1.324,6.5237
4.1213,2.2314,3.1479,0.061015,-0.34305,6.5163
4.1213,2.2315,3.148,0.62644,0.55257,6.5077
4.1214,2.2315,3.148,1.114,1.3291,6.5081
4.1214,2.2316,3.1482,1.386,2.1372,6.5088
4.1215,2.2317,3.1483,1.3681,1.9845,6.4934
4.1215,2.2317,3.1483,1.0998,1.3818,6.5009
4.1216,2.2318,3.1483,0.72659,0.29787,6.5118
4.1216,2.2318,3.1483,0.40131,-0.73864,6.5071
4.1217,2.2318,3.1482,0.12787,-2.2071,6.513
4.1217,2.2318,3.148,-0.11441,-2.8411,6.5242
4.1218,2.2318,3.1479,-0.41926,-2.7826,6.5092
4.1218,2.2317,3.1478,-0.78408,-2.0368,6.5044
4.1219,2.2317,3.1477,-1.1313,-1.3425,6.5188
4.1219,2.2316,3.1477,-1.3027,0.13142,6.5182
4.122,2.2315,3.1478,-1.2052,1.0101,6.5137
4.1221,2.2315,3.1478,-0.80286,0.97425,6.5265
4.1221,2.2315,3.1478,-0.27268,0.055601,6.53
4.1222,2.2315,3.1478,0.11854,-1.0701,6.5336
4.1222,2.2315,3.1476,0.16507,-3.0879,6.5491
4.1223,2.2315,3.1474,-0.028768,-4.7007,6.556
4.1223,2.2315,3.1471,-0.36996,-5.2331,6.5413
4.1224,2.2314,3.1469,-0.68914,-4.3443,6.5499
4.1224,2.2314,3.1467,-0.786,-3.2124,6.5637
4.1225,2.2314,3.1466,-0.60141,-1.6835,6.5575
4.1225,2.2313,3.1466,-0.38039,0.27674,6.5581
4.1226,2.2313,3.1467,-0.17946,2.1425,6.5731
4.1226,2.2313,3.1469,-0.014785,2.986,6.577
4.1227,2.2313,3.1471,0.098657,3.7244,6.5737
4.1227,2.2313,3.1473,0.1339,4.3907,6.5902
4.1228,2.2313,3.1475,0.24395,4.4667,6.5816
4.1228,2.2314,3.1478,0.4604,3.9184,6.5757
4.1229,2.2314,3.1479,0.72318,3.5759,6.585
4.1229,2.2315,3.1481,0.89336,3.5741,6.5923
4.123,2.2315,3.1483,1.1592,3.7967,6.5797
4.1231,2.2316,3.1485,1.4901,3.981,6.5873
4.1231,2.2317,3.1488,1.6642,4.2635,6.5964
4.1232,2.2318,3.149,1.6422,4.3982,6.5963
4.1232,2.2318,3.1492,1.552,4.0544,6.6005
4.1233,2.2319,3.1494,1.3246,3.3565,6.6158
4.1233,2.232,3.1495,0.90578,2.5625,6.6017
4.1234,2.232,3.1496,0.43792,1.6518,6.6038
4.1234,2.232,3.1496,0.051571,0.66395,6.6121
4.1235,2.232,3.1496,-0.153,-0.26584,6.6098
4.1235,2.232,3.1496,-0.39982,-1.1398,6.6034
4.1236,2.2319,3.1495,-0.61404,-1.8316,6.6141
4.1236,2.2319,3.1494,-0.71144,-2.2522,6.6106
4.1237,2.2319,3.1492,-0.60777,-2.1091,6.6147
4.1237,2.2318,3.1492,-0.56053,-1.4517,6.6232
4.1238,2.2318,3.1491,-0.37376,-0.63246,6.6261
4.1238,2.2318,3.1491,-0.12986,-0.032488,6.6152
4.1239,2.2318,3.1491,0.24997,0.19854,6.6245
4.1239,2.2318,3.1491,0.35503,-0.31065,6.627
4.124,2.2319,3.149,0.4023,-1.4451,6.6157
4.1241,2.2319,3.1489,0.3348,-2.6263,6.6123
4.1241,2.2319,3.1488,0.25671,-2.6744,6.624
4.1242,2.2319,3.1487,-0.056911,-1.7866,6.6139
4.1242,2.2319,3.1486,-0.22659,-0.69359,6.6107
4.1243,2.2319,3.1486,-0.46585,0.077508,6.6169
4.1243,2.2318,3.1487,-0.7646,0.21174,6.6189
4.1244,2.2317,3.1486,-1.2346,-1.1449,6.606
4.1244,2.2317,3.1484,-1.5343,-3.472,6.6091
4.1245,2.2316,3.1481,-1.7537,-5.2799,6.611
4.1245,2.2315,3.1479,-1.7682,-5.2886,6.5981
4.1246,2.2314,3.1476,-1.5927,-4.0415,6.6062
4.1246,2.2313,3.1475,-1.0865,-2.3086,6.6107
4.1247,2.2313,3.1475,-0.56522,-0.55392,6.6011
4.1247,2.2313,3.1475,-0.066164,0.55464,6.6063
4.1248,2.2313,3.1475,0.48428,0.28305,6.6115
4.1248,2.2314,3.1475,1.1322,-0.39791,6.6035
4.1249,2.2315,3.1475,1.7307,0.037612,6.6048
4.1249,2.2316,3.1476,2.1434,1.9635,6.6078
4.125,2.2317,3.1479,2.3507,4.7612,6.6029
4.1251,2.2318,3.1483,2.2114,7.3312,6.5927
4.1251,2.2319,3.1487,1.7161,8.9325,6.5991
4.1252,2.232,3.1492,0.98351,8.5618,6.5957
4.1252,2.232,3.1495,0.26915,6.0885,6.5931
4.1253,2.232,3.1496,-0.39348,2.3802,6.5943
4.1253,2.2319,3.1496,-0.97394,-1.1168,6.5966
4.1254,2.2318,3.1494,-1.4437,-3.7478,6.5882
4.1254,2.2318,3.1491,-1.6532,-5.1223,6.5925
4.1255,2.2317,3.1488,-1.7614,-5.3643,6.5906
4.1255,2.2316,3.1486,-1.6467,-4.6128,6.5748
4.1256,2.2315,3.1484,-1.2448,-3.4434,6.5799
4.1256,2.2315,3.1483,-0.70063,-2.2406,6.5888
4.1257,2.2315,3.1482,-0.28704,-1.4292,6.5796
4.1257,2.2315,3.1482,-0.066296,-0.7582,6.5833
4.1258,2.2315,3.1481,-0.088867,-0.57832,6.5959
4.1258,2.2314,3.1481,-0.30351,-0.85146,6.5937
4.1259,2.2314,3.148,-0.57852,-1.2964,6.5856
4.1259,2.2314,3.1479,-0.65657,-1.4828,6.6022
4.126,2.2314,3.1479,-0.35222,-1.4477,6.5964
4.1261,2.2314,3.1478,0.17182,-0.97392,6.5915
4.1261,2.2314,3.1478,0.77652,-0.15377,6.5998
4.1262,2.2315,3.1479,1.2295,1.158,6.6062
4.1262,2.2315,3.148,1.2173,2.0224,6.5981
4.1263,2.2316,3.1481,0.72405,2.1688,6.6071
4.1263,2.2316,3.1482,0.026998,1.649,6.6183
4.1264,2.2315,3.1482,-0.67809,0.71157,6.6141
4.1264,2.2315,3.1482,-1.1633,-0.72841,6.6093
4.1265,2.2314,3.1481,-1.255,-1.7843,6.6129
4.1265,2.2314,3.148,-0.94163,-2.1722,6.6088
4.1266,2.2313,3.1479,-0.51122,-1.7932,6.6034
4.1266,2.2313,3.1478,-0.17034,-1.1865,6.6119
4.1267,2.2313,3.1478,0.028502,-0.56198,6.6126
4.1267,2.2313,3.1478,0.12019,-0.072798,6.6014
4.1268,2.2313,3.1478,0.093202,0.17209,6.6137
4.1268,2.2313,3.1478,0.0067535,0.095131,6.6177
4.1269,2.2313,3.1478,-0.020248,0.058619,6.6073
4.1269,2.2313,3.1478,0,0.063273,6.6151
4.127,2.2313,3.1478,0,0.10446,6.6156
4.1271,2.2313,3.1478,0,0.15244,6.6026
4.1271,2.2313,3.1478,0,0.13686,6.5985
4.1272,2.2313,3.1478,0,0.092662,6.6108
4.1272,2.2313,3.1478,0,0.039797,6.608
4.1273,2.2313,3.1478,0,0.015834,6.6132
4.1273,2.2313,3.1478,0,0.0090279,6.6227
4.1274,2.2313,3.1478,0,0.01329,6.6201
4.1274,2.2313,3.1478,0,-0.0024854,6.6259
4.1275,2.2313,3.1478,0.020248,-0.072309,6.6305
4.1275,2.2313,3.1478,-0.0067535,-0.22052,6.6273
4.1276,2.2313,3.1478,-0.072961,-0.36206,6.6167
4.1276,2.2313,3.1478,-0.12694,-0.36716,6.6247
4.1277,2.2313,3.1478,-0.1082,-0.071368,6.6285
4.1277,2.2313,3.1478,0.052486,0.65014,6.6195
4.1278,2.2313,3.1479,0.43195,1.8065,6.6247
4.1278,2.2314,3.1481,1.003,3.2322,6.6323
4.1279,2.2315,3.1483,1.656,4.6074,6.6252
4.1279,2.2316,3.1486,2.0994,5.5555,6.626
4.128,2.2317,3.1489,2.1995,5.8062,6.633
4.1281,2.2318,3.1492,1.9552,5.2913,6.6208
4.1281,2.2319,3.1494,1.4368,4.1995,6.6179
4.1282,2.2319,3.1496,0.82286,2.8515,6.6253
4.1282,2.2319,3.1496,0.3512,1.6138,6.6212
4.1283,2.232,3.1497,0.1015,0.74638,6.6212
4.1283,2.232,3.1497,0.039894,0.3315,6.6256
4.1284,2.232,3.1497,0.10695,0.24463,6.6299
4.1284,2.232,3.1497,0.21242,0.27242,6.62
4.1285,2.232,3.1497,0.23578,0.15836,6.6211
4.1285,2.232,3.1497,0.097124,-0.23489,6.627
4.1286,2.232,3.1497,-0.1617,-0.94822,6.6183
4.1286,2.232,3.1496,-0.52893,-1.8132,6.6133
4.1287,2.2319,3.1494,-0.96315,-2.5211,6.6193
4.1287,2.2318,3.1493,-1.2834,-2.7166,6.6163
4.1288,2.2318,3.1492,-1.1491,-2.208,6.6152
4.1288,2.2317,3.1491,-0.58456,-1.0465,6.637
4.1289,2.2318,3.1491,0.14711,0.35418,6.6298
4.1289,2.2318,3.1492,0.73189,1.4378,6.6252
4.129,2.2318,3.1493,1.0733,1.7016,6.6404
4.1291,2.2319,3.1494,0.78402,0.8762,6.6379
4.1291,2.2319,3.1493,-0.1111,-0.51725,6.6311
4.1292,2.2318,3.1492,-1.1283,-2.0737,6.643
4.1292,2.2317,3.149,-1.6394,-3.2342,6.6475
4.1293,2.2317,3.1489,-1.5846,-3.6357,6.6457
4.1293,2.2316,3.1487,-1.1041,-3.2389,6.6539
4.1294,2.2316,3.1485,-0.37849,-2.6344,6.661
4.1294,2.2316,3.1484,0.35641,-2.0415,6.6582
4.1295,2.2316,3.1484,0.55859,-1.6771,6.6573
4.1295,2.2316,3.1483,0.22167,-1.0628,6.6687
4.1296,2.2316,3.1483,-0.17287,-0.54721,6.6571
4.1296,2.2316,3.1483,-0.38365,-0.0074945,6.6529
4.1297,2.2316,3.1483,-0.48153,0.58312,6.6607
4.1297,2.2316,3.1484,-0.43625,1.1307,6.6536
4.1298,2.2315,3.1484,-0.17038,1.0136,6.6432
4.1298,2.2315,3.1484,-0.0058739,0.65271,6.6544
4.1299,2.2315,3.1485,-0.031696,0.1591,6.6629
4.1299,2.2315,3.1484,-0.12927,-0.13946,6.6445
4.13,2.2315,3.1484,-0.056274,-0.35934,6.6536
4.1301,2.2315,3.1484,-0.021832,-0.33013,6.6587
4.1301,2.2315,3.1484,-0.037027,0.0025235,6.6522
4.1302,2.2315,3.1484,0.067822,0.59752,6.6561
4.1302,2.2316,3.1485,0.36561,1.2091,6.6599
4.1303,2.2316,3.1486,0.64107,1.9647,6.6541
4.1303,2.2316,3.1487,0.88561,2.6144,6.6627
4.1304,2.2317,3.1489,1.1149,2.9856,6.684
4.1304,2.2318,3.1491,1.1725,2.9416,6.6848
4.1305,2.2318,3.1492,0.93728,2.4397,6.6792
4.1305,2.2318,3.1493,0.50039,1.5199,6.6943
4.1306,2.2318,3.1493,0.07559,0.65311,6.6938
4.1306,2.2318,3.1493,-0.23688,-0.21267,6.6841
4.1307,2.2318,3.1492,-0.45171,-1.1061,6.6801
4.1307,2.2318,3.1491,-0.64503,-2.0394,6.6798
4.1308,2.2317,3.149,-0.79078,-2.9359,6.6637
4.1308,2.2317,3.1488,-0.95104,-3.9913,6.6724
4.1309,2.2316,3.1485,-1.0507,-4.8704,6.6752
4.1309,2.2316,3.1482,-1.0994,-5.2809,6.6557
4.131,2.2315,3.148,-1.0962,-4.5899,6.6609
4.1311,2.2315,3.1478,-0.96924,-3.3716,6.6651
4.1311,2.2314,3.1477,-0.76195,-1.9155,6.6505
4.1312,2.2314,3.1477,-0.60077,-0.51124,6.6368
4.1312,2.2314,3.1477,-0.48074,0.5742,6.639
4.1313,2.2313,3.1477,-0.315,0.76273,6.631
4.1313,2.2313,3.1478,-0.15916,0.58081,6.623
4.1314,2.2313,3.1478,-0.047777,0.26953,6.6298
4.1314,2.2313,3.1478,-0.012457,0.10024,6.6282
4.1315,2.2313,3.1478,0.022432,0.15249,6.6175
4.1315,2.2313,3.1478,0.044016,0.24241,6.6151
4.1316,2.2313,3.1478,0.017948,0.25391,6.6139
4.1316,2.2313,3.1478,-0.013461,0.05858,6.6018
4.1317,2.2313,3.1478,0,-0.5001,6.6021
4.1317,2.2313,3.1477,0,-1.1444,6.6068
4.1318,2.2313,3.1477,0,-1.5355,6.596
4.1318,2.2313,3.1476,0,-1.8301,6.5971
4.1319,2.2313,3.1475,0,-1.4012,6.6088
4.1319,2.2313,3.1475,0,-0.8498,6.606
4.132,2.2313,3.1474,0,-0.59915,6.6025
4.1321,2.2313,3.1474,0,-1.1371,6.6154
4.1321,2.2313,3.1472,0,-2.1479,6.6074
4.1322,2.2313,3.1471,0,-3.5486,6.6014
4.1322,2.2313,3.1468,0,-4.215,6.6005
4.1323,2.2313,3.1466,0,-4.4449,6.5986
4.1323,2.2313,3.1464,0,-3.266,6.5826
4.1324,2.2313,3.1464,0,-1.053,6.5918
4.1324,2.2313,3.1464,0,1.2897,6.5975
4.1325,2.2313,3.1466,0,2.849,6.5872
4.1325,2.2313,3.1468,0,3.8129,6.5828
4.1326,2.2313,3.147,0.020248,3.6842,6.5888
4.1326,2.2313,3.1472,-0.026998,3.1369,6.5804
4.1327,2.2313,3.1473,-0.045965,1.8599,6.573
4.1327,2.2313,3.1473,-0.060748,0.71608,6.5749
4.1328,2.2313,3.1473,-0.047464,0.21455,6.5757
4.1328,2.2313,3.1473,-0.0022757,0.34123,6.5663
4.1329,2.2313,3.1474,0.27172,1.1644,6.5822
4.1329,2.2314,3.1475,0.69162,2.7479,6.585
4.133,2.2314,3.1478,1.2366,4.4297,6.5805
4.1331,2.2315,3.1481,1.5631,5.7556,6.5905
4.1331,2.2316,3.1484,1.7021,6.1137,6.5996
4.1332,2.2317,3.1487,1.4438,5.1086,6.5955
4.1332,2.2317,3.1488,0.82527,3.3649,6.5991
4.1333,2.2317,3.1489,-0.025763,1.3261,6.6037
4.1333,2.2317,3.1489,-0.54744,-0.37054,6.6036
4.1334,2.2317,3.1488,-0.76203,-1.4229,6.6059
4.1334,2.2316,3.1487,-0.62817,-1.8242,6.6271
4.1335,2.2316,3.1486,-0.48335,-1.86,6.6309
4.1335,2.2316,3.1485,-0.37455,-1.7719,6.6369
4.1336,2.2316,3.1484,-0.47049,-1.997,6.6462
4.1336,2.2315,3.1483,-0.74721,-2.267,6.6435
4.1337,2.2315,3.1482,-1.0888,-2.4845,6.6462
4.1337,2.2314,3.148,-1.1078,-2.4354,6.6475
4.1338,2.2314,3.1479,-0.86868,-2.1758,6.6422
4.1338,2.2313,3.1478,-0.50448,-1.4852,6.6358
4.1339,2.2313,3.1478,-0.19059,-0.77855,6.6426
4.1339,2.2313,3.1478,0.028502,-0.32879,6.6506
4.134,2.2313,3.1478,0.12019,-0.28907,6.6439
4.1341,2.2313,3.1477,0.093202,-0.51306,6.6478
4.1341,2.2313,3.1477,0.0067535,-1.1158,6.6569
4.1342,2.2313,3.1476,-0.020248,-1.6923,6.6469
4.1342,2.2313,3.1475,0,-1.9385,6.6417
4.1343,2.2313,3.1474,0,-1.2386,6.65
4.1343,2.2313,3.1474,0,-0.23759,6.6497
4.1344,2.2313,3.1475,0,0.79168,6.6437
4.1344,2.2313,3.1475,0,1.6706,6.6536
4.1345,2.2313,3.1477,0,2.189,6.6627
4.1345,2.2313,3.1478,0,1.7728,6.6585
4.1346,2.2313,3.1478,0,1.0145,6.6684
4.1346,2.2313,3.1478,0,0.24246,6.6757
4.1347,2.2313,3.1478,0,-0.25715,6.6604
4.1347,2.2313,3.1478,0,-0.35445,6.6664
4.1348,2.2313,3.1478,0,-0.28536,6.6695
4.1348,2.2313,3.1478,0,0.08351,6.6642
4.1349,2.2313,3.1478,0,0.21505,6.6627
4.1349,2.2313,3.1478,0,0.03386,6.6787
4.135,2.2313,3.1477,0,-0.78761,6.6685
4.1351,2.2313,3.1477,0,-1.7838,6.6659
4.1351,2.2313,3.1475,0,-2.9661,6.6814
4.1352,2.2313,3.1473,0,-3.3753,6.6803
4.1352,2.2313,3.1471,0,-3.6718,6.6667
4.1353,2.2313,3.147,0,-3.1936,6.6679
4.1353,2.2313,3.1468,0,-2.7447,6.6615
4.1354,2.2313,3.1467,0,-2.1631,6.6474
4.1354,2.2313,3.1466,0,-2.5393,6.652
4.1355,2.2313,3.1464,0,-2.8199,6.6536
4.1355,2.2313,3.1462,0,-3.2621,6.6458
4.1356,2.2313,3.1461,0,-3.0611,6.6396
4.1356,2.2313,3.1459,0,-2.8258,6.6438
4.1357,2.2313,3.1458,0,-1.8235,6.6285
4.1357,2.2313,3.1458,0,-1.1737,6.6258
4.1358,2.2313,3.1457,0,-0.64573,6.6221
4.1358,2.2313,3.1457,0,-0.55928,6.6164
4.1359,2.2313,3.1457,0,-0.19633,6.6071
4.1359,2.2313,3.1457,0,-0.11716,6.6203
4.136,2.2313,3.1457,0,0.44707,6.6204
4.1361,2.2313,3.1458,0,1.1344,6.616
4.1361,2.2313,3.1459,0,1.9511,6.6252
4.1362,2.2313,3.146,0,1.8635,6.6299
4.1362,2.2313,3.1461,0,1.6856,6.6182
4.1363,2.2313,3.1461,0,1.3495,6.6157
4.1363,2.2313,3.1462,0,0.56486,6.616
4.1364,2.2313,3.1461,0,-0.8041,6.5969
4.1364,2.2313,3.1461,0,-1.4262,6.5976
4.1365,2.2313,3.146,0,-1.6236,6.6048
4.1365,2.2313,3.1459,0,-1.5197,6.5955
4.1366,2.2313,3.1458,0,-1.0626,6.5889
4.1366,2.2313,3.1458,0,0.17653,6.6014
4.1367,2.2313,3.1459,0,1.2003,6.5981
4.1367,2.2313,3.146,0,1.151,6.5886
4.1368,2.2313,3.146,0,0.38828,6.5954
4.1368,2.2313,3.146,0.013461,-0.42374,6.5933
4.1369,2.2313,3.1459,-0.017948,-1.3948,6.5832
4.1369,2.2313,3.1458,-0.044016,-2.1408,6.5852
4.137,2.2313,3.1457,-0.035897,-1.8963,6.597
4.1371,2.2313,3.1456,0.030407,-1.0182,6.5881
4.1371,2.2313,3.1456,0.078347,-0.08207,6.589
4.1372,2.2313,3.1457,0.19956,0.59398,6.6017
4.1372,2.2314,3.1457,0.34658,1.1383,6.5909
4.1373,2.2314,3.1458,0.46887,1.3755,6.5893
4.1373,2.2314,3.1459,0.41785,1.3414,6.6004
4.1374,2.2314,3.1459,0.35949,0.88913,6.6013
4.1374,2.2314,3.1459,0.26664,0.50401,6.5983
4.1375,2.2314,3.1459,0.13042,0.087086,6.6175
4.1375,2.2314,3.1459,-0.13042,-0.1766,6.6186
4.1376,2.2314,3.1459,-0.26664,-0.25713,6.6225
4.1376,2.2314,3.1459,-0.35949,0.11269,6.6416
4.1377,2.2314,3.146,-0.41785,0.61277,6.6492
4.1377,2.2314,3.146,-0.46887,0.96617,6.6421
4.1378,2.2313,3.146,-0.34658,0.54936,6.6498
4.1378,2.2313,3.146,-0.19956,-0.063271,6.658
4.1379,2.2313,3.146,-0.078347,-1.0045,6.654
4.1379,2.2313,3.1459,-0.030407,-1.8579,6.6506
4.138,2.2313,3.1458,0.035897,-2.2765,6.6607
4.1381,2.2313,3.1457,0.044016,-1.6342,6.6589
4.1381,2.2313,3.1456,0.017948,-0.61087,6.6613
4.1382,2.2313,3.1457,-0.013461,0.74154,6.6741
4.1382,2.2313,3.1458,0,1.7412,6.6732
4.1383,2.2313,3.1459,0,2.3005,6.6657
4.1383,2.2313,3.146,0,1.7171,6.6671
4.1384,2.2313,3.146,0,0.62483,6.6595
4.1384,2.2313,3.146,0,-0.61179,6.6571
4.1385,2.2313,3.1459,0,-1.453,6.6631
4.1385,2.2313,3.1458,0,-2.2177,6.6688
4.1386,2.2313,3.1457,0,-2.0141,6.6553
4.1386,2.2313,3.1456,0,-1.3196,6.6577
4.1387,2.2313,3.1456,0,-0.37474,6.6676
4.1387,2.2313,3.1456,0,0.37474,6.6633
4.1388,2.2313,3.1457,0,1.3196,6.6636
4.1388,2.2313,3.1458,0,2.0138,6.6711
4.1389,2.2313,3.1459,0,2.2821,6.6555
4.1389,2.2313,3.146,0,1.3698,6.6473
4.139,2.2313,3.146,0,0.33928,6.6613
4.1391,2.2313,3.146,0,-0.71661,6.6606
4.1391,2.2313,3.1459,0,-1.3742,6.6543
4.1392,2.2313,3.1458,0,-1.7008,6.6655
4.1392,2.2313,3.1458,0,-0.88693,6.673
4.1393,2.2313,3.1458,0,0.25626,6.6619
4.1393,2.2313,3.1458,0,1.3663,6.6658
4.1394,2.2313,3.1459,0,1.5897,6.6602
4.1394,2.2313,3.146,0,1.9592,6.6498
4.1395,2.2313,3.1462,0,2.7778,6.6445
4.1395,2.2313,3.1464,0.013461,3.9729,6.648
4.1396,2.2313,3.1466,-0.004483,4.8025,6.6347
4.1396,2.2313,3.1469,-0.048501,5.5648,6.6383
4.1397,2.2313,3.1472,-0.084412,5.2094,6.6461
4.1397,2.2313,3.1474,-0.067497,3.4216,6.6381
4.1398,2.2313,3.1474,0.028768,0.32005,6.6325
4.1398,2.2313,3.1473,0.27239,-2.6063,6.6429
4.1399,2.2314,3.147,0.65501,-4.2601,6.6412
4.1399,2.2314,3.1468,1.1072,-4.3968,6.631
4.14,2.2315,3.1466,1.429,-3.3291,6.6423
4.1401,2.2316,3.1466,1.5317,-1.2729,6.645
4.1401,2.2317,3.1466,1.4474,0.84053,6.6421
4.1402,2.2317,3.1467,1.1519,2.0013,6.6452
4.1402,2.2318,3.1468,0.69153,2.0161,6.6563
4.1403,2.2318,3.1469,0.25584,1.3012,6.6523
4.1403,2.2318,3.1469,-0.067463,0.34948,6.6541
4.1404,2.2318,3.1469,-0.32486,-0.55394,6.6623
4.1404,2.2317,3.1468,-0.44946,-1.1147,6.6564
4.1405,2.2317,3.1468,-0.45696,-1.1264,6.6601
4.1405,2.2317,3.1467,-0.29046,-0.94244,6.6636
4.1406,2.2317,3.1467,-0.1195,-0.70858,6.6718
4.1406,2.2317,3.1466,0.01959,-0.3714,6.6711
4.1407,2.2317,3.1467,0.078023,0.040479,6.6868
4.1407,2.2317,3.1467,0.069527,0.51733,6.6906
4.1408,2.2317,3.1467,-0.069527,1.064,6.679
4.1408,2.2317,3.1468,-0.091501,1.7528,6.6939
4.1409,2.2317,3.1469,-0.015093,2.2815,6.6986
4.1409,2.2317,3.1471,0.18154,2.0591,6.6908
4.141,2.2317,3.1471,0.37045,1.5752,6.6886
4.1411,2.2317,3.1472,0.4759,1.2519,6.7044
4.1411,2.2318,3.1473,0.33601,0.92708,6.6991
4.1412,2.2318,3.1473,-0.015445,0.83507,6.6967
4.1412,2.2317,3.1474,-0.54571,1.0543,6.7122
4.1413,2.2317,3.1474,-1.0953,1.471,6.7215
4.1413,2.2316,3.1475,-1.5138,1.6632,6.7099
4.1414,2.2315,3.1476,-1.6736,1.4561,6.721
4.1414,2.2314,3.1477,-1.5145,1.1611,6.7263
4.1415,2.2314,3.1477,-1.0649,1.1611,6.7162
4.1415,2.2313,3.1478,-0.38262,0.89464,6.7292
4.1416,2.2314,3.1478,0.38262,0.46526,6.7436
4.1416,2.2314,3.1478,1.0784,-0.29526,6.7385
4.1417,2.2315,3.1477,1.4965,-1.4443,6.7461
4.1417,2.2316,3.1476,1.6296,-2.557,6.7608
4.1418,2.2317,3.1474,1.4779,-3.3372,6.7579
4.1418,2.2317,3.1472,1.1123,-3.5514,6.757
4.1419,2.2318,3.147,0.64213,-2.9604,6.7623
4.1419,2.2318,3.1469,0.2728,-1.9227,6.757
4.142,2.2318,3.1469,0.028959,-0.90371,6.75
4.1421,2.2318,3.1469,-0.067503,-0.15307,6.7536
4.1421,2.2318,3.1469,-0.084491,-0.022116,6.749
4.1422,2.2318,3.1469,-0.048565,-0.048185,6.7392
4.1422,2.2318,3.1469,-0.0044966,-0.0821,6.7475
4.1423,2.2318,3.1469,0.013478,0.052216,6.7498
4.1423,2.2318,3.1469,0,0.39403,6.7376
4.1424,2.2318,3.147,0,1.1694,6.7416
4.1424,2.2318,3.1471,0,1.8205,6.7381
4.1425,2.2318,3.1472,0,2.1385,6.7235
4.1425,2.2318,3.1473,0,1.5799,6.7197
4.1426,2.2318,3.1473,0,0.52356,6.7254
4.1426,2.2318,3.1472,0,-0.83985,6.7138
4.1427,2.2318,3.1471,0,-1.8942,6.7053
4.1427,2.2318,3.147,0,-2.2223,6.7128
4.1428,2.2318,3.147,0,-1.2706,6.7091
4.1428,2.2318,3.147,0,0.45455,6.7048
4.1429,2.2318,3.1471,0,2.5003,6.717
4.1429,2.2318,3.1473,0,3.8581,6.7077
4.143,2.2318,3.1475,0,3.8197,6.6961
4.1431,2.2318,3.1476,0,2.272,6.7007
4.1431,2.2318,3.1476,0,0.084707,6.7065
4.1432,2.2318,3.1475,0,-2.1278,6.6975
4.1432,2.2318,3.1473,0,-3.6503,6.7078
4.1433,2.2318,3.1471,0,-3.9378,6.7093
4.1433,2.2318,3.147,0,-2.9553,6.6999
4.1434,2.2318,3.1469,0,-1.6052,6.7045
4.1434,2.2318,3.1469,0,-0.53372,6.7124
4.1435,2.2318,3.1469,0,0.093926,6.6948
4.1435,2.2318,3.1469,0,0.38361,6.6917
4.1436,2.2318,3.1469,0,0.29537,6.6968
4.1436,2.2318,3.1469,0,0.010283,6.6855
4.1437,2.2318,3.1469,0.0089513,-0.10397,6.6776
4.1437,2.2318,3.1469,-0.011935,-0.060839,6.6918
4.1438,2.2318,3.1469,-0.029269,-0.039252,6.695
4.1438,2.2318,3.1469,-0.02387,0.024807,6.684
4.1439,2.2318,3.1469,0.011265,0.13032,6.6899
4.1439,2.2318,3.1469,0.06404,0.26523,6.6896
4.144,2.2318,3.1469,0.16198,0.37663,6.6818
4.1441,2.2318,3.147,0.25433,0.40187,6.6745
4.1441,2.2318,3.147,0.30051,0.32151,6.6832
4.1442,2.2318,3.147,0.2138,0.17523,6.6747
4.1442,2.2318,3.147,0.07705,0.0038362,6.6782
4.1443,2.2318,3.147,-0.07705,-0.17766,6.6975
4.1443,2.2318,3.147,-0.2138,-0.30879,6.6948
4.1444,2.2318,3.1469,-0.30051,-0.34573,6.6898
4.1444,2.2318,3.1469,-0.25433,-0.31908,6.7022
4.1445,2.2318,3.1469,-0.16198,-0.2629,6.7097
4.1445,2.2318,3.1469,-0.06404,-0.17515,6.7105
4.1446,2.2318,3.1469,-0.011265,-0.077561,6.718
4.1446,2.2318,3.1469,0.02387,-0.0011695,6.7273
4.1447,2.2318,3.1469,0.029269,0.031072,6.7261
4.1447,2.2318,3.1469,0.011935,0.038957,6.7341
4.1448,2.2318,3.1469,-0.0089513,0.037401,6.7476
4.1448,2.2318,3.1469,0,0.015701,6.7457
4.1449,2.2318,3.1469,0,0.0070542,6.7501
4.1449,2.2318,3.1469,0,0.0047775,6.7576
4.145,2.2318,3.1469,0.0089513,-0.015216,6.7498
4.1451,2.2318,3.1469,-0.011935,-0.06059,6.7509
4.1451,2.2318,3.1469,-0.029269,-0.10569,6.752
4.1452,2.2318,3.1469,-0.014923,-0.14197,6.7513
4.1452,2.2318,3.1469,0.008279,-0.11974,6.7406
4.1453,2.2318,3.1469,0.022864,-0.00023966,6.7567
4.1453,2.2318,3.1469,0.1178,0.281,6.7614
4.1454,2.2318,3.1469,0.22979,0.6469,6.7563
4.1454,2.2318,3.147,0.35546,1.0331,6.7675
4.1455,2.2318,3.1471,0.40392,1.3616,6.7754
4.1455,2.2318,3.1471,0.47518,1.5765,6.7677
4.1456,2.2319,3.1472,0.5177,1.5809,6.7618
4.1456,2.2319,3.1473,0.47347,1.3876,6.7688
4.1457,2.2319,3.1473,0.3085,1.0118,6.7607
4.1457,2.2319,3.1474,0.20801,0.52325,6.7602
4.1458,2.2319,3.1474,0.015306,-0.063804,6.7721
4.1458,2.2319,3.1473,-0.19168,-0.66714,6.7683
4.1459,2.2319,3.1473,-0.44102,-1.1903,6.7678
4.1459,2.2319,3.1472,-0.55818,-1.5177,6.7808
4.146,2.2318,3.1471,-0.59794,-1.5946,6.7759
4.1461,2.2318,3.147,-0.52007,-1.38,6.7705
4.1461,2.2318,3.147,-0.3947,-0.93404,6.779
4.1462,2.2318,3.147,-0.10325,-0.3693,6.7792
4.1462,2.2318,3.147,0.12227,0.1368,6.7714
4.1463,2.2318,3.147,0.2633,0.44348,6.7796
4.1463,2.2318,3.147,0.22284,0.47745,6.783
4.1464,2.2318,3.147,0.11285,0.27333,6.7743
4.1464,2.2318,3.147,-0.056729,-0.075364,6.7776
4.1465,2.2318,3.147,-0.20186,-0.4472,6.7909
4.1465,2.2318,3.147,-0.28025,-0.72877,6.7709
4.1466,2.2318,3.1469,-0.29781,-0.84513,6.7628
4.1466,2.2318,3.1469,-0.2425,-0.72414,6.7749
4.1467,2.2318,3.1469,-0.1301,-0.36883,6.7664
4.1467,2.2318,3.1469,-0.0081266,0.18564,6.754
4.1468,2.2318,3.1469,0.18905,0.87822,6.7645
4.1468,2.2318,3.147,0.52464,1.5915,6.7655
4.1469,2.2318,3.1471,0.8149,2.1071,6.7575
4.1469,2.2319,3.1472,1.0068,2.2718,6.7582
4.147,2.2319,3.1473,0.88411,2.0377,6.7622
4.1471,2.232,3.1474,0.6346,1.5337,6.7529
4.1471,2.232,3.1475,0.27558,0.89402,6.7563
4.1472,2.232,3.1475,-0.085087,0.34543,6.7614
4.1472,2.232,3.1475,-0.24513,0.062804,6.7499
4.1473,2.232,3.1475,-0.058277,0.068288,6.7404
4.1473,2.232,3.1475,0.15145,0.2218,6.7533
4.1474,2.232,3.1475,0.37601,0.40019,6.7502
4.1474,2.232,3.1476,0.46731,0.50482,6.7484
4.1475,2.232,3.1476,0.4217,0.51785,6.7555
4.1475,2.232,3.1476,0.2712,0.45088,6.7575
4.1476,2.2321,3.1476,0.088309,0.36612,6.7461
4.1476,2.2321,3.1476,-0.021257,0.31986,6.7455
4.1477,2.232,3.1477,-0.022467,0.30406,6.7433
4.1477,2.232,3.1477,-0.04407,0.31725,6.7325
4.1478,2.232,3.1477,-0.01797,0.31766,6.7382
4.1478,2.232,3.1477,0.013478,0.28451,6.7447
4.1479,2.232,3.1477,0,0.24013,6.7377
4.1479,2.232,3.1477,0,0.19539,6.728
4.148,2.232,3.1477,0,0.128,6.7382
4.1481,2.232,3.1477,0,0.080391,6.7242
4.1481,2.232,3.1477,0,0.044105,6.7139
4.1482,2.232,3.1477,0,0.020837,6.7167
4.1482,2.232,3.1477,0,-0.028441,6.7119
4.1483,2.232,3.1477,0.020257,-0.1093,6.704
4.1483,2.232,3.1477,-0.0067564,-0.20344,6.7131
4.1484,2.232,3.1477,-0.093241,-0.25904,6.713
4.1484,2.232,3.1477,-0.12024,-0.17939,6.709
4.1485,2.232,3.1477,-0.0082654,0.15624,6.7163
4.1485,2.232,3.1478,0.16367,0.75914,6.7203
4.1486,2.2321,3.1478,0.41823,1.5793,6.7086
4.1486,2.2321,3.148,0.8218,2.4807,6.7142
4.1487,2.2322,3.1481,1.2269,3.2241,6.7123
4.1487,2.2322,3.1483,1.3341,3.5441,6.7048
4.1488,2.2323,3.1485,1.1897,3.3001,6.7055
4.1488,2.2324,3.1486,0.91488,2.4898,6.7202
4.1489,2.2324,3.1487,0.55128,1.2364,6.7143
4.1489,2.2324,3.1487,-0.060774,-0.22778,6.7128
4.149,2.2323,3.1486,-0.64475,-1.536,6.7231
4.1491,2.2323,3.1485,-0.92392,-2.3133,6.7261
4.1491,2.2323,3.1484,-0.90435,-2.3142,6.7163
4.1492,2.2322,3.1483,-0.71511,-1.4907,6.717
4.1492,2.2322,3.1483,-0.13703,0.044162,6.7294
4.1493,2.2322,3.1484,0.62701,1.9502,6.712
4.1493,2.2323,3.1486,1.4279,3.7405,6.7112
4.1494,2.2324,3.1488,1.9037,4.901,6.7192
4.1494,2.2325,3.1491,1.9675,5.1011,6.7135
4.1495,2.2326,3.1493,1.597,4.3014,6.7006
4.1495,2.2327,3.1495,1.0392,2.6971,6.7126
4.1496,2.2327,3.1495,0.16007,0.66511,6.7035
4.1496,2.2326,3.1494,-0.63618,-1.2685,6.6987
4.1497,2.2326,3.1493,-1.1692,-2.6582,6.703
4.1497,2.2325,3.1491,-1.2352,-3.3057,6.6952
4.1498,2.2324,3.149,-1.0765,-3.2412,6.6874
4.1498,2.2324,3.1488,-0.78473,-2.6404,6.692
4.1499,2.2324,3.1487,-0.48711,-1.7331,6.7008
4.1499,2.2324,3.1487,-0.11477,-0.84291,6.7057
4.15,2.2324,3.1487,-0.072863,-0.22872,6.7115
4.1501,2.2324,3.1487,-0.090775,0.0046648,6.7153
4.1501,2.2324,3.1487,-0.052525,-0.18732,6.7076
4.1502,2.2324,3.1486,-0.14173,-0.83414,6.7138
4.1502,2.2323,3.1485,-0.5332,-1.745,6.7143
4.1503,2.2323,3.1484,-0.86605,-2.5732,6.7089
4.1503,2.2322,3.1482,-1.1178,-2.929,6.7133
4.1504,2.2322,3.1481,-1.1449,-2.5233,6.7248
4.1504,2.2321,3.148,-0.77773,-1.2256,6.7228
4.1505,2.2321,3.1481,0.10415,0.80909,6.7214
4.1505,2.2322,3.1482,1.1997,3.0923,6.7362
4.1506,2.2323,3.1485,2.0053,4.9768,6.7333
4.1506,2.2324,3.1488,2.3311,5.9943,6.7251
4.1507,2.2325,3.1491,2.2686,5.9533,6.7369
4.1507,2.2326,3.1494,1.7578,4.9687,6.7368
4.1508,2.2327,3.1496,0.99159,3.4332,6.7227
4.1508,2.2327,3.1497,0.38933,1.8544,6.7303
4.1509,2.2327,3.1497,0.043295,0.6188,6.7342
4.1509,2.2327,3.1497,-0.10147,-0.11812,6.7238
4.151,2.2327,3.1497,-0.12692,-0.39821,6.7329
4.1511,2.2327,3.1497,-0.072928,-0.36976,6.7331
4.1511,2.2327,3.1496,-0.0067428,-0.21342,6.7292
4.1512,2.2327,3.1496,0.020241,-0.076649,6.7303
4.1512,2.2327,3.1496,0,-0.011884,6.7379
4.1513,2.2327,3.1496,0,0.0092958,6.7332
4.1513,2.2327,3.1496,0,0.026953,6.7226
4.1514,2.2327,3.1496,-0.013486,0.072177,6.7389
4.1514,2.2327,3.1497,0.0044995,0.15508,6.7464
4.1515,2.2327,3.1497,0.048596,0.23006,6.742
4.1515,2.2327,3.1497,0.098018,0.19536,6.7502
4.1516,2.2327,3.1497,0.063051,-0.061308,6.7598
4.1516,2.2327,3.1496,-0.090995,-0.58832,6.7451
4.1517,2.2327,3.1496,-0.33947,-1.3253,6.7508
4.1517,2.2326,3.1495,-0.67946,-2.1142,6.7608
4.1518,2.2326,3.1493,-1.0437,-2.7182,6.7507
4.1518,2.2325,3.1492,-1.1746,-2.9454,6.75
4.1519,2.2325,3.149,-0.98707,-2.4443,6.7583
4.1519,2.2324,3.149,-0.56594,-1.2244,6.7528
4.152,2.2324,3.149,-0.06107,0.14291,6.7511
4.1521,2.2325,3.149,0.41775,1.1889,6.7685
4.1521,2.2325,3.1491,0.84232,1.6461,6.7672
4.1522,2.2326,3.1492,1.0567,1.1356,6.753
4.1522,2.2326,3.1492,0.95968,-0.32975,6.7647
4.1523,2.2327,3.1491,0.70797,-2.0666,6.7595
4.1523,2.2327,3.1489,0.35993,-2.9889,6.7488
4.1524,2.2327,3.1488,-0.21124,-2.7789,6.7516
4.1524,2.2326,3.1487,-0.7819,-1.8732,6.7571
4.1525,2.2326,3.1486,-1.1226,-0.40987,6.7503
4.1525,2.2325,3.1487,-1.0728,1.2753,6.7528
4.1526,2.2325,3.1488,-0.64274,2.2395,6.7654
4.1526,2.2325,3.1489,-0.15316,2.0985,6.7626
4.1527,2.2325,3.149,0.23549,1.6418,6.7585
4.1527,2.2325,3.1491,0.38055,0.9941,6.7685
4.1528,2.2325,3.1491,0.13177,0.1099,6.7638
4.1528,2.2325,3.149,-0.29343,-0.99094,6.7502
4.1529,2.2325,3.1489,-0.58924,-1.8801,6.7601
4.1529,2.2324,3.1488,-0.72399,-2.6973,6.7565
4.153,2.2324,3.1486,-0.56834,-3.3591,6.7447
4.1531,2.2324,3.1484,-0.40119,-3.6241,6.7533
4.1531,2.2323,3.1483,-0.3214,-2.8073,6.7571
4.1532,2.2323,3.1482,-0.32004,-1.669,6.7434
4.1532,2.2323,3.1482,-0.34143,-0.46886,6.7401
4.1533,2.2323,3.1482,-0.41095,0.52476,6.7431
4.1533,2.2323,3.1483,-0.32627,1.4273,6.7288
4.1534,2.2323,3.1483,-0.22996,1.425,6.7296
4.1534,2.2323,3.1484,-0.074407,0.96353,6.7324
4.1535,2.2323,3.1484,0.029315,0.19602,6.7229
4.1535,2.2323,3.1484,0.027293,-0.48078,6.7166
4.1536,2.2323,3.1483,-0.040457,-1.4242,6.7333
4.1536,2.2323,3.1482,-0.041778,-2.0834,6.7304
4.1537,2.2323,3.1481,-0.036937,-2.1238,6.7136
4.1537,2.2323,3.148,0.060197,-1.0573,6.7172
4.1538,2.2323,3.148,0.25714,0.49455,6.7126
4.1538,2.2323,3.1482,0.58887,2.4593,6.7047
4.1539,2.2323,3.1484,0.88798,4.1947,6.7047
4.1539,2.2324,3.1487,1.0211,5.1913,6.7121
4.154,2.2325,3.1489,0.97687,4.4329,6.7065
4.1541,2.2325,3.149,0.96955,2.5183,6.7069
4.1541,2.2326,3.149,0.87602,-0.029479,6.7157
4.1542,2.2326,3.1489,0.77125,-2.4051,6.7077
4.1542,2.2326,3.1487,0.78339,-3.9252,6.707
4.1543,2.2327,3.1485,0.91811,-4.0001,6.7131
4.1543,2.2327,3.1483,0.80672,-3.018,6.7102
4.1544,2.2328,3.1483,0.54464,-1.5382,6.7081
4.1544,2.2328,3.1482,0.19484,-0.71111,6.7166
4.1545,2.2328,3.1482,7.3596e-05,-0.53631,6.7171
4.1545,2.2328,3.1481,-0.22765,-1.1706,6.7154
4.1546,2.2327,3.148,-0.38211,-2.4162,6.7234
4.1546,2.2327,3.1478,-0.57334,-3.7491,6.7272
4.1547,2.2327,3.1476,-0.77145,-4.4376,6.7122
4.1547,2.2326,3.1473,-1.2013,-4.7278,6.7214
4.1548,2.2325,3.1471,-1.5318,-4.7184,6.7252
4.1548,2.2324,3.1468,-1.6619,-4.4789,6.7149
4.1549,2.2324,3.1466,-1.3716,-3.7905,6.7159
4.1549,2.2323,3.1465,-0.84771,-2.3423,6.7255
4.155,2.2323,3.1465,-0.15077,-0.23975,6.72
4.1551,2.2323,3.1466,0.41911,2.4493,6.7128
4.1551,2.2324,3.1469,0.84289,5.3968,6.7287
4.1552,2.2324,3.1473,0.98455,7.6759,6.7376
4.1552,2.2325,3.1477,0.92397,8.0736,6.7293
4.1553,2.2325,3.1481,0.68678,6.3928,6.7379
4.1553,2.2325,3.1482,0.47016,3.0999,6.7334
4.1554,2.2325,3.1482,0.24084,-0.78886,6.729
4.1554,2.2325,3.148,0.0082386,-4.4142,6.7421
4.1555,2.2325,3.1476,-0.24193,-6.4588,6.7444
4.1555,2.2325,3.1473,-0.39242,-6.4312,6.7381
4.1556,2.2325,3.147,-0.43289,-4.5039,6.7456
4.1556,2.2325,3.147,-0.45601,-1.6471,6.7605
4.1557,2.2324,3.147,-0.44341,1.5893,6.7602
4.1557,2.2324,3.1473,-0.3008,4.5448,6.7656
4.1558,2.2324,3.1476,-0.17391,6.3141,6.7802
4.1558,2.2324,3.148,-0.21281,6.5752,6.7704
4.1559,2.2324,3.1483,-0.3384,5.6823,6.7707
4.1559,2.2324,3.1485,-0.41524,3.942,6.7799
4.156,2.2323,3.1486,-0.44935,2.1604,6.7814
4.1561,2.2323,3.1486,-0.36334,0.93629,6.7717
4.1561,2.2323,3.1487,-0.08328,0.44424,6.7879
4.1562,2.2323,3.1487,0.39855,0.77509,6.7957
4.1562,2.2324,3.1488,0.78076,1.1557,6.789
4.1563,2.2324,3.1488,0.91171,0.87345,6.7999
4.1563,2.2325,3.1488,0.77792,-0.12591,6.7983
4.1564,2.2325,3.1487,0.46939,-1.2458,6.7863
4.1564,2.2325,3.1486,0.014244,-2.0764,6.7897
4.1565,2.2325,3.1485,-0.28305,-2.4457,6.8002
4.1565,2.2325,3.1484,-0.36614,-2.2482,6.7916
4.1566,2.2325,3.1483,-0.181,-0.70828,6.7954
4.1566,2.2325,3.1484,0.080345,0.71021,6.8087
4.1567,2.2325,3.1485,0.34412,1.3946,6.8067
4.1567,2.2325,3.1485,0.46352,1.7723,6.7981
4.1568,2.2325,3.1487,0.46977,2.1169,6.8029
4.1568,2.2325,3.1487,0.31724,1.1745,6.8028
4.1569,2.2325,3.1487,0.17261,-0.077202,6.7945
4.1569,2.2326,3.1486,0.040007,-1.4407,6.7966
4.157,2.2325,3.1485,-0.01795,-2.0936,6.8032
4.1571,2.2325,3.1484,-0.035678,-2.9461,6.7911
4.1571,2.2325,3.1482,-0.0067694,-2.7788,6.8055
4.1572,2.2325,3.1481,-0.029851,-1.5814,6.814
4.1572,2.2325,3.1482,-0.021652,0.3164,6.8029
4.1573,2.2325,3.1482,-0.053885,1.704,6.8051
4.1573,2.2325,3.1484,-0.027106,3.6854,6.8162
4.1574,2.2325,3.1487,0.060432,4.583,6.8081
4.1574,2.2326,3.1489,0.2607,4.5172,6.7991
4.1575,2.2326,3.1491,0.47913,3.1013,6.8119
4.1575,2.2326,3.1492,0.69603,1.3039,6.8112
4.1576,2.2327,3.1491,0.70453,-1.2153,6.7992
4.1576,2.2327,3.1489,0.56824,-3.047,6.8098
4.1577,2.2327,3.1487,0.20581,-4.1216,6.812
4.1577,2.2327,3.1485,-0.20581,-3.7197,6.8028
4.1578,2.2327,3.1483,-0.56824,-3.3109,6.8054
4.1578,2.2326,3.1482,-0.69106,-2.6341,6.8157
4.1579,2.2326,3.1481,-0.71399,-2.6597,6.8076
4.1579,2.2326,3.1479,-0.52317,-3.0392,6.7995
4.158,2.2325,3.1477,-0.29662,-3.715,6.8076
4.1581,2.2325,3.1475,-0.04348,-3.513,6.8017
4.1581,2.2325,3.1474,0.12347,-2.8684,6.7942
4.1582,2.2326,3.1473,0.29763,-1.4281,6.8107
4.1582,2.2326,3.1473,0.41329,-0.13859,6.8099
4.1583,2.2326,3.1473,0.47016,0.84821,6.8009
4.1583,2.2326,3.1474,0.32172,0.93705,6.8079
4.1584,2.2326,3.1474,0.11822,0.5241,6.8046
4.1584,2.2326,3.1474,-0.18696,-0.19127,6.7978
4.1585,2.2326,3.1474,-0.42379,-0.69539,6.7979
4.1585,2.2326,3.1473,-0.4892,-0.85632,6.8042
4.1586,2.2326,3.1473,-0.26089,-0.29151,6.7965
4.1586,2.2326,3.1473,0.14473,0.60274,6.7981
4.1587,2.2326,3.1474,0.65242,1.6524,6.8081
4.1587,2.2327,3.1475,1.01,2.1937,6.8012
4.1588,2.2327,3.1477,1.0368,2.1551,6.8029
4.1588,2.2327,3.1477,0.64316,1.515,6.8079
4.1589,2.2327,3.1478,0.076133,0.55262,6.803
4.1589,2.2327,3.1477,-0.50934,-0.42708,6.7967
4.159,2.2327,3.1477,-0.93539,-0.74131,6.7982
4.1591,2.2326,3.1477,-1.0619,-0.51205,6.7971
4.1591,2.2326,3.1477,-0.81851,0.02647,6.789
4.1592,2.2325,3.1477,-0.46242,0.032356,6.8004
4.1592,2.2325,3.1477,-0.16167,-0.12689,6.8079
4.1593,2.2325,3.1476,0.010467,-0.59258,6.7992
4.1593,2.2325,3.1476,0.097992,-1.2391,6.8036
4.1594,2.2325,3.1475,0.084105,-1.8148,6.8118
4.1594,2.2325,3.1474,0.013499,-1.5666,6.807
4.1595,2.2325,3.1473,-0.020228,-1.0948,6.8074
4.1595,2.2325,3.1473,0,-0.57087,6.8099
4.1596,2.2325,3.1473,0,-0.27921,6.8051
4.1596,2.2325,3.1473,0,0.037359,6.8068
4.1597,2.2325,3.1473,0,0.18041,6.8181
4.1597,2.2325,3.1473,0,0.17803,6.8117
4.1598,2.2325,3.1473,0,0.13797,6.8082
4.1598,2.2325,3.1473,0,0.24325,6.8219
4.1599,2.2325,3.1473,0,0.14456,6.829
4.1599,2.2325,3.1473,0,-0.067775,6.8209
4.16,2.2325,3.1473,0,-0.19658,6.8259
4.1601,2.2325,3.1473,0.020228,-0.49855,6.8274
4.1601,2.2325,3.1473,-0.0067468,-0.68256,6.8153
4.1602,2.2325,3.1472,-0.093109,-0.5388,6.8172
4.1602,2.2325,3.1472,-0.12007,0.037034,6.8296
4.1603,2.2325,3.1473,-0.028474,0.94231,6.8237
4.1603,2.2325,3.1474,0.17017,2.3808,6.8251
4.1604,2.2326,3.1476,0.51071,3.8435,6.8368
4.1604,2.2326,3.1479,0.94069,4.8745,6.8279
4.1605,2.2327,3.1481,1.2537,4.526,6.8208
4.1605,2.2327,3.1483,1.1621,3.1778,6.8293
4.1606,2.2328,3.1483,0.65719,1.0552,6.8242
4.1606,2.2328,3.1483,0,-1.3657,6.8164
4.1607,2.2327,3.1481,-0.65719,-3.48,6.8213
4.1607,2.2327,3.1479,-1.1621,-4.2464,6.8259
4.1608,2.2326,3.1476,-1.2537,-4.0262,6.8192
4.1608,2.2326,3.1475,-0.94069,-3.0725,6.823
4.1609,2.2325,3.1474,-0.51071,-1.9846,6.8398
4.1609,2.2325,3.1473,-0.17017,-0.92097,6.8242
4.161,2.2325,3.1473,0.028474,-0.21423,6.8251
4.1611,2.2325,3.1473,0.12007,0.06584,6.826
4.1611,2.2325,3.1473,0.093109,0.093739,6.8217
4.1612,2.2325,3.1473,0.0067468,0.1846,6.8161
4.1612,2.2325,3.1473,-0.020228,0.17198,6.8297
4.1613,2.2325,3.1474,0,0.16913,6.8283
4.1613,2.2325,3.1474,0,0.1494,6.8303
4.1614,2.2325,3.1474,0.020228,0.03606,6.8464
4.1614,2.2325,3.1474,-0.0067468,-0.12636,6.8542
4.1615,2.2325,3.1473,-0.093109,-0.26195,6.8432
4.1615,2.2325,3.1473,-0.099852,-0.21606,6.8508
4.1616,2.2325,3.1473,-0.055434,0.11493,6.8567
4.1616,2.2325,3.1474,0.10406,0.79967,6.8485
4.1617,2.2326,3.1475,0.47702,1.7651,6.8504
4.1617,2.2326,3.1476,0.93915,2.7674,6.867
4.1618,2.2327,3.1478,1.3322,3.4616,6.8546
4.1618,2.2328,3.148,1.4943,3.6164,6.8594
4.1619,2.2328,3.1482,1.2302,3.1098,6.8723
4.1619,2.2329,3.1483,0.75749,2.0697,6.8636
4.162,2.2329,3.1483,0.13795,0.77825,6.8595
4.1621,2.2329,3.1483,-0.38779,-0.42026,6.8559
4.1621,2.2328,3.1482,-0.60397,-1.2985,6.857
4.1622,2.2328,3.1481,-0.55433,-1.8052,6.8433
4.1622,2.2328,3.148,-0.46781,-2.0335,6.8526
4.1623,2.2328,3.1479,-0.30601,-2.081,6.8583
4.1623,2.2327,3.1478,-0.39143,-2.0522,6.8478
4.1624,2.2327,3.1477,-0.50409,-1.9265,6.8571
4.1624,2.2327,3.1476,-0.53642,-1.6129,6.8609
4.1625,2.2327,3.1475,-0.42239,-1.1085,6.8488
4.1625,2.2326,3.1475,-0.18289,-0.52789,6.8541
4.1626,2.2326,3.1475,0.078908,-0.0097307,6.8611
4.1626,2.2327,3.1475,0.084673,0.31185,6.8518
4.1627,2.2327,3.1476,0.041586,0.3676,6.8505
4.1627,2.2326,3.1476,-0.14715,0.23084,6.8603
4.1628,2.2326,3.1476,-0.3047,0.069549,6.8555
4.1628,2.2326,3.1476,-0.24691,0.040165,6.8508
4.1629,2.2326,3.1476,0.026971,0.093553,6.8655
4.1629,2.2326,3.1476,0.29283,0.10029,6.858
4.163,2.2327,3.1476,0.33842,-0.025414,6.8532
4.1631,2.2327,3.1476,0.14866,-0.34407,6.8604
4.1631,2.2327,3.1475,-0.12018,-0.85046,6.859
4.1632,2.2326,3.1474,-0.39677,-1.3507,6.8516
4.1632,2.2326,3.1474,-0.67909,-1.6276,6.8565
4.1633,2.2326,3.1473,-0.64089,-1.4854,6.8618
4.1633,2.2325,3.1472,-0.44694,-1.1546,6.8501
4.1634,2.2325,3.1472,-0.18539,-0.74789,6.8472
4.1634,2.2325,3.1472,0.065332,0.055759,6.8643
4.1635,2.2326,3.1473,0.44542,1.3003,6.8548
4.1635,2.2326,3.1474,0.78555,2.7299,6.8422
4.1636,2.2327,3.1476,1.072,4.2956,6.844
4.1636,2.2327,3.1479,1.0376,5.6927,6.8392
4.1637,2.2328,3.1482,0.85312,6.1629,6.8289
4.1637,2.2328,3.1485,0.30899,4.9202,6.8404
4.1638,2.2328,3.1486,-0.30899,1.8941,6.8456
4.1638,2.2327,3.1485,-0.85312,-1.4969,6.8397
4.1639,2.2327,3.1483,-1.0578,-4.3357,6.8507
4.1639,2.2326,3.148,-1.045,-5.9556,6.8589
4.164,2.2326,3.1477,-0.71941,-5.6318,6.847
4.1641,2.2325,3.1475,-0.39148,-3.371,6.8494
4.1641,2.2325,3.1475,-0.09079,-0.69085,6.8467
4.1642,2.2325,3.1475,0.040672,1.2992,6.8474
4.1642,2.2325,3.1476,0.080907,1.6996,6.8415
4.1643,2.2325,3.1477,0.045919,1.2668,6.8477
4.1643,2.2325,3.1477,0.026971,0.042448,6.8474
4.1644,2.2325,3.1476,-0.020228,-1.5285,6.8384
4.1644,2.2325,3.1475,0.01347,-2.4502,6.8547
4.1645,2.2325,3.1474,-0.0044859,-1.9443,6.8532
4.1645,2.2325,3.1473,-0.048532,-0.82061,6.848
4.1646,2.2325,3.1474,-0.084466,0.89702,6.8459
4.1646,2.2325,3.1475,-0.060791,2.7608,6.844
4.1647,2.2325,3.1478,0.026533,4.407,6.8334
4.1647,2.2326,3.148,0.24824,4.8884,6.8326
4.1648,2.2326,3.1483,0.61313,4.162,6.8357
4.1648,2.2326,3.1484,1.0741,3.037,6.8355
4.1649,2.2327,3.1485,1.4444,2.0107,6.8346
4.1649,2.2328,3.1486,1.6827,1.078,6.8402
4.165,2.2329,3.1486,1.7586,0.98671,6.8341
4.1651,2.233,3.1487,1.6631,1.7096,6.8294
4.1651,2.2331,3.1488,1.3715,2.3991,6.8329
4.1652,2.2331,3.149,1.0464,2.5792,6.8239
4.1652,2.2332,3.1491,0.74419,2.2557,6.8186
4.1653,2.2332,3.1492,0.48654,1.7171,6.8214
4.1653,2.2332,3.1492,0.24322,0.9219,6.8215
4.1654,2.2332,3.1492,0.087677,0.13055,6.8178
4.1654,2.2332,3.1492,-0.010344,-0.2462,6.8228
4.1655,2.2332,3.1492,-0.013564,-0.22029,6.8347
4.1655,2.2332,3.1492,0.030586,-0.15082,6.8207
4.1656,2.2332,3.1492,0.10247,-0.084321,6.8218
4.1656,2.2332,3.1492,0.11931,-0.2787,6.8297
4.1657,2.2332,3.1491,-0.043245,-0.92974,6.8198
4.1657,2.2332,3.149,-0.4819,-2.1349,6.8128
4.1658,2.2331,3.1488,-1.1102,-3.5898,6.8192
4.1658,2.233,3.1486,-1.7636,-4.7989,6.8175
4.1659,2.2329,3.1483,-2.1019,-5.1683,6.8115
4.1659,2.2328,3.1481,-1.9101,-4.3386,6.8193
4.166,2.2328,3.148,-1.1819,-2.2948,6.8193
4.1661,2.2328,3.148,0.026949,0.4519,6.8085
4.1661,2.2328,3.1482,1.2278,3.0968,6.809
4.1662,2.2329,3.1484,1.964,4.8674,6.8085
4.1662,2.233,3.1487,2.0764,5.3045,6.7982
4.1663,2.2331,3.1489,1.5988,4.4478,6.7969
4.1663,2.2332,3.1491,0.77146,2.7718,6.8075
4.1664,2.2332,3.1491,-0.046505,0.92214,6.7988
4.1664,2.2331,3.1491,-0.54771,-0.56387,6.8022
4.1665,2.2331,3.149,-0.56364,-1.3645,6.8056
4.1665,2.2331,3.1489,-0.39814,-1.5955,6.8036
4.1666,2.2331,3.1489,-0.30127,-1.501,6.7996
4.1666,2.233,3.1488,-0.20064,-1.3053,6.8036
4.1667,2.233,3.1487,-0.27276,-1.1039,6.7984
4.1667,2.233,3.1487,-0.40865,-0.93863,6.7924
4.1668,2.233,3.1486,-0.45622,-0.78779,6.8013
4.1668,2.233,3.1486,-0.33047,-0.64654,6.802
4.1669,2.233,3.1486,-0.2141,-0.56538,6.7993
4.1669,2.2329,3.1485,-0.20337,-0.75469,6.8112
4.167,2.2329,3.1485,-0.4327,-1.2504,6.819
4.1671,2.2329,3.1484,-0.63738,-1.8991,6.8075
4.1671,2.2328,3.1482,-0.95692,-2.5307,6.8177
4.1672,2.2328,3.1481,-1.0947,-2.9793,6.8219
4.1672,2.2327,3.1479,-1.0094,-3.1376,6.8104
4.1673,2.2327,3.1478,-0.81949,-2.9721,6.8073
4.1673,2.2327,3.1476,-0.70219,-2.5938,6.8209
4.1674,2.2326,3.1475,-0.61073,-2.1758,6.8184
4.1674,2.2326,3.1474,-0.57122,-1.7242,6.807
4.1675,2.2326,3.1474,-0.47452,-1.1218,6.8225
4.1675,2.2326,3.1473,-0.25765,-0.26581,6.8241
4.1676,2.2326,3.1474,0.12449,0.55171,6.8151
4.1676,2.2326,3.1474,0.65592,1.394,6.8204
4.1677,2.2327,3.1476,1.102,2.1979,6.8108
4.1677,2.2327,3.1477,1.2864,2.7495,6.8092
4.1678,2.2328,3.1478,1.0648,2.8024,6.8014
4.1678,2.2328,3.148,0.65222,2.7055,6.8129
4.1679,2.2328,3.1481,0.11419,2.5448,6.8057
4.1679,2.2328,3.1482,-0.28128,2.0495,6.814
4.168,2.2328,3.1483,-0.43718,1.0593,6.8284
4.1681,2.2328,3.1483,-0.18364,0.24474,6.8205
4.1681,2.2328,3.1483,0.17815,-0.27928,6.8218
4.1682,2.2328,3.1483,0.4375,-0.58454,6.826
4.1682,2.2328,3.1482,0.34687,-0.70409,6.823
4.1683,2.2328,3.1482,0.11211,-0.16922,6.8159
4.1683,2.2328,3.1482,-0.21644,0.45893,6.8232
4.1684,2.2328,3.1483,-0.47187,0.45659,6.8258
4.1684,2.2328,3.1483,-0.52834,0.037534,6.8203
4.1685,2.2327,3.1482,-0.44742,-0.28976,6.8324
4.1685,2.2327,3.1482,-0.42545,-0.76008,6.848
4.1686,2.2327,3.1481,-0.47197,-1.3696,6.8391
4.1686,2.2327,3.148,-0.60466,-1.8709,6.8432
4.1687,2.2326,3.1479,-0.6777,-1.871,6.8502
4.1687,2.2326,3.1479,-0.42446,-1.4829,6.8414
4.1688,2.2326,3.1478,0.13054,-0.79477,6.838
4.1688,2.2326,3.1478,0.78796,0.27878,6.8479
4.1689,2.2327,3.1479,1.3041,1.7497,6.8452
4.1689,2.2328,3.1481,1.5127,2.7278,6.8429
4.169,2.2329,3.1482,1.2887,2.9287,6.8574
4.1691,2.2329,3.1483,0.78836,2.3416,6.857
4.1691,2.2329,3.1484,0.15538,1.2227,6.8523
4.1692,2.2329,3.1484,-0.27062,0.050967,6.859
4.1692,2.2329,3.1484,-0.48717,-1.0808,6.8619
4.1693,2.2328,3.1483,-0.49384,-1.7115,6.8489
4.1693,2.2328,3.1482,-0.33752,-1.5096,6.8492
4.1694,2.2328,3.1481,-0.13065,-0.76366,6.8537
4.1694,2.2328,3.1482,0.028504,0.39485,6.8459
4.1695,2.2328,3.1483,0.32802,1.9817,6.8512
4.1695,2.2329,3.1484,0.54788,3.3883,6.8631
4.1696,2.2329,3.1487,0.66175,4.1141,6.8538
4.1696,2.2329,3.1488,0.65701,3.4446,6.8457
4.1697,2.233,3.1489,0.48923,1.5776,6.8537
4.1697,2.233,3.1489,-0.020623,-0.89586,6.8404
4.1698,2.2329,3.1487,-0.64694,-3.1776,6.8351
4.1698,2.2329,3.1485,-1.1331,-4.7736,6.8358
4.1699,2.2328,3.1482,-1.275,-4.8176,6.8359
4.1699,2.2327,3.148,-1.244,-3.4703,6.824
4.17,2.2327,3.148,-0.8878,-1.3424,6.8318
4.1701,2.2327,3.148,-0.28509,0.94295,6.8349
4.1701,2.2327,3.1482,0.20583,2.8073,6.8279
4.1702,2.2327,3.1484,0.28446,4.2321,6.835
4.1702,2.2327,3.1486,0.14051,4.8476,6.8305
4.1703,2.2327,3.1488,-0.12374,4.1074,6.8261
4.1703,2.2327,3.149,-0.48105,2.1362,6.8199
4.1704,2.2326,3.1489,-0.85529,-0.49201,6.8238
4.1704,2.2326,3.1487,-0.87909,-3.5458,6.8158
4.1705,2.2326,3.1484,-0.60596,-6.1536,6.8105
4.1705,2.2325,3.148,-0.25743,-7.2578,6.8225
4.1706,2.2325,3.1477,0.13558,-6.3253,6.8251
4.1706,2.2326,3.1475,0.55551,-3.7444,6.8179
4.1707,2.2326,3.1475,0.94658,-0.46683,6.8244
4.1707,2.2327,3.1476,1.1327,2.6302,6.8224
4.1708,2.2327,3.1479,1.1181,4.8719,6.8137
4.1708,2.2328,3.1482,1.077,5.6432,6.8086
4.1709,2.2329,3.1484,0.97298,4.8996,6.8195
4.1709,2.2329,3.1486,0.76303,3.4254,6.8077
4.171,2.2329,3.1487,0.66585,1.9425,6.8104
4.1711,2.233,3.1488,0.65015,0.70279,6.8202
4.1711,2.233,3.1487,0.66165,-0.2805,6.8184
4.1712,2.233,3.1487,0.47813,-0.42684,6.8165
4.1712,2.233,3.1487,0.055572,-0.17353,6.8252
4.1713,2.233,3.1487,-0.46773,0.30024,6.8164
4.1713,2.233,3.1488,-0.93158,0.89131,6.8063
4.1714,2.2329,3.1488,-1.258,1.4759,6.8102
4.1714,2.2328,3.149,-1.1443,1.9894,6.8196
4.1715,2.2328,3.1491,-0.68474,1.967,6.8107
4.1715,2.2328,3.1491,-0.1433,0.84359,6.8182
4.1716,2.2328,3.1491,0.18289,-0.61573,6.8251
4.1716,2.2328,3.149,0.27453,-2.2735,6.8136
4.1717,2.2328,3.1488,0.29243,-3.3459,6.8164
4.1717,2.2328,3.1486,0.36553,-2.8759,6.827
4.1718,2.2329,3.1486,0.51712,-0.64214,6.8162
4.1718,2.2329,3.1487,0.86626,2.6924,6.8172
4.1719,2.233,3.1491,1.1619,6.435,6.8217
4.1719,2.233,3.1495,1.135,8.6905,6.8144
4.172,2.2331,3.15,0.73107,9.0717,6.811
4.1721,2.2331,3.1504,0.19957,7.5388,6.8314
4.1721,2.2331,3.1507,-0.30564,4.8041,6.8407
4.1722,2.233,3.1508,-0.6113,1.8513,6.8353
4.1722,2.233,3.1508,-0.645,0.022998,6.8409
4.1723,2.233,3.1507,-0.41558,-0.8102,6.8495
4.1723,2.233,3.1507,-0.13507,-0.48219,6.8462
4.1724,2.233,3.1507,0.096803,0.036833,6.8496
4.1724,2.233,3.1507,0.20981,0.10957,6.8571
4.1725,2.233,3.1507,0.29359,-0.59824,6.8467
4.1725,2.233,3.1506,0.22961,-1.9826,6.8602
4.1726,2.233,3.1503,0.096308,-3.9335,6.8754
4.1726,2.233,3.1501,-0.081813,-5.3956,6.8744
4.1727,2.233,3.1497,-0.27116,-6.1598,6.8767
4.1727,2.233,3.1494,-0.45262,-5.6783,6.8918
4.1728,2.233,3.1492,-0.53083,-3.8279,6.8887
4.1728,2.2329,3.1492,-0.53891,-1.3686,6.8866
4.1729,2.2329,3.1492,-0.38736,1.2326,6.8946
4.1729,2.2329,3.1494,-0.22106,3.449,6.8899
4.173,2.2329,3.1496,-0.10995,4.439,6.8888
4.1731,2.2329,3.1499,-0.039003,4.3229,6.9002
4.1731,2.2329,3.1501,0.0089984,3.6012,6.9064
4.1732,2.2329,3.1502,0.040835,2.4573,6.8961
4.1732,2.2329,3.1503,0.13245,1.6278,6.9029
4.1733,2.2329,3.1503,0.26116,1.1114,6.9129
4.1733,2.2329,3.1504,0.42363,0.88368,6.903
4.1734,2.233,3.1504,0.48433,0.91796,6.9023
4.1734,2.233,3.1505,0.3101,0.52558,6.9098
4.1735,2.233,3.1504,-0.046923,-0.4812,6.9049
4.1735,2.2329,3.1504,-0.54604,-1.6434,6.903
4.1736,2.2329,3.1502,-1.0915,-3.1486,6.9171
4.1736,2.2328,3.1499,-1.4663,-4.8017,6.9196
4.1737,2.2327,3.1496,-1.5768,-5.9638,6.9156
4.1737,2.2326,3.1493,-1.4524,-6.2134,6.9271
4.1738,2.2326,3.149,-1.1429,-5.6076,6.9364
4.1738,2.2325,3.1487,-0.7399,-4.7111,6.9235
4.1739,2.2325,3.1486,-0.3401,-3.3503,6.9212
4.1739,2.2325,3.1485,-0.013486,-1.3354,6.9382
4.174,2.2325,3.1485,0.35808,0.26397,6.9281
4.1741,2.2326,3.1486,0.78399,0.99977,6.9275
4.1741,2.2326,3.1487,1.1924,1.943,6.9357
4.1742,2.2327,3.1488,1.4174,2.8201,6.9346
4.1742,2.2328,3.149,1.4362,2.6754,6.9304
4.1743,2.2329,3.1491,1.1863,2.0972,6.9399
4.1743,2.2329,3.1492,0.72533,2.3538,6.9318
4.1744,2.2329,3.1494,0.20326,3.0473,6.9246
4.1744,2.2329,3.1495,-0.049132,3.2836,6.9275
4.1745,2.2329,3.1497,-0.087108,3.339,6.9238
4.1745,2.2329,3.1499,0.048539,3.8339,6.9172
4.1746,2.2329,3.1501,0.22408,3.5104,6.9182
4.1746,2.2329,3.1502,0.40865,2.1146,6.9221
4.1747,2.233,3.1502,0.44075,0.45013,6.9101
4.1747,2.233,3.1502,0.32409,-0.4625,6.9133
4.1748,2.233,3.1501,0.11996,-1.5843,6.9171
4.1748,2.233,3.15,-0.047928,-2.9715,6.9011
4.1749,2.233,3.1497,-0.29195,-4.5384,6.9039
4.1749,2.2329,3.1494,-0.60367,-5.4927,6.9066
4.175,2.2329,3.1491,-0.86918,-6.5095,6.8984
4.1751,2.2328,3.1487,-1.052,-6.8458,6.8971
4.1751,2.2328,3.1484,-1.1379,-6.3242,6.912
4.1752,2.2327,3.1482,-1.1441,-4.0158,6.9121
4.1752,2.2327,3.1481,-0.96161,-1.252,6.9117
4.1753,2.2326,3.1482,-0.67961,1.2975,6.9187
4.1753,2.2326,3.1483,-0.39917,3.0155,6.9161
4.1754,2.2326,3.1486,-0.1828,3.8771,6.9067
4.1754,2.2326,3.1487,0.069483,3.0299,6.9121
4.1755,2.2326,3.1488,0.19127,1.3318,6.9148
4.1755,2.2326,3.1488,0.32725,0.19139,6.9003
4.1756,2.2327,3.1488,0.54504,0.38459,6.8981
4.1756,2.2327,3.1489,0.85273,1.2694,6.9105
4.1757,2.2328,3.149,1.0577,2.5942,6.9043
4.1757,2.2328,3.1492,1.1644,4.2478,6.896
4.1758,2.2329,3.1495,1.0766,4.6673,6.9093
4.1758,2.2329,3.1497,0.76808,3.5789,6.9038
4.1759,2.2329,3.1498,0.25586,2.0325,6.8952
4.1759,2.2329,3.1498,-0.14386,1.3344,6.8984
4.176,2.2329,3.1499,-0.24908,0.85837,6.8985
4.1761,2.2329,3.15,-0.16566,1.0879,6.89
4.1761,2.2329,3.1501,0.018067,1.9838,6.889
4.1762,2.2329,3.1502,0.26003,3.2011,6.8968
4.1762,2.2329,3.1504,0.46623,2.9373,6.8868
4.1763,2.233,3.1505,0.42728,1.6435,6.898
4.1763,2.233,3.1504,0.29798,-0.44212,6.908
4.1764,2.233,3.1503,0.12359,-2.8647,6.8917
4.1764,2.233,3.15,-0.043562,-5.5672,6.9014
4.1765,2.233,3.1497,-0.29696,-6.5281,6.9041
4.1765,2.2329,3.1494,-0.52371,-5.6087,6.9058
4.1766,2.2329,3.1492,-0.71469,-3.1913,6.9006
4.1766,2.2329,3.1492,-0.69171,-0.30103,6.9091
4.1767,2.2328,3.1493,-0.56874,2.758,6.917
4.1767,2.2328,3.1495,-0.20599,4.2126,6.9191
4.1768,2.2328,3.1497,0.20599,3.8307,6.9324
4.1768,2.2329,3.1498,0.56874,2.0124,6.9322
4.1769,2.2329,3.1499,0.69171,0.32167,6.9148
4.1769,2.2329,3.1498,0.71469,-1.2892,6.9161
4.177,2.233,3.1497,0.52371,-2.1431,6.9185
4.1771,2.233,3.1496,0.29696,-1.6241,6.9097
4.1771,2.233,3.1496,0.043562,0.11157,6.9154
4.1772,2.233,3.1497,-0.12359,1.3955,6.924
4.1772,2.233,3.1498,-0.29798,2.3832,6.9149
4.1773,2.2329,3.15,-0.41379,2.9602,6.9188
4.1773,2.2329,3.1501,-0.47073,2.9331,6.9333
4.1774,2.2329,3.1502,-0.32211,2.0712,6.9205
4.1774,2.2329,3.1503,-0.11159,1.2522,6.9097
4.1775,2.2329,3.1503,0.17816,0.8975,6.9116
4.1775,2.2329,3.1504,0.40216,0.81308,6.91
4.1776,2.2329,3.1504,0.45825,0.48513,6.8995
4.1776,2.233,3.1504,0.27421,0.1787,6.9051
4.1777,2.233,3.1504,-0.047883,-0.24909,6.907
4.1777,2.2329,3.1504,-0.44612,-0.96795,6.8971
4.1778,2.2329,3.1503,-0.75126,-1.7088,6.9095
4.1778,2.2329,3.1501,-0.83959,-2.1177,6.9185
4.1779,2.2328,3.15,-0.75507,-2.2577,6.9113
4.1779,2.2328,3.1499,-0.67385,-2.2414,6.9112
4.178,2.2327,3.1498,-0.65678,-2.189,6.9231
4.1781,2.2327,3.1497,-0.65557,-2.1632,6.9254
4.1781,2.2327,3.1496,-0.71042,-2.1567,6.9291
4.1782,2.2326,3.1495,-0.80292,-2.0968,6.9429
4.1782,2.2326,3.1494,-0.76753,-1.8863,6.9413
4.1783,2.2326,3.1493,-0.54206,-1.4951,6.9448
4.1783,2.2325,3.1492,-0.29158,-0.99689,6.9495
4.1784,2.2325,3.1492,-0.10882,-0.50797,6.953
4.1784,2.2325,3.1492,0.0055006,-0.12438,6.9418
4.1785,2.2325,3.1492,0.079978,0.10299,6.9459
4.1785,2.2325,3.1492,0.06201,0.17029,6.9439
4.1786,2.2325,3.1492,0.0044859,0.13145,6.935
4.1786,2.2325,3.1492,-0.01347,0.063398,6.933
4.1787,2.2325,3.1492,0,0.012972,6.9409
4.1787,2.2325,3.1492,0,-0.01195,6.9388
4.1788,2.2325,3.1492,0,-0.015819,6.9407
4.1788,2.2325,3.1492,0,-0.0081345,6.951
4.1789,2.2325,3.1492,0,0.00045339,6.9469
4.1789,2.2325,3.1492,0,0.0024459,6.9406
4.179,2.2325,3.1492,0,0.00054861,6.9505
4.1791,2.2325,3.1492,0,-0.00032923,6.9427
4.1791,2.2325,3.1492,0,0,6.9329
4.1792,2.2325,3.1492,0,0,6.941
4.1792,2.2325,3.1492,0,0,6.9415
4.1793,2.2325,3.1492,0,0,6.938
4.1793,2.2325,3.1492,0,0,6.9441
4.1794,2.2325,3.1492,0,0,6.9488
4.1794,2.2325,3.1492,0,-0.00021798,6.9361
4.1795,2.2325,3.1492,0,0.0003632,6.9391
4.1795,2.2325,3.1492,0,0.0014013,6.9415
4.1796,2.2325,3.1492,0,0.00088203,6.9391
4.1796,2.2325,3.1492,0,-0.0041289,6.9374
4.1797,2.2325,3.1492,0,-0.011576,6.9436
4.1797,2.2325,3.1492,0,-0.013748,6.9433
4.1798,2.2325,3.1492,0,0.0015113,6.9326
4.1798,2.2325,3.1492,-0.0089183,0.042836,6.9383
4.1799,2.2325,3.1492,0.0029691,0.10805,6.9443
4.1799,2.2325,3.1492,0.032132,0.16079,6.9327
4.18,2.2326,3.1492,0.064856,0.13281,6.94
4.1801,2.2326,3.1492,0.041754,-0.051646,6.936
4.1801,2.2326,3.1492,-0.051222,-0.42387,6.9301
4.1802,2.2325,3.1492,-0.23645,-0.93994,6.9265
4.1802,2.2325,3.1491,-0.47872,-1.4652,6.9335
4.1803,2.2325,3.149,-0.71442,-1.8064,6.9279
4.1803,2.2324,3.1489,-0.7661,-1.7775,6.928
4.1804,2.2324,3.1488,-0.58943,-1.3068,6.9463
4.1804,2.2324,3.1488,-0.2131,-0.48043,6.931
4.1805,2.2324,3.1488,0.2131,0.48079,6.9277
4.1805,2.2324,3.1489,0.58943,1.3077,6.9343
4.1806,2.2325,3.149,0.7661,1.7771,6.9322
4.1806,2.2325,3.1491,0.71442,1.8036,6.9223
4.1807,2.2325,3.1492,0.47872,1.4591,6.922
4.1807,2.2326,3.1492,0.23645,0.93165,6.932
4.1808,2.2326,3.1492,0.051222,0.42444,6.9267
4.1808,2.2326,3.1492,-0.050672,0.078275,6.9331
4.1809,2.2325,3.1492,-0.052965,-0.063548,6.9334
4.1809,2.2325,3.1492,-0.011892,-0.055342,6.9266
4.181,2.2325,3.1492,0.023783,-0.0092647,6.9326
4.1811,2.2326,3.1492,0.038769,-0.042717,6.9375
4.1811,2.2326,3.1492,-0.010818,-0.23319,6.9334
4.1812,2.2325,3.1492,-0.15774,-0.58199,6.9222
4.1812,2.2325,3.1491,-0.31657,-1.0071,6.9329
4.1813,2.2325,3.1491,-0.49554,-1.3891,6.9336
4.1813,2.2325,3.149,-0.61313,-1.5906,6.934
4.1814,2.2324,3.1489,-0.62916,-1.5372,6.9432
4.1814,2.2324,3.1488,-0.47052,-1.2231,6.9475
4.1815,2.2324,3.1488,-0.21448,-0.71034,6.9385
4.1815,2.2324,3.1488,0.034809,-0.1268,6.9353
4.1816,2.2324,3.1488,0.18006,0.3971,6.936
4.1816,2.2324,3.1489,0.2996,0.7761,6.9233
4.1817,2.2324,3.1489,0.28664,1.0041,6.9158
4.1817,2.2325,3.149,0.2035,1.1067,6.9278
4.1818,2.2325,3.149,0.2015,1.11,6.9147
4.1818,2.2325,3.1491,0.26858,1.056,6.9148
4.1819,2.2325,3.1491,0.29685,1.0178,6.9269
4.1819,2.2325,3.1492,0.33337,0.96053,6.9227
4.182,2.2325,3.1492,0.36322,0.82761,6.92
4.1821,2.2325,3.1493,0.31462,0.53455,6.9281
4.1821,2.2326,3.1493,0.15908,0.12116,6.9174
4.1822,2.2326,3.1492,-0.040402,-0.38868,6.9113
4.1822,2.2325,3.1492,-0.22589,-0.91976,6.919
4.1823,2.2325,3.1491,-0.43862,-1.3039,6.9159
4.1823,2.2325,3.1491,-0.57909,-1.3085,6.9031
4.1824,2.2325,3.149,-0.49227,-0.94552,6.9176
4.1824,2.2324,3.149,-0.22499,-0.34327,6.9257
4.1825,2.2324,3.149,0.044726,0.24528,6.9137
4.1825,2.2325,3.149,0.2708,0.60386,6.9179
4.1826,2.2325,3.1491,0.33206,0.51429,6.9228
4.1826,2.2325,3.1491,0.11892,-0.11591,6.9111
4.1827,2.2325,3.149,-0.31876,-1.0755,6.898
4.1827,2.2324,3.1489,-0.72167,-1.9621,6.9096
4.1828,2.2324,3.1488,-0.94887,-2.5281,6.9049
4.1828,2.2323,3.1486,-0.95981,-2.6029,6.8958
4.1829,2.2323,3.1485,-0.78712,-2.1689,6.909
4.1829,2.2323,3.1484,-0.47556,-1.4101,6.9127
4.183,2.2323,3.1484,-0.18379,-0.59684,6.9047
4.1831,2.2323,3.1484,-0.010295,-0.011906,6.9092
4.1831,2.2323,3.1484,0.044732,0.26058,6.9112
4.1832,2.2323,3.1484,0.055998,0.31366,6.9041
4.1832,2.2323,3.1484,0.03219,0.23127,6.8992
4.1833,2.2323,3.1484,0.0029813,0.090749,6.9129
4.1833,2.2323,3.1484,-0.008933,0.0092435,6.9006
4.1834,2.2323,3.1484,-0.020232,0.011877,6.9069
4.1834,2.2323,3.1485,0.00674,0.085807,6.9171
4.1835,2.2323,3.1485,0.093138,0.095177,6.9167
4.1835,2.2323,3.1485,0.12012,-0.062434,6.9131
4.1836,2.2323,3.1484,0.028501,-0.43669,6.9216
4.1836,2.2323,3.1484,-0.17021,-1.0451,6.9281
4.1837,2.2322,3.1483,-0.51089,-1.8578,6.9206
4.1837,2.2322,3.1481,-0.94104,-2.5443,6.9205
4.1838,2.2321,3.148,-1.2542,-2.7531,6.9282
4.1838,2.2321,3.1479,-1.1626,-2.2283,6.9186
4.1839,2.232,3.1478,-0.67769,-1.008,6.9313
4.1839,2.232,3.1479,0.00674,0.67348,6.9359
4.184,2.2321,3.148,0.73035,2.3091,6.9225
4.1841,2.2321,3.1482,1.2894,3.3921,6.9332
4.1841,2.2322,3.1483,1.3556,3.2123,6.9387
4.1842,2.2323,3.1484,0.89776,1.9463,6.9266
4.1842,2.2323,3.1484,0.10147,-0.020911,6.9337
4.1843,2.2322,3.1483,-0.81421,-2.1811,6.9439
4.1843,2.2321,3.1481,-1.6924,-4.043,6.9384
4.1844,2.232,3.1479,-2.2676,-4.9021,6.9329
4.1844,2.2319,3.1476,-2.415,-4.8247,6.9489
4.1845,2.2318,3.1474,-2.1546,-4.0621,6.9534
4.1845,2.2317,3.1472,-1.6443,-3.6262,6.9418
4.1846,2.2316,3.147,-0.985,-3.2882,6.9554
4.1846,2.2316,3.1469,-0.40983,-3.0331,6.954
4.1847,2.2316,3.1467,-0.043468,-2.7446,6.9483
4.1847,2.2316,3.1466,0.10143,-2.1303,6.9505
4.1848,2.2316,3.1466,0.12694,-0.25371,6.9594
4.1848,2.2316,3.1467,0.072962,2.3669,6.9459
4.1849,2.2316,3.147,0.0067536,5.1784,6.9488
4.1849,2.2316,3.1474,-0.020248,7.032,6.9573
4.185,2.2316,3.1478,0,7.7867,6.9635
4.1851,2.2316,3.1481,0,7.1738,6.9605
4.1851,2.2316,3.1484,0,5.3324,6.9707
4.1852,2.2316,3.1486,0,2.8433,6.9627
4.1852,2.2316,3.1486,0,0.9276,6.9524
4.1853,2.2316,3.1486,0,-0.35074,6.9589
4.1853,2.2316,3.1486,0,-0.84909,6.9651
4.1854,2.2316,3.1485,0,-0.83662,6.953
4.1854,2.2316,3.1485,0,-0.46721,6.9606
4.1855,2.2316,3.1485,0,-0.029801,6.9662
4.1855,2.2316,3.1485,0,0.28982,6.9578
4.1856,2.2316,3.1485,0,0.44438,6.9506
4.1856,2.2316,3.1486,0,0.59474,6.9593
4.1857,2.2316,3.1486,0,0.64348,6.9466
4.1857,2.2316,3.1486,0,0.58333,6.9453
4.1858,2.2316,3.1486,0,0.43284,6.9502
4.1858,2.2316,3.1487,0,0.22464,6.9442
4.1859,2.2316,3.1487,0,0.00013185,6.9394
4.1859,2.2316,3.1486,0,-0.20877,6.9516
4.186,2.2316,3.1486,0,-0.35,6.9542
4.1861,2.2316,3.1486,-0.0089366,-0.39689,6.9485
4.1861,2.2316,3.1486,0.011915,-0.38219,6.9587
4.1862,2.2316,3.1486,0.029221,-0.39174,6.9598
4.1862,2.2316,3.1485,0.023831,-0.4206,6.9496
4.1863,2.2316,3.1485,-0.011247,-0.51893,6.9521
4.1863,2.2316,3.1485,-0.063934,-0.42171,6.951
4.1864,2.2316,3.1485,-0.17065,-0.31546,6.9408
4.1864,2.2316,3.1485,-0.25094,-0.2368,6.9358
4.1865,2.2316,3.1485,-0.25887,-0.24962,6.946
4.1865,2.2316,3.1484,-0.16932,-0.40038,6.9399
4.1866,2.2316,3.1484,-0.061352,-1.0058,6.9393
4.1866,2.2316,3.1483,0.033977,-1.7676,6.9518
4.1867,2.2316,3.1482,0.043858,-2.4126,6.9436
4.1867,2.2316,3.148,-0.07088,-2.3185,6.9323
4.1868,2.2316,3.1479,-0.31931,-1.9161,6.9356
4.1868,2.2315,3.1479,-0.53289,-1.2713,6.9357
4.1869,2.2315,3.1478,-0.66163,-0.54349,6.9145
4.1869,2.2315,3.1478,-0.71517,0.0017942,6.9262
4.187,2.2314,3.1478,-0.6943,-0.20687,6.9349
4.1871,2.2314,3.1478,-0.57084,-0.57719,6.9182
4.1871,2.2314,3.1478,-0.42175,-0.8621,6.923
4.1872,2.2313,3.1477,-0.31143,-0.76959,6.9241
4.1872,2.2313,3.1477,-0.16575,-0.48073,6.9108
4.1873,2.2313,3.1477,0.020305,0.042512,6.9115
4.1873,2.2313,3.1477,0.20451,0.66235,6.9171
4.1874,2.2314,3.1478,0.33237,1.1124,6.9133
4.1874,2.2314,3.1478,0.40189,1.1723,6.9082
4.1875,2.2314,3.1479,0.42458,1.1116,6.9259
4.1875,2.2314,3.148,0.41071,0.87492,6.9287
4.1876,2.2314,3.148,0.22734,0.52064,6.9259
4.1876,2.2314,3.148,0.033002,0.1994,6.9367
4.1877,2.2314,3.148,-0.15345,-0.036902,6.9428
4.1877,2.2314,3.148,-0.26823,-0.16931,6.9384
4.1878,2.2314,3.148,-0.36313,-0.17781,6.94
4.1878,2.2314,3.148,-0.27972,-0.011549,6.9472
4.1879,2.2314,3.148,-0.091968,0.26857,6.9425
4.1879,2.2314,3.148,0.1798,0.54929,6.9408
4.188,2.2314,3.1481,0.25655,0.73385,6.9481
4.1881,2.2314,3.1481,0.31036,0.7642,6.9495
4.1881,2.2314,3.1481,0.29809,0.56648,6.9426
4.1882,2.2314,3.1481,0.16174,0.15066,6.9491
4.1882,2.2314,3.1481,-0.17207,-0.35619,6.9402
4.1883,2.2314,3.1481,-0.33463,-0.73538,6.934
4.1883,2.2314,3.148,-0.38741,-0.83651,6.9371
4.1884,2.2314,3.148,-0.29114,-0.60378,6.9325
4.1884,2.2314,3.148,-0.13344,-0.084244,6.9223
4.1885,2.2314,3.148,0.21758,0.58158,6.9307
4.1885,2.2314,3.1481,0.55502,1.1756,6.935
4.1886,2.2315,3.1482,0.67625,1.5074,6.9267
4.1886,2.2315,3.1482,0.52032,1.5109,6.931
4.1887,2.2315,3.1483,0.37586,1.2616,6.9387
4.1887,2.2315,3.1484,0.23274,0.84533,6.9265
4.1888,2.2315,3.1484,0.078922,0.33675,6.9223
4.1888,2.2315,3.1484,-0.074435,-0.20638,6.9272
4.1889,2.2315,3.1483,-0.18872,-0.73879,6.9294
4.1889,2.2315,3.1483,-0.33996,-1.2371,6.9232
4.189,2.2315,3.1482,-0.55073,-1.6502,6.9298
4.1891,2.2314,3.1481,-0.7546,-1.887,6.9332
4.1891,2.2314,3.148,-0.75458,-1.8547,6.9356
4.1892,2.2313,3.1479,-0.56416,-1.5551,6.9498
4.1892,2.2313,3.1478,-0.33544,-1.0811,6.9596
4.1893,2.2313,3.1478,-0.12671,-0.56627,6.9512
4.1893,2.2313,3.1478,0.018967,-0.14229,6.9594
4.1894,2.2313,3.1478,0.079927,0.15882,6.9654
4.1894,2.2313,3.1478,0.075432,0.10405,6.9598
4.1895,2.2313,3.1478,0,-0.23181,6.9573
4.1895,2.2313,3.1478,-0.061962,-0.56822,6.9711
4.1896,2.2313,3.1477,-0.084412,-0.55792,6.9706
4.1896,2.2313,3.1477,-0.067497,0.048469,6.9697
4.1897,2.2313,3.1478,0.028768,1.5946,6.984
4.1897,2.2313,3.148,0.27239,4.2708,6.9808
4.1898,2.2314,3.1485,0.64153,7.6244,6.973
4.1898,2.2314,3.149,1.1252,10.349,6.9763
4.1899,2.2315,3.1496,1.4596,11.594,6.9744
4.1899,2.2316,3.1502,1.5856,10.871,6.9631
4.19,2.2317,3.1506,1.461,7.8476,6.9725
4.1901,2.2317,3.1507,1.0958,2.9215,6.9805
4.1901,2.2318,3.1506,0.47921,-2.492,6.9719
4.1902,2.2317,3.1503,-0.12556,-6.8443,6.9751
4.1902,2.2317,3.1498,-0.71412,-9.4442,6.9837
4.1903,2.2317,3.1492,-1.0754,-10.213,6.9801
4.1903,2.2316,3.1487,-1.3485,-9.2244,6.9843
4.1904,2.2315,3.1484,-1.4069,-6.9396,6.9905
4.1904,2.2314,3.1481,-1.1979,-4.463,6.9839
4.1905,2.2314,3.148,-0.7431,-2.2772,6.9783
4.1905,2.2314,3.148,-0.2772,-0.44397,6.9935
4.1906,2.2314,3.148,0.28272,1.0548,6.9963
4.1906,2.2314,3.1482,0.70874,2.1523,6.9933
4.1907,2.2315,3.1483,1.0161,2.5888,7.0101
4.1907,2.2315,3.1484,1.0465,2.7032,7.0159
4.1908,2.2316,3.1486,0.87911,2.4456,7.0047
4.1908,2.2316,3.1487,0.65702,1.757,7.0095
4.1909,2.2316,3.1487,0.35424,0.8807,7.0196
4.1909,2.2316,3.1487,-0.14125,0.36462,7.0097
4.191,2.2316,3.1487,-0.5961,0.19108,7.0072
4.1911,2.2316,3.1488,-0.96951,0.5425,7.0164
4.1911,2.2315,3.1488,-1.2423,1.2432,7.0152
4.1912,2.2314,3.149,-1.31,2.4802,7.0073
4.1912,2.2314,3.1491,-1.1089,3.4846,7.0245
4.1913,2.2313,3.1494,-0.62726,4.034,7.0159
4.1913,2.2313,3.1496,-0.022469,4.1063,6.9983
4.1914,2.2314,3.1498,0.58218,3.9152,7.0059
4.1914,2.2314,3.1499,1.1567,3.2446,7.0056
4.1915,2.2315,3.1501,1.5269,2.7543,6.9932
4.1915,2.2316,3.1502,1.5936,2.8773,6.9941
4.1916,2.2317,3.1504,1.4339,3.2937,6.9985
4.1916,2.2317,3.1506,1.0943,3.5368,6.9967
4.1917,2.2318,3.1508,0.65559,3.5357,6.9982
4.1917,2.2318,3.151,0.25933,3.2405,7.0117
4.1918,2.2318,3.1511,0.046929,2.3274,7.0038
4.1918,2.2318,3.1511,-0.023434,1.1578,7.0055
4.1919,2.2318,3.1512,-0.04855,0.22858,7.0153
4.1919,2.2318,3.1511,-0.079,-0.27039,7.0088
4.192,2.2318,3.1511,-0.096431,-0.62996,7.0012
4.1921,2.2318,3.1511,-0.16838,-0.8407,7.0074
4.1921,2.2317,3.151,-0.30294,-0.96788,7.0018
4.1922,2.2317,3.151,-0.43348,-1.0924,7.0044
4.1922,2.2317,3.1509,-0.43526,-1.3611,7.0134
4.1923,2.2317,3.1508,-0.46972,-1.4394,7.0155
4.1923,2.2316,3.1507,-0.50619,-1.3283,7.0045
4.1924,2.2316,3.1507,-0.46479,-0.99217,7.0079
4.1924,2.2316,3.1507,-0.23732,-0.48586,7.0087
4.1925,2.2316,3.1507,0.02602,0.013587,6.9994
4.1925,2.2316,3.1507,0.19694,0.29217,7.0032
4.1926,2.2316,3.1507,0.21742,0.19557,7.0093
4.1926,2.2316,3.1507,0.11317,-0.31178,7.0009
4.1927,2.2316,3.1506,-0.296,-1.1293,7.0043
4.1927,2.2316,3.1505,-0.79895,-1.967,7.0116
4.1928,2.2315,3.1504,-1.0637,-2.4639,7.007
4.1928,2.2315,3.1503,-0.98037,-2.3756,7.0002
4.1929,2.2314,3.1502,-0.64767,-1.6609,7.0058
4.1929,2.2314,3.1501,-0.17221,-0.44977,6.9968
4.193,2.2314,3.1502,0.39634,1.0095,6.9866
4.1931,2.2315,3.1503,0.9486,2.4056,6.994
4.1931,2.2316,3.1505,1.2455,3.4495,7.0031
4.1932,2.2316,3.1507,1.3487,3.9924,6.9947
4.1932,2.2317,3.1509,1.4105,4.0025,6.9982
4.1933,2.2318,3.1511,1.2886,3.501,7.0112
4.1933,2.2318,3.1512,0.93506,2.5935,7.0056
4.1934,2.2318,3.1513,0.47599,1.4785,7.013
4.1934,2.2318,3.1513,0.064859,0.38867,7.021
4.1935,2.2318,3.1513,-0.24362,-0.48345,7.0114
4.1935,2.2318,3.1513,-0.45584,-1.0179,7.0032
4.1936,2.2318,3.1512,-0.48204,-1.1693,7.0138
4.1936,2.2318,3.1511,-0.31964,-1.002,7.0152
4.1937,2.2318,3.1511,-0.15762,-0.67342,7.0123
4.1937,2.2318,3.1511,-0.057017,-0.33344,7.0221
4.1938,2.2318,3.1511,0.0095349,-0.074412,7.0263
4.1938,2.2318,3.1511,0.040224,0.067663,7.0138
4.1939,2.2318,3.1511,0.031194,0.10271,7.0197
4.1939,2.2318,3.1511,0.0022626,0.073632,7.0211
4.194,2.2318,3.1511,-0.0067776,0.032268,7.0096
4.1941,2.2318,3.1511,0,0.0056344,7.0072
4.1941,2.2318,3.1511,0,-0.0070116,7.0144
4.1942,2.2318,3.1511,0,-0.0092865,7.015
4.1942,2.2318,3.1511,0,-0.0044246,7.0192
4.1943,2.2318,3.1511,0,0.0029214,7.0216
4.1943,2.2318,3.1511,0,0.0093901,7.0224
4.1944,2.2318,3.1511,0,0.010818,7.017
4.1944,2.2318,3.1511,0,0.0012436,7.0198
4.1945,2.2318,3.1511,0.0067776,-0.02693,7.0187
4.1945,2.2318,3.1511,-0.0022626,-0.076682,7.0008
4.1946,2.2318,3.1511,-0.024423,-0.12634,7.0076
4.1946,2.2318,3.1511,-0.042485,-0.12539,7.0137
4.1947,2.2318,3.1511,-0.040698,-0.013256,7.006
4.1947,2.2318,3.1511,0.023608,0.25452,7.0212
4.1948,2.2318,3.1511,0.15255,0.67074,7.0372
4.1948,2.2318,3.1512,0.34994,1.1579,7.035
4.1949,2.2318,3.1513,0.57961,1.5728,7.0423
4.1949,2.2319,3.1514,0.71039,1.7504,7.0548
4.195,2.2319,3.1515,0.66384,1.59,7.0519
4.1951,2.2319,3.1515,0.46912,1.1147,7.0459
4.1951,2.2319,3.1515,0.15845,0.46615,7.0562
4.1952,2.2319,3.1515,-0.15394,-0.1361,7.0614
4.1952,2.2319,3.1515,-0.33184,-0.4826,7.0475
4.1953,2.2319,3.1515,-0.29404,-0.47292,7.0575
4.1953,2.2319,3.1515,-0.074142,-0.16154,7.0666
4.1954,2.2319,3.1515,0.17627,0.27421,7.0539
4.1954,2.2319,3.1515,0.3394,0.63394,7.0631
4.1955,2.2319,3.1516,0.3866,0.78385,7.0565
4.1955,2.2319,3.1516,0.2824,0.70121,7.0528
4.1956,2.2319,3.1516,0.096107,0.47807,7.0588
4.1956,2.2319,3.1516,-0.0087887,0.26042,7.0618
4.1957,2.2319,3.1516,-0.023461,0.15196,7.058
4.1957,2.2319,3.1517,0.039661,0.17667,7.0579
4.1958,2.2319,3.1517,0.12816,0.28307,7.0692
4.1958,2.232,3.1517,0.19594,0.38721,7.0747
4.1959,2.232,3.1517,0.18993,0.41827,7.0619
4.1959,2.232,3.1517,0.12916,0.35571,7.0687
4.196,2.232,3.1517,0.048391,0.23098,7.0648
4.1961,2.232,3.1517,0.0085125,0.10008,7.0492
4.1961,2.232,3.1517,-0.018037,0.0021934,7.0601
4.1962,2.232,3.1518,-0.022117,0.018803,7.0686
4.1962,2.232,3.1517,-0.0090187,-0.06836,7.0535
4.1963,2.232,3.1517,0.006764,-0.31964,7.0658
4.1963,2.232,3.1517,0,-0.3216,7.0779
4.1964,2.232,3.1517,0,-0.10811,7.0787
4.1964,2.232,3.1517,0,0.30988,7.0756
4.1965,2.232,3.1518,0,1.2072,7.0797
4.1965,2.232,3.1519,0,2.6327,7.066
4.1966,2.232,3.1521,0,4.0035,7.0575
4.1966,2.232,3.1524,0,4.9491,7.0705
4.1967,2.232,3.1527,0,5.3761,7.0693
4.1967,2.232,3.153,0,5.6138,7.058
4.1968,2.232,3.1532,0,5.0514,7.0655
4.1968,2.232,3.1534,0,3.412,7.0653
4.1969,2.232,3.1535,0,1.3713,7.0554
4.1969,2.232,3.1534,0,-1.0109,7.0661
4.197,2.232,3.1532,0,-3.8808,7.0634
4.1971,2.232,3.1529,0,-5.9871,7.0441
4.1971,2.232,3.1526,0,-6.1356,7.0425
4.1972,2.232,3.1524,0,-4.5276,7.055
4.1972,2.232,3.1523,0,-1.8088,7.0474
4.1973,2.232,3.1523,0,1.2352,7.0415
4.1973,2.232,3.1525,0,4.15,7.0544
4.1974,2.232,3.1528,0,5.3624,7.048
4.1974,2.232,3.1531,-0.020232,4.7168,7.0414
4.1975,2.232,3.1532,0.026976,2.8714,7.053
4.1975,2.232,3.1533,0.04592,0.86198,7.0465
4.1976,2.232,3.1532,0.060694,-1.8348,7.0346
4.1976,2.232,3.153,0.067694,-4.2129,7.0421
4.1977,2.232,3.1527,-0.024591,-5.5633,7.041
4.1977,2.232,3.1524,-0.33761,-5.4894,7.0325
4.1978,2.2319,3.1521,-0.74512,-4.389,7.0304
4.1978,2.2319,3.152,-1.1902,-2.1105,7.0371
4.1979,2.2318,3.1521,-1.4244,0.47907,7.0301
4.1979,2.2317,3.1522,-1.4285,2.6579,7.0333
4.198,2.2317,3.1524,-0.98851,3.8369,7.0363
4.1981,2.2317,3.1526,-0.17419,4.0081,7.0232
4.1981,2.2317,3.1528,0.67937,3.4661,7.0174
4.1982,2.2318,3.1529,1.2325,2.7797,7.0224
4.1982,2.2318,3.1531,1.5288,2.1943,7.0165
4.1983,2.2319,3.1531,1.399,1.1941,7.0056
4.1983,2.232,3.1531,0.96653,-0.44229,7.0135
4.1984,2.232,3.153,0.45692,-2.4125,7.0205
4.1984,2.232,3.1528,0.10402,-3.6556,7.0137
4.1985,2.232,3.1526,-0.055488,-4.0077,7.0157
4.1985,2.232,3.1524,-0.099881,-2.7355,7.0151
4.1986,2.232,3.1524,-0.093138,0.14448,7.0037
4.1986,2.232,3.1526,-0.00674,3.5113,7.001
4.1987,2.232,3.1529,0.020232,5.7353,7.0069
4.1987,2.232,3.1532,0,6.3797,7.006
4.1988,2.232,3.1535,0,5.4737,7.0061
4.1988,2.232,3.1537,0,3.5723,7.0196
4.1989,2.232,3.1538,0,1.5208,7.0199
4.1989,2.232,3.1538,0,0.14779,7.0088
4.199,2.232,3.1538,0,-0.39633,7.0201
4.1991,2.232,3.1538,0,-0.46713,7.024
4.1991,2.232,3.1538,0,-0.19098,7.0113
4.1992,2.232,3.1538,-0.020232,0.32687,7.0128
4.1992,2.232,3.1538,0.026976,0.55145,7.0158
4.1993,2.232,3.1538,0.066156,0.22803,7.0043
4.1993,2.232,3.1538,0.033716,-0.44416,7.0071
4.1994,2.232,3.1537,-0.018721,-1.6634,7.0166
4.1994,2.232,3.1535,-0.071821,-3.2903,7.0046
4.1995,2.232,3.1533,-0.23923,-4.7097,7.0039
4.1995,2.2319,3.153,-0.47344,-5.0135,7.0078
4.1996,2.2319,3.1528,-0.72256,-4.1348,7.0009
4.1996,2.2319,3.1527,-0.89274,-2.8378,7
4.1997,2.2318,3.1526,-1.1587,-1.547,7.0006
4.1997,2.2317,3.1525,-1.4898,-0.63,6.999
4.1998,2.2316,3.1525,-1.6642,-0.75165,6.9972
4.1998,2.2315,3.1524,-1.6425,-1.7819,7.0101
4.1999,2.2315,3.1523,-1.5526,-2.7913,7.0108
4.1999,2.2314,3.1521,-1.3253,-3.1479,7.0036
4.2,2.2313,3.1519,-0.90639,-2.7563,7.0119
4.2001,2.2313,3.1518,-0.43833,-1.8711,7.0173
4.2001,2.2313,3.1518,-0.07194,-0.63264,7.0047
4.2002,2.2313,3.1518,0.18011,0.63236,7.0097
4.2002,2.2314,3.1519,0.46635,1.4512,7.0133
4.2003,2.2314,3.152,0.66851,1.7476,7.0027
4.2003,2.2314,3.1521,0.68652,1.6636,7.0042
4.2004,2.2314,3.1522,0.46337,1.169,7.0191
4.2004,2.2315,3.1522,0.17429,0.41507,7.0182
4.2005,2.2314,3.1522,-0.17429,-0.4219,7.0165
4.2005,2.2314,3.1521,-0.48362,-1.1327,7.0295
4.2006,2.2314,3.152,-0.67977,-1.5134,7.0286
4.2006,2.2314,3.1519,-0.57531,-1.4742,7.0167
4.2007,2.2313,3.1519,-0.3664,-1.1083,7.0228
4.2007,2.2313,3.1519,-0.14486,-0.57267,7.0248
4.2008,2.2313,3.1519,-0.025483,-0.045009,7.0129
4.2008,2.2313,3.1519,0.053996,0.33045,7.0208
4.2009,2.2313,3.1519,0.066209,0.42954,7.0252
4.2009,2.2313,3.1519,0.026998,0.28562,7.0228
4.201,2.2313,3.1519,-0.020248,0.04284,7.0229
4.2011,2.2313,3.1519,0,-0.16118,7.0357
4.2011,2.2313,3.1519,0,-0.26,7.0283
4.2012,2.2313,3.1519,0,-0.1985,7.0247
4.2012,2.2313,3.1519,0,0.0093193,7.0346
4.2013,2.2313,3.1519,0,0.25891,7.0278
4.2013,2.2313,3.1519,0,0.39556,7.0188
4.2014,2.2313,3.1519,0,0.37908,7.0313
4.2014,2.2313,3.152,0,0.2372,7.038
4.2015,2.2313,3.152,0,0.022642,7.0331
4.2015,2.2313,3.1519,0,-0.18527,7.0408
4.2016,2.2313,3.1519,0,-0.32327,7.0442
4.2016,2.2313,3.1519,0,-0.33291,7.0329
4.2017,2.2313,3.1519,0,-0.21615,7.0363
4.2017,2.2313,3.1519,0,-0.0444,7.048
4.2018,2.2313,3.1519,0,0.11894,7.0359
4.2018,2.2313,3.1519,0,0.27612,7.04
4.2019,2.2313,3.1519,0,0.36738,7.0524
4.2019,2.2313,3.152,0,0.40598,7.0486
4.202,2.2313,3.152,0,0.35644,7.0446
4.2021,2.2313,3.152,0,0.25826,7.0515
4.2021,2.2313,3.152,0,0.14611,7.0518
4.2022,2.2313,3.152,0,0.043039,7.044
4.2022,2.2313,3.152,0,-0.055703,7.0476
4.2023,2.2313,3.152,0,-0.060125,7.0458
4.2023,2.2313,3.152,0,-0.025226,7.0279
4.2024,2.2313,3.152,0,0.047513,7.0339
4.2024,2.2313,3.152,0,0.11073,7.0428
4.2025,2.2313,3.152,0,0.15102,7.0338
4.2025,2.2313,3.152,0,0.13496,7.0355
4.2026,2.2313,3.152,0,0.090184,7.0473
4.2026,2.2313,3.152,0,0.037313,7.0364
4.2027,2.2313,3.152,0,0.024227,7.0278
4.2027,2.2313,3.152,0,0.022966,7.0356
4.2028,2.2313,3.152,0,0.0070552,7.0337
4.2028,2.2313,3.152,0,-0.035258,7.0195
4.2029,2.2313,3.152,0,-0.12718,7.0228
4.2029,2.2313,3.152,0,-0.26761,7.0216
4.203,2.2313,3.152,0,-0.39938,7.0195
4.2031,2.2313,3.152,0,-0.42828,7.0219
4.2031,2.2313,3.1519,0,-0.33451,7.0239
4.2032,2.2313,3.1519,0,-0.11748,7.0104
4.2032,2.2313,3.1519,0,0.14209,7.0127
4.2033,2.2313,3.152,0,0.35913,7.0128
4.2033,2.2313,3.152,0,0.43531,7.0069
4.2034,2.2313,3.152,0,0.35745,7.0002
4.2034,2.2313,3.152,0,0.14173,7.0082
4.2035,2.2313,3.152,0,-0.099708,7.0054
4.2035,2.2313,3.152,0,-0.28042,7.0022
4.2036,2.2313,3.152,0,-0.31481,7.0105
4.2036,2.2313,3.152,0,-0.19162,7.0034
4.2037,2.2313,3.152,0,-0.0016586,6.9966
4.2037,2.2313,3.152,0,0.17364,6.995
4.2038,2.2313,3.152,0,0.28518,6.9994
4.2038,2.2313,3.152,0,0.27338,6.9914
4.2039,2.2313,3.152,0,0.14169,6.9898
4.2039,2.2313,3.152,0,-0.015727,7.0038
4.204,2.2313,3.152,0,-0.12539,6.9973
4.2041,2.2313,3.152,0,-0.12607,7.0008
4.2041,2.2313,3.152,0,-0.0725,7.0137
4.2042,2.2313,3.152,0,0.019953,7.0093
4.2042,2.2313,3.152,0,0.11738,7.0097
4.2043,2.2313,3.152,0,0.1723,7.0231
4.2043,2.2313,3.152,0,0.14161,7.0164
4.2044,2.2313,3.152,0,0.090184,7.0121
4.2044,2.2313,3.152,0,0.035656,7.024
4.2045,2.2313,3.152,0,0.0062722,7.0222
4.2045,2.2313,3.152,0,-0.01329,7.0191
4.2046,2.2313,3.152,0,-0.016296,7.033
4.2046,2.2313,3.152,0,-0.0066452,7.0367
4.2047,2.2313,3.152,0,0.0049839,7.0305
4.2047,2.2313,3.152,0,0,7.0331
4.2048,2.2313,3.152,0,0,7.0416
4.2048,2.2313,3.152,0,0,7.0347
4.2049,2.2313,3.152,0,0,7.0307
4.2049,2.2313,3.152,0,0,7.0447
4.205,2.2313,3.152,0,0,7.0401
4.2051,2.2313,3.152,0,0,7.0369
4.2051,2.2313,3.152,0,0,7.0473
4.2052,2.2313,3.152,0,0,7.0493
4.2052,2.2313,3.152,0,0,7.0429
4.2053,2.2313,3.152,0,0,7.0404
4.2053,2.2313,3.152,0,0,7.0434
4.2054,2.2313,3.152,0,0,7.0344
4.2054,2.2313,3.152,0,0,7.0412
4.2055,2.2313,3.152,0,0,7.0467
4.2055,2.2313,3.152,0,0,7.043
4.2056,2.2313,3.152,0,0,7.0434
4.2056,2.2313,3.152,0,0,7.0557
4.2057,2.2313,3.152,0,0,7.053
4.2057,2.2313,3.152,0,0,7.0534
4.2058,2.2313,3.152,0,0,7.0591
4.2058,2.2313,3.152,0,0,7.0561
4.2059,2.2313,3.152,0,0,7.0515
4.2059,2.2313,3.152,0,0,7.0593
4.206,2.2313,3.152,0,0,7.0623
4.2061,2.2313,3.152,0,0,7.0607
4.2061,2.2313,3.152,0,0,7.0717
4.2062,2.2313,3.152,0,0,7.081
4.2062,2.2313,3.152,0,0,7.0677
4.2063,2.2313,3.152,0,0,7.0781
4.2063,2.2313,3.152,0,0,7.0789
4.2064,2.2313,3.152,0,0,7.0716
4.2064,2.2313,3.152,0,0,7.0682
4.2065,2.2313,3.152,0,0,7.0741
4.2065,2.2313,3.152,0,0,7.0665
4.2066,2.2313,3.152,0,0,7.0701
4.2066,2.2313,3.152,0,0,7.0805
4.2067,2.2313,3.152,0,0.063697,7.0747
4.2067,2.2313,3.152,0,-0.085367,7.0677
4.2068,2.2313,3.152,0,-0.1454,7.0694
4.2068,2.2313,3.152,0,-0.18899,7.0642
4.2069,2.2313,3.152,0,-0.14192,7.0609
4.2069,2.2313,3.152,0,0.0022482,7.0623
4.207,2.2313,3.152,0,0.85457,7.066
4.2071,2.2313,3.1522,0,2.1483,7.0575
4.2071,2.2313,3.1523,0.013461,3.7548,7.0709
4.2072,2.2313,3.1526,-0.017948,4.884,7.0816
4.2072,2.2313,3.1529,-0.044016,5.5037,7.0753
4.2073,2.2313,3.1531,-0.035897,4.6577,7.0768
4.2073,2.2313,3.1533,0.016941,2.4596,7.0919
4.2074,2.2313,3.1532,0.096305,-0.53047,7.0823
4.2074,2.2313,3.1531,0.24359,-2.3914,7.0819
4.2075,2.2314,3.153,0.38247,-2.8487,7.0927
4.2075,2.2314,3.1529,0.45192,-1.4372,7.1003
4.2076,2.2314,3.1529,0.32152,1.0959,7.0917
4.2076,2.2314,3.1531,0.11587,3.6226,7.1066
4.2077,2.2314,3.1534,-0.11587,4.2487,7.1191
4.2077,2.2314,3.1535,-0.32152,2.6393,7.108
4.2078,2.2314,3.1535,-0.45192,-0.7444,7.1144
4.2078,2.2313,3.1532,-0.38247,-4.091,7.1179
4.2079,2.2313,3.1529,-0.24359,-6.546,7.1162
4.2079,2.2313,3.1525,-0.096305,-7.3234,7.1033
4.208,2.2313,3.1522,-0.016941,-6.0882,7.1127
4.2081,2.2313,3.152,0.035897,-3.6438,7.1095
4.2081,2.2313,3.152,0.044016,-1.026,7.1066
4.2082,2.2313,3.152,0.017948,1.3468,7.1178
4.2082,2.2313,3.1522,-0.013461,3.2322,7.1175
4.2083,2.2313,3.1524,0,4.3977,7.1102
4.2083,2.2313,3.1527,0,4.6308,7.1171
4.2084,2.2313,3.1529,0,4.0281,7.1129
4.2084,2.2313,3.1531,0,3.5685,7.0981
4.2085,2.2313,3.1532,0,2.9974,7.0997
4.2085,2.2313,3.1534,0,2.4133,7.1091
4.2086,2.2313,3.1534,0,1.8243,7.1028
4.2086,2.2313,3.1535,0,1.2133,7.1118
4.2087,2.2313,3.1535,0,-0.19685,7.1241
4.2087,2.2313,3.1534,0,-2.0291,7.1214
4.2088,2.2313,3.1532,0,-3.4962,7.1193
4.2088,2.2313,3.153,0,-3.435,7.1223
4.2089,2.2313,3.1529,0,-2.3128,7.1152
4.2089,2.2313,3.1529,0,-0.47789,7.1083
4.209,2.2313,3.153,0,1.8269,7.1167
4.2091,2.2313,3.1532,0,4.013,7.113
4.2091,2.2313,3.1534,0,4.8428,7.1
4.2092,2.2313,3.1537,0,4.3277,7.1144
4.2092,2.2313,3.1538,0,3.1214,7.1166
4.2093,2.2313,3.1539,0,1.1881,7.1008
4.2093,2.2313,3.1538,0,-1.8075,7.1064
4.2094,2.2313,3.1535,0,-4.9224,7.1083
4.2094,2.2313,3.1532,0,-6.8174,7.0997
4.2095,2.2313,3.1528,0,-7.0759,7.0927
4.2095,2.2313,3.1525,0,-5.5477,7.0927
4.2096,2.2313,3.1524,0,-2.3349,7.0881
4.2096,2.2313,3.1525,0,2.0431,7.0888
4.2097,2.2313,3.1528,0,5.5055,7.0976
4.2097,2.2313,3.1532,0,7.1345,7.0937
4.2098,2.2313,3.1535,0,7.0425,7.0857
4.2098,2.2313,3.1538,0,5.6086,7.0931
4.2099,2.2313,3.154,0,3.3119,7.0887
4.2099,2.2313,3.1541,0,1.3039,7.0845
4.21,2.2313,3.1541,0,0.072532,7.0884
4.2101,2.2313,3.1541,0,-0.31761,7.0919
4.2101,2.2313,3.154,0,-0.3974,7.0796
4.2102,2.2313,3.154,0,-0.22839,7.0791
4.2102,2.2313,3.154,0,-0.021132,7.0961
4.2103,2.2313,3.154,0,0.063385,7.0898
4.2103,2.2313,3.154,0,0,7.091
4.2104,2.2313,3.154,0,0,7.1045
4.2104,2.2313,3.154,0,0,7.0998
4.2105,2.2313,3.154,0,0,7.0915
4.2105,2.2313,3.154,0,0,7.097
4.2106,2.2313,3.154,0,0,7.0992
4.2106,2.2313,3.154,0,0,7.0876
4.2107,2.2313,3.154,0,0,7.0994
4.2107,2.2313,3.154,0,0,7.1063
4.2108,2.2313,3.154,0,0,7.0987
4.2108,2.2313,3.154,0,0,7.1016
4.2109,2.2313,3.154,0,0,7.1045
4.2109,2.2313,3.154,0,0,7.0932
4.211,2.2313,3.154,0,0,7.0857
4.2111,2.2313,3.154,0,0,7.0953
4.2111,2.2313,3.154,0,0,7.091
4.2112,2.2313,3.154,0,0,7.0869
4.2112,2.2313,3.154,0,-0.063385,7.1017
4.2113,2.2313,3.154,0,0.084513,7.1026
4.2113,2.2313,3.154,0,0.20726,7.1026
4.2114,2.2313,3.1541,0,0.16903,7.1166
4.2114,2.2313,3.1541,0,-0.14315,7.1181
4.2115,2.2313,3.154,0,-0.43234,7.1148
4.2115,2.2313,3.154,0,-0.91858,7.1225
4.2116,2.2313,3.1539,0,-1.4035,7.1354
4.2116,2.2313,3.1538,0,-1.7469,7.1245
4.2117,2.2313,3.1537,0,-1.6709,7.1378
4.2117,2.2313,3.1536,0,-2.0567,7.1469
4.2118,2.2313,3.1535,0,-2.9353,7.1423
4.2118,2.2313,3.1533,0,-4.015,7.1481
4.2119,2.2313,3.153,0,-4.4613,7.1524
4.2119,2.2313,3.1528,0,-4.1869,7.149
4.212,2.2313,3.1527,0,-2.4945,7.1421
4.2121,2.2313,3.1527,0,0.45344,7.1564
4.2121,2.2313,3.1529,0,3.7212,7.1546
4.2122,2.2313,3.1532,0,5.8188,7.1446
4.2122,2.2313,3.1535,0,6.3819,7.1495
4.2123,2.2313,3.1538,0,5.4444,7.1641
4.2123,2.2313,3.154,0,3.5443,7.1489
4.2124,2.2313,3.1541,0,1.5112,7.1518
4.2124,2.2313,3.1541,0,0.15702,7.1582
4.2125,2.2313,3.1541,0,-0.38098,7.1464
4.2125,2.2313,3.154,0,-0.3974,7.1462
4.2126,2.2313,3.154,0,-0.22839,7.1485
4.2126,2.2313,3.154,0,-0.021132,7.1443
4.2127,2.2313,3.154,0,0.063385,7.1429
4.2127,2.2313,3.154,0,0,7.1493
4.2128,2.2313,3.154,0,0,7.1504
4.2128,2.2313,3.154,0,0,7.1467
4.2129,2.2313,3.154,0,0,7.1581
4.2129,2.2313,3.154,0,0,7.1565
4.213,2.2313,3.154,0,0,7.1487
4.2131,2.2313,3.154,0,0,7.154
4.2131,2.2313,3.154,0,0,7.1604
4.2132,2.2313,3.154,0,-0.063385,7.1481
4.2132,2.2313,3.154,0,0.084513,7.1482
4.2133,2.2313,3.154,0,0.20726,7.1594
4.2133,2.2313,3.1541,0,0.16903,7.1558
4.2134,2.2313,3.1541,0,-0.07977,7.1605
4.2134,2.2313,3.154,0,-0.45347,7.1665
4.2135,2.2313,3.154,0,-1.147,7.1554
4.2135,2.2313,3.1539,0,-1.8009,7.142
4.2136,2.2313,3.1538,0,-2.1279,7.1551
4.2136,2.2313,3.1537,0,-1.5139,7.1554
4.2137,2.2313,3.1537,0,-0.5456,7.1374
4.2137,2.2313,3.1537,0,0.5456,7.141
4.2138,2.2313,3.1538,0,1.5139,7.1437
4.2138,2.2313,3.1539,0,2.1279,7.1393
4.2139,2.2313,3.154,0,1.8009,7.1402
4.2139,2.2313,3.154,0,1.147,7.143
4.214,2.2313,3.1541,0,0.45347,7.1284
4.2141,2.2313,3.1541,0,0.07977,7.1269
4.2141,2.2313,3.154,0,-0.16903,7.1336
4.2142,2.2313,3.154,0,-0.20726,7.1204
4.2142,2.2313,3.154,0,-0.084513,7.1126
4.2143,2.2313,3.154,0,0.063385,7.1191
4.2143,2.2313,3.154,0,0,7.1208
4.2144,2.2313,3.154,0,0,7.1131
4.2144,2.2313,3.154,0,0,7.1235
4.2145,2.2313,3.154,0,0,7.1196
4.2145,2.2313,3.154,0,0,7.1135
4.2146,2.2313,3.154,0,0,7.1197
4.2146,2.2313,3.154,0,0,7.1203
4.2147,2.2313,3.154,0,0,7.1127
4.2147,2.2313,3.154,0,0,7.1142
4.2148,2.2313,3.154,0,0,7.1195
4.2148,2.2313,3.154,0,0,7.1128
4.2149,2.2313,3.154,0,0,7.1077
4.2149,2.2313,3.154,0,0,7.1166
4.215,2.2313,3.154,0,0,7.1064
4.2151,2.2313,3.154,0,0,7.1033
4.2151,2.2313,3.154,0,0,7.1067
4.2152,2.2313,3.154,0,0,7.0998
4.2152,2.2313,3.154,0,0,7.0875
4.2153,2.2313,3.154,0,0,7.0953
4.2153,2.2313,3.154,0,0,7.1033
4.2154,2.2313,3.154,0,0,7.0913
4.2154,2.2313,3.154,0,0,7.0957
4.2155,2.2313,3.154,0,0,7.1059
4.2155,2.2313,3.154,0,0,7.0967
4.2156,2.2313,3.154,0,0,7.0969
4.2156,2.2313,3.154,0,0,7.0991
4.2157,2.2313,3.154,0,0,7.0995
4.2157,2.2313,3.154,0,0,7.0949
4.2158,2.2313,3.154,0,0,7.1078
4.2158,2.2313,3.154,0,0,7.1006
4.2159,2.2313,3.154,0,0,7.099
4.2159,2.2313,3.154,0,0,7.1113
4.216,2.2313,3.154,0,0,7.1091
4.2161,2.2313,3.154,0,0,7.1043
4.2161,2.2313,3.154,0,0,7.1069
4.2162,2.2313,3.154,0,0,7.1108
4.2162,2.2313,3.154,0,0,7.0965
4.2163,2.2313,3.154,0,0,7.101
4.2163,2.2313,3.154,0,0,7.1162
4.2164,2.2313,3.154,0,0,7.108
4.2164,2.2313,3.154,0,0,7.1073
4.2165,2.2313,3.154,0,0,7.125
4.2165,2.2313,3.154,0,0,7.1118
4.2166,2.2313,3.154,0,0,7.106
4.2166,2.2313,3.154,0,0,7.1152
4.2167,2.2313,3.154,0,0,7.11
4.2167,2.2313,3.154,0,0,7.0939
4.2168,2.2313,3.154,0,0,7.1047
4.2168,2.2313,3.154,0,0,7.1096
4.2169,2.2313,3.154,0,0,7.1049
4.2169,2.2313,3.154,0,0,7.1092
4.217,2.2313,3.154,0,0,7.1252
4.2171,2.2313,3.154,0,0,7.1144
4.2171,2.2313,3.154,0,0,7.112
4.2172,2.2313,3.154,0,0,7.1206
4.2172,2.2313,3.154,0,0,7.1113
4.2173,2.2313,3.154,0,0,7.1099
4.2173,2.2313,3.154,0,0,7.1181
4.2174,2.2313,3.154,0,0,7.1165
4.2174,2.2313,3.154,0,0,7.1117
4.2175,2.2313,3.154,0,0,7.1239
4.2175,2.2313,3.154,0,0,7.1195
4.2176,2.2313,3.154,0,0,7.1043
4.2176,2.2313,3.154,0,0,7.1149
4.2177,2.2313,3.154,0,0,7.112
4.2177,2.2313,3.154,0,0,7.1048
4.2178,2.2313,3.154,0,0,7.1034
4.2178,2.2313,3.154,0,0,7.1191
4.2179,2.2313,3.154,0,0,7.1081
4.2179,2.2313,3.154,0,0,7.1124
4.218,2.2313,3.154,0,0,7.1217
4.2181,2.2313,3.154,0,0,7.1113
4.2181,2.2313,3.154,0,0,7.1045
4.2182,2.2313,3.154,0,0,7.112
4.2182,2.2313,3.154,0,0,7.109
4.2183,2.2313,3.154,0,0,7.0984
4.2183,2.2313,3.154,0,0,7.1074
4.2184,2.2313,3.154,0,0,7.1116
4.2184,2.2313,3.154,0,0,7.1084
4.2185,2.2313,3.154,0,0,7.1176
4.2185,2.2313,3.154,0,0,7.1307
4.2186,2.2313,3.154,0,0,7.1211
4.2186,2.2313,3.154,0,0,7.1286
4.2187,2.2313,3.154,0,0,7.1276
4.2187,2.2313,3.154,0,0,7.1211
4.2188,2.2313,3.154,0,0,7.1205
4.2188,2.2313,3.154,0,0,7.1328
4.2189,2.2313,3.154,0,0,7.1302
4.2189,2.2313,3.154,0,0,7.1274
4.219,2.2313,3.154,0,0,7.1398
4.2191,2.2313,3.154,0,0,7.1393
4.2191,2.2313,3.154,0,0,7.1269
4.2192,2.2313,3.154,0,0,7.134
4.2192,2.2313,3.154,0,0,7.1361
4.2193,2.2313,3.154,0,0,7.1227
4.2193,2.2313,3.154,0,0,7.1299
4.2194,2.2313,3.154,0,0,7.1412
4.2194,2.2313,3.154,0,0,7.1284
4.2195,2.2313,3.154,0,0,7.1275
4.2195,2.2313,3.154,0,0,7.1374
4.2196,2.2313,3.154,0,0,7.1302
4.2196,2.2313,3.154,0,0,7.1172
4.2197,2.2313,3.154,0,0,7.1221
4.2197,2.2313,3.154,0,0,7.1128
4.2198,2.2313,3.154,0,0,7.1024
4.2198,2.2313,3.154,0,0,7.106
4.2199,2.2313,3.154,0,0,7.1114
4.2199,2.2313,3.154,0,0,7.098
4.22,2.2313,3.154,0,0,7.1084
4.2201,2.2313,3.154,0,0,7.1172
4.2201,2.2313,3.154,0,0,7.1126
4.2202,2.2313,3.154,0,0,7.1054
4.2202,2.2313,3.154,0,0,7.1128
4.2203,2.2313,3.154,0,0,7.1033
4.2203,2.2313,3.154,0,0,7.0932
4.2204,2.2313,3.154,0,0,7.1051
4.2204,2.2313,3.154,0,0,7.0943
4.2205,2.2313,3.154,0,0,7.0901
4.2205,2.2313,3.154,0,0,7.1004
4.2206,2.2313,3.154,0,0,7.0973
4.2206,2.2313,3.154,0,0,7.091
4.2207,2.2313,3.154,0,0,7.0887
4.2207,2.2313,3.154,0,0,7.088
4.2208,2.2313,3.154,0,0,7.0796
4.2208,2.2313,3.154,0,0,7.0739
4.2209,2.2313,3.154,0,0,7.0823
4.2209,2.2313,3.154,0,0,7.0735
4.221,2.2313,3.154,0,0,7.0735
4.2211,2.2313,3.154,0,0,7.0906
4.2211,2.2313,3.154,0,0,7.0866
4.2212,2.2313,3.154,0,0,7.0872
4.2212,2.2313,3.154,0,0,7.0981
4.2213,2.2313,3.154,0,0,7.0934
4.2213,2.2313,3.154,0,0,7.0838
4.2214,2.2313,3.154,0,0,7.094
4.2214,2.2313,3.154,0,0,7.0967
4.2215,2.2313,3.154,0,0,7.0884
4.2215,2.2313,3.154,0,0,7.0994
4.2216,2.2313,3.154,0,0,7.1139
4.2216,2.2313,3.154,0,0,7.1059
4.2217,2.2313,3.154,0,0,7.1083
4.2217,2.2313,3.154,0,0,7.1114
4.2218,2.2313,3.154,0,0,7.1105
4.2218,2.2313,3.154,0,0,7.1134
4.2219,2.2313,3.154,0,0,7.1177
4.2219,2.2313,3.154,0,0,7.1107
4.222,2.2313,3.154,0,0,7.1078
4.2221,2.2313,3.154,0,0,7.1204
4.2221,2.2313,3.154,0,0,7.1249
4.2222,2.2313,3.154,0,0,7.1176
4.2222,2.2313,3.154,0,0,7.1289
4.2223,2.2313,3.154,0,0,7.1257
4.2223,2.2313,3.154,0,0,7.117
4.2224,2.2313,3.154,0,0,7.1249
4.2224,2.2313,3.154,0,0,7.1289
4.2225,2.2313,3.154,0,0,7.1249
4.2225,2.2313,3.154,0,0,7.1364
4.2226,2.2313,3.154,0,0,7.1485
4.2226,2.2313,3.154,0,0,7.1471
4.2227,2.2313,3.154,0,0,7.1493
4.2227,2.2313,3.154,0,0,7.1621
4.2228,2.2313,3.154,0,0,7.1634
4.2228,2.2313,3.154,0,0,7.1548
4.2229,2.2313,3.154,0,0,7.1637
4.2229,2.2313,3.154,0,0,7.1668
4.223,2.2313,3.154,0,0,7.1595
4.2231,2.2313,3.154,0,0,7.1663
4.2231,2.2313,3.154,0,0,7.179
4.2232,2.2313,3.154,0,0,7.1702
4.2232,2.2313,3.154,0,0,7.1714
4.2233,2.2313,3.154,0,0,7.1839
4.2233,2.2313,3.154,0,0,7.1742
4.2234,2.2313,3.154,0,0,7.1676
4.2234,2.2313,3.154,0,0,7.1819
4.2235,2.2313,3.154,0,0,7.176
4.2235,2.2313,3.154,0,0,7.1704
4.2236,2.2313,3.154,0,0,7.1865
4.2236,2.2313,3.154,0,0,7.1797
4.2237,2.2313,3.154,0,0,7.1695
4.2237,2.2313,3.154,0,0,7.1774
4.2238,2.2313,3.154,0,0,7.1772
4.2238,2.2313,3.154,0,0,7.1675
4.2239,2.2313,3.154,0,0,7.1727
4.2239,2.2313,3.154,0,0,7.1769
4.224,2.2313,3.154,0,0,7.1692
4.2241,2.2313,3.154,0,0,7.1723
4.2241,2.2313,3.154,0,0,7.1841
4.2242,2.2313,3.154,0,0,7.1875
4.2242,2.2313,3.154,0,0,7.1844
4.2243,2.2313,3.154,0,0,7.1964
4.2243,2.2313,3.154,0,0,7.1983
4.2244,2.2313,3.154,0,0,7.1879
4.2244,2.2313,3.154,0,0,7.1924
4.2245,2.2313,3.154,0,0,7.2012
4.2245,2.2313,3.154,0,0,7.1879
4.2246,2.2313,3.154,0,0,7.1962
4.2246,2.2313,3.154,0,0,7.199
4.2247,2.2313,3.154,0,0,7.1952
4.2247,2.2313,3.154,0,0,7.1981
4.2248,2.2313,3.154,0,0,7.2017
4.2248,2.2313,3.154,0,0,7.1993
4.2249,2.2313,3.154,0,0,7.1919
4.2249,2.2313,3.154,0,0,7.1986
4.225,2.2313,3.154,0,0,7.1917
4.2251,2.2313,3.154,0,0,7.1891
4.2251,2.2313,3.154,0,0,7.2039
4.2252,2.2313,3.154,0,0,7.201
4.2252,2.2313,3.154,0,0,7.198
4.2253,2.2313,3.154,0,0,7.2069
4.2253,2.2313,3.154,0,0,7.199
4.2254,2.2313,3.154,0,0,7.1952
4.2254,2.2313,3.154,0,0,7.1959
4.2255,2.2313,3.154,0,0,7.1972
4.2255,2.2313,3.154,0,0,7.1862
4.2256,2.2313,3.154,0,0,7.1957
4.2256,2.2313,3.154,0,0,7.208
4.2257,2.2313,3.154,0,0,7.2005
4.2257,2.2313,3.154,0,0,7.1948
4.2258,2.2313,3.154,0,0,7.2094
4.2258,2.2313,3.154,0,0,7.2027
4.2259,2.2313,3.154,0,0,7.1988
4.2259,2.2313,3.154,0,0,7.2028
4.226,2.2313,3.154,0,0,7.1993
4.2261,2.2313,3.154,0,0,7.1902
4.2261,2.2313,3.154,0,0,7.1992
4.2262,2.2313,3.154,0,0,7.203
4.2262,2.2313,3.154,0,0,7.1963
4.2263,2.2313,3.154,0,0,7.2005
4.2263,2.2313,3.154,0,0,7.2073
4.2264,2.2313,3.154,0,0,7.1947
4.2264,2.2313,3.154,0,0,7.1925
4.2265,2.2313,3.154,0,0,7.1986
4.2265,2.2313,3.154,0,0,7.1932
4.2266,2.2313,3.154,0,0,7.1868
4.2266,2.2313,3.154,0,0,7.2049
4.2267,2.2313,3.154,0,0,7.2046
4.2267,2.2313,3.154,0,0,7.1935
4.2268,2.2313,3.154,0,0,7.2023
4.2268,2.2313,3.154,0,0,7.2018
4.2269,2.2313,3.154,0,0,7.1976
4.2269,2.2313,3.154,0,0,7.1998
4.227,2.2313,3.154,0,0,7.2099
4.2271,2.2313,3.154,0,0,7.197
4.2271,2.2313,3.154,0,0,7.1978
4.2272,2.2313,3.154,0,0,7.2058
4.2272,2.2313,3.154,0,0,7.201
4.2273,2.2313,3.154,0,0,7.195
4.2273,2.2313,3.154,0,0,7.2079
4.2274,2.2313,3.154,0,0,7.2021
4.2274,2.2313,3.154,0,0,7.1964
4.2275,2.2313,3.154,0,0,7.1989
4.2275,2.2313,3.154,0,0,7.1938
4.2276,2.2313,3.154,0,0,7.1835
4.2276,2.2313,3.154,0,0,7.1931
4.2277,2.2313,3.154,0,0,7.1974
4.2277,2.2313,3.154,0,0,7.186
4.2278,2.2313,3.154,0,0,7.1913
4.2278,2.2313,3.154,0,0,7.2056
4.2279,2.2313,3.154,0,0,7.1896
4.2279,2.2313,3.154,0,0,7.1976
4.228,2.2313,3.154,0,0,7.2066
4.2281,2.2313,3.154,0,0,7.2034
4.2281,2.2313,3.154,0,0,7.2009
4.2282,2.2313,3.154,0,0,7.2167
4.2282,2.2313,3.154,0,0,7.2201
4.2283,2.2313,3.154,0,0,7.2163
4.2283,2.2313,3.154,0,0,7.2281
4.2284,2.2313,3.154,0,0,7.2326
4.2284,2.2313,3.154,0,0,7.2243
4.2285,2.2313,3.154,0,0,7.225
4.2285,2.2313,3.154,0,0,7.2352
4.2286,2.2313,3.154,0,0,7.2229
4.2286,2.2313,3.154,0,0,7.2259
4.2287,2.2313,3.154,0,0,7.2389
4.2287,2.2313,3.154,0,0,7.2356
4.2288,2.2313,3.154,0,0,7.2368
4.2288,2.2313,3.154,0,0,7.2452
4.2289,2.2313,3.154,0,0,7.2324
4.2289,2.2313,3.154,0,0,7.2274
4.229,2.2313,3.154,0,0,7.2324
4.2291,2.2313,3.154,0,0,7.2317
4.2291,2.2313,3.154,0,0,7.216
4.2292,2.2313,3.154,0,0,7.2271
4.2292,2.2313,3.154,0,0,7.2338
4.2293,2.2313,3.154,0,0,7.2256
4.2293,2.2313,3.154,0,0,7.2341
4.2294,2.2313,3.154,0,0,7.2464
4.2294,2.2313,3.154,0,0,7.2292
4.2295,2.2313,3.154,0,0,7.2311
4.2295,2.2313,3.154,0,0,7.2332
4.2296,2.2313,3.154,0,0,7.2257
4.2296,2.2313,3.154,0,0,7.2225
4.2297,2.2313,3.154,0,0,7.2367
4.2297,2.2313,3.154,0,0,7.2292
4.2298,2.2313,3.154,0,0,7.2301
4.2298,2.2313,3.154,0,0,7.2442
4.2299,2.2313,3.154,0,0,7.2399
4.2299,2.2313,3.154,0,0,7.227
4.23,2.2313,3.154,0,0,7.2332
4.2301,2.2313,3.154,0,0,7.2392
4.2301,2.2313,3.154,0,0,7.2238
4.2302,2.2313,3.154,0,0,7.2222
4.2302,2.2313,3.154,0,0,7.2274
4.2303,2.2313,3.154,0,0,7.2207
4.2303,2.2313,3.154,0,0,7.2197
4.2304,2.2313,3.154,0,0,7.228
4.2304,2.2313,3.154,0,0,7.2224
4.2305,2.2313,3.154,0,0,7.2118
4.2305,2.2313,3.154,0,0,7.2146
4.2306,2.2313,3.154,0,0,7.2083
4.2306,2.2313,3.154,0,0,7.1957
4.2307,2.2313,3.154,0,0,7.2037
4.2307,2.2313,3.154,0,0,7.2061
4.2308,2.2313,3.154,0,0,7.2046
4.2308,2.2313,3.154,0,0,7.2076
4.2309,2.2313,3.154,0,0,7.2073
4.2309,2.2313,3.154,0,0,7.1925
4.231,2.2313,3.154,0,0,7.197
4.2311,2.2313,3.154,0,0,7.2054
4.2311,2.2313,3.154,0,0,7.1951
4.2312,2.2313,3.154,0,0,7.1823
4.2312,2.2313,3.154,0,0,7.1949
4.2313,2.2313,3.154,0,0,7.1867
4.2313,2.2313,3.154,0,0,7.1821
4.2314,2.2313,3.154,0,0,7.199
4.2314,2.2313,3.154,0,0,7.1988
4.2315,2.2313,3.154,0,0,7.1818
4.2315,2.2313,3.154,0,0,7.1843
4.2316,2.2313,3.154,0,0,7.1847
4.2316,2.2313,3.154,0,0,7.1754
4.2317,2.2313,3.154,0,0,7.1766
4.2317,2.2313,3.154,0,0,7.1873
4.2318,2.2313,3.154,0,0,7.1762
4.2318,2.2313,3.154,0,0,7.1731
4.2319,2.2313,3.154,0,0,7.1829
4.2319,2.2313,3.154,0,0,7.1764
4.232,2.2313,3.154,0,0,7.1684
4.2321,2.2313,3.154,0,0,7.1683
4.2321,2.2313,3.154,0,0,7.1665
4.2322,2.2313,3.154,0,0,7.1589
4.2322,2.2313,3.154,0,0,7.159
4.2323,2.2313,3.154,0,0,7.1679
4.2323,2.2313,3.154,0,0,7.1658
4.2324,2.2313,3.154,0,0,7.172
4.2324,2.2313,3.154,0,0,7.1829
4.2325,2.2313,3.154,0,0,7.1719
4.2325,2.2313,3.154,0,0,7.1745
4.2326,2.2313,3.154,0,0,7.1782
4.2326,2.2313,3.154,0,0,7.1723
4.2327,2.2313,3.154,0,0,7.1665
4.2327,2.2313,3.154,0,0,7.1747
4.2328,2.2313,3.154,0,0,7.1706
4.2328,2.2313,3.154,0,0,7.1698
4.2329,2.2313,3.154,0,0,7.1783
4.2329,2.2313,3.154,0,0,7.1877
4.233,2.2313,3.154,0,0,7.1749
4.2331,2.2313,3.154,0,0,7.1815
4.2331,2.2313,3.154,0,0,7.1865
4.2332,2.2313,3.154,0,0,7.1747
4.2332,2.2313,3.154,0,0,7.174
4.2333,2.2313,3.154,0,0,7.1829
4.2333,2.2313,3.154,0,0,7.1771
4.2334,2.2313,3.154,0,0,7.173
4.2334,2.2313,3.154,0,0,7.1912
4.2335,2.2313,3.154,0,0,7.1911
4.2335,2.2313,3.154,0,0,7.1842
4.2336,2.2313,3.154,0,0,7.1974
4.2336,2.2313,3.154,0,0,7.1936
4.2337,2.2313,3.154,0,0,7.1871
4.2337,2.2313,3.154,0,0,7.1892
4.2338,2.2313,3.154,0,0,7.1954
4.2338,2.2313,3.154,0,0,7.1925
4.2339,2.2313,3.154,0,0,7.2018
4.2339,2.2313,3.154,0,0,7.2126
4.234,2.2313,3.154,0,0,7.207
4.2341,2.2313,3.154,0,0,7.2058
4.2341,2.2313,3.154,0,0,7.2078
4.2342,2.2313,3.154,0,0,7.2011
4.2342,2.2313,3.154,0,0,7.1925
4.2343,2.2313,3.154,0,0,7.205
4.2343,2.2313,3.154,0,0,7.1944
4.2344,2.2313,3.154,0,0,7.1849
4.2344,2.2313,3.154,0,0,7.2005
4.2345,2.2313,3.154,0,0,7.2049
4.2345,2.2313,3.154,0,0,7.1972
4.2346,2.2313,3.154,0,0,7.1991
4.2346,2.2313,3.154,0,0,7.1923
4.2347,2.2313,3.154,0,0,7.1875
4.2347,2.2313,3.154,0,0,7.1929
4.2348,2.2313,3.154,0,0,7.1945
4.2348,2.2313,3.154,0,0,7.1882
4.2349,2.2313,3.154,0,0,7.1915
4.2349,2.2313,3.154,0,0,7.2041
4.235,2.2313,3.154,0,0,7.2056
4.2351,2.2313,3.154,0,0,7.1933
4.2351,2.2313,3.154,0,0,7.21
4.2352,2.2313,3.154,0,0,7.2067
4.2352,2.2313,3.154,0,0,7.1939
4.2353,2.2313,3.154,0,0,7.2031
4.2353,2.2313,3.154,0,0,7.2077
4.2354,2.2313,3.154,0,0,7.1976
4.2354,2.2313,3.154,0,0,7.2099
4.2355,2.2313,3.154,0,0,7.2221
4.2355,2.2313,3.154,0,0,7.2156
4.2356,2.2313,3.154,0,0,7.2164
4.2356,2.2313,3.154,0,0,7.2237
4.2357,2.2313,3.154,0,0,7.2105
4.2357,2.2313,3.154,0,0,7.2076
4.2358,2.2313,3.154,0,0,7.2166
4.2358,2.2313,3.154,0,0,7.2143
4.2359,2.2313,3.154,0,0,7.2096
4.2359,2.2313,3.154,0,0,7.225
4.236,2.2313,3.154,0,0,7.228
4.2361,2.2313,3.154,0,0,7.2198
4.2361,2.2313,3.154,0,0,7.2265
4.2362,2.2313,3.154,0,0,7.23
4.2362,2.2313,3.154,0,0,7.2157
4.2363,2.2313,3.154,0,0,7.212
4.2363,2.2313,3.154,0,0,7.2151
4.2364,2.2313,3.154,0,0,7.2029
4.2364,2.2313,3.154,0,0,7.2114
4.2365,2.2313,3.154,0,0,7.2156
4.2365,2.2313,3.154,0,0,7.2059
4.2366,2.2313,3.154,0,0,7.2061
4.2366,2.2313,3.154,0,0,7.2117
4.2367,2.2313,3.154,0,0,7.2141
4.2367,2.2313,3.154,0,0,7.2019
4.2368,2.2313,3.154,0,0,7.2088
4.2368,2.2313,3.154,0,0,7.2126
4.2369,2.2313,3.154,0,0,7.2042
4.2369,2.2313,3.154,0,0,7.2062
4.237,2.2313,3.154,0,0,7.2199
4.2371,2.2313,3.154,0,0,7.2065
4.2371,2.2313,3.154,0,0,7.2077
4.2372,2.2313,3.154,0,0,7.215
4.2372,2.2313,3.154,0,0,7.1982
4.2373,2.2313,3.154,0,0,7.1969
4.2373,2.2313,3.154,0,0,7.207
4.2374,2.2313,3.154,0,0,7.1973
4.2374,2.2313,3.154,0,-0.063385,7.1863
4.2375,2.2313,3.154,0,0.084513,7.1995
4.2375,2.2313,3.154,0,0.20726,7.1993
4.2376,2.2313,3.1541,0,0.16903,7.196
4.2376,2.2313,3.1541,0,-0.07977,7.203
4.2377,2.2313,3.154,0,-0.45347,7.1946
4.2377,2.2313,3.154,0,-1.147,7.1857
4.2378,2.2313,3.1539,0,-1.8009,7.1922
4.2378,2.2313,3.1538,0,-2.1279,7.1987
4.2379,2.2313,3.1537,0,-1.5139,7.1894
4.2379,2.2313,3.1537,0,-0.5456,7.1963
4.238,2.2313,3.1537,0,0.5456,7.2102
4.2381,2.2313,3.1538,0,1.5139,7.203
4.2381,2.2313,3.1539,0,2.1279,7.1939
4.2382,2.2313,3.154,0,1.7375,7.2063
4.2382,2.2313,3.154,0,1.1681,7.2028
4.2383,2.2313,3.1541,0,0.74523,7.1944
4.2383,2.2313,3.1541,0,0.45604,7.1989
4.2384,2.2313,3.1541,0,-0.07978,7.2037
4.2384,2.2313,3.154,0,-0.74049,7.1981
4.2385,2.2313,3.154,0,-1.6849,7.1986
4.2385,2.2313,3.1538,0,-2.8844,7.2037
4.2386,2.2313,3.1536,0,-3.9287,7.1988
4.2386,2.2313,3.1534,0,-3.6417,7.2045
4.2387,2.2313,3.1533,0,-2.0594,7.2119
4.2387,2.2313,3.1533,0,-8.4377e-12,7.2014
4.2388,2.2313,3.1534,0,2.0594,7.2005
4.2388,2.2313,3.1536,0,3.6417,7.2126
4.2389,2.2313,3.1538,0,3.9287,7.2062
4.2389,2.2313,3.154,0,2.9478,7.1978
4.239,2.2313,3.154,0,1.6004,7.2178
4.2391,2.2313,3.1541,0,0.53324,7.2262
4.2391,2.2313,3.1541,0,-0.089246,7.2215
4.2392,2.2313,3.1541,0,-0.37627,7.2306
4.2392,2.2313,3.154,0,-0.29177,7.2311
4.2393,2.2313,3.154,0,-0.021132,7.2267
4.2393,2.2313,3.154,0,0.063385,7.2306
4.2394,2.2313,3.154,0,0,7.241
4.2394,2.2313,3.154,0,0,7.231
4.2395,2.2313,3.154,0,0,7.2356
4.2395,2.2313,3.154,0,-0.063385,7.2528
4.2396,2.2313,3.154,0,0.084513,7.2544
4.2396,2.2313,3.154,0,0.20726,7.259
4.2397,2.2313,3.1541,0,0.10565,7.2617
4.2397,2.2313,3.1541,0,0.0047378,7.2588
4.2398,2.2313,3.154,0,-0.24623,7.2522
4.2398,2.2313,3.154,0,-0.97794,7.2571
4.2399,2.2313,3.1539,0,-1.8807,7.2598
4.2399,2.2313,3.1538,0,-2.5813,7.2522
4.24,2.2313,3.1536,0,-2.7242,7.2607
4.2401,2.2313,3.1535,0,-2.3253,7.2698
4.2401,2.2313,3.1534,0,-1.3539,7.2618
4.2402,2.2313,3.1534,0,0.3974,7.271
4.2402,2.2313,3.1535,0,1.8999,7.2796
4.2403,2.2313,3.1537,0,2.2106,7.2692
4.2403,2.2313,3.1537,0,1.4413,7.2644
4.2404,2.2313,3.1537,0,-0.58677,7.2695
4.2404,2.2313,3.1535,0,-3.4744,7.2692
4.2405,2.2313,3.1532,0,-6.0004,7.2609
4.2405,2.2313,3.1528,0,-7.0881,7.2775
4.2406,2.2313,3.1525,0,-6.466,7.2832
4.2406,2.2313,3.1523,0,-4.3182,7.275
4.2407,2.2313,3.1522,0,-1.4338,7.2828
4.2407,2.2313,3.1523,0,1.5896,7.2812
4.2408,2.2313,3.1524,0,3.3776,7.2696
4.2408,2.2313,3.1527,0,4.2097,7.2686
4.2409,2.2313,3.1529,0,4.5332,7.2733
4.2409,2.2313,3.1532,0,4.615,7.2688
4.241,2.2313,3.1534,0,4.3263,7.2661
4.2411,2.2313,3.1536,0,3.9568,7.2736
4.2411,2.2313,3.1538,0,3.2506,7.2757
4.2412,2.2313,3.1539,0,1.8743,7.2724
4.2412,2.2313,3.1538,0,-0.14385,7.2807
4.2413,2.2313,3.1537,0,-2.149,7.2729
4.2413,2.2313,3.1536,0,-3.3358,7.2618
4.2414,2.2313,3.1533,0,-4.0275,7.2704
4.2414,2.2313,3.1532,0,-3.3915,7.2697
4.2415,2.2313,3.1531,0,-2.243,7.2589
4.2415,2.2313,3.153,0,-0.55676,7.2663
4.2416,2.2313,3.1531,0,0.6249,7.2722
4.2416,2.2313,3.1531,0,1.7896,7.2622
4.2417,2.2313,3.1533,0,2.1601,7.2677
4.2417,2.2313,3.1534,0,2.3064,7.2725
4.2418,2.2313,3.1535,0,1.5769,7.2612
4.2418,2.2313,3.1536,0,1.6381,7.2639
4.2419,2.2313,3.1536,0,1.1456,7.2656
4.2419,2.2313,3.1537,0,0.73499,7.2569
4.242,2.2313,3.1537,0,0.040395,7.2462
4.2421,2.2313,3.1536,0,-0.34853,7.2602
4.2421,2.2313,3.1536,0,-1.1932,7.2677
4.2422,2.2313,3.1535,0,-1.7968,7.2553
4.2422,2.2313,3.1534,0,-2.3602,7.2683
4.2423,2.2313,3.1533,0,-1.7211,7.2735
4.2423,2.2313,3.1532,0,-0.69346,7.2592
4.2424,2.2313,3.1533,0,0.9171,7.2617
4.2424,2.2313,3.1534,0,2.4069,7.2678
4.2425,2.2313,3.1536,0,3.2795,7.2609
4.2425,2.2313,3.1537,0,2.8613,7.2593
4.2426,2.2313,3.1538,0,1.442,7.2681
4.2426,2.2313,3.1538,0,-0.87957,7.2614
4.2427,2.2313,3.1536,0,-2.5581,7.2638
4.2427,2.2313,3.1535,0,-2.8965,7.2757
4.2428,2.2313,3.1534,0,-1.8693,7.2722
4.2428,2.2313,3.1534,0,-0.32607,7.2619
4.2429,2.2313,3.1534,0,0.54824,7.2678
4.2429,2.2313,3.1534,0,0.32974,7.2658
4.243,2.2313,3.1533,0,-1.4093,7.2531
4.2431,2.2313,3.1531,0,-3.9257,7.2617
4.2431,2.2313,3.1528,0,-5.6139,7.2673
4.2432,2.2313,3.1525,0,-5.3622,7.2638
4.2432,2.2313,3.1524,0,-3.4271,7.2706
4.2433,2.2313,3.1524,0,-0.028246,7.2795
4.2433,2.2313,3.1525,0,3.251,7.268
4.2434,2.2313,3.1528,0,5.9969,7.2689
4.2434,2.2313,3.1532,0,6.8778,7.2744
4.2435,2.2313,3.1535,0,6.0181,7.2688
4.2435,2.2313,3.1537,0,3.5428,7.2567
4.2436,2.2313,3.1537,0,0.34811,7.2719
4.2436,2.2313,3.1536,0,-3.3379,7.2717
4.2437,2.2313,3.1532,0,-5.8955,7.2656
4.2437,2.2313,3.1529,0,-7.1508,7.2671
4.2438,2.2313,3.1525,0,-6.8942,7.2679
4.2438,2.2313,3.1522,0,-5.6925,7.261
4.2439,2.2313,3.152,0,-3.6031,7.2739
4.2439,2.2313,3.1519,0,-1.4562,7.2794
4.244,2.2313,3.152,0,0.46078,7.2708
4.2441,2.2313,3.1521,0,1.9177,7.2653
4.2441,2.2313,3.1522,0,3.3446,7.2803
4.2442,2.2313,3.1525,0,4.1563,7.2692
4.2442,2.2313,3.1527,0,3.6621,7.2699
4.2443,2.2313,3.1528,0,1.9957,7.2814
4.2443,2.2313,3.1528,0,0,7.271
4.2444,2.2313,3.1526,0,-2.0591,7.2628
4.2444,2.2313,3.1525,0,-3.641,7.2626
4.2445,2.2313,3.1522,0,-3.9275,7.2602
4.2445,2.2313,3.1521,0,-2.9486,7.2464
4.2446,2.2313,3.152,0,-1.6024,7.2523
4.2446,2.2313,3.152,0,-0.53143,7.265
4.2447,2.2313,3.152,0,0.099275,7.2578
4.2447,2.2313,3.152,0,0.39071,7.2656
4.2448,2.2313,3.152,0,0.29828,7.2824
4.2448,2.2313,3.152,0,-0.0034108,7.2757
4.2449,2.2313,3.152,0.020248,-0.14243,7.2813
4.2449,2.2313,3.152,-0.026998,-0.14105,7.2917
4.245,2.2313,3.152,-0.066209,-0.14386,7.2858
4.2451,2.2313,3.152,-0.053996,-0.015614,7.2882
4.2451,2.2313,3.152,0.025483,0.27659,7.2929
4.2452,2.2313,3.1521,0.14486,0.69873,7.2864
4.2452,2.2314,3.1521,0.3664,1.1524,7.2848
4.2453,2.2314,3.1522,0.57531,1.4653,7.298
4.2453,2.2314,3.1523,0.67977,1.4707,7.3059
4.2454,2.2314,3.1523,0.48362,1.0868,7.2932
4.2454,2.2315,3.1523,0.17429,0.40006,7.2954
4.2455,2.2314,3.1523,-0.17429,-0.40006,7.3011
4.2455,2.2314,3.1523,-0.48362,-1.0868,7.2885
4.2456,2.2314,3.1522,-0.67977,-1.4707,7.2923
4.2456,2.2314,3.1521,-0.57531,-1.4653,7.3022
4.2457,2.2313,3.1521,-0.3664,-1.1524,7.2982
4.2457,2.2313,3.152,-0.14486,-0.69873,7.3019
4.2458,2.2313,3.152,-0.025483,-0.27659,7.3117
4.2458,2.2313,3.152,0.053996,0.015614,7.3104
4.2459,2.2313,3.152,0.066209,0.14386,7.3122
4.2459,2.2313,3.152,0.026998,0.14105,7.3189
4.246,2.2313,3.152,-0.020248,0.079057,7.3088
4.2461,2.2313,3.152,0,0.02453,7.3071
4.2461,2.2313,3.152,0,-0.0065786,7.3057
4.2462,2.2313,3.152,0,-0.014509,7.3128
4.2462,2.2313,3.152,0,-0.010031,7.3073
4.2463,2.2313,3.152,0,-0.0016716,7.318
4.2463,2.2313,3.152,0,0.0023507,7.3261
4.2464,2.2313,3.152,0,0.0013164,7.3198
4.2464,2.2313,3.152,0,-0.00049365,7.3226
4.2465,2.2313,3.152,0,0,7.3229
4.2465,2.2313,3.152,0,0.00049365,7.3165
4.2466,2.2313,3.152,0,-0.0013164,7.3098
4.2466,2.2313,3.152,0,-0.0023507,7.3196
4.2467,2.2313,3.152,0,0.0021652,7.3151
4.2467,2.2313,3.152,0,0.0087149,7.3109
4.2468,2.2313,3.152,0,0.012159,7.3203
4.2468,2.2313,3.152,0,0.0082497,7.3245
4.2469,2.2313,3.152,0,-0.014501,7.3148
4.2469,2.2313,3.152,0.020248,-0.064552,7.3163
4.247,2.2313,3.152,-0.026998,-0.13448,7.3233
4.2471,2.2313,3.152,-0.066209,-0.16838,7.3137
4.2471,2.2313,3.152,-0.033751,-0.094643,7.3032
4.2472,2.2313,3.152,-0.0015098,0.13558,7.312
4.2472,2.2313,3.152,0.078669,0.55491,7.3086
4.2473,2.2313,3.1521,0.31241,1.1368,7.3088
4.2473,2.2314,3.1522,0.60078,1.7422,7.3143
4.2474,2.2314,3.1523,0.82459,2.1683,7.3055
4.2474,2.2315,3.1524,0.84996,2.2356,7.3019
4.2475,2.2315,3.1525,0.74954,1.863,7.3074
4.2475,2.2315,3.1526,0.50542,1.0798,7.3017
4.2476,2.2315,3.1526,0,0.026209,7.2955
4.2476,2.2315,3.1525,-0.50542,-1.0393,7.2955
4.2477,2.2315,3.1524,-0.74954,-1.8679,7.2967
4.2477,2.2314,3.1523,-0.82971,-2.3366,7.2854
4.2478,2.2314,3.1522,-0.83134,-2.4169,7.2916
4.2478,2.2313,3.1521,-0.67374,-2.1071,7.2959
4.2479,2.2313,3.152,-0.45959,-1.4286,7.292
4.2479,2.2313,3.152,-0.17335,-0.41464,7.2927
4.248,2.2313,3.152,0.11788,0.85361,7.2961
4.2481,2.2313,3.1521,0.57045,2.2269,7.2902
4.2481,2.2314,3.1523,1.1729,3.4098,7.2779
4.2482,2.2315,3.1525,1.6415,4.0059,7.2894
4.2482,2.2316,3.1527,1.6452,3.7282,7.2809
4.2483,2.2316,3.1528,1.2105,2.5983,7.266
4.2483,2.2317,3.1529,0.38208,0.97948,7.2802
4.2484,2.2316,3.1529,-0.44005,-0.50387,7.2772
4.2484,2.2316,3.1528,-0.92757,-1.2259,7.2681
4.2485,2.2316,3.1528,-0.75338,-0.82423,7.2776
4.2485,2.2316,3.1528,0.043304,0.60212,7.2663
4.2486,2.2316,3.1529,1.0412,2.5152,7.2554
4.2486,2.2317,3.1531,1.8121,4.2027,7.2563
4.2487,2.2318,3.1534,2.077,5.0587,7.2661
4.2487,2.2319,3.1537,1.8193,4.8006,7.2602
4.2488,2.232,3.1539,1.1993,3.5144,7.2564
4.2488,2.232,3.1539,0.45779,1.5593,7.2643
4.2489,2.232,3.1539,-0.28758,-0.58361,7.2662
4.2489,2.2319,3.1538,-0.8668,-2.4276,7.2586
4.249,2.2319,3.1536,-1.3373,-3.6146,7.2676
4.2491,2.2318,3.1534,-1.4704,-3.9227,7.2635
4.2491,2.2317,3.1532,-1.3893,-3.3493,7.257
4.2492,2.2317,3.1531,-0.88735,-2.081,7.2608
4.2492,2.2317,3.1531,-0.13348,-0.5249,7.2702
4.2493,2.2317,3.1531,0.58859,0.81939,7.2613
4.2493,2.2317,3.1532,0.84089,1.545,7.2641
4.2494,2.2318,3.1533,0.80918,1.552,7.2743
4.2494,2.2318,3.1533,0.35361,1.0089,7.2676
4.2495,2.2318,3.1533,-0.091651,0.33871,7.2714
4.2495,2.2318,3.1533,-0.39655,-0.036046,7.2749
4.2496,2.2318,3.1533,-0.20509,0.14489,7.2611
4.2496,2.2318,3.1534,0.25363,0.80517,7.2573
4.2497,2.2318,3.1535,0.75359,1.6295,7.2576
4.2497,2.2319,3.1536,0.96504,2.2388,7.2614
4.2498,2.2319,3.1537,1.0387,2.4054,7.2624
4.2498,2.232,3.1538,0.73987,2.0712,7.2724
4.2499,2.232,3.1539,0.39158,1.4184,7.2705
4.2499,2.232,3.1539,0.090777,0.70443,7.2606
4.25,2.232,3.1539,-0.040707,0.15453,7.2757
4.2501,2.232,3.1539,-0.080934,-0.14605,7.2715
4.2501,2.232,3.1539,-0.04592,-0.22266,7.2647
4.2502,2.232,3.1539,-0.026976,-0.1689,7.2646
4.2502,2.232,3.1539,0.020232,-0.073138,7.2708
4.2503,2.232,3.1539,0,-0.0095005,7.2673
4.2503,2.232,3.1539,0,0.016576,7.2694
4.2504,2.232,3.1539,0,0.016146,7.2835
4.2504,2.232,3.1539,0,0.007663,7.2804
4.2505,2.232,3.1539,0,0.0003542,7.2801
4.2505,2.232,3.1539,0,-0.0018529,7.2947
4.2506,2.232,3.1539,0,-0.0013135,7.2953
4.2506,2.232,3.1539,0,0.00049258,7.2828
4.2507,2.232,3.1539,0,0,7.2865
4.2507,2.232,3.1539,0,0,7.2967
4.2508,2.232,3.1539,0,0,7.286
4.2508,2.232,3.1539,0,0,7.2945
4.2509,2.232,3.1539,0,0,7.3005
4.2509,2.232,3.1539,0,0,7.2942
4.251,2.232,3.1539,0,0,7.2947
4.2511,2.232,3.1539,0,0,7.2951
4.2511,2.232,3.1539,0,0,7.2891
4.2512,2.232,3.1539,0,0,7.2905
4.2512,2.232,3.1539,0,0,7.2915
4.2513,2.232,3.1539,0,0,7.2881
4.2513,2.232,3.1539,0,0,7.2807
4.2514,2.232,3.1539,0,0,7.2901
4.2514,2.232,3.1539,0,0,7.2995
4.2515,2.232,3.1539,0,0,7.2889
4.2515,2.232,3.1539,0,0,7.2967
4.2516,2.232,3.1539,0,0,7.2973
4.2516,2.232,3.1539,0,0,7.2833
4.2517,2.232,3.1539,0,0,7.2795
4.2517,2.232,3.1539,0,0,7.2928
4.2518,2.232,3.1539,0,0,7.2799
4.2518,2.232,3.1539,0,0,7.2825
4.2519,2.232,3.1539,0,0,7.2987
4.2519,2.232,3.1539,0,0,7.2955
4.252,2.232,3.1539,0,0,7.286
4.2521,2.232,3.1539,0,0,7.2985
4.2521,2.232,3.1539,0,0,7.3001
4.2522,2.232,3.1539,0,0,7.2958
4.2522,2.232,3.1539,0,0,7.2972
4.2523,2.232,3.1539,0,0,7.3022
4.2523,2.232,3.1539,0,0,7.2867
4.2524,2.232,3.1539,0,0,7.2965
4.2524,2.232,3.1539,0,0,7.307
4.2525,2.232,3.1539,0,0,7.297
4.2525,2.232,3.1539,0,0,7.295
4.2526,2.232,3.1539,0,0,7.3017
4.2526,2.232,3.1539,0,0,7.2945
4.2527,2.232,3.1539,0,0,7.2898
4.2527,2.232,3.1539,0,0,7.2948
4.2528,2.232,3.1539,0,0,7.2895
4.2528,2.232,3.1539,0,0,7.2774
4.2529,2.232,3.1539,0,0,7.2854
4.2529,2.232,3.1539,0,0,7.2842
4.253,2.232,3.1539,0,0,7.27
4.2531,2.232,3.1539,0,0,7.2753
4.2531,2.232,3.1539,0,0,7.2762
4.2532,2.232,3.1539,0,0,7.2659
4.2532,2.232,3.1539,0,0,7.2663
4.2533,2.232,3.1539,0,0,7.2724
4.2533,2.232,3.1539,0,0,7.2634
4.2534,2.232,3.1539,0,0,7.2594
4.2534,2.232,3.1539,0,0,7.2764
4.2535,2.232,3.1539,0,0,7.2738
4.2535,2.232,3.1539,0,0,7.2704
4.2536,2.232,3.1539,0,0,7.2812
4.2536,2.232,3.1539,0,0,7.2774
4.2537,2.232,3.1539,0,0,7.2677
4.2537,2.232,3.1539,0,0,7.2762
4.2538,2.232,3.1539,0,0,7.2733
4.2538,2.232,3.1539,0,0,7.2633
4.2539,2.232,3.1539,0,0,7.2704
4.2539,2.232,3.1539,0,0,7.2772
4.254,2.232,3.1539,0,0,7.2756
4.2541,2.232,3.1539,0,0,7.2709
4.2541,2.232,3.1539,0,0,7.2808
4.2542,2.232,3.1539,0,0,7.2734
4.2542,2.232,3.1539,0,0,7.2619
4.2543,2.232,3.1539,0,0,7.2657
4.2543,2.232,3.1539,0,0,7.2633
4.2544,2.232,3.1539,0,0,7.2575
4.2544,2.232,3.1539,0,0,7.2667
4.2545,2.232,3.1539,0,0,7.2723
4.2545,2.232,3.1539,0,0,7.2611
4.2546,2.232,3.1539,0,0,7.2683
4.2546,2.232,3.1539,0,0,7.2713
4.2547,2.232,3.1539,0,0,7.2619
4.2547,2.232,3.1539,0,0,7.2653
4.2548,2.232,3.1539,0,0,7.2751
4.2548,2.232,3.1539,0,0,7.2621
4.2549,2.232,3.1539,0,0,7.2646
4.2549,2.232,3.1539,0,0,7.2821
4.255,2.232,3.1539,0,-0.00049258,7.2809
4.2551,2.232,3.1539,0,0.0013135,7.2792
4.2551,2.232,3.1539,0,0.0023456,7.2877
4.2552,2.232,3.1539,0,-0.001668,7.2865
4.2552,2.232,3.1539,0,-0.010009,7.276
4.2553,2.232,3.1539,0,-0.014477,7.2757
4.2553,2.232,3.1539,0,-0.0065647,7.2782
4.2554,2.232,3.1539,0,0.024474,7.2754
4.2554,2.232,3.1539,-0.020232,0.078884,7.2841
4.2555,2.232,3.1539,0.026976,0.14076,7.2829
4.2555,2.232,3.1539,0.066156,0.14357,7.2749
4.2556,2.232,3.1539,0.053952,0.015608,7.2788
4.2556,2.232,3.1539,-0.025462,-0.27599,7.294
4.2557,2.232,3.1539,-0.14474,-0.6973,7.2824
4.2557,2.232,3.1538,-0.36611,-1.1501,7.2807
4.2558,2.2319,3.1538,-0.57485,-1.4625,7.2887
4.2558,2.2319,3.1537,-0.67922,-1.4681,7.2914
4.2559,2.2319,3.1536,-0.48323,-1.0844,7.2894
4.2559,2.2319,3.1536,-0.17415,-0.39824,7.2986
4.256,2.2319,3.1536,0.17415,0.3998,7.2977
4.2561,2.2319,3.1537,0.48323,1.0818,7.2974
4.2561,2.2319,3.1537,0.67922,1.4604,7.3083
4.2562,2.232,3.1538,0.57485,1.4523,7.3148
4.2562,2.232,3.1539,0.36611,1.1474,7.3099
4.2563,2.232,3.1539,0.13798,0.72146,7.3091
4.2563,2.232,3.1539,0.027713,0.35059,7.3063
4.2564,2.232,3.1539,-0.029583,0.11188,7.3061
4.2564,2.232,3.1539,-0.023737,-0.013521,7.3138
4.2565,2.232,3.1539,0.0069518,-0.099652,7.3254
4.2565,2.232,3.1539,0.012581,-0.288,7.3303
4.2566,2.232,3.1539,-0.13912,-0.66781,7.3284
4.2566,2.232,3.1538,-0.35359,-1.1932,7.3393
4.2567,2.2319,3.1537,-0.59894,-1.7122,7.3424
4.2567,2.2319,3.1536,-0.7522,-2.044,7.3333
4.2568,2.2318,3.1535,-0.76212,-2.005,7.3389
4.2568,2.2318,3.1534,-0.58139,-1.5133,7.3349
4.2569,2.2318,3.1534,-0.22732,-0.60182,7.328
4.2569,2.2318,3.1534,0.22056,0.47586,7.331
4.257,2.2318,3.1535,0.59041,1.4331,7.3327
4.2571,2.2319,3.1536,0.78424,2.0276,7.3298
4.2571,2.2319,3.1537,0.77023,2.132,7.3353
4.2572,2.232,3.1538,0.59042,1.7383,7.3465
4.2572,2.232,3.1539,0.3052,1.0502,7.3373
4.2573,2.232,3.1539,0.016721,0.30754,7.335
4.2573,2.232,3.1539,-0.18453,-0.2577,7.3506
4.2574,2.232,3.1539,-0.26101,-0.53837,7.3461
4.2574,2.2319,3.1538,-0.20397,-0.51363,7.3375
4.2575,2.2319,3.1538,-0.082592,-0.26751,7.3551
4.2575,2.2319,3.1538,0.055971,0.0589,7.3557
4.2576,2.2319,3.1538,0.16832,0.34497,7.3474
4.2576,2.232,3.1539,0.22708,0.5095,7.3594
4.2577,2.232,3.1539,0.19218,0.51212,7.3656
4.2577,2.232,3.1539,0.1224,0.38584,7.3591
4.2578,2.232,3.1539,0.048391,0.2009,7.3624
4.2578,2.232,3.1539,0.0085125,0.0030968,7.3666
4.2579,2.232,3.1539,-0.018037,-0.1455,7.3573
4.2579,2.232,3.1539,-0.022117,-0.21278,7.3493
4.258,2.232,3.1539,-0.0090187,-0.16393,7.362
4.2581,2.232,3.1539,0.006764,-0.068552,7.3544
4.2581,2.232,3.1539,0,0.033997,7.35
4.2582,2.232,3.1539,0,0.11923,7.3608
4.2582,2.232,3.1539,0,0.16935,7.3555
4.2583,2.232,3.1539,0,0.14257,7.3524
4.2583,2.232,3.1539,0,0.089064,7.3493
4.2584,2.232,3.1539,0,0.034712,7.3466
4.2584,2.232,3.1539,0,0.0065119,7.3354
4.2585,2.232,3.1539,0,-0.01346,7.3322
4.2585,2.232,3.1539,0,-0.019534,7.3377
4.2586,2.232,3.1539,0,-0.010934,7.3305
4.2586,2.232,3.1539,0,0.0034899,7.3371
4.2587,2.232,3.1539,0,0.0076242,7.3467
4.2587,2.232,3.1539,-0.006764,0.023025,7.3387
4.2588,2.232,3.1539,0.0090187,0.042215,7.3433
4.2588,2.232,3.1539,0.022117,0.045801,7.3472
4.2589,2.232,3.1539,0.018037,0.013403,7.3415
4.2589,2.232,3.1539,-0.01528,-0.065886,7.3308
4.259,2.232,3.1539,-0.039364,-0.18604,7.3471
4.2591,2.232,3.1539,-0.10027,-0.33649,7.3521
4.2591,2.232,3.1539,-0.17415,-0.48348,7.3468
4.2592,2.2319,3.1538,-0.2356,-0.58361,7.3616
4.2592,2.2319,3.1538,-0.20997,-0.59683,7.3653
4.2593,2.2319,3.1538,-0.18065,-0.52222,7.3534
4.2593,2.2319,3.1538,-0.13399,-0.34942,7.3629
4.2594,2.2319,3.1538,-0.065543,-0.099162,7.3604
4.2594,2.2319,3.1538,0.065543,0.16014,7.3548
4.2595,2.2319,3.1538,0.13399,0.35155,7.3476
4.2595,2.2319,3.1538,0.1896,0.44191,7.3599
4.2596,2.2319,3.1538,0.19803,0.40972,7.3541
4.2596,2.232,3.1538,0.20633,0.29153,7.3503
4.2597,2.232,3.1539,0.15028,0.173,7.3684
4.2597,2.232,3.1539,0.11154,0.17687,7.3617
4.2598,2.232,3.1539,0.1034,0.33581,7.3483
4.2598,2.232,3.1539,0.17726,0.57558,7.3559
4.2599,2.232,3.154,0.23629,0.79233,7.3581
4.2599,2.232,3.154,0.27839,0.88181,7.348
4.26,2.232,3.154,0.20478,0.73649,7.348
4.2601,2.232,3.1541,0.083815,0.3791,7.3583
4.2601,2.232,3.1541,-0.077051,-0.052133,7.3474
4.2602,2.232,3.154,-0.22056,-0.4098,7.3537
4.2602,2.232,3.154,-0.29149,-0.60429,7.362
4.2603,2.232,3.154,-0.23221,-0.62736,7.3554
4.2603,2.232,3.1539,-0.14394,-0.53324,7.3572
4.2604,2.232,3.1539,-0.072552,-0.41794,7.3627
4.2604,2.232,3.1539,-0.059656,-0.34593,7.3628
4.2605,2.232,3.1539,-0.10529,-0.34164,7.35
4.2605,2.232,3.1539,-0.16066,-0.33893,7.3571
4.2606,2.2319,3.1538,-0.19077,-0.29197,7.361
4.2606,2.2319,3.1538,-0.12809,-0.20905,7.3538
4.2607,2.2319,3.1538,-0.024295,-0.17261,7.3613
4.2607,2.2319,3.1538,0.043794,-0.2493,7.368
4.2608,2.2319,3.1538,0.024699,-0.51392,7.3627
4.2608,2.2319,3.1537,-0.10209,-0.93023,7.37
4.2609,2.2319,3.1537,-0.36427,-1.4234,7.3674
4.2609,2.2319,3.1536,-0.59587,-1.7883,7.3552
4.261,2.2319,3.1535,-0.71937,-1.8884,7.3492
4.2611,2.2318,3.1534,-0.72201,-1.7167,7.3508
4.2611,2.2318,3.1533,-0.60428,-1.3288,7.3475
4.2612,2.2318,3.1533,-0.35991,-0.80901,7.3423
4.2612,2.2318,3.1532,-0.1402,-0.33682,7.3582
4.2613,2.2318,3.1533,-0.0004401,0.027026,7.3546
4.2613,2.2318,3.1533,0.090557,0.34326,7.3435
4.2614,2.2318,3.1533,0.21813,0.71481,7.3619
4.2614,2.2318,3.1534,0.38382,1.2308,7.3599
4.2615,2.2318,3.1535,0.58461,1.8908,7.3546
4.2615,2.2319,3.1536,0.88274,2.627,7.3552
4.2616,2.2319,3.1538,1.2119,3.2274,7.371
4.2616,2.232,3.154,1.3125,3.3939,7.3615
4.2617,2.2321,3.1541,1.1292,2.9883,7.3707
4.2617,2.2321,3.1542,0.7509,2.0741,7.3861
4.2618,2.2321,3.1543,0.22627,0.82717,7.3829
4.2618,2.2321,3.1542,-0.30472,-0.4188,7.3814
4.2619,2.2321,3.1542,-0.63694,-1.3378,7.3845
4.2619,2.232,3.1541,-0.68782,-1.7548,7.3817
4.262,2.232,3.154,-0.51738,-1.7114,7.3763
4.2621,2.232,3.1539,-0.35321,-1.4602,7.3851
4.2621,2.232,3.1539,-0.28333,-1.2282,7.3909
4.2622,2.2319,3.1538,-0.32333,-1.1552,7.3823
4.2622,2.2319,3.1537,-0.47211,-1.2601,7.3957
4.2623,2.2319,3.1536,-0.64073,-1.4423,7.4036
4.2623,2.2319,3.1536,-0.66608,-1.5006,7.392
4.2624,2.2318,3.1535,-0.55013,-1.3378,7.396
4.2624,2.2318,3.1534,-0.32311,-0.96607,7.3958
4.2625,2.2318,3.1534,-0.11253,-0.53207,7.3873
4.2625,2.2318,3.1534,0.041489,-0.16472,7.3807
4.2626,2.2318,3.1534,0.088419,0.044208,7.3861
4.2626,2.2318,3.1534,0.066116,0.088035,7.3774
4.2627,2.2318,3.1534,-0.041714,0.028664,7.3738
4.2627,2.2318,3.1534,-0.068127,0.015758,7.3884
4.2628,2.2318,3.1534,-0.034673,0.12331,7.3933
4.2628,2.2318,3.1534,0.084385,0.35506,7.3809
4.2629,2.2318,3.1535,0.21431,0.62979,7.3933
4.2629,2.2318,3.1535,0.34585,0.8313,7.3901
4.263,2.2319,3.1536,0.36731,0.84332,7.3799
4.2631,2.2319,3.1536,0.30823,0.62193,7.3861
4.2631,2.2319,3.1536,0.087652,0.20593,7.3924
4.2632,2.2319,3.1536,-0.12561,-0.26714,7.3863
4.2632,2.2319,3.1536,-0.29695,-0.64635,7.3944
4.2633,2.2318,3.1535,-0.35469,-0.81285,7.4127
4.2633,2.2318,3.1535,-0.31684,-0.72414,7.4082
4.2634,2.2318,3.1535,-0.13864,-0.41319,7.4012
4.2634,2.2318,3.1535,0.038723,0.0097229,7.3995
4.2635,2.2318,3.1535,0.21203,0.4283,7.3953
4.2635,2.2318,3.1535,0.27938,0.74489,7.3943
4.2636,2.2319,3.1536,0.3194,0.92528,7.3989
4.2636,2.2319,3.1536,0.33505,0.96828,7.3942
4.2637,2.2319,3.1537,0.30799,0.90066,7.3848
4.2637,2.2319,3.1537,0.24979,0.76562,7.3928
4.2638,2.2319,3.1537,0.22009,0.6126,7.4044
4.2638,2.2319,3.1538,0.1516,0.4727,7.3934
4.2639,2.2319,3.1538,0.11067,0.38164,7.3926
4.2639,2.2319,3.1538,0.088198,0.35416,7.385
4.264,2.2319,3.1538,0.11287,0.38872,7.379
4.2641,2.232,3.1538,0.15203,0.45375,7.3769
4.2641,2.232,3.1539,0.18916,0.50291,7.3836
4.2642,2.232,3.1539,0.19218,0.48815,7.3679
4.2642,2.232,3.1539,0.16031,0.37537,7.3642
4.2643,2.232,3.1539,0.057918,0.15256,7.37
4.2643,2.232,3.1539,-0.046131,-0.15086,7.3619
4.2644,2.232,3.1539,-0.16446,-0.49519,7.3545
4.2644,2.232,3.1539,-0.28539,-0.83269,7.3665
4.2645,2.2319,3.1538,-0.39069,-1.1121,7.3655
4.2645,2.2319,3.1537,-0.43993,-1.2784,7.3516
4.2646,2.2319,3.1537,-0.43435,-1.2813,7.3495
4.2646,2.2319,3.1536,-0.38436,-1.0826,7.3571
4.2647,2.2319,3.1536,-0.29534,-0.6668,7.3516
4.2647,2.2318,3.1536,-0.088962,-0.053482,7.3506
4.2648,2.2319,3.1536,0.19618,0.66082,7.3591
4.2648,2.2319,3.1537,0.48056,1.3155,7.3558
4.2649,2.2319,3.1538,0.68512,1.7425,7.3501
4.2649,2.232,3.1539,0.73671,1.8276,7.3595
4.265,2.232,3.1539,0.63,1.5584,7.3535
4.2651,2.232,3.154,0.37271,1.0277,7.3426
4.2651,2.232,3.154,0.038254,0.41102,7.3459
4.2652,2.232,3.154,-0.1831,-0.1005,7.3447
4.2652,2.232,3.154,-0.21486,-0.40501,7.3285
4.2653,2.232,3.154,-0.16986,-0.52458,7.3417
4.2653,2.232,3.1539,-0.11434,-0.54497,7.3417
4.2654,2.232,3.1539,-0.10931,-0.55992,7.3327
4.2654,2.232,3.1539,-0.141,-0.61849,7.3363
4.2655,2.232,3.1538,-0.24173,-0.7041,7.3362
4.2655,2.2319,3.1538,-0.34167,-0.73197,7.3233
4.2656,2.2319,3.1538,-0.29631,-0.60685,7.3217
4.2656,2.2319,3.1537,-0.11619,-0.30622,7.3323
4.2657,2.2319,3.1538,0.04064,0.11347,7.3214
4.2657,2.2319,3.1538,0.21383,0.56945,7.3145
4.2658,2.2319,3.1538,0.37235,0.95808,7.328
4.2658,2.232,3.1539,0.45001,1.1878,7.3324
4.2659,2.232,3.154,0.42371,1.2222,7.3214
4.2659,2.232,3.154,0.36145,1.0818,7.3298
4.266,2.232,3.1541,0.29493,0.81126,7.3332
4.2661,2.232,3.1541,0.15916,0.44772,7.3225
4.2661,2.232,3.1541,-0.01312,0.042747,7.3237
4.2662,2.232,3.1541,-0.11088,-0.34244,7.334
4.2662,2.232,3.154,-0.1759,-0.65309,7.3204
4.2663,2.232,3.154,-0.28994,-0.82664,7.3323
4.2663,2.232,3.1539,-0.30502,-0.7645,7.3444
4.2664,2.232,3.1539,-0.22099,-0.39834,7.338
4.2664,2.232,3.1539,0.0039274,0.27521,7.3412
4.2665,2.232,3.154,0.29671,1.1465,7.3482
4.2665,2.232,3.1541,0.70157,2.0268,7.3478
4.2666,2.2321,3.1542,1.0109,2.6551,7.343
4.2666,2.2321,3.1544,1.1583,2.8085,7.3449
4.2667,2.2322,3.1545,0.96432,2.3784,7.3421
4.2667,2.2322,3.1546,0.58502,1.4698,7.3409
4.2668,2.2322,3.1546,0.042132,0.33093,7.3456
4.2668,2.2322,3.1546,-0.36367,-0.6721,7.3504
4.2669,2.2322,3.1545,-0.65044,-1.2893,7.3368
4.2669,2.2321,3.1544,-0.61676,-1.3962,7.3424
4.267,2.2321,3.1544,-0.43869,-1.0853,7.3458
4.2671,2.2321,3.1544,-0.079956,-0.57934,7.335
4.2671,2.2321,3.1543,0.11339,-0.19432,7.3382
4.2672,2.2321,3.1543,0.17429,-0.09922,7.3488
4.2672,2.2321,3.1543,-0.0085611,-0.34047,7.3424
4.2673,2.2321,3.1543,-0.21872,-0.77596,7.3457
4.2673,2.2321,3.1542,-0.5309,-1.2958,7.3569
4.2674,2.2321,3.1541,-0.68981,-1.7329,7.3565
4.2674,2.232,3.154,-0.75559,-2.002,7.3534
4.2675,2.232,3.1539,-0.72612,-2.0885,7.3653
4.2675,2.2319,3.1538,-0.73067,-2.043,7.3674
4.2676,2.2319,3.1537,-0.65667,-1.8617,7.3523
4.2676,2.2319,3.1536,-0.58882,-1.5793,7.3541
4.2677,2.2318,3.1536,-0.43639,-1.2032,7.359
4.2677,2.2318,3.1535,-0.24324,-0.78129,7.3561
4.2678,2.2318,3.1535,-0.023095,-0.34995,7.364
4.2678,2.2318,3.1535,0.13562,0.096973,7.3702
4.2679,2.2319,3.1535,0.24444,0.59609,7.365
4.2679,2.2319,3.1536,0.3682,1.2086,7.363
4.268,2.2319,3.1537,0.57841,1.9112,7.3792
4.2681,2.2319,3.1538,0.82774,2.6387,7.3698
4.2681,2.232,3.154,1.0685,3.2339,7.3629
4.2682,2.2321,3.1542,1.2609,3.5092,7.3652
4.2682,2.2321,3.1544,1.2159,3.2734,7.3659
4.2683,2.2322,3.1545,0.91033,2.5515,7.3581
4.2683,2.2322,3.1546,0.53751,1.4688,7.3633
4.2684,2.2322,3.1546,0.1203,0.27576,7.3693
4.2684,2.2322,3.1545,-0.28196,-0.78203,7.3561
4.2685,2.2322,3.1545,-0.55267,-1.4184,7.3663
4.2685,2.2321,3.1544,-0.60068,-1.5353,7.3743
4.2686,2.2321,3.1543,-0.44823,-1.1551,7.3595
4.2686,2.2321,3.1543,-0.23285,-0.43517,7.3603
4.2687,2.2321,3.1543,0.045821,0.4432,7.369
4.2687,2.2321,3.1544,0.44517,1.1959,7.3648
4.2688,2.2322,3.1545,0.67753,1.6117,7.3608
4.2688,2.2322,3.1546,0.63602,1.5691,7.3723
4.2689,2.2322,3.1546,0.46182,1.1276,7.3694
4.2689,2.2322,3.1546,0.20198,0.4304,7.3706
4.269,2.2322,3.1546,-0.16682,-0.27707,7.3807
4.2691,2.2322,3.1546,-0.46301,-0.74049,7.3796
4.2691,2.2322,3.1545,-0.46696,-0.81235,7.3719
4.2692,2.2322,3.1545,-0.22397,-0.56301,7.3711
4.2692,2.2322,3.1545,0.025238,-0.18418,7.3763
4.2693,2.2322,3.1545,0.19306,0.10426,7.3637
4.2693,2.2322,3.1545,0.26014,0.17892,7.3655
4.2694,2.2322,3.1545,0.075391,0.036698,7.3757
4.2694,2.2322,3.1545,-0.22871,-0.18229,7.3706
4.2695,2.2322,3.1545,-0.37211,-0.31272,7.3696
4.2695,2.2322,3.1545,-0.21946,-0.32951,7.3767
4.2696,2.2321,3.1545,-0.043181,-0.40701,7.3631
4.2696,2.2321,3.1544,0.0050055,-0.75038,7.3582
4.2697,2.2321,3.1543,-0.16772,-1.4302,7.3508
4.2697,2.2321,3.1542,-0.59689,-2.2917,7.347
4.2698,2.232,3.1541,-1.2049,-2.9561,7.332
4.2698,2.232,3.1539,-1.4839,-2.9357,7.3408
4.2699,2.2319,3.1538,-1.1512,-1.962,7.3352
4.2699,2.2319,3.1538,-0.22679,-0.21136,7.3289
4.27,2.2319,3.1539,0.76015,1.711,7.3324
4.2701,2.232,3.154,1.4999,3.0872,7.341
4.2701,2.2321,3.1542,1.7072,3.3741,7.3299
4.2702,2.2322,3.1544,1.2141,2.448,7.3339
4.2702,2.2322,3.1544,0.15395,0.71278,7.3426
4.2703,2.2321,3.1543,-0.78784,-1.0462,7.3272
4.2703,2.2321,3.1542,-1.2103,-2.1052,7.335
4.2704,2.232,3.1541,-1.0273,-2.1226,7.347
4.2704,2.232,3.154,-0.52781,-1.2392,7.3374
4.2705,2.232,3.1541,0.1883,0.069238,7.3361
4.2705,2.232,3.1541,0.79299,1.1681,7.3481
4.2706,2.2321,3.1542,0.89734,1.5553,7.3532
4.2706,2.2321,3.1543,0.47955,1.1094,7.3468
4.2707,2.2321,3.1543,-0.024085,0.099884,7.348
4.2707,2.2321,3.1542,-0.49751,-1.0477,7.351
4.2708,2.232,3.1541,-0.84822,-1.913,7.34
4.2708,2.232,3.154,-0.96006,-2.2093,7.3436
4.2709,2.232,3.1539,-0.70917,-1.8688,7.354
4.2709,2.2319,3.1538,-0.31768,-1.077,7.346
4.271,2.2319,3.1538,0.021061,-0.13709,7.3502
4.2711,2.232,3.1539,0.29768,0.67694,7.3637
4.2711,2.232,3.1539,0.51961,1.1735,7.3481
4.2712,2.232,3.154,0.52897,1.2564,7.3424
4.2712,2.232,3.154,0.34501,0.97194,7.356
4.2713,2.232,3.1541,0.12363,0.47471,7.3494
4.2713,2.232,3.1541,-0.065626,-0.058971,7.341
4.2714,2.232,3.154,-0.23402,-0.4953,7.355
4.2714,2.232,3.154,-0.31368,-0.74596,7.3532
4.2715,2.232,3.154,-0.26634,-0.78564,7.3426
4.2715,2.232,3.1539,-0.19641,-0.64997,7.3516
4.2716,2.232,3.1539,-0.11717,-0.38836,7.3612
4.2716,2.232,3.1539,-0.014916,-0.042148,7.3539
4.2717,2.232,3.1539,0.096197,0.34519,7.3609
4.2717,2.232,3.154,0.22303,0.73304,7.3672
4.2718,2.232,3.154,0.36313,1.0773,7.3584
4.2718,2.232,3.1541,0.51285,1.3346,7.348
4.2719,2.2321,3.1542,0.5626,1.4648,7.3615
4.2719,2.2321,3.1542,0.48676,1.4702,7.361
4.272,2.2321,3.1543,0.42698,1.3965,7.3645
4.2721,2.2321,3.1544,0.41305,1.2712,7.3719
4.2721,2.2321,3.1544,0.32931,1.0778,7.3669
4.2722,2.2322,3.1545,0.27117,0.79386,7.3589
4.2722,2.2322,3.1545,0.21057,0.38519,7.3688
4.2723,2.2322,3.1545,0.082662,-0.15804,7.3674
4.2723,2.2322,3.1544,-0.20832,-0.7711,7.3528
4.2724,2.2321,3.1544,-0.50962,-1.2804,7.3515
4.2724,2.2321,3.1543,-0.64394,-1.4779,7.3687
4.2725,2.2321,3.1542,-0.54835,-1.2325,7.3651
4.2725,2.2321,3.1542,-0.31285,-0.5518,7.3675
4.2726,2.2321,3.1542,0.11171,0.4275,7.3773
4.2726,2.2321,3.1543,0.57779,1.4425,7.3726
4.2727,2.2321,3.1544,0.89722,2.1889,7.3716
4.2727,2.2322,3.1545,0.9618,2.4356,7.3728
4.2728,2.2322,3.1547,0.79551,2.1045,7.3662
4.2728,2.2323,3.1547,0.45998,1.2704,7.3619
4.2729,2.2323,3.1547,0.0412,0.11803,7.3705
4.2729,2.2322,3.1547,-0.40385,-1.1052,7.3711
4.273,2.2322,3.1546,-0.80082,-2.1389,7.3592
4.2731,2.2321,3.1544,-1.0342,-2.7717,7.3769
4.2731,2.2321,3.1543,-1.0821,-2.8973,7.3856
4.2732,2.232,3.1541,-0.9409,-2.5299,7.3746
4.2732,2.232,3.154,-0.6627,-1.7978,7.3803
4.2733,2.232,3.154,-0.27342,-0.90921,7.3813
4.2733,2.232,3.154,0.073135,-0.11233,7.3758
4.2734,2.232,3.154,0.28126,0.39443,7.3789
4.2734,2.232,3.154,0.25862,0.52637,7.3928
4.2735,2.232,3.154,0.13316,0.34115,7.3901
4.2735,2.232,3.154,-0.044795,-0.019657,7.3889
4.2736,2.232,3.154,-0.21081,-0.38525,7.3979
4.2736,2.232,3.154,-0.30946,-0.61644,7.4051
4.2737,2.232,3.154,-0.25433,-0.64917,7.3986
4.2737,2.232,3.1539,-0.16198,-0.52185,7.4025
4.2738,2.232,3.1539,-0.06404,-0.31865,7.4018
4.2738,2.232,3.1539,-0.011265,-0.12587,7.3995
4.2739,2.232,3.1539,0.02387,0.0075588,7.3978
4.2739,2.232,3.1539,0.029269,0.064912,7.4052
4.274,2.232,3.1539,0.011935,0.062635,7.3975
4.2741,2.232,3.1539,-0.0089513,0.034683,7.4052
4.2741,2.232,3.1539,0,0.010829,7.4177
4.2742,2.232,3.1539,0,-0.0029043,7.4126
4.2742,2.232,3.1539,0,-0.0064053,7.4138
4.2743,2.232,3.1539,0,-0.0044284,7.424
4.2743,2.232,3.1539,0,0.062585,7.4247
4.2744,2.232,3.1539,0,-0.083392,7.4156
4.2744,2.232,3.1539,0,-0.20647,7.4296
4.2745,2.232,3.1539,0,-0.16908,7.4359
4.2745,2.232,3.1539,0,0.079692,7.4269
4.2746,2.232,3.1539,0,0.45302,7.4376
4.2746,2.232,3.154,0,1.1458,7.447
4.2747,2.232,3.1541,0,1.7992,7.4314
4.2747,2.232,3.1542,0,2.1258,7.4344
4.2748,2.232,3.1543,0,1.5124,7.4464
4.2748,2.232,3.1543,0,0.54506,7.4287
4.2749,2.232,3.1543,0,-0.54506,7.4226
4.2749,2.232,3.1542,0,-1.4491,7.4402
4.275,2.232,3.1541,0,-2.1467,7.4308
4.2751,2.232,3.154,0,-2.0277,7.4245
4.2751,2.232,3.1539,0,-1.6076,7.4316
4.2752,2.232,3.1539,0,-0.74994,7.4299
4.2752,2.232,3.1539,0,0.35123,7.4226
4.2753,2.232,3.154,0,1.7732,7.4289
4.2753,2.232,3.1541,0,3.411,7.4239
4.2754,2.232,3.1544,0,4.9895,7.4163
4.2754,2.232,3.1547,0.0089513,5.4856,7.4149
4.2755,2.232,3.1549,-0.0029875,4.5203,7.4261
4.2755,2.232,3.155,-0.032256,2.2056,7.4124
4.2756,2.232,3.155,-0.056113,-0.26003,7.4101
4.2756,2.232,3.1549,-0.044824,-2.1332,7.4191
4.2757,2.232,3.1548,0.019252,-3.1477,7.4159
4.2757,2.232,3.1546,0.17226,-2.3599,7.4148
4.2758,2.232,3.1546,0.44731,0.021206,7.4244
4.2758,2.232,3.1548,0.75596,2.6019,7.4118
4.2759,2.2321,3.155,0.976,4.1611,7.4094
4.2759,2.2322,3.1553,1.047,4.9923,7.4142
4.276,2.2322,3.1555,0.94099,5.1157,7.4088
4.2761,2.2322,3.1558,0.61823,4.39,7.404
4.2761,2.2322,3.1559,0.16182,2.2493,7.4139
4.2762,2.2322,3.1559,-0.30014,-0.28117,7.423
4.2762,2.2322,3.1557,-0.62941,-2.8562,7.409
4.2763,2.2321,3.1554,-0.85704,-5.3225,7.4114
4.2763,2.2321,3.155,-0.92807,-7.3404,7.4159
4.2764,2.2321,3.1546,-0.84475,-7.7815,7.4062
4.2764,2.232,3.1543,-0.652,-6.6851,7.399
4.2765,2.232,3.154,-0.49288,-4.4648,7.4098
4.2765,2.232,3.1539,-0.26678,-2.323,7.4025
4.2766,2.232,3.1539,-0.044258,-0.51651,7.3986
4.2766,2.232,3.1539,0.13914,0.46309,7.4146
4.2767,2.232,3.1539,0.11566,0.38356,7.4118
4.2767,2.232,3.1539,-0.089373,-0.62855,7.4117
4.2768,2.232,3.1538,-0.51604,-2.0081,7.4174
4.2768,2.2319,3.1536,-1.0739,-3.3147,7.4125
4.2769,2.2318,3.1534,-1.6294,-4.06,7.4034
4.2769,2.2317,3.1532,-1.7376,-4.0161,7.4096
4.277,2.2317,3.153,-1.3369,-2.9599,7.42
4.2771,2.2316,3.153,-0.48334,-1.0909,7.4138
4.2771,2.2317,3.153,0.48334,1.0822,7.4146
4.2772,2.2317,3.1532,1.3369,2.9529,7.4273
4.2772,2.2318,3.1534,1.7376,4.0176,7.4198
4.2773,2.2319,3.1536,1.6205,4.0827,7.4183
4.2773,2.232,3.1538,1.0859,3.3103,7.4259
4.2774,2.232,3.1539,0.53636,2.1248,7.4171
4.2774,2.232,3.154,0.11623,1.0248,7.4104
4.2775,2.232,3.154,-0.094684,0.096274,7.4281
4.2775,2.232,3.1539,-0.14711,-0.53992,7.4311
4.2776,2.232,3.1539,-0.072897,-0.78531,7.4223
4.2776,2.232,3.1539,-0.00674,-0.58123,7.4323
4.2777,2.232,3.1539,0.020232,0.058582,7.4355
4.2777,2.232,3.1539,-0.020232,1.3805,7.4328
4.2778,2.232,3.1541,0.00674,3.3246,7.4301
4.2778,2.232,3.1544,0.093138,5.5043,7.4369
4.2779,2.232,3.1548,0.12012,6.873,7.4252
4.2779,2.232,3.1551,0.028501,6.9409,7.4185
4.278,2.232,3.1554,-0.19044,5.8779,7.4309
4.2781,2.232,3.1556,-0.4839,3.7031,7.4292
4.2781,2.2319,3.1557,-0.89511,0.85748,7.4272
4.2782,2.2318,3.1556,-1.1935,-1.4978,7.4418
4.2782,2.2318,3.1555,-1.1151,-2.7888,7.4477
4.2783,2.2317,3.1553,-0.67532,-3.3315,7.4444
4.2783,2.2317,3.1551,-0.26471,-3.1558,7.4558
4.2784,2.2317,3.155,0.039226,-2.7765,7.4573
4.2784,2.2317,3.1549,0.073772,-1.9386,7.451
4.2785,2.2317,3.1548,-0.21363,-1.7398,7.4568
4.2785,2.2317,3.1547,-0.87692,-2.2721,7.4718
4.2786,2.2316,3.1545,-1.4895,-3.3559,7.45
4.2786,2.2315,3.1543,-1.7346,-4.3789,7.4596
4.2787,2.2314,3.154,-1.5307,-5.5885,7.4744
4.2787,2.2314,3.1537,-1.2111,-5.4325,7.4675
4.2788,2.2313,3.1535,-0.61294,-4.116,7.4657
4.2788,2.2313,3.1534,0.033939,-1.2359,7.4744
4.2789,2.2314,3.1535,0.50987,1.8421,7.4691
4.2789,2.2314,3.1537,0.75189,4.5451,7.4584
4.279,2.2315,3.154,0.8822,5.9547,7.4611
4.2791,2.2315,3.1544,0.98602,6.3386,7.4622
4.2791,2.2316,3.1546,1.0165,5.1789,7.4564
4.2792,2.2316,3.1548,0.85502,3.7458,7.461
4.2792,2.2316,3.155,0.69539,2.1292,7.467
4.2793,2.2317,3.155,0.43911,0.82378,7.4551
4.2793,2.2317,3.155,-0.047246,-0.3196,7.4628
4.2794,2.2316,3.1549,-0.45807,-1.1662,7.466
4.2794,2.2316,3.1548,-0.68318,-1.8461,7.4487
4.2795,2.2316,3.1547,-0.79579,-2.1551,7.4514
4.2795,2.2315,3.1546,-0.8499,-2.3996,7.4607
4.2796,2.2315,3.1545,-0.76577,-2.3508,7.4475
4.2796,2.2314,3.1543,-0.65175,-2.1537,7.4398
4.2797,2.2314,3.1542,-0.58776,-1.8932,7.4573
4.2797,2.2314,3.1542,-0.62426,-1.5978,7.4585
4.2798,2.2314,3.1541,-0.47536,-1.2401,7.4441
4.2798,2.2313,3.1541,-0.27321,-0.90817,7.46
4.2799,2.2313,3.154,-0.13812,-0.38538,7.4638
4.2799,2.2313,3.154,-0.045727,0.0375,7.4546
4.28,2.2313,3.154,0.053996,0.18199,7.4544
4.2801,2.2313,3.154,0.086458,-0.094703,7.4607
4.2801,2.2313,3.154,0,-0.40751,7.4527
4.2802,2.2313,3.154,-0.066213,-1.079,7.4504
4.2802,2.2313,3.1539,-0.080988,-1.749,7.4613
4.2803,2.2313,3.1538,-0.040713,-2.087,7.4617
4.2803,2.2313,3.1537,0.11112,-1.3644,7.4585
4.2804,2.2313,3.1537,0.36488,-0.42657,7.4657
4.2804,2.2314,3.1537,0.67418,0.7011,7.4531
4.2805,2.2314,3.1538,0.96511,1.853,7.4478
4.2805,2.2315,3.154,1.0383,3.2403,7.4558
4.2806,2.2315,3.1542,0.91782,3.6464,7.4532
4.2806,2.2316,3.1543,0.65516,3.5549,7.4342
4.2807,2.2316,3.1545,0.35004,3.2068,7.4418
4.2807,2.2316,3.1547,0.12434,2.9605,7.4412
4.2808,2.2316,3.1548,0.024625,2.1919,7.4367
4.2808,2.2316,3.1549,0.1457,1.6219,7.4399
4.2809,2.2316,3.1549,0.33467,1.3225,7.4395
4.2809,2.2317,3.155,0.50986,1.2583,7.4268
4.281,2.2317,3.155,0.47349,0.76651,7.4217
4.2811,2.2317,3.1551,0.31784,0.13408,7.4244
4.2811,2.2317,3.155,-0.076023,-0.63121,7.4165
4.2812,2.2317,3.155,-0.55525,-1.3555,7.41
4.2812,2.2316,3.1549,-0.9402,-1.8997,7.4229
4.2813,2.2316,3.1548,-0.88679,-1.7246,7.4248
4.2813,2.2315,3.1547,-0.52171,-0.93684,7.4169
4.2814,2.2315,3.1547,0.080966,0.13991,7.4277
4.2814,2.2316,3.1548,0.60839,1.0209,7.4251
4.2815,2.2316,3.1548,0.80273,1.2727,7.4122
4.2815,2.2316,3.1549,0.55521,0.71037,7.4125
4.2816,2.2316,3.1549,-0.11877,-0.50751,7.4143
4.2816,2.2316,3.1547,-0.88893,-1.9318,7.4013
4.2817,2.2315,3.1546,-1.3359,-3.0397,7.4101
4.2817,2.2314,3.1544,-1.4183,-3.4946,7.4214
4.2818,2.2314,3.1542,-1.2111,-3.2296,7.4121
4.2818,2.2313,3.1541,-0.74559,-2.4284,7.41
4.2819,2.2313,3.154,-0.33789,-1.4335,7.4233
4.2819,2.2313,3.154,-0.024702,-0.56157,7.4168
4.282,2.2313,3.154,0.0677,-0.0021993,7.4078
4.2821,2.2313,3.154,0.060748,0.23563,7.4087
4.2821,2.2313,3.154,0.045965,0.25087,7.4063
4.2822,2.2313,3.154,0.026998,0.1597,7.3952
4.2822,2.2313,3.154,-0.020248,0.057441,7.4068
4.2823,2.2313,3.154,0,-2.2499e-06,7.4082
4.2823,2.2313,3.154,0,-0.018264,7.3975
4.2824,2.2313,3.154,0,-0.01382,7.4021
4.2824,2.2313,3.154,0,-0.0063599,7.4105
4.2825,2.2313,3.154,0,-0.00084827,7.3949
4.2825,2.2313,3.154,0,0.0018557,7.3953
4.2826,2.2313,3.154,0,0.0013154,7.3986
4.2826,2.2313,3.154,0,-0.00049327,7.3929
4.2827,2.2313,3.154,0,0,7.3871
4.2827,2.2313,3.154,0,0,7.403
4.2828,2.2313,3.154,0,0,7.3999
4.2828,2.2313,3.154,0,0,7.3949
4.2829,2.2313,3.154,0,0,7.4065
4.2829,2.2313,3.154,0,0,7.4076
4.283,2.2313,3.154,0,0,7.4047
4.2831,2.2313,3.154,0,0,7.4018
4.2831,2.2313,3.154,0,0,7.4109
4.2832,2.2313,3.154,0,0,7.399
4.2832,2.2313,3.154,0,0,7.4001
4.2833,2.2313,3.154,0,0,7.4139
4.2833,2.2313,3.154,0,0,7.4043
4.2834,2.2313,3.154,0,0,7.4021
4.2834,2.2313,3.154,0,0,7.4197
4.2835,2.2313,3.154,0,0,7.415
4.2835,2.2313,3.154,0,0,7.4061
4.2836,2.2313,3.154,0,0,7.4092
4.2836,2.2313,3.154,0,0,7.4093
4.2837,2.2313,3.154,0,0,7.4002
4.2837,2.2313,3.154,0,0,7.4044
4.2838,2.2313,3.154,0,0,7.4078
4.2838,2.2313,3.154,0,0,7.4106
4.2839,2.2313,3.154,0,0,7.4152
4.2839,2.2313,3.154,0,0,7.4197
4.284,2.2313,3.154,0,0,7.4088
4.2841,2.2313,3.154,0,0,7.4122
4.2841,2.2313,3.154,0,0,7.4203
4.2842,2.2313,3.154,0,0,7.4082
4.2842,2.2313,3.154,0,0,7.4034
4.2843,2.2313,3.154,0,0,7.4198
4.2843,2.2313,3.154,0,0,7.4159
4.2844,2.2313,3.154,0,0,7.4126
4.2844,2.2313,3.154,0,0,7.4156
4.2845,2.2313,3.154,0,0,7.4213
4.2845,2.2313,3.154,0,0,7.415
4.2846,2.2313,3.154,0,0.063389,7.4202
4.2846,2.2313,3.154,0,-0.021126,7.4194
4.2847,2.2313,3.154,0,-0.2284,7.4079
4.2847,2.2313,3.154,0,-0.39745,7.4119
4.2848,2.2313,3.154,0,-0.3811,7.4216
4.2848,2.2313,3.154,0,0.1569,7.4152
4.2849,2.2313,3.1541,0,1.5113,7.4153
4.2849,2.2313,3.1543,0,3.4815,7.4251
4.285,2.2313,3.1545,0,5.53,7.4177
4.2851,2.2313,3.1549,0,6.5907,7.4141
4.2851,2.2313,3.1552,0,5.9893,7.4188
4.2852,2.2313,3.1554,0,3.6424,7.4156
4.2852,2.2313,3.1554,0,0,7.4099
4.2853,2.2313,3.1552,0,-3.6424,7.4145
4.2853,2.2313,3.1549,0,-5.9893,7.4196
4.2854,2.2313,3.1545,0,-6.5907,7.4217
4.2854,2.2313,3.1543,0,-5.53,7.4242
4.2855,2.2313,3.1541,0,-3.4815,7.4374
4.2855,2.2313,3.154,0,-1.5113,7.433
4.2856,2.2313,3.154,0,-0.1569,7.4327
4.2856,2.2313,3.154,0,0.44449,7.4339
4.2857,2.2313,3.154,0,0.37632,7.4289
4.2857,2.2313,3.154,0,-8.4377e-12,7.4245
4.2858,2.2313,3.154,0,-0.37632,7.4339
4.2858,2.2313,3.154,0,-0.38109,7.4391
4.2859,2.2313,3.154,0,0.072354,7.4349
4.2859,2.2313,3.1541,0,1.3674,7.4492
4.286,2.2313,3.1542,0,3.2913,7.4517
4.2861,2.2313,3.1545,0,5.3814,7.4399
4.2861,2.2313,3.1549,0,6.6468,7.4477
4.2862,2.2313,3.1552,0,6.8189,7.442
4.2862,2.2313,3.1555,0,5.5162,7.4326
4.2863,2.2313,3.1557,0,3.4959,7.4283
4.2863,2.2313,3.1558,0,1.0999,7.428
4.2864,2.2313,3.1558,0,-0.040932,7.4136
4.2864,2.2313,3.1558,0,-0.19778,7.4118
4.2865,2.2313,3.1558,0,0.15081,7.4193
4.2865,2.2313,3.1558,0,-0.0045873,7.4128
4.2866,2.2313,3.1557,0,-0.41358,7.4068
4.2866,2.2313,3.1556,0,-1.6572,7.4099
4.2867,2.2313,3.1555,0,-2.8758,7.407
4.2867,2.2313,3.1553,0,-3.996,7.3962
4.2868,2.2313,3.1551,0,-3.466,7.403
4.2868,2.2313,3.155,0,-2.1083,7.4106
4.2869,2.2313,3.1549,0,-0.85841,7.4007
4.2869,2.2313,3.1549,0,-0.29614,7.4138
4.287,2.2313,3.155,0,0.77818,7.4173
4.2871,2.2313,3.155,0,1.4045,7.403
4.2871,2.2313,3.1551,0,1.6245,7.4073
4.2872,2.2313,3.1552,0,1.7444,7.4061
4.2872,2.2313,3.1553,0,2.2974,7.4024
4.2873,2.2313,3.1554,0,1.6353,7.3975
4.2873,2.2313,3.1554,0,-0.27944,7.4063
4.2874,2.2313,3.1553,0,-2.4154,7.4037
4.2874,2.2313,3.1551,0,-3.5741,7.397
4.2875,2.2313,3.1549,0,-4.1248,7.411
4.2875,2.2313,3.1547,0,-3.405,7.4073
4.2876,2.2313,3.1546,0,-1.439,7.4007
4.2876,2.2313,3.1547,0,0.75263,7.4114
4.2877,2.2313,3.1548,0,1.9541,7.4133
4.2877,2.2313,3.1549,0,2.7411,7.398
4.2878,2.2313,3.1551,0,3.3859,7.4062
4.2878,2.2313,3.1553,0,3.4819,7.4109
4.2879,2.2313,3.1555,0,3.6561,7.4044
4.2879,2.2313,3.1557,0,4.0071,7.4089
4.288,2.2313,3.1559,0,3.6545,7.4151
4.2881,2.2313,3.156,0,2.5559,7.4089
4.2881,2.2313,3.1561,0,1.1262,7.408
4.2882,2.2313,3.156,0,-0.52937,7.4153
4.2882,2.2313,3.1559,0,-1.886,7.4171
4.2883,2.2313,3.1558,0,-2.6667,7.4054
4.2883,2.2313,3.1557,0,-2.5771,7.4127
4.2884,2.2313,3.1555,0,-2.279,7.4152
4.2884,2.2313,3.1554,0,-2.0527,7.4114
4.2885,2.2313,3.1554,0,-1.6008,7.422
4.2885,2.2313,3.1553,0,-1.4293,7.4334
4.2886,2.2313,3.1552,0,-1.5615,7.4284
4.2886,2.2313,3.1552,0,-0.75272,7.4258
4.2887,2.2313,3.1552,0,0.91951,7.4333
4.2887,2.2313,3.1553,0,2.1989,7.4306
4.2888,2.2313,3.1555,0,2.9023,7.4284
4.2888,2.2313,3.1556,0,2.6058,7.4358
4.2889,2.2313,3.1557,0,0.84061,7.4336
4.2889,2.2313,3.1555,0,-2.3698,7.4271
4.289,2.2313,3.1552,0,-5.3334,7.4452
4.2891,2.2313,3.1549,0,-6.8236,7.4468
4.2891,2.2313,3.1545,0,-6.7525,7.4413
4.2892,2.2313,3.1542,0,-5.5253,7.4476
4.2892,2.2313,3.1541,0,-3.397,7.4523
4.2893,2.2313,3.154,0,-1.5324,7.4483
4.2893,2.2313,3.154,0,-0.4698,7.4451
4.2894,2.2313,3.154,0,-0.063404,7.4578
4.2894,2.2313,3.154,0,0.55435,7.4479
4.2895,2.2313,3.1541,0,1.7397,7.4522
4.2895,2.2313,3.1543,0,3.5027,7.4697
4.2896,2.2313,3.1546,0,5.53,7.469
4.2896,2.2313,3.1549,0,6.5061,7.4624
4.2897,2.2313,3.1552,0,5.782,7.4723
4.2897,2.2313,3.1554,0,3.4734,7.4652
4.2898,2.2313,3.1554,0,0.14317,7.4658
4.2898,2.2313,3.1552,0,-3.2734,7.474
4.2899,2.2313,3.155,0,-5.0495,7.4801
4.2899,2.2313,3.1547,0,-4.8953,7.4713
4.29,2.2313,3.1545,0,-3.3433,7.4816
4.2901,2.2313,3.1544,0,-1.7424,7.4865
4.2901,2.2313,3.1544,0,-0.21605,7.4826
4.2902,2.2313,3.1545,0,0.78087,7.483
4.2902,2.2313,3.1545,0,1.131,7.4946
4.2903,2.2313,3.1546,0,1.0663,7.4798
4.2903,2.2313,3.1547,0,1.9937,7.4728
4.2904,2.2313,3.1549,0,3.562,7.4833
4.2904,2.2313,3.1551,0,4.9242,7.4781
4.2905,2.2313,3.1554,0,5.5255,7.4688
4.2905,2.2313,3.1557,0,5.3914,7.485
4.2906,2.2313,3.1559,0,3.9087,7.4901
4.2906,2.2313,3.156,0,0.97146,7.4792
4.2907,2.2313,3.1558,0,-2.2411,7.488
4.2907,2.2313,3.1556,0,-4.4803,7.486
4.2908,2.2313,3.1553,0,-5.1781,7.4868
4.2908,2.2313,3.1551,0,-4.4121,7.4853
4.2909,2.2313,3.155,0,-2.4029,7.4902
4.2909,2.2313,3.155,0,-0.086589,7.4841
4.291,2.2313,3.155,0,1.5316,7.4873
4.2911,2.2313,3.1551,0,1.9751,7.5008
4.2911,2.2313,3.1552,0,1.6675,7.4993
4.2912,2.2313,3.1553,0,0.99895,7.4971
4.2912,2.2313,3.1553,0,0.2918,7.5079
4.2913,2.2313,3.1553,0,-0.66488,7.5018
4.2913,2.2313,3.1552,0,-1.6204,7.4933
4.2914,2.2313,3.1551,0,-2.2799,7.4996
4.2914,2.2313,3.1549,0,-2.6714,7.4989
4.2915,2.2313,3.1548,0,-2.5653,7.4917
4.2915,2.2313,3.1547,0,-1.9545,7.5092
4.2916,2.2313,3.1546,0,-0.7632,7.5081
4.2916,2.2313,3.1546,0,-0.16129,7.5037
4.2917,2.2313,3.1546,0,-0.6349,7.5036
4.2917,2.2313,3.1545,0,-1.3916,7.5047
4.2918,2.2313,3.1544,0,-1.8272,7.4938
4.2918,2.2313,3.1543,0,-2.2076,7.4847
4.2919,2.2313,3.1542,0,-1.8109,7.4907
4.2919,2.2313,3.1542,0,-0.52427,7.4813
4.292,2.2313,3.1543,0,1.3704,7.4752
4.2921,2.2313,3.1544,0,2.758,7.4932
4.2921,2.2313,3.1546,0,3.8036,7.4939
4.2922,2.2313,3.1549,0,4.6292,7.4817
4.2922,2.2313,3.1551,0,5.0508,7.494
4.2923,2.2313,3.1553,0,4.2889,7.4961
4.2923,2.2313,3.1555,0,3.23,7.4897
4.2924,2.2313,3.1556,0,1.8574,7.4835
4.2924,2.2313,3.1557,0,0.66305,7.4912
4.2925,2.2313,3.1556,0,-0.55304,7.4851
4.2925,2.2313,3.1556,0,-0.93006,7.4815
4.2926,2.2313,3.1555,0,-0.49481,7.4904
4.2926,2.2313,3.1556,0,0.70106,7.4869
4.2927,2.2313,3.1557,0,1.2799,7.4856
4.2927,2.2313,3.1557,0,1.5893,7.4905
4.2928,2.2313,3.1558,0,0.71251,7.4829
4.2928,2.2313,3.1557,0,-1.1112,7.4715
4.2929,2.2313,3.1555,0,-3.9534,7.4811
4.2929,2.2313,3.1552,-0.020253,-6.0257,7.4811
4.293,2.2313,3.1548,0.027003,-6.6901,7.4715
4.2931,2.2313,3.1546,0.066223,-5.1362,7.4808
4.2931,2.2313,3.1545,0.054007,-2.0525,7.483
4.2932,2.2313,3.1546,-0.025488,2.0459,7.4743
4.2932,2.2313,3.1548,-0.14489,5.0431,7.4778
4.2933,2.2313,3.1551,-0.36647,5.8162,7.4796
4.2933,2.2313,3.1554,-0.57543,4.067,7.4648
4.2934,2.2312,3.1554,-0.67991,0.86846,7.4629
4.2934,2.2312,3.1552,-0.48372,-2.8267,7.4606
4.2935,2.2312,3.155,-0.19458,-5.297,7.4524
4.2935,2.2312,3.1547,0.18107,-5.7399,7.4506
4.2936,2.2312,3.1544,0.57695,-4.2558,7.4652
4.2936,2.2313,3.1543,0.80015,-1.8541,7.476
4.2937,2.2313,3.1543,0.5837,-0.0042125,7.4713
4.2937,2.2313,3.1544,0.22311,0.93265,7.4857
4.2938,2.2313,3.1544,-0.30026,0.86496,7.4855
4.2938,2.2313,3.1544,-0.86249,0.17553,7.4798
4.2939,2.2312,3.1544,-1.335,-0.98304,7.4874
4.2939,2.2311,3.1543,-1.3749,-1.4809,7.4956
4.294,2.2311,3.1543,-1.0517,-0.98306,7.4848
4.2941,2.231,3.1543,-0.55528,0.73153,7.4907
4.2941,2.231,3.1544,-0.042124,2.1349,7.4981
4.2942,2.2311,3.1546,0.6868,3.4856,7.4966
4.2942,2.2311,3.1548,1.1744,4.6387,7.4915
4.2943,2.2312,3.1551,1.2164,5.231,7.4995
4.2943,2.2313,3.1553,1.0305,4.151,7.487
4.2944,2.2313,3.1555,0.75298,2.2146,7.4781
4.2944,2.2313,3.1554,0.18283,-0.28527,7.4849
4.2945,2.2313,3.1553,-0.62127,-2.7981,7.4853
4.2945,2.2312,3.155,-1.3135,-5.6831,7.475
4.2946,2.2311,3.1546,-1.6091,-7.7576,7.4921
4.2946,2.231,3.1542,-1.6318,-7.9822,7.5014
4.2947,2.231,3.1538,-1.5938,-6.3691,7.492
4.2947,2.2309,3.1536,-1.2452,-3.8712,7.5019
4.2948,2.2309,3.1536,-0.68456,-1.0476,7.5116
4.2948,2.2308,3.1537,-0.24238,1.6506,7.5038
4.2949,2.2308,3.1538,-0.069287,3.4551,7.501
4.2949,2.2308,3.1541,0.23214,4.3043,7.5105
4.295,2.2309,3.1543,0.50137,3.879,7.5063
4.2951,2.2309,3.1544,0.65412,3.2308,7.5018
4.2951,2.2309,3.1546,0.40447,2.6331,7.5206
4.2952,2.2309,3.1547,0.068925,1.8573,7.5184
4.2952,2.2309,3.1547,-0.28249,0.89022,7.5203
4.2953,2.2309,3.1548,-0.51123,0.8554,7.5327
4.2953,2.2309,3.1549,-0.59086,1.5734,7.538
4.2954,2.2309,3.155,-0.11162,3.0411,7.5282
4.2954,2.2309,3.1552,0.57334,4.3301,7.5295
4.2955,2.231,3.1555,1.3625,5.8069,7.5361
4.2955,2.2311,3.1559,1.8576,6.5333,7.5263
4.2956,2.2312,3.1562,1.9956,5.4548,7.5298
4.2956,2.2312,3.1563,1.6912,2.9559,7.5394
4.2957,2.2313,3.1563,1.1399,0.0067774,7.5321
4.2957,2.2313,3.1561,0.21575,-3.4953,7.5322
4.2958,2.2313,3.1558,-0.74073,-6.5514,7.5423
4.2958,2.2312,3.1554,-1.6477,-8.3585,7.5318
4.2959,2.2311,3.1549,-2.1971,-8.1232,7.5269
4.2959,2.231,3.1546,-2.3849,-6.3077,7.5288
4.296,2.2308,3.1544,-2.196,-3.4879,7.5237
4.2961,2.2307,3.1544,-1.6932,-0.41344,7.513
4.2961,2.2307,3.1545,-0.96573,1.9676,7.5127
4.2962,2.2307,3.1546,-0.41024,2.38,7.5114
4.2962,2.2307,3.1547,-0.043511,1.3357,7.5083
4.2963,2.2307,3.1546,0.10154,-0.96024,7.5056
4.2963,2.2307,3.1545,0.12707,-3.015,7.5148
4.2964,2.2307,3.1543,0.073035,-3.7549,7.5067
4.2964,2.2307,3.1542,0.0067603,-2.5714,7.5038
4.2965,2.2307,3.1541,-0.020269,-0.19117,7.5116
4.2965,2.2307,3.1543,0,2.656,7.5023
4.2966,2.2307,3.1545,0,4.152,7.5042
4.2966,2.2307,3.1547,0,3.9189,7.5113
4.2967,2.2307,3.1548,0,1.7985,7.515
4.2967,2.2307,3.1548,0,-0.79463,7.5122
4.2968,2.2307,3.1546,0,-2.9567,7.5258
4.2968,2.2307,3.1544,0,-3.7469,7.5235
4.2969,2.2307,3.1542,0,-3.2024,7.509
4.2969,2.2307,3.1541,0.020269,-1.9134,7.519
4.297,2.2307,3.1541,-0.0067603,-0.83872,7.5259
4.2971,2.2307,3.1541,-0.093295,-0.13228,7.5154
4.2971,2.2307,3.1541,-0.12031,0.21717,7.5144
4.2972,2.2307,3.1541,-0.028531,0.61674,7.5213
4.2972,2.2307,3.1542,0.17051,0.97603,7.5211
4.2973,2.2307,3.1543,0.51174,1.4969,7.5221
4.2973,2.2308,3.1544,0.94258,2.2427,7.5264
4.2974,2.2308,3.1545,1.2562,2.8484,7.5145
4.2974,2.2309,3.1547,1.1644,3.0927,7.5081
4.2975,2.2309,3.1549,0.65851,3.0896,7.5116
4.2975,2.2309,3.155,-8.4377e-12,2.9508,7.5031
4.2976,2.2309,3.1551,-0.65851,2.4452,7.4908
4.2976,2.2308,3.1552,-1.1644,1.0868,7.4897
4.2977,2.2308,3.1552,-1.2562,-0.87585,7.4979
4.2977,2.2307,3.155,-0.94258,-2.6191,7.4926
4.2978,2.2307,3.1548,-0.51174,-3.9138,7.4875
4.2978,2.2307,3.1546,-0.17051,-4.6217,7.4977
4.2979,2.2307,3.1543,0.028531,-4.1943,7.4882
4.2979,2.2307,3.1542,0.12031,-2.7916,7.4876
4.298,2.2307,3.1541,0.093295,-1.3172,7.4863
4.2981,2.2307,3.1541,0.0067603,-0.31361,7.4808
4.2981,2.2307,3.1541,-0.020269,0.19302,7.4832
4.2982,2.2307,3.1541,0,0.39468,7.4883
4.2982,2.2307,3.1542,0,0.271,7.4885
4.2983,2.2307,3.1542,0,-0.0034095,7.489
4.2983,2.2307,3.1542,0,-0.075168,7.4999
4.2984,2.2307,3.1542,0,0.00067922,7.503
4.2984,2.2307,3.1542,0,0.0036699,7.4945
4.2985,2.2307,3.1542,0,0.00082353,7.4946
4.2985,2.2307,3.1542,0,-0.00049406,7.4943
4.2986,2.2307,3.1542,0,0,7.4837
4.2986,2.2307,3.1542,0,0,7.4825
4.2987,2.2307,3.1542,0,0,7.4876
4.2987,2.2307,3.1542,0,0,7.4843
4.2988,2.2307,3.1542,0,0,7.4803
4.2988,2.2307,3.1542,0,0,7.49
4.2989,2.2307,3.1542,0,0,7.486
4.2989,2.2307,3.1542,0,0,7.4755
4.299,2.2307,3.1542,0,0,7.4891
4.2991,2.2307,3.1542,0,0,7.478
4.2991,2.2307,3.1542,0,0,7.4684
4.2992,2.2307,3.1542,0,0,7.4741
4.2992,2.2307,3.1542,0,0,7.4731
4.2993,2.2307,3.1542,0,0,7.4695
4.2993,2.2307,3.1542,0,0,7.4731
4.2994,2.2307,3.1542,0,0,7.479
4.2994,2.2307,3.1542,0,0,7.4674
4.2995,2.2307,3.1542,0,0,7.4659
4.2995,2.2307,3.1542,0,0,7.4732
4.2996,2.2307,3.1542,0,0,7.4713
4.2996,2.2307,3.1542,0,0.063455,7.4611
4.2997,2.2307,3.1542,0,-0.021148,7.4746
4.2997,2.2307,3.1541,0,-0.2921,7.4724
4.2998,2.2307,3.1541,0,-0.37671,7.473
4.2998,2.2307,3.1541,0,-0.089365,7.4804
4.2999,2.2307,3.1541,0,0.53383,7.487
4.2999,2.2307,3.1542,0,1.6022,7.478
4.3,2.2307,3.1544,0,2.9512,7.4838
4.3001,2.2307,3.1546,0,3.9968,7.4887
4.3001,2.2307,3.1548,0,3.5614,7.4833
4.3002,2.2307,3.1549,0,1.8544,7.483
4.3002,2.2307,3.1549,0,-0.16971,7.4929
4.3003,2.2307,3.1548,0,-1.9172,7.4854
4.3003,2.2307,3.1546,0,-3.2108,7.4841
4.3004,2.2307,3.1544,0,-3.0159,7.4928
4.3004,2.2307,3.1544,0,-1.5554,7.4916
4.3005,2.2307,3.1544,0,0.19917,7.4925
4.3005,2.2307,3.1544,0,1.1113,7.4971
4.3006,2.2307,3.1545,0,1.9334,7.4971
4.3006,2.2307,3.1547,-0.020273,2.9755,7.4901
4.3007,2.2307,3.1549,0.02703,4.1158,7.4952
4.3007,2.2307,3.1552,0.066289,4.7143,7.4965
4.3008,2.2307,3.1554,0.033784,5.5945,7.4912
4.3008,2.2307,3.1557,-0.018759,5.7072,7.4999
4.3009,2.2307,3.156,-0.051684,4.4512,7.5106
4.3009,2.2307,3.1561,-0.26675,2.0939,7.5052
4.301,2.2306,3.1561,-0.54071,-0.30604,7.5022
4.3011,2.2306,3.1559,-0.77811,-2.7901,7.513
4.3011,2.2306,3.1557,-0.86904,-4.596,7.5016
4.3012,2.2305,3.1554,-1.0159,-5.8152,7.4956
4.3012,2.2304,3.1551,-1.1258,-5.8291,7.505
4.3013,2.2304,3.1548,-1.0912,-5.4444,7.5014
4.3013,2.2303,3.1545,-0.9648,-4.7785,7.5026
4.3014,2.2303,3.1543,-1.0711,-4.1612,7.5125
4.3014,2.2302,3.1541,-1.1532,-3.8688,7.5163
4.3015,2.2302,3.1539,-1.0827,-4.5989,7.4976
4.3015,2.2301,3.1536,-0.92371,-4.7596,7.5074
4.3016,2.2301,3.1534,-0.75316,-4.6535,7.5125
4.3016,2.2301,3.1532,-0.39597,-3.6679,7.4997
4.3017,2.2301,3.1531,0.10014,-1.5444,7.4997
4.3017,2.2301,3.1532,0.52468,1.4582,7.5047
4.3018,2.2301,3.1534,0.66237,3.5563,7.4958
4.3018,2.2302,3.1536,0.51841,4.6167,7.4954
4.3019,2.2302,3.1538,0.24099,4.1127,7.5149
4.3019,2.2302,3.154,-0.14759,3.2712,7.5137
4.302,2.2301,3.1541,-0.50488,1.72,7.5069
4.3021,2.2301,3.1541,-0.69009,0.59352,7.5195
4.3021,2.2301,3.1541,-0.57349,0.42106,7.5095
4.3022,2.23,3.1542,-0.33487,0.90295,7.5074
4.3022,2.23,3.1542,-0.088996,0.81287,7.5093
4.3023,2.23,3.1543,0.019376,0.68328,7.5158
4.3023,2.23,3.1543,0.043956,0.14223,7.5103
4.3024,2.23,3.1542,-0.11784,-0.59696,7.5201
4.3024,2.23,3.1542,-0.44102,-1.6149,7.5325
4.3025,2.23,3.154,-0.82208,-2.3328,7.5266
4.3025,2.2299,3.1539,-0.99269,-2.5552,7.5249
4.3026,2.2299,3.1538,-0.97653,-2.2445,7.5321
4.3026,2.2298,3.1537,-0.7134,-1.6399,7.5208
4.3027,2.2298,3.1537,-0.24703,-0.66463,7.513
4.3027,2.2298,3.1537,0.27875,0.29015,7.5176
4.3028,2.2299,3.1537,0.54705,0.8918,7.512
4.3028,2.2299,3.1538,0.51978,0.98845,7.4988
4.3029,2.2299,3.1538,0.24643,0.64376,7.5068
4.3029,2.2299,3.1538,-0.073489,0.084465,7.5065
4.303,2.2299,3.1538,-0.33653,-0.43026,7.494
4.3031,2.2299,3.1538,-0.38214,-0.69647,7.4965
4.3031,2.2298,3.1537,-0.22736,-0.65678,7.4926
4.3032,2.2298,3.1537,-0.010861,-0.38399,7.4759
4.3032,2.2299,3.1537,0.063968,0.0020625,7.4745
4.3033,2.2299,3.1537,0.13295,0.43671,7.4794
4.3033,2.2299,3.1538,0.21906,0.87044,7.4684
4.3034,2.2299,3.1538,0.34325,1.2439,7.4716
4.3034,2.2299,3.1539,0.47251,1.4638,7.4806
4.3035,2.2299,3.154,0.59492,1.4186,7.4795
4.3035,2.23,3.154,0.5342,1.0045,7.4693
4.3036,2.23,3.1541,0.22542,0.22086,7.4843
4.3036,2.23,3.154,-0.28822,-0.78098,7.4754
4.3037,2.2299,3.1539,-0.71634,-1.7232,7.4662
4.3037,2.2299,3.1538,-0.9677,-2.3481,7.4669
4.3038,2.2298,3.1537,-0.99305,-2.5043,7.4687
4.3038,2.2298,3.1535,-0.80229,-2.1967,7.4631
4.3039,2.2298,3.1535,-0.46854,-1.5772,7.4666
4.3039,2.2298,3.1534,-0.18455,-0.88211,7.4747
4.304,2.2297,3.1534,-0.010336,-0.31019,7.4674
4.3041,2.2298,3.1534,0.044916,0.04029,7.4703
4.3041,2.2298,3.1534,0.056227,0.17934,7.478
4.3042,2.2298,3.1534,0.032321,0.1709,7.4649
4.3042,2.2298,3.1534,0.0029935,0.099481,7.4554
4.3043,2.2298,3.1534,-0.0089695,0.03193,7.471
4.3043,2.2298,3.1534,0,-0.0036478,7.4623
4.3044,2.2298,3.1534,0,-0.013492,7.4566
4.3044,2.2298,3.1534,0,-0.0099972,7.4715
4.3045,2.2298,3.1534,0,-0.003783,7.4684
4.3045,2.2298,3.1534,0,0.00066534,7.458
4.3046,2.2298,3.1534,0,0.0014072,7.468
4.3046,2.2298,3.1534,0,0.00036492,7.4701
4.3047,2.2298,3.1534,0,-0.0002189,7.4611
4.3047,2.2298,3.1534,0,0,7.4615
4.3048,2.2298,3.1534,0,0,7.4718
4.3048,2.2298,3.1534,0,0,7.4603
4.3049,2.2298,3.1534,0,0,7.4654
4.3049,2.2298,3.1534,0,0,7.4789
4.305,2.2298,3.1534,0,0,7.4812
4.3051,2.2298,3.1534,0,0,7.4808
4.3051,2.2298,3.1534,0,0,7.4936
4.3052,2.2298,3.1534,0,0,7.4935
4.3052,2.2298,3.1534,0,0,7.4915
4.3053,2.2298,3.1534,0,0,7.4972
4.3053,2.2298,3.1534,0,0,7.5076
4.3054,2.2298,3.1534,0,0,7.503
4.3054,2.2298,3.1534,0,0,7.5104
4.3055,2.2298,3.1534,0,0,7.5196
4.3055,2.2298,3.1534,0,0,7.5111
4.3056,2.2298,3.1534,0,0,7.5177
4.3056,2.2298,3.1534,0,0,7.5312
4.3057,2.2298,3.1534,0,0,7.5184
4.3057,2.2298,3.1534,0,0,7.509
4.3058,2.2298,3.1534,0,0,7.5144
4.3058,2.2298,3.1534,0,0,7.5128
4.3059,2.2298,3.1534,0,0,7.5081
4.3059,2.2298,3.1534,0,0,7.5209
4.306,2.2298,3.1534,0,0,7.5242
4.3061,2.2298,3.1534,0,0,7.5156
4.3061,2.2298,3.1534,0,0,7.5232
4.3062,2.2298,3.1534,0,0,7.5253
4.3062,2.2298,3.1534,0,0,7.5162
4.3063,2.2298,3.1534,0,0,7.5244
4.3063,2.2298,3.1534,0,0,7.5304
4.3064,2.2298,3.1534,0,0,7.5253
4.3064,2.2298,3.1534,0,0,7.5308
4.3065,2.2298,3.1534,0,0,7.5463
4.3065,2.2298,3.1534,0,0,7.5377
4.3066,2.2298,3.1534,0,0,7.5415
4.3066,2.2298,3.1534,0,0,7.554
4.3067,2.2298,3.1534,0,0,7.5517
4.3067,2.2298,3.1534,0,0,7.5434
4.3068,2.2298,3.1534,0,0,7.5428
4.3068,2.2298,3.1534,0,0,7.5434
4.3069,2.2298,3.1534,0,-0.00049525,7.531
4.3069,2.2298,3.1534,0,0.0013207,7.5423
4.307,2.2298,3.1534,0,0.0023583,7.5467
4.3071,2.2298,3.1534,0,-0.0016771,7.5394
4.3071,2.2298,3.1534,0,-0.010064,7.5389
4.3072,2.2298,3.1534,0,-0.015051,7.5433
4.3072,2.2298,3.1534,0,-0.0052797,7.5314
4.3073,2.2298,3.1534,0,0.026966,7.5254
4.3073,2.2298,3.1534,-0.020293,0.077636,7.5313
4.3074,2.2298,3.1534,0.027058,0.13146,7.5225
4.3074,2.2298,3.1534,0.066355,0.12929,7.515
4.3075,2.2298,3.1534,0.054115,0.010411,7.5254
4.3075,2.2298,3.1534,-0.025539,-0.25052,7.5261
4.3076,2.2298,3.1534,-0.16547,-0.62344,7.5168
4.3076,2.2297,3.1533,-0.34015,-1.0249,7.5266
4.3077,2.2297,3.1533,-0.51023,-1.3406,7.5297
4.3077,2.2297,3.1532,-0.62716,-1.4668,7.5251
4.3078,2.2296,3.1531,-0.51023,-1.3435,7.5255
4.3078,2.2296,3.1531,-0.34015,-1.0233,7.5362
4.3079,2.2296,3.153,-0.16547,-0.61348,7.535
4.3079,2.2296,3.153,-0.025539,-0.23554,7.5321
4.308,2.2296,3.153,0.054115,0.01567,7.5503
4.3081,2.2296,3.153,0.066355,0.16588,7.5496
4.3081,2.2296,3.153,0.047351,-0.030905,7.5556
4.3082,2.2296,3.153,-0.047351,-0.26162,7.5644
4.3082,2.2296,3.153,-0.066355,-0.27179,7.5627
4.3083,2.2296,3.153,-0.054115,0.064318,7.5602
4.3083,2.2296,3.153,0.025539,0.69018,7.5659
4.3084,2.2296,3.1531,0.16547,1.7634,7.5665
4.3084,2.2296,3.1533,0.34015,2.8288,7.5567
4.3085,2.2297,3.1535,0.51023,3.5403,7.5587
4.3085,2.2297,3.1536,0.62716,2.9633,7.5639
4.3086,2.2297,3.1537,0.51023,1.6585,7.5636
4.3086,2.2298,3.1537,0.34015,0.015909,7.5631
4.3087,2.2298,3.1537,0.16547,-1.128,7.5733
4.3087,2.2298,3.1536,0.025539,-1.5388,7.5632
4.3088,2.2298,3.1536,-0.054115,-0.42419,7.5559
4.3088,2.2298,3.1537,-0.066355,1.8177,7.5624
4.3089,2.2298,3.1539,-0.027058,4.3295,7.5534
4.3089,2.2298,3.1542,0.020293,5.6251,7.5462
4.309,2.2298,3.1545,0,5.7713,7.5607
4.3091,2.2298,3.1547,0,4.7599,7.5573
4.3091,2.2298,3.1549,0,2.9722,7.5583
4.3092,2.2298,3.1549,0,0.62519,7.5678
4.3092,2.2298,3.1548,-0.0089732,-1.5685,7.5697
4.3093,2.2298,3.1547,0.011964,-3.1896,7.5592
4.3093,2.2298,3.1544,0.029341,-4.2185,7.5658
4.3094,2.2298,3.1542,0.023928,-4.9065,7.5701
4.3094,2.2298,3.1539,-0.011293,-4.7383,7.566
4.3095,2.2298,3.1538,-0.064196,-3.234,7.5664
4.3095,2.2297,3.1537,-0.18267,-0.77821,7.5792
4.3096,2.2297,3.1538,-0.22789,1.8328,7.5712
4.3096,2.2297,3.154,-0.23489,3.4795,7.5714
4.3097,2.2297,3.1542,-0.1602,4.0147,7.5826
4.3097,2.2297,3.1544,-0.10278,3.3778,7.5751
4.3098,2.2297,3.1545,-0.067943,1.3271,7.5626
4.3098,2.2297,3.1544,-0.15289,-0.8057,7.5668
4.3099,2.2297,3.1544,-0.27534,-1.3496,7.5656
4.3099,2.2297,3.1543,-0.42632,-0.29354,7.5512
4.31,2.2296,3.1544,-0.32232,1.203,7.5511
4.3101,2.2296,3.1545,-0.11048,2.6197,7.5592
4.3101,2.2296,3.1547,0.18597,3.0873,7.5458
4.3102,2.2297,3.1548,0.44047,1.8427,7.549
4.3102,2.2297,3.1547,0.65869,-1.123,7.5585
4.3103,2.2297,3.1545,0.63774,-3.8643,7.5435
4.3103,2.2298,3.1543,0.50343,-5.2019,7.5413
4.3104,2.2298,3.154,0.26722,-4.7812,7.5408
4.3104,2.2298,3.1539,-0.024642,-3.0721,7.5349
4.3105,2.2297,3.1538,-0.53795,-0.306,7.5236
4.3105,2.2297,3.1539,-1.1811,1.7071,7.5425
4.3106,2.2296,3.154,-1.818,2.3056,7.5455
4.3106,2.2295,3.1542,-2.0833,2.0825,7.5391
4.3107,2.2294,3.1542,-1.8244,1.6467,7.5455
4.3107,2.2293,3.1543,-1.0459,1.1056,7.5562
4.3108,2.2293,3.1544,0.0082856,1.0468,7.5465
4.3108,2.2294,3.1544,1.0227,1.3535,7.5479
4.3109,2.2295,3.1545,1.4717,1.2813,7.5535
4.3109,2.2295,3.1545,1.2003,0.44456,7.5493
4.311,2.2296,3.1545,0.51417,-0.65733,7.5486
4.3111,2.2295,3.1544,-0.13025,-1.0633,7.5571
4.3111,2.2295,3.1544,-0.48879,-0.97237,7.5533
4.3112,2.2295,3.1544,-0.57236,-0.30282,7.5577
4.3112,2.2295,3.1544,-0.26212,0.9509,7.5722
4.3113,2.2295,3.1545,0.25326,2.2172,7.5679
4.3113,2.2295,3.1547,0.48772,2.5065,7.5613
4.3114,2.2295,3.1548,0.40501,2.1861,7.5642
4.3114,2.2296,3.1549,0.3876,1.5282,7.5708
4.3115,2.2296,3.1549,0.31019,0.9861,7.5699
4.3115,2.2296,3.1549,0.14615,0.52871,7.573
4.3116,2.2296,3.155,0.050171,0.42139,7.5836
4.3116,2.2296,3.155,0.24839,0.70438,7.5722
4.3117,2.2296,3.1551,0.42074,1.1628,7.5814
4.3117,2.2296,3.1551,0.5081,1.4273,7.5959
4.3118,2.2297,3.1552,0.55455,1.6825,7.5846
4.3118,2.2297,3.1553,0.66246,1.7957,7.5876
4.3119,2.2297,3.1554,0.61114,1.6782,7.5918
4.3119,2.2298,3.1555,0.40019,1.2775,7.5905
4.312,2.2298,3.1555,0.21194,0.60851,7.5801
4.3121,2.2298,3.1555,-0.009125,-0.30777,7.5973
4.3121,2.2298,3.1554,-0.3447,-1.4036,7.6022
4.3122,2.2297,3.1553,-0.83044,-2.5129,7.5946
4.3122,2.2296,3.1551,-1.2443,-3.361,7.6087
4.3123,2.2296,3.1549,-1.4964,-3.7266,7.614
4.3123,2.2295,3.1547,-1.371,-3.5373,7.6044
4.3124,2.2294,3.1546,-1.1216,-2.9363,7.6145
4.3124,2.2294,3.1544,-0.61833,-2.1844,7.6156
4.3125,2.2294,3.1544,-0.27327,-1.6373,7.6152
4.3125,2.2294,3.1543,-0.13315,-1.4933,7.6124
4.3126,2.2294,3.1542,-0.51259,-1.6847,7.6215
4.3126,2.2293,3.1541,-0.79901,-1.8429,7.6121
4.3127,2.2293,3.154,-0.90967,-1.5955,7.6136
4.3127,2.2292,3.154,-0.58136,-0.74564,7.6277
4.3128,2.2292,3.154,-0.0316,0.56621,7.6158
4.3128,2.2293,3.1541,0.88955,1.9385,7.6055
4.3129,2.2294,3.1543,1.4124,2.7748,7.6075
4.3129,2.2294,3.1544,1.3584,2.7066,7.6071
4.313,2.2295,3.1545,0.7456,1.796,7.5953
4.3131,2.2295,3.1545,0.051147,0.51807,7.5966
4.3131,2.2294,3.1545,-0.543,-0.53333,7.6017
4.3132,2.2294,3.1544,-0.7541,-0.86857,7.5902
4.3132,2.2294,3.1544,-0.44982,-0.33437,7.5924
4.3133,2.2294,3.1545,0.40657,0.81788,7.6027
4.3133,2.2295,3.1546,1.0522,1.9934,7.5835
4.3134,2.2295,3.1547,1.1971,2.6775,7.5879
4.3134,2.2296,3.1549,1.0766,2.6677,7.5917
4.3135,2.2296,3.155,0.69576,2.0334,7.5891
4.3135,2.2296,3.155,0.19061,1.0245,7.5818
4.3136,2.2296,3.155,-0.25772,-0.044879,7.5945
4.3136,2.2296,3.155,-0.47286,-0.96151,7.5937
4.3137,2.2296,3.1549,-0.44609,-1.7093,7.5809
4.3137,2.2295,3.1547,-0.58102,-2.4206,7.5906
4.3138,2.2295,3.1546,-1.0111,-3.1412,7.598
4.3138,2.2294,3.1544,-1.3087,-3.751,7.5836
4.3139,2.2293,3.1542,-1.482,-4.1016,7.5875
4.3139,2.2292,3.154,-1.5521,-4.0572,7.5917
4.314,2.2292,3.1538,-1.3563,-3.5472,7.5812
4.3141,2.2291,3.1536,-0.90908,-2.6545,7.5749
4.3141,2.2291,3.1535,-0.41256,-1.6142,7.5799
4.3142,2.2291,3.1535,-0.077419,-0.69902,7.5744
4.3142,2.2291,3.1535,0.035359,-0.07464,7.5713
4.3143,2.2291,3.1535,0.10025,0.2402,7.5784
4.3143,2.2291,3.1535,0.093483,0.29615,7.5707
4.3144,2.2291,3.1535,0.0067739,0.20145,7.5569
4.3144,2.2291,3.1535,-0.020309,0.082612,7.5663
4.3145,2.2291,3.1535,0,0.0071129,7.5609
4.3145,2.2291,3.1535,0,-0.020997,7.5532
4.3146,2.2291,3.1535,0,-0.02097,7.5529
4.3146,2.2291,3.1535,0,-0.01093,7.5533
4.3147,2.2291,3.1535,0,0.00018606,7.5437
4.3147,2.2291,3.1535,0,0.0036839,7.5485
4.3148,2.2291,3.1535,0,0.00082668,7.5599
4.3148,2.2291,3.1535,0,-0.00049595,7.5559
4.3149,2.2291,3.1535,0,0,7.5471
4.3149,2.2291,3.1535,0,0,7.5552
4.315,2.2291,3.1535,0,0,7.5481
4.3151,2.2291,3.1535,0,0,7.5407
4.3151,2.2291,3.1535,0,0,7.5508
4.3152,2.2291,3.1535,0,0,7.552
4.3152,2.2291,3.1535,0,0,7.5445
4.3153,2.2291,3.1535,0,0,7.5496
4.3153,2.2291,3.1535,0,0,7.5537
4.3154,2.2291,3.1535,0,0,7.5405
4.3154,2.2291,3.1535,0,0,7.5479
4.3155,2.2291,3.1535,0,0,7.5478
4.3155,2.2291,3.1535,0,0,7.5358
4.3156,2.2291,3.1535,0,0,7.5311
4.3156,2.2291,3.1535,0,0,7.545
4.3157,2.2291,3.1535,0,0,7.5394
4.3157,2.2291,3.1535,0,0,7.5288
4.3158,2.2291,3.1535,0,0.00049595,7.5487
4.3158,2.2291,3.1535,0,-0.0013225,7.5413
4.3159,2.2291,3.1535,0,-0.0023617,7.5286
4.3159,2.2291,3.1535,0,0.0016794,7.5368
4.316,2.2291,3.1535,0,0.010078,7.5361
4.3161,2.2291,3.1535,0,0.014577,7.5236
4.3161,2.2291,3.1535,0,0.0066092,7.5254
4.3162,2.2291,3.1535,0,-0.024644,7.534
4.3162,2.2291,3.1535,0.020309,-0.07893,7.5239
4.3163,2.2291,3.1535,-0.027079,-0.14303,7.5278
4.3163,2.2291,3.1535,-0.066409,-0.14639,7.5368
4.3164,2.2291,3.1535,-0.054159,-0.014834,7.5385
4.3164,2.2291,3.1535,0.02556,0.28476,7.528
4.3165,2.2291,3.1536,0.1453,0.71505,7.5441
4.3165,2.2291,3.1536,0.3675,1.173,7.5436
4.3166,2.2292,3.1537,0.57705,1.4701,7.527
4.3166,2.2292,3.1538,0.70213,1.4287,7.5333
4.3167,2.2292,3.1538,0.458,0.9584,7.5353
4.3167,2.2292,3.1539,0.12871,0.18461,7.5315
4.3168,2.2292,3.1538,-0.23575,-0.64211,7.5402
4.3168,2.2292,3.1538,-0.53269,-1.1974,7.5455
4.3169,2.2292,3.1537,-0.6638,-1.1812,7.54
4.3169,2.2291,3.1537,-0.31128,-0.41759,7.5444
4.317,2.2292,3.1537,0.23278,0.99199,7.5477
4.3171,2.2292,3.1539,0.95421,2.7514,7.5418
4.3171,2.2293,3.1541,1.5204,4.4057,7.5342
4.3172,2.2294,3.1544,2.0256,5.5016,7.5432
4.3172,2.2295,3.1547,2.1475,5.638,7.5354
4.3173,2.2296,3.1549,1.8275,4.642,7.5368
4.3173,2.2297,3.1551,1.0413,2.6341,7.5472
4.3174,2.2297,3.1551,0.10468,0.027057,7.5494
4.3174,2.2296,3.1549,-1.0489,-2.6284,7.5483
4.3175,2.2295,3.1547,-1.8974,-4.7184,7.5578
4.3175,2.2294,3.1544,-2.299,-5.8214,7.5583
4.3176,2.2293,3.1541,-2.1726,-5.819,7.5446
4.3176,2.2292,3.1538,-1.7065,-4.9305,7.5505
4.3177,2.2291,3.1536,-1.0453,-3.5724,7.5584
4.3177,2.2291,3.1535,-0.50232,-2.2084,7.5479
4.3178,2.2291,3.1534,-0.18568,-1.1652,7.5563
4.3178,2.2291,3.1534,-0.15321,-0.55402,7.5683
4.3179,2.2291,3.1534,-0.17392,-0.26176,7.562
4.3179,2.2291,3.1534,-0.14114,-0.10895,7.5711
4.318,2.2291,3.1534,-0.070464,0.045296,7.5765
4.3181,2.2291,3.1534,0.056929,0.2528,7.5703
4.3181,2.2291,3.1534,0.21432,0.47552,7.5626
4.3182,2.2291,3.1535,0.30124,0.62187,7.5693
4.3182,2.2291,3.1535,0.25495,0.62788,7.5661
4.3183,2.2291,3.1535,0.16237,0.50304,7.5564
4.3183,2.2291,3.1535,0.064195,0.31169,7.5655
4.3184,2.2291,3.1536,0.011293,0.12646,7.5718
4.3184,2.2291,3.1536,-0.023928,-0.0074353,7.5552
4.3185,2.2291,3.1535,-0.029341,-0.06672,7.5655
4.3185,2.2291,3.1535,-0.011964,-0.060934,7.5729
4.3186,2.2291,3.1535,0.0089731,-0.025014,7.5587
4.3186,2.2291,3.1535,0,0.0036892,7.5554
4.3187,2.2291,3.1535,0,0.0095295,7.5609
4.3187,2.2291,3.1535,0,-0.018204,7.5613
4.3188,2.2291,3.1535,0.020309,-0.074973,7.5551
4.3188,2.2291,3.1535,-0.027079,-0.14097,7.5712
4.3189,2.2291,3.1535,-0.066409,-0.14557,7.5752
4.3189,2.2291,3.1535,-0.054159,-0.016271,7.5653
4.319,2.2291,3.1535,0.02556,0.27809,7.579
4.3191,2.2291,3.1536,0.1453,0.70198,7.5776
4.3191,2.2291,3.1536,0.3675,1.1578,7.5686
4.3192,2.2292,3.1537,0.57705,1.4721,7.5729
4.3192,2.2292,3.1538,0.68182,1.4776,7.5694
4.3193,2.2292,3.1538,0.48508,1.0918,7.5586
4.3193,2.2292,3.1539,0.17482,0.40192,7.5685
4.3194,2.2292,3.1538,-0.17482,-0.40192,7.5759
4.3194,2.2292,3.1538,-0.48508,-1.0918,7.5645
4.3195,2.2292,3.1537,-0.68182,-1.4776,7.5643
4.3195,2.2291,3.1536,-0.57705,-1.4721,7.5722
4.3196,2.2291,3.1536,-0.3675,-1.1578,7.5544
4.3196,2.2291,3.1535,-0.1453,-0.70198,7.5499
4.3197,2.2291,3.1535,-0.02556,-0.27788,7.5468
4.3197,2.2291,3.1535,0.054159,0.015687,7.5417
4.3198,2.2291,3.1535,0.066409,0.14453,7.5307
4.3198,2.2291,3.1535,0.027079,0.14171,7.5365
4.3199,2.2291,3.1535,-0.020309,0.079426,7.5438
4.3199,2.2291,3.1535,0,0.024644,7.5314
4.32,2.2291,3.1535,0,-0.0066092,7.5422
4.3201,2.2291,3.1535,0,-0.014577,7.5418
4.3201,2.2291,3.1535,0,-0.010078,7.5312
4.3202,2.2291,3.1535,0,-0.0016794,7.5298
4.3202,2.2291,3.1535,0,0.0023617,7.5359
4.3203,2.2291,3.1535,0,0.0013225,7.5264
4.3203,2.2291,3.1535,0,-0.00049595,7.5215
4.3204,2.2291,3.1535,0,0,7.5417
4.3204,2.2291,3.1535,0,0,7.5376
4.3205,2.2291,3.1535,0,0,7.5342
4.3205,2.2291,3.1535,0,0,7.5455
4.3206,2.2291,3.1535,0,0,7.5438
4.3206,2.2291,3.1535,0,0,7.5355
4.3207,2.2291,3.1535,0,0,7.5378
4.3207,2.2291,3.1535,0,0,7.5451
4.3208,2.2291,3.1535,0,0,7.5353
4.3208,2.2291,3.1535,0,0,7.5399
4.3209,2.2291,3.1535,0,0,7.5563
4.3209,2.2291,3.1535,0,0,7.5451
4.321,2.2291,3.1535,0,0,7.5406
4.3211,2.2291,3.1535,0,0,7.5502
4.3211,2.2291,3.1535,0,0,7.5432
4.3212,2.2291,3.1535,0,0,7.5382
4.3212,2.2291,3.1535,0,0,7.5386
4.3213,2.2291,3.1535,0,0,7.5446
4.3213,2.2291,3.1535,0,0,7.5394
4.3214,2.2291,3.1535,0,0,7.5475
4.3214,2.2291,3.1535,0,0,7.5508
4.3215,2.2291,3.1535,0,0,7.5478
4.3215,2.2291,3.1535,0,0,7.5499
4.3216,2.2291,3.1535,0,0,7.5547
4.3216,2.2291,3.1535,0,0,7.5463
4.3217,2.2291,3.1535,0,0,7.5497
4.3217,2.2291,3.1535,0,0,7.5503
4.3218,2.2291,3.1535,0,0,7.5471
4.3218,2.2291,3.1535,0,0,7.5466
4.3219,2.2291,3.1535,0,0,7.5533
4.3219,2.2291,3.1535,0,0,7.5657
4.322,2.2291,3.1535,0,0,7.5635
4.3221,2.2291,3.1535,0,-0.00021912,7.5782
4.3221,2.2291,3.1535,0,0.00058432,7.5769
4.3222,2.2291,3.1535,0,0.0010434,7.5678
4.3222,2.2291,3.1535,0,-0.00096121,7.577
4.3223,2.2291,3.1535,0,-0.003868,7.5827
4.3223,2.2291,3.1535,0,-0.0053963,7.5702
4.3224,2.2291,3.1535,0,-0.0036628,7.5736
4.3224,2.2291,3.1535,0,0.0064329,7.5867
4.3225,2.2291,3.1535,-0.0089731,0.028649,7.583
4.3225,2.2291,3.1535,0.011964,0.059694,7.5772
4.3226,2.2291,3.1536,0.029341,0.074758,7.5857
4.3226,2.2291,3.1536,0.014952,0.042048,7.5852
4.3227,2.2291,3.1536,0.00067635,-0.060136,7.5839
4.3227,2.2291,3.1535,-0.034839,-0.2463,7.5864
4.3228,2.2291,3.1535,-0.13844,-0.50469,7.5839
4.3228,2.2291,3.1535,-0.26626,-0.77339,7.5737
4.3229,2.2291,3.1534,-0.36548,-0.96327,7.5887
4.3229,2.2291,3.1534,-0.37675,-0.9945,7.5913
4.323,2.229,3.1533,-0.33225,-0.82774,7.5848
4.3231,2.229,3.1533,-0.22405,-0.4744,7.5989
4.3231,2.229,3.1533,-8.4377e-12,-0.0009612,7.5984
4.3232,2.229,3.1533,0.22405,0.53518,7.5961
4.3232,2.2291,3.1534,0.33225,0.73811,7.5979
4.3233,2.2291,3.1534,0.37675,0.78263,7.6045
4.3233,2.2291,3.1534,0.36548,0.80009,7.5999
4.3234,2.2291,3.1535,0.25729,0.88209,7.5974
4.3234,2.2291,3.1535,0.1504,1.0194,7.6101
4.3235,2.2291,3.1536,0.06418,1.4721,7.6108
4.3235,2.2291,3.1537,0.014275,1.9095,7.5993
4.3236,2.2291,3.1538,-0.014275,2.0333,7.6156
4.3236,2.2291,3.1539,-0.06418,1.1982,7.6135
4.3237,2.2291,3.1539,-0.1504,-0.016822,7.6067
4.3237,2.2291,3.1538,-0.25729,-1.3495,7.6105
4.3238,2.2291,3.1537,-0.36548,-2.4889,7.6165
4.3238,2.2291,3.1535,-0.37675,-3.1261,7.6019
4.3239,2.229,3.1534,-0.33225,-2.6302,7.6003
4.3239,2.229,3.1533,-0.22405,-1.6228,7.6112
4.324,2.229,3.1533,-8.4377e-12,-0.45377,7.6085
4.3241,2.229,3.1533,0.22405,0.39596,7.6028
4.3241,2.2291,3.1534,0.33225,0.99744,7.6099
4.3242,2.2291,3.1534,0.37675,1.1977,7.6036
4.3242,2.2291,3.1535,0.36548,1.0386,7.6017
4.3243,2.2291,3.1535,0.26626,0.7013,7.6103
4.3243,2.2291,3.1535,0.13844,0.50828,7.6042
4.3244,2.2291,3.1536,0.025866,0.28101,7.6028
4.3244,2.2291,3.1536,0.002311,0.14544,7.6124
4.3245,2.2291,3.1536,0.026358,0.086658,7.614
4.3245,2.2291,3.1536,0.01496,0.035393,7.6117
4.3246,2.2291,3.1536,0.0036711,-0.077057,7.6218
4.3246,2.2291,3.1535,-0.034149,-0.31311,7.6355
4.3247,2.2291,3.1535,-0.1613,-0.69713,7.6211
4.3247,2.2291,3.1534,-0.38439,-1.178,7.6267
4.3248,2.2291,3.1534,-0.60495,-1.6294,7.6329
4.3248,2.229,3.1533,-0.7214,-1.9178,7.624
4.3249,2.229,3.1532,-0.71723,-1.9671,7.6235
4.3249,2.2289,3.1531,-0.6741,-1.7759,7.6331
4.325,2.2289,3.153,-0.49862,-1.3949,7.6286
4.3251,2.2289,3.1529,-0.2591,-0.95171,7.6235
4.3251,2.2289,3.1529,-0.094808,-0.59767,7.6379
4.3252,2.2289,3.1529,-0.10632,-0.42924,7.632
4.3252,2.2289,3.1529,-0.13295,-0.43942,7.6203
4.3253,2.2289,3.1528,-0.17465,-0.56946,7.6288
4.3253,2.2289,3.1528,-0.24958,-0.72816,7.6256
4.3254,2.2288,3.1528,-0.3514,-0.80198,7.6137
4.3254,2.2288,3.1527,-0.29373,-0.68005,7.6119
4.3255,2.2288,3.1527,-0.1459,-0.34556,7.6253
4.3255,2.2288,3.1527,0.03227,0.13703,7.614
4.3256,2.2288,3.1527,0.19463,0.66113,7.6113
4.3256,2.2289,3.1528,0.41252,1.1138,7.6203
4.3257,2.2289,3.1529,0.56242,1.3645,7.6131
4.3257,2.2289,3.1529,0.53957,1.3283,7.608
4.3258,2.2289,3.153,0.34726,1.0167,7.6135
4.3258,2.2289,3.153,0.1626,0.52619,7.6096
4.3259,2.2289,3.153,-0.027645,-0.043637,7.6
4.3259,2.2289,3.153,-0.21758,-0.58856,7.6145
4.326,2.2289,3.1529,-0.3747,-0.99667,7.6122
4.3261,2.2289,3.1529,-0.39688,-1.167,7.6082
4.3261,2.2289,3.1528,-0.34924,-1.0473,7.6268
4.3262,2.2289,3.1528,-0.2799,-0.61703,7.6336
4.3262,2.2288,3.1528,-0.10415,0.10837,7.625
4.3263,2.2289,3.1528,0.26748,1.0205,7.6212
4.3263,2.2289,3.1529,0.67367,1.8795,7.6234
4.3264,2.2289,3.1531,0.93675,2.3997,7.6232
4.3264,2.229,3.1532,0.99972,2.4275,7.6183
4.3265,2.229,3.1533,0.79212,1.6161,7.6262
4.3265,2.2291,3.1533,0.29847,0.33778,7.6187
4.3266,2.229,3.1533,-0.34583,-0.92708,7.6163
4.3266,2.229,3.1532,-0.83412,-1.6227,7.6299
4.3267,2.2289,3.1531,-0.97974,-1.7666,7.6261
4.3267,2.2289,3.153,-0.78679,-0.82549,7.615
4.3268,2.2289,3.1531,-0.33385,0.81884,7.6215
4.3268,2.2289,3.1532,0.25788,2.5825,7.6139
4.3269,2.2289,3.1534,0.70395,3.3557,7.5979
4.3269,2.229,3.1536,0.85746,3.6325,7.6048
4.327,2.229,3.1537,0.74277,3.2219,7.6126
4.3271,2.229,3.1539,0.49321,2.2257,7.6065
4.3271,2.2291,3.1539,0.25472,0.50039,7.6054
4.3272,2.2291,3.1539,0.10732,-0.55976,7.6207
4.3272,2.2291,3.1538,0.087408,-1.2223,7.6102
4.3273,2.2291,3.1537,0.16932,-1.5393,7.5976
4.3273,2.2291,3.1536,0.24497,-1.679,7.6106
4.3274,2.2291,3.1536,0.22262,-1.2414,7.6023
4.3274,2.2291,3.1535,0.15938,-0.67507,7.6104
4.3275,2.2291,3.1535,0.073169,-0.28305,7.6197
4.3275,2.2291,3.1535,0.011293,-0.22998,7.6177
4.3276,2.2291,3.1535,-0.023928,0.25362,7.6153
4.3276,2.2291,3.1536,-0.029341,1.2156,7.6276
4.3277,2.2291,3.1537,-0.011964,2.3684,7.6362
4.3277,2.2291,3.1539,0.0089731,3.6423,7.6233
4.3278,2.2291,3.1541,0,4.4655,7.6304
4.3278,2.2291,3.1544,0,4.493,7.6292
4.3279,2.2291,3.1545,0,3.1776,7.6184
4.3279,2.2291,3.1546,0,0.46719,7.6164
4.328,2.2291,3.1544,0,-2.3428,7.6247
4.3281,2.2291,3.1542,0,-4.0449,7.6229
4.3281,2.2291,3.154,0,-4.7264,7.6242
4.3282,2.2291,3.1538,0,-3.9427,7.6417
4.3282,2.2291,3.1537,0,-1.8874,7.641
4.3283,2.2291,3.1537,0,0.37081,7.6312
4.3283,2.2291,3.1538,0,1.8719,7.6436
4.3284,2.2291,3.1539,0,1.6724,7.6471
4.3284,2.2291,3.1539,0,0.56872,7.6341
4.3285,2.2291,3.1539,0,-0.63234,7.6363
4.3285,2.2291,3.1538,0,-1.5876,7.6417
4.3286,2.2291,3.1537,0,-1.6639,7.6367
4.3286,2.2291,3.1537,0,-0.20117,7.6438
4.3287,2.2291,3.1538,0,1.8074,7.6606
4.3287,2.2291,3.154,0,3.4877,7.6548
4.3288,2.2291,3.1542,0,3.6383,7.6511
4.3288,2.2291,3.1543,0,2.2152,7.6627
4.3289,2.2291,3.1543,0,-0.0212,7.6535
4.3289,2.2291,3.1541,0,-2.4445,7.6503
4.329,2.2291,3.1539,0,-4.016,7.66
4.3291,2.2291,3.1537,0,-3.5773,7.6636
4.3291,2.2291,3.1537,0,-1.2722,7.6576
4.3292,2.2291,3.1538,0,1.8074,7.6714
4.3292,2.2291,3.154,0,4.5588,7.6757
4.3293,2.2291,3.1543,0,5.5518,7.671
4.3293,2.2291,3.1545,0,4.5801,7.6726
4.3294,2.2291,3.1546,0,1.8121,7.678
4.3294,2.2291,3.1546,0,-1.4981,7.6698
4.3295,2.2291,3.1543,0,-4.2024,7.662
4.3295,2.2291,3.1541,0,-5.4834,7.6698
4.3296,2.2291,3.1538,0,-5.3231,7.6603
4.3296,2.2291,3.1536,0,-3.8123,7.6561
4.3297,2.2291,3.1535,0,-2.0686,7.6651
4.3297,2.2291,3.1535,0,-0.20825,7.6579
4.3298,2.2291,3.1535,0,1.8147,7.6511
4.3298,2.2291,3.1538,0,3.9571,7.6592
4.3299,2.2291,3.1541,0,5.7776,7.6523
4.3299,2.2291,3.1544,0,6.6302,7.6441
4.33,2.2291,3.1547,0,5.9399,7.647
4.3301,2.2291,3.1549,0,3.6519,7.6498
4.3301,2.2291,3.1549,0,0.011472,7.6395
4.3302,2.2291,3.1547,-0.0089731,-3.6189,7.6466
4.3302,2.2291,3.1544,0.011964,-5.9481,7.659
4.3303,2.2291,3.1541,0.029341,-6.554,7.6477
4.3303,2.2291,3.1538,0.023928,-5.485,7.6402
4.3304,2.2291,3.1536,-0.011293,-3.7041,7.6496
4.3304,2.2291,3.1535,-0.064195,-2.0238,7.6485
4.3305,2.2291,3.1534,-0.17134,-0.73997,7.6413
4.3305,2.2291,3.1534,-0.24299,-0.21025,7.6406
4.3306,2.2291,3.1534,-0.2719,0.05682,7.6326
4.3306,2.2291,3.1535,-0.19039,0.73507,7.6272
4.3307,2.2291,3.1536,-0.088531,1.6083,7.6361
4.3307,2.2291,3.1537,0.013043,2.3943,7.6417
4.3308,2.2291,3.1538,0.051946,2.6419,7.6312
4.3308,2.2291,3.1539,0.04629,2.3584,7.6291
4.3309,2.2291,3.154,-0.04629,1.5849,7.6386
4.3309,2.2291,3.154,-0.051946,0.024682,7.6278
4.331,2.2291,3.1539,-0.013043,-1.4619,7.6199
4.3311,2.2291,3.1538,0.088531,-2.0575,7.6229
4.3311,2.2291,3.1537,0.19039,-2.184,7.6149
4.3312,2.2291,3.1536,0.26293,-1.9665,7.6163
4.3312,2.2291,3.1536,0.25495,-1.2369,7.6286
4.3313,2.2291,3.1535,0.20068,-0.44056,7.6233
4.3313,2.2291,3.1535,0.088124,0.057841,7.6129
4.3314,2.2291,3.1535,0,0.0058243,7.6212
4.3314,2.2291,3.1535,-0.088124,-0.20452,7.6217
4.3315,2.2291,3.1535,-0.19171,-0.29061,7.6037
4.3315,2.2291,3.1535,-0.26691,-0.63281,7.6124
4.3316,2.2291,3.1534,-0.29227,-1.0319,7.6136
4.3316,2.2291,3.1534,-0.21432,-0.88393,7.6012
4.3317,2.2291,3.1534,-0.056929,-0.27045,7.6123
4.3317,2.2291,3.1534,0.050159,0.47602,7.6229
4.3318,2.2291,3.1535,0.16821,1.678,7.6147
4.3318,2.2291,3.1536,0.21104,3.3078,7.6189
4.3319,2.2291,3.1539,0.24638,4.8758,7.6282
4.3319,2.2291,3.1542,0.2558,5.1632,7.6216
4.332,2.2291,3.1544,0.41479,4.6651,7.6152
4.3321,2.2292,3.1546,0.68846,3.6802,7.618
4.3321,2.2292,3.1547,0.97988,2.2445,7.6175
4.3322,2.2293,3.1548,0.92208,0.35177,7.6038
4.3322,2.2293,3.1547,0.83648,-0.19561,7.6167
4.3323,2.2293,3.1548,0.58657,0.55576,7.6239
4.3323,2.2294,3.1549,0.30089,1.7262,7.6149
4.3324,2.2294,3.155,-0.0024243,2.3295,7.6158
4.3324,2.2294,3.1551,0.080307,2.9451,7.6244
4.3325,2.2294,3.1553,0.27457,2.7123,7.6128
4.3325,2.2294,3.1554,0.40597,1.4091,7.6081
4.3326,2.2294,3.1554,0.20749,-0.05696,7.6121
4.3326,2.2294,3.1553,0.071266,-0.6143,7.6083
4.3327,2.2294,3.1553,-0.24046,-0.70769,7.6098
4.3327,2.2294,3.1552,-0.7344,-0.91821,7.6136
4.3328,2.2293,3.1552,-1.0872,-1.3626,7.6162
4.3328,2.2292,3.155,-1.0673,-2.4586,7.6071
4.3329,2.2292,3.1548,-0.96364,-3.6349,7.615
4.3329,2.2292,3.1546,-0.81658,-4.8145,7.6123
4.333,2.2291,3.1543,-0.56874,-4.8223,7.602
4.3331,2.2291,3.1541,-0.24696,-3.9823,7.6056
4.3331,2.2291,3.154,-0.051842,-2.0372,7.6029
4.3332,2.2291,3.154,-0.018787,-0.1022,7.5923
4.3332,2.2291,3.1541,0.033853,1.514,7.5993
4.3333,2.2291,3.1542,0.066409,1.6498,7.6103
4.3333,2.2291,3.1543,0.027079,1.4599,7.6071
4.3334,2.2291,3.1543,-0.020309,0.16983,7.6119
4.3334,2.2291,3.1542,0,-1.4144,7.6219
4.3335,2.2291,3.154,0,-3.1254,7.6077
4.3335,2.2291,3.1538,0,-3.4819,7.6023
4.3336,2.2291,3.1537,0,-3.1985,7.6084
4.3336,2.2291,3.1536,0,-1.9375,7.6038
4.3337,2.2291,3.1536,0,-0.063876,7.5881
4.3337,2.2291,3.1537,0,2.5847,7.6028
4.3338,2.2291,3.1539,0,4.6055,7.6
4.3338,2.2291,3.1542,0,5.5791,7.596
4.3339,2.2291,3.1545,0,5.1486,7.5998
4.3339,2.2291,3.1547,0,3.735,7.6078
4.334,2.2291,3.1548,0,1.2104,7.6006
4.3341,2.2291,3.1547,0,-1.7625,7.5888
4.3341,2.2291,3.1545,0,-3.6159,7.6002
4.3342,2.2291,3.1543,0,-3.5256,7.5972
4.3342,2.2291,3.1542,0,-2.3069,7.5949
4.3343,2.2291,3.1542,0,-0.28705,7.6079
4.3343,2.2291,3.1543,0,1.7667,7.6093
4.3344,2.2291,3.1544,0,2.7214,7.61
4.3344,2.2291,3.1545,0,2.342,7.6235
4.3345,2.2291,3.1546,0,0.71137,7.6196
4.3345,2.2291,3.1545,0,-0.9751,7.6031
4.3346,2.2291,3.1544,-0.0089731,-2.0271,7.615
4.3346,2.2291,3.1543,0.011964,-2.8111,7.62
4.3347,2.2291,3.1541,0.029341,-3.2151,7.6064
4.3347,2.2291,3.1539,0.023928,-3.1123,7.6137
4.3348,2.2291,3.1538,-0.011293,-3.166,7.6238
4.3348,2.2291,3.1536,-0.064195,-2.8207,7.6239
4.3349,2.2291,3.1535,-0.16237,-1.7406,7.6207
4.3349,2.2291,3.1535,-0.25495,0.075586,7.6352
4.335,2.2291,3.1537,-0.30124,2.4501,7.6245
4.3351,2.2291,3.1539,-0.21432,4.6165,7.6236
4.3351,2.2291,3.1542,-0.077238,5.3909,7.6328
4.3352,2.2291,3.1544,0.077238,4.5882,7.6256
4.3352,2.2291,3.1545,0.21432,2.1502,7.6182
4.3353,2.2291,3.1545,0.30124,-1.015,7.6322
4.3353,2.2291,3.1543,0.25495,-3.6965,7.6341
4.3354,2.2291,3.154,0.16237,-5.1417,7.6292
4.3354,2.2291,3.1538,0.064195,-4.9331,7.6275
4.3355,2.2291,3.1536,0.011293,-3.2346,7.642
4.3355,2.2291,3.1535,-0.023928,-0.8609,7.6262
4.3356,2.2291,3.1536,-0.029341,1.5143,7.6285
4.3356,2.2291,3.1538,-0.011964,3.5942,7.6352
4.3357,2.2291,3.1541,0.0089731,5.0627,7.6293
4.3357,2.2291,3.1544,0,6.2256,7.6275
4.3358,2.2291,3.1548,0,6.6891,7.6443
4.3358,2.2291,3.1551,0,6.0188,7.6489
4.3359,2.2291,3.1553,0,4.2535,7.6471
4.3359,2.2291,3.1554,0,1.7377,7.6609
4.336,2.2291,3.1553,0,-1.471,7.655
4.3361,2.2291,3.1551,0,-4.2628,7.6483
4.3361,2.2291,3.1548,0,-5.4064,7.6456
4.3362,2.2291,3.1546,0,-4.3521,7.6456
4.3362,2.2291,3.1545,0,-1.774,7.6277
4.3363,2.2291,3.1546,0,1.3963,7.6253
4.3363,2.2291,3.1548,0,4.3473,7.6308
4.3364,2.2291,3.1551,0,5.9255,7.618
4.3364,2.2291,3.1554,0,5.4135,7.617
4.3365,2.2291,3.1556,0,3.2776,7.6224
4.3365,2.2291,3.1556,0,0.39882,7.6151
4.3366,2.2291,3.1554,0,-2.7296,7.6023
4.3366,2.2291,3.1551,0,-5.5285,7.6015
4.3367,2.2291,3.1548,0,-7.2127,7.5934
4.3367,2.2291,3.1544,0,-7.5269,7.5848
4.3368,2.2291,3.154,0,-6.7711,7.5936
4.3368,2.2291,3.1537,0,-5.1667,7.5931
4.3369,2.2291,3.1536,0,-3.0947,7.5866
4.3369,2.2291,3.1535,0,-1.2873,7.59
4.337,2.2291,3.1535,0,-0.13623,7.5958
4.3371,2.2291,3.1535,0,0.3188,7.5855
4.3371,2.2291,3.1535,0,0.39882,7.5882
4.3372,2.2291,3.1535,0,0.2928,7.5933
4.3372,2.2291,3.1535,0,-0.063612,7.5821
4.3373,2.2291,3.1535,0,-0.2716,7.5818
4.3373,2.2291,3.1535,0,-0.16962,7.5958
4.3374,2.2291,3.1535,0,0.080051,7.5953
4.3374,2.2291,3.1536,0,0.45506,7.5939
4.3375,2.2291,3.1536,0,1.151,7.605
4.3375,2.2291,3.1537,0,1.8073,7.6033
4.3376,2.2291,3.1538,0,2.1354,7.5921
4.3376,2.2291,3.1539,0,1.5192,7.6015
4.3377,2.2291,3.1539,0,0.54752,7.5999
4.3377,2.2291,3.1539,0,-0.54752,7.5916
4.3378,2.2291,3.1538,0,-1.5192,7.5967
4.3378,2.2291,3.1537,0,-2.0718,7.6089
4.3379,2.2291,3.1536,0,-1.8285,7.6037
4.3379,2.2291,3.1535,0,-1.3802,7.6028
4.338,2.2291,3.1535,0,-0.85389,7.6133
4.3381,2.2291,3.1535,0,-0.46247,7.6012
4.3381,2.2291,3.1535,0,0.32706,7.5932
4.3382,2.2291,3.1536,0,1.7245,7.6004
4.3382,2.2291,3.1538,0,3.5784,7.5982
4.3383,2.2291,3.1541,0,5.4855,7.5918
4.3383,2.2291,3.1544,0,6.6135,7.6013
4.3384,2.2291,3.1547,0,6.01,7.6092
4.3384,2.2291,3.1549,0,3.655,7.5942
4.3385,2.2291,3.1549,0,0,7.6063
4.3385,2.2291,3.1547,0,-3.655,7.6148
4.3386,2.2291,3.1544,0,-6.01,7.6128
4.3386,2.2291,3.1541,0,-6.6135,7.6148
4.3387,2.2291,3.1538,0,-5.4855,7.6154
4.3387,2.2291,3.1536,0,-3.5148,7.6216
4.3388,2.2291,3.1535,0,-1.7457,7.6241
4.3388,2.2291,3.1535,0,-0.55627,7.6382
4.3389,2.2291,3.1535,0,0,7.6336
4.3389,2.2291,3.1535,0,0.62038,7.6323
4.339,2.2291,3.1536,0,1.7237,7.6482
4.3391,2.2291,3.1538,0,3.2819,7.6487
4.3391,2.2291,3.154,0,5.0224,7.6414
4.3392,2.2291,3.1544,0,6.3913,7.6516
4.3392,2.2291,3.1547,0,6.379,7.6529
4.3393,2.2291,3.155,0,5.1334,7.6461
4.3393,2.2291,3.1551,0,2.9969,7.646
4.3394,2.2291,3.1552,0.020309,1.0165,7.6554
4.3394,2.2291,3.1551,-0.0067739,-0.63222,7.6466
4.3395,2.2291,3.1551,-0.093483,-1.4096,7.6519
4.3395,2.2291,3.155,-0.12055,-1.1587,7.6613
4.3396,2.2291,3.155,-0.028588,0.50066,7.6564
4.3396,2.2291,3.1552,0.17086,2.3026,7.6501
4.3397,2.2291,3.1554,0.51276,3.9134,7.6576
4.3397,2.2292,3.1556,0.94447,4.6918,7.6489
4.3398,2.2293,3.1559,1.2588,4.6489,7.6413
4.3398,2.2293,3.156,1.1668,2.828,7.6486
4.3399,2.2293,3.156,0.65983,-0.12404,7.6553
4.3399,2.2293,3.1558,-8.4377e-12,-3.2538,7.6461
4.34,2.2293,3.1556,-0.65983,-5.1399,7.6552
4.3401,2.2293,3.1552,-1.1668,-6.0912,7.6682
4.3401,2.2292,3.1549,-1.2588,-6.2503,7.6555
4.3402,2.2291,3.1546,-0.94447,-5.8764,7.6661
4.3402,2.2291,3.1543,-0.51276,-4.8898,7.6751
4.3403,2.2291,3.1541,-0.17086,-4.3336,7.6649
4.3403,2.2291,3.1539,0.028588,-4.0533,7.6622
4.3404,2.2291,3.1537,0.12055,-3.464,7.6783
4.3404,2.2291,3.1536,0.093483,-2.2734,7.6787
4.3405,2.2291,3.1535,0.0067739,-1.1558,7.6732
4.3405,2.2291,3.1535,-0.020309,-0.40987,7.6843
4.3406,2.2291,3.1535,0,0.044007,7.687
4.3406,2.2291,3.1535,0,0.35645,7.6759
4.3407,2.2291,3.1535,0,0.26816,7.6802
4.3407,2.2291,3.1535,0,0.0094421,7.683
4.3408,2.2291,3.1535,0,-0.062927,7.6748
4.3408,2.2291,3.1535,0,0.0036839,7.6727
4.3409,2.2291,3.1535,0,0.00082668,7.6749
4.3409,2.2291,3.1535,0,-0.00049595,7.6735
4.341,2.2291,3.1535,0,0,7.6727
4.3411,2.2291,3.1535,0,0,7.6804
4.3411,2.2291,3.1535,0,0,7.6799
4.3412,2.2291,3.1535,0,0,7.6804
4.3412,2.2291,3.1535,0,0,7.6868
4.3413,2.2291,3.1535,0,0.063608,7.68
4.3413,2.2291,3.1535,0,-0.021199,7.6745
4.3414,2.2291,3.1535,0,-0.22919,7.683
4.3414,2.2291,3.1535,0,-0.39882,7.6829
4.3415,2.2291,3.1535,0,-0.3188,7.6729
4.3415,2.2291,3.1535,0,0.13623,7.6903
4.3416,2.2291,3.1536,0,1.2873,7.6975
4.3416,2.2291,3.1537,0,3.0947,7.6878
4.3417,2.2291,3.154,0,5.2303,7.6943
4.3417,2.2291,3.1544,0,6.7499,7.6962
4.3418,2.2291,3.1547,0,7.2976,7.692
4.3418,2.2291,3.1551,0,6.7502,7.6886
4.3419,2.2291,3.1554,0,5.2309,7.6953
4.3419,2.2291,3.1555,0,3.0952,7.6874
4.342,2.2291,3.1556,0,1.2877,7.6837
4.3421,2.2291,3.1556,0,0.13641,7.6967
4.3421,2.2291,3.1556,0,-0.3188,7.6984
4.3422,2.2291,3.1556,0,-0.3989,7.6845
4.3422,2.2291,3.1556,0,-0.22925,7.6902
4.3423,2.2291,3.1556,0,-0.084835,7.6858
4.3423,2.2291,3.1556,0,0.14845,7.681
4.3424,2.2291,3.1556,0,0.20853,7.6737
4.3424,2.2291,3.1556,0,0.16884,7.675
4.3425,2.2291,3.1556,0,-0.083752,7.6685
4.3425,2.2291,3.1556,0,-0.45585,7.6671
4.3426,2.2291,3.1555,0,-1.1395,7.6776
4.3426,2.2291,3.1554,0,-1.7831,7.6746
4.3427,2.2291,3.1553,0,-2.1148,7.6694
4.3427,2.2291,3.1552,0,-1.6012,7.6793
4.3428,2.2291,3.1552,0.020309,-0.56681,7.6765
4.3428,2.2291,3.1552,-0.0067739,0.47112,7.6669
4.3429,2.2291,3.1553,-0.093483,1.4245,7.6747
4.3429,2.2291,3.1554,-0.12055,2.125,7.6781
4.343,2.2291,3.1555,-0.028588,2.0769,7.6693
4.3431,2.2291,3.1556,0.17086,1.2135,7.6832
4.3431,2.2291,3.1556,0.51276,0.16072,7.6914
4.3432,2.2292,3.1555,0.94447,-0.82481,7.6795
4.3432,2.2293,3.1554,1.2588,-1.8416,7.6826
4.3433,2.2293,3.1553,1.1668,-3.1592,7.689
4.3433,2.2293,3.1551,0.65983,-3.7877,7.6762
4.3434,2.2293,3.1549,-8.4377e-12,-3.8052,7.6744
4.3434,2.2293,3.1547,-0.65983,-3.5341,7.6807
4.3435,2.2293,3.1545,-1.1465,-3.4244,7.6782
4.3435,2.2292,3.1544,-1.2655,-2.7581,7.6712
4.3436,2.2291,3.1542,-1.038,-2.1594,7.6782
4.3436,2.2291,3.1541,-0.63332,-2.0751,7.6828
4.3437,2.2291,3.154,-0.19944,-2.1571,7.6775
4.3437,2.2291,3.1539,0.19944,-1.4502,7.6817
4.3438,2.2291,3.1539,0.63332,-0.50654,7.6808
4.3438,2.2292,3.1539,1.038,0.42076,7.6658
4.3439,2.2293,3.154,1.2655,1.2402,7.669
4.3439,2.2293,3.1541,1.1465,1.712,7.6705
4.344,2.2293,3.1542,0.65983,1.2581,7.6601
4.3441,2.2293,3.1542,0.020309,-0.09582,7.6651
4.3441,2.2293,3.1541,-0.6666,-1.6115,7.6775
4.3442,2.2292,3.1539,-1.2603,-2.6776,7.6758
4.3442,2.2292,3.1538,-1.359,-3.1309,7.672
4.3443,2.2291,3.1536,-0.97983,-2.6496,7.6826
4.3443,2.2291,3.1536,-0.43534,-1.1568,7.683
4.3444,2.2291,3.1536,0.2214,0.80661,7.6795
4.3444,2.2292,3.1537,0.94444,2.5771,7.6899
4.3445,2.2292,3.1539,1.55,3.8867,7.6926
4.3445,2.2293,3.1542,1.7931,4.4606,7.6798
4.3446,2.2294,3.1544,1.604,4.1838,7.6903
4.3446,2.2295,3.1546,1.165,3.1154,7.6989
4.3447,2.2295,3.1547,0.37951,1.8602,7.6931
4.3447,2.2295,3.1547,-0.62887,0.68895,7.6983
4.3448,2.2294,3.1547,-1.2081,-0.0089639,7.707
4.3448,2.2293,3.1547,-1.1198,-0.48169,7.6943
4.3449,2.2293,3.1547,-0.56411,-0.26568,7.6956
4.3449,2.2293,3.1547,0.34178,0.38237,7.7023
4.345,2.2294,3.1547,1.2153,0.64691,7.6999
4.3451,2.2295,3.1547,1.4989,0.2895,7.6971
4.3451,2.2295,3.1547,1.0227,-0.17651,7.7073
4.3452,2.2295,3.1547,0.0015062,-1.231,7.7123
4.3452,2.2295,3.1545,-1.0475,-2.5582,7.6965
4.3453,2.2294,3.1544,-1.7526,-3.0708,7.7102
4.3453,2.2293,3.1542,-1.8639,-2.4193,7.7115
4.3454,2.2292,3.1542,-1.3366,-0.53619,7.6992
4.3454,2.2292,3.1543,-0.3831,1.7399,7.7054
4.3455,2.2292,3.1545,0.48499,4.394,7.7108
4.3455,2.2293,3.1549,1.2396,6.6152,7.6967
4.3456,2.2294,3.1553,1.7387,7.2857,7.7026
4.3456,2.2295,3.1556,1.7463,6.1129,7.7098
4.3457,2.2295,3.1558,1.2365,4.6056,7.7085
4.3457,2.2296,3.1559,0.44873,2.3661,7.7106
4.3458,2.2295,3.156,-0.48269,0.79581,7.7206
4.3458,2.2295,3.156,-1.195,0.076003,7.7132
4.3459,2.2294,3.156,-1.4054,0.5452,7.7053
4.3459,2.2293,3.1561,-0.96705,1.2625,7.7163
4.346,2.2293,3.1562,-0.078785,1.8891,7.7118
4.3461,2.2294,3.1563,0.65546,1.4141,7.7062
4.3461,2.2294,3.1563,0.83695,0.56262,7.7128
4.3462,2.2294,3.1562,0.43462,-1.0902,7.7195
4.3462,2.2294,3.1561,-0.36294,-2.3384,7.7136
4.3463,2.2294,3.1559,-1.2141,-3.5611,7.7215
4.3463,2.2293,3.1557,-1.6704,-4.7709,7.7194
4.3464,2.2292,3.1554,-1.6193,-5.9254,7.7085
4.3464,2.2291,3.155,-1.11,-6.6574,7.7088
4.3465,2.2291,3.1546,-0.53831,-6.9262,7.7137
4.3465,2.2291,3.1544,-0.11672,-5.5631,7.7077
4.3466,2.2291,3.1542,0.09497,-2.9639,7.6988
4.3466,2.2291,3.1542,0.14762,0.4632,7.7066
4.3467,2.2291,3.1544,0.073181,3.3177,7.7033
4.3467,2.2291,3.1546,0.0067739,4.4439,7.6987
4.3468,2.2291,3.1548,-0.020309,3.6012,7.7085
4.3468,2.2291,3.1549,0,1.7574,7.7068
4.3469,2.2291,3.1549,0,0.025861,7.6969
4.3469,2.2291,3.1549,0,-0.44786,7.6953
4.347,2.2291,3.1549,0,0.11138,7.6996
4.3471,2.2291,3.155,0,1.4492,7.6987
4.3471,2.2291,3.1551,0.020309,2.4808,7.6936
4.3472,2.2291,3.1552,-0.0067739,2.0028,7.706
4.3472,2.2291,3.1552,-0.093483,0.14833,7.7011
4.3473,2.2291,3.1551,-0.10025,-1.7566,7.7049
4.3473,2.2291,3.1549,-0.055657,-3.322,7.7222
4.3474,2.2291,3.1547,0.12478,-3.8952,7.7093
4.3474,2.2291,3.1546,0.45186,-2.684,7.6928
4.3475,2.2292,3.1546,0.87654,0.26668,7.696
4.3475,2.2292,3.1548,1.2834,3.7308,7.6951
4.3476,2.2293,3.1552,1.5258,6.6399,7.6824
4.3476,2.2294,3.1556,1.3804,8.4566,7.6853
4.3477,2.2295,3.1561,1.1279,8.7301,7.6891
4.3477,2.2295,3.1564,0.71534,7.1326,7.6824
4.3478,2.2295,3.1567,0.29223,4.2633,7.686
4.3478,2.2295,3.1567,-0.12147,1.5208,7.6832
4.3479,2.2295,3.1567,-0.40209,-0.63943,7.6708
4.3479,2.2294,3.1566,-0.61733,-2.1596,7.6716
4.348,2.2294,3.1564,-0.72573,-2.9265,7.6784
4.3481,2.2294,3.1563,-1.0204,-3.1223,7.664
4.3481,2.2293,3.1561,-1.1085,-3.1065,7.6577
4.3482,2.2292,3.156,-1.0513,-2.9562,7.6689
4.3482,2.2292,3.1558,-0.93685,-2.7118,7.664
4.3483,2.2291,3.1557,-0.80654,-2.2062,7.6631
4.3483,2.2291,3.1556,-0.52137,-1.5746,7.6716
4.3484,2.2291,3.1556,-0.26727,-0.94105,7.6717
4.3484,2.2291,3.1556,-0.051842,-0.41387,7.6613
4.3485,2.2291,3.1555,-0.018787,-0.064561,7.6603
4.3485,2.2291,3.1556,0.033853,0.11949,7.6651
4.3486,2.2291,3.1556,0.066409,0.15946,7.6596
4.3486,2.2291,3.1556,0.027079,0.093454,7.6584
4.3487,2.2291,3.1556,8.4377e-12,-0.014203,7.6723
4.3487,2.2291,3.1556,-0.027079,-0.10477,7.6709
4.3488,2.2291,3.1556,-0.066409,-0.12028,7.6698
4.3488,2.2291,3.1556,-0.054159,-0.018283,7.6849
4.3489,2.2291,3.1556,0.045865,0.19567,7.6745
4.3489,2.2291,3.1556,0.13853,0.47491,7.6729
4.349,2.2291,3.1556,0.29433,0.77602,7.6719
4.3491,2.2292,3.1557,0.44972,1.0669,7.6709
4.3491,2.2292,3.1558,0.58006,1.3732,7.6552
4.3492,2.2292,3.1559,0.50836,1.7674,7.6622
4.3492,2.2292,3.156,0.59261,2.3729,7.6691
4.3493,2.2293,3.1561,0.88623,3.1869,7.6576
4.3493,2.2294,3.1564,1.3117,4.0007,7.6621
4.3494,2.2294,3.1566,1.5742,4.4405,7.669
4.3494,2.2295,3.1568,1.7084,4.1427,7.6609
4.3495,2.2296,3.157,1.3758,2.8604,7.6581
4.3495,2.2296,3.157,0.55656,0.67015,7.665
4.3496,2.2296,3.1569,-0.71384,-1.9733,7.6616
4.3496,2.2295,3.1567,-1.7826,-4.3049,7.645
4.3497,2.2294,3.1564,-2.3396,-5.6079,7.6595
4.3497,2.2293,3.1561,-2.2576,-5.4883,7.6621
4.3498,2.2292,3.1559,-1.6462,-4.0228,7.6579
4.3498,2.2291,3.1558,-0.54832,-1.7107,7.669
4.3499,2.2292,3.1558,0.52664,0.64463,7.6701
4.3499,2.2292,3.1559,1.2354,2.2663,7.6588
4.35,2.2293,3.1561,1.2685,2.6844,7.6649
4.3501,2.2293,3.1562,0.78715,1.9171,7.6698
4.3501,2.2293,3.1562,0.073181,0.36759,7.6593
4.3502,2.2293,3.1561,-0.63274,-1.3705,7.6568
4.3502,2.2293,3.156,-1.1939,-2.7155,7.668
4.3503,2.2292,3.1558,-1.3522,-3.241,7.67
4.3503,2.2291,3.1557,-1.065,-2.8179,7.6719
4.3504,2.2291,3.1556,-0.54135,-1.6186,7.6812
4.3504,2.2291,3.1556,0,-0.0085583,7.6717
4.3505,2.2291,3.1557,0.54135,1.5977,7.6686
4.3505,2.2292,3.1558,1.065,2.7907,7.6752
4.3506,2.2293,3.156,1.3522,3.2313,7.6686
4.3506,2.2293,3.1561,1.1735,2.7829,7.6579
4.3507,2.2293,3.1562,0.63952,1.5993,7.6673
4.3507,2.2293,3.1562,-8.4377e-12,0.039985,7.6717
4.3508,2.2293,3.1561,-0.65983,-1.4756,7.6589
4.3508,2.2293,3.156,-1.1668,-2.568,7.6671
4.3509,2.2292,3.1558,-1.2498,-3.0093,7.6828
4.3509,2.2291,3.1557,-0.92715,-2.826,7.6667
4.351,2.2291,3.1556,-0.55186,-2.2343,7.6707
4.3511,2.2291,3.1555,-0.32057,-1.43,7.6761
4.3511,2.2291,3.1555,-0.13688,-0.46564,7.6787
4.3512,2.2291,3.1555,0.11126,0.68863,7.6662
4.3512,2.2291,3.1556,0.4459,2.0418,7.6813
4.3513,2.2292,3.1558,0.95581,3.5052,7.6819
4.3513,2.2292,3.156,1.6613,4.8097,7.6815
4.3514,2.2294,3.1563,2.2099,5.5222,7.6917
4.3514,2.2295,3.1566,2.1949,5.2746,7.6996
4.3515,2.2296,3.1568,1.6106,4.0145,7.6869
4.3515,2.2296,3.1569,0.73661,2.055,7.6876
4.3516,2.2296,3.1569,-0.22408,-0.062502,7.6839
4.3516,2.2295,3.1568,-0.99454,-1.7506,7.6779
4.3517,2.2295,3.1567,-1.2367,-2.5945,7.6822
4.3517,2.2294,3.1566,-0.94816,-2.546,7.6963
4.3518,2.2294,3.1565,-0.52471,-1.9193,7.6917
4.3518,2.2294,3.1564,-0.18752,-1.1574,7.6899
4.3519,2.2294,3.1564,-0.017427,-0.62954,7.6988
4.3519,2.2294,3.1563,-0.040423,-0.52606,7.6915
4.352,2.2294,3.1563,-0.27817,-0.82701,7.6911
4.3521,2.2293,3.1562,-0.56761,-1.3315,7.7027
4.3521,2.2293,3.1561,-0.71632,-1.7942,7.6966
4.3522,2.2293,3.156,-0.72704,-2.0616,7.6837
4.3522,2.2292,3.1559,-0.73687,-2.0986,7.6946
4.3523,2.2292,3.1558,-0.65988,-1.9261,7.6969
4.3523,2.2292,3.1557,-0.51339,-1.6155,7.6925
4.3524,2.2291,3.1557,-0.39571,-1.2579,7.6984
4.3524,2.2291,3.1556,-0.32035,-0.91473,7.7052
4.3525,2.2291,3.1556,-0.20991,-0.60555,7.6988
4.3525,2.2291,3.1556,-0.10609,-0.34554,7.7041
4.3526,2.2291,3.1556,-0.031873,-0.15078,7.7137
4.3526,2.2291,3.1556,-0.0082958,-0.027339,7.7075
4.3527,2.2291,3.1556,0.014953,0.039711,7.699
4.3527,2.2291,3.1556,0.029329,0.06153,7.7114
4.3528,2.2291,3.1556,0.011959,0.049413,7.7071
4.3528,2.2291,3.1556,-0.0089695,0.02484,7.7088
4.3529,2.2291,3.1556,0,0.0070956,7.7091
4.3529,2.2291,3.1556,0,-0.0022511,7.7048
4.353,2.2291,3.1556,0,-0.0050266,7.6866
4.3531,2.2291,3.1556,0,-0.0040825,7.691
4.3531,2.2291,3.1556,0,-0.00095988,7.6823
4.3532,2.2291,3.1556,0,0.0010422,7.6753
4.3532,2.2291,3.1556,0,0.00058362,7.6649
4.3533,2.2291,3.1556,0,-0.00021886,7.6735
4.3533,2.2291,3.1556,0,0,7.6586
4.3534,2.2291,3.1556,0,0,7.6584
4.3534,2.2291,3.1556,0,0,7.6631
4.3535,2.2291,3.1556,0,0,7.6611
4.3535,2.2291,3.1556,0,0,7.6544
4.3536,2.2291,3.1556,0,0,7.6591
4.3536,2.2291,3.1556,0,0,7.651
4.3537,2.2291,3.1556,0,0,7.6384
4.3537,2.2291,3.1556,0,0.00021886,7.65
4.3538,2.2291,3.1556,0,-0.00036485,7.6493
4.3538,2.2291,3.1556,0,-0.0016256,7.6424
4.3539,2.2291,3.1556,0,-0.00030066,7.6502
4.3539,2.2291,3.1556,0,0.0054067,7.6544
4.354,2.2291,3.1556,0,0.010295,7.653
4.3541,2.2291,3.1556,0,0.0083048,7.6562
4.3541,2.2291,3.1556,0,-0.0070013,7.6596
4.3542,2.2291,3.1556,0.0089695,-0.04206,7.649
4.3542,2.2291,3.1556,-0.0029935,-0.092183,7.6431
4.3543,2.2291,3.1556,-0.041283,-0.12263,7.6569
4.3543,2.2291,3.1556,-0.053235,-0.077093,7.6575
4.3544,2.2291,3.1556,-0.0036586,0.087109,7.6576
4.3544,2.2291,3.1556,0.063511,0.37277,7.6687
4.3545,2.2291,3.1556,0.19713,0.74595,7.6776
4.3545,2.2291,3.1557,0.40213,1.1184,7.6636
4.3546,2.2292,3.1557,0.55516,1.3614,7.6615
4.3546,2.2292,3.1558,0.55003,1.3794,7.6581
4.3547,2.2292,3.1559,0.42968,1.1628,7.6476
4.3547,2.2292,3.1559,0.26602,0.77194,7.6499
4.3548,2.2292,3.1559,0.0738,0.30251,7.6551
4.3548,2.2292,3.1559,-0.13874,-0.14102,7.6578
4.3549,2.2292,3.1559,-0.22379,-0.47438,7.6639
4.3549,2.2292,3.1559,-0.19312,-0.68548,7.6753
4.355,2.2292,3.1558,-0.22636,-0.82027,7.6719
4.3551,2.2292,3.1558,-0.29926,-0.90671,7.6669
4.3551,2.2292,3.1557,-0.31935,-0.94246,7.6803
4.3552,2.2291,3.1557,-0.32325,-0.92141,7.6754
4.3552,2.2291,3.1556,-0.32399,-0.83679,7.6672
4.3553,2.2291,3.1556,-0.26313,-0.67706,7.6758
4.3553,2.2291,3.1556,-0.14736,-0.45643,7.6814
4.3554,2.2291,3.1556,-0.034856,-0.22751,7.6762
4.3554,2.2291,3.1556,0.00066629,-0.056213,7.6861
4.3555,2.2291,3.1556,0.014953,0.03533,7.6977
4.3555,2.2291,3.1556,0.029329,0.046516,7.6926
4.3556,2.2291,3.1556,0.032269,-0.0088791,7.6897
4.3556,2.2291,3.1556,-0.036049,-0.098114,7.7045
4.3557,2.2291,3.1556,-0.066409,-0.13337,7.7035
4.3557,2.2291,3.1555,-0.054159,-0.041993,7.6995
4.3558,2.2291,3.1556,0.045865,0.20167,7.713
4.3558,2.2291,3.1556,0.11823,0.5682,7.7133
4.3559,2.2291,3.1556,0.3011,1.0198,7.7107
4.3559,2.2292,3.1557,0.52289,1.4418,7.723
4.356,2.2292,3.1558,0.72767,1.6897,7.7216
4.3561,2.2292,3.1559,0.60328,1.657,7.71
4.3561,2.2293,3.156,0.47589,1.3892,7.7203
4.3562,2.2293,3.156,0.36834,0.97411,7.7143
4.3562,2.2293,3.156,0.19519,0.52134,7.7017
4.3563,2.2293,3.1561,-0.11784,0.17145,7.6957
4.3563,2.2293,3.1561,-0.088878,0.071732,7.7061
4.3564,2.2293,3.1561,0.060266,0.19001,7.6988
4.3564,2.2293,3.1561,0.1967,0.38527,7.7018
4.3565,2.2293,3.1561,0.14518,0.4938,7.7116
4.3565,2.2293,3.1561,0.22894,0.41657,7.71
4.3566,2.2293,3.1561,0.20587,0.061314,7.7068
4.3566,2.2293,3.1561,-0.1182,-0.55888,7.7217
4.3567,2.2293,3.156,-0.55279,-1.2683,7.7103
4.3567,2.2292,3.1559,-0.69763,-1.8254,7.7063
4.3568,2.2292,3.1558,-0.78612,-2.1067,7.7063
4.3568,2.2292,3.1557,-0.8,-2.0614,7.7148
4.3569,2.2291,3.1556,-0.61392,-1.7143,7.7056
4.3569,2.2291,3.1556,-0.32531,-1.1808,7.7076
4.357,2.2291,3.1555,-0.10824,-0.62486,7.719
4.3571,2.2291,3.1555,-0.022404,-0.15685,7.7159
4.3571,2.2291,3.1555,0.045141,0.20603,7.7206
4.3572,2.2291,3.1556,0.13058,0.47838,7.7225
4.3572,2.2291,3.1556,0.18938,0.65193,7.7165
4.3573,2.2291,3.1556,0.23454,0.71856,7.7177
4.3573,2.2291,3.1557,0.30112,0.66839,7.7301
4.3574,2.2292,3.1557,0.21423,0.47444,7.7267
4.3574,2.2292,3.1557,0.086176,0.15476,7.7201
4.3575,2.2292,3.1557,-0.089166,-0.2275,7.7344
4.3575,2.2291,3.1557,-0.24356,-0.56582,7.7344
4.3576,2.2291,3.1556,-0.30473,-0.76063,7.7256
4.3576,2.2291,3.1556,-0.25033,-0.74666,7.7284
4.3577,2.2291,3.1556,-0.19162,-0.4876,7.7255
4.3577,2.2291,3.1556,-0.022419,0.041133,7.7132
4.3578,2.2291,3.1556,0.21497,0.789,7.7184
4.3578,2.2291,3.1557,0.49589,1.6381,7.7233
4.3579,2.2292,3.1558,0.75632,2.4029,7.7084
4.3579,2.2292,3.156,1.0336,2.866,7.7151
4.358,2.2293,3.1561,1.1726,2.805,7.7296
4.3581,2.2294,3.1562,0.95255,2.1002,7.7266
4.3581,2.2294,3.1563,0.35871,0.84373,7.7236
4.3582,2.2294,3.1562,-0.25485,-0.65302,7.7424
4.3582,2.2293,3.1561,-0.82213,-2.0183,7.7389
4.3583,2.2292,3.156,-1.222,-2.9122,7.7305
4.3583,2.2292,3.1558,-1.282,-3.1308,7.737
4.3584,2.2291,3.1557,-0.94988,-2.6836,7.7444
4.3584,2.2291,3.1556,-0.50735,-1.8014,7.7335
4.3585,2.2291,3.1555,-0.14761,-0.79384,7.7417
4.3585,2.2291,3.1555,0.083788,0.082831,7.7488
4.3586,2.2291,3.1556,0.28286,0.68185,7.7432
4.3586,2.2291,3.1556,0.34833,0.93295,7.7423
4.3587,2.2292,3.1557,0.30789,0.86623,7.7492
4.3587,2.2292,3.1557,0.19392,0.57976,7.738
4.3588,2.2292,3.1557,0.077206,0.19436,7.7303
4.3588,2.2292,3.1557,-0.077206,-0.19231,7.7357
4.3589,2.2291,3.1557,-0.21423,-0.49502,7.7339
4.3589,2.2291,3.1556,-0.30112,-0.65471,7.7312
4.359,2.2291,3.1556,-0.25485,-0.65696,7.7351
4.3591,2.2291,3.1556,-0.15334,-0.55319,7.7395
4.3591,2.2291,3.1556,-0.067163,-0.40653,7.7349
4.3592,2.2291,3.1555,-0.052571,-0.24941,7.7393
4.3592,2.2291,3.1555,-0.029317,-0.063751,7.7345
4.3593,2.2291,3.1556,0.016708,0.17948,7.7244
4.3593,2.2291,3.1556,0.087416,0.49488,7.7276
4.3594,2.2291,3.1556,0.21747,0.85562,7.733
4.3594,2.2291,3.1557,0.41708,1.1712,7.7224
4.3595,2.2292,3.1558,0.55586,1.2985,7.7206
4.3595,2.2292,3.1558,0.51524,1.1272,7.7283
4.3596,2.2292,3.1558,0.29137,0.65461,7.7284
4.3596,2.2292,3.1558,8.4377e-12,-0.00074112,7.7284
4.3597,2.2292,3.1558,-0.29137,-0.65801,7.736
4.3597,2.2292,3.1558,-0.51524,-1.1331,7.7296
4.3598,2.2291,3.1557,-0.55586,-1.3017,7.7213
4.3598,2.2291,3.1556,-0.41708,-1.1604,7.7286
4.3599,2.2291,3.1556,-0.22644,-0.82057,7.7326
4.3599,2.2291,3.1556,-0.075456,-0.43235,7.7225
4.36,2.2291,3.1556,0.012621,-0.1157,7.7331
4.3601,2.2291,3.1556,0.053235,0.070677,7.7428
4.3601,2.2291,3.1556,0.041283,0.12629,7.736
4.3602,2.2291,3.1556,0.0029935,0.09757,7.731
4.3602,2.2291,3.1556,-0.0089695,0.04592,7.7401
4.3603,2.2291,3.1556,0,0.0081788,7.7352
4.3603,2.2291,3.1556,0,-0.0097111,7.7302
4.3604,2.2291,3.1556,0,-0.012504,7.7364
4.3604,2.2291,3.1556,0,-0.0054887,7.732
4.3605,2.2291,3.1556,0,0.0057074,7.724
4.3605,2.2291,3.1556,0,0.011921,7.7373
4.3606,2.2291,3.1556,0,0.0086697,7.7377
4.3606,2.2291,3.1556,0,-0.0072201,7.7306
4.3607,2.2291,3.1556,0.0089695,-0.041841,7.7474
4.3607,2.2291,3.1556,-0.0029935,-0.092766,7.7413
4.3608,2.2291,3.1556,-0.041283,-0.12367,7.731
4.3608,2.2291,3.1556,-0.053235,-0.076353,7.7335
4.3609,2.2291,3.1556,-0.0036586,0.09177,7.7336
4.3609,2.2291,3.1556,0.063511,0.37883,7.7192
4.361,2.2291,3.1556,0.19713,0.74724,7.7192
4.3611,2.2291,3.1557,0.40213,1.1074,7.7277
4.3611,2.2292,3.1557,0.56413,1.3312,7.7263
4.3612,2.2292,3.1558,0.53808,1.3264,7.7225
4.3612,2.2292,3.1559,0.40037,1.1077,7.7344
4.3613,2.2292,3.1559,0.24211,0.76081,7.7403
4.3613,2.2292,3.1559,0.094039,0.3893,7.7266
4.3614,2.2292,3.1559,-0.077616,0.084075,7.7428
4.3614,2.2292,3.1559,-0.10287,-0.087816,7.7516
4.3615,2.2292,3.1559,0.017314,-0.13965,7.7444
4.3615,2.2292,3.1559,0.059005,-0.14833,7.7564
4.3616,2.2292,3.1559,-0.041925,-0.15066,7.7717
4.3616,2.2292,3.1559,-0.071883,-0.11096,7.7749
4.3617,2.2292,3.1559,-0.028251,0.015306,7.7737
4.3617,2.2292,3.1559,0.036933,0.24879,7.7814
4.3618,2.2292,3.1559,0.13249,0.58645,7.7685
4.3618,2.2293,3.156,0.32529,0.98475,7.7683
4.3619,2.2293,3.1561,0.5398,1.3409,7.7721
4.3619,2.2293,3.1562,0.58717,1.528,7.769
4.362,2.2293,3.1562,0.54885,1.4992,7.762
4.3621,2.2294,3.1563,0.44163,1.2795,7.7753
4.3621,2.2294,3.1563,0.33049,0.95584,7.7763
4.3622,2.2294,3.1564,0.17639,0.63116,7.775
4.3622,2.2294,3.1564,0.073335,0.40698,7.7782
4.3623,2.2294,3.1564,0.0067398,0.32346,7.7805
4.3623,2.2294,3.1564,0.098507,0.34376,7.7694
4.3624,2.2294,3.1565,0.15258,0.33021,7.7711
4.3624,2.2294,3.1565,0.19674,0.16415,7.7782
4.3625,2.2294,3.1565,0.019963,-0.21803,7.775
4.3625,2.2294,3.1564,-0.17928,-0.74441,7.7721
4.3626,2.2294,3.1563,-0.45462,-1.2642,7.7865
4.3626,2.2293,3.1563,-0.66253,-1.5626,7.7928
4.3627,2.2293,3.1562,-0.72806,-1.471,7.7803
4.3627,2.2293,3.1561,-0.40526,-0.95232,7.7915
4.3628,2.2293,3.1561,-0.048877,-0.18385,7.7847
4.3628,2.2293,3.1562,0.31913,0.59052,7.7741
4.3629,2.2293,3.1562,0.52929,1.1251,7.7749
4.3629,2.2294,3.1563,0.61163,1.2918,7.7735
4.363,2.2294,3.1563,0.42004,1.1028,7.7679
4.3631,2.2294,3.1564,0.15751,0.75266,7.7727
4.3631,2.2294,3.1564,0.00085297,0.48407,7.7797
4.3632,2.2294,3.1564,0.051183,0.44944,7.7795
4.3632,2.2294,3.1565,0.11601,0.62769,7.7874
4.3633,2.2294,3.1565,0.31501,0.90124,7.7892
4.3633,2.2294,3.1566,0.51,1.0572,7.7802
4.3634,2.2295,3.1566,0.52874,0.91113,7.7802
4.3634,2.2295,3.1566,0.23065,0.42199,7.7835
4.3635,2.2295,3.1566,-0.12581,-0.24195,7.7692
4.3635,2.2295,3.1566,-0.39765,-0.83425,7.7659
4.3636,2.2294,3.1565,-0.55918,-1.1563,7.7689
4.3636,2.2294,3.1565,-0.57248,-1.1322,7.7697
4.3637,2.2294,3.1564,-0.30701,-0.83382,7.7657
4.3637,2.2294,3.1564,-0.013003,-0.50456,7.7714
4.3638,2.2294,3.1564,0.087019,-0.40553,7.7726
4.3638,2.2294,3.1563,-0.085993,-0.65655,7.762
4.3639,2.2294,3.1563,-0.37077,-1.1677,7.7604
4.3639,2.2293,3.1562,-0.66258,-1.7278,7.7663
4.364,2.2293,3.1561,-0.87509,-2.0884,7.7561
4.3641,2.2292,3.156,-0.88352,-2.0565,7.7564
4.3641,2.2292,3.1559,-0.60219,-1.592,7.7637
4.3642,2.2292,3.1558,-0.2173,-0.84661,7.7493
4.3642,2.2292,3.1558,0.098175,-0.045496,7.7478
4.3643,2.2292,3.1559,0.29126,0.62749,7.754
4.3643,2.2292,3.1559,0.43717,1.0859,7.7428
4.3644,2.2293,3.156,0.46352,1.3261,7.7365
4.3644,2.2293,3.1561,0.42569,1.4442,7.7415
4.3645,2.2293,3.1562,0.45049,1.5696,7.7352
4.3645,2.2293,3.1562,0.56236,1.7671,7.7244
4.3646,2.2294,3.1564,0.64661,2.0008,7.7234
4.3646,2.2294,3.1565,0.71893,2.1815,7.734
4.3647,2.2294,3.1566,0.78283,2.1796,7.7343
4.3647,2.2295,3.1567,0.78344,1.8658,7.7304
4.3648,2.2295,3.1567,0.5053,1.1748,7.7425
4.3648,2.2295,3.1568,0.11038,0.209,7.7299
4.3649,2.2295,3.1567,-0.28011,-0.81982,7.7258
4.3649,2.2295,3.1566,-0.6501,-1.6782,7.7339
4.365,2.2294,3.1565,-0.92729,-2.1538,7.7266
4.3651,2.2294,3.1564,-0.87767,-2.1211,7.7213
4.3651,2.2293,3.1563,-0.58138,-1.6436,7.7264
4.3652,2.2293,3.1563,-0.20207,-0.93231,7.7287
4.3652,2.2293,3.1562,0.024441,-0.23003,7.7231
4.3653,2.2293,3.1563,0.20163,0.32725,7.7319
4.3653,2.2294,3.1563,0.33318,0.69845,7.7395
4.3654,2.2294,3.1563,0.27999,0.92547,7.7247
4.3654,2.2294,3.1564,0.22064,1.1461,7.7295
4.3655,2.2294,3.1565,0.37742,1.4742,7.7303
4.3655,2.2294,3.1566,0.61386,1.8629,7.7226
4.3656,2.2295,3.1567,0.8032,2.1553,7.7144
4.3656,2.2295,3.1568,0.82324,2.1734,7.7256
4.3657,2.2296,3.1569,0.73986,1.8062,7.7243
4.3657,2.2296,3.157,0.5159,1.0369,7.7146
4.3658,2.2296,3.157,-8.4377e-12,-0.015946,7.7222
4.3658,2.2296,3.1569,-0.50694,-1.0739,7.7137
4.3659,2.2295,3.1568,-0.7518,-1.8551,7.7046
4.3659,2.2295,3.1567,-0.86148,-2.209,7.7074
4.366,2.2294,3.1566,-0.81513,-2.1114,7.7044
4.3661,2.2294,3.1565,-0.57331,-1.6747,7.6984
4.3661,2.2294,3.1564,-0.28947,-1.1196,7.6971
4.3662,2.2294,3.1564,-0.090176,-0.67175,7.7091
4.3662,2.2294,3.1564,-0.06255,-0.47107,7.7076
4.3663,2.2294,3.1563,-0.10788,-0.49657,7.7169
4.3663,2.2294,3.1563,-0.2151,-0.61921,7.7263
4.3664,2.2294,3.1563,-0.33995,-0.65004,7.7194
4.3664,2.2293,3.1563,-0.28835,-0.41716,7.7234
4.3665,2.2293,3.1563,-0.05152,0.12165,7.7241
4.3665,2.2293,3.1563,0.22238,0.84515,7.7209
4.3666,2.2294,3.1564,0.60169,1.5455,7.7142
4.3666,2.2294,3.1565,0.85059,1.9706,7.7246
4.3667,2.2295,3.1566,0.86984,1.9773,7.7301
4.3667,2.2295,3.1567,0.59296,1.5868,7.7288
4.3668,2.2295,3.1567,0.26444,0.9892,7.7399
4.3668,2.2295,3.1568,-0.018251,0.4214,7.7367
4.3669,2.2295,3.1568,-0.14145,0.058896,7.7324
4.3669,2.2295,3.1568,-0.13405,-0.068595,7.739
4.367,2.2295,3.1568,0.092832,-0.058256,7.7323
4.3671,2.2295,3.1567,0.12653,-0.10314,7.723
4.3671,2.2295,3.1567,0.02952,-0.30874,7.7234
4.3672,2.2295,3.1567,-0.20038,-0.66582,7.7348
4.3672,2.2295,3.1566,-0.43092,-1.0536,7.7215
4.3673,2.2294,3.1566,-0.61541,-1.3202,7.7221
4.3673,2.2294,3.1565,-0.54997,-1.3525,7.7312
4.3674,2.2294,3.1564,-0.36751,-1.1572,7.7234
4.3674,2.2294,3.1564,-0.17238,-0.81849,7.7042
4.3675,2.2294,3.1564,-0.091969,-0.42819,7.7103
4.3675,2.2294,3.1564,0,-0.014553,7.7151
4.3676,2.2294,3.1564,0.091969,0.41175,7.7009
4.3676,2.2294,3.1564,0.17238,0.84084,7.7014
4.3677,2.2294,3.1565,0.3472,1.2378,7.7186
4.3677,2.2294,3.1566,0.57705,1.496,7.7133
4.3678,2.2295,3.1567,0.68182,1.4684,7.7187
4.3678,2.2295,3.1567,0.48508,1.0757,7.7302
4.3679,2.2295,3.1567,0.17482,0.3913,7.7234
4.3679,2.2295,3.1567,-0.17482,-0.40304,7.7277
4.368,2.2295,3.1567,-0.48508,-1.0882,7.7374
4.3681,2.2294,3.1566,-0.68182,-1.4736,7.7319
4.3681,2.2294,3.1565,-0.57705,-1.4698,7.7235
4.3682,2.2294,3.1564,-0.36751,-1.1565,7.7345
4.3682,2.2294,3.1564,-0.1453,-0.70381,7.738
4.3683,2.2294,3.1564,-0.02556,-0.2836,7.734
4.3683,2.2294,3.1564,0.054159,0.0073563,7.7405
4.3684,2.2294,3.1564,0.066409,0.14468,7.75
4.3684,2.2294,3.1564,0.018125,0.16877,7.7347
4.3685,2.2294,3.1564,-0.0083699,0.14996,7.737
4.3685,2.2294,3.1564,0.020322,0.12892,7.7418
4.3686,2.2294,3.1564,0.026862,0.086883,7.7323
4.3686,2.2294,3.1564,0.029973,-0.020121,7.7239
4.3687,2.2294,3.1564,-0.010863,-0.24063,7.7341
4.3687,2.2294,3.1564,-0.15839,-0.5812,7.7297
4.3688,2.2294,3.1563,-0.32683,-0.98027,7.7255
4.3688,2.2293,3.1563,-0.48562,-1.3428,7.7319
4.3689,2.2293,3.1562,-0.57738,-1.5696,7.7359
4.3689,2.2293,3.1561,-0.6198,-1.5923,7.7292
4.369,2.2293,3.156,-0.51303,-1.3869,7.7377
4.3691,2.2292,3.156,-0.30336,-0.99666,7.7354
4.3691,2.2292,3.1559,-0.11591,-0.5078,7.7243
4.3692,2.2292,3.1559,-0.009659,0.0076765,7.7271
4.3692,2.2292,3.156,0.16217,0.50897,7.7362
4.3693,2.2293,3.156,0.32838,0.94865,7.7304
4.3693,2.2293,3.1561,0.42796,1.283,7.7382
4.3694,2.2293,3.1562,0.49338,1.4807,7.7529
4.3694,2.2293,3.1562,0.56072,1.5145,7.7506
4.3695,2.2294,3.1563,0.53062,1.3591,7.7485
4.3695,2.2294,3.1564,0.37232,1.0282,7.7569
4.3696,2.2294,3.1564,0.20519,0.60261,7.7385
4.3696,2.2294,3.1564,0.045264,0.19585,7.7334
4.3697,2.2294,3.1564,-0.070066,-0.066922,7.7375
4.3697,2.2294,3.1564,-0.10733,-0.089099,7.7335
4.3698,2.2294,3.1564,-0.015666,0.15772,7.7273
4.3698,2.2294,3.1564,0.14232,0.60325,7.7332
4.3699,2.2294,3.1565,0.37646,1.1018,7.7352
4.3699,2.2294,3.1566,0.57705,1.4598,7.7217
4.37,2.2295,3.1567,0.67287,1.5159,7.7207
4.3701,2.2295,3.1567,0.48806,1.1961,7.7196
4.3701,2.2295,3.1568,0.20708,0.56521,7.7108
4.3702,2.2295,3.1567,-0.11866,-0.23725,7.7007
4.3702,2.2295,3.1567,-0.44017,-1.049,7.7059
4.3703,2.2295,3.1566,-0.70094,-1.7377,7.6956
4.3703,2.2294,3.1565,-0.75824,-2.2354,7.6927
4.3704,2.2294,3.1563,-0.80326,-2.5676,7.7042
4.3704,2.2293,3.1562,-0.8819,-2.7748,7.6999
4.3705,2.2293,3.156,-0.96735,-2.868,7.6935
4.3705,2.2292,3.1559,-0.97692,-2.8153,7.7014
4.3706,2.2292,3.1558,-0.91703,-2.573,7.7003
4.3706,2.2291,3.1556,-0.76631,-2.1007,7.6942
4.3707,2.2291,3.1556,-0.5015,-1.3896,7.6961
4.3707,2.2291,3.1555,-0.16227,-0.48985,7.7057
4.3708,2.2291,3.1556,0.16227,0.49412,7.6993
4.3708,2.2291,3.1557,0.48119,1.4415,7.7056
4.3709,2.2292,3.1558,0.79339,2.2298,7.715
4.3709,2.2292,3.1559,0.97448,2.7481,7.7168
4.371,2.2293,3.1561,1.0341,2.932,7.7107
4.3711,2.2293,3.1562,0.97406,2.7609,7.7222
4.3711,2.2294,3.1563,0.79276,2.2522,7.7166
4.3712,2.2294,3.1564,0.48066,1.4572,7.7112
4.3712,2.2294,3.1564,0.17104,0.4671,7.7185
4.3713,2.2294,3.1564,-0.16506,-0.60919,7.7218
4.3713,2.2294,3.1563,-0.51298,-1.6264,7.7156
4.3714,2.2293,3.1562,-0.84899,-2.4063,7.7205
4.3714,2.2293,3.156,-1.0279,-2.7594,7.7257
4.3715,2.2292,3.1559,-1.0118,-2.5642,7.7167
4.3715,2.2292,3.1558,-0.7606,-1.8142,7.7199
4.3716,2.2292,3.1558,-0.30089,-0.64906,7.7181
4.3716,2.2292,3.1558,0.30089,0.66422,7.7077
4.3717,2.2292,3.1559,0.76955,1.792,7.7124
4.3717,2.2293,3.156,1.0088,2.474,7.7171
4.3718,2.2293,3.1562,0.99568,2.6009,7.7071
4.3718,2.2294,3.1563,0.79283,2.2367,7.7038
4.3719,2.2294,3.1564,0.46807,1.573,7.7202
4.3719,2.2294,3.1564,0.18418,0.85814,7.7237
4.372,2.2294,3.1564,0.010149,0.29637,7.722
4.3721,2.2294,3.1564,-0.053864,-0.013436,7.7364
4.3721,2.2294,3.1564,-0.053175,-0.085442,7.7318
4.3722,2.2294,3.1564,-8.4377e-12,-0.01051,7.7277
4.3722,2.2294,3.1564,0.053175,0.072321,7.7383
4.3723,2.2294,3.1564,0.053864,0.021783,7.7455
4.3723,2.2294,3.1564,-0.019118,-0.25343,7.7341
4.3724,2.2294,3.1564,-0.18119,-0.76984,7.7438
4.3724,2.2294,3.1563,-0.42678,-1.4575,7.7667
4.3725,2.2293,3.1562,-0.7396,-2.164,7.764
4.3725,2.2293,3.156,-0.99205,-2.6782,7.7664
4.3726,2.2292,3.1559,-1.0813,-2.8075,7.7739
4.3726,2.2292,3.1558,-0.95477,-2.4642,7.7759
4.3727,2.2291,3.1557,-0.67365,-1.7061,7.7752
4.3727,2.2291,3.1556,-0.23018,-0.70678,7.7791
4.3728,2.2291,3.1557,0.20861,0.27428,7.7778
4.3728,2.2292,3.1557,0.51552,0.9961,7.7679
4.3729,2.2292,3.1558,0.56807,1.3324,7.7838
4.3729,2.2292,3.1559,0.45595,1.3263,7.784
4.373,2.2292,3.1559,0.31824,1.1332,7.77
4.3731,2.2292,3.156,0.22338,0.92319,7.7755
4.3731,2.2293,3.156,0.15003,0.80985,7.7786
4.3732,2.2293,3.156,0.24715,0.83566,7.7659
4.3732,2.2293,3.1561,0.38379,0.92828,7.7677
4.3733,2.2293,3.1561,0.43741,0.97199,7.7704
4.3733,2.2293,3.1562,0.34925,0.89185,7.7605
4.3734,2.2293,3.1562,0.20888,0.69657,7.7629
4.3734,2.2293,3.1563,0.11363,0.44301,7.7785
4.3735,2.2293,3.1563,0.046538,0.18282,7.7776
4.3735,2.2293,3.1563,-0.05917,-0.049524,7.7719
4.3736,2.2293,3.1562,-0.069864,-0.22228,7.7843
4.3736,2.2293,3.1562,-0.061669,-0.35136,7.7839
4.3737,2.2293,3.1562,-0.11798,-0.45538,7.7758
4.3737,2.2293,3.1562,-0.19276,-0.50696,7.778
4.3738,2.2293,3.1562,-0.22364,-0.45702,7.7853
4.3738,2.2293,3.1561,-0.14784,-0.28051,7.7769
4.3739,2.2293,3.1561,-0.022512,-0.01662,7.784
4.3739,2.2293,3.1562,0.066736,0.24377,7.7921
4.374,2.2293,3.1562,0.19208,0.39579,7.788
4.3741,2.2293,3.1562,0.24522,0.33467,7.7921
4.3741,2.2293,3.1562,0.096482,0.029564,7.8032
4.3742,2.2293,3.1562,-0.11664,-0.41938,7.7942
4.3742,2.2293,3.1561,-0.35262,-0.8427,7.796
4.3743,2.2293,3.1561,-0.49158,-1.0596,7.7949
4.3743,2.2293,3.156,-0.45601,-0.96221,7.7856
4.3744,2.2292,3.156,-0.24329,-0.56049,7.7793
4.3744,2.2292,3.156,0.051227,0.023168,7.7965
4.3745,2.2293,3.156,0.32246,0.61242,7.7894
4.3745,2.2293,3.1561,0.4393,1.0576,7.7878
4.3746,2.2293,3.1561,0.48259,1.3028,7.7958
4.3746,2.2293,3.1562,0.41557,1.3565,7.7935
4.3747,2.2294,3.1563,0.34679,1.2706,7.7833
4.3747,2.2294,3.1563,0.32149,1.0753,7.7843
4.3748,2.2294,3.1564,0.30362,0.75141,7.7896
4.3748,2.2294,3.1564,0.17019,0.25349,7.7809
4.3749,2.2294,3.1564,-0.051421,-0.42602,7.7798
4.3749,2.2294,3.1563,-0.37468,-1.2248,7.7942
4.375,2.2293,3.1562,-0.71638,-1.9972,7.7923
4.3751,2.2293,3.1561,-0.97464,-2.5659,7.7866
4.3751,2.2292,3.1559,-1.0574,-2.7853,7.8001
4.3752,2.2292,3.1558,-0.96306,-2.6095,7.7937
4.3752,2.2291,3.1557,-0.72821,-2.1085,7.7864
4.3753,2.2291,3.1556,-0.43628,-1.4381,7.7927
4.3753,2.2291,3.1556,-0.18156,-0.77572,7.7979
4.3754,2.2291,3.1555,-0.019291,-0.26048,7.783
4.3754,2.2291,3.1555,0.044915,0.047863,7.7941
4.3755,2.2291,3.1556,0.056226,0.16663,7.8066
4.3755,2.2291,3.1556,0.032321,0.15801,7.7915
4.3756,2.2291,3.1556,0.0029935,0.09474,7.7941
4.3756,2.2291,3.1556,-0.0089695,0.033026,7.8089
4.3757,2.2291,3.1556,0,-0.0022424,7.7976
4.3757,2.2291,3.1556,0,-0.013125,7.7923
4.3758,2.2291,3.1556,0,-0.010214,7.7921
4.3758,2.2291,3.1556,0,-0.0037823,7.791
4.3759,2.2291,3.1556,0,0.00066521,7.7805
4.3759,2.2291,3.1556,0,0.0014069,7.7885
4.376,2.2291,3.1556,0,0.00036485,7.79
4.3761,2.2291,3.1556,0,-0.00021886,7.7826
4.3761,2.2291,3.1556,0,0,7.7933
4.3762,2.2291,3.1556,0,0,7.7947
4.3762,2.2291,3.1556,0,0,7.7856
4.3763,2.2291,3.1556,0,0,7.7877
4.3763,2.2291,3.1556,0,0,7.7914
4.3764,2.2291,3.1556,0,0,7.7864
4.3764,2.2291,3.1556,0,0,7.7825
4.3765,2.2291,3.1556,0,0,7.795
4.3765,2.2291,3.1556,0,0,7.7882
4.3766,2.2291,3.1556,0,0.00021886,7.785
4.3766,2.2291,3.1556,0,-0.00058362,7.8005
4.3767,2.2291,3.1556,0,-0.0010422,7.7971
4.3767,2.2291,3.1556,0,0.00074111,7.7871
4.3768,2.2291,3.1556,0,0.0044472,7.7901
4.3768,2.2291,3.1556,0,0.0064326,7.7891
4.3769,2.2291,3.1556,0,0.0029166,7.7759
4.3769,2.2291,3.1556,0,-0.010875,7.7793
4.377,2.2291,3.1556,0.0089695,-0.03505,7.7841
4.3771,2.2291,3.1556,-0.011959,-0.062537,7.7766
4.3771,2.2291,3.1556,-0.029329,-0.063781,7.7832
4.3772,2.2291,3.1556,-0.023919,-0.0069258,7.7949
4.3772,2.2291,3.1556,0.011288,0.12263,7.7853
4.3773,2.2291,3.1556,0.064169,0.30979,7.7759
4.3773,2.2291,3.1556,0.1623,0.51095,7.7757
4.3774,2.2291,3.1556,0.25485,0.64968,7.7765
4.3774,2.2291,3.1557,0.30112,0.65209,7.77
4.3775,2.2292,3.1557,0.21423,0.48185,7.7791
4.3775,2.2292,3.1557,0.077206,0.17738,7.7829
4.3776,2.2292,3.1557,-0.077206,-0.17788,7.7768
4.3776,2.2291,3.1557,-0.21423,-0.48052,7.7851
4.3777,2.2291,3.1556,-0.30112,-0.64973,7.797
4.3777,2.2291,3.1556,-0.25485,-0.65136,7.7832
4.3778,2.2291,3.1556,-0.1623,-0.52102,7.7874
4.3778,2.2291,3.1556,-0.064169,-0.32436,7.7934
4.3779,2.2291,3.1556,-0.011288,-0.12923,7.793
4.3779,2.2291,3.1556,0.023919,0.031553,7.7926
4.378,2.2291,3.1556,0.0090152,0.14316,7.8086
4.3781,2.2291,3.1556,0.039044,0.20417,7.8066
4.3781,2.2291,3.1556,0.057453,0.17952,7.8141
4.3782,2.2291,3.1556,0.054169,0.02658,7.8204
4.3782,2.2291,3.1556,-0.025565,-0.28064,7.8229
4.3783,2.2291,3.1555,-0.14533,-0.7081,7.8161
4.3783,2.2291,3.1555,-0.36758,-1.1618,7.8223
4.3784,2.2291,3.1554,-0.57716,-1.4724,7.8272
4.3784,2.229,3.1553,-0.68195,-1.476,7.8167
4.3785,2.229,3.1553,-0.48518,-1.0909,7.8214
4.3785,2.229,3.1552,-0.17485,-0.40202,7.8279
4.3786,2.229,3.1553,0.17485,0.4018,7.8206
4.3786,2.229,3.1553,0.48518,1.0915,7.8222
4.3787,2.2291,3.1554,0.68195,1.4771,7.8367
4.3787,2.2291,3.1555,0.57716,1.4716,7.8272
4.3788,2.2291,3.1555,0.36758,1.1573,7.8239
4.3788,2.2291,3.1556,0.14533,0.70167,7.8312
4.3789,2.2291,3.1556,0.025565,0.27772,7.8287
4.3789,2.2291,3.1556,-0.054169,-0.015705,7.8191
4.379,2.2291,3.1556,-0.066422,-0.14447,7.8259
4.3791,2.2291,3.1556,-0.027085,-0.14164,7.8336
4.3791,2.2291,3.1556,0.020314,-0.079378,7.8294
4.3792,2.2291,3.1556,0,-0.024628,7.8319
4.3792,2.2291,3.1556,0,0.0066058,7.8401
4.3793,2.2291,3.1556,0,0.014568,7.8275
4.3793,2.2291,3.1556,0,0.010072,7.8318
4.3794,2.2291,3.1556,0,0.0016784,7.8378
4.3794,2.2291,3.1556,0,-0.0023603,7.8233
4.3795,2.2291,3.1556,0,-0.0013218,7.8232
4.3795,2.2291,3.1556,0,0.00049566,7.8353
4.3796,2.2291,3.1556,0,0,7.8283
4.3796,2.2291,3.1556,0,0,7.8297
4.3797,2.2291,3.1556,0,0,7.8359
4.3797,2.2291,3.1556,0,0,7.8319
4.3798,2.2291,3.1556,0,0,7.8234
4.3798,2.2291,3.1556,0,0,7.8248
4.3799,2.2291,3.1556,0,0,7.8236
4.3799,2.2291,3.1556,0,0,7.8087
4.38,2.2291,3.1556,0,0,7.8082
4.3801,2.2291,3.1556,0,0,7.8124
4.3801,2.2291,3.1556,0,0,7.7976
4.3802,2.2291,3.1556,0,0,7.8032
4.3802,2.2291,3.1556,0,0,7.8108
4.3803,2.2291,3.1556,0,0,7.8047
4.3803,2.2291,3.1556,0,0,7.8
4.3804,2.2291,3.1556,0,0,7.8031
4.3804,2.2291,3.1556,0,0,7.8001
4.3805,2.2291,3.1556,0,0,7.7947
4.3805,2.2291,3.1556,0,0,7.81
4.3806,2.2291,3.1556,0,0,7.8094
4.3806,2.2291,3.1556,0,0,7.8004
4.3807,2.2291,3.1556,0,0,7.8108
4.3807,2.2291,3.1556,0,0,7.8146
4.3808,2.2291,3.1556,0,0,7.7976
4.3808,2.2291,3.1556,0,0,7.8004
4.3809,2.2291,3.1556,0,0,7.8078
4.3809,2.2291,3.1556,0,0,7.7965
4.381,2.2291,3.1556,0,0,7.7886
4.3811,2.2291,3.1556,0,0,7.7922
4.3811,2.2291,3.1556,0,0,7.7792
4.3812,2.2291,3.1556,0,0,7.777
4.3812,2.2291,3.1556,0,0,7.793
4.3813,2.2291,3.1556,0,0,7.7951
4.3813,2.2291,3.1556,0,0,7.7828
4.3814,2.2291,3.1556,0,0,7.787
4.3814,2.2291,3.1556,0,0,7.7812
4.3815,2.2291,3.1556,0,0,7.7693
4.3815,2.2291,3.1556,0,0,7.7675
4.3816,2.2291,3.1556,0,0,7.7756
4.3816,2.2291,3.1556,0,0,7.7627
4.3817,2.2291,3.1556,0,0,7.7606
4.3817,2.2291,3.1556,0,0,7.7793
4.3818,2.2291,3.1556,0,0,7.7747
4.3818,2.2291,3.1556,0,0,7.7714
4.3819,2.2291,3.1556,0,-0.00049566,7.7831
4.3819,2.2291,3.1556,0,0.0013218,7.7797
4.382,2.2291,3.1556,0,0.0023603,7.7767
4.3821,2.2291,3.1556,0,-0.0016784,7.7842
4.3821,2.2291,3.1556,0,-0.010399,7.7804
4.3822,2.2291,3.1556,0,-0.01419,7.7765
4.3822,2.2291,3.1556,0,-0.0037236,7.7929
4.3823,2.2291,3.1556,0,0.025383,7.7989
4.3823,2.2291,3.1556,-0.020314,0.071867,7.7873
4.3824,2.2291,3.1556,0.027085,0.12512,7.7939
4.3824,2.2291,3.1556,0.066422,0.12704,7.7953
4.3825,2.2291,3.1556,0.054169,0.017312,7.7795
4.3825,2.2291,3.1556,-0.038994,-0.22507,7.7768
4.3826,2.2291,3.1555,-0.14773,-0.56074,7.7898
4.3826,2.2291,3.1555,-0.29658,-0.92359,7.7761
4.3827,2.2291,3.1554,-0.49524,-1.2324,7.7743
4.3827,2.229,3.1554,-0.63792,-1.4144,7.7811
4.3828,2.229,3.1553,-0.53363,-1.466,7.7829
4.3828,2.229,3.1552,-0.43578,-1.5172,7.7672
4.3829,2.229,3.1551,-0.45212,-1.7098,7.7785
4.3829,2.2289,3.155,-0.61344,-2.1025,7.7708
4.383,2.2289,3.1549,-0.7984,-2.6284,7.755
4.3831,2.2288,3.1547,-1.0663,-3.1361,7.7607
4.3831,2.2288,3.1545,-1.3368,-3.4134,7.7633
4.3832,2.2287,3.1543,-1.3698,-3.2787,7.759
4.3832,2.2286,3.1542,-1.0017,-2.7063,7.7593
4.3833,2.2286,3.1541,-0.56934,-1.8993,7.7754
4.3833,2.2286,3.154,-0.23479,-1.1335,7.7725
4.3834,2.2286,3.154,-0.066672,-0.63954,7.7653
4.3834,2.2286,3.154,-0.05384,-0.52452,7.7771
4.3835,2.2286,3.1539,-0.22884,-0.75945,7.7765
4.3835,2.2285,3.1539,-0.46148,-1.1735,7.7731
4.3836,2.2285,3.1538,-0.64619,-1.5403,7.7794
4.3836,2.2285,3.1537,-0.5913,-1.6572,7.7861
4.3837,2.2285,3.1536,-0.46822,-1.4226,7.7764
4.3837,2.2284,3.1536,-0.26762,-0.77479,7.7881
4.3838,2.2284,3.1536,0.018057,0.30487,7.7889
4.3838,2.2285,3.1537,0.46569,1.7718,7.7837
4.3839,2.2285,3.1539,1.0351,3.4599,7.7894
4.3839,2.2286,3.1542,1.7051,5.0823,7.791
4.384,2.2287,3.1545,2.2093,6.2422,7.7833
4.3841,2.2289,3.1548,2.4655,6.559,7.7819
4.3841,2.229,3.1551,2.269,5.7749,7.792
4.3842,2.2291,3.1553,1.5775,3.9157,7.778
4.3842,2.2291,3.1554,0.49244,1.331,7.7716
4.3843,2.2291,3.1553,-0.62284,-1.3874,7.7879
4.3843,2.229,3.1551,-1.5453,-3.6269,7.7847
4.3844,2.2289,3.1549,-1.9765,-4.9278,7.7741
4.3844,2.2288,3.1546,-1.9443,-5.1426,7.7823
4.3845,2.2287,3.1544,-1.485,-4.4217,7.7836
4.3845,2.2286,3.1542,-0.9033,-3.1411,7.7777
4.3846,2.2286,3.1541,-0.41518,-1.7015,7.7782
4.3846,2.2286,3.1541,-0.079774,-0.40201,7.7826
4.3847,2.2286,3.1541,0.20603,0.59093,7.7719
4.3847,2.2286,3.1542,0.34614,1.1793,7.7834
4.3848,2.2287,3.1543,0.46161,1.3416,7.7978
4.3848,2.2287,3.1543,0.46828,1.0739,7.7963
4.3849,2.2287,3.1543,0.34419,0.43305,7.7938
4.3849,2.2287,3.1543,-0.063281,-0.4402,7.8035
4.385,2.2287,3.1543,-0.5344,-1.2727,7.7953
4.3851,2.2286,3.1542,-0.83678,-1.758,7.7953
4.3851,2.2286,3.1541,-0.77632,-1.6932,7.8036
4.3852,2.2286,3.154,-0.51882,-1.0903,7.8017
4.3852,2.2286,3.154,-0.01759,-0.13625,7.7938
4.3853,2.2286,3.1541,0.44111,0.82379,7.8042
4.3853,2.2286,3.1541,0.7063,1.4496,7.8115
4.3854,2.2287,3.1542,0.65157,1.5304,7.8018
4.3854,2.2287,3.1543,0.39508,1.0707,7.8009
4.3855,2.2287,3.1543,0.04615,0.23669,7.81
4.3855,2.2287,3.1542,-0.29356,-0.72395,7.7955
4.3856,2.2286,3.1542,-0.62183,-1.5731,7.7937
4.3856,2.2286,3.154,-0.7681,-2.1202,7.7988
4.3857,2.2286,3.1539,-0.82537,-2.2965,7.7886
4.3857,2.2285,3.1538,-0.757,-2.1107,7.7852
4.3858,2.2285,3.1537,-0.57898,-1.6389,7.7994
4.3858,2.2285,3.1537,-0.32717,-1.0017,7.794
4.3859,2.2285,3.1537,-0.090384,-0.34705,7.7861
4.3859,2.2285,3.1537,0.11009,0.19105,7.7965
4.386,2.2285,3.1537,0.23077,0.5197,7.8028
4.3861,2.2285,3.1537,0.27511,0.61152,7.7894
4.3861,2.2285,3.1538,0.18981,0.49662,7.7947
4.3862,2.2285,3.1538,0.048321,0.26786,7.8011
4.3862,2.2285,3.1538,-0.061866,0.034692,7.7833
4.3863,2.2285,3.1538,-0.11656,-0.15054,7.7915
4.3863,2.2285,3.1537,-0.13426,-0.31237,7.7971
4.3864,2.2285,3.1537,-0.14685,-0.52826,7.7912
4.3864,2.2285,3.1537,-0.19764,-0.87947,7.7861
4.3865,2.2285,3.1536,-0.35684,-1.4132,7.7897
4.3865,2.2284,3.1535,-0.63132,-2.0872,7.7822
4.3866,2.2284,3.1533,-1.0068,-2.7535,7.776
4.3866,2.2283,3.1532,-1.1888,-3.1884,7.7802
4.3867,2.2282,3.153,-1.1889,-3.233,7.7767
4.3867,2.2282,3.1529,-1.0248,-2.8232,7.7638
4.3868,2.2281,3.1528,-0.76618,-2.0051,7.7727
4.3868,2.2281,3.1527,-0.31323,-0.9314,7.7755
4.3869,2.2281,3.1527,0.1205,0.13117,7.7607
4.3869,2.2282,3.1528,0.43541,0.92426,7.7639
4.387,2.2282,3.1528,0.51275,1.2905,7.7687
4.3871,2.2282,3.1529,0.56572,1.2403,7.7563
4.3871,2.2282,3.1529,0.38015,0.89058,7.7519
4.3872,2.2282,3.153,0.057124,0.48594,7.7556
4.3872,2.2282,3.153,-0.16084,0.29175,7.7495
4.3873,2.2282,3.153,-0.044483,0.43435,7.7424
4.3873,2.2282,3.153,0.20063,0.79191,7.7515
4.3874,2.2283,3.1531,0.4851,1.0967,7.7547
4.3874,2.2283,3.1532,0.61322,1.052,7.7511
4.3875,2.2283,3.1532,0.46785,0.48691,7.7586
4.3875,2.2283,3.1532,-0.068946,-0.548,7.7631
4.3876,2.2283,3.1531,-0.74287,-1.7405,7.7531
4.3876,2.2282,3.1529,-1.198,-2.6822,7.7553
4.3877,2.2281,3.1528,-1.2913,-3.0973,7.7655
4.3877,2.2281,3.1526,-1.1121,-2.9613,7.7546
4.3878,2.228,3.1525,-0.73726,-2.4601,7.7648
4.3878,2.228,3.1524,-0.38173,-1.886,7.774
4.3879,2.228,3.1523,-0.2776,-1.4728,7.7656
4.3879,2.228,3.1522,-0.38058,-1.2517,7.7635
4.388,2.228,3.1522,-0.50797,-1.0614,7.7767
4.3881,2.2279,3.1521,-0.45049,-0.69157,7.7701
4.3881,2.2279,3.1521,-0.19124,-0.052412,7.7626
4.3882,2.2279,3.1522,0.24259,0.77059,7.7688
4.3882,2.228,3.1523,0.65466,1.5394,7.764
4.3883,2.228,3.1524,0.9219,1.9984,7.7507
4.3883,2.2281,3.1525,0.84074,1.9959,7.7656
4.3884,2.2281,3.1525,0.5541,1.5908,7.7718
4.3884,2.2281,3.1526,0.20119,0.99146,7.7653
4.3885,2.2281,3.1526,-0.016629,0.4477,7.7735
4.3885,2.2281,3.1526,-0.093626,0.1095,7.7759
4.3886,2.2281,3.1526,0.021476,-0.0068681,7.7676
4.3886,2.2281,3.1526,0.068049,-0.016728,7.7628
4.3887,2.2281,3.1526,0.09676,-0.042994,7.7753
4.3887,2.2281,3.1526,0.0027035,-0.17354,7.7723
4.3888,2.2281,3.1526,-0.13559,-0.39636,7.7672
4.3888,2.2281,3.1526,-0.30037,-0.63326,7.7798
4.3889,2.2281,3.1525,-0.32491,-0.78087,7.7776
4.3889,2.2281,3.1525,-0.2942,-0.79569,7.7772
4.389,2.2281,3.1524,-0.20183,-0.68712,7.7904
4.3891,2.228,3.1524,-0.16573,-0.51224,7.7926
4.3891,2.228,3.1524,-0.09022,-0.32071,7.782
4.3892,2.228,3.1524,-0.036381,-0.1642,7.7962
4.3892,2.228,3.1524,-0.013833,-0.064311,7.8033
4.3893,2.228,3.1524,-0.01899,-0.013868,7.7922
4.3893,2.228,3.1524,0.011823,0.013219,7.799
4.3894,2.228,3.1524,0.014497,0.031356,7.8169
4.3894,2.228,3.1524,-0.0030617,0.053564,7.8144
4.3895,2.228,3.1524,0.0075305,0.084319,7.8159
4.3895,2.228,3.1524,0.020364,0.1034,7.8266
4.3896,2.228,3.1524,0.035897,0.069804,7.8235
4.3896,2.228,3.1524,0.01806,-0.061288,7.8188
4.3897,2.228,3.1524,-0.040253,-0.30624,7.823
4.3897,2.228,3.1524,-0.17367,-0.63579,7.8232
4.3898,2.228,3.1523,-0.31918,-0.96181,7.815
4.3898,2.228,3.1522,-0.46368,-1.1663,7.8315
4.3899,2.228,3.1522,-0.46935,-1.1351,7.8345
4.3899,2.2279,3.1521,-0.37856,-0.83201,7.8289
4.39,2.2279,3.1521,-0.13711,-0.30541,7.8329
4.3901,2.2279,3.1521,0.13711,0.30541,7.8378
4.3901,2.228,3.1522,0.37856,0.83201,7.826
4.3902,2.228,3.1522,0.46935,1.135,7.8301
4.3902,2.228,3.1523,0.46368,1.1665,7.8353
4.3903,2.228,3.1524,0.31918,0.96211,7.829
4.3903,2.228,3.1524,0.17367,0.63579,7.8251
4.3904,2.228,3.1524,0.040253,0.30512,7.8381
4.3904,2.228,3.1524,-0.01806,0.059644,7.8397
4.3905,2.228,3.1524,-0.035897,-0.073478,7.8371
4.3905,2.228,3.1524,-0.020364,-0.10936,7.8469
4.3906,2.228,3.1524,-0.011964,-0.086791,7.845
4.3906,2.228,3.1524,0.008973,-0.034494,7.8425
4.3907,2.228,3.1524,-0.008973,0.028418,7.8443
4.3907,2.228,3.1524,0.0029873,0.1032,7.8433
4.3908,2.228,3.1524,0.032329,0.16622,7.8402
4.3908,2.228,3.1524,0.05627,0.16923,7.8386
4.3909,2.228,3.1524,0.045001,0.044063,7.8479
4.3909,2.228,3.1524,-0.019157,-0.26413,7.8441
4.391,2.228,3.1524,-0.18156,-0.77333,7.8498
4.3911,2.228,3.1523,-0.43664,-1.4254,7.8565
4.3911,2.228,3.1522,-0.73811,-2.0915,7.8452
4.3912,2.2279,3.152,-0.94371,-2.5989,7.8343
4.3912,2.2279,3.1519,-1.0422,-2.8127,7.8436
4.3913,2.2278,3.1518,-0.97346,-2.6572,7.8394
4.3913,2.2278,3.1516,-0.77461,-2.1544,7.8292
4.3914,2.2278,3.1516,-0.44625,-1.4058,7.839
4.3914,2.2277,3.1515,-0.14458,-0.57471,7.8433
4.3915,2.2277,3.1515,0.12224,0.19746,7.8311
4.3915,2.2278,3.1516,0.30832,0.82055,7.8402
4.3916,2.2278,3.1517,0.47562,1.2806,7.8513
4.3916,2.2278,3.1517,0.5126,1.5972,7.8333
4.3917,2.2278,3.1518,0.56677,1.8293,7.8398
4.3917,2.2279,3.1519,0.58623,1.9889,7.8453
4.3918,2.2279,3.152,0.6726,2.0275,7.8321
4.3918,2.2279,3.1521,0.66503,1.8162,7.8303
4.3919,2.228,3.1522,0.56835,1.248,7.8454
4.3919,2.228,3.1522,0.26036,0.30342,7.8399
4.392,2.228,3.1522,-0.15543,-0.86694,7.8357
4.3921,2.2279,3.1521,-0.72547,-1.9801,7.8437
4.3921,2.2279,3.1519,-1.1143,-2.6498,7.8464
4.3922,2.2278,3.1518,-1.1918,-2.5892,7.8332
4.3922,2.2278,3.1517,-0.79591,-1.7314,7.8373
4.3923,2.2278,3.1517,-0.13358,-0.3049,7.8384
4.3923,2.2278,3.1518,0.5931,1.2741,7.831
4.3924,2.2279,3.1519,1.0982,2.5438,7.8342
4.3924,2.2279,3.1521,1.3351,3.1855,7.8356
4.3925,2.228,3.1522,1.1145,3.0864,7.8359
4.3925,2.228,3.1524,0.74931,2.3946,7.8404
4.3926,2.2281,3.1524,0.35031,1.3617,7.8458
4.3926,2.2281,3.1524,0.017498,0.24894,7.8432
4.3927,2.228,3.1524,-0.26022,-0.74989,7.839
4.3927,2.228,3.1523,-0.47337,-1.509,7.8463
4.3928,2.228,3.1522,-0.68957,-1.9648,7.8418
4.3928,2.2279,3.1521,-0.7624,-2.0726,7.8269
4.3929,2.2279,3.152,-0.7585,-1.8536,7.8386
4.3929,2.2279,3.1519,-0.52558,-1.3804,7.8417
4.393,2.2279,3.1519,-0.2348,-0.81663,7.8332
4.3931,2.2279,3.1519,-0.0067304,-0.35657,7.8463
4.3931,2.2279,3.1519,0.089277,-0.1565,7.8539
4.3932,2.2279,3.1518,0.029196,-0.27175,7.8397
4.3932,2.2279,3.1518,-0.23389,-0.62704,7.8387
4.3933,2.2278,3.1518,-0.43677,-1.0281,7.8483
4.3933,2.2278,3.1517,-0.51677,-1.2777,7.8403
4.3934,2.2278,3.1516,-0.5255,-1.2405,7.8312
4.3934,2.2278,3.1516,-0.37786,-0.87739,7.8438
4.3935,2.2277,3.1516,-0.13763,-0.30005,7.8394
4.3935,2.2278,3.1516,0.10923,0.26188,7.8366
4.3936,2.2278,3.1516,0.23921,0.52407,7.8453
4.3936,2.2278,3.1516,0.22607,0.2522,7.8478
4.3937,2.2278,3.1516,-0.010045,-0.67162,7.8392
4.3937,2.2277,3.1515,-0.52699,-2.1762,7.8458
4.3938,2.2277,3.1513,-1.3605,-3.9748,7.8413
4.3938,2.2276,3.151,-2.0217,-5.6051,7.8314
4.3939,2.2274,3.1506,-2.4751,-6.6444,7.8314
4.3939,2.2273,3.1503,-2.524,-6.7862,7.8356
4.394,2.2272,3.1499,-2.1831,-5.9584,7.8276
4.3941,2.2271,3.1497,-1.418,-4.3136,7.8349
4.3941,2.2271,3.1496,-0.63616,-2.1912,7.8547
4.3942,2.2271,3.1496,0.10635,0.057255,7.8504
4.3942,2.2271,3.1497,0.7337,2.1259,7.8405
4.3943,2.2272,3.1499,1.3242,3.7979,7.8477
4.3943,2.2273,3.1502,1.6262,4.8914,7.8418
4.3944,2.2274,3.1505,1.8732,5.3355,7.8309
4.3944,2.2275,3.1507,1.8495,5.0733,7.8383
4.3945,2.2276,3.1509,1.5602,4.1405,7.8407
4.3945,2.2276,3.1511,0.93797,2.6888,7.8276
4.3946,2.2276,3.1511,0.3202,1.0297,7.8415
4.3946,2.2276,3.1511,-0.25786,-0.48904,7.8476
4.3947,2.2276,3.151,-0.63208,-1.5227,7.844
4.3947,2.2275,3.1509,-0.87772,-1.8517,7.8494
4.3948,2.2275,3.1509,-0.60508,-1.3946,7.8602
4.3948,2.2275,3.1508,-0.1806,-0.3687,7.8551
4.3949,2.2275,3.1509,0.30452,0.84744,7.8505
4.3949,2.2275,3.151,0.71745,1.8062,7.8612
4.395,2.2276,3.1511,0.99658,2.1184,7.8674
4.3951,2.2276,3.1512,0.77324,1.5442,7.8694
4.3951,2.2277,3.1512,0.24958,0.1635,7.8752
4.3952,2.2276,3.1511,-0.63431,-1.6968,7.8723
4.3952,2.2275,3.1509,-1.3412,-3.518,7.8674
4.3953,2.2274,3.1507,-1.901,-4.8656,7.8757
4.3953,2.2273,3.1504,-2.0833,-5.4511,7.8719
4.3954,2.2272,3.1501,-1.8485,-5.2362,7.8602
4.3954,2.2272,3.1499,-1.3625,-4.412,7.8648
4.3955,2.2271,3.1497,-0.96195,-3.2704,7.8791
4.3955,2.2271,3.1496,-0.53156,-2.0055,7.8648
4.3956,2.2271,3.1495,-0.26276,-0.71156,7.8734
4.3956,2.2271,3.1496,0.10246,0.65393,7.8814
4.3957,2.2271,3.1497,0.53462,2.0929,7.8778
4.3957,2.2272,3.1499,1.0862,3.5181,7.8806
4.3958,2.2273,3.1501,1.6497,4.7205,7.8826
4.3958,2.2274,3.1504,2.0369,5.4073,7.8783
4.3959,2.2275,3.1507,2.0449,5.3451,7.8713
4.3959,2.2276,3.1509,1.7005,4.5079,7.8822
4.396,2.2276,3.1511,0.99748,3.0805,7.8853
4.3961,2.2276,3.1512,0.33925,1.4276,7.8768
4.3961,2.2276,3.1512,-0.18333,-0.1232,7.8861
4.3962,2.2276,3.1511,-0.6334,-1.3659,7.8898
4.3962,2.2275,3.151,-0.7439,-2.2208,7.8772
4.3963,2.2275,3.1508,-0.74851,-2.7384,7.8859
4.3963,2.2275,3.1507,-0.80501,-2.9782,7.8884
4.3964,2.2274,3.1505,-0.88137,-2.828,7.8735
4.3964,2.2274,3.1504,-0.84979,-2.0914,7.8683
4.3965,2.2274,3.1504,-0.35996,-0.50949,7.8796
4.3965,2.2274,3.1505,0.59,2.1394,7.8686
4.3966,2.2275,3.1508,1.9309,5.6953,7.8653
4.3966,2.2277,3.1513,3.6628,10.158,7.878
